p max 1000 2000
n 1 s
n 1000 t
a 1 111 8
a 2 182 5
a 3 505 9
a 3 915 6
a 4 431 1
a 4 439 9
a 5 542 9
a 6 435 3
a 7 343 2
a 8 172 3
a 9 596 5
a 10 234 3
a 11 122 3
a 12 297 1
a 12 422 6
a 13 630 7
a 13 963 7
a 14 362 8
a 14 848 1
a 15 476 10
a 15 904 10
a 16 535 9
a 16 740 7
a 16 843 2
a 16 856 3
a 17 331 7
a 17 527 5
a 18 541 6
a 18 631 10
a 19 75 9
a 20 98 8
a 20 707 6
a 21 629 10
a 21 647 6
a 22 59 8
a 22 806 10
a 23 404 8
a 24 504 5
a 24 572 5
a 24 654 3
a 24 826 6
a 25 592 6
a 25 848 10
a 26 37 6
a 26 560 7
a 26 787 2
a 26 944 5
a 27 828 2
a 28 411 2
a 28 442 9
a 28 971 8
a 29 303 6
a 29 876 7
a 30 328 3
a 30 840 3
a 30 954 3
a 31 740 4
a 32 954 7
a 33 279 6
a 33 962 2
a 34 909 7
a 35 482 3
a 35 517 5
a 36 161 8
a 36 307 7
a 36 330 7
a 36 376 1
a 37 342 2
a 37 754 8
a 38 555 6
a 39 284 9
a 39 421 5
a 39 587 3
a 39 662 1
a 40 187 9
a 41 790 7
a 41 805 3
a 42 244 10
a 43 204 9
a 43 352 2
a 43 479 7
a 44 431 2
a 45 239 8
a 45 537 1
a 45 973 2
a 45 991 10
a 46 94 2
a 46 629 5
a 46 728 5
a 47 33 5
a 47 851 2
a 48 786 3
a 49 630 2
a 49 675 2
a 50 20 3
a 50 286 9
a 50 492 9
a 51 857 2
a 52 119 7
a 53 455 7
a 53 657 5
a 53 812 9
a 54 340 5
a 54 781 1
a 54 942 2
a 55 172 8
a 55 589 10
a 56 380 9
a 56 464 9
a 56 783 10
a 57 253 1
a 57 334 8
a 57 407 10
a 58 481 5
a 59 106 1
a 59 274 5
a 59 502 2
a 59 667 10
a 59 1000 8
a 60 281 9
a 61 585 3
a 61 749 8
a 62 426 8
a 62 762 7
a 63 615 7
a 64 694 4
a 65 924 3
a 66 315 3
a 66 909 3
a 67 424 10
a 68 10 7
a 68 473 5
a 69 131 7
a 69 593 8
a 69 653 3
a 70 123 6
a 71 221 4
a 71 282 7
a 72 381 6
a 72 600 4
a 73 285 8
a 74 78 1
a 74 189 4
a 74 599 1
a 75 942 3
a 76 16 3
a 76 173 7
a 76 196 7
a 77 895 3
a 78 478 2
a 79 4 9
a 79 512 7
a 79 738 4
a 80 165 1
a 80 992 2
a 81 142 7
a 82 196 4
a 83 996 3
a 84 85 1
a 84 439 5
a 84 712 2
a 85 723 4
a 85 967 9
a 86 362 5
a 87 900 8
a 88 582 5
a 89 123 1
a 89 478 4
a 89 999 8
a 90 134 1
a 90 452 9
a 91 146 7
a 91 602 7
a 91 610 4
a 92 390 7
a 93 63 3
a 93 785 7
a 93 962 7
a 94 352 3
a 95 484 9
a 95 910 4
a 96 755 9
a 96 904 8
a 97 187 3
a 97 405 5
a 97 647 10
a 97 798 5
a 98 174 6
a 98 175 9
a 98 329 7
a 98 378 7
a 99 118 3
a 100 340 1
a 101 302 6
a 101 330 7
a 102 91 2
a 103 276 7
a 103 933 8
a 104 177 2
a 104 710 2
a 105 638 1
a 106 15 7
a 106 105 2
a 107 827 10
a 107 934 2
a 108 534 6
a 108 647 1
a 109 179 5
a 109 222 6
a 109 551 5
a 110 57 1
a 110 272 7
a 111 202 5
a 111 398 4
a 111 867 3
a 112 963 1
a 113 935 7
a 114 822 10
a 115 92 9
a 115 387 10
a 115 440 2
a 116 322 9
a 116 516 7
a 116 557 2
a 117 738 2
a 117 752 4
a 118 184 9
a 118 518 10
a 119 224 8
a 119 548 3
a 120 699 4
a 121 482 6
a 121 591 3
a 122 170 4
a 122 568 5
a 123 312 5
a 123 860 3
a 123 937 6
a 124 576 6
a 124 813 6
a 125 156 5
a 125 402 3
a 125 456 9
a 125 491 6
a 126 130 6
a 126 389 6
a 127 791 6
a 127 996 7
a 128 201 1
a 128 383 10
a 128 580 4
a 129 670 10
a 130 170 4
a 130 568 6
a 131 897 6
a 131 907 8
a 132 617 9
a 132 747 7
a 133 614 2
a 133 720 2
a 134 896 6
a 135 311 4
a 135 628 6
a 136 7 2
a 136 957 10
a 137 616 7
a 137 867 10
a 138 106 7
a 138 905 8
a 139 667 6
a 140 236 7
a 141 803 4
a 142 125 8
a 142 379 7
a 142 458 6
a 143 584 8
a 144 250 7
a 144 860 2
a 145 186 5
a 145 953 4
a 146 301 6
a 147 119 4
a 147 414 9
a 147 676 7
a 148 429 8
a 149 474 10
a 150 724 8
a 151 136 7
a 151 363 3
a 151 422 2
a 152 777 10
a 152 874 9
a 153 499 2
a 153 918 5
a 154 228 2
a 154 686 1
a 155 352 5
a 155 540 6
a 156 9 5
a 156 430 2
a 156 510 2
a 156 834 9
a 157 245 9
a 157 361 5
a 157 578 4
a 157 689 5
a 157 762 5
a 158 515 6
a 159 341 3
a 160 84 10
a 160 778 2
a 161 271 9
a 161 300 8
a 161 353 4
a 161 464 9
a 162 365 3
a 163 265 5
a 164 819 5
a 165 510 4
a 165 721 7
a 166 175 8
a 166 236 4
a 166 309 1
a 166 976 3
a 167 796 6
a 168 317 6
a 168 327 10
a 168 789 4
a 169 448 6
a 170 595 2
a 171 86 8
a 172 570 7
a 173 159 3
a 173 993 2
a 174 790 7
a 175 228 6
a 175 867 9
a 176 454 3
a 177 819 8
a 178 272 3
a 178 404 6
a 178 959 10
a 179 161 2
a 179 900 7
a 180 456 5
a 180 628 6
a 181 162 9
a 181 636 2
a 182 520 2
a 182 551 3
a 183 381 7
a 184 356 3
a 185 176 10
a 186 140 8
a 187 515 2
a 187 641 10
a 188 278 1
a 188 549 1
a 188 865 5
a 189 111 7
a 189 221 8
a 189 360 8
a 189 623 4
a 189 703 7
a 189 984 3
a 190 215 2
a 190 776 4
a 191 617 2
a 192 106 4
a 192 396 1
a 192 620 7
a 193 416 4
a 193 860 10
a 194 948 1
a 195 22 9
a 195 90 9
a 195 132 8
a 196 325 10
a 196 640 8
a 197 407 4
a 197 459 6
a 197 940 1
a 198 497 9
a 199 251 4
a 199 926 2
a 199 970 3
a 200 253 4
a 200 860 3
a 201 796 6
a 202 11 9
a 202 32 3
a 202 387 1
a 202 443 2
a 202 452 9
a 203 704 7
a 204 599 9
a 205 399 3
a 205 910 10
a 206 355 2
a 206 902 6
a 207 183 7
a 207 455 6
a 208 896 5
a 208 919 10
a 209 581 9
a 210 335 8
a 210 369 5
a 210 916 9
a 211 588 7
a 211 717 4
a 211 801 3
a 211 949 3
a 212 100 5
a 212 709 4
a 213 140 7
a 213 338 4
a 214 300 2
a 214 834 6
a 215 305 1
a 215 457 10
a 216 251 9
a 217 482 9
a 217 862 3
a 218 320 1
a 219 741 8
a 219 968 5
a 220 562 4
a 220 697 3
a 220 964 2
a 221 337 1
a 221 621 4
a 222 114 3
a 222 262 7
a 223 142 8
a 223 210 5
a 223 390 5
a 223 870 7
a 224 327 5
a 225 188 1
a 226 307 4
a 226 545 7
a 227 605 2
a 227 705 2
a 227 975 9
a 228 42 5
a 228 468 10
a 228 614 5
a 229 463 1
a 229 911 1
a 230 243 4
a 230 556 4
a 231 613 10
a 231 846 1
a 231 936 9
a 232 412 10
a 232 763 9
a 233 655 5
a 234 642 10
a 234 687 6
a 235 195 9
a 236 703 9
a 237 164 9
a 237 651 9
a 237 921 2
a 238 110 7
a 239 222 9
a 240 45 9
a 241 34 5
a 242 267 10
a 242 373 5
a 242 466 4
a 243 128 4
a 243 521 5
a 243 579 10
a 243 674 9
a 244 904 7
a 245 89 3
a 245 273 9
a 245 622 2
a 245 641 4
a 245 850 10
a 246 10 10
a 246 595 8
a 247 174 7
a 247 786 7
a 247 806 7
a 248 335 3
a 249 671 2
a 250 573 10
a 251 433 4
a 251 786 8
a 251 797 4
a 252 235 4
a 253 351 5
a 254 446 8
a 254 883 8
a 255 699 10
a 256 242 6
a 257 725 4
a 257 976 7
a 258 314 5
a 258 528 9
a 259 227 2
a 259 669 1
a 260 211 10
a 260 257 5
a 260 258 8
a 261 52 1
a 261 574 1
a 261 907 3
a 262 138 2
a 262 239 1
a 262 299 4
a 262 807 5
a 263 56 2
a 263 246 10
a 264 120 3
a 264 680 4
a 264 852 9
a 265 855 9
a 265 995 9
a 266 546 1
a 266 967 1
a 267 102 3
a 267 301 2
a 267 838 1
a 268 80 3
a 268 401 6
a 269 174 1
a 269 367 5
a 270 55 3
a 270 366 7
a 270 643 8
a 270 947 10
a 271 48 4
a 271 440 2
a 271 552 7
a 271 752 2
a 272 976 3
a 273 616 1
a 273 742 4
a 274 746 5
a 275 306 9
a 276 629 7
a 277 925 9
a 278 339 8
a 278 370 2
a 279 121 1
a 279 460 9
a 280 104 4
a 280 532 9
a 280 886 8
a 281 252 6
a 281 256 8
a 281 270 1
a 281 598 9
a 281 775 2
a 281 945 7
a 282 117 5
a 282 932 9
a 283 12 3
a 283 65 1
a 283 540 3
a 283 566 10
a 284 292 9
a 284 421 3
a 285 612 1
a 285 932 4
a 286 75 5
a 286 267 7
a 286 809 2
a 287 110 6
a 287 955 1
a 288 333 5
a 288 460 2
a 288 829 1
a 289 39 1
a 289 345 2
a 290 723 3
a 291 237 2
a 291 929 7
a 292 8 3
a 292 215 7
a 292 998 10
a 293 186 4
a 294 116 5
a 295 543 2
a 295 788 4
a 295 794 4
a 296 14 9
a 296 817 3
a 297 922 7
a 298 363 3
a 298 446 3
a 298 950 1
a 299 187 1
a 300 285 5
a 301 233 10
a 301 714 10
a 302 872 3
a 303 629 10
a 303 969 6
a 304 709 9
a 305 76 8
a 305 154 10
a 305 471 9
a 305 863 9
a 305 924 9
a 306 169 7
a 306 688 1
a 306 736 5
a 307 175 9
a 307 571 7
a 308 134 6
a 308 203 3
a 309 145 10
a 309 656 6
a 310 561 9
a 310 702 8
a 310 749 5
a 311 89 8
a 312 52 4
a 313 222 10
a 314 287 6
a 314 291 1
a 314 723 3
a 315 594 1
a 316 271 10
a 317 152 6
a 317 720 4
a 317 901 9
a 318 69 2
a 318 167 7
a 318 529 4
a 318 958 9
a 319 13 1
a 319 326 8
a 319 760 8
a 320 316 10
a 320 332 3
a 321 596 3
a 322 30 10
a 322 288 2
a 322 310 3
a 322 364 5
a 323 573 4
a 324 105 1
a 325 285 5
a 325 553 9
a 326 154 3
a 326 678 3
a 327 389 6
a 328 326 10
a 329 569 3
a 329 724 10
a 329 852 6
a 330 48 7
a 331 195 3
a 331 262 5
a 332 251 8
a 332 294 5
a 333 613 8
a 334 244 7
a 334 324 4
a 334 736 9
a 335 757 8
a 335 799 3
a 336 415 7
a 337 502 2
a 337 707 3
a 338 27 3
a 338 861 8
a 339 58 9
a 339 141 8
a 340 639 5
a 340 860 9
a 341 498 6
a 341 663 8
a 342 303 3
a 342 728 9
a 343 58 6
a 344 144 10
a 345 60 5
a 345 608 5
a 346 341 5
a 346 759 7
a 347 692 10
a 347 732 10
a 348 158 10
a 349 595 3
a 350 337 2
a 350 786 7
a 350 983 3
a 351 178 7
a 351 193 8
a 351 239 8
a 352 754 7
a 353 740 6
a 354 452 4
a 354 794 10
a 354 887 5
a 355 466 2
a 355 935 8
a 356 713 9
a 357 189 8
a 357 609 3
a 358 80 6
a 358 124 3
a 358 149 7
a 358 600 8
a 359 567 6
a 360 323 1
a 360 556 3
a 361 594 9
a 361 716 5
a 362 565 2
a 362 727 4
a 363 496 8
a 364 951 6
a 365 955 10
a 366 84 6
a 366 172 9
a 366 293 8
a 366 384 3
a 367 948 3
a 368 649 10
a 369 181 5
a 369 304 9
a 369 965 2
a 370 144 5
a 370 465 5
a 371 675 7
a 371 821 4
a 372 519 5
a 373 263 5
a 373 773 10
a 374 413 5
a 374 477 8
a 374 497 10
a 375 342 5
a 376 370 1
a 377 38 5
a 377 745 6
a 377 833 6
a 378 35 4
a 378 523 6
a 378 597 2
a 379 2 5
a 380 119 1
a 381 194 2
a 381 437 1
a 381 623 4
a 382 512 6
a 383 896 6
a 383 986 9
a 384 434 3
a 384 886 10
a 385 107 7
a 385 116 4
a 385 331 2
a 385 428 2
a 386 636 6
a 386 758 5
a 387 411 1
a 388 551 10
a 388 784 5
a 389 365 3
a 390 373 7
a 390 544 6
a 391 235 1
a 391 321 6
a 391 938 8
a 392 51 2
a 392 205 9
a 392 222 6
a 393 559 2
a 393 650 10
a 393 677 4
a 394 97 4
a 394 534 5
a 395 20 7
a 395 131 10
a 395 141 7
a 395 201 3
a 395 830 1
a 396 483 9
a 396 730 9
a 396 935 6
a 397 418 9
a 397 495 10
a 397 719 1
a 397 998 2
a 398 863 4
a 398 871 9
a 399 167 10
a 399 277 6
a 400 467 10
a 401 41 6
a 401 638 2
a 402 832 7
a 402 967 7
a 402 985 9
a 403 91 6
a 403 679 10
a 403 820 2
a 404 47 7
a 404 632 7
a 405 12 2
a 405 426 1
a 406 992 8
a 407 118 4
a 407 897 6
a 408 390 7
a 408 777 7
a 409 107 10
a 409 471 3
a 409 811 8
a 410 603 4
a 410 690 6
a 410 941 8
a 410 981 9
a 411 777 5
a 412 756 9
a 413 730 3
a 414 455 3
a 414 706 4
a 415 30 8
a 415 210 3
a 416 750 4
a 417 810 7
a 418 531 7
a 419 182 6
a 420 841 7
a 421 499 5
a 421 978 4
a 422 31 3
a 422 265 5
a 422 377 1
a 423 302 3
a 423 447 5
a 424 630 5
a 425 358 3
a 425 840 8
a 426 244 2
a 427 999 7
a 428 126 6
a 429 530 8
a 429 787 1
a 430 564 7
a 430 947 5
a 431 41 6
a 431 464 4
a 431 859 10
a 432 101 10
a 432 466 9
a 432 722 5
a 433 255 5
a 433 347 1
a 433 369 7
a 433 748 1
a 434 691 9
a 434 917 3
a 435 20 1
a 435 218 6
a 436 430 6
a 437 153 4
a 437 318 1
a 437 753 5
a 438 298 1
a 438 343 6
a 438 360 4
a 438 408 5
a 439 125 7
a 439 132 3
a 439 531 6
a 440 513 6
a 440 764 4
a 441 355 4
a 441 493 3
a 441 604 1
a 441 903 3
a 442 266 9
a 442 294 8
a 442 920 10
a 443 959 6
a 444 386 2
a 444 469 6
a 445 474 7
a 445 519 10
a 445 649 2
a 446 907 2
a 447 598 4
a 448 178 2
a 449 226 3
a 449 247 4
a 449 720 5
a 449 958 6
a 450 702 4
a 450 714 7
a 451 293 4
a 451 547 4
a 452 432 3
a 453 825 7
a 454 24 7
a 454 608 8
a 454 626 9
a 454 817 5
a 455 252 8
a 456 419 2
a 457 35 6
a 457 391 7
a 457 507 5
a 457 846 7
a 458 845 5
a 459 88 6
a 459 437 6
a 459 590 7
a 460 851 8
a 461 81 2
a 461 224 8
a 461 607 5
a 462 736 1
a 462 769 2
a 463 179 3
a 464 577 4
a 464 965 8
a 465 165 3
a 465 754 4
a 465 988 10
a 466 386 9
a 466 397 6
a 467 83 6
a 467 313 7
a 467 841 9
a 467 961 9
a 468 231 3
a 469 185 7
a 469 289 1
a 469 575 7
a 470 133 3
a 471 554 8
a 471 606 6
a 471 659 9
a 472 594 3
a 472 949 8
a 473 573 8
a 474 79 6
a 474 657 2
a 474 823 3
a 475 519 9
a 475 551 8
a 476 612 7
a 476 707 5
a 477 718 10
a 477 727 3
a 477 942 4
a 478 472 6
a 479 641 5
a 480 97 6
a 480 734 7
a 480 866 1
a 481 719 3
a 481 842 8
a 482 290 1
a 482 496 1
a 482 648 7
a 483 260 10
a 483 376 9
a 484 107 2
a 484 153 7
a 484 231 5
a 484 803 4
a 485 197 7
a 485 419 4
a 486 114 9
a 486 664 9
a 486 885 8
a 487 379 6
a 488 241 5
a 489 769 10
a 490 212 3
a 490 458 4
a 490 771 6
a 491 322 7
a 491 611 8
a 492 210 5
a 492 254 2
a 493 510 10
a 494 700 9
a 494 840 1
a 495 350 7
a 495 528 2
a 495 618 6
a 495 952 10
a 496 588 2
a 497 552 6
a 497 864 4
a 498 560 3
a 498 756 3
a 499 232 10
a 499 894 7
a 500 73 8
a 500 373 8
a 500 525 6
a 501 518 2
a 501 644 10
a 502 82 9
a 502 710 3
a 502 976 10
a 502 986 7
a 503 157 4
a 503 834 10
a 504 72 2
a 504 583 9
a 505 449 7
a 505 682 10
a 506 807 7
a 507 630 2
a 507 808 4
a 507 945 8
a 508 948 10
a 509 57 1
a 510 527 5
a 511 24 2
a 511 53 4
a 511 586 3
a 511 684 1
a 512 339 6
a 513 32 8
a 514 240 9
a 515 16 10
a 515 812 9
a 516 266 9
a 517 235 2
a 517 616 8
a 518 742 7
a 518 922 9
a 519 818 3
a 520 612 6
a 521 877 7
a 522 360 4
a 522 966 4
a 523 850 10
a 523 880 7
a 524 228 9
a 524 998 2
a 525 627 7
a 526 86 9
a 526 234 2
a 526 977 9
a 527 389 10
a 527 581 3
a 528 688 6
a 529 160 4
a 529 632 5
a 530 506 5
a 530 903 2
a 531 679 3
a 532 131 8
a 533 49 10
a 533 711 10
a 534 39 2
a 535 971 4
a 536 110 8
a 536 201 3
a 537 441 10
a 537 877 10
a 538 553 4
a 538 628 7
a 539 754 10
a 540 461 6
a 540 693 1
a 541 427 8
a 541 487 4
a 542 178 4
a 542 836 2
a 542 892 2
a 543 417 10
a 543 718 1
a 543 826 5
a 544 469 7
a 545 61 3
a 546 10 4
a 546 219 3
a 546 848 5
a 546 869 7
a 547 374 5
a 548 912 6
a 548 916 7
a 549 567 7
a 550 665 9
a 550 933 7
a 551 112 3
a 551 896 1
a 551 997 8
a 552 54 8
a 552 718 9
a 552 869 4
a 553 306 10
a 553 526 5
a 553 563 6
a 554 382 6
a 554 741 5
a 555 394 4
a 556 779 7
a 557 695 5
a 557 744 9
a 557 810 7
a 557 992 6
a 558 636 3
a 559 91 8
a 559 853 4
a 560 16 7
a 561 484 4
a 562 140 8
a 562 150 6
a 562 555 8
a 562 858 9
a 562 873 1
a 563 300 8
a 564 408 10
a 565 19 10
a 565 34 5
a 565 171 8
a 565 336 7
a 566 762 2
a 567 301 8
a 568 202 5
a 568 485 7
a 568 906 7
a 569 395 6
a 569 532 9
a 570 856 3
a 571 345 1
a 571 559 7
a 572 2 8
a 572 206 8
a 572 280 7
a 572 939 8
a 573 433 4
a 573 844 6
a 574 186 5
a 574 301 3
a 574 560 6
a 574 641 6
a 575 21 8
a 575 281 2
a 575 856 7
a 576 470 4
a 576 520 9
a 577 614 1
a 578 416 6
a 579 500 2
a 579 816 7
a 579 891 2
a 580 21 8
a 580 773 6
a 581 12 7
a 581 47 8
a 581 153 7
a 581 389 3
a 582 438 5
a 583 74 4
a 583 600 7
a 584 369 10
a 584 964 2
a 585 607 2
a 585 669 6
a 586 216 6
a 586 232 8
a 586 365 9
a 586 748 3
a 587 385 6
a 587 893 8
a 588 282 5
a 588 462 8
a 588 849 8
a 589 90 5
a 590 331 10
a 590 779 7
a 590 825 2
a 591 87 9
a 591 972 5
a 592 96 4
a 592 200 5
a 592 673 4
a 593 424 10
a 594 259 6
a 594 514 3
a 595 379 7
a 596 568 5
a 597 839 1
a 598 219 6
a 599 577 9
a 599 665 8
a 600 101 8
a 601 544 6
a 601 974 7
a 602 19 9
a 602 25 2
a 602 240 4
a 602 962 7
a 603 890 3
a 603 931 7
a 604 698 9
a 604 926 9
a 605 356 7
a 605 441 8
a 605 661 10
a 605 759 10
a 605 928 3
a 606 441 5
a 607 779 1
a 607 895 4
a 608 392 5
a 608 406 10
a 608 714 3
a 608 772 8
a 608 835 8
a 609 697 1
a 610 15 7
a 610 29 7
a 611 141 2
a 612 445 3
a 612 572 10
a 612 990 9
a 613 123 4
a 613 591 2
a 613 611 4
a 614 394 9
a 614 634 10
a 615 533 8
a 615 582 4
a 615 620 2
a 615 745 1
a 616 895 3
a 617 342 6
a 618 78 5
a 618 984 4
a 619 880 5
a 620 493 2
a 620 775 2
a 621 19 7
a 621 683 1
a 621 726 5
a 622 504 5
a 622 845 4
a 623 232 2
a 624 357 4
a 624 646 8
a 624 975 2
a 625 24 8
a 625 163 10
a 625 344 1
a 625 575 9
a 626 241 10
a 626 858 6
a 627 801 5
a 628 213 8
a 628 641 9
a 629 120 1
a 629 144 8
a 629 943 1
a 630 69 6
a 631 77 6
a 631 895 1
a 632 332 1
a 632 567 9
a 633 53 2
a 634 111 3
a 634 369 8
a 635 80 4
a 635 248 3
a 635 831 10
a 635 900 9
a 636 328 3
a 637 565 9
a 638 639 5
a 638 693 2
a 639 604 2
a 639 965 1
a 640 704 5
a 641 680 7
a 641 685 6
a 641 996 5
a 642 127 4
a 642 495 6
a 643 412 1
a 643 467 5
a 643 743 10
a 643 871 4
a 644 99 9
a 644 461 9
a 644 765 1
a 644 974 7
a 645 911 2
a 646 109 2
a 646 261 3
a 646 278 9
a 647 223 3
a 647 351 10
a 647 458 3
a 647 914 3
a 648 242 10
a 648 867 6
a 649 320 5
a 649 570 4
a 649 982 9
a 650 383 1
a 651 10 5
a 651 39 8
a 651 536 9
a 652 699 1
a 653 687 6
a 653 704 1
a 654 600 10
a 654 957 10
a 655 805 2
a 655 956 6
a 656 155 2
a 656 265 10
a 657 280 2
a 657 325 6
a 658 61 10
a 658 886 3
a 659 595 9
a 660 161 7
a 660 481 9
a 661 602 2
a 661 721 3
a 662 319 10
a 662 961 5
a 663 42 5
a 664 800 6
a 664 929 7
a 665 463 6
a 665 651 8
a 666 115 9
a 666 172 2
a 667 438 8
a 667 758 7
a 668 486 3
a 668 920 6
a 669 918 5
a 670 453 9
a 670 835 3
a 671 63 10
a 671 400 5
a 671 418 6
a 672 95 8
a 673 682 1
a 673 854 3
a 674 209 7
a 674 530 8
a 674 857 7
a 675 42 10
a 676 336 6
a 676 377 1
a 677 18 8
a 677 315 8
a 677 548 7
a 678 36 4
a 678 62 7
a 678 333 8
a 678 490 2
a 679 100 8
a 680 985 3
a 681 359 5
a 681 448 3
a 681 651 4
a 681 814 1
a 682 260 1
a 682 855 8
a 682 960 5
a 683 980 2
a 684 224 7
a 685 91 7
a 686 362 2
a 687 501 10
a 687 977 9
a 688 262 2
a 688 747 6
a 689 119 6
a 689 320 2
a 689 403 2
a 690 110 8
a 691 946 2
a 692 597 7
a 693 375 7
a 693 917 9
a 694 817 1
a 695 321 7
a 696 165 2
a 697 486 7
a 697 847 4
a 698 642 1
a 698 735 2
a 699 293 10
a 700 782 8
a 701 75 9
a 701 454 5
a 701 715 3
a 701 768 4
a 702 688 5
a 703 603 3
a 703 714 6
a 704 480 2
a 704 533 5
a 704 694 7
a 705 444 2
a 705 930 8
a 706 533 10
a 706 680 6
a 707 629 3
a 708 268 5
a 709 72 4
a 709 725 6
a 710 207 10
a 710 722 4
a 711 318 2
a 712 353 5
a 712 774 9
a 713 460 2
a 713 503 4
a 714 625 6
a 714 641 4
a 715 129 10
a 715 135 6
a 715 228 2
a 715 295 10
a 716 750 2
a 716 878 2
a 717 349 6
a 717 777 4
a 718 238 8
a 718 670 1
a 719 467 2
a 719 915 9
a 720 88 2
a 720 498 6
a 720 890 3
a 721 132 4
a 721 611 5
a 721 796 9
a 722 611 2
a 723 11 7
a 723 221 6
a 724 553 3
a 724 795 6
a 725 356 2
a 726 374 8
a 726 854 8
a 727 279 5
a 728 368 4
a 728 404 10
a 729 505 3
a 729 837 4
a 730 158 9
a 730 960 5
a 731 176 2
a 731 571 2
a 732 26 6
a 732 220 3
a 732 222 5
a 732 488 3
a 733 286 6
a 733 671 6
a 733 925 4
a 734 765 3
a 734 868 4
a 735 410 10
a 735 572 2
a 736 33 6
a 736 660 1
a 736 666 3
a 737 486 6
a 738 188 10
a 739 561 2
a 739 631 8
a 740 67 6
a 740 273 7
a 740 392 9
a 740 397 4
a 740 733 10
a 741 420 7
a 741 513 10
a 741 629 4
a 742 348 3
a 742 987 4
a 742 1000 1
a 743 225 3
a 743 792 2
a 744 842 4
a 745 987 8
a 746 93 2
a 746 585 2
a 746 884 2
a 747 220 7
a 748 214 6
a 748 237 2
a 748 594 10
a 749 153 4
a 749 887 6
a 750 197 6
a 750 873 5
a 750 946 6
a 751 859 4
a 752 674 2
a 753 113 9
a 754 238 8
a 754 584 3
a 754 832 3
a 755 279 5
a 755 782 1
a 756 344 4
a 757 895 2
a 758 208 8
a 758 615 5
a 758 793 2
a 759 179 2
a 759 686 10
a 760 488 2
a 760 509 3
a 760 981 9
a 761 148 10
a 761 719 5
a 762 254 9
a 762 486 7
a 763 444 9
a 763 595 9
a 764 328 9
a 764 856 4
a 765 190 10
a 765 333 6
a 765 964 3
a 766 192 2
a 766 795 3
a 767 323 10
a 767 792 5
a 768 819 1
a 768 977 4
a 769 722 9
a 769 940 1
a 770 472 10
a 770 558 9
a 770 972 10
a 771 920 2
a 771 923 8
a 772 36 6
a 773 424 3
a 773 805 10
a 773 839 9
a 774 151 3
a 774 286 1
a 775 113 10
a 775 432 5
a 775 873 5
a 776 18 9
a 777 696 7
a 777 744 8
a 778 408 1
a 778 644 7
a 779 869 6
a 779 893 9
a 780 261 6
a 781 418 8
a 782 46 7
a 782 299 5
a 783 116 10
a 784 954 2
a 785 478 5
a 785 589 8
a 786 229 9
a 786 356 2
a 787 523 3
a 787 681 2
a 788 598 5
a 789 217 4
a 789 724 4
a 790 322 6
a 790 484 5
a 791 233 10
a 791 489 7
a 792 547 5
a 793 779 4
a 794 580 3
a 795 571 3
a 795 633 4
a 795 699 10
a 796 45 8
a 796 786 8
a 796 854 3
a 797 712 5
a 798 504 4
a 799 40 4
a 799 246 7
a 799 991 9
a 800 122 4
a 800 310 3
a 800 632 1
a 801 333 10
a 801 828 6
a 802 188 5
a 802 397 10
a 803 422 9
a 803 497 5
a 804 323 6
a 805 96 8
a 805 136 10
a 805 908 5
a 806 337 5
a 806 711 5
a 807 263 7
a 808 133 9
a 808 270 5
a 808 374 8
a 809 213 6
a 810 652 8
a 810 884 8
a 811 344 9
a 811 410 8
a 811 655 4
a 812 577 3
a 812 875 8
a 813 602 2
a 814 453 1
a 814 668 4
a 814 898 1
a 815 29 10
a 815 707 3
a 816 428 9
a 817 75 1
a 818 236 3
a 819 552 6
a 820 39 10
a 821 64 1
a 822 76 6
a 822 872 9
a 823 672 6
a 823 922 4
a 824 980 1
a 825 197 1
a 826 5 10
a 826 154 5
a 827 3 8
a 827 985 6
a 828 799 6
a 828 878 6
a 828 889 4
a 828 909 8
a 829 332 10
a 829 373 2
a 830 364 4
a 830 596 4
a 830 865 9
a 831 401 3
a 831 424 4
a 832 556 4
a 832 829 10
a 833 563 5
a 834 413 3
a 835 182 6
a 835 393 2
a 835 459 10
a 836 919 7
a 837 549 10
a 838 371 8
a 838 526 10
a 838 667 4
a 838 979 9
a 838 994 6
a 839 670 10
a 840 137 10
a 840 300 3
a 840 766 6
a 841 97 4
a 841 135 5
a 841 338 6
a 842 378 2
a 842 475 5
a 842 863 7
a 843 81 1
a 843 339 5
a 844 230 6
a 844 375 2
a 844 872 5
a 845 158 7
a 846 692 5
a 846 912 4
a 847 220 8
a 847 372 8
a 847 604 5
a 847 680 7
a 848 528 8
a 849 218 2
a 850 21 5
a 851 624 9
a 851 759 10
a 851 881 4
a 851 955 8
a 852 242 1
a 852 314 3
a 852 561 3
a 853 116 6
a 853 679 9
a 853 927 3
a 854 858 1
a 854 888 2
a 855 6 5
a 855 913 6
a 855 955 9
a 856 920 4
a 857 879 2
a 858 175 10
a 859 326 8
a 859 403 2
a 860 823 6
a 861 573 9
a 861 610 10
a 862 73 9
a 862 191 7
a 862 913 8
a 863 23 10
a 863 75 6
a 863 818 8
a 864 411 9
a 865 168 2
a 865 350 8
a 865 431 9
a 865 951 10
a 866 28 10
a 866 148 5
a 866 904 1
a 867 976 9
a 868 281 4
a 869 875 7
a 870 550 5
a 870 560 6
a 871 87 9
a 871 167 9
a 872 583 7
a 873 663 4
a 873 728 6
a 874 43 5
a 874 450 7
a 874 498 1
a 875 442 3
a 875 558 6
a 875 989 7
a 876 399 1
a 877 108 1
a 877 352 5
a 878 199 5
a 878 833 1
a 878 885 3
a 879 682 8
a 880 139 6
a 880 891 5
a 881 104 8
a 881 115 1
a 881 317 4
a 881 451 7
a 882 554 10
a 882 598 1
a 882 701 1
a 882 993 3
a 883 368 5
a 883 815 6
a 884 402 1
a 885 308 6
a 885 736 2
a 885 849 8
a 886 93 8
a 886 514 5
a 887 119 10
a 887 269 7
a 887 538 5
a 887 597 3
a 887 793 5
a 888 375 8
a 889 17 7
a 889 220 2
a 889 337 5
a 890 86 6
a 890 529 4
a 891 48 4
a 892 262 9
a 892 404 7
a 893 471 1
a 894 146 5
a 895 27 3
a 895 415 7
a 895 637 1
a 895 780 6
a 896 700 2
a 897 358 1
a 897 515 10
a 897 746 1
a 897 957 7
a 898 444 2
a 899 247 6
a 900 277 4
a 900 751 7
a 900 882 9
a 901 55 4
a 901 103 5
a 901 135 5
a 902 33 6
a 902 46 7
a 902 244 8
a 903 471 7
a 903 635 9
a 904 166 5
a 904 467 1
a 904 670 10
a 905 108 1
a 905 430 3
a 906 95 6
a 906 702 3
a 907 522 6
a 907 665 6
a 908 524 3
a 908 526 8
a 909 143 9
a 909 145 3
a 909 780 8
a 910 70 5
a 910 446 5
a 910 576 3
a 910 767 9
a 911 280 10
a 911 878 4
a 912 409 2
a 912 934 4
a 912 996 7
a 913 95 10
a 913 147 9
a 914 238 7
a 915 823 3
a 916 249 1
a 916 520 8
a 916 640 1
a 916 717 7
a 917 154 8
a 918 407 6
a 919 78 5
a 919 627 4
a 920 399 9
a 921 620 1
a 922 391 10
a 922 687 8
a 923 180 7
a 923 543 5
a 924 463 10
a 925 388 4
a 925 464 7
a 925 918 1
a 926 348 6
a 926 729 4
a 926 948 4
a 927 962 10
a 928 26 3
a 928 100 10
a 928 507 6
a 929 44 7
a 929 482 7
a 930 671 6
a 931 412 9
a 931 496 9
a 931 646 1
a 932 66 7
a 932 264 9
a 932 423 3
a 932 758 3
a 933 64 5
a 933 549 10
a 933 879 10
a 934 101 9
a 934 198 2
a 934 268 1
a 934 494 10
a 935 194 10
a 936 258 6
a 936 717 3
a 937 234 4
a 937 332 8
a 938 511 9
a 938 663 3
a 939 516 1
a 940 65 7
a 940 737 1
a 941 504 4
a 942 147 2
a 942 770 2
a 942 899 10
a 943 553 10
a 943 902 1
a 944 425 7
a 944 837 2
a 945 71 2
a 945 757 2
a 946 90 5
a 947 827 9
a 948 413 8
a 949 674 7
a 949 797 6
a 950 394 3
a 950 412 7
a 951 348 6
a 951 429 1
a 951 619 10
a 951 658 4
a 951 822 7
a 952 487 10
a 952 725 6
a 953 708 3
a 953 934 1
a 954 187 3
a 955 319 5
a 955 333 9
a 956 645 10
a 956 714 5
a 956 980 5
a 957 574 1
a 958 4 1
a 959 712 1
a 960 958 6
a 961 68 10
a 961 574 3
a 962 127 1
a 962 275 4
a 962 457 8
a 963 741 8
a 963 867 3
a 964 458 5
a 964 601 2
a 965 343 10
a 966 425 10
a 967 627 5
a 968 50 3
a 968 301 10
a 968 439 6
a 969 68 3
a 969 292 1
a 969 597 7
a 970 241 9
a 970 761 8
a 971 817 7
a 971 1000 5
a 972 354 2
a 972 828 10
a 973 464 7
a 973 539 6
a 974 867 9
a 975 508 2
a 975 739 7
a 975 891 4
a 976 52 8
a 976 542 6
a 977 436 6
a 977 574 9
a 978 573 5
a 979 455 8
a 980 642 7
a 981 608 8
a 982 713 3
a 982 868 5
a 983 382 8
a 983 744 8
a 983 804 7
a 984 813 5
a 984 818 2
a 985 725 1
a 986 496 1
a 987 851 2
a 988 730 5
a 988 824 9
a 989 115 2
a 990 553 3
a 991 283 6
a 991 411 7
a 991 731 2
a 992 548 1
a 993 296 4
a 993 851 8
a 994 346 3
a 994 412 8
a 994 435 6
a 994 861 7
a 994 874 1
a 995 853 9
a 996 196 9
a 996 470 9
a 997 126 8
a 997 998 6
a 998 232 1
a 998 921 5
a 999 351 7
a 999 762 4
a 999 802 4
