p max 1000 2000
n 1 s
n 1000 t
a 1 240 3
a 1 352 5
a 1 686 5
a 2 285 3
a 2 358 9
a 2 461 4
a 2 835 5
a 2 967 8
a 3 509 10
a 3 885 2
a 3 987 5
a 4 232 10
a 4 291 4
a 4 613 5
a 5 330 7
a 5 716 9
a 5 737 3
a 6 37 4
a 7 144 8
a 8 254 8
a 8 632 8
a 8 896 10
a 9 259 2
a 10 432 10
a 11 88 4
a 12 49 4
a 12 629 5
a 13 114 9
a 14 127 3
a 14 144 2
a 14 447 7
a 15 630 4
a 15 703 9
a 15 767 1
a 16 346 3
a 16 704 10
a 16 841 6
a 17 294 2
a 17 512 8
a 18 383 1
a 18 412 7
a 19 82 10
a 20 98 4
a 20 856 6
a 20 916 8
a 21 326 1
a 21 946 6
a 21 961 3
a 22 141 4
a 22 522 3
a 22 572 4
a 23 635 8
a 24 810 3
a 25 9 6
a 25 283 3
a 25 302 5
a 25 584 5
a 26 345 9
a 26 995 8
a 27 364 5
a 27 747 9
a 28 690 10
a 28 774 6
a 28 954 3
a 29 806 5
a 30 2 10
a 30 244 1
a 30 591 10
a 30 705 3
a 31 44 10
a 31 270 1
a 31 594 3
a 31 768 6
a 32 255 9
a 32 726 7
a 32 901 3
a 33 395 6
a 34 99 10
a 34 535 7
a 35 297 10
a 36 280 7
a 36 623 4
a 37 24 1
a 38 17 6
a 38 98 5
a 38 940 6
a 39 818 5
a 39 869 4
a 40 577 9
a 40 851 4
a 41 91 9
a 41 806 3
a 41 929 9
a 42 392 1
a 42 471 5
a 42 684 3
a 43 568 5
a 43 871 2
a 44 168 9
a 45 213 2
a 45 699 10
a 46 882 6
a 47 356 2
a 48 347 10
a 49 327 7
a 49 581 5
a 50 846 2
a 50 863 6
a 51 693 9
a 52 73 7
a 52 966 7
a 53 203 7
a 53 267 4
a 53 432 8
a 53 482 9
a 53 808 7
a 53 910 8
a 54 619 10
a 54 700 4
a 54 855 6
a 55 457 5
a 56 428 5
a 56 532 5
a 57 632 3
a 58 215 1
a 58 896 2
a 58 955 3
a 59 283 10
a 60 3 3
a 60 74 6
a 61 119 6
a 61 341 3
a 62 767 2
a 62 829 3
a 63 11 2
a 63 51 8
a 63 65 1
a 63 708 2
a 64 639 9
a 64 959 10
a 65 225 1
a 65 663 6
a 65 698 1
a 65 781 2
a 66 182 3
a 66 217 4
a 67 544 8
a 67 938 3
a 68 101 5
a 68 631 3
a 69 899 1
a 70 103 9
a 70 179 10
a 70 466 2
a 71 421 9
a 71 937 10
a 72 366 8
a 72 558 6
a 72 801 5
a 73 689 5
a 73 721 7
a 73 796 5
a 74 140 8
a 74 234 5
a 74 968 1
a 75 194 3
a 75 217 2
a 75 788 6
a 76 700 4
a 77 34 1
a 77 649 6
a 78 788 5
a 79 68 8
a 79 924 5
a 79 964 5
a 80 258 8
a 80 576 8
a 81 724 8
a 82 623 5
a 83 267 3
a 84 300 9
a 84 874 10
a 85 638 7
a 86 281 3
a 86 504 9
a 86 715 5
a 86 873 9
a 87 518 9
a 87 758 1
a 88 856 5
a 89 17 3
a 89 239 7
a 89 913 1
a 90 494 6
a 91 57 9
a 91 463 4
a 92 282 9
a 92 696 6
a 93 336 9
a 93 567 10
a 93 604 3
a 94 403 9
a 94 572 10
a 95 760 10
a 95 936 3
a 96 193 2
a 96 218 9
a 96 524 10
a 97 470 7
a 97 703 10
a 98 466 7
a 98 620 9
a 99 226 10
a 99 915 1
a 100 273 9
a 100 500 5
a 100 623 1
a 101 593 1
a 101 932 6
a 102 175 4
a 102 262 3
a 102 452 6
a 102 729 10
a 103 72 5
a 103 889 5
a 103 953 7
a 104 829 9
a 105 716 3
a 106 504 1
a 106 681 10
a 107 191 8
a 107 293 10
a 108 730 9
a 108 810 2
a 109 6 2
a 109 95 1
a 109 474 4
a 109 693 1
a 109 714 3
a 110 89 5
a 110 357 1
a 111 52 10
a 111 307 7
a 111 638 10
a 112 554 2
a 112 972 5
a 113 447 2
a 114 768 9
a 114 874 5
a 114 934 8
a 115 348 3
a 115 505 4
a 115 859 2
a 116 269 10
a 116 826 6
a 117 277 6
a 117 503 1
a 118 8 10
a 119 421 2
a 120 643 9
a 121 10 8
a 121 54 2
a 121 409 5
a 122 258 7
a 123 714 2
a 123 943 6
a 123 992 2
a 124 735 5
a 124 823 5
a 125 952 7
a 126 538 2
a 127 133 5
a 127 529 3
a 127 855 1
a 127 865 8
a 128 241 5
a 128 843 7
a 129 90 1
a 129 990 5
a 130 134 8
a 130 820 3
a 131 696 10
a 132 489 5
a 133 29 6
a 134 565 3
a 135 946 9
a 135 971 8
a 136 127 7
a 136 433 10
a 137 452 3
a 137 627 6
a 138 359 6
a 138 423 10
a 138 614 4
a 139 236 7
a 139 644 4
a 139 738 2
a 140 628 4
a 140 709 4
a 141 344 3
a 142 886 8
a 143 688 2
a 144 117 5
a 144 299 8
a 144 318 9
a 145 171 4
a 145 178 2
a 145 994 8
a 146 367 6
a 146 907 4
a 147 182 4
a 147 894 9
a 147 985 10
a 148 179 1
a 148 279 3
a 148 582 6
a 149 248 8
a 150 560 6
a 150 614 2
a 151 475 1
a 151 563 6
a 152 374 5
a 152 523 3
a 152 780 8
a 153 182 6
a 153 696 9
a 154 131 8
a 154 682 7
a 154 718 7
a 155 649 10
a 155 841 1
a 155 950 1
a 156 50 8
a 156 406 8
a 156 428 1
a 156 569 10
a 157 322 9
a 158 380 5
a 158 723 7
a 159 108 8
a 159 576 9
a 160 92 5
a 160 93 7
a 160 804 9
a 161 418 2
a 162 111 7
a 162 190 6
a 162 327 7
a 163 828 1
a 164 290 4
a 164 918 2
a 164 993 6
a 165 40 5
a 166 657 9
a 166 1000 2
a 167 128 10
a 167 719 6
a 168 758 9
a 169 109 7
a 169 753 7
a 170 555 2
a 170 996 9
a 171 148 1
a 171 237 2
a 171 391 9
a 171 456 5
a 171 802 3
a 172 196 5
a 172 669 9
a 172 785 3
a 173 267 2
a 173 881 8
a 174 72 2
a 174 795 6
a 174 888 10
a 175 185 5
a 175 541 8
a 175 625 9
a 176 590 4
a 176 799 5
a 176 911 5
a 177 312 7
a 177 517 8
a 177 720 2
a 177 963 8
a 178 764 5
a 179 435 9
a 180 391 2
a 181 516 1
a 181 569 2
a 182 602 3
a 182 642 7
a 183 286 2
a 183 465 7
a 184 40 8
a 185 3 5
a 185 57 6
a 186 668 5
a 186 912 8
a 187 166 6
a 187 202 7
a 188 414 2
a 188 438 10
a 189 89 1
a 189 348 9
a 190 14 1
a 190 82 1
a 190 391 7
a 191 87 10
a 191 752 1
a 191 971 9
a 192 402 3
a 192 992 3
a 193 496 2
a 193 737 6
a 194 765 9
a 194 915 10
a 194 969 7
a 195 766 4
a 195 1000 3
a 196 368 9
a 197 279 5
a 197 538 7
a 198 559 4
a 199 876 6
a 200 945 1
a 201 112 3
a 201 320 4
a 201 640 10
a 202 117 10
a 203 91 5
a 204 125 2
a 204 294 3
a 204 570 4
a 204 911 10
a 204 913 10
a 205 286 9
a 205 533 9
a 206 85 6
a 206 297 5
a 207 478 8
a 208 88 9
a 208 171 8
a 208 411 4
a 208 762 1
a 209 159 4
a 210 749 2
a 211 258 1
a 212 20 6
a 212 28 8
a 213 79 4
a 213 782 2
a 213 853 9
a 214 645 3
a 214 787 2
a 215 132 1
a 216 806 10
a 217 172 8
a 217 293 6
a 217 296 6
a 217 349 2
a 217 443 8
a 217 608 6
a 217 819 4
a 218 328 2
a 218 425 7
a 218 693 8
a 218 917 1
a 219 32 2
a 219 637 6
a 220 25 9
a 220 936 3
a 221 630 8
a 222 43 10
a 222 147 8
a 222 944 3
a 223 395 8
a 223 814 5
a 224 566 3
a 225 812 2
a 225 898 2
a 226 544 1
a 226 557 8
a 226 822 9
a 227 456 6
a 227 824 9
a 228 67 1
a 228 71 3
a 228 545 4
a 229 387 8
a 230 310 4
a 231 507 2
a 232 155 8
a 232 766 5
a 233 279 7
a 234 100 7
a 234 183 2
a 234 266 8
a 234 741 8
a 235 281 6
a 235 478 1
a 236 129 2
a 237 314 4
a 237 477 1
a 237 725 3
a 237 842 7
a 238 213 9
a 238 629 4
a 239 84 5
a 240 400 4
a 241 468 4
a 241 597 6
a 241 861 2
a 242 309 10
a 243 491 10
a 243 511 1
a 244 113 5
a 244 866 7
a 245 176 2
a 245 334 9
a 245 499 5
a 246 321 3
a 246 878 3
a 247 268 9
a 247 883 8
a 248 25 2
a 248 366 5
a 248 684 9
a 249 19 10
a 249 559 2
a 250 733 10
a 250 965 2
a 251 221 3
a 251 229 5
a 252 557 10
a 252 593 1
a 252 768 8
a 253 22 5
a 253 83 4
a 253 181 9
a 253 384 6
a 254 71 6
a 254 344 1
a 255 211 8
a 255 301 2
a 255 355 5
a 256 171 9
a 257 352 10
a 257 385 5
a 257 909 5
a 258 260 1
a 258 263 4
a 258 651 4
a 258 715 10
a 259 860 2
a 260 248 3
a 260 539 5
a 261 507 8
a 261 843 9
a 262 348 2
a 262 648 1
a 263 680 8
a 263 722 9
a 264 248 1
a 264 933 7
a 265 197 8
a 265 887 2
a 266 261 1
a 266 773 9
a 267 523 3
a 268 145 2
a 269 526 5
a 269 776 6
a 270 963 1
a 270 972 7
a 271 370 6
a 271 922 5
a 271 942 6
a 272 249 8
a 273 137 6
a 273 272 5
a 274 118 4
a 274 930 10
a 275 247 8
a 275 986 7
a 275 999 5
a 276 604 4
a 277 942 7
a 278 690 6
a 278 838 1
a 279 773 8
a 279 893 7
a 280 50 2
a 281 182 1
a 281 429 8
a 282 134 6
a 282 687 1
a 283 968 3
a 284 378 2
a 284 473 8
a 284 622 8
a 285 386 2
a 285 446 10
a 285 795 6
a 286 191 4
a 286 387 1
a 287 126 7
a 287 210 2
a 288 231 3
a 288 326 10
a 288 930 5
a 289 31 4
a 289 478 9
a 290 767 4
a 290 975 3
a 291 740 10
a 291 918 4
a 292 14 5
a 292 48 1
a 293 32 1
a 293 564 4
a 293 981 6
a 294 206 2
a 294 464 10
a 294 954 9
a 295 515 7
a 295 635 9
a 295 643 9
a 296 7 10
a 296 404 1
a 297 490 8
a 298 902 9
a 299 151 8
a 299 854 3
a 299 908 10
a 300 683 4
a 300 791 10
a 301 46 8
a 301 631 8
a 301 707 3
a 302 113 4
a 302 151 5
a 303 212 3
a 303 770 5
a 304 179 8
a 304 187 7
a 304 678 7
a 305 61 3
a 305 374 8
a 305 727 5
a 306 28 9
a 306 405 7
a 306 426 3
a 306 656 8
a 307 748 4
a 307 964 8
a 308 257 9
a 308 868 5
a 309 47 3
a 310 226 2
a 310 481 6
a 310 670 5
a 311 199 9
a 311 322 6
a 311 862 9
a 312 99 1
a 312 635 2
a 313 137 2
a 313 274 1
a 314 677 10
a 314 834 5
a 315 263 5
a 315 497 4
a 315 827 4
a 315 880 7
a 316 115 3
a 316 235 8
a 316 610 10
a 317 100 8
a 318 130 7
a 318 258 2
a 319 154 6
a 319 598 1
a 320 276 3
a 320 521 9
a 321 209 2
a 321 337 7
a 321 644 3
a 321 851 8
a 322 452 8
a 323 615 6
a 323 698 5
a 324 83 8
a 324 412 5
a 325 534 1
a 325 959 5
a 326 436 4
a 326 580 9
a 326 839 7
a 327 726 3
a 327 815 4
a 328 222 2
a 328 677 5
a 329 149 10
a 329 364 7
a 329 633 1
a 330 325 1
a 331 449 8
a 332 18 3
a 332 219 8
a 332 517 10
a 333 609 8
a 334 785 2
a 335 153 7
a 335 493 2
a 335 755 7
a 336 652 4
a 336 727 5
a 337 459 4
a 337 882 4
a 337 926 2
a 338 375 2
a 339 103 9
a 339 761 5
a 340 378 1
a 340 542 7
a 340 872 3
a 341 63 1
a 342 186 7
a 342 453 10
a 342 887 3
a 343 154 6
a 343 604 5
a 344 549 9
a 345 95 8
a 346 214 6
a 346 988 2
a 347 230 3
a 347 653 9
a 348 543 8
a 348 836 5
a 349 319 3
a 349 661 6
a 349 999 5
a 350 185 9
a 350 276 7
a 350 739 4
a 351 736 9
a 352 68 10
a 352 250 5
a 352 417 2
a 352 452 9
a 352 750 3
a 352 798 7
a 353 298 4
a 354 729 6
a 355 547 8
a 355 836 6
a 356 229 6
a 356 391 4
a 356 883 4
a 357 434 5
a 357 456 8
a 357 805 4
a 358 7 4
a 358 846 10
a 359 449 9
a 359 804 2
a 359 873 3
a 360 329 2
a 360 530 8
a 360 550 10
a 360 551 4
a 361 207 9
a 362 37 3
a 362 101 8
a 362 135 6
a 363 135 6
a 364 195 3
a 364 265 8
a 365 363 10
a 365 401 7
a 365 518 2
a 365 537 7
a 365 578 5
a 366 486 6
a 367 660 7
a 368 245 1
a 368 882 2
a 369 845 5
a 370 943 3
a 371 734 1
a 372 56 6
a 372 702 1
a 372 954 10
a 372 965 5
a 373 46 8
a 373 315 8
a 373 376 7
a 374 703 6
a 375 204 5
a 375 404 5
a 376 124 4
a 376 578 4
a 377 193 1
a 377 816 1
a 378 69 10
a 378 655 9
a 379 278 10
a 379 790 6
a 380 280 8
a 381 84 1
a 382 168 10
a 382 289 10
a 383 47 9
a 383 470 3
a 383 776 10
a 384 499 8
a 384 647 8
a 385 828 9
a 386 511 4
a 387 336 1
a 388 16 2
a 388 415 2
a 389 841 6
a 390 21 4
a 390 353 5
a 391 193 1
a 391 868 8
a 392 415 6
a 392 516 9
a 393 348 2
a 393 448 2
a 394 392 7
a 395 28 1
a 396 385 4
a 396 812 10
a 397 197 3
a 398 176 8
a 399 139 9
a 399 854 2
a 400 264 5
a 400 518 6
a 400 891 3
a 400 963 6
a 401 38 10
a 402 485 1
a 402 496 7
a 402 695 4
a 403 26 5
a 403 209 2
a 403 971 2
a 404 49 2
a 405 586 8
a 405 623 5
a 406 1000 3
a 407 164 6
a 407 170 9
a 407 421 5
a 408 342 8
a 408 861 4
a 408 903 3
a 409 165 7
a 409 497 3
a 409 773 8
a 410 22 8
a 410 565 10
a 411 419 1
a 412 749 8
a 412 785 6
a 413 255 3
a 413 448 2
a 414 203 2
a 415 896 7
a 416 30 7
a 416 334 7
a 417 20 8
a 417 160 3
a 418 415 10
a 418 879 7
a 419 50 2
a 419 192 1
a 419 906 4
a 420 161 2
a 420 911 2
a 421 56 3
a 422 2 6
a 422 78 8
a 422 86 7
a 422 168 3
a 422 793 3
a 423 42 2
a 424 120 4
a 424 155 4
a 424 600 9
a 424 654 7
a 425 356 9
a 425 365 9
a 425 373 7
a 426 229 6
a 426 995 5
a 427 581 6
a 427 641 6
a 427 650 1
a 427 662 1
a 428 151 1
a 428 730 4
a 429 181 10
a 429 413 8
a 430 920 1
a 430 924 8
a 431 685 9
a 431 978 10
a 432 227 10
a 432 956 3
a 433 304 3
a 433 840 7
a 434 385 5
a 434 722 7
a 435 169 3
a 435 353 3
a 435 922 3
a 436 353 4
a 436 486 3
a 437 356 4
a 437 397 9
a 437 466 10
a 438 149 1
a 439 191 8
a 440 317 1
a 440 870 4
a 441 835 8
a 441 983 7
a 442 62 5
a 442 366 4
a 442 876 7
a 442 925 4
a 443 766 2
a 444 446 7
a 445 401 8
a 446 142 3
a 447 128 2
a 447 249 4
a 447 786 3
a 448 128 1
a 449 70 5
a 450 202 7
a 450 709 4
a 450 738 9
a 451 27 4
a 451 771 10
a 452 434 6
a 452 743 4
a 452 783 3
a 453 876 2
a 454 170 9
a 454 177 7
a 454 185 7
a 454 230 3
a 455 3 10
a 456 667 2
a 456 991 2
a 457 609 8
a 458 144 2
a 458 201 3
a 458 333 10
a 459 76 1
a 459 166 5
a 459 636 7
a 460 371 2
a 461 790 8
a 462 16 2
a 462 836 3
a 463 152 2
a 463 615 9
a 464 250 3
a 464 271 3
a 464 813 1
a 465 143 9
a 465 764 2
a 466 954 8
a 467 9 5
a 467 362 10
a 468 248 1
a 468 264 9
a 468 977 3
a 469 334 6
a 469 780 10
a 469 823 9
a 470 313 2
a 470 588 6
a 470 671 7
a 471 933 8
a 472 77 9
a 472 636 5
a 473 769 10
a 473 970 3
a 474 614 4
a 475 48 10
a 476 880 7
a 477 55 6
a 477 779 2
a 478 110 1
a 478 458 4
a 479 322 7
a 479 939 3
a 480 395 8
a 480 789 3
a 481 174 7
a 481 945 10
a 482 4 9
a 482 455 4
a 482 602 1
a 482 922 9
a 482 952 4
a 483 39 3
a 483 754 9
a 484 155 2
a 485 45 9
a 485 462 1
a 485 489 3
a 486 111 2
a 486 831 7
a 487 881 8
a 488 255 1
a 488 725 2
a 489 113 7
a 490 395 2
a 491 520 9
a 491 574 4
a 492 116 2
a 492 161 8
a 493 226 4
a 493 390 9
a 494 714 5
a 495 311 3
a 496 363 4
a 496 944 1
a 497 124 9
a 498 628 10
a 499 839 8
a 500 372 6
a 501 826 5
a 501 892 9
a 502 888 8
a 503 135 3
a 504 720 3
a 505 298 1
a 506 64 8
a 506 912 4
a 507 877 3
a 508 227 1
a 509 257 3
a 509 818 2
a 510 674 7
a 511 512 7
a 512 648 3
a 512 880 3
a 512 942 8
a 513 320 8
a 513 498 3
a 513 528 1
a 514 15 7
a 514 246 9
a 514 418 6
a 514 526 1
a 514 834 2
a 515 172 3
a 516 156 7
a 516 191 4
a 516 606 6
a 516 800 2
a 517 237 9
a 517 511 10
a 517 931 10
a 518 347 1
a 519 377 3
a 519 985 4
a 520 666 10
a 521 634 5
a 522 8 9
a 522 162 3
a 522 976 2
a 523 329 7
a 523 626 7
a 523 877 8
a 524 187 10
a 525 618 6
a 526 140 8
a 527 67 7
a 527 507 4
a 527 655 3
a 528 35 2
a 529 545 7
a 529 746 7
a 530 347 7
a 530 468 4
a 530 831 4
a 531 706 7
a 531 928 1
a 532 86 10
a 533 233 3
a 533 890 6
a 534 99 1
a 534 171 5
a 534 242 10
a 535 129 9
a 535 877 2
a 536 89 5
a 537 252 3
a 537 458 7
a 537 573 3
a 538 53 1
a 538 616 5
a 539 84 6
a 539 537 7
a 539 692 3
a 539 852 4
a 540 922 8
a 541 583 7
a 541 978 2
a 542 422 7
a 542 520 3
a 542 837 9
a 543 59 10
a 543 161 5
a 544 310 6
a 544 724 4
a 544 945 1
a 545 332 3
a 545 382 5
a 545 818 3
a 546 132 9
a 546 339 10
a 546 552 4
a 547 908 3
a 547 958 3
a 548 289 10
a 548 400 4
a 548 437 6
a 549 375 2
a 550 342 8
a 551 47 6
a 551 514 2
a 552 25 5
a 553 13 6
a 553 469 7
a 554 198 8
a 554 260 4
a 555 306 2
a 555 636 10
a 555 659 2
a 555 869 9
a 556 593 9
a 557 719 8
a 558 784 1
a 558 897 8
a 559 262 5
a 559 472 7
a 559 562 8
a 560 840 5
a 561 229 6
a 561 847 4
a 562 210 7
a 562 948 7
a 562 951 4
a 562 991 7
a 563 53 4
a 563 580 8
a 564 535 2
a 565 392 1
a 565 435 4
a 565 736 10
a 565 792 10
a 565 811 2
a 566 460 10
a 566 681 4
a 567 309 2
a 567 807 1
a 568 196 5
a 569 62 8
a 569 602 10
a 569 609 4
a 570 150 5
a 571 217 10
a 571 324 6
a 571 968 8
a 572 916 9
a 573 627 7
a 574 629 2
a 575 517 3
a 576 692 10
a 577 324 10
a 578 564 10
a 579 951 4
a 580 908 8
a 581 163 2
a 582 106 2
a 582 584 3
a 582 597 4
a 582 797 6
a 582 995 6
a 583 301 3
a 583 809 7
a 584 588 6
a 584 719 5
a 585 336 9
a 585 422 6
a 585 565 4
a 586 480 4
a 587 321 4
a 587 371 3
a 587 629 2
a 588 201 4
a 588 902 5
a 589 633 4
a 590 33 10
a 590 407 1
a 591 35 4
a 591 115 4
a 591 697 6
a 591 744 3
a 592 571 2
a 592 642 2
a 593 409 8
a 593 979 4
a 594 53 4
a 594 410 3
a 595 568 3
a 596 473 3
a 596 591 6
a 597 28 5
a 597 294 5
a 597 369 10
a 597 694 5
a 598 288 1
a 598 302 2
a 598 531 6
a 599 929 4
a 600 238 7
a 600 538 5
a 601 70 1
a 602 503 6
a 602 586 2
a 603 284 2
a 603 729 4
a 604 586 10
a 604 769 8
a 605 561 10
a 605 727 3
a 606 335 6
a 606 787 7
a 607 335 10
a 607 790 2
a 608 614 8
a 609 461 9
a 609 753 1
a 609 828 10
a 610 129 6
a 610 379 1
a 610 782 6
a 611 167 3
a 612 23 4
a 613 890 3
a 614 302 9
a 615 77 1
a 616 378 3
a 617 835 7
a 618 36 1
a 618 855 1
a 618 905 3
a 619 802 5
a 620 456 1
a 621 38 8
a 621 191 2
a 621 686 8
a 622 657 4
a 623 595 7
a 623 896 9
a 624 308 9
a 624 902 1
a 625 423 3
a 625 810 6
a 626 431 3
a 626 655 2
a 627 253 1
a 627 559 10
a 628 245 9
a 629 20 3
a 630 268 5
a 630 310 5
a 631 65 7
a 632 75 5
a 632 872 7
a 633 757 5
a 633 882 1
a 634 105 7
a 634 745 8
a 635 131 6
a 635 814 1
a 636 858 5
a 636 976 10
a 637 358 1
a 638 337 1
a 639 272 2
a 639 375 4
a 639 550 8
a 640 441 10
a 640 612 3
a 641 208 5
a 641 343 3
a 642 90 6
a 642 311 2
a 642 682 8
a 643 432 3
a 644 2 9
a 645 380 10
a 646 56 6
a 646 525 8
a 647 221 10
a 647 250 7
a 648 107 7
a 648 981 6
a 649 236 1
a 650 216 10
a 650 428 9
a 651 85 1
a 651 150 2
a 651 158 8
a 652 745 2
a 652 913 3
a 653 549 7
a 654 360 6
a 654 710 3
a 654 762 2
a 655 677 2
a 656 316 4
a 656 676 9
a 657 618 4
a 657 810 3
a 658 145 9
a 658 713 8
a 659 596 10
a 659 599 4
a 660 211 7
a 661 81 10
a 661 433 7
a 662 333 2
a 663 486 5
a 663 668 1
a 664 755 4
a 664 939 8
a 665 104 9
a 666 826 6
a 667 288 7
a 668 95 6
a 668 341 6
a 668 848 2
a 669 331 5
a 669 348 9
a 669 794 6
a 670 5 8
a 671 500 9
a 672 148 2
a 672 444 1
a 673 563 1
a 673 677 8
a 674 744 10
a 675 275 7
a 675 827 2
a 676 44 8
a 676 905 10
a 676 921 10
a 677 808 9
a 678 735 3
a 679 859 8
a 680 785 2
a 680 867 10
a 681 575 2
a 681 927 4
a 682 55 10
a 682 68 9
a 682 114 2
a 682 919 1
a 683 360 8
a 683 398 5
a 683 611 4
a 683 914 10
a 684 21 2
a 684 259 9
a 684 700 6
a 685 424 10
a 686 57 1
a 686 459 8
a 686 522 6
a 686 960 9
a 686 982 9
a 687 318 5
a 688 125 3
a 688 923 7
a 689 419 9
a 689 776 2
a 690 454 3
a 690 463 8
a 691 682 9
a 691 864 3
a 692 561 10
a 693 500 1
a 693 931 10
a 694 243 5
a 694 513 9
a 694 726 5
a 695 887 4
a 695 892 7
a 696 294 6
a 697 37 9
a 697 691 10
a 697 756 8
a 698 548 8
a 698 825 2
a 699 766 4
a 700 184 3
a 700 837 9
a 701 730 6
a 702 526 9
a 702 875 3
a 702 895 2
a 702 980 2
a 703 720 2
a 704 265 6
a 704 598 4
a 705 5 3
a 705 90 4
a 705 481 8
a 705 681 5
a 706 41 5
a 706 452 8
a 707 312 1
a 708 444 2
a 709 23 2
a 709 815 2
a 710 912 5
a 711 58 6
a 711 96 1
a 711 162 1
a 712 163 6
a 712 294 9
a 713 701 9
a 714 39 1
a 714 744 5
a 715 636 10
a 716 188 10
a 716 484 5
a 717 303 6
a 717 541 1
a 717 601 3
a 718 9 2
a 718 224 9
a 719 282 8
a 719 734 9
a 720 208 9
a 721 315 4
a 721 784 6
a 721 860 1
a 722 138 1
a 722 672 10
a 722 803 5
a 722 947 10
a 723 172 6
a 723 817 5
a 724 264 10
a 725 438 8
a 725 848 6
a 726 311 7
a 727 394 4
a 728 839 2
a 729 268 8
a 730 136 9
a 730 296 7
a 731 384 2
a 732 713 7
a 733 5 10
a 733 603 5
a 734 421 8
a 735 40 4
a 736 494 9
a 736 840 1
a 737 661 6
a 737 934 2
a 738 135 7
a 738 399 5
a 739 735 9
a 740 292 1
a 740 633 2
a 741 321 7
a 741 622 8
a 742 3 10
a 742 844 4
a 743 690 9
a 744 79 10
a 745 730 9
a 746 66 4
a 746 484 10
a 746 855 6
a 747 508 8
a 747 587 8
a 747 592 4
a 748 423 2
a 749 579 2
a 749 667 2
a 750 402 2
a 750 617 4
a 751 153 6
a 752 480 10
a 752 950 2
a 753 122 1
a 753 157 6
a 753 865 3
a 754 691 3
a 755 256 2
a 755 323 6
a 756 28 5
a 756 459 4
a 757 93 1
a 758 214 7
a 758 489 9
a 759 159 8
a 760 664 5
a 760 717 5
a 760 992 2
a 761 903 6
a 762 15 3
a 763 467 3
a 764 351 1
a 764 498 6
a 765 686 10
a 766 14 7
a 767 488 5
a 767 849 3
a 768 977 2
a 769 70 9
a 769 492 2
a 769 805 9
a 769 830 8
a 770 68 5
a 770 490 4
a 770 775 3
a 771 170 8
a 771 825 7
a 772 659 6
a 773 359 5
a 774 467 6
a 775 161 8
a 776 439 8
a 776 997 9
a 777 132 3
a 777 207 5
a 778 289 7
a 779 325 10
a 779 335 6
a 779 506 8
a 780 287 2
a 780 651 6
a 781 725 2
a 781 889 1
a 782 601 3
a 782 646 9
a 783 56 8
a 783 149 9
a 784 71 6
a 784 527 2
a 784 556 7
a 784 893 7
a 785 31 2
a 785 232 10
a 786 824 3
a 787 714 6
a 788 742 10
a 788 832 10
a 788 977 2
a 789 12 6
a 789 728 1
a 789 848 5
a 790 350 4
a 790 866 10
a 791 549 2
a 791 816 10
a 792 403 9
a 793 777 5
a 793 983 2
a 794 483 3
a 794 632 2
a 795 155 4
a 796 598 1
a 797 237 5
a 797 711 8
a 798 744 1
a 799 192 4
a 799 430 4
a 800 424 6
a 801 523 3
a 801 584 9
a 802 467 9
a 802 557 1
a 803 971 8
a 804 173 7
a 804 343 5
a 805 281 2
a 806 798 1
a 807 862 7
a 808 768 9
a 808 803 2
a 809 728 8
a 810 294 1
a 810 890 2
a 811 364 7
a 811 427 4
a 812 498 7
a 813 91 10
a 813 514 8
a 814 38 3
a 814 146 3
a 815 204 9
a 815 781 10
a 816 921 5
a 817 22 4
a 817 40 5
a 818 408 10
a 819 357 4
a 819 732 6
a 819 944 1
a 820 922 3
a 821 136 7
a 821 956 9
a 822 476 1
a 822 952 10
a 823 534 6
a 823 845 2
a 823 884 9
a 824 218 6
a 824 957 8
a 825 298 9
a 825 368 6
a 825 634 7
a 825 706 5
a 825 718 10
a 826 313 5
a 826 687 5
a 827 29 6
a 827 91 5
a 827 808 7
a 828 151 10
a 829 321 9
a 830 438 8
a 830 536 3
a 830 537 3
a 830 984 8
a 831 303 10
a 831 372 6
a 831 393 8
a 831 688 10
a 831 701 1
a 832 50 8
a 832 828 4
a 833 257 4
a 833 885 3
a 833 907 2
a 834 42 6
a 834 515 7
a 834 857 2
a 835 121 5
a 835 254 8
a 836 24 8
a 836 458 4
a 837 789 1
a 838 66 5
a 838 660 5
a 838 971 1
a 839 81 4
a 839 711 6
a 840 166 10
a 841 159 8
a 841 286 5
a 841 354 10
a 841 506 2
a 841 529 5
a 842 173 2
a 842 514 9
a 843 627 5
a 844 377 7
a 845 42 4
a 845 204 5
a 846 441 3
a 846 681 5
a 846 731 8
a 846 771 8
a 846 949 7
a 847 818 7
a 848 117 1
a 848 493 5
a 848 572 1
a 849 49 7
a 850 440 2
a 850 722 3
a 851 309 1
a 851 497 8
a 852 325 10
a 853 476 10
a 854 695 1
a 855 339 7
a 855 394 9
a 855 689 5
a 855 695 10
a 856 10 1
a 856 214 9
a 856 304 10
a 857 695 6
a 858 60 10
a 858 698 3
a 859 431 10
a 860 104 5
a 860 717 9
a 861 957 5
a 861 973 10
a 862 307 8
a 863 89 10
a 863 200 9
a 863 824 6
a 864 558 1
a 865 457 7
a 865 465 1
a 866 443 2
a 867 799 10
a 868 482 9
a 868 900 8
a 869 138 6
a 870 375 7
a 871 745 4
a 872 282 6
a 872 749 9
a 873 273 9
a 874 804 3
a 875 999 4
a 876 108 9
a 876 149 9
a 876 585 1
a 877 791 4
a 877 893 10
a 878 245 1
a 878 850 5
a 879 404 6
a 880 212 10
a 880 566 1
a 880 862 6
a 881 381 7
a 881 886 3
a 882 552 10
a 882 592 3
a 883 220 2
a 884 3 8
a 885 79 9
a 885 145 4
a 886 92 9
a 887 488 6
a 887 606 1
a 887 658 8
a 888 75 7
a 888 316 6
a 888 389 10
a 889 143 8
a 889 778 6
a 889 962 10
a 889 993 8
a 890 497 3
a 890 674 9
a 891 158 3
a 891 941 3
a 892 95 2
a 893 469 4
a 894 189 10
a 894 210 9
a 894 340 6
a 895 720 5
a 896 33 10
a 896 381 2
a 896 417 6
a 896 675 8
a 897 102 7
a 897 647 8
a 897 703 9
a 897 926 5
a 898 310 2
a 899 730 10
a 900 324 2
a 900 553 10
a 901 879 1
a 902 181 2
a 903 110 6
a 903 254 8
a 904 464 9
a 904 763 10
a 905 830 7
a 906 542 2
a 906 932 7
a 907 61 7
a 907 142 8
a 907 821 6
a 908 360 1
a 909 317 4
a 909 509 5
a 909 588 5
a 910 442 8
a 910 818 9
a 911 589 2
a 911 902 2
a 912 12 7
a 912 94 4
a 912 871 3
a 912 998 3
a 913 211 5
a 913 463 6
a 913 839 6
a 914 165 8
a 915 451 5
a 915 585 7
a 915 719 10
a 916 907 2
a 917 183 10
a 917 441 4
a 918 331 1
a 919 121 10
a 919 469 1
a 920 868 8
a 921 911 4
a 922 67 2
a 922 150 6
a 922 483 3
a 923 477 8
a 923 679 4
a 924 424 10
a 924 522 1
a 925 500 3
a 926 635 3
a 927 178 5
a 928 112 1
a 928 261 8
a 929 63 6
a 929 210 9
a 930 450 10
a 930 592 9
a 930 658 8
a 930 666 10
a 931 555 8
a 932 148 9
a 932 534 8
a 932 564 7
a 933 702 8
a 934 201 8
a 935 324 3
a 935 904 2
a 936 58 9
a 936 962 6
a 937 605 1
a 938 935 6
a 939 42 9
a 940 195 7
a 940 223 1
a 940 228 1
a 940 408 1
a 941 97 1
a 941 989 2
a 942 152 7
a 942 249 5
a 942 899 1
a 943 299 7
a 944 115 8
a 944 253 7
a 944 971 10
a 944 989 3
a 945 76 6
a 945 487 4
a 946 23 7
a 947 318 2
a 947 621 8
a 948 63 9
a 948 198 2
a 948 388 8
a 949 200 2
a 949 495 7
a 949 605 9
a 950 411 7
a 950 478 6
a 950 759 10
a 951 420 1
a 951 578 8
a 952 519 8
a 952 727 3
a 952 772 10
a 953 256 7
a 953 269 2
a 953 751 7
a 954 514 6
a 954 655 2
a 954 927 2
a 955 155 2
a 955 269 3
a 955 544 8
a 956 167 6
a 956 205 2
a 956 732 2
a 956 935 2
a 957 318 10
a 957 380 2
a 958 251 3
a 958 540 5
a 958 756 5
a 959 469 7
a 959 599 5
a 959 833 10
a 960 601 1
a 961 220 8
a 961 583 8
a 961 815 3
a 961 854 5
a 962 338 7
a 962 510 6
a 962 651 8
a 962 974 5
a 963 256 4
a 964 218 5
a 964 688 1
a 965 180 8
a 965 872 8
a 966 360 9
a 966 712 5
a 967 227 1
a 967 490 6
a 968 110 2
a 969 389 1
a 969 502 1
a 969 565 5
a 970 224 2
a 970 416 5
a 970 764 4
a 971 994 9
a 971 997 4
a 972 421 4
a 973 546 8
a 973 828 9
a 974 294 4
a 974 445 6
a 974 638 10
a 975 370 8
a 975 985 6
a 976 728 6
a 977 295 4
a 977 569 4
a 978 80 7
a 978 878 4
a 979 146 10
a 979 479 3
a 979 555 9
a 979 649 2
a 980 673 1
a 980 969 10
a 981 396 6
a 981 657 1
a 981 884 2
a 982 240 9
a 982 329 4
a 983 344 9
a 984 65 7
a 984 675 9
a 985 864 6
a 986 53 5
a 987 305 4
a 987 435 5
a 987 988 10
a 988 62 10
a 989 501 2
a 989 818 3
a 990 938 4
a 991 60 9
a 991 361 8
a 991 624 7
a 991 665 8
a 991 966 7
a 992 113 2
a 993 14 9
a 993 607 10
a 994 306 2
a 994 967 10
a 995 397 2
a 995 625 8
a 996 50 5
a 996 376 7
a 997 57 4
a 997 123 6
a 998 315 9
a 999 623 7
