p max 100 200
n 1 s
n 100 t
a 1 34 8
a 1 79 10
a 2 6 4
a 3 2 1
a 4 57 6
a 5 73 2
a 6 87 10
a 7 29 8
a 7 67 8
a 8 18 10
a 9 85 4
a 10 7 7
a 10 58 6
a 11 37 9
a 12 16 7
a 13 44 1
a 13 91 6
a 13 97 8
a 14 5 5
a 14 21 5
a 15 62 1
a 16 23 7
a 16 26 8
a 16 88 2
a 17 12 3
a 18 36 1
a 18 54 10
a 19 26 7
a 20 7 3
a 20 47 8
a 20 51 1
a 20 85 10
a 20 89 8
a 21 30 2
a 22 53 5
a 22 55 8
a 23 3 2
a 23 6 8
a 23 66 7
a 23 81 8
a 23 83 6
a 24 10 7
a 24 46 6
a 25 38 4
a 25 44 1
a 26 34 3
a 27 20 9
a 28 6 8
a 28 11 1
a 28 58 6
a 29 12 1
a 29 66 4
a 30 90 2
a 30 93 10
a 30 94 9
a 31 3 2
a 32 17 10
a 32 75 7
a 32 96 7
a 33 91 2
a 33 92 3
a 34 24 4
a 34 82 5
a 35 14 7
a 35 26 3
a 36 70 2
a 36 93 8
a 37 27 3
a 37 43 3
a 37 70 9
a 38 30 10
a 38 34 2
a 39 28 4
a 40 16 7
a 40 45 6
a 40 64 7
a 40 92 1
a 41 57 5
a 41 61 5
a 42 8 3
a 42 46 9
a 43 34 3
a 43 35 1
a 43 76 10
a 43 99 2
a 44 53 3
a 45 68 1
a 46 29 9
a 47 74 9
a 48 14 4
a 48 26 6
a 48 76 2
a 48 100 9
a 49 22 2
a 49 25 9
a 50 88 9
a 51 13 3
a 51 37 8
a 51 82 1
a 51 98 1
a 52 33 2
a 52 38 9
a 53 50 5
a 53 72 2
a 54 28 3
a 54 73 10
a 54 85 9
a 55 54 5
a 56 8 9
a 56 26 3
a 56 39 2
a 56 86 4
a 57 33 7
a 57 74 3
a 58 44 6
a 58 49 10
a 58 95 4
a 59 8 8
a 60 9 3
a 60 42 3
a 60 89 10
a 61 65 6
a 62 71 3
a 62 75 3
a 63 96 9
a 64 48 6
a 64 56 9
a 65 54 2
a 65 63 3
a 65 67 4
a 66 19 6
a 66 94 4
a 67 15 4
a 67 51 8
a 67 72 10
a 67 98 10
a 68 31 6
a 68 69 6
a 69 17 10
a 70 52 7
a 70 60 7
a 70 74 7
a 71 16 7
a 71 25 4
a 72 73 3
a 73 20 6
a 73 77 10
a 74 16 5
a 75 48 3
a 76 11 6
a 77 2 10
a 77 18 5
a 77 55 8
a 78 25 5
a 78 87 8
a 79 31 1
a 79 78 3
a 80 2 9
a 80 20 10
a 80 68 4
a 81 68 4
a 82 38 4
a 82 43 9
a 82 48 6
a 82 64 8
a 82 84 3
a 83 5 10
a 83 48 9
a 84 78 10
a 85 60 9
a 85 62 9
a 85 77 1
a 86 39 2
a 86 52 7
a 87 4 6
a 87 24 3
a 87 40 9
a 88 77 1
a 89 32 6
a 89 41 2
a 89 57 6
a 89 85 5
a 89 100 4
a 90 48 10
a 91 65 10
a 91 67 1
a 92 6 4
a 93 8 5
a 93 80 7
a 93 89 2
a 94 38 6
a 95 52 3
a 95 59 7
a 95 76 3
a 96 24 1
a 96 69 1
a 97 75 7
a 98 96 9
a 99 26 4
a 99 54 7
