p max 1000 2000
n 1 s
n 1000 t
a 1 121 2
a 1 549 10
a 2 243 1
a 2 466 2
a 2 663 7
a 3 88 9
a 3 493 9
a 3 668 8
a 3 880 1
a 4 454 6
a 5 307 5
a 5 535 5
a 6 246 2
a 6 626 7
a 7 636 7
a 8 407 10
a 8 604 2
a 9 78 8
a 9 351 3
a 9 360 5
a 9 916 10
a 10 209 9
a 10 770 2
a 11 10 3
a 11 641 9
a 11 958 2
a 12 795 9
a 12 826 6
a 12 838 2
a 13 865 2
a 14 90 3
a 14 572 2
a 15 283 1
a 15 578 6
a 16 289 8
a 16 485 9
a 17 126 5
a 17 431 6
a 17 642 10
a 18 904 3
a 19 761 10
a 19 888 3
a 20 231 9
a 20 236 8
a 20 316 5
a 20 349 10
a 21 61 6
a 21 176 4
a 21 778 6
a 21 837 7
a 22 445 6
a 22 744 8
a 23 129 6
a 23 452 6
a 24 153 10
a 25 561 7
a 25 958 9
a 26 179 4
a 27 334 9
a 27 437 7
a 28 635 10
a 29 248 9
a 29 324 9
a 29 370 4
a 29 385 9
a 30 812 6
a 31 620 3
a 31 623 8
a 31 988 6
a 32 254 3
a 32 405 1
a 33 174 6
a 33 271 8
a 33 354 2
a 33 658 1
a 33 682 3
a 34 739 2
a 35 699 2
a 36 50 7
a 36 255 8
a 37 635 8
a 38 254 2
a 38 267 3
a 38 813 5
a 39 745 3
a 40 362 4
a 41 793 2
a 41 954 2
a 42 290 5
a 42 628 3
a 43 899 10
a 43 954 2
a 43 974 3
a 44 304 8
a 45 886 10
a 46 888 1
a 47 476 8
a 48 862 9
a 49 295 3
a 49 384 4
a 50 247 7
a 50 350 10
a 51 31 8
a 51 822 1
a 52 3 1
a 52 17 6
a 52 268 8
a 53 773 6
a 54 749 8
a 55 848 3
a 56 61 9
a 56 87 10
a 56 188 1
a 57 490 6
a 57 789 5
a 58 611 5
a 59 566 6
a 59 919 8
a 60 333 3
a 61 206 10
a 61 792 5
a 62 231 8
a 63 304 1
a 63 311 1
a 63 442 8
a 63 713 4
a 63 887 8
a 64 155 9
a 64 167 10
a 64 479 10
a 65 392 10
a 65 595 10
a 65 865 10
a 65 915 4
a 66 118 6
a 67 923 5
a 68 484 10
a 68 904 10
a 69 318 3
a 69 504 7
a 69 858 6
a 69 939 5
a 70 330 8
a 70 689 4
a 70 842 5
a 71 159 6
a 72 924 7
a 73 23 6
a 73 787 9
a 74 548 10
a 74 811 1
a 74 967 1
a 75 144 4
a 75 321 4
a 76 934 6
a 77 22 5
a 77 884 1
a 78 202 2
a 78 487 2
a 78 740 9
a 79 638 5
a 79 807 6
a 80 95 8
a 80 452 8
a 81 36 7
a 81 136 8
a 81 396 9
a 82 714 4
a 82 846 9
a 83 109 7
a 84 130 1
a 85 26 7
a 85 146 2
a 85 193 1
a 85 834 9
a 86 52 3
a 86 639 4
a 87 105 10
a 87 723 10
a 87 966 5
a 88 110 7
a 88 543 1
a 88 975 3
a 89 45 6
a 90 155 2
a 90 461 10
a 90 577 2
a 90 940 5
a 91 466 2
a 92 740 5
a 93 28 7
a 93 527 6
a 94 647 9
a 95 678 7
a 96 112 4
a 97 78 10
a 98 955 3
a 99 307 9
a 99 664 10
a 99 749 1
a 100 554 2
a 101 709 5
a 102 944 5
a 103 729 6
a 104 400 10
a 104 645 7
a 104 953 7
a 105 324 1
a 105 973 2
a 106 453 3
a 106 811 3
a 107 602 10
a 108 5 2
a 108 297 3
a 109 15 2
a 109 129 4
a 109 235 2
a 110 862 5
a 111 12 3
a 111 172 6
a 111 875 1
a 112 29 6
a 112 396 4
a 113 153 3
a 113 224 7
a 113 583 4
a 114 315 2
a 114 423 5
a 115 28 9
a 116 741 2
a 116 864 1
a 117 18 9
a 117 754 5
a 117 832 10
a 118 766 10
a 119 243 3
a 119 540 6
a 120 770 5
a 120 831 8
a 121 216 8
a 122 35 10
a 122 395 1
a 122 624 8
a 122 868 6
a 123 820 9
a 124 63 1
a 124 717 1
a 124 994 2
a 125 632 8
a 126 165 5
a 127 177 1
a 128 120 5
a 128 444 4
a 129 81 6
a 129 164 5
a 130 100 7
a 130 779 5
a 130 869 5
a 131 231 3
a 132 475 9
a 132 875 2
a 133 267 9
a 133 901 8
a 134 222 8
a 134 551 10
a 134 829 1
a 135 162 9
a 135 214 4
a 135 654 5
a 135 809 3
a 136 181 3
a 136 969 9
a 137 578 4
a 137 874 4
a 138 280 3
a 139 421 9
a 140 577 8
a 141 605 3
a 142 546 3
a 142 695 10
a 142 913 10
a 143 80 2
a 143 205 1
a 143 654 5
a 144 291 6
a 144 676 8
a 144 833 10
a 145 693 4
a 145 911 5
a 146 55 10
a 146 102 4
a 146 579 4
a 146 911 7
a 147 422 4
a 148 255 10
a 149 871 8
a 150 285 1
a 150 433 3
a 151 40 1
a 151 654 10
a 152 886 4
a 153 420 2
a 153 636 1
a 153 777 4
a 154 825 8
a 155 780 9
a 155 917 4
a 156 1000 3
a 157 266 8
a 157 973 2
a 158 804 1
a 159 312 4
a 159 678 6
a 159 736 4
a 160 503 9
a 160 888 3
a 161 323 1
a 161 971 3
a 162 99 9
a 162 337 1
a 162 356 10
a 163 397 3
a 164 418 3
a 165 7 5
a 165 288 4
a 165 371 6
a 165 718 7
a 165 812 2
a 166 709 6
a 167 241 4
a 167 560 1
a 168 678 4
a 169 96 2
a 169 221 6
a 169 795 3
a 170 329 7
a 171 36 2
a 171 667 4
a 171 976 10
a 172 340 6
a 172 633 10
a 172 841 4
a 173 678 8
a 174 262 6
a 174 347 2
a 175 241 4
a 175 603 6
a 175 758 5
a 176 279 3
a 177 411 5
a 177 481 1
a 177 803 1
a 178 391 9
a 178 495 5
a 179 20 10
a 180 203 4
a 180 501 10
a 180 644 8
a 181 364 1
a 181 610 7
a 182 494 5
a 183 293 7
a 184 415 2
a 184 650 1
a 185 127 7
a 186 426 1
a 186 458 1
a 186 707 8
a 187 176 2
a 187 635 3
a 188 237 8
a 188 937 1
a 189 258 6
a 190 53 10
a 190 720 6
a 190 768 8
a 190 797 6
a 191 157 7
a 192 143 1
a 192 708 2
a 192 855 6
a 192 885 10
a 193 120 5
a 193 841 4
a 194 56 10
a 194 84 6
a 194 251 4
a 195 83 7
a 195 666 9
a 195 822 6
a 195 968 5
a 196 90 2
a 196 313 3
a 197 8 5
a 198 30 4
a 198 327 10
a 199 685 4
a 199 689 8
a 200 55 1
a 201 307 2
a 202 433 6
a 203 858 2
a 203 872 7
a 204 37 4
a 204 225 4
a 205 111 4
a 205 358 2
a 206 570 10
a 206 573 5
a 207 211 10
a 208 754 10
a 209 752 7
a 209 789 6
a 210 340 8
a 210 412 10
a 210 881 6
a 211 6 1
a 211 589 10
a 211 763 5
a 212 442 3
a 212 776 9
a 213 373 2
a 213 765 3
a 214 81 8
a 214 724 10
a 214 844 4
a 215 140 6
a 216 402 9
a 216 678 1
a 217 470 8
a 217 991 1
a 218 251 10
a 219 226 4
a 220 116 10
a 220 984 10
a 221 463 8
a 222 404 4
a 222 517 2
a 222 629 4
a 223 277 9
a 223 863 8
a 224 83 1
a 225 448 7
a 225 667 1
a 226 574 2
a 227 46 3
a 228 397 8
a 228 419 5
a 228 774 7
a 229 451 7
a 229 716 2
a 230 186 7
a 231 114 3
a 232 176 6
a 232 995 7
a 233 903 7
a 234 29 5
a 234 596 7
a 235 695 8
a 236 727 5
a 237 408 5
a 238 334 9
a 238 498 9
a 239 499 1
a 239 501 9
a 239 503 7
a 240 3 6
a 240 910 2
a 241 86 1
a 241 456 3
a 242 91 1
a 243 3 3
a 244 729 1
a 244 829 3
a 245 171 3
a 245 297 9
a 245 659 8
a 246 286 1
a 246 558 8
a 246 802 2
a 247 27 10
a 247 45 6
a 247 145 5
a 247 845 4
a 248 212 10
a 248 534 5
a 248 815 2
a 248 927 6
a 248 955 8
a 249 596 9
a 250 459 6
a 251 662 6
a 251 789 6
a 251 820 10
a 252 370 10
a 253 352 2
a 253 766 1
a 253 876 2
a 254 758 7
a 255 927 6
a 256 908 7
a 257 154 7
a 258 608 1
a 259 25 3
a 259 150 9
a 259 192 2
a 260 135 7
a 260 535 7
a 261 870 9
a 262 120 10
a 262 203 9
a 262 434 3
a 263 112 7
a 263 469 7
a 264 318 10
a 264 846 8
a 264 936 7
a 265 76 10
a 265 599 2
a 266 224 7
a 267 623 5
a 268 768 5
a 269 649 2
a 270 712 9
a 271 481 2
a 272 284 7
a 273 866 7
a 273 937 7
a 274 410 10
a 274 687 5
a 274 919 6
a 274 944 7
a 275 816 8
a 275 938 10
a 276 960 5
a 276 991 5
a 277 335 8
a 278 588 4
a 278 709 10
a 279 384 6
a 280 446 7
a 281 797 8
a 281 882 1
a 282 36 8
a 283 377 3
a 284 15 8
a 285 299 9
a 285 862 2
a 286 448 1
a 287 403 7
a 288 186 7
a 289 177 6
a 289 259 7
a 289 536 6
a 290 883 1
a 290 913 9
a 291 738 9
a 292 169 9
a 292 388 8
a 293 163 8
a 293 964 9
a 294 298 9
a 294 362 2
a 295 216 9
a 295 529 10
a 295 717 8
a 296 118 2
a 296 951 3
a 297 648 9
a 297 660 3
a 297 732 1
a 297 796 6
a 298 93 8
a 299 163 6
a 300 321 7
a 300 467 10
a 301 638 2
a 302 655 8
a 303 273 10
a 303 886 9
a 303 990 10
a 304 81 7
a 305 42 9
a 305 609 1
a 305 677 10
a 305 987 10
a 306 436 9
a 306 753 10
a 307 608 7
a 307 731 1
a 308 447 9
a 308 958 10
a 309 606 2
a 309 1000 2
a 310 615 7
a 311 982 2
a 312 14 1
a 312 973 6
a 313 380 3
a 313 991 4
a 314 131 4
a 314 284 4
a 315 361 6
a 315 555 5
a 316 332 10
a 316 366 5
a 316 514 1
a 316 743 1
a 317 187 3
a 318 183 6
a 319 148 5
a 319 541 10
a 319 926 9
a 320 609 2
a 321 277 4
a 321 357 6
a 321 593 7
a 321 662 7
a 322 221 7
a 323 363 3
a 324 400 7
a 324 522 2
a 325 59 1
a 326 103 1
a 327 28 9
a 327 764 8
a 327 894 7
a 328 679 5
a 328 732 5
a 329 107 10
a 329 178 6
a 330 4 7
a 330 92 9
a 330 719 10
a 331 693 7
a 332 135 2
a 333 285 1
a 333 522 5
a 334 692 4
a 335 190 2
a 335 446 5
a 335 977 10
a 336 850 2
a 337 549 5
a 337 692 8
a 338 110 5
a 338 178 3
a 338 974 4
a 338 1000 1
a 339 965 4
a 339 989 5
a 340 703 8
a 340 947 10
a 341 799 2
a 342 47 3
a 342 330 5
a 342 494 7
a 343 377 6
a 344 136 6
a 344 924 2
a 345 62 6
a 345 166 8
a 345 576 8
a 346 372 6
a 347 489 6
a 347 742 7
a 348 494 10
a 349 476 1
a 350 64 8
a 350 162 10
a 351 548 2
a 352 660 7
a 353 182 10
a 353 248 10
a 353 585 9
a 354 149 9
a 354 279 7
a 354 459 5
a 354 711 5
a 355 352 1
a 355 711 4
a 355 906 5
a 356 339 8
a 356 489 9
a 356 524 10
a 356 669 5
a 356 934 2
a 357 889 10
a 358 156 6
a 358 421 4
a 359 365 7
a 360 756 1
a 361 273 2
a 362 779 8
a 363 40 3
a 363 240 8
a 363 518 2
a 364 406 9
a 364 497 2
a 365 18 10
a 365 407 2
a 365 936 1
a 366 73 10
a 366 898 9
a 367 171 8
a 368 206 7
a 368 530 6
a 369 520 7
a 370 212 5
a 370 879 4
a 371 50 7
a 371 197 5
a 372 446 4
a 372 781 2
a 372 792 3
a 372 916 6
a 373 187 6
a 373 243 6
a 373 500 3
a 373 674 4
a 373 830 2
a 374 85 1
a 374 391 6
a 374 669 8
a 374 787 2
a 375 502 10
a 376 67 1
a 376 605 8
a 377 335 2
a 378 253 7
a 378 684 4
a 379 75 2
a 379 390 10
a 380 611 10
a 381 552 6
a 382 531 8
a 382 745 7
a 383 158 7
a 383 325 2
a 383 410 7
a 383 473 2
a 384 678 2
a 385 273 7
a 385 583 1
a 385 762 6
a 385 972 10
a 386 995 7
a 387 467 4
a 388 373 6
a 388 966 7
a 389 399 6
a 390 475 6
a 391 144 2
a 391 626 7
a 391 861 7
a 392 316 9
a 392 640 10
a 392 956 5
a 393 91 9
a 393 100 6
a 394 25 1
a 394 587 10
a 394 653 10
a 395 848 3
a 395 900 7
a 395 981 2
a 396 293 2
a 396 429 7
a 396 577 1
a 397 258 9
a 397 490 7
a 397 986 6
a 398 484 2
a 398 923 7
a 399 88 9
a 400 630 9
a 401 130 1
a 401 528 1
a 402 978 10
a 403 435 2
a 403 542 2
a 403 921 4
a 404 999 2
a 405 82 10
a 406 881 5
a 407 98 4
a 407 191 6
a 408 920 1
a 408 922 2
a 409 575 4
a 410 312 1
a 411 655 1
a 411 749 4
a 412 915 3
a 413 419 7
a 413 544 7
a 413 594 6
a 414 99 9
a 414 210 5
a 414 226 3
a 415 484 5
a 415 691 8
a 415 840 2
a 416 313 7
a 416 454 5
a 416 539 8
a 417 294 8
a 417 846 7
a 418 99 7
a 418 338 4
a 419 365 5
a 419 415 10
a 419 950 5
a 420 482 8
a 421 189 7
a 421 544 9
a 422 984 9
a 423 363 2
a 423 705 1
a 424 207 3
a 424 396 3
a 424 974 10
a 425 369 6
a 425 948 4
a 426 566 8
a 426 769 1
a 427 381 1
a 427 552 6
a 428 194 5
a 429 101 7
a 429 413 5
a 429 785 1
a 430 57 9
a 430 568 4
a 431 125 6
a 432 698 7
a 433 648 3
a 434 624 5
a 434 746 10
a 435 232 4
a 435 261 7
a 436 101 3
a 436 188 4
a 436 762 7
a 437 823 6
a 438 529 9
a 439 94 1
a 439 300 3
a 440 568 4
a 440 920 4
a 441 641 3
a 441 962 7
a 442 520 2
a 443 898 6
a 444 98 3
a 444 317 3
a 445 475 7
a 446 519 8
a 447 404 2
a 448 642 1
a 449 68 9
a 449 147 4
a 450 243 2
a 450 359 8
a 450 598 5
a 451 485 6
a 452 697 7
a 453 194 5
a 453 215 5
a 453 549 10
a 453 895 8
a 454 303 9
a 454 806 7
a 454 961 1
a 454 971 1
a 455 32 4
a 455 432 9
a 455 665 7
a 456 116 10
a 456 360 1
a 457 180 3
a 457 704 9
a 457 777 3
a 458 667 9
a 459 13 6
a 460 581 1
a 460 721 2
a 460 860 9
a 461 137 4
a 461 914 3
a 462 59 8
a 462 957 6
a 463 788 1
a 464 203 7
a 464 615 9
a 465 716 8
a 465 904 6
a 465 919 10
a 466 666 8
a 467 60 10
a 467 288 7
a 467 785 8
a 468 609 2
a 468 827 1
a 468 948 2
a 469 586 9
a 470 627 10
a 470 952 3
a 471 570 1
a 472 258 1
a 473 282 1
a 473 289 5
a 474 298 6
a 474 516 6
a 474 601 10
a 474 942 2
a 475 263 7
a 475 510 8
a 476 2 7
a 476 159 1
a 477 523 4
a 477 647 2
a 478 580 6
a 478 836 2
a 478 995 2
a 479 471 7
a 479 589 2
a 479 772 9
a 480 295 1
a 480 857 6
a 480 908 10
a 481 737 6
a 481 761 4
a 482 48 8
a 482 104 6
a 482 639 4
a 483 717 7
a 484 290 10
a 485 431 6
a 485 898 1
a 486 259 2
a 486 889 10
a 487 898 8
a 488 550 1
a 489 80 9
a 489 174 6
a 489 854 1
a 490 297 4
a 491 103 1
a 491 646 4
a 492 140 2
a 493 21 3
a 493 517 1
a 493 712 8
a 494 82 7
a 494 428 1
a 494 688 2
a 494 801 3
a 494 869 9
a 495 796 7
a 496 509 5
a 497 22 2
a 497 630 1
a 497 637 3
a 497 963 3
a 498 178 3
a 499 989 8
a 500 376 7
a 500 607 1
a 501 157 10
a 501 940 5
a 502 43 8
a 502 528 10
a 502 717 10
a 503 185 8
a 503 543 9
a 503 571 8
a 504 725 9
a 505 576 10
a 505 804 8
a 506 16 3
a 506 70 8
a 506 296 3
a 506 401 7
a 507 817 6
a 508 404 8
a 508 805 6
a 509 176 10
a 509 715 10
a 510 252 1
a 510 907 5
a 510 999 7
a 511 553 7
a 512 193 8
a 513 64 8
a 513 290 9
a 514 116 8
a 515 608 3
a 516 57 4
a 516 274 2
a 516 368 4
a 516 679 10
a 517 491 7
a 517 728 5
a 518 189 2
a 518 843 2
a 519 340 3
a 520 564 7
a 521 320 3
a 522 87 9
a 522 670 9
a 523 160 7
a 523 610 8
a 524 13 4
a 524 481 7
a 524 657 6
a 525 720 5
a 526 83 10
a 526 122 10
a 526 649 7
a 527 355 3
a 527 519 4
a 527 745 8
a 527 999 3
a 528 84 4
a 528 105 6
a 528 114 6
a 529 652 6
a 529 764 10
a 530 851 10
a 530 876 8
a 531 751 10
a 532 256 3
a 533 798 2
a 533 896 8
a 534 213 3
a 534 235 2
a 535 327 3
a 536 367 10
a 537 436 4
a 538 355 4
a 538 616 10
a 539 543 4
a 540 144 3
a 541 130 7
a 541 168 7
a 541 223 8
a 541 394 7
a 542 58 2
a 543 212 1
a 543 507 4
a 544 222 4
a 544 592 8
a 545 32 10
a 545 538 7
a 546 386 4
a 546 693 2
a 547 326 9
a 547 760 1
a 548 346 3
a 548 901 4
a 549 964 9
a 550 951 9
a 551 51 10
a 551 103 9
a 551 552 5
a 552 127 7
a 552 183 5
a 552 508 5
a 553 107 2
a 553 139 4
a 554 556 4
a 555 161 6
a 555 350 8
a 556 985 5
a 557 389 10
a 557 822 6
a 558 628 2
a 559 268 9
a 559 313 7
a 559 893 2
a 560 73 9
a 560 173 4
a 560 925 4
a 561 143 5
a 561 376 4
a 561 525 9
a 561 735 6
a 562 592 9
a 562 640 7
a 563 871 10
a 564 651 7
a 564 675 7
a 565 448 10
a 566 219 7
a 566 371 8
a 567 397 3
a 567 502 4
a 568 728 7
a 568 891 3
a 569 426 6
a 570 31 2
a 570 233 4
a 570 336 4
a 570 512 6
a 571 510 2
a 571 982 2
a 572 440 8
a 572 810 7
a 573 195 3
a 573 341 8
a 573 677 10
a 574 486 4
a 574 554 8
a 574 847 1
a 575 180 8
a 575 308 4
a 575 441 6
a 576 478 9
a 577 24 3
a 577 427 4
a 577 694 3
a 577 732 2
a 578 735 2
a 579 843 6
a 580 594 2
a 581 458 10
a 581 556 6
a 582 951 4
a 583 163 9
a 583 276 1
a 583 401 3
a 584 23 6
a 584 353 7
a 585 209 5
a 585 869 10
a 586 234 9
a 586 719 4
a 586 884 4
a 587 91 10
a 587 554 7
a 588 323 10
a 589 8 9
a 589 345 6
a 590 422 1
a 590 990 10
a 591 439 10
a 592 451 7
a 592 472 1
a 593 507 6
a 594 9 3
a 594 970 4
a 595 532 7
a 596 81 2
a 596 228 5
a 596 807 10
a 596 932 3
a 597 462 8
a 597 868 3
a 597 1000 10
a 598 309 1
a 598 648 6
a 598 817 10
a 599 245 1
a 599 786 2
a 600 242 1
a 600 368 5
a 600 862 5
a 601 138 7
a 601 402 1
a 601 614 8
a 601 946 10
a 602 860 3
a 603 40 2
a 604 756 8
a 604 965 2
a 605 799 8
a 606 100 10
a 607 529 7
a 607 931 8
a 608 677 6
a 609 477 3
a 609 930 5
a 610 211 2
a 610 555 5
a 610 589 7
a 610 860 9
a 611 39 3
a 611 240 8
a 611 260 5
a 612 26 3
a 612 280 8
a 612 474 6
a 613 174 9
a 614 302 2
a 614 342 7
a 614 864 10
a 615 322 8
a 615 739 5
a 616 148 5
a 616 705 10
a 617 438 9
a 617 505 6
a 618 958 5
a 619 63 3
a 620 653 4
a 621 757 6
a 621 770 3
a 622 479 8
a 622 740 1
a 623 33 1
a 623 525 9
a 623 545 4
a 624 147 3
a 624 381 4
a 625 239 2
a 625 685 8
a 625 733 1
a 625 941 4
a 626 108 10
a 626 328 6
a 626 856 6
a 627 215 5
a 628 74 6
a 628 193 2
a 629 11 7
a 629 850 2
a 629 973 7
a 630 29 3
a 630 283 1
a 630 767 9
a 630 983 3
a 631 483 2
a 631 877 6
a 631 996 1
a 632 86 5
a 632 437 1
a 632 445 1
a 632 613 2
a 633 85 2
a 633 773 6
a 634 467 10
a 634 821 10
a 635 733 3
a 635 742 7
a 635 759 2
a 635 815 6
a 636 445 7
a 636 470 8
a 636 475 3
a 636 563 4
a 636 827 3
a 636 857 3
a 637 184 8
a 637 609 6
a 638 26 8
a 638 107 10
a 639 270 3
a 639 620 8
a 640 19 2
a 640 723 4
a 641 77 10
a 641 79 6
a 641 404 3
a 641 432 10
a 641 726 4
a 642 246 4
a 642 937 3
a 643 591 6
a 643 634 8
a 644 482 8
a 644 720 1
a 645 230 1
a 645 368 8
a 646 170 10
a 646 469 5
a 646 492 1
a 647 223 5
a 647 816 9
a 648 453 2
a 649 621 3
a 649 800 5
a 649 871 2
a 649 885 8
a 650 70 6
a 650 662 4
a 650 870 7
a 651 371 5
a 651 935 4
a 652 578 1
a 653 152 1
a 653 249 10
a 653 348 1
a 653 639 9
a 654 333 10
a 654 376 7
a 655 387 2
a 656 548 7
a 656 859 8
a 656 932 7
a 657 891 7
a 658 797 9
a 659 459 8
a 659 646 3
a 660 428 4
a 660 699 5
a 660 961 8
a 661 12 3
a 661 310 5
a 661 447 5
a 661 905 6
a 662 603 10
a 663 768 1
a 664 6 2
a 664 344 5
a 664 430 3
a 665 80 10
a 665 611 2
a 666 69 1
a 666 197 9
a 667 620 4
a 668 239 9
a 668 966 1
a 669 415 10
a 670 572 8
a 671 311 3
a 671 346 1
a 671 417 2
a 672 627 2
a 673 827 8
a 674 145 4
a 674 559 6
a 674 697 10
a 675 387 7
a 675 629 6
a 675 775 2
a 675 790 3
a 675 873 8
a 676 192 9
a 676 545 6
a 676 788 5
a 677 270 4
a 677 464 8
a 677 828 5
a 677 992 3
a 678 49 2
a 678 141 7
a 678 913 10
a 679 809 7
a 679 902 4
a 680 236 7
a 681 414 10
a 681 877 2
a 682 133 10
a 682 606 5
a 683 3 1
a 684 74 6
a 685 119 1
a 685 727 8
a 685 945 1
a 686 472 8
a 686 928 8
a 687 664 7
a 688 19 5
a 689 232 7
a 689 828 5
a 690 150 10
a 691 468 5
a 692 531 2
a 692 557 6
a 693 375 7
a 694 275 4
a 694 859 4
a 695 452 1
a 695 791 1
a 696 157 1
a 696 213 9
a 697 137 5
a 697 699 10
a 698 622 4
a 698 684 7
a 698 877 2
a 699 432 2
a 699 782 7
a 700 169 8
a 701 559 6
a 701 705 1
a 702 218 5
a 702 418 8
a 702 805 9
a 703 97 9
a 703 574 2
a 704 902 4
a 705 282 6
a 706 91 4
a 706 382 2
a 707 125 2
a 707 455 3
a 708 148 5
a 709 468 10
a 709 612 5
a 709 636 1
a 710 97 4
a 710 794 8
a 710 825 3
a 711 224 8
a 711 532 10
a 711 632 1
a 712 77 7
a 712 663 8
a 712 683 10
a 712 727 3
a 712 730 7
a 713 220 1
a 713 566 7
a 713 634 4
a 714 14 8
a 714 721 8
a 715 798 9
a 716 265 10
a 716 979 7
a 717 266 5
a 717 564 6
a 718 288 5
a 718 329 5
a 719 289 9
a 719 452 8
a 719 671 8
a 720 416 6
a 721 730 6
a 721 942 7
a 722 43 10
a 722 458 5
a 722 627 1
a 723 118 2
a 723 278 6
a 723 725 9
a 723 959 9
a 724 359 5
a 724 956 3
a 725 812 5
a 726 200 5
a 726 519 4
a 726 696 4
a 727 63 8
a 727 66 6
a 728 523 10
a 728 686 8
a 728 909 6
a 729 957 2
a 730 288 5
a 730 386 10
a 730 457 8
a 730 625 6
a 731 134 9
a 731 455 7
a 731 821 2
a 732 522 5
a 733 526 5
a 733 997 8
a 734 112 1
a 734 264 6
a 734 784 4
a 735 958 8
a 736 301 9
a 736 733 10
a 737 186 7
a 737 680 6
a 738 643 7
a 739 335 4
a 739 711 2
a 740 720 8
a 741 303 6
a 741 813 1
a 742 895 4
a 743 347 7
a 743 565 4
a 744 609 5
a 745 702 8
a 745 882 4
a 745 980 9
a 746 479 6
a 747 201 8
a 747 419 10
a 748 510 8
a 748 721 6
a 749 21 7
a 750 425 6
a 750 619 5
a 750 903 5
a 751 319 3
a 751 727 4
a 752 498 1
a 752 710 6
a 753 744 6
a 753 853 9
a 753 865 2
a 754 586 5
a 754 659 6
a 755 156 9
a 756 244 9
a 757 154 2
a 757 409 6
a 757 463 6
a 757 877 9
a 758 136 3
a 759 303 2
a 760 72 9
a 760 221 4
a 761 363 4
a 761 813 7
a 762 171 7
a 763 38 5
a 763 235 2
a 763 672 5
a 764 514 8
a 764 818 4
a 765 315 10
a 765 836 2
a 766 664 1
a 767 705 2
a 768 5 10
a 768 403 7
a 768 599 8
a 769 62 8
a 769 511 3
a 769 734 3
a 770 581 8
a 770 690 1
a 771 93 8
a 771 415 2
a 771 671 7
a 771 807 6
a 771 984 2
a 772 82 2
a 772 315 1
a 773 93 7
a 774 138 9
a 775 108 8
a 775 844 5
a 776 232 9
a 776 488 5
a 776 700 9
a 776 979 9
a 777 109 10
a 777 132 8
a 777 555 6
a 778 567 1
a 778 727 1
a 779 139 9
a 779 584 8
a 780 350 2
a 780 648 4
a 780 799 3
a 780 823 7
a 780 867 6
a 781 76 10
a 782 673 1
a 783 178 2
a 784 127 3
a 784 783 8
a 785 556 2
a 785 929 5
a 786 203 6
a 786 573 3
a 786 878 9
a 787 521 8
a 787 619 4
a 788 477 7
a 788 901 8
a 789 329 2
a 790 532 6
a 791 53 7
a 791 165 2
a 791 198 10
a 792 720 2
a 792 857 4
a 793 562 7
a 793 880 9
a 794 532 2
a 795 455 10
a 795 600 8
a 796 41 8
a 796 859 2
a 797 537 4
a 797 929 1
a 798 685 1
a 798 835 5
a 799 430 3
a 799 643 10
a 800 866 10
a 801 390 3
a 801 525 10
a 801 756 5
a 802 183 1
a 802 307 8
a 802 673 7
a 803 257 8
a 804 196 3
a 804 205 3
a 804 520 4
a 804 978 6
a 805 2 4
a 805 140 4
a 805 156 8
a 805 641 1
a 806 478 3
a 806 756 1
a 807 345 3
a 807 602 2
a 808 504 5
a 809 103 3
a 809 992 5
a 810 167 4
a 810 208 6
a 810 546 6
a 811 597 7
a 811 628 10
a 812 124 10
a 812 656 9
a 812 774 7
a 813 283 1
a 814 269 6
a 814 581 6
a 815 628 9
a 815 680 7
a 816 54 8
a 816 151 1
a 816 284 1
a 817 263 6
a 817 661 10
a 817 824 7
a 818 62 2
a 818 617 2
a 819 175 10
a 819 348 2
a 820 158 7
a 820 250 2
a 820 780 6
a 821 289 6
a 821 946 1
a 822 441 2
a 822 890 6
a 823 30 7
a 823 819 10
a 823 849 9
a 824 256 10
a 824 560 8
a 824 647 6
a 825 264 10
a 825 302 7
a 825 892 7
a 826 136 2
a 826 522 9
a 827 531 4
a 827 738 7
a 828 563 2
a 828 706 8
a 829 111 1
a 829 229 3
a 829 672 5
a 829 722 1
a 829 852 3
a 829 918 7
a 830 241 2
a 831 50 1
a 831 612 7
a 831 937 1
a 832 89 1
a 832 766 8
a 833 399 9
a 833 697 8
a 834 748 3
a 835 362 1
a 836 839 6
a 836 950 2
a 837 10 7
a 837 217 5
a 837 439 2
a 838 121 2
a 838 340 5
a 838 469 4
a 839 306 5
a 839 335 5
a 840 123 6
a 840 434 2
a 841 934 1
a 842 365 10
a 842 849 3
a 842 897 7
a 843 149 10
a 843 257 9
a 844 732 3
a 845 128 4
a 845 500 1
a 846 393 10
a 846 677 8
a 847 883 1
a 848 27 7
a 848 505 4
a 848 526 4
a 848 800 8
a 848 958 3
a 849 747 2
a 849 758 8
a 849 848 10
a 849 893 2
a 850 238 9
a 850 469 2
a 850 748 7
a 851 96 5
a 851 496 9
a 852 162 2
a 852 557 8
a 852 590 4
a 852 896 2
a 853 975 10
a 854 96 9
a 854 305 1
a 854 465 10
a 855 245 3
a 855 969 2
a 856 9 10
a 856 804 2
a 857 425 1
a 857 990 1
a 858 210 6
a 859 252 9
a 859 449 8
a 860 585 8
a 861 18 5
a 861 94 5
a 861 322 5
a 862 722 4
a 862 894 2
a 863 400 3
a 864 206 3
a 864 291 10
a 865 674 7
a 866 142 8
a 866 682 7
a 867 4 4
a 867 378 5
a 868 81 6
a 869 46 1
a 869 179 8
a 869 911 2
a 869 969 5
a 870 921 5
a 870 977 2
a 871 533 5
a 871 681 3
a 871 861 10
a 872 292 4
a 872 322 4
a 873 204 5
a 873 314 10
a 874 741 9
a 875 806 5
a 876 423 10
a 876 762 1
a 876 922 5
a 877 124 8
a 878 85 7
a 878 440 10
a 879 286 8
a 879 705 9
a 880 450 9
a 880 789 8
a 881 673 1
a 882 159 4
a 882 949 7
a 883 58 3
a 883 443 2
a 883 808 4
a 884 198 7
a 885 986 8
a 886 631 1
a 887 840 4
a 888 106 7
a 888 881 2
a 889 138 4
a 890 117 6
a 890 153 10
a 891 481 5
a 892 191 2
a 893 199 2
a 893 245 8
a 894 505 3
a 895 251 5
a 895 424 2
a 896 97 5
a 896 804 2
a 897 281 5
a 897 389 3
a 897 709 3
a 898 408 9
a 898 515 8
a 899 606 6
a 899 743 1
a 900 210 8
a 900 899 2
a 900 935 1
a 901 71 2
a 901 280 1
a 901 297 10
a 901 605 8
a 901 666 9
a 902 377 4
a 902 536 7
a 902 755 9
a 902 832 2
a 903 855 4
a 904 105 8
a 904 113 5
a 904 771 4
a 905 398 2
a 905 553 2
a 905 848 10
a 906 501 4
a 907 655 9
a 908 277 2
a 908 618 8
a 908 998 4
a 909 911 10
a 910 60 8
a 911 674 10
a 912 408 6
a 913 898 6
a 914 688 7
a 915 272 1
a 915 885 2
a 916 104 8
a 916 375 2
a 916 484 8
a 916 608 10
a 917 412 2
a 918 645 4
a 919 460 3
a 919 515 10
a 919 642 1
a 919 777 2
a 920 335 9
a 921 636 8
a 922 430 3
a 923 105 2
a 923 406 10
a 923 944 5
a 923 985 5
a 924 436 10
a 924 451 6
a 925 701 8
a 925 946 4
a 926 258 7
a 926 751 4
a 926 851 8
a 927 379 2
a 927 959 3
a 928 320 6
a 928 355 4
a 929 678 3
a 930 208 4
a 931 661 5
a 932 840 8
a 933 227 9
a 933 595 4
a 934 284 7
a 934 331 1
a 934 949 6
a 935 222 9
a 936 558 9
a 936 647 6
a 937 374 7
a 937 636 2
a 938 70 9
a 939 493 2
a 940 600 5
a 941 20 6
a 941 77 2
a 941 343 2
a 941 668 3
a 942 416 8
a 942 506 5
a 942 673 6
a 943 214 9
a 943 270 7
a 943 993 2
a 944 162 2
a 944 367 10
a 945 773 3
a 945 912 9
a 946 375 5
a 946 720 4
a 946 833 7
a 947 244 10
a 947 879 1
a 948 238 2
a 949 941 8
a 950 582 4
a 950 689 6
a 951 262 9
a 951 419 10
a 951 496 10
a 951 814 8
a 952 115 3
a 952 303 1
a 953 547 3
a 953 759 1
a 954 44 2
a 954 139 8
a 955 164 5
a 956 287 3
a 956 409 8
a 956 513 7
a 956 866 6
a 957 690 8
a 958 98 8
a 958 254 5
a 958 698 6
a 959 14 6
a 959 814 3
a 959 867 3
a 960 460 10
a 960 514 10
a 960 550 1
a 960 957 2
a 961 169 9
a 961 221 8
a 962 204 7
a 962 443 9
a 962 757 10
a 963 162 3
a 963 326 2
a 964 948 7
a 965 926 10
a 966 954 8
a 967 438 1
a 967 703 4
a 968 959 2
a 969 631 3
a 969 863 7
a 970 431 8
a 970 480 6
a 970 491 1
a 970 812 3
a 971 37 5
a 971 372 3
a 971 464 4
a 972 18 4
a 973 8 8
a 973 34 6
a 973 423 2
a 973 569 3
a 973 858 8
a 974 383 8
a 974 664 2
a 975 753 8
a 976 337 7
a 977 243 7
a 978 344 8
a 978 476 2
a 979 166 4
a 980 906 6
a 981 80 6
a 982 576 5
a 982 872 3
a 982 933 10
a 983 508 1
a 983 719 6
a 984 116 7
a 985 499 9
a 985 610 8
a 985 717 9
a 985 796 1
a 986 634 3
a 987 460 3
a 987 538 1
a 988 531 9
a 988 651 8
a 988 655 7
a 989 754 5
a 989 959 9
a 990 513 10
a 990 552 2
a 990 943 5
a 991 543 9
a 992 509 7
a 992 750 3
a 992 879 2
a 993 584 3
a 993 657 6
a 994 551 8
a 994 575 10
a 995 695 3
a 996 65 1
a 996 990 5
a 997 701 3
a 998 72 4
a 998 166 10
a 999 493 8
