p max 100 200
n 1 s
n 100 t
a 1 48 1
a 1 49 1
a 1 54 6
a 1 67 10
a 2 34 3
a 2 81 1
a 3 15 6
a 3 16 5
a 3 39 1
a 4 37 9
a 5 58 3
a 6 35 5
a 7 5 2
a 7 8 7
a 7 38 3
a 7 51 10
a 7 82 6
a 8 31 1
a 9 13 2
a 9 42 7
a 9 72 9
a 10 45 10
a 11 92 6
a 12 85 8
a 13 4 4
a 13 24 2
a 13 71 10
a 13 77 6
a 13 83 3
a 14 26 10
a 14 59 9
a 14 84 2
a 15 6 10
a 15 48 6
a 16 17 8
a 16 93 2
a 17 37 8
a 18 64 4
a 18 66 7
a 19 20 2
a 19 52 8
a 19 60 3
a 20 50 2
a 20 63 5
a 21 22 8
a 21 30 3
a 22 7 10
a 22 12 10
a 22 85 9
a 23 39 3
a 24 75 3
a 25 13 3
a 25 29 7
a 25 45 5
a 25 78 8
a 26 30 2
a 26 85 7
a 27 45 7
a 28 10 9
a 28 17 1
a 28 96 10
a 29 23 1
a 29 24 1
a 30 6 9
a 31 65 2
a 31 99 8
a 32 74 8
a 32 81 7
a 33 8 7
a 33 70 10
a 34 15 3
a 35 49 7
a 36 47 9
a 37 53 10
a 38 77 2
a 39 68 10
a 39 88 10
a 40 29 5
a 40 43 10
a 40 74 7
a 41 13 8
a 41 57 10
a 41 91 7
a 42 41 7
a 43 5 3
a 43 100 10
a 44 70 9
a 45 70 4
a 46 56 2
a 47 82 9
a 48 5 10
a 48 62 10
a 49 18 9
a 49 81 10
a 50 68 3
a 50 78 2
a 50 94 7
a 50 97 2
a 51 50 8
a 51 84 4
a 52 56 4
a 52 60 2
a 52 100 1
a 53 32 10
a 53 40 6
a 53 63 5
a 53 92 2
a 54 48 10
a 54 66 3
a 55 4 5
a 55 47 10
a 55 81 3
a 56 28 7
a 56 58 3
a 57 33 2
a 58 9 3
a 59 11 6
a 59 42 1
a 59 79 10
a 59 90 1
a 60 4 4
a 60 44 6
a 60 89 3
a 61 45 5
a 62 2 10
a 62 46 6
a 62 79 4
a 63 9 2
a 63 91 8
a 64 72 2
a 65 41 8
a 65 73 2
a 66 27 8
a 66 51 2
a 66 53 3
a 66 80 4
a 67 55 6
a 67 62 6
a 68 13 8
a 68 75 5
a 69 33 3
a 69 40 4
a 70 24 5
a 70 36 9
a 71 83 8
a 72 4 5
a 73 13 10
a 73 69 6
a 74 73 10
a 74 86 7
a 75 21 6
a 75 57 9
a 75 76 8
a 75 99 5
a 76 28 6
a 76 56 2
a 77 80 5
a 78 72 1
a 79 2 3
a 79 11 10
a 79 95 7
a 80 25 4
a 80 29 7
a 81 87 9
a 81 89 4
a 82 19 7
a 82 86 8
a 83 5 4
a 83 80 2
a 84 5 8
a 85 9 4
a 86 76 4
a 86 95 2
a 86 96 10
a 87 3 2
a 87 83 6
a 88 14 9
a 88 49 7
a 89 40 4
a 90 16 3
a 90 19 1
a 90 98 6
a 91 87 1
a 92 33 1
a 92 37 2
a 92 39 10
a 93 22 2
a 93 65 4
a 94 36 2
a 94 61 5
a 94 65 10
a 95 87 1
a 96 78 1
a 97 19 8
a 97 94 6
a 98 31 3
a 98 35 1
a 98 57 5
a 99 18 1
a 99 63 5
