p max 1000 2000
n 1 s
n 1000 t
a 1 212 6
a 1 742 6
a 1 940 4
a 2 259 8
a 2 335 7
a 2 755 2
a 3 359 8
a 3 552 4
a 4 222 6
a 4 311 7
a 5 643 3
a 6 130 2
a 6 428 8
a 7 462 4
a 7 587 1
a 7 598 2
a 8 672 3
a 9 186 10
a 9 215 8
a 9 828 2
a 10 66 9
a 10 736 2
a 11 2 7
a 12 714 3
a 13 158 4
a 14 208 7
a 14 283 6
a 14 514 5
a 14 830 3
a 15 995 8
a 16 738 3
a 17 325 1
a 18 40 1
a 18 253 5
a 18 492 2
a 19 499 1
a 20 273 1
a 20 431 9
a 21 256 7
a 21 384 1
a 21 547 2
a 22 305 4
a 23 310 3
a 23 557 6
a 23 671 4
a 24 579 4
a 25 255 1
a 25 303 2
a 25 509 10
a 25 629 6
a 25 994 1
a 26 90 10
a 26 107 9
a 26 507 1
a 27 491 9
a 28 473 9
a 28 909 1
a 29 20 7
a 29 875 1
a 30 540 10
a 30 654 3
a 31 102 9
a 31 229 9
a 31 249 9
a 31 350 8
a 31 415 10
a 32 630 10
a 33 122 7
a 33 536 9
a 33 679 5
a 33 836 7
a 34 345 5
a 34 848 5
a 35 327 7
a 36 297 7
a 36 486 1
a 36 572 7
a 36 789 2
a 37 83 1
a 37 720 7
a 38 844 9
a 38 901 4
a 39 366 4
a 39 599 1
a 40 643 1
a 40 940 10
a 41 796 2
a 42 460 3
a 42 566 4
a 42 924 1
a 43 135 7
a 43 641 9
a 44 794 5
a 45 97 10
a 46 134 5
a 46 548 2
a 47 269 6
a 47 322 4
a 47 504 3
a 47 914 1
a 48 217 2
a 48 634 7
a 48 838 4
a 49 52 4
a 50 810 5
a 51 366 2
a 52 33 9
a 53 139 10
a 53 713 10
a 54 186 9
a 54 725 5
a 54 980 1
a 55 957 6
a 56 709 6
a 57 148 6
a 57 245 4
a 57 909 6
a 58 192 1
a 59 956 6
a 60 275 8
a 61 54 4
a 61 385 10
a 62 184 8
a 62 363 4
a 62 885 10
a 63 304 10
a 63 323 7
a 63 532 4
a 63 918 3
a 64 120 9
a 64 639 5
a 64 996 9
a 65 813 6
a 66 69 10
a 66 272 10
a 66 565 4
a 67 273 9
a 67 562 5
a 68 580 7
a 68 596 6
a 69 126 1
a 69 540 9
a 70 419 10
a 70 816 9
a 70 933 7
a 71 179 10
a 71 445 9
a 71 508 9
a 71 554 9
a 71 649 10
a 72 511 6
a 73 258 7
a 74 266 10
a 74 764 2
a 75 97 8
a 75 662 5
a 76 421 5
a 77 118 2
a 78 412 10
a 79 639 7
a 79 732 10
a 79 760 7
a 79 860 8
a 79 1000 9
a 80 263 6
a 80 314 8
a 80 817 9
a 81 309 8
a 82 28 5
a 82 252 1
a 83 318 8
a 83 491 3
a 84 551 4
a 84 944 7
a 85 17 6
a 85 60 8
a 85 338 1
a 86 676 10
a 86 967 9
a 87 199 8
a 87 260 4
a 87 629 6
a 88 54 1
a 88 224 5
a 88 670 1
a 89 15 2
a 89 487 6
a 89 871 9
a 90 105 10
a 90 221 1
a 90 451 10
a 90 481 3
a 91 12 2
a 91 65 2
a 91 113 8
a 92 338 1
a 93 106 8
a 94 170 4
a 94 859 5
a 95 67 6
a 95 301 7
a 96 916 5
a 97 767 2
a 97 778 9
a 98 386 9
a 99 927 1
a 100 191 6
a 100 257 7
a 101 335 2
a 101 686 6
a 102 42 9
a 102 894 6
a 103 781 6
a 103 886 8
a 104 454 4
a 104 863 6
a 105 56 4
a 106 116 10
a 107 227 6
a 107 567 5
a 108 651 6
a 109 416 10
a 109 604 10
a 110 329 6
a 111 876 5
a 112 607 5
a 113 403 7
a 113 471 6
a 113 488 3
a 113 602 6
a 114 111 5
a 114 299 2
a 114 989 1
a 115 143 7
a 115 196 2
a 115 440 10
a 116 174 8
a 116 803 7
a 116 993 8
a 117 665 6
a 117 920 2
a 118 218 6
a 118 617 2
a 118 748 5
a 119 837 8
a 120 287 6
a 121 110 2
a 121 688 6
a 121 919 4
a 122 400 8
a 122 758 4
a 123 480 1
a 123 944 5
a 124 593 10
a 124 597 3
a 124 889 4
a 124 901 6
a 125 522 9
a 126 482 10
a 127 751 7
a 128 649 2
a 129 989 5
a 130 4 9
a 130 979 3
a 131 211 4
a 131 435 5
a 131 919 3
a 132 343 9
a 133 140 4
a 134 241 10
a 135 86 6
a 135 195 2
a 135 319 9
a 135 410 9
a 136 742 7
a 137 396 10
a 137 676 8
a 138 619 6
a 139 92 9
a 140 394 8
a 140 943 6
a 141 228 7
a 141 624 8
a 142 936 4
a 143 423 10
a 143 676 3
a 143 794 2
a 144 43 1
a 144 664 10
a 145 933 1
a 146 530 4
a 147 781 1
a 147 800 7
a 148 128 6
a 148 705 2
a 149 980 6
a 150 310 6
a 150 616 2
a 151 613 3
a 151 771 10
a 152 163 4
a 152 427 9
a 153 67 9
a 153 145 7
a 153 452 2
a 154 292 10
a 155 37 1
a 155 913 4
a 156 107 2
a 156 973 3
a 157 178 4
a 157 530 4
a 157 765 10
a 158 646 7
a 158 684 4
a 159 470 10
a 160 224 10
a 160 878 3
a 161 172 6
a 161 283 3
a 161 515 3
a 162 54 2
a 162 961 8
a 163 131 1
a 163 605 4
a 164 877 7
a 164 934 3
a 165 30 4
a 165 641 2
a 166 576 6
a 167 238 8
a 167 766 6
a 168 820 8
a 169 265 1
a 169 592 6
a 170 324 9
a 170 957 1
a 171 108 2
a 171 917 1
a 171 930 4
a 172 976 9
a 173 166 10
a 173 916 4
a 174 149 7
a 174 200 3
a 174 836 4
a 175 372 5
a 176 45 1
a 177 279 7
a 177 757 8
a 178 875 6
a 179 749 9
a 179 850 10
a 180 638 3
a 180 785 7
a 181 164 5
a 181 702 8
a 181 949 7
a 182 344 10
a 182 675 6
a 183 519 6
a 183 997 3
a 184 900 8
a 185 569 10
a 186 91 10
a 186 236 5
a 186 956 10
a 187 632 4
a 188 17 3
a 188 291 1
a 189 254 3
a 189 326 1
a 190 260 3
a 191 541 5
a 192 288 2
a 193 62 6
a 193 686 4
a 194 314 6
a 195 73 9
a 195 90 8
a 195 912 3
a 196 633 6
a 196 872 7
a 197 710 6
a 197 764 7
a 198 408 6
a 198 903 3
a 199 111 7
a 199 250 3
a 199 715 1
a 199 814 2
a 200 322 4
a 200 553 8
a 200 981 6
a 201 493 1
a 202 578 2
a 202 721 3
a 202 825 5
a 203 262 1
a 203 290 1
a 203 357 2
a 204 7 3
a 204 54 1
a 204 395 10
a 205 620 9
a 205 668 7
a 205 984 1
a 206 290 7
a 207 480 2
a 207 731 6
a 208 150 5
a 209 346 2
a 210 133 9
a 210 870 10
a 210 942 1
a 211 204 4
a 212 832 3
a 213 54 5
a 213 188 10
a 214 29 5
a 214 160 10
a 214 359 8
a 215 472 8
a 216 336 9
a 216 438 4
a 216 450 6
a 216 510 3
a 216 740 10
a 216 815 6
a 217 893 9
a 218 720 5
a 218 791 6
a 219 127 6
a 219 175 4
a 219 660 9
a 219 987 7
a 220 402 5
a 220 839 10
a 221 157 5
a 222 887 3
a 223 627 7
a 223 990 3
a 224 873 2
a 225 486 5
a 225 946 1
a 226 51 3
a 226 939 6
a 227 177 4
a 227 667 3
a 228 199 2
a 229 263 6
a 229 950 9
a 230 395 9
a 230 513 7
a 230 741 5
a 231 99 4
a 231 241 2
a 231 964 4
a 232 114 5
a 232 435 10
a 233 142 1
a 233 584 1
a 234 744 9
a 235 474 10
a 235 854 8
a 235 925 2
a 236 806 6
a 237 311 10
a 237 729 4
a 238 814 8
a 239 461 6
a 239 781 7
a 240 301 9
a 240 368 8
a 241 409 2
a 241 615 10
a 242 515 1
a 243 794 10
a 244 8 3
a 244 34 6
a 245 43 7
a 245 558 7
a 245 662 6
a 245 970 7
a 246 188 2
a 247 448 10
a 247 484 3
a 248 612 2
a 248 928 4
a 248 977 8
a 249 521 5
a 249 677 3
a 249 974 10
a 250 122 10
a 251 493 1
a 251 509 8
a 251 747 5
a 252 339 8
a 252 768 2
a 253 93 10
a 253 371 3
a 253 634 5
a 254 257 3
a 255 539 5
a 256 688 7
a 256 698 10
a 257 236 6
a 257 474 7
a 257 623 10
a 258 113 3
a 258 257 10
a 258 542 6
a 258 905 6
a 258 966 8
a 259 883 5
a 260 143 2
a 260 908 3
a 261 50 3
a 262 211 3
a 263 516 7
a 264 59 4
a 265 429 10
a 265 820 8
a 265 955 1
a 266 822 6
a 267 160 6
a 267 451 4
a 268 326 7
a 269 632 8
a 270 401 4
a 271 256 6
a 271 689 8
a 272 4 3
a 272 267 6
a 273 412 3
a 273 576 2
a 273 887 5
a 274 789 3
a 274 890 9
a 274 952 10
a 275 70 2
a 275 714 10
a 276 878 6
a 277 379 4
a 277 774 5
a 277 810 10
a 278 44 3
a 278 313 8
a 278 861 3
a 278 971 10
a 279 792 1
a 280 192 3
a 280 270 10
a 281 375 5
a 281 378 10
a 282 292 5
a 283 582 2
a 283 691 1
a 284 243 9
a 284 960 6
a 285 253 7
a 286 365 2
a 287 3 8
a 288 305 1
a 288 391 3
a 288 510 3
a 289 202 10
a 290 395 1
a 290 988 2
a 291 792 2
a 291 875 8
a 292 517 1
a 292 629 10
a 293 179 3
a 294 105 7
a 294 422 7
a 294 700 6
a 295 532 1
a 296 823 6
a 297 97 2
a 297 462 5
a 298 377 1
a 298 983 8
a 299 497 6
a 299 534 10
a 300 678 8
a 301 254 1
a 302 620 1
a 303 539 10
a 303 619 8
a 304 571 1
a 305 95 10
a 305 415 6
a 306 90 9
a 306 574 5
a 306 853 3
a 307 180 6
a 307 664 3
a 307 847 1
a 308 161 2
a 308 389 1
a 308 709 5
a 308 904 3
a 309 288 4
a 309 448 8
a 309 703 7
a 310 307 4
a 311 480 8
a 312 313 3
a 313 745 8
a 313 821 8
a 314 524 6
a 314 693 6
a 315 78 6
a 315 801 8
a 316 767 7
a 317 276 7
a 318 151 9
a 318 768 8
a 318 805 6
a 319 569 6
a 320 171 5
a 320 356 5
a 320 871 2
a 321 88 7
a 321 680 7
a 322 115 10
a 322 503 10
a 322 606 2
a 323 947 10
a 323 948 6
a 324 864 9
a 324 911 3
a 325 289 8
a 325 882 8
a 326 488 2
a 326 915 8
a 327 214 4
a 327 992 10
a 328 230 6
a 328 687 8
a 328 756 6
a 328 876 9
a 329 291 1
a 329 735 5
a 330 233 6
a 330 252 9
a 331 34 1
a 332 227 7
a 333 832 5
a 334 566 10
a 334 573 7
a 335 483 5
a 336 622 8
a 336 895 5
a 337 964 9
a 338 654 9
a 339 363 5
a 339 603 4
a 340 270 9
a 341 22 8
a 341 738 4
a 341 880 5
a 342 115 10
a 342 267 1
a 343 250 6
a 343 696 3
a 344 471 10
a 344 927 3
a 345 351 7
a 345 447 6
a 345 459 3
a 345 848 3
a 346 13 2
a 347 23 2
a 347 308 6
a 348 334 8
a 348 421 7
a 349 448 5
a 350 103 6
a 351 239 5
a 351 418 10
a 352 41 7
a 352 730 9
a 353 173 8
a 353 298 9
a 353 324 1
a 353 838 7
a 354 216 4
a 354 380 5
a 355 693 5
a 356 154 10
a 356 332 5
a 356 506 6
a 356 512 8
a 356 935 4
a 357 17 8
a 357 135 5
a 358 333 4
a 358 824 4
a 358 949 6
a 359 751 3
a 359 775 8
a 360 152 3
a 360 431 3
a 361 937 7
a 362 392 9
a 362 520 3
a 362 834 7
a 363 404 5
a 364 424 5
a 364 555 10
a 365 434 10
a 366 360 2
a 367 278 8
a 367 314 9
a 368 422 10
a 368 426 5
a 368 734 7
a 369 320 6
a 369 752 4
a 370 835 5
a 371 376 2
a 372 239 1
a 372 917 7
a 373 297 7
a 373 354 4
a 373 570 10
a 373 762 9
a 374 33 9
a 374 50 2
a 375 580 9
a 376 6 4
a 376 708 8
a 376 914 3
a 377 7 9
a 377 435 5
a 377 648 5
a 377 818 5
a 378 605 8
a 378 856 10
a 379 415 5
a 379 417 1
a 379 437 9
a 380 472 8
a 380 525 6
a 381 336 8
a 381 541 9
a 382 926 8
a 383 65 8
a 384 80 5
a 384 530 7
a 385 177 10
a 385 317 8
a 385 992 1
a 386 594 3
a 386 802 4
a 387 47 8
a 387 386 10
a 388 536 9
a 388 635 10
a 388 852 4
a 388 868 9
a 389 398 5
a 389 514 7
a 389 608 6
a 389 739 8
a 390 780 1
a 390 957 8
a 391 425 6
a 391 857 7
a 391 898 8
a 392 9 10
a 392 182 4
a 392 858 6
a 393 78 2
a 394 162 5
a 394 668 4
a 395 126 7
a 395 562 8
a 395 982 9
a 396 498 9
a 396 533 3
a 396 763 5
a 397 923 2
a 398 158 6
a 398 546 4
a 399 187 6
a 400 659 5
a 400 973 6
a 401 467 7
a 401 578 7
a 402 33 2
a 402 121 9
a 402 904 6
a 403 68 6
a 404 183 7
a 404 844 1
a 405 137 3
a 405 462 6
a 405 992 8
a 406 386 10
a 407 522 8
a 407 777 8
a 408 235 6
a 408 293 9
a 409 921 4
a 410 627 10
a 411 202 2
a 411 608 7
a 411 793 1
a 412 3 7
a 412 254 10
a 412 281 4
a 413 470 6
a 413 650 8
a 413 813 9
a 413 874 7
a 414 369 4
a 414 436 3
a 414 649 1
a 415 783 3
a 416 641 9
a 416 683 4
a 417 511 5
a 418 171 8
a 419 92 6
a 419 341 4
a 419 626 3
a 419 998 8
a 420 500 6
a 420 733 1
a 420 995 5
a 421 290 1
a 421 397 9
a 421 519 5
a 422 427 4
a 422 590 10
a 422 605 2
a 422 773 4
a 423 255 7
a 424 307 1
a 424 489 10
a 424 753 2
a 424 840 4
a 425 296 8
a 425 828 4
a 426 677 9
a 427 911 1
a 428 921 10
a 429 349 6
a 430 109 6
a 430 807 4
a 431 122 6
a 431 295 10
a 431 424 6
a 431 695 2
a 431 799 5
a 432 286 8
a 432 349 7
a 432 760 1
a 433 140 6
a 433 321 8
a 434 422 1
a 434 831 4
a 435 161 10
a 435 387 5
a 435 554 5
a 436 144 10
a 436 181 7
a 436 656 4
a 437 862 2
a 438 116 7
a 438 367 8
a 438 644 6
a 438 761 9
a 439 71 3
a 439 236 10
a 440 100 9
a 441 433 7
a 441 775 3
a 442 440 5
a 442 888 7
a 443 596 9
a 444 436 4
a 444 952 5
a 445 378 10
a 445 510 3
a 445 854 9
a 446 103 4
a 446 451 1
a 447 59 9
a 447 142 9
a 447 174 10
a 447 647 10
a 448 400 8
a 448 631 4
a 449 150 6
a 449 398 7
a 449 810 8
a 450 210 8
a 451 181 7
a 451 556 8
a 452 246 7
a 452 646 4
a 452 663 9
a 453 64 2
a 453 172 1
a 454 287 10
a 454 965 9
a 455 300 5
a 455 399 5
a 456 681 5
a 457 207 4
a 457 404 9
a 457 454 3
a 457 646 2
a 457 715 2
a 458 618 5
a 458 766 9
a 459 140 9
a 460 35 3
a 460 127 4
a 460 601 3
a 460 867 5
a 461 573 10
a 461 788 6
a 462 123 3
a 462 584 3
a 462 850 10
a 463 46 2
a 464 470 10
a 465 707 10
a 465 718 2
a 465 790 1
a 465 990 7
a 466 705 6
a 466 933 3
a 467 119 6
a 467 725 4
a 468 272 10
a 468 689 2
a 469 141 9
a 469 190 10
a 469 592 2
a 470 169 2
a 470 219 2
a 470 262 6
a 470 938 3
a 471 117 1
a 471 842 9
a 471 851 2
a 471 869 2
a 472 73 2
a 473 567 10
a 473 574 1
a 474 623 10
a 475 195 6
a 476 573 10
a 477 140 1
a 477 580 9
a 478 160 3
a 478 441 1
a 479 25 3
a 479 78 4
a 480 5 2
a 480 289 1
a 481 567 1
a 481 680 7
a 482 99 5
a 483 641 6
a 483 704 2
a 483 770 3
a 484 653 10
a 484 691 1
a 485 79 3
a 485 446 2
a 485 552 7
a 486 237 2
a 486 295 1
a 486 550 1
a 486 943 9
a 487 593 6
a 488 475 5
a 489 881 5
a 490 726 1
a 490 884 9
a 491 453 1
a 491 485 6
a 492 405 2
a 492 709 2
a 493 361 8
a 494 951 9
a 495 211 5
a 495 549 10
a 495 804 3
a 496 39 3
a 497 465 5
a 497 819 2
a 497 985 3
a 498 994 8
a 499 51 7
a 500 203 2
a 500 399 5
a 500 655 3
a 500 880 1
a 501 346 6
a 501 528 8
a 501 776 1
a 502 274 9
a 502 383 6
a 502 922 8
a 503 222 6
a 504 366 1
a 505 411 8
a 505 493 1
a 506 68 1
a 506 348 6
a 506 603 3
a 507 621 3
a 507 782 1
a 507 889 3
a 508 232 10
a 508 582 1
a 508 673 1
a 509 354 10
a 509 707 2
a 510 107 10
a 511 201 9
a 511 728 8
a 512 876 1
a 513 74 10
a 513 191 9
a 513 615 1
a 513 753 4
a 513 785 10
a 514 216 4
a 514 418 8
a 514 841 9
a 515 104 1
a 515 573 7
a 516 276 9
a 516 377 3
a 517 86 4
a 518 388 4
a 518 665 10
a 519 156 2
a 519 697 5
a 520 796 8
a 520 971 9
a 521 384 10
a 522 432 5
a 522 979 7
a 523 114 5
a 524 626 6
a 525 106 4
a 525 615 10
a 526 436 2
a 527 501 5
a 527 538 6
a 527 833 9
a 528 224 5
a 528 968 6
a 529 662 3
a 530 196 6
a 530 238 1
a 530 929 2
a 531 10 5
a 531 327 10
a 531 932 8
a 532 443 8
a 533 358 1
a 533 522 4
a 534 512 4
a 534 969 3
a 535 340 6
a 535 449 8
a 535 531 2
a 535 616 7
a 536 877 2
a 537 181 9
a 537 887 8
a 537 935 3
a 538 518 1
a 538 574 3
a 539 249 1
a 539 420 4
a 539 571 9
a 540 743 4
a 540 979 2
a 541 425 7
a 541 443 3
a 541 535 1
a 542 782 7
a 543 253 3
a 543 674 2
a 544 266 3
a 544 775 7
a 545 81 2
a 546 38 10
a 546 287 9
a 546 772 2
a 547 239 8
a 547 286 5
a 548 496 5
a 548 892 8
a 549 55 1
a 549 496 8
a 550 122 1
a 550 479 6
a 550 490 2
a 551 932 4
a 552 925 10
a 553 88 3
a 553 407 9
a 554 210 3
a 554 225 3
a 554 285 8
a 554 626 10
a 555 865 2
a 555 869 10
a 556 78 3
a 557 213 4
a 557 314 8
a 558 750 7
a 559 189 9
a 559 912 7
a 560 271 10
a 560 473 2
a 560 494 5
a 560 682 9
a 561 299 9
a 562 63 5
a 562 239 5
a 563 194 8
a 563 350 1
a 564 98 5
a 564 315 9
a 564 846 9
a 564 931 3
a 564 951 2
a 565 545 8
a 565 792 2
a 566 165 5
a 566 770 8
a 566 902 4
a 567 279 10
a 567 999 8
a 568 241 2
a 569 752 9
a 570 242 9
a 570 523 1
a 571 25 6
a 571 870 4
a 572 275 6
a 572 774 2
a 573 93 1
a 573 247 6
a 573 516 8
a 573 644 5
a 573 723 1
a 573 883 7
a 574 206 9
a 574 552 5
a 574 628 6
a 575 50 9
a 575 230 2
a 575 706 3
a 576 227 7
a 576 657 4
a 576 821 10
a 577 87 10
a 577 209 2
a 577 237 10
a 577 771 10
a 578 231 6
a 578 630 3
a 578 743 1
a 579 71 5
a 580 632 1
a 581 298 1
a 582 425 8
a 583 192 4
a 583 962 7
a 584 366 10
a 584 430 3
a 584 985 4
a 585 518 7
a 585 795 4
a 586 373 6
a 586 737 3
a 586 899 4
a 587 312 5
a 588 102 8
a 588 645 10
a 588 921 5
a 589 96 2
a 589 501 1
a 590 278 6
a 590 355 4
a 591 53 1
a 591 462 5
a 592 89 10
a 592 339 5
a 593 344 5
a 593 935 2
a 594 477 3
a 594 526 10
a 595 196 2
a 595 372 4
a 596 49 3
a 597 172 5
a 597 1000 8
a 598 414 7
a 598 708 10
a 599 137 1
a 600 139 1
a 600 744 6
a 600 787 3
a 600 931 8
a 601 39 2
a 601 281 5
a 602 711 2
a 602 964 5
a 603 470 5
a 603 947 9
a 604 351 8
a 605 897 1
a 606 969 10
a 607 125 4
a 608 399 3
a 608 614 9
a 609 96 9
a 609 693 9
a 609 985 5
a 610 52 2
a 610 563 1
a 610 774 1
a 611 109 5
a 611 889 8
a 612 181 4
a 613 81 1
a 613 586 7
a 614 218 9
a 614 421 4
a 615 157 7
a 615 609 2
a 615 761 2
a 616 11 2
a 616 604 1
a 617 188 7
a 617 819 4
a 617 868 8
a 618 214 2
a 618 290 3
a 619 309 1
a 619 425 10
a 619 507 7
a 620 1000 1
a 621 80 2
a 621 167 9
a 621 758 8
a 621 954 2
a 622 386 2
a 622 497 5
a 622 806 5
a 623 2 1
a 623 209 1
a 624 152 9
a 625 835 9
a 626 279 1
a 626 967 7
a 627 293 9
a 628 839 4
a 629 997 7
a 630 19 6
a 630 130 2
a 630 832 4
a 631 623 5
a 632 9 8
a 632 36 9
a 633 100 2
a 633 261 4
a 633 402 10
a 633 619 1
a 634 766 5
a 635 17 4
a 635 811 6
a 636 322 4
a 636 735 3
a 637 376 9
a 637 480 7
a 637 726 4
a 637 972 6
a 638 327 2
a 638 455 7
a 639 319 10
a 640 134 5
a 641 159 8
a 641 474 4
a 642 32 9
a 643 156 7
a 643 184 10
a 643 665 7
a 644 738 4
a 645 790 10
a 646 290 9
a 647 841 7
a 648 475 3
a 649 136 1
a 649 702 7
a 650 792 3
a 651 331 7
a 652 57 5
a 652 784 5
a 652 851 6
a 653 560 7
a 654 180 7
a 655 523 7
a 656 18 1
a 656 843 8
a 657 491 4
a 658 850 3
a 658 926 3
a 659 457 2
a 660 566 5
a 660 786 9
a 661 203 5
a 661 293 5
a 662 210 7
a 662 406 3
a 662 708 1
a 663 41 5
a 664 474 9
a 664 529 1
a 664 825 4
a 665 205 1
a 666 480 7
a 667 199 9
a 667 500 5
a 667 903 7
a 668 161 9
a 668 779 9
a 668 964 1
a 669 477 10
a 669 501 6
a 669 797 5
a 669 945 4
a 670 324 6
a 670 689 8
a 671 704 6
a 671 768 2
a 671 897 5
a 672 176 4
a 672 819 2
a 673 939 3
a 674 394 5
a 674 499 7
a 675 362 7
a 675 543 7
a 675 829 3
a 676 815 6
a 677 74 4
a 677 600 3
a 678 69 10
a 678 288 8
a 678 810 10
a 679 132 4
a 679 948 8
a 680 468 2
a 681 182 4
a 681 343 7
a 682 328 5
a 682 412 5
a 682 669 10
a 682 769 1
a 683 180 4
a 683 801 8
a 684 400 8
a 684 811 7
a 685 183 1
a 685 316 6
a 686 337 6
a 686 773 10
a 687 158 4
a 687 611 10
a 687 804 1
a 688 80 7
a 689 577 2
a 690 759 1
a 690 941 9
a 691 975 10
a 692 3 3
a 692 187 9
a 692 510 8
a 693 904 7
a 694 862 8
a 694 923 2
a 695 204 6
a 695 256 9
a 696 148 4
a 696 289 9
a 696 710 1
a 697 203 4
a 698 392 8
a 698 416 1
a 699 352 10
a 700 523 4
a 700 603 5
a 701 767 4
a 702 205 2
a 702 799 5
a 703 220 6
a 703 411 3
a 703 884 8
a 704 37 7
a 705 989 3
a 706 373 7
a 707 710 1
a 708 208 5
a 708 294 4
a 708 906 7
a 709 411 3
a 709 602 8
a 709 978 1
a 710 276 8
a 711 950 9
a 712 72 7
a 712 168 7
a 712 928 2
a 713 64 9
a 714 603 7
a 715 45 1
a 715 297 4
a 716 258 7
a 716 751 1
a 716 851 8
a 717 138 4
a 717 521 3
a 718 32 4
a 718 279 7
a 719 177 6
a 720 358 2
a 721 146 4
a 721 573 3
a 722 808 10
a 722 937 1
a 723 501 1
a 723 959 5
a 724 350 2
a 725 143 10
a 726 303 2
a 726 458 10
a 727 678 9
a 727 724 5
a 728 112 10
a 728 523 10
a 729 195 4
a 729 391 7
a 730 361 10
a 730 369 1
a 730 858 6
a 730 894 8
a 731 171 4
a 731 193 8
a 731 478 8
a 732 355 7
a 732 977 7
a 733 41 8
a 733 730 4
a 734 46 2
a 734 149 5
a 734 823 1
a 735 800 6
a 736 16 3
a 736 229 9
a 736 360 8
a 736 967 2
a 737 870 2
a 738 157 8
a 739 24 10
a 739 331 3
a 740 544 5
a 740 660 1
a 741 526 5
a 741 866 8
a 742 547 4
a 743 66 2
a 744 946 7
a 745 14 6
a 745 765 4
a 746 269 6
a 747 24 1
a 747 204 4
a 747 420 4
a 747 792 4
a 748 963 3
a 749 329 4
a 749 858 2
a 750 920 8
a 751 895 10
a 752 129 1
a 752 326 6
a 752 591 4
a 753 760 5
a 754 257 6
a 754 504 2
a 754 592 8
a 755 75 6
a 755 308 4
a 755 720 8
a 756 914 5
a 756 947 7
a 757 980 4
a 758 486 7
a 759 803 1
a 759 839 10
a 760 174 3
a 760 558 10
a 761 18 10
a 761 803 6
a 761 975 9
a 762 580 2
a 762 588 1
a 762 659 5
a 763 282 7
a 763 568 1
a 764 638 6
a 765 182 10
a 766 881 9
a 766 965 10
a 767 50 10
a 768 127 6
a 768 861 6
a 769 155 10
a 769 240 9
a 770 461 4
a 770 551 7
a 770 624 3
a 770 658 9
a 770 692 2
a 771 877 5
a 772 926 10
a 772 939 10
a 773 62 4
a 773 223 7
a 773 429 9
a 773 456 7
a 773 585 3
a 773 716 6
a 774 558 9
a 775 370 4
a 775 863 3
a 776 424 9
a 777 629 1
a 777 678 3
a 777 955 2
a 778 483 6
a 778 916 3
a 778 949 4
a 779 270 9
a 779 365 9
a 779 827 3
a 780 313 1
a 781 752 8
a 781 826 8
a 782 48 4
a 782 355 8
a 783 904 1
a 784 374 1
a 785 223 9
a 786 270 5
a 786 353 4
a 786 390 5
a 786 539 9
a 787 432 6
a 787 496 10
a 787 595 6
a 788 33 4
a 788 822 10
a 789 578 7
a 789 660 2
a 790 32 5
a 791 135 8
a 791 189 3
a 792 660 10
a 792 694 10
a 793 509 1
a 794 210 1
a 795 395 9
a 795 960 8
a 796 155 6
a 796 331 3
a 796 862 8
a 797 126 8
a 797 642 5
a 798 162 5
a 798 778 2
a 799 58 2
a 799 153 8
a 800 77 4
a 800 808 7
a 800 863 3
a 801 234 3
a 801 474 5
a 802 634 10
a 803 381 7
a 803 735 6
a 804 311 7
a 804 318 7
a 804 754 7
a 805 731 8
a 805 981 6
a 806 816 6
a 807 836 9
a 807 951 2
a 808 893 9
a 808 935 1
a 809 76 5
a 810 282 9
a 810 699 2
a 810 722 3
a 810 896 8
a 811 868 4
a 812 40 8
a 812 113 5
a 812 845 3
a 813 558 3
a 814 39 4
a 814 210 1
a 815 179 9
a 815 357 4
a 815 976 6
a 816 335 5
a 816 348 3
a 816 891 7
a 817 475 4
a 817 520 6
a 817 603 7
a 817 750 6
a 818 582 10
a 818 621 5
a 818 962 7
a 819 151 7
a 820 124 5
a 820 176 10
a 820 681 1
a 821 752 6
a 822 57 5
a 823 920 8
a 824 453 8
a 824 485 3
a 824 607 9
a 824 953 9
a 825 547 8
a 825 907 4
a 826 70 7
a 826 564 8
a 827 856 3
a 828 485 2
a 829 375 2
a 830 420 5
a 831 366 4
a 832 496 1
a 832 720 10
a 832 899 3
a 833 224 4
a 833 346 8
a 834 358 4
a 834 434 5
a 834 936 5
a 834 988 2
a 835 468 6
a 835 916 3
a 836 894 4
a 837 272 4
a 838 86 4
a 839 282 8
a 840 459 7
a 840 569 9
a 841 798 5
a 842 469 5
a 842 569 9
a 842 625 5
a 843 820 8
a 844 585 4
a 845 197 9
a 845 610 10
a 845 719 10
a 845 742 10
a 846 275 1
a 846 466 3
a 847 266 7
a 848 413 10
a 848 570 5
a 848 586 10
a 849 43 10
a 849 325 1
a 849 457 7
a 849 482 2
a 850 180 6
a 850 614 8
a 850 890 2
a 851 118 5
a 851 754 3
a 852 355 7
a 852 848 3
a 853 841 7
a 854 342 6
a 854 651 2
a 855 158 2
a 855 264 10
a 856 312 6
a 856 857 7
a 857 578 7
a 858 197 6
a 858 687 10
a 859 559 4
a 859 836 1
a 860 198 5
a 860 274 6
a 860 502 7
a 860 837 9
a 861 791 7
a 862 873 7
a 862 960 1
a 863 15 9
a 863 186 5
a 863 589 8
a 864 128 6
a 865 243 10
a 865 356 3
a 865 778 7
a 866 291 4
a 866 622 7
a 866 855 4
a 867 531 1
a 868 66 6
a 869 216 1
a 869 444 6
a 869 598 3
a 870 605 2
a 871 383 1
a 871 746 5
a 871 829 9
a 872 207 1
a 872 666 1
a 873 958 5
a 873 968 7
a 874 94 4
a 874 428 7
a 875 7 7
a 875 101 5
a 876 31 6
a 876 56 9
a 876 61 8
a 876 614 10
a 877 505 5
a 877 691 7
a 878 755 2
a 879 251 9
a 879 338 8
a 879 561 9
a 880 247 10
a 880 714 9
a 881 495 1
a 881 552 8
a 882 733 6
a 882 974 8
a 883 767 7
a 883 864 6
a 884 135 6
a 884 700 2
a 885 226 9
a 885 538 2
a 886 324 7
a 886 472 5
a 887 448 2
a 888 120 8
a 888 185 1
a 888 859 2
a 889 37 9
a 889 421 10
a 890 125 5
a 890 652 10
a 890 717 9
a 891 463 5
a 892 386 1
a 892 537 2
a 892 575 2
a 893 24 3
a 893 306 8
a 894 330 3
a 894 364 6
a 894 628 9
a 895 271 10
a 896 165 9
a 897 964 7
a 898 592 7
a 899 344 7
a 899 991 10
a 900 147 10
a 900 181 5
a 901 383 9
a 901 476 9
a 902 127 9
a 902 637 1
a 903 328 10
a 904 545 6
a 905 561 1
a 906 26 1
a 906 709 5
a 907 633 9
a 907 983 5
a 908 318 6
a 908 491 1
a 909 190 7
a 910 134 10
a 910 499 6
a 910 812 2
a 911 533 7
a 911 912 3
a 912 285 7
a 913 23 5
a 914 664 8
a 914 701 2
a 915 347 2
a 915 469 9
a 915 541 5
a 916 244 5
a 916 374 8
a 917 737 7
a 918 930 6
a 918 963 8
a 919 21 7
a 919 338 8
a 920 801 1
a 921 128 3
a 921 581 4
a 921 756 1
a 921 910 7
a 922 293 3
a 923 76 1
a 923 230 8
a 923 583 1
a 923 986 5
a 924 210 2
a 925 85 9
a 925 164 6
a 925 900 2
a 926 13 1
a 926 352 7
a 926 432 8
a 926 826 4
a 927 77 7
a 927 189 7
a 927 759 1
a 928 518 2
a 929 590 6
a 930 800 9
a 931 325 8
a 932 20 1
a 933 560 4
a 933 642 6
a 933 666 10
a 934 685 10
a 935 476 9
a 935 913 10
a 936 685 4
a 936 690 4
a 936 727 4
a 936 752 5
a 937 712 8
a 937 805 5
a 938 640 3
a 938 672 4
a 938 809 9
a 939 991 1
a 940 67 7
a 940 373 3
a 940 439 7
a 941 273 6
a 942 27 1
a 942 280 5
a 942 632 1
a 942 911 8
a 943 71 7
a 944 49 1
a 944 548 2
a 944 636 6
a 945 180 8
a 946 575 4
a 946 999 9
a 947 302 2
a 947 393 1
a 947 955 10
a 948 401 6
a 948 713 1
a 948 736 4
a 949 52 3
a 950 258 5
a 950 567 3
a 951 61 3
a 952 211 3
a 952 532 7
a 952 809 2
a 952 835 4
a 953 91 5
a 953 661 7
a 953 752 10
a 953 849 1
a 953 879 7
a 954 935 8
a 955 809 7
a 956 204 6
a 957 155 6
a 957 248 6
a 958 84 1
a 958 575 8
a 958 929 10
a 959 120 10
a 959 579 3
a 960 58 3
a 960 218 5
a 960 935 2
a 960 991 1
a 961 428 6
a 962 759 2
a 963 903 10
a 964 463 4
a 964 482 9
a 965 173 1
a 965 277 9
a 965 751 9
a 966 464 9
a 966 793 8
a 967 34 5
a 967 487 2
a 968 219 10
a 968 374 7
a 969 333 4
a 970 287 1
a 970 881 7
a 970 949 1
a 971 284 3
a 971 701 9
a 971 802 5
a 971 924 4
a 972 312 6
a 973 496 4
a 973 535 5
a 974 659 5
a 975 382 10
a 975 877 7
a 976 163 3
a 976 327 10
a 976 888 1
a 977 201 1
a 977 242 6
a 978 82 4
a 978 828 5
a 979 125 5
a 979 516 1
a 980 360 9
a 981 292 4
a 981 515 1
a 982 976 1
a 983 511 9
a 983 616 8
a 983 882 5
a 984 52 1
a 985 304 6
a 986 382 1
a 986 451 8
a 986 632 9
a 986 832 8
a 987 695 10
a 988 332 7
a 988 798 9
a 989 254 3
a 990 643 5
a 991 282 1
a 991 577 2
a 992 470 9
a 993 916 8
a 994 89 2
a 994 519 10
a 994 872 5
a 995 292 8
a 995 527 9
a 996 268 5
a 996 486 3
a 997 13 5
a 998 561 7
a 999 28 7
a 999 342 6
a 999 442 1
a 999 615 6
a 999 783 8
a 999 846 4
