p max 1000 2000
n 1 s
n 1000 t
a 1 949 7
a 1 978 5
a 2 140 10
a 3 284 9
a 3 838 3
a 4 250 5
a 4 430 1
a 4 645 6
a 4 730 4
a 5 9 10
a 5 804 5
a 6 792 7
a 6 840 8
a 7 8 3
a 8 295 10
a 9 564 3
a 9 646 6
a 9 836 2
a 10 73 5
a 10 991 5
a 11 993 1
a 12 481 2
a 13 630 8
a 13 634 2
a 14 133 10
a 15 754 10
a 16 293 5
a 16 382 7
a 16 996 1
a 17 137 6
a 17 150 3
a 18 307 4
a 18 574 2
a 19 32 9
a 19 351 6
a 19 576 3
a 20 132 2
a 20 532 9
a 20 857 3
a 21 409 5
a 22 270 5
a 22 362 3
a 22 438 6
a 23 2 7
a 23 95 5
a 23 779 3
a 24 269 4
a 24 361 1
a 24 427 9
a 25 329 4
a 25 730 3
a 26 392 1
a 26 821 10
a 26 934 5
a 27 765 8
a 28 275 9
a 28 830 3
a 28 852 9
a 29 182 1
a 30 153 1
a 30 310 2
a 31 135 8
a 31 948 6
a 32 394 9
a 32 558 9
a 32 970 3
a 33 97 2
a 34 501 9
a 34 551 5
a 35 478 9
a 35 960 10
a 36 874 8
a 37 23 3
a 37 302 8
a 38 50 6
a 39 638 10
a 40 138 10
a 41 359 1
a 41 863 8
a 41 869 9
a 42 639 5
a 43 461 2
a 43 566 4
a 44 910 4
a 45 308 5
a 45 570 1
a 45 696 4
a 46 145 1
a 46 226 2
a 46 848 7
a 47 550 5
a 47 747 5
a 48 589 8
a 48 681 7
a 48 962 3
a 49 865 6
a 50 457 9
a 51 139 10
a 51 506 3
a 51 982 3
a 52 43 7
a 52 126 4
a 52 805 2
a 53 440 7
a 53 833 4
a 53 940 3
a 54 432 6
a 54 997 6
a 55 428 2
a 55 517 10
a 55 732 8
a 55 802 2
a 55 965 1
a 56 238 3
a 57 174 1
a 57 867 4
a 58 762 1
a 59 126 2
a 59 469 9
a 60 104 5
a 60 283 8
a 60 979 7
a 61 209 2
a 62 120 6
a 62 658 9
a 62 800 1
a 63 15 5
a 63 826 9
a 64 239 7
a 64 245 2
a 64 611 5
a 64 612 5
a 65 579 5
a 66 484 4
a 66 687 1
a 66 707 1
a 67 473 3
a 67 767 1
a 67 895 8
a 68 145 3
a 68 804 5
a 69 924 3
a 70 4 10
a 71 33 9
a 71 366 5
a 71 748 3
a 72 354 1
a 72 627 7
a 72 897 3
a 73 197 9
a 73 986 5
a 74 164 2
a 75 10 6
a 75 651 6
a 76 521 8
a 76 817 4
a 77 309 8
a 77 899 2
a 78 676 10
a 79 19 4
a 79 536 5
a 79 816 6
a 80 99 3
a 80 470 7
a 80 535 6
a 80 647 9
a 81 18 6
a 81 161 10
a 81 367 4
a 82 928 4
a 83 998 2
a 84 782 7
a 85 565 4
a 86 164 9
a 86 841 1
a 87 115 4
a 87 766 4
a 88 370 9
a 89 569 6
a 90 158 4
a 90 333 10
a 90 559 6
a 90 777 5
a 91 683 1
a 92 440 4
a 92 561 4
a 92 961 10
a 93 884 10
a 94 697 1
a 94 740 8
a 94 971 6
a 95 109 1
a 95 579 9
a 95 828 6
a 96 39 9
a 96 610 4
a 96 853 9
a 97 617 2
a 97 746 5
a 98 597 10
a 99 477 3
a 100 70 4
a 100 287 9
a 100 606 1
a 100 631 2
a 100 744 3
a 101 111 6
a 101 316 2
a 102 203 9
a 102 618 4
a 102 628 1
a 102 941 6
a 103 419 7
a 103 432 7
a 104 4 8
a 104 336 2
a 104 636 10
a 105 355 9
a 105 529 1
a 106 377 3
a 107 266 6
a 107 392 1
a 107 408 8
a 107 839 7
a 108 11 1
a 108 549 8
a 108 774 8
a 108 913 4
a 109 378 8
a 109 427 10
a 110 446 1
a 111 451 1
a 112 37 8
a 113 407 6
a 113 434 6
a 113 729 9
a 114 102 8
a 115 725 4
a 115 809 1
a 115 814 9
a 116 330 3
a 116 678 2
a 116 858 7
a 117 59 10
a 117 215 3
a 117 911 4
a 118 12 7
a 118 507 4
a 118 650 7
a 118 825 2
a 119 441 7
a 120 210 7
a 120 217 9
a 120 248 4
a 120 528 5
a 120 554 3
a 121 324 8
a 122 397 8
a 122 714 1
a 123 484 4
a 123 889 1
a 124 63 2
a 125 497 3
a 125 511 10
a 125 955 8
a 126 554 6
a 126 1000 2
a 127 854 6
a 128 557 1
a 128 920 3
a 129 515 10
a 129 655 1
a 130 476 3
a 130 587 6
a 131 38 1
a 131 575 10
a 132 265 10
a 132 726 6
a 133 543 2
a 134 138 3
a 134 391 10
a 135 776 8
a 136 306 8
a 136 870 8
a 137 391 3
a 138 258 10
a 138 719 7
a 139 359 9
a 139 636 4
a 140 223 5
a 140 949 4
a 141 776 10
a 142 212 5
a 142 862 10
a 143 838 8
a 144 417 4
a 145 178 7
a 145 553 5
a 145 770 8
a 146 339 2
a 146 620 6
a 147 63 10
a 147 635 9
a 147 867 8
a 148 636 4
a 149 84 8
a 149 142 8
a 149 489 5
a 149 975 4
a 150 167 4
a 151 921 2
a 152 372 8
a 153 126 1
a 153 419 8
a 154 121 5
a 154 144 7
a 154 560 10
a 155 847 9
a 156 444 2
a 157 638 1
a 157 692 2
a 157 827 6
a 158 412 9
a 158 584 5
a 158 820 7
a 159 719 9
a 160 50 2
a 160 127 8
a 160 201 8
a 161 692 1
a 162 170 1
a 162 614 6
a 163 162 4
a 163 198 6
a 163 381 1
a 163 722 10
a 164 263 9
a 164 718 5
a 164 751 9
a 165 602 4
a 165 632 7
a 166 211 3
a 166 930 1
a 167 163 9
a 168 499 7
a 169 585 5
a 170 19 1
a 171 227 1
a 171 654 8
a 172 66 7
a 172 280 7
a 172 318 3
a 172 500 10
a 172 963 1
a 173 304 5
a 174 257 2
a 174 836 9
a 175 124 3
a 175 140 1
a 175 505 6
a 175 548 9
a 176 676 7
a 177 308 5
a 177 566 3
a 177 662 7
a 178 686 9
a 179 954 4
a 180 557 1
a 181 57 8
a 181 555 6
a 182 19 6
a 182 386 6
a 182 637 10
a 182 765 1
a 182 787 3
a 183 649 3
a 184 26 9
a 184 483 6
a 185 670 2
a 186 37 3
a 187 231 7
a 187 288 10
a 187 810 1
a 187 997 3
a 188 95 9
a 189 35 9
a 189 546 3
a 189 980 9
a 190 543 6
a 190 608 7
a 190 727 8
a 190 756 10
a 191 274 7
a 191 297 5
a 191 508 9
a 191 534 8
a 192 294 6
a 193 650 6
a 194 897 8
a 195 161 7
a 196 25 10
a 196 699 3
a 197 939 10
a 198 10 10
a 199 28 6
a 199 439 10
a 199 781 10
a 200 264 1
a 201 409 10
a 201 425 7
a 202 193 7
a 202 226 10
a 203 252 4
a 203 981 5
a 204 17 1
a 204 279 2
a 204 799 5
a 204 851 3
a 204 865 2
a 205 328 8
a 206 332 7
a 206 342 8
a 206 508 8
a 207 236 3
a 207 616 9
a 207 673 4
a 207 988 1
a 208 137 3
a 208 570 3
a 209 419 5
a 209 479 10
a 210 873 1
a 211 345 3
a 211 760 2
a 211 845 8
a 212 688 1
a 213 470 8
a 214 283 9
a 214 287 9
a 215 55 2
a 216 114 6
a 216 931 9
a 217 996 7
a 218 321 6
a 219 600 4
a 219 721 10
a 220 605 2
a 220 693 3
a 220 820 8
a 221 303 9
a 221 474 1
a 221 621 10
a 221 701 7
a 221 874 3
a 222 417 4
a 223 292 1
a 224 243 5
a 224 530 7
a 224 628 2
a 225 374 8
a 225 449 8
a 225 778 9
a 226 36 7
a 226 525 4
a 227 106 2
a 228 719 2
a 229 304 2
a 229 976 7
a 230 100 2
a 230 503 2
a 231 167 10
a 231 913 7
a 231 944 6
a 232 194 2
a 233 681 8
a 234 438 6
a 234 485 8
a 234 659 8
a 234 701 10
a 234 829 1
a 235 509 1
a 236 634 1
a 236 753 7
a 237 830 7
a 238 46 9
a 238 399 7
a 238 911 5
a 239 867 4
a 240 757 5
a 241 168 2
a 241 694 9
a 242 475 8
a 242 496 3
a 243 628 8
a 243 912 8
a 244 465 9
a 245 946 2
a 246 216 5
a 246 818 9
a 247 498 1
a 247 668 7
a 247 821 5
a 248 33 8
a 249 459 3
a 250 688 6
a 251 304 7
a 252 604 4
a 252 681 10
a 253 71 10
a 253 144 5
a 253 700 5
a 254 520 5
a 255 343 4
a 255 767 1
a 256 260 10
a 256 703 7
a 256 998 9
a 257 422 1
a 258 22 10
a 258 737 3
a 259 489 10
a 260 548 10
a 261 300 9
a 261 535 9
a 261 742 9
a 262 7 4
a 263 837 3
a 264 181 1
a 264 277 5
a 265 644 7
a 266 237 7
a 266 363 9
a 266 819 6
a 267 633 3
a 268 107 1
a 268 165 5
a 269 573 2
a 270 135 2
a 270 590 1
a 271 247 1
a 271 388 10
a 271 893 4
a 272 16 6
a 272 66 10
a 272 183 9
a 273 572 10
a 273 937 3
a 274 3 8
a 274 7 3
a 274 808 7
a 275 398 1
a 276 231 6
a 276 896 10
a 277 666 6
a 277 694 8
a 277 794 7
a 278 231 5
a 278 654 4
a 279 235 1
a 279 671 3
a 279 873 1
a 280 486 10
a 281 154 2
a 282 786 1
a 283 335 7
a 283 789 7
a 284 113 6
a 284 352 2
a 285 180 5
a 285 607 7
a 285 873 6
a 286 176 2
a 286 419 4
a 286 431 10
a 286 708 6
a 287 260 10
a 287 782 4
a 287 917 10
a 288 671 3
a 289 806 1
a 290 323 10
a 290 378 7
a 291 211 5
a 292 17 7
a 293 452 7
a 293 956 8
a 294 148 7
a 294 754 6
a 294 894 10
a 294 933 9
a 295 345 4
a 295 422 2
a 295 999 8
a 296 619 5
a 296 821 3
a 297 69 10
a 297 690 3
a 298 47 2
a 298 384 5
a 298 849 3
a 298 959 5
a 299 250 10
a 299 371 10
a 299 626 5
a 300 133 4
a 301 882 9
a 302 905 8
a 302 912 9
a 303 224 5
a 303 625 10
a 303 733 8
a 304 544 1
a 304 738 5
a 304 761 4
a 305 102 10
a 306 219 3
a 306 294 4
a 306 628 6
a 306 636 1
a 307 781 5
a 307 914 9
a 308 723 7
a 308 881 5
a 309 93 2
a 310 636 1
a 311 702 5
a 312 175 10
a 312 195 2
a 313 79 9
a 313 320 2
a 313 651 8
a 313 710 2
a 314 626 6
a 314 950 8
a 315 304 6
a 316 16 9
a 316 67 8
a 316 347 1
a 317 656 6
a 317 954 1
a 318 724 5
a 319 581 2
a 320 458 9
a 320 978 6
a 321 24 6
a 321 934 6
a 322 761 1
a 323 62 3
a 323 102 10
a 323 106 3
a 323 189 8
a 323 450 1
a 324 370 9
a 324 466 5
a 325 480 4
a 326 48 1
a 327 344 1
a 328 29 3
a 328 97 4
a 328 146 10
a 328 307 6
a 328 416 7
a 328 603 4
a 329 52 4
a 329 615 8
a 329 790 4
a 330 160 5
a 330 379 6
a 330 968 10
a 331 291 2
a 331 834 4
a 332 43 6
a 332 910 1
a 333 426 3
a 333 583 7
a 333 951 8
a 334 335 7
a 334 632 9
a 334 735 2
a 334 879 1
a 335 159 4
a 335 395 1
a 335 792 4
a 336 82 10
a 336 279 1
a 336 402 5
a 337 147 5
a 337 208 2
a 338 135 3
a 338 162 2
a 338 206 9
a 339 541 10
a 339 730 2
a 340 38 5
a 341 406 10
a 341 767 9
a 342 102 10
a 342 196 7
a 343 487 10
a 344 486 10
a 344 488 6
a 345 473 4
a 346 398 3
a 346 677 1
a 346 788 9
a 347 273 5
a 347 630 5
a 347 991 5
a 348 246 8
a 348 372 6
a 348 465 7
a 348 496 1
a 349 546 2
a 350 85 4
a 351 295 5
a 351 605 6
a 351 686 3
a 352 652 2
a 353 255 2
a 353 305 2
a 353 350 4
a 353 691 7
a 354 504 8
a 354 859 3
a 354 918 7
a 355 877 5
a 356 134 8
a 356 664 5
a 357 141 6
a 357 734 7
a 357 782 4
a 358 620 6
a 358 723 5
a 359 81 2
a 359 616 2
a 359 741 4
a 360 85 1
a 360 159 3
a 360 606 2
a 360 786 1
a 361 316 8
a 361 540 8
a 362 368 9
a 362 382 6
a 363 534 3
a 363 554 4
a 363 595 3
a 363 854 10
a 363 887 9
a 364 117 5
a 364 314 7
a 364 954 8
a 365 857 5
a 366 569 6
a 367 78 8
a 368 472 1
a 368 869 3
a 369 167 10
a 370 615 4
a 371 93 3
a 371 344 10
a 371 788 1
a 372 42 10
a 372 207 3
a 373 669 4
a 374 78 4
a 375 264 4
a 375 768 8
a 376 674 5
a 377 6 10
a 377 109 1
a 377 713 10
a 378 991 9
a 379 164 9
a 380 64 8
a 380 374 3
a 380 626 1
a 381 151 2
a 381 871 8
a 381 915 1
a 381 926 3
a 382 387 5
a 383 920 2
a 384 81 1
a 384 369 7
a 384 378 1
a 384 627 3
a 385 817 5
a 385 883 6
a 386 276 6
a 386 309 2
a 386 999 4
a 387 481 5
a 387 511 8
a 387 932 3
a 388 313 1
a 388 909 1
a 389 676 4
a 390 49 8
a 390 160 2
a 390 353 9
a 390 764 9
a 391 196 7
a 392 951 1
a 393 237 9
a 393 452 7
a 393 735 2
a 394 129 8
a 394 432 10
a 395 457 7
a 395 743 10
a 395 907 8
a 396 76 4
a 396 468 6
a 397 319 6
a 397 330 3
a 398 233 10
a 399 858 6
a 400 66 6
a 400 884 4
a 401 128 5
a 401 512 7
a 401 958 1
a 402 341 7
a 402 490 3
a 402 783 9
a 403 115 7
a 403 125 7
a 403 464 6
a 403 987 4
a 404 913 5
a 405 176 10
a 406 8 4
a 406 216 8
a 406 806 7
a 407 667 5
a 408 839 6
a 408 921 6
a 409 192 4
a 410 736 8
a 411 694 4
a 412 21 2
a 412 260 9
a 412 641 3
a 412 947 1
a 413 412 10
a 413 749 3
a 414 821 10
a 415 116 2
a 415 470 10
a 415 513 8
a 416 215 2
a 416 690 7
a 417 26 7
a 417 319 7
a 418 243 2
a 419 161 7
a 419 945 2
a 420 623 2
a 420 698 7
a 421 89 6
a 421 236 1
a 422 819 9
a 423 149 7
a 423 233 4
a 423 765 3
a 424 389 5
a 424 675 9
a 424 746 6
a 425 688 2
a 425 744 8
a 426 755 5
a 426 760 6
a 426 935 2
a 427 346 9
a 427 837 3
a 427 989 4
a 428 851 6
a 429 581 2
a 429 817 7
a 430 144 5
a 430 856 6
a 430 872 5
a 431 225 7
a 431 717 10
a 432 267 4
a 432 938 3
a 433 706 2
a 434 31 5
a 434 464 1
a 434 596 3
a 435 186 8
a 436 344 6
a 437 41 4
a 437 680 6
a 437 972 7
a 438 494 2
a 438 540 7
a 438 542 8
a 439 403 1
a 439 565 5
a 440 57 6
a 440 74 2
a 440 230 10
a 441 295 10
a 441 822 6
a 442 187 8
a 443 200 7
a 443 261 7
a 444 253 9
a 444 268 1
a 445 765 7
a 446 202 3
a 446 281 4
a 446 305 6
a 447 797 2
a 448 483 3
a 449 89 7
a 449 304 8
a 449 557 3
a 449 825 2
a 450 119 7
a 451 262 2
a 451 615 3
a 451 648 1
a 451 832 7
a 452 391 5
a 452 708 1
a 453 389 3
a 453 537 4
a 453 545 6
a 454 42 1
a 454 879 3
a 455 61 1
a 455 753 2
a 456 12 4
a 457 580 8
a 457 898 9
a 458 187 3
a 458 202 8
a 458 442 1
a 459 798 2
a 460 20 1
a 460 195 1
a 461 471 6
a 461 845 5
a 462 288 6
a 463 416 9
a 463 538 10
a 464 3 3
a 464 413 4
a 464 727 6
a 465 56 3
a 465 182 4
a 466 581 10
a 467 143 4
a 467 320 5
a 467 331 8
a 467 547 5
a 468 286 7
a 469 222 5
a 469 223 2
a 470 352 10
a 470 804 9
a 470 885 6
a 471 780 10
a 472 275 6
a 473 325 3
a 473 657 10
a 473 734 8
a 474 692 10
a 474 929 1
a 475 657 8
a 475 752 6
a 475 927 7
a 476 454 9
a 477 583 1
a 478 810 4
a 479 336 2
a 480 610 6
a 481 511 4
a 481 757 3
a 482 246 5
a 483 603 1
a 483 699 7
a 483 796 7
a 484 63 2
a 484 954 7
a 484 974 6
a 485 312 3
a 485 472 6
a 485 493 1
a 486 390 4
a 486 567 7
a 486 587 1
a 487 110 3
a 487 848 1
a 488 270 9
a 489 164 8
a 489 322 4
a 489 459 10
a 489 711 9
a 489 789 4
a 490 862 5
a 490 919 6
a 491 609 6
a 491 907 7
a 492 627 4
a 493 661 3
a 493 835 7
a 494 381 3
a 494 669 1
a 495 192 1
a 495 301 4
a 495 610 9
a 496 338 1
a 497 292 6
a 497 510 2
a 497 554 8
a 498 452 5
a 499 724 9
a 500 83 6
a 500 925 5
a 500 981 7
a 501 863 8
a 502 571 4
a 503 131 9
a 503 199 3
a 504 44 6
a 505 801 10
a 506 234 7
a 506 601 6
a 507 329 2
a 507 709 10
a 508 648 9
a 509 405 2
a 509 701 9
a 510 631 10
a 510 928 2
a 511 509 2
a 511 668 9
a 511 775 9
a 512 553 6
a 512 801 7
a 512 803 6
a 513 173 9
a 513 194 6
a 513 731 10
a 513 909 9
a 514 85 1
a 514 473 1
a 515 523 1
a 515 607 9
a 516 155 4
a 516 209 4
a 516 268 1
a 517 689 2
a 517 725 3
a 518 376 6
a 518 630 2
a 519 117 3
a 520 231 1
a 521 650 9
a 522 451 7
a 523 657 8
a 523 964 7
a 524 704 5
a 525 152 7
a 526 753 9
a 527 180 1
a 527 776 7
a 527 936 10
a 528 629 1
a 528 941 1
a 529 216 10
a 530 190 1
a 530 205 6
a 531 602 3
a 531 734 10
a 532 919 10
a 533 781 9
a 534 793 5
a 534 906 1
a 535 489 6
a 536 326 8
a 536 665 1
a 536 710 5
a 537 191 8
a 537 656 7
a 538 264 9
a 538 311 7
a 538 610 4
a 538 723 7
a 539 68 10
a 539 363 9
a 540 685 5
a 540 850 3
a 540 926 5
a 541 832 7
a 542 618 4
a 542 900 10
a 543 65 4
a 544 176 7
a 545 313 6
a 546 531 9
a 546 847 1
a 546 925 2
a 547 27 7
a 547 567 1
a 547 811 3
a 548 285 7
a 549 891 3
a 549 937 5
a 550 445 5
a 550 895 8
a 551 801 7
a 552 947 7
a 553 448 7
a 553 575 5
a 553 918 3
a 554 183 6
a 554 360 6
a 555 808 2
a 556 690 4
a 557 65 8
a 558 765 1
a 559 94 10
a 559 864 9
a 560 921 5
a 561 706 3
a 562 30 8
a 562 763 10
a 563 585 6
a 564 447 1
a 565 330 7
a 565 421 3
a 566 876 9
a 567 983 2
a 568 686 3
a 569 702 3
a 570 64 8
a 571 135 7
a 572 518 10
a 572 849 2
a 573 171 10
a 573 889 6
a 573 966 6
a 574 65 4
a 574 924 3
a 575 871 2
a 576 169 10
a 576 454 2
a 576 565 10
a 576 732 9
a 577 547 5
a 577 768 6
a 578 73 6
a 578 136 2
a 578 185 2
a 579 770 10
a 579 866 1
a 580 60 4
a 581 836 2
a 582 238 3
a 583 254 8
a 583 367 5
a 584 357 10
a 585 33 6
a 585 942 10
a 586 90 7
a 586 385 9
a 587 232 6
a 587 877 2
a 588 332 1
a 589 403 6
a 590 23 10
a 591 521 2
a 591 846 3
a 592 151 2
a 592 594 7
a 593 43 9
a 594 352 6
a 594 712 5
a 595 79 2
a 595 679 2
a 596 151 4
a 596 338 7
a 596 455 6
a 596 597 9
a 596 706 5
a 597 199 8
a 597 526 9
a 598 948 10
a 599 373 7
a 600 931 1
a 601 231 2
a 601 586 8
a 601 938 8
a 602 277 4
a 602 860 4
a 603 815 8
a 604 123 5
a 604 324 7
a 604 420 9
a 604 870 8
a 605 101 10
a 605 877 3
a 606 150 3
a 606 404 8
a 606 640 6
a 607 16 1
a 607 761 3
a 608 815 7
a 609 14 2
a 609 216 1
a 610 161 4
a 610 399 8
a 610 568 4
a 611 443 9
a 612 172 10
a 612 750 9
a 612 838 9
a 612 960 5
a 613 226 8
a 614 639 2
a 615 192 4
a 615 922 3
a 616 725 8
a 617 649 10
a 618 768 4
a 619 863 9
a 620 317 4
a 620 671 4
a 621 757 10
a 622 454 2
a 622 552 7
a 622 558 4
a 623 436 3
a 623 987 1
a 624 652 2
a 624 736 5
a 625 915 3
a 626 960 3
a 627 488 6
a 628 400 9
a 628 655 5
a 629 72 8
a 629 313 4
a 630 86 1
a 631 92 10
a 631 139 9
a 631 823 3
a 631 843 8
a 632 218 8
a 632 565 9
a 633 253 4
a 634 639 1
a 635 295 5
a 635 724 9
a 636 51 2
a 636 447 6
a 636 812 1
a 636 835 2
a 636 967 4
a 637 444 10
a 637 598 8
a 637 791 9
a 638 619 5
a 639 60 2
a 639 352 8
a 640 5 4
a 640 684 5
a 640 910 2
a 641 69 6
a 641 179 10
a 642 234 10
a 643 400 5
a 643 901 10
a 644 130 5
a 644 269 1
a 644 878 2
a 644 886 9
a 645 273 4
a 646 60 5
a 647 757 3
a 648 224 8
a 648 285 1
a 648 418 6
a 648 705 10
a 649 727 8
a 649 969 3
a 650 798 4
a 650 850 6
a 650 861 9
a 651 413 6
a 651 585 4
a 652 319 8
a 652 844 5
a 653 184 4
a 653 291 7
a 653 417 8
a 653 743 2
a 654 477 7
a 654 943 6
a 655 464 2
a 655 938 2
a 656 76 6
a 656 349 5
a 657 54 2
a 657 471 10
a 657 533 3
a 658 29 6
a 659 742 3
a 660 80 8
a 660 342 8
a 660 401 9
a 660 578 5
a 660 592 2
a 661 126 6
a 662 600 2
a 662 818 10
a 663 386 4
a 664 365 4
a 664 417 6
a 664 716 9
a 664 835 7
a 665 625 9
a 666 282 10
a 666 739 7
a 666 774 7
a 666 832 3
a 666 842 7
a 667 729 4
a 667 887 4
a 667 984 6
a 668 763 6
a 668 929 1
a 669 63 7
a 669 249 10
a 669 658 8
a 670 467 1
a 670 525 7
a 671 200 7
a 671 277 1
a 671 983 7
a 672 55 2
a 672 96 5
a 672 157 2
a 673 268 5
a 673 424 3
a 674 15 9
a 674 715 8
a 674 720 6
a 675 194 7
a 675 443 1
a 676 43 5
a 676 890 10
a 677 373 1
a 678 470 9
a 679 746 9
a 680 88 1
a 681 374 10
a 682 18 2
a 682 300 6
a 683 197 4
a 683 383 5
a 683 672 10
a 684 670 7
a 684 692 2
a 684 701 3
a 685 149 6
a 686 844 5
a 686 933 10
a 687 753 8
a 688 356 9
a 688 813 5
a 689 390 8
a 690 112 6
a 690 520 1
a 690 686 10
a 691 106 8
a 691 338 6
a 692 265 5
a 692 378 10
a 693 795 4
a 694 268 9
a 695 847 9
a 696 762 8
a 697 242 5
a 697 625 1
a 697 676 5
a 698 240 1
a 699 73 1
a 699 415 1
a 699 611 1
a 700 639 1
a 700 736 9
a 701 40 7
a 701 792 9
a 702 238 7
a 702 699 7
a 703 577 9
a 703 701 1
a 703 882 7
a 704 698 7
a 705 78 2
a 705 244 10
a 706 160 5
a 706 463 1
a 706 479 1
a 706 866 9
a 707 207 2
a 707 214 2
a 707 296 10
a 707 785 4
a 708 118 8
a 708 729 9
a 709 529 1
a 710 308 1
a 711 171 9
a 711 563 10
a 712 272 9
a 712 309 3
a 713 32 2
a 713 761 2
a 714 306 3
a 715 437 10
a 715 493 8
a 715 759 8
a 715 872 2
a 716 887 4
a 716 903 1
a 716 923 10
a 717 111 5
a 717 348 2
a 717 967 9
a 718 113 5
a 719 414 7
a 719 872 8
a 720 292 8
a 721 521 7
a 721 628 7
a 721 707 3
a 722 364 1
a 722 588 9
a 723 419 8
a 723 441 5
a 723 994 4
a 724 34 2
a 724 561 5
a 724 992 9
a 725 732 5
a 726 549 6
a 727 748 7
a 728 662 10
a 728 859 10
a 729 429 5
a 729 553 5
a 730 653 3
a 730 911 6
a 731 757 5
a 732 151 6
a 732 234 6
a 732 254 4
a 732 937 1
a 733 87 2
a 733 162 1
a 733 582 4
a 734 79 4
a 735 73 3
a 735 123 10
a 735 168 10
a 735 223 5
a 735 604 7
a 735 900 8
a 736 580 2
a 736 932 9
a 737 683 8
a 737 736 6
a 737 977 10
a 738 373 10
a 738 432 6
a 738 674 3
a 739 274 5
a 740 204 8
a 740 410 8
a 740 835 1
a 741 119 10
a 741 499 4
a 741 608 9
a 741 644 9
a 742 563 1
a 743 189 4
a 743 366 9
a 743 961 5
a 744 589 3
a 745 196 2
a 746 925 5
a 747 797 8
a 748 978 3
a 749 477 1
a 750 77 7
a 750 790 3
a 751 527 9
a 751 551 8
a 751 640 3
a 752 127 10
a 752 271 6
a 752 421 5
a 752 831 4
a 753 505 8
a 753 702 5
a 754 562 1
a 754 850 2
a 755 44 5
a 755 247 2
a 756 659 2
a 757 612 9
a 758 251 8
a 758 423 1
a 758 927 10
a 759 725 9
a 759 843 1
a 760 321 8
a 760 652 9
a 761 556 8
a 762 157 9
a 763 53 8
a 763 327 6
a 764 27 10
a 764 290 7
a 765 213 2
a 765 597 3
a 766 69 2
a 766 170 5
a 767 645 6
a 767 660 1
a 768 240 3
a 768 405 4
a 769 395 1
a 770 553 5
a 771 453 5
a 771 763 1
a 772 45 1
a 772 502 5
a 772 546 4
a 773 523 9
a 774 482 10
a 774 814 10
a 774 983 1
a 775 164 9
a 775 833 1
a 776 65 8
a 776 381 4
a 776 880 4
a 777 486 7
a 777 761 1
a 777 855 1
a 777 908 1
a 778 720 9
a 779 55 6
a 779 489 10
a 779 772 5
a 780 156 10
a 780 205 1
a 780 927 8
a 781 702 9
a 782 156 6
a 782 579 1
a 783 51 5
a 784 476 1
a 785 463 6
a 786 491 7
a 786 550 8
a 787 516 4
a 787 542 9
a 788 332 2
a 788 358 6
a 788 622 1
a 789 746 1
a 790 370 6
a 790 727 8
a 791 695 1
a 792 146 6
a 792 228 8
a 792 569 4
a 792 780 3
a 793 105 3
a 793 397 4
a 793 447 7
a 793 829 7
a 794 417 7
a 794 434 7
a 794 916 1
a 795 133 6
a 795 841 6
a 796 345 9
a 797 74 4
a 797 927 6
a 798 377 8
a 798 761 6
a 799 836 1
a 799 902 4
a 800 29 1
a 801 114 6
a 801 332 8
a 802 468 4
a 803 487 7
a 804 841 10
a 805 675 6
a 805 838 1
a 806 91 1
a 806 107 10
a 806 868 7
a 807 161 7
a 807 914 1
a 808 186 4
a 808 304 7
a 809 155 2
a 809 728 1
a 810 209 4
a 810 795 7
a 811 35 9
a 811 649 2
a 812 212 10
a 812 593 10
a 813 186 7
a 814 835 10
a 815 27 9
a 815 100 8
a 816 308 8
a 817 53 4
a 817 154 5
a 817 1000 10
a 818 190 10
a 819 629 9
a 819 771 6
a 820 76 3
a 820 256 5
a 820 337 8
a 821 573 7
a 821 846 6
a 822 352 1
a 822 965 3
a 823 450 4
a 823 675 7
a 824 47 3
a 824 327 9
a 824 706 3
a 825 254 2
a 825 460 9
a 826 411 5
a 826 853 9
a 827 799 7
a 827 824 7
a 828 25 5
a 829 552 6
a 830 120 9
a 830 140 4
a 830 241 3
a 830 762 3
a 831 188 2
a 831 785 9
a 831 810 10
a 832 380 6
a 832 804 10
a 833 273 4
a 834 14 7
a 834 76 10
a 834 924 9
a 835 446 7
a 835 447 4
a 836 603 3
a 836 710 6
a 836 978 9
a 837 943 10
a 838 299 8
a 838 519 6
a 839 769 7
a 839 872 10
a 840 461 9
a 840 514 9
a 841 433 7
a 841 978 6
a 842 623 4
a 842 733 10
a 843 900 5
a 844 393 2
a 844 940 4
a 845 291 7
a 846 382 1
a 847 120 2
a 847 724 3
a 848 426 10
a 848 497 1
a 849 729 1
a 850 247 1
a 850 338 1
a 850 646 3
a 850 992 1
a 851 448 9
a 851 676 1
a 852 847 9
a 853 166 10
a 853 178 10
a 854 876 9
a 855 147 6
a 856 625 7
a 856 995 10
a 857 100 4
a 857 550 9
a 858 825 3
a 859 123 9
a 859 309 2
a 859 500 10
a 860 25 8
a 861 167 7
a 861 429 6
a 861 682 1
a 862 122 9
a 862 244 1
a 862 332 1
a 862 558 8
a 863 94 7
a 863 212 6
a 863 990 10
a 864 164 7
a 864 368 4
a 865 370 6
a 865 575 6
a 866 774 9
a 866 952 4
a 867 88 5
a 867 579 6
a 867 740 8
a 867 939 10
a 867 957 4
a 868 369 2
a 868 532 8
a 869 697 9
a 870 229 10
a 870 329 9
a 870 767 10
a 871 615 2
a 872 243 8
a 873 71 8
a 873 317 3
a 874 971 5
a 875 448 2
a 876 435 6
a 876 519 5
a 876 870 9
a 877 19 3
a 877 305 1
a 877 993 8
a 878 655 10
a 879 275 2
a 879 303 1
a 880 82 4
a 880 211 5
a 880 490 7
a 880 893 3
a 881 605 4
a 881 804 3
a 882 227 7
a 882 525 6
a 883 75 10
a 883 695 2
a 883 749 8
a 884 648 8
a 884 667 10
a 885 613 4
a 885 936 8
a 886 547 3
a 887 95 1
a 888 170 3
a 889 295 8
a 890 682 3
a 891 939 8
a 892 225 4
a 893 659 10
a 894 45 6
a 894 813 8
a 894 837 3
a 895 163 6
a 895 487 2
a 895 726 5
a 896 818 7
a 897 958 5
a 898 132 5
a 899 87 4
a 899 208 6
a 899 914 7
a 900 21 3
a 900 973 3
a 901 2 6
a 901 131 3
a 902 93 3
a 902 484 8
a 902 642 5
a 902 758 2
a 902 875 4
a 903 131 6
a 903 637 6
a 903 876 4
a 904 776 10
a 904 797 4
a 905 41 4
a 906 101 1
a 906 618 6
a 907 334 1
a 907 414 7
a 907 643 9
a 907 773 5
a 908 331 1
a 909 807 5
a 909 982 9
a 910 92 9
a 910 361 8
a 910 961 9
a 911 492 7
a 911 953 5
a 911 983 10
a 912 813 8
a 912 996 5
a 913 889 10
a 914 221 3
a 914 315 6
a 915 960 8
a 916 259 2
a 916 376 7
a 917 771 5
a 918 84 7
a 919 262 5
a 920 757 1
a 921 130 9
a 921 981 9
a 921 990 6
a 922 708 4
a 922 784 5
a 923 218 9
a 923 680 7
a 923 841 4
a 924 189 3
a 925 169 1
a 925 315 8
a 926 98 3
a 926 430 1
a 926 791 7
a 927 157 4
a 927 663 2
a 928 20 4
a 928 295 3
a 928 375 7
a 928 888 9
a 929 256 1
a 929 539 2
a 930 409 4
a 930 854 7
a 931 285 2
a 932 246 4
a 932 968 3
a 933 340 5
a 933 991 10
a 934 717 10
a 934 743 1
a 935 239 5
a 935 357 9
a 935 599 7
a 936 310 9
a 936 800 5
a 937 80 9
a 937 286 6
a 937 719 1
a 937 951 2
a 938 717 1
a 938 958 8
a 939 194 7
a 940 58 3
a 940 503 5
a 940 571 8
a 940 640 6
a 941 758 1
a 942 428 9
a 942 524 6
a 943 332 3
a 943 633 3
a 944 11 6
a 944 152 2
a 944 851 5
a 944 985 1
a 945 108 4
a 945 113 9
a 945 515 4
a 946 355 8
a 946 435 3
a 947 629 1
a 948 308 8
a 948 333 10
a 948 385 5
a 948 778 10
a 949 917 5
a 950 370 9
a 951 22 3
a 951 48 10
a 951 556 8
a 951 564 2
a 951 745 1
a 952 480 10
a 952 624 10
a 952 681 6
a 952 718 1
a 953 273 10
a 954 2 8
a 954 266 10
a 955 289 6
a 955 460 2
a 956 39 7
a 957 321 6
a 957 367 3
a 957 462 4
a 958 298 4
a 958 934 3
a 959 194 3
a 959 754 1
a 960 950 7
a 961 937 2
a 962 663 1
a 962 897 8
a 963 209 6
a 964 872 1
a 965 124 8
a 965 328 9
a 965 387 1
a 966 183 8
a 967 23 4
a 967 269 8
a 967 456 8
a 967 477 6
a 967 904 8
a 968 20 6
a 968 591 9
a 968 946 5
a 969 358 10
a 970 383 9
a 970 619 5
a 971 296 3
a 971 826 3
a 972 138 10
a 973 86 2
a 973 816 9
a 973 892 9
a 974 890 4
a 975 134 6
a 976 196 9
a 976 522 5
a 976 957 9
a 977 103 8
a 977 451 2
a 977 478 7
a 978 958 5
a 979 285 10
a 979 495 6
a 979 933 10
a 980 320 8
a 981 59 10
a 982 13 8
a 982 177 7
a 982 640 7
a 983 15 3
a 983 664 3
a 983 906 4
a 984 352 7
a 985 220 4
a 985 254 4
a 986 891 9
a 987 278 1
a 987 462 6
a 987 728 9
a 988 401 7
a 989 12 10
a 990 931 4
a 991 655 6
a 992 85 10
a 992 881 6
a 993 574 4
a 994 291 6
a 995 788 7
a 996 165 5
a 996 294 5
a 996 588 4
a 996 704 3
a 997 396 8
a 997 582 9
a 998 37 7
a 998 345 4
a 998 453 1
a 999 599 10
a 999 609 5
a 999 816 9
