p max 1000 2000
n 1 s
n 1000 t
a 1 54 7
a 1 654 9
a 1 724 8
a 2 60 4
a 2 133 4
a 3 390 9
a 3 921 3
a 4 502 7
a 4 859 6
a 5 298 2
a 5 388 6
a 5 663 3
a 6 223 9
a 6 305 4
a 7 315 9
a 8 416 4
a 8 441 4
a 9 380 5
a 9 813 5
a 9 925 1
a 10 102 2
a 10 692 1
a 11 241 4
a 12 717 5
a 13 57 5
a 13 137 5
a 13 805 2
a 14 407 10
a 14 657 6
a 15 181 3
a 15 400 9
a 15 615 2
a 16 53 6
a 16 693 7
a 17 12 3
a 17 540 4
a 18 91 9
a 18 688 5
a 19 519 8
a 20 159 9
a 21 250 9
a 21 808 1
a 21 909 9
a 22 354 1
a 22 810 7
a 23 266 1
a 24 932 4
a 24 955 4
a 25 75 6
a 26 902 9
a 27 596 5
a 27 600 6
a 27 684 7
a 28 362 3
a 28 525 8
a 29 126 6
a 29 292 6
a 30 251 10
a 31 162 10
a 32 18 3
a 33 358 3
a 33 897 7
a 34 337 4
a 34 366 1
a 34 766 5
a 35 153 6
a 35 178 10
a 35 448 4
a 35 800 3
a 35 890 7
a 36 809 2
a 37 861 9
a 38 90 8
a 38 133 5
a 38 454 4
a 38 716 6
a 38 737 2
a 38 903 7
a 39 581 1
a 39 601 9
a 39 863 3
a 40 199 1
a 40 483 2
a 40 554 4
a 40 721 2
a 41 379 10
a 41 452 4
a 41 470 2
a 42 459 1
a 43 242 9
a 43 772 6
a 43 814 6
a 43 938 10
a 44 18 6
a 44 539 2
a 45 474 4
a 45 629 8
a 45 880 5
a 45 915 10
a 46 355 10
a 46 853 10
a 47 101 6
a 47 203 1
a 47 487 7
a 47 500 2
a 48 466 3
a 48 677 10
a 49 795 6
a 50 272 4
a 50 743 6
a 51 639 4
a 51 671 9
a 52 126 2
a 52 876 8
a 52 983 7
a 53 425 1
a 53 714 8
a 54 995 8
a 55 316 10
a 56 262 8
a 56 416 10
a 56 684 1
a 57 399 3
a 58 533 9
a 59 158 8
a 59 513 10
a 60 5 1
a 60 280 8
a 60 473 1
a 61 111 10
a 61 677 9
a 61 694 9
a 61 878 9
a 62 122 7
a 62 195 8
a 63 583 9
a 64 489 10
a 64 676 7
a 64 872 2
a 65 178 2
a 66 635 1
a 67 310 1
a 67 335 7
a 68 352 6
a 68 542 5
a 69 232 4
a 69 246 2
a 70 237 4
a 70 380 6
a 71 843 3
a 72 250 10
a 72 378 1
a 73 742 4
a 74 525 3
a 75 13 2
a 75 644 9
a 76 427 9
a 77 562 7
a 78 897 9
a 78 925 10
a 79 688 4
a 80 213 2
a 80 547 4
a 80 556 9
a 81 52 4
a 81 273 5
a 81 730 10
a 82 22 7
a 82 565 2
a 83 299 7
a 84 715 8
a 85 858 8
a 85 879 10
a 86 576 2
a 86 937 8
a 87 520 3
a 87 546 5
a 87 836 10
a 88 218 5
a 89 553 3
a 89 914 10
a 90 13 3
a 91 364 5
a 91 906 5
a 92 44 4
a 92 319 8
a 93 25 7
a 93 720 10
a 93 768 8
a 94 456 7
a 95 423 5
a 95 729 5
a 96 883 9
a 97 766 6
a 98 143 3
a 98 465 6
a 98 803 3
a 99 712 2
a 100 650 1
a 101 593 8
a 101 710 4
a 102 121 8
a 102 393 7
a 103 296 3
a 104 326 1
a 105 357 9
a 105 467 5
a 106 318 5
a 107 360 3
a 107 968 1
a 108 242 8
a 108 465 7
a 108 980 8
a 109 268 3
a 110 356 6
a 111 214 1
a 112 46 4
a 112 80 4
a 113 68 3
a 113 81 8
a 113 85 8
a 113 583 6
a 114 163 8
a 114 427 10
a 115 25 7
a 115 225 10
a 115 446 6
a 116 691 5
a 117 599 10
a 118 576 3
a 118 685 7
a 119 15 4
a 119 634 8
a 119 644 8
a 120 13 6
a 120 347 10
a 120 471 10
a 120 514 1
a 121 441 4
a 122 187 3
a 122 231 7
a 123 9 9
a 123 33 7
a 123 166 5
a 123 248 9
a 123 559 5
a 123 753 10
a 124 501 5
a 125 91 9
a 125 308 8
a 125 641 9
a 126 267 5
a 126 751 8
a 126 762 1
a 127 774 2
a 128 59 6
a 128 560 10
a 128 862 6
a 129 706 10
a 130 602 6
a 131 267 8
a 131 648 3
a 131 809 4
a 132 50 8
a 132 325 3
a 133 807 9
a 134 844 5
a 135 324 6
a 135 595 9
a 136 32 2
a 136 632 10
a 137 248 9
a 137 936 5
a 138 94 9
a 138 656 8
a 139 878 9
a 140 234 7
a 140 556 2
a 141 217 10
a 142 788 4
a 142 904 3
a 143 419 3
a 144 653 5
a 144 745 5
a 145 77 2
a 146 893 5
a 146 908 1
a 147 761 5
a 148 99 10
a 148 188 8
a 148 725 2
a 148 798 7
a 149 334 5
a 150 428 3
a 150 960 7
a 151 455 1
a 151 599 1
a 151 653 7
a 152 894 3
a 153 190 4
a 154 208 10
a 155 24 1
a 156 294 3
a 156 651 9
a 157 382 4
a 157 763 10
a 158 365 9
a 158 510 4
a 158 792 6
a 159 430 9
a 160 364 6
a 161 242 4
a 161 781 9
a 162 236 8
a 162 347 5
a 162 383 10
a 163 945 7
a 164 146 9
a 164 491 1
a 165 99 10
a 165 403 4
a 165 690 8
a 166 499 5
a 167 386 10
a 167 387 10
a 167 943 7
a 168 42 2
a 168 100 8
a 169 47 7
a 169 573 4
a 170 18 1
a 170 83 1
a 170 941 4
a 171 31 8
a 171 44 9
a 171 405 7
a 172 460 1
a 173 62 9
a 173 507 1
a 173 662 9
a 173 856 10
a 174 257 8
a 175 70 9
a 176 472 5
a 176 574 3
a 176 680 5
a 177 42 9
a 178 32 3
a 178 156 8
a 179 734 5
a 180 295 6
a 180 994 6
a 181 217 4
a 181 857 8
a 182 854 1
a 183 534 2
a 184 510 9
a 185 338 9
a 185 482 8
a 185 555 4
a 185 922 3
a 186 824 8
a 187 829 4
a 188 541 6
a 188 854 4
a 189 904 4
a 189 919 1
a 190 933 10
a 191 30 4
a 191 357 4
a 192 458 7
a 192 747 3
a 193 24 7
a 193 308 1
a 193 999 8
a 194 7 9
a 194 434 6
a 195 930 9
a 196 405 6
a 197 372 5
a 197 831 9
a 198 843 7
a 199 86 2
a 199 848 5
a 200 512 4
a 201 252 1
a 201 505 5
a 202 878 9
a 203 33 10
a 203 256 7
a 203 465 5
a 203 961 4
a 204 268 2
a 204 661 8
a 205 319 5
a 205 712 7
a 206 334 5
a 206 594 6
a 207 515 5
a 207 524 4
a 207 945 6
a 208 222 9
a 209 647 7
a 209 949 2
a 210 732 6
a 211 744 10
a 211 749 8
a 211 869 6
a 212 873 2
a 213 265 9
a 213 752 3
a 213 823 3
a 214 394 4
a 214 652 8
a 214 911 8
a 215 464 10
a 216 628 2
a 216 693 5
a 216 802 5
a 217 790 7
a 218 389 3
a 218 427 10
a 219 470 10
a 220 212 4
a 220 392 8
a 220 649 4
a 221 350 7
a 222 211 5
a 222 920 6
a 223 473 10
a 223 531 2
a 223 592 2
a 224 69 1
a 224 397 6
a 225 221 10
a 226 992 3
a 227 52 7
a 227 690 10
a 228 507 4
a 228 586 6
a 228 701 2
a 229 582 8
a 229 707 1
a 230 20 8
a 230 739 7
a 231 417 1
a 231 463 3
a 231 523 3
a 232 274 5
a 232 447 1
a 233 799 9
a 233 998 7
a 234 643 10
a 235 938 4
a 236 402 8
a 237 401 4
a 238 176 1
a 238 194 5
a 239 773 5
a 240 645 9
a 241 166 4
a 242 103 8
a 242 171 5
a 243 912 5
a 244 114 8
a 244 794 9
a 244 848 1
a 245 20 10
a 246 211 10
a 246 322 8
a 246 898 4
a 247 887 5
a 248 866 7
a 248 870 1
a 249 65 8
a 249 426 8
a 250 641 7
a 251 216 6
a 251 331 2
a 251 345 1
a 251 880 9
a 252 73 10
a 252 743 3
a 252 787 6
a 252 838 7
a 253 574 3
a 254 18 2
a 254 193 5
a 254 837 4
a 255 185 7
a 255 814 6
a 256 258 5
a 256 751 2
a 257 119 2
a 257 870 7
a 258 635 2
a 258 910 1
a 259 104 8
a 260 504 4
a 261 59 9
a 261 239 2
a 261 598 4
a 261 602 4
a 262 902 1
a 263 999 7
a 264 56 7
a 264 363 3
a 264 855 10
a 265 356 4
a 265 472 1
a 266 623 10
a 266 725 6
a 267 603 1
a 267 794 1
a 268 450 3
a 268 522 1
a 268 616 9
a 269 69 10
a 269 172 3
a 269 187 2
a 269 314 3
a 270 566 6
a 270 917 7
a 271 621 5
a 272 195 7
a 272 509 5
a 272 990 5
a 273 77 1
a 273 155 2
a 274 591 8
a 275 182 9
a 275 778 8
a 276 835 4
a 276 976 7
a 277 292 3
a 277 530 8
a 277 727 1
a 278 306 9
a 278 564 5
a 278 852 3
a 279 249 1
a 280 829 1
a 280 903 9
a 281 397 9
a 281 770 4
a 282 879 8
a 283 844 7
a 283 918 8
a 284 356 1
a 284 374 3
a 285 504 1
a 285 648 7
a 286 825 9
a 287 744 8
a 287 867 9
a 288 541 1
a 288 724 7
a 289 852 5
a 290 880 9
a 291 57 3
a 291 105 2
a 292 60 3
a 292 213 8
a 293 123 10
a 293 443 2
a 294 331 10
a 294 681 10
a 294 688 5
a 294 933 10
a 295 461 1
a 295 996 3
a 296 396 4
a 296 770 3
a 297 367 1
a 297 453 2
a 297 544 5
a 298 40 10
a 298 266 8
a 298 552 1
a 299 567 3
a 300 369 3
a 300 563 4
a 300 894 8
a 300 905 1
a 301 819 5
a 302 72 2
a 302 939 9
a 303 907 2
a 304 775 5
a 304 823 3
a 305 282 7
a 305 527 1
a 305 572 2
a 305 576 10
a 306 260 2
a 306 360 1
a 306 639 9
a 307 41 5
a 307 159 1
a 308 666 7
a 308 777 3
a 308 975 9
a 309 637 2
a 310 19 6
a 310 595 10
a 311 86 9
a 312 115 9
a 312 411 3
a 312 635 7
a 312 758 6
a 312 847 9
a 313 849 6
a 314 55 1
a 314 470 9
a 314 637 5
a 315 305 1
a 315 579 10
a 316 50 6
a 317 276 5
a 317 859 5
a 318 9 7
a 319 67 1
a 319 323 8
a 320 513 10
a 320 834 10
a 321 168 5
a 321 207 3
a 321 887 3
a 322 921 6
a 323 127 5
a 323 395 10
a 324 119 3
a 324 170 6
a 324 441 8
a 324 537 10
a 325 263 1
a 325 399 3
a 325 550 7
a 326 137 5
a 326 424 3
a 327 5 8
a 327 96 9
a 327 681 7
a 328 298 10
a 329 863 5
a 330 289 8
a 330 312 4
a 330 1000 10
a 331 673 10
a 332 871 7
a 332 897 5
a 333 902 1
a 334 655 7
a 334 968 7
a 335 71 2
a 336 108 8
a 336 196 6
a 337 306 7
a 338 34 6
a 338 590 1
a 338 731 9
a 338 970 9
a 339 908 4
a 339 940 2
a 340 167 9
a 340 223 10
a 341 433 2
a 342 402 2
a 342 569 6
a 342 738 3
a 343 816 7
a 344 50 2
a 344 191 4
a 344 899 3
a 345 203 1
a 345 529 8
a 346 745 7
a 347 47 10
a 347 106 1
a 347 444 4
a 347 676 4
a 347 742 5
a 348 310 3
a 348 687 8
a 349 370 3
a 349 435 4
a 349 796 5
a 350 3 3
a 350 249 8
a 350 415 2
a 350 431 1
a 350 611 4
a 351 846 9
a 351 977 5
a 352 220 1
a 352 278 7
a 353 339 4
a 353 810 6
a 353 899 7
a 354 124 1
a 355 577 4
a 355 896 5
a 356 21 8
a 356 421 9
a 356 584 4
a 356 881 6
a 357 235 5
a 358 488 6
a 358 925 5
a 358 967 8
a 359 379 3
a 359 877 7
a 360 810 3
a 360 849 3
a 361 163 8
a 361 833 3
a 362 309 8
a 362 460 1
a 363 425 6
a 364 642 8
a 364 828 1
a 364 844 9
a 365 295 6
a 365 305 5
a 366 15 2
a 366 479 7
a 366 706 3
a 367 514 9
a 367 528 2
a 367 888 1
a 368 930 10
a 369 107 4
a 369 401 9
a 369 665 3
a 369 963 5
a 370 88 10
a 370 327 8
a 370 631 3
a 370 765 3
a 371 499 9
a 372 339 8
a 372 619 10
a 373 31 1
a 373 571 10
a 373 611 9
a 374 378 4
a 375 553 9
a 376 884 1
a 376 951 2
a 377 488 4
a 378 174 3
a 379 999 2
a 380 484 9
a 380 670 3
a 381 683 5
a 381 709 3
a 382 664 1
a 382 764 5
a 383 957 10
a 383 973 4
a 384 45 1
a 384 227 4
a 385 477 10
a 386 530 10
a 387 82 6
a 387 532 6
a 387 930 1
a 388 782 4
a 389 104 3
a 389 398 8
a 390 711 2
a 390 991 5
a 391 209 6
a 392 277 5
a 392 784 1
a 393 275 7
a 393 587 5
a 393 734 3
a 394 158 2
a 394 274 2
a 394 896 6
a 395 715 7
a 396 977 8
a 397 630 7
a 397 807 6
a 398 557 3
a 398 692 8
a 398 946 1
a 399 69 10
a 400 277 9
a 400 500 10
a 400 779 7
a 401 413 7
a 401 708 2
a 401 780 1
a 402 134 1
a 402 731 3
a 402 827 9
a 402 861 7
a 402 927 6
a 403 289 10
a 404 543 10
a 404 795 3
a 405 549 9
a 406 462 9
a 406 846 3
a 407 208 3
a 407 582 6
a 408 19 3
a 408 991 10
a 409 20 3
a 409 533 1
a 410 695 2
a 410 840 6
a 411 207 8
a 411 220 1
a 412 633 8
a 412 713 7
a 413 746 10
a 413 973 8
a 414 98 10
a 415 174 2
a 415 502 6
a 415 563 1
a 415 989 6
a 416 264 5
a 417 742 5
a 417 930 4
a 418 640 2
a 418 867 9
a 419 449 5
a 419 497 10
a 419 498 9
a 419 604 4
a 419 647 7
a 419 830 7
a 420 200 7
a 421 362 8
a 421 785 4
a 421 864 3
a 422 637 9
a 422 672 9
a 423 123 3
a 423 597 8
a 423 842 7
a 424 559 6
a 425 523 4
a 426 186 8
a 426 371 5
a 426 432 1
a 426 804 4
a 427 74 3
a 428 436 8
a 429 400 1
a 430 631 6
a 431 359 1
a 431 521 6
a 431 885 6
a 432 954 10
a 433 456 1
a 433 505 2
a 433 581 4
a 434 281 4
a 434 362 9
a 434 815 6
a 435 459 1
a 435 464 9
a 435 612 9
a 436 556 4
a 437 80 3
a 437 113 4
a 438 706 1
a 439 407 8
a 439 702 5
a 440 46 10
a 440 948 3
a 441 209 6
a 441 224 2
a 442 471 7
a 443 394 5
a 444 348 10
a 444 413 8
a 445 903 10
a 446 779 6
a 447 45 7
a 448 722 4
a 448 771 2
a 449 262 7
a 450 293 5
a 451 327 7
a 452 95 8
a 452 522 8
a 452 946 7
a 453 364 2
a 453 579 8
a 453 607 6
a 453 800 9
a 453 922 8
a 454 713 9
a 454 736 7
a 455 61 6
a 455 184 10
a 455 507 5
a 455 962 5
a 456 177 9
a 456 201 5
a 456 332 7
a 456 534 4
a 457 126 4
a 457 131 6
a 458 317 4
a 458 408 6
a 459 81 4
a 460 209 7
a 460 578 2
a 461 668 4
a 461 790 6
a 461 950 7
a 462 173 10
a 462 457 9
a 462 904 1
a 462 968 8
a 463 64 10
a 463 700 3
a 464 302 5
a 464 551 3
a 465 514 4
a 465 624 9
a 466 367 7
a 466 745 8
a 467 23 8
a 467 469 5
a 467 913 10
a 468 961 6
a 469 597 8
a 469 837 1
a 470 778 6
a 470 835 6
a 470 950 1
a 471 760 6
a 472 214 5
a 473 573 2
a 474 452 8
a 475 362 4
a 476 11 10
a 476 235 10
a 476 255 5
a 477 90 2
a 477 480 1
a 478 532 7
a 479 12 7
a 479 721 3
a 480 219 8
a 480 619 9
a 480 810 2
a 481 540 4
a 482 326 2
a 483 687 6
a 484 172 7
a 485 384 8
a 486 748 3
a 487 486 1
a 487 820 5
a 488 350 4
a 489 431 5
a 490 137 10
a 491 311 3
a 491 530 7
a 492 43 2
a 492 124 6
a 492 518 10
a 493 160 9
a 494 261 4
a 494 269 1
a 494 652 3
a 495 422 10
a 495 936 3
a 496 691 2
a 496 800 4
a 497 172 1
a 498 15 5
a 498 886 5
a 499 251 1
a 499 558 3
a 500 233 2
a 500 786 10
a 501 969 8
a 502 162 10
a 502 318 6
a 502 891 1
a 503 316 9
a 503 333 4
a 503 632 10
a 504 457 1
a 505 342 6
a 505 835 2
a 506 254 3
a 507 102 7
a 507 461 3
a 507 586 1
a 507 647 3
a 507 884 4
a 507 986 8
a 508 292 10
a 509 270 2
a 510 883 6
a 510 956 9
a 511 200 10
a 511 939 9
a 512 723 2
a 513 709 2
a 513 998 4
a 514 72 4
a 514 121 5
a 514 285 2
a 514 314 7
a 515 13 10
a 516 128 4
a 516 761 7
a 517 711 2
a 518 279 5
a 518 817 3
a 518 956 8
a 519 284 5
a 519 735 1
a 520 164 4
a 520 505 3
a 521 284 1
a 521 349 6
a 521 545 4
a 522 190 3
a 522 451 8
a 523 26 6
a 523 344 2
a 523 376 9
a 523 718 4
a 524 260 5
a 525 726 1
a 526 181 1
a 527 144 10
a 527 445 5
a 528 44 1
a 529 72 3
a 530 199 5
a 530 568 3
a 530 599 8
a 531 824 10
a 531 955 9
a 532 54 10
a 532 178 7
a 532 645 8
a 533 31 10
a 533 593 10
a 533 834 5
a 534 283 7
a 534 516 10
a 535 740 6
a 535 873 5
a 536 595 5
a 536 656 8
a 537 20 3
a 537 686 8
a 537 783 4
a 538 196 9
a 538 537 4
a 539 437 10
a 540 83 5
a 541 131 7
a 541 782 2
a 542 746 10
a 542 931 6
a 543 511 5
a 543 722 1
a 544 190 9
a 545 113 9
a 546 293 5
a 546 666 1
a 547 910 3
a 548 198 5
a 548 394 4
a 548 862 6
a 549 536 6
a 550 221 10
a 550 751 2
a 551 4 2
a 551 60 4
a 551 726 9
a 551 794 8
a 552 738 2
a 553 420 4
a 554 375 5
a 554 428 2
a 554 658 6
a 554 748 8
a 555 368 7
a 556 154 10
a 556 493 8
a 556 647 2
a 557 132 2
a 557 271 2
a 558 116 2
a 559 242 2
a 559 791 2
a 560 215 10
a 561 70 3
a 561 355 1
a 561 733 8
a 562 596 10
a 562 836 9
a 562 987 4
a 563 240 2
a 563 259 9
a 563 570 2
a 563 670 1
a 563 890 6
a 564 638 6
a 564 883 5
a 565 349 2
a 565 420 4
a 565 434 10
a 565 621 9
a 565 626 4
a 566 517 9
a 566 817 10
a 567 2 7
a 567 6 6
a 567 37 2
a 567 120 3
a 567 193 10
a 567 882 5
a 567 909 4
a 568 27 8
a 568 63 7
a 568 366 9
a 568 789 6
a 569 313 10
a 569 907 6
a 570 519 4
a 571 693 8
a 571 984 7
a 572 304 6
a 572 442 5
a 573 228 6
a 574 288 4
a 574 941 8
a 575 147 3
a 576 123 5
a 576 372 2
a 577 304 8
a 578 138 4
a 578 371 4
a 579 220 3
a 579 478 9
a 580 282 9
a 581 210 3
a 581 507 10
a 581 780 6
a 582 56 2
a 582 81 4
a 583 546 10
a 583 876 8
a 584 296 1
a 584 937 2
a 585 780 3
a 586 145 7
a 586 161 3
a 586 274 7
a 586 714 7
a 587 599 9
a 587 679 4
a 588 272 10
a 588 398 6
a 588 981 1
a 589 268 5
a 590 640 4
a 591 644 2
a 591 765 6
a 591 912 8
a 592 281 2
a 592 843 1
a 593 54 4
a 594 395 10
a 594 618 5
a 595 609 1
a 596 342 1
a 596 346 4
a 597 295 7
a 597 992 10
a 598 36 4
a 598 828 8
a 599 340 9
a 599 732 3
a 600 546 6
a 601 343 5
a 601 789 10
a 601 841 5
a 601 855 8
a 602 849 10
a 603 166 7
a 603 457 9
a 603 623 8
a 604 175 1
a 604 423 6
a 604 442 4
a 605 425 1
a 605 779 2
a 606 63 3
a 607 494 9
a 607 929 2
a 608 391 7
a 608 773 2
a 609 921 2
a 609 934 7
a 610 478 2
a 611 533 6
a 612 767 10
a 613 239 4
a 613 291 8
a 613 524 2
a 613 799 9
a 614 26 9
a 614 635 10
a 614 916 1
a 615 529 3
a 615 580 9
a 616 20 9
a 617 140 8
a 618 855 2
a 619 433 2
a 619 797 8
a 619 900 1
a 620 394 7
a 620 597 6
a 621 196 9
a 621 302 3
a 621 410 2
a 621 669 6
a 622 185 10
a 622 526 4
a 623 135 9
a 623 232 1
a 623 281 9
a 624 367 5
a 624 588 8
a 625 427 10
a 625 439 1
a 626 632 5
a 626 677 9
a 626 812 2
a 627 69 4
a 627 290 6
a 628 69 3
a 629 221 9
a 629 336 6
a 629 388 4
a 630 703 1
a 631 906 4
a 632 506 1
a 632 989 3
a 633 68 2
a 633 110 7
a 634 94 2
a 635 338 3
a 635 433 9
a 635 763 6
a 635 864 7
a 636 238 8
a 637 546 10
a 638 523 10
a 638 915 7
a 639 362 9
a 640 165 1
a 640 678 5
a 640 769 3
a 641 8 5
a 641 969 10
a 642 616 5
a 643 215 8
a 643 405 10
a 644 803 8
a 645 74 2
a 645 418 2
a 645 686 7
a 646 911 6
a 647 493 6
a 648 672 9
a 649 171 9
a 649 812 2
a 649 901 10
a 650 863 1
a 651 712 2
a 652 155 2
a 653 839 1
a 654 564 2
a 654 617 8
a 654 650 7
a 655 353 3
a 655 478 5
a 656 673 3
a 656 884 4
a 657 216 3
a 658 79 5
a 659 754 6
a 660 806 2
a 661 389 4
a 662 491 8
a 662 589 7
a 662 614 2
a 663 350 7
a 664 92 9
a 664 235 1
a 665 16 5
a 665 230 1
a 666 244 6
a 666 744 4
a 667 117 3
a 667 975 6
a 668 329 8
a 668 724 9
a 669 273 5
a 669 973 5
a 670 330 9
a 670 332 10
a 670 616 4
a 670 651 8
a 671 212 6
a 671 348 7
a 672 272 3
a 672 974 9
a 673 728 6
a 674 327 3
a 675 150 2
a 675 241 7
a 675 435 2
a 675 467 7
a 675 477 8
a 675 907 7
a 676 73 4
a 677 42 6
a 677 171 8
a 677 809 10
a 678 701 4
a 679 318 3
a 679 501 3
a 679 702 5
a 679 825 2
a 680 159 6
a 680 206 7
a 680 312 10
a 680 519 4
a 680 793 4
a 680 831 2
a 681 675 6
a 681 703 10
a 681 851 6
a 682 667 3
a 682 939 4
a 683 682 5
a 684 410 7
a 684 807 1
a 685 547 3
a 685 741 9
a 686 210 4
a 687 503 4
a 687 922 5
a 688 810 8
a 688 989 1
a 689 77 3
a 690 999 9
a 691 112 4
a 691 372 1
a 692 409 5
a 692 600 1
a 693 18 4
a 694 217 3
a 694 972 4
a 695 78 4
a 695 889 4
a 695 918 2
a 696 116 9
a 696 128 1
a 696 404 8
a 697 608 5
a 698 469 9
a 699 98 5
a 699 698 9
a 700 580 3
a 701 120 7
a 701 643 10
a 701 719 10
a 701 971 1
a 702 678 2
a 702 874 7
a 703 983 8
a 704 352 3
a 704 445 7
a 704 605 1
a 705 898 10
a 706 146 2
a 706 291 5
a 707 429 1
a 707 916 2
a 708 393 1
a 708 772 9
a 709 569 1
a 709 932 10
a 710 373 4
a 710 947 2
a 710 979 4
a 711 283 2
a 712 738 2
a 713 38 9
a 713 149 4
a 713 377 9
a 714 711 5
a 714 976 4
a 715 19 10
a 715 436 7
a 715 549 5
a 716 57 2
a 716 875 6
a 717 109 6
a 717 651 8
a 718 703 7
a 719 144 2
a 719 335 5
a 719 481 3
a 720 57 3
a 720 439 10
a 721 118 6
a 721 243 4
a 721 936 6
a 722 147 7
a 722 372 10
a 723 69 7
a 724 418 6
a 725 702 7
a 726 886 8
a 727 105 8
a 727 512 3
a 727 801 10
a 728 949 10
a 729 963 5
a 730 26 7
a 730 205 8
a 730 959 9
a 731 46 10
a 731 222 6
a 731 698 1
a 732 228 5
a 732 667 10
a 733 478 7
a 733 893 1
a 734 561 10
a 734 615 3
a 734 823 7
a 735 183 5
a 735 308 2
a 735 822 3
a 736 507 6
a 736 660 9
a 737 845 2
a 738 369 8
a 739 771 8
a 740 122 6
a 740 755 6
a 741 486 6
a 741 948 2
a 742 747 4
a 742 990 4
a 743 109 3
a 743 217 6
a 743 238 3
a 743 557 9
a 743 944 3
a 744 253 3
a 744 683 4
a 744 750 10
a 745 157 6
a 745 192 7
a 745 821 8
a 746 218 9
a 746 709 9
a 747 403 5
a 748 218 10
a 748 816 7
a 749 866 5
a 750 51 10
a 750 940 5
a 751 821 8
a 752 130 10
a 752 292 7
a 752 952 9
a 753 84 2
a 753 124 4
a 753 149 3
a 753 160 8
a 754 320 8
a 754 438 5
a 754 954 5
a 755 908 2
a 756 209 2
a 756 929 2
a 757 369 6
a 758 672 10
a 758 674 3
a 759 250 3
a 759 964 10
a 760 798 7
a 761 415 5
a 761 885 9
a 762 257 8
a 762 840 6
a 763 303 9
a 763 393 7
a 763 460 5
a 764 104 5
a 764 625 1
a 764 851 4
a 764 895 1
a 765 893 5
a 766 885 4
a 767 747 2
a 767 768 10
a 768 148 6
a 768 685 2
a 769 822 2
a 769 965 6
a 770 268 8
a 771 305 3
a 772 468 7
a 772 627 9
a 773 116 1
a 773 499 5
a 773 517 6
a 773 966 2
a 774 478 9
a 774 697 7
a 775 516 7
a 775 768 3
a 776 692 6
a 776 754 2
a 777 126 6
a 777 670 5
a 777 696 3
a 778 558 4
a 779 919 8
a 780 211 5
a 780 381 10
a 781 279 6
a 782 73 9
a 782 509 5
a 782 764 10
a 783 316 10
a 784 422 3
a 784 775 1
a 785 169 9
a 785 836 5
a 785 953 4
a 785 963 1
a 786 112 2
a 787 12 1
a 788 331 2
a 788 723 6
a 789 818 7
a 789 982 3
a 790 68 9
a 791 186 3
a 792 640 7
a 792 680 9
a 793 430 6
a 793 609 3
a 793 738 3
a 794 636 4
a 795 593 4
a 795 865 2
a 796 273 2
a 796 490 2
a 797 373 3
a 797 612 6
a 797 936 9
a 798 341 1
a 798 450 8
a 798 985 9
a 799 774 10
a 800 307 7
a 800 917 1
a 801 121 3
a 801 229 4
a 801 575 8
a 801 622 5
a 802 39 3
a 802 48 3
a 803 175 6
a 803 685 2
a 804 578 6
a 804 889 5
a 805 86 5
a 805 326 1
a 805 335 9
a 806 392 7
a 807 633 10
a 807 643 4
a 807 928 2
a 808 278 1
a 809 909 9
a 810 129 7
a 810 742 1
a 810 978 10
a 811 245 3
a 811 254 6
a 811 271 1
a 811 824 6
a 812 628 6
a 813 211 10
a 814 169 3
a 814 535 10
a 814 733 9
a 815 622 6
a 815 728 1
a 816 360 10
a 816 926 1
a 817 913 5
a 818 10 1
a 818 732 10
a 819 176 4
a 819 300 5
a 819 562 6
a 820 435 2
a 821 43 9
a 821 720 1
a 822 176 2
a 822 248 2
a 822 426 9
a 823 922 6
a 824 472 6
a 825 406 8
a 825 530 4
a 825 747 1
a 826 119 5
a 826 661 4
a 826 850 9
a 826 924 7
a 826 997 7
a 827 247 3
a 827 942 2
a 828 343 1
a 829 632 6
a 829 879 8
a 830 76 4
a 830 77 2
a 831 421 4
a 832 567 5
a 832 678 4
a 832 978 6
a 833 67 4
a 834 564 1
a 834 787 2
a 835 606 8
a 835 628 4
a 836 883 6
a 837 351 5
a 837 467 6
a 838 300 3
a 839 844 5
a 840 603 7
a 841 527 6
a 841 543 5
a 842 532 10
a 842 676 3
a 842 756 3
a 842 902 9
a 843 299 5
a 843 725 5
a 844 748 7
a 845 114 8
a 845 141 8
a 846 297 7
a 846 412 10
a 846 811 7
a 847 280 3
a 848 264 5
a 848 731 4
a 849 60 8
a 849 553 8
a 849 591 7
a 850 103 6
a 851 786 3
a 852 247 7
a 852 951 2
a 853 511 3
a 854 51 1
a 854 227 3
a 854 409 7
a 855 350 10
a 855 989 2
a 856 188 2
a 856 657 3
a 857 151 5
a 857 922 5
a 858 475 5
a 858 651 9
a 859 697 8
a 860 740 9
a 860 787 6
a 861 419 1
a 861 437 3
a 861 650 2
a 861 759 6
a 862 77 10
a 862 315 5
a 862 361 8
a 862 956 10
a 863 56 3
a 864 277 3
a 864 469 9
a 865 35 1
a 865 717 10
a 865 862 10
a 866 176 2
a 866 307 5
a 866 840 8
a 867 360 1
a 867 587 10
a 867 688 10
a 868 636 9
a 868 852 3
a 869 28 1
a 869 29 6
a 869 641 5
a 870 21 8
a 870 720 5
a 871 79 1
a 871 842 4
a 872 125 10
a 872 581 1
a 872 638 1
a 872 958 2
a 873 515 2
a 873 578 5
a 874 730 9
a 875 608 10
a 876 66 3
a 876 71 6
a 876 652 4
a 877 949 6
a 878 832 5
a 878 876 7
a 879 209 1
a 880 126 3
a 880 452 8
a 881 21 3
a 881 384 5
a 881 476 4
a 882 795 1
a 883 317 2
a 883 934 1
a 884 365 3
a 884 813 9
a 884 993 5
a 885 97 3
a 885 587 5
a 885 845 8
a 886 67 2
a 886 191 3
a 886 214 3
a 887 32 4
a 888 321 7
a 888 503 6
a 889 525 1
a 890 375 2
a 890 413 10
a 890 512 7
a 890 760 6
a 890 982 10
a 891 504 5
a 892 204 3
a 892 287 9
a 892 538 10
a 892 601 10
a 892 860 3
a 893 202 10
a 893 301 9
a 893 440 10
a 894 160 9
a 894 777 2
a 895 203 3
a 896 38 7
a 896 301 4
a 897 373 5
a 898 411 9
a 898 1000 1
a 899 300 6
a 900 72 5
a 900 640 2
a 900 776 7
a 901 313 9
a 901 767 9
a 902 179 10
a 902 255 3
a 903 79 5
a 903 139 1
a 903 682 1
a 903 712 5
a 903 871 10
a 904 234 9
a 904 281 6
a 905 21 4
a 906 102 2
a 906 230 10
a 907 48 10
a 907 385 7
a 907 613 2
a 908 776 6
a 908 786 7
a 909 155 4
a 909 601 9
a 909 839 4
a 910 738 1
a 911 921 10
a 912 643 4
a 913 372 6
a 913 620 6
a 913 686 4
a 914 366 4
a 914 829 6
a 915 947 7
a 916 259 10
a 917 3 10
a 917 152 1
a 918 142 4
a 918 495 3
a 918 620 7
a 918 901 4
a 919 136 3
a 919 183 4
a 920 140 2
a 920 251 9
a 921 587 6
a 921 613 6
a 922 818 9
a 923 128 10
a 924 6 2
a 924 266 6
a 924 370 4
a 925 93 5
a 925 485 3
a 925 508 7
a 925 667 9
a 925 995 2
a 926 279 5
a 926 659 10
a 926 722 6
a 927 197 1
a 927 322 4
a 927 863 1
a 928 516 4
a 928 757 2
a 928 819 8
a 929 243 9
a 929 821 3
a 930 831 2
a 930 988 2
a 931 334 7
a 931 624 7
a 932 208 7
a 932 286 6
a 932 646 4
a 933 63 2
a 934 135 7
a 935 451 4
a 935 568 1
a 935 576 2
a 935 732 2
a 935 850 1
a 936 403 2
a 936 826 7
a 937 585 9
a 938 180 3
a 938 483 4
a 939 14 6
a 939 160 8
a 939 729 8
a 940 233 5
a 941 569 7
a 941 689 4
a 942 328 7
a 942 496 9
a 942 585 5
a 942 693 10
a 942 699 4
a 942 924 2
a 942 935 2
a 943 347 8
a 944 63 10
a 944 536 10
a 944 705 9
a 945 462 3
a 946 49 6
a 946 377 3
a 946 390 1
a 946 868 3
a 947 571 2
a 947 806 1
a 948 228 9
a 949 923 5
a 950 132 9
a 950 822 10
a 951 768 4
a 952 604 6
a 952 892 3
a 953 349 1
a 953 426 1
a 953 492 8
a 954 75 5
a 954 189 3
a 954 565 7
a 954 882 10
a 955 521 2
a 956 179 5
a 956 391 3
a 957 664 4
a 958 64 7
a 958 571 10
a 959 767 6
a 960 51 3
a 960 704 10
a 960 923 10
a 960 954 7
a 961 115 2
a 962 31 9
a 962 176 3
a 962 368 4
a 962 646 7
a 963 17 9
a 963 781 2
a 964 631 5
a 965 94 8
a 965 662 6
a 966 432 8
a 966 468 10
a 967 939 3
a 968 186 9
a 968 703 2
a 969 48 5
a 970 696 3
a 971 912 1
a 972 480 3
a 973 106 9
a 973 948 5
a 974 414 7
a 974 608 3
a 974 625 3
a 975 542 3
a 975 671 9
a 976 131 4
a 977 8 4
a 977 373 6
a 978 838 7
a 979 195 4
a 979 715 9
a 979 861 9
a 980 729 4
a 981 449 5
a 981 618 1
a 982 314 10
a 982 774 7
a 983 226 9
a 983 732 5
a 984 545 4
a 985 659 4
a 985 977 9
a 986 251 6
a 986 927 4
a 987 830 8
a 988 360 1
a 988 479 1
a 989 386 2
a 989 654 3
a 989 656 9
a 990 190 9
a 990 235 1
a 990 548 3
a 991 493 5
a 992 263 1
a 992 933 5
a 993 270 5
a 993 457 1
a 994 58 5
a 994 297 3
a 994 367 4
a 995 444 1
a 996 7 8
a 996 89 9
a 997 687 4
a 998 87 1
a 998 429 4
a 998 820 6
a 999 610 2
a 999 775 6
