p max 100 200
n 1 s
n 100 t
a 1 32 1
a 1 86 8
a 2 23 6
a 2 60 8
a 2 67 9
a 2 85 3
a 3 77 3
a 4 20 4
a 4 33 2
a 4 48 10
a 4 89 4
a 5 14 6
a 5 25 6
a 5 71 3
a 5 81 2
a 5 94 1
a 6 84 9
a 6 96 3
a 6 99 2
a 7 28 2
a 7 80 5
a 7 93 6
a 8 14 4
a 8 72 10
a 9 15 3
a 9 59 7
a 10 5 5
a 11 2 7
a 12 39 7
a 12 91 3
a 13 2 4
a 13 7 8
a 13 62 10
a 14 27 2
a 15 35 7
a 16 39 9
a 16 56 1
a 16 77 8
a 16 98 9
a 17 29 9
a 18 21 4
a 18 36 1
a 19 21 10
a 19 86 10
a 19 90 2
a 20 99 9
a 21 42 3
a 22 9 6
a 22 16 4
a 23 82 2
a 23 87 8
a 24 66 4
a 25 4 8
a 26 61 7
a 26 63 4
a 26 92 3
a 27 77 9
a 28 19 7
a 29 5 2
a 29 30 2
a 30 77 9
a 31 8 1
a 32 70 4
a 32 91 10
a 33 31 2
a 33 39 6
a 33 61 4
a 34 61 6
a 34 65 7
a 35 93 10
a 36 41 6
a 36 74 7
a 37 6 6
a 38 61 5
a 39 11 1
a 39 96 1
a 39 100 6
a 40 84 3
a 40 89 5
a 41 54 8
a 41 73 10
a 41 75 2
a 42 10 6
a 42 34 4
a 43 3 7
a 43 30 4
a 43 76 4
a 44 6 10
a 44 14 5
a 44 19 2
a 44 51 7
a 44 53 3
a 44 95 7
a 45 13 2
a 45 68 6
a 46 9 8
a 46 40 10
a 46 44 1
a 47 3 4
a 47 16 3
a 47 23 2
a 47 83 7
a 48 81 4
a 49 36 3
a 50 74 6
a 51 11 10
a 51 57 10
a 52 26 9
a 52 40 1
a 52 88 2
a 53 7 10
a 54 17 9
a 54 37 5
a 54 42 3
a 54 65 3
a 55 12 5
a 55 28 8
a 56 67 3
a 57 28 5
a 58 13 2
a 59 3 4
a 60 67 9
a 60 69 6
a 60 93 10
a 61 19 3
a 62 4 4
a 63 86 10
a 63 100 5
a 64 46 10
a 64 65 5
a 64 66 3
a 65 33 2
a 65 75 3
a 66 10 8
a 66 55 9
a 66 87 1
a 67 32 3
a 67 38 5
a 68 4 1
a 68 17 8
a 68 47 1
a 68 49 4
a 69 22 10
a 69 55 10
a 69 74 3
a 70 50 1
a 71 7 10
a 72 17 10
a 72 29 6
a 73 45 8
a 73 92 9
a 74 49 8
a 75 5 7
a 75 24 5
a 75 43 7
a 75 99 10
a 76 10 9
a 76 32 10
a 77 82 4
a 78 58 7
a 78 88 10
a 79 6 3
a 79 59 3
a 80 9 5
a 81 27 5
a 81 74 5
a 82 99 7
a 83 93 10
a 84 2 4
a 84 78 5
a 85 8 7
a 85 36 6
a 85 50 2
a 85 73 2
a 86 4 9
a 86 64 4
a 87 86 9
a 88 27 1
a 88 35 1
a 89 10 5
a 89 97 1
a 90 4 6
a 90 93 5
a 91 18 9
a 91 74 9
a 92 9 10
a 92 46 8
a 92 68 10
a 93 11 5
a 93 52 8
a 93 86 7
a 94 50 9
a 95 30 9
a 96 51 8
a 97 42 6
a 97 79 5
a 98 25 9
a 98 33 5
a 99 2 9
a 99 18 3
