p max 100 200
n 1 s
n 100 t
a 1 24 3
a 1 32 4
a 1 75 6
a 1 81 4
a 2 34 2
a 2 85 2
a 2 100 9
a 3 10 10
a 3 46 9
a 3 66 6
a 4 32 8
a 5 80 7
a 6 22 7
a 6 27 10
a 6 92 3
a 7 44 5
a 8 26 1
a 8 61 1
a 8 95 2
a 9 49 3
a 10 24 1
a 10 49 6
a 10 52 6
a 11 74 2
a 12 31 1
a 12 41 2
a 12 80 4
a 12 82 5
a 13 18 7
a 14 86 6
a 15 82 4
a 16 28 9
a 16 38 7
a 17 15 6
a 17 33 8
a 17 47 7
a 18 61 5
a 19 7 5
a 19 97 1
a 19 98 10
a 20 12 10
a 20 83 6
a 21 10 1
a 22 25 4
a 22 53 1
a 22 79 1
a 23 9 2
a 23 55 3
a 23 64 1
a 23 74 1
a 24 21 1
a 25 56 2
a 26 19 3
a 26 90 10
a 27 17 2
a 27 32 1
a 27 53 3
a 27 57 5
a 28 77 2
a 29 45 9
a 30 94 10
a 31 52 1
a 31 67 8
a 32 67 9
a 32 95 5
a 33 32 6
a 34 24 8
a 35 71 2
a 35 84 2
a 36 8 5
a 36 20 3
a 36 38 10
a 36 76 8
a 36 91 10
a 37 46 1
a 38 52 8
a 39 59 8
a 40 75 2
a 41 50 8
a 42 97 7
a 43 16 2
a 43 54 4
a 44 35 5
a 44 59 3
a 45 89 5
a 46 7 2
a 46 8 8
a 46 72 6
a 47 9 9
a 47 68 8
a 48 84 3
a 49 6 8
a 49 29 8
a 50 19 9
a 51 11 6
a 51 44 3
a 52 30 6
a 52 34 1
a 52 45 2
a 52 83 9
a 53 70 9
a 53 93 10
a 54 31 6
a 54 70 2
a 55 8 6
a 55 90 2
a 55 99 3
a 56 39 3
a 56 65 2
a 56 96 8
a 57 21 6
a 57 81 5
a 57 82 3
a 58 60 3
a 58 74 3
a 58 88 9
a 59 35 4
a 60 6 8
a 60 21 3
a 60 50 7
a 60 86 5
a 61 56 3
a 61 79 9
a 62 36 1
a 63 93 10
a 63 96 5
a 64 4 2
a 64 60 2
a 65 24 7
a 66 54 1
a 67 58 4
a 67 73 8
a 68 8 6
a 68 18 5
a 68 44 8
a 69 54 5
a 70 16 9
a 70 47 3
a 71 5 10
a 71 66 8
a 72 83 10
a 72 88 1
a 73 29 9
a 73 42 1
a 74 28 4
a 75 47 9
a 75 87 4
a 75 97 5
a 76 75 8
a 77 3 10
a 77 43 5
a 77 52 10
a 77 65 10
a 78 4 6
a 78 19 5
a 78 51 3
a 79 35 10
a 79 37 9
a 79 88 4
a 80 19 3
a 81 23 2
a 81 42 5
a 81 69 1
a 81 78 4
a 81 94 10
a 82 29 5
a 83 2 6
a 84 55 5
a 85 41 4
a 85 61 5
a 86 2 5
a 86 31 9
a 86 100 2
a 87 14 7
a 87 91 2
a 88 5 9
a 88 85 1
a 89 42 7
a 89 58 5
a 90 96 2
a 90 97 3
a 91 21 3
a 92 77 9
a 92 84 4
a 93 6 6
a 93 13 3
a 93 81 6
a 94 61 3
a 95 54 7
a 96 15 4
a 96 36 8
a 96 48 9
a 97 18 1
a 97 23 9
a 97 63 10
a 98 62 3
a 98 77 4
a 98 91 7
a 99 22 10
a 99 40 10
