p max 100 200
n 1 s
n 100 t
a 1 57 4
a 2 3 6
a 2 16 2
a 3 15 5
a 3 17 6
a 4 2 9
a 4 66 3
a 5 41 6
a 5 86 4
a 6 50 5
a 6 54 9
a 6 87 6
a 7 45 7
a 8 4 10
a 8 75 1
a 8 89 6
a 8 100 9
a 9 26 3
a 9 83 3
a 10 5 9
a 10 70 3
a 11 54 4
a 12 16 2
a 12 85 9
a 13 25 7
a 13 67 2
a 14 26 9
a 15 46 1
a 15 87 10
a 15 92 1
a 16 15 5
a 16 36 3
a 17 8 6
a 18 67 2
a 19 29 8
a 19 34 3
a 20 13 8
a 20 33 5
a 20 56 10
a 20 74 6
a 20 99 10
a 21 65 5
a 21 74 8
a 21 82 10
a 22 35 5
a 22 58 3
a 22 59 2
a 23 16 4
a 23 17 10
a 23 69 3
a 23 98 2
a 24 37 1
a 24 64 10
a 25 12 10
a 26 2 5
a 26 30 1
a 26 80 4
a 27 5 9
a 27 93 2
a 28 21 2
a 28 34 6
a 28 55 3
a 28 63 2
a 28 84 6
a 29 4 1
a 29 91 8
a 30 40 7
a 30 48 4
a 30 99 5
a 31 7 2
a 31 77 1
a 32 49 5
a 33 73 1
a 33 79 7
a 34 38 2
a 35 34 8
a 36 50 10
a 36 73 3
a 37 6 10
a 38 81 7
a 39 45 10
a 39 59 9
a 40 15 6
a 40 93 3
a 40 96 8
a 41 53 3
a 42 11 4
a 42 72 10
a 43 6 9
a 43 9 8
a 43 38 8
a 44 18 4
a 44 50 10
a 44 92 5
a 45 35 5
a 46 9 3
a 46 14 5
a 47 52 8
a 47 57 7
a 47 80 7
a 48 23 7
a 48 90 7
a 49 27 2
a 50 57 1
a 50 58 9
a 51 43 10
a 51 53 9
a 51 57 5
a 52 64 4
a 53 44 1
a 53 97 2
a 54 40 1
a 55 37 6
a 55 41 8
a 55 44 4
a 56 63 2
a 56 64 8
a 57 10 8
a 58 12 5
a 58 20 5
a 58 81 5
a 59 37 5
a 59 45 5
a 59 77 9
a 59 78 9
a 60 37 1
a 60 95 7
a 61 62 5
a 61 81 9
a 62 81 9
a 63 66 3
a 63 71 8
a 64 16 4
a 64 31 1
a 64 88 6
a 65 69 2
a 66 8 8
a 66 39 5
a 67 28 9
a 68 2 10
a 68 20 1
a 69 67 4
a 69 71 9
a 70 57 1
a 71 33 5
a 71 47 6
a 72 49 6
a 72 55 8
a 73 60 3
a 73 72 1
a 73 86 9
a 74 22 1
a 75 86 8
a 75 100 4
a 76 30 8
a 77 22 3
a 77 55 5
a 77 83 7
a 78 11 7
a 79 78 8
a 80 19 10
a 80 24 10
a 80 39 3
a 80 42 8
a 81 2 4
a 81 10 5
a 81 48 10
a 82 22 2
a 83 18 10
a 83 68 8
a 84 21 6
a 84 27 8
a 84 51 4
a 84 96 5
a 85 79 9
a 86 4 10
a 86 32 3
a 87 35 8
a 87 61 10
a 88 16 10
a 89 4 1
a 89 23 2
a 89 94 10
a 90 77 10
a 91 10 6
a 91 24 7
a 92 76 8
a 92 93 9
a 93 62 7
a 94 74 5
a 94 100 3
a 95 9 3
a 95 10 4
a 96 89 7
a 97 34 2
a 98 21 6
a 98 33 2
a 99 28 1
a 99 35 6
a 99 62 8
