p max 100 200
n 1 s
n 100 t
a 1 51 6
a 2 26 7
a 3 91 2
a 4 20 2
a 4 27 9
a 4 49 6
a 5 96 5
a 6 31 4
a 7 20 9
a 8 28 2
a 8 43 4
a 9 37 6
a 9 50 4
a 10 12 2
a 10 97 3
a 11 100 4
a 12 3 9
a 13 43 1
a 13 70 5
a 14 36 9
a 14 82 4
a 15 22 7
a 16 49 4
a 16 51 2
a 17 8 3
a 17 72 8
a 18 87 8
a 19 41 9
a 19 45 1
a 20 27 4
a 20 48 1
a 20 62 4
a 21 3 2
a 21 98 9
a 22 19 9
a 22 58 9
a 22 88 6
a 23 25 1
a 23 46 2
a 23 97 8
a 24 28 8
a 24 100 10
a 25 36 9
a 26 94 2
a 27 17 3
a 27 78 7
a 27 84 9
a 28 9 2
a 28 33 6
a 28 40 6
a 28 59 9
a 29 53 5
a 29 63 1
a 30 20 9
a 31 38 9
a 31 78 5
a 31 97 7
a 32 62 3
a 33 2 10
a 34 31 10
a 34 74 1
a 35 2 7
a 36 47 7
a 36 96 6
a 37 30 6
a 38 9 9
a 38 26 9
a 39 47 5
a 39 100 1
a 40 68 9
a 40 87 7
a 41 11 9
a 41 80 10
a 42 6 4
a 42 16 1
a 42 34 4
a 42 35 6
a 42 75 4
a 42 86 3
a 43 76 3
a 44 59 4
a 45 15 3
a 45 20 7
a 46 26 10
a 47 68 5
a 47 69 1
a 47 82 8
a 48 4 2
a 48 8 3
a 48 52 8
a 48 92 4
a 49 59 7
a 49 73 3
a 50 43 2
a 50 57 1
a 50 64 10
a 50 71 5
a 51 50 1
a 52 11 2
a 52 13 9
a 52 44 7
a 52 92 7
a 53 16 1
a 53 55 4
a 53 91 5
a 54 24 9
a 54 37 9
a 54 92 3
a 55 39 8
a 55 43 3
a 55 89 5
a 56 71 1
a 57 56 6
a 58 73 5
a 58 81 8
a 59 84 3
a 60 52 8
a 60 56 10
a 61 38 10
a 61 54 1
a 62 65 8
a 62 75 4
a 63 41 10
a 64 85 9
a 65 56 2
a 65 66 10
a 66 7 7
a 66 24 9
a 66 88 6
a 67 89 9
a 68 16 1
a 68 91 5
a 69 4 1
a 69 67 10
a 69 98 4
a 70 47 4
a 71 38 4
a 71 77 10
a 72 99 10
a 73 29 1
a 73 87 5
a 73 100 2
a 74 43 2
a 74 83 7
a 75 72 6
a 76 33 4
a 76 42 1
a 76 95 7
a 77 12 9
a 77 57 4
a 78 66 6
a 79 33 7
a 79 99 10
a 80 32 10
a 80 76 2
a 81 59 1
a 82 5 6
a 82 23 6
a 82 66 4
a 83 5 9
a 83 38 7
a 83 90 1
a 84 20 8
a 84 31 1
a 85 43 7
a 85 100 1
a 86 30 2
a 86 51 5
a 87 2 2
a 87 80 2
a 88 37 10
a 88 59 5
a 88 60 2
a 89 93 9
a 90 27 4
a 90 32 3
a 90 85 4
a 91 32 4
a 91 56 8
a 92 14 1
a 93 6 5
a 93 10 7
a 93 53 1
a 93 80 9
a 94 76 1
a 94 93 5
a 95 21 6
a 95 26 2
a 95 79 2
a 95 96 9
a 96 18 2
a 96 22 4
a 96 72 4
a 97 5 6
a 98 14 2
a 98 41 10
a 98 76 4
a 99 3 8
a 99 61 8
a 99 73 7
