p max 100 200
n 1 s
n 100 t
a 1 31 2
a 1 38 3
a 1 51 8
a 1 67 8
a 2 62 2
a 2 73 10
a 3 51 10
a 3 70 6
a 3 84 5
a 4 14 8
a 4 74 10
a 5 33 10
a 5 53 5
a 6 73 5
a 7 24 9
a 7 44 8
a 7 67 1
a 8 26 10
a 9 74 7
a 10 26 8
a 10 39 7
a 11 7 7
a 12 84 9
a 12 95 8
a 13 2 4
a 13 16 8
a 13 34 1
a 13 39 10
a 13 100 4
a 14 12 2
a 14 54 10
a 15 61 4
a 16 62 7
a 17 30 10
a 18 59 7
a 18 97 5
a 19 61 6
a 19 94 5
a 20 55 7
a 21 2 3
a 21 32 1
a 22 84 5
a 23 26 6
a 24 60 2
a 24 65 8
a 25 55 2
a 25 71 2
a 26 41 5
a 27 4 8
a 27 66 9
a 28 48 9
a 28 59 9
a 29 91 8
a 30 73 9
a 31 17 5
a 31 93 3
a 32 14 10
a 32 87 9
a 33 4 2
a 34 68 5
a 35 56 4
a 35 78 10
a 36 16 2
a 36 89 2
a 37 49 4
a 37 78 7
a 37 80 8
a 38 15 6
a 38 63 2
a 38 80 8
a 39 37 7
a 40 80 4
a 41 21 6
a 41 25 10
a 41 30 2
a 41 76 4
a 42 49 10
a 43 19 7
a 43 58 8
a 43 61 6
a 44 50 6
a 44 62 4
a 44 82 2
a 45 22 5
a 45 43 5
a 45 71 8
a 46 40 9
a 46 89 9
a 47 29 6
a 47 67 7
a 47 92 4
a 48 79 2
a 49 4 6
a 49 45 3
a 49 64 1
a 49 88 2
a 50 24 5
a 51 98 4
a 52 7 4
a 52 100 8
a 53 20 8
a 53 27 3
a 54 27 2
a 54 90 1
a 55 47 4
a 55 57 7
a 55 68 1
a 55 75 8
a 55 83 9
a 55 99 5
a 56 55 1
a 56 76 4
a 57 86 7
a 57 93 6
a 58 18 9
a 58 19 10
a 59 65 10
a 60 5 8
a 60 10 5
a 60 16 4
a 60 55 8
a 60 77 4
a 61 67 2
a 62 78 8
a 63 9 4
a 63 51 3
a 63 85 5
a 64 27 7
a 64 33 2
a 64 50 1
a 64 69 4
a 64 84 3
a 65 23 2
a 65 85 7
a 66 18 6
a 66 39 7
a 66 93 3
a 67 42 4
a 67 79 4
a 67 96 8
a 68 35 5
a 69 40 8
a 70 56 1
a 70 72 10
a 71 42 4
a 72 41 3
a 72 85 7
a 73 8 6
a 73 26 8
a 73 35 2
a 74 94 1
a 75 53 10
a 76 50 9
a 77 2 9
a 77 48 3
a 77 65 10
a 77 72 6
a 77 100 4
a 78 29 1
a 78 83 6
a 79 14 4
a 79 25 3
a 79 52 3
a 79 68 5
a 80 50 5
a 80 98 8
a 81 18 4
a 81 46 6
a 81 91 4
a 82 3 2
a 82 81 9
a 83 35 7
a 84 11 2
a 84 57 3
a 85 47 9
a 86 3 8
a 86 29 3
a 86 37 9
a 86 54 9
a 86 88 7
a 87 96 4
a 88 31 2
a 89 51 8
a 90 6 5
a 90 35 4
a 90 42 4
a 91 58 10
a 92 18 1
a 93 21 6
a 94 36 7
a 94 61 6
a 95 93 2
a 95 98 2
a 96 13 8
a 96 53 8
a 97 13 3
a 98 3 9
a 98 28 4
a 99 24 6
a 99 49 10
