p max 1000 2000
n 1 s
n 1000 t
a 1 269 9
a 1 983 10
a 2 133 10
a 2 194 4
a 2 582 4
a 3 126 6
a 3 421 2
a 4 664 3
a 4 897 6
a 5 513 5
a 5 519 4
a 5 578 6
a 5 745 8
a 5 995 2
a 6 67 10
a 6 950 4
a 7 92 8
a 7 251 6
a 8 470 2
a 9 8 4
a 9 151 7
a 9 743 8
a 10 526 5
a 10 592 5
a 10 916 6
a 11 563 5
a 12 170 9
a 12 539 9
a 13 200 4
a 13 809 8
a 14 328 5
a 14 435 4
a 15 587 3
a 15 625 7
a 15 893 5
a 16 173 1
a 16 625 8
a 16 705 1
a 17 62 9
a 17 120 9
a 17 359 5
a 17 550 6
a 18 105 9
a 18 653 1
a 18 856 5
a 19 217 7
a 19 357 9
a 19 405 10
a 19 512 2
a 19 868 7
a 20 167 9
a 21 68 5
a 21 753 6
a 22 194 9
a 22 236 6
a 23 844 7
a 24 259 1
a 24 899 6
a 25 462 1
a 26 818 1
a 27 322 4
a 27 565 8
a 28 363 10
a 28 924 6
a 29 141 8
a 29 392 4
a 29 464 3
a 30 109 1
a 31 590 7
a 31 695 6
a 31 795 10
a 32 164 8
a 32 878 9
a 33 762 3
a 34 74 6
a 34 289 3
a 34 337 9
a 35 109 5
a 35 850 4
a 36 362 8
a 36 699 1
a 37 233 1
a 37 395 1
a 38 156 5
a 38 311 3
a 38 796 10
a 39 224 7
a 39 567 1
a 40 298 10
a 40 965 6
a 41 432 9
a 42 882 6
a 43 864 6
a 44 387 7
a 45 900 1
a 46 93 10
a 46 583 4
a 46 616 1
a 46 764 1
a 47 127 5
a 47 892 1
a 47 918 4
a 48 95 1
a 48 115 3
a 48 148 2
a 48 440 5
a 49 712 4
a 49 748 10
a 50 111 7
a 50 213 5
a 51 376 7
a 52 301 8
a 52 430 10
a 52 778 4
a 53 381 9
a 54 837 3
a 55 577 10
a 55 640 10
a 55 946 2
a 56 344 8
a 57 422 6
a 57 854 1
a 58 444 9
a 58 661 8
a 59 673 4
a 60 136 6
a 60 228 3
a 60 543 6
a 60 974 3
a 61 158 7
a 61 803 2
a 61 858 6
a 62 369 1
a 62 686 3
a 63 847 7
a 64 117 2
a 64 548 1
a 64 884 9
a 65 345 5
a 65 928 6
a 66 264 9
a 67 532 6
a 67 557 4
a 67 797 3
a 68 161 8
a 68 439 6
a 68 682 3
a 68 964 5
a 69 469 9
a 69 695 8
a 70 168 1
a 70 885 7
a 71 178 5
a 71 264 1
a 71 720 2
a 72 113 10
a 72 586 6
a 73 601 9
a 73 744 9
a 74 598 4
a 74 623 7
a 74 631 5
a 75 366 1
a 75 416 4
a 76 528 4
a 77 383 10
a 77 518 1
a 77 699 9
a 78 744 8
a 79 237 3
a 79 265 5
a 79 441 10
a 80 154 8
a 80 189 6
a 80 661 1
a 81 511 1
a 81 694 7
a 82 212 1
a 82 320 10
a 82 428 6
a 82 648 4
a 83 688 5
a 84 24 7
a 84 170 1
a 84 177 6
a 84 383 9
a 84 403 7
a 84 818 3
a 85 413 9
a 85 860 5
a 86 329 8
a 87 165 10
a 88 450 9
a 88 487 8
a 88 642 4
a 88 779 10
a 89 488 5
a 90 280 10
a 91 83 8
a 91 483 1
a 92 488 4
a 92 516 10
a 92 743 6
a 93 72 9
a 93 459 1
a 94 487 7
a 95 622 4
a 96 537 1
a 97 321 2
a 97 662 7
a 97 731 5
a 98 363 1
a 98 936 1
a 98 941 1
a 99 822 2
a 100 263 3
a 101 672 10
a 101 723 6
a 102 416 4
a 102 908 6
a 102 943 2
a 103 24 8
a 103 84 10
a 104 165 10
a 104 218 5
a 104 271 2
a 105 419 1
a 105 942 7
a 106 290 9
a 107 130 2
a 108 619 9
a 109 819 7
a 109 939 8
a 110 910 9
a 111 990 6
a 112 438 1
a 113 326 3
a 114 61 7
a 114 163 8
a 115 227 10
a 115 352 5
a 115 558 5
a 115 749 6
a 116 142 10
a 116 188 10
a 116 596 10
a 116 896 4
a 117 158 1
a 118 235 6
a 118 341 9
a 118 826 9
a 119 77 8
a 119 889 2
a 120 50 9
a 120 556 4
a 121 666 1
a 122 236 6
a 123 97 7
a 123 201 10
a 124 912 2
a 124 932 6
a 125 848 5
a 126 103 1
a 127 225 5
a 127 306 2
a 128 280 3
a 128 533 9
a 129 105 9
a 130 230 8
a 131 7 4
a 131 678 6
a 132 23 8
a 132 906 10
a 133 132 10
a 134 460 1
a 134 689 2
a 135 723 10
a 135 963 1
a 136 10 8
a 136 469 9
a 137 187 6
a 137 851 2
a 138 141 10
a 138 872 4
a 139 283 9
a 139 528 6
a 140 933 7
a 141 17 3
a 141 337 6
a 141 934 3
a 142 824 7
a 142 851 1
a 143 296 9
a 143 347 9
a 144 133 7
a 145 733 1
a 145 880 6
a 146 440 1
a 147 614 3
a 147 960 9
a 148 657 2
a 149 120 3
a 149 303 9
a 150 307 2
a 150 465 2
a 151 5 9
a 151 223 3
a 151 288 1
a 152 347 4
a 152 572 8
a 153 457 4
a 154 308 7
a 154 896 7
a 155 318 4
a 155 658 5
a 156 925 3
a 157 104 6
a 157 537 1
a 157 948 6
a 158 420 2
a 159 669 9
a 159 733 5
a 160 625 4
a 160 911 3
a 161 803 10
a 162 387 10
a 163 482 4
a 163 639 10
a 164 75 9
a 164 792 4
a 165 921 10
a 166 847 1
a 167 378 8
a 167 487 9
a 168 631 6
a 169 330 3
a 169 956 1
a 170 501 6
a 170 637 10
a 171 899 3
a 171 920 5
a 172 385 5
a 173 104 2
a 173 650 1
a 173 707 10
a 174 62 4
a 175 358 5
a 175 375 8
a 175 382 6
a 175 421 3
a 176 480 4
a 177 129 2
a 177 150 8
a 177 640 2
a 177 845 6
a 178 362 1
a 179 100 4
a 179 348 9
a 179 428 7
a 180 134 5
a 181 54 5
a 181 561 6
a 181 691 1
a 182 728 4
a 183 230 10
a 183 468 10
a 184 652 1
a 184 885 2
a 185 965 9
a 186 196 6
a 186 833 3
a 186 890 9
a 187 178 7
a 187 390 9
a 188 397 4
a 189 408 7
a 189 606 10
a 190 315 4
a 190 496 3
a 190 833 5
a 191 591 10
a 191 940 5
a 192 5 5
a 193 209 1
a 193 462 10
a 193 515 6
a 193 563 1
a 194 379 3
a 194 424 9
a 194 953 10
a 195 410 7
a 196 96 4
a 196 221 6
a 196 407 6
a 196 566 2
a 197 948 2
a 198 436 5
a 198 760 5
a 199 758 1
a 200 904 5
a 200 953 2
a 201 293 9
a 202 215 7
a 202 340 3
a 202 400 5
a 202 736 10
a 203 242 3
a 203 246 10
a 203 311 9
a 204 130 1
a 204 616 7
a 204 897 2
a 205 254 9
a 205 438 3
a 205 753 1
a 205 956 10
a 206 342 10
a 206 411 5
a 206 625 2
a 207 99 4
a 207 804 7
a 208 335 10
a 208 518 2
a 209 507 4
a 210 34 9
a 210 314 7
a 210 810 10
a 211 531 7
a 212 620 2
a 212 769 4
a 213 803 9
a 214 641 10
a 214 842 3
a 215 197 10
a 216 33 3
a 216 561 6
a 217 17 7
a 218 170 1
a 218 605 7
a 219 29 6
a 219 355 2
a 219 556 5
a 220 107 7
a 220 506 9
a 221 413 4
a 222 477 4
a 222 603 3
a 223 207 7
a 223 437 8
a 223 849 1
a 224 399 2
a 224 517 3
a 224 709 10
a 225 624 6
a 225 664 4
a 226 904 5
a 227 252 1
a 228 666 7
a 229 116 1
a 230 682 5
a 231 252 2
a 232 739 7
a 232 815 8
a 232 924 10
a 233 483 9
a 233 794 4
a 233 958 4
a 234 29 9
a 234 249 9
a 234 445 2
a 235 85 3
a 235 503 5
a 236 107 10
a 237 207 2
a 238 515 2
a 238 692 2
a 239 181 5
a 239 455 9
a 240 144 2
a 240 391 2
a 241 360 4
a 242 108 6
a 242 335 9
a 243 85 2
a 243 830 2
a 243 933 7
a 243 954 2
a 244 266 5
a 244 296 10
a 244 920 8
a 245 495 4
a 245 972 6
a 246 935 5
a 246 943 10
a 247 476 6
a 247 839 7
a 248 122 2
a 248 372 3
a 248 600 8
a 249 555 8
a 250 13 9
a 250 589 8
a 250 885 4
a 251 193 4
a 251 261 3
a 252 562 1
a 252 774 3
a 252 810 2
a 253 197 10
a 253 727 2
a 254 242 1
a 254 979 10
a 255 514 6
a 256 458 8
a 256 571 8
a 257 208 5
a 257 908 6
a 258 77 9
a 258 663 5
a 259 226 3
a 259 799 10
a 259 919 6
a 260 475 6
a 260 683 4
a 261 125 1
a 261 572 5
a 261 989 10
a 262 197 10
a 263 3 8
a 263 520 2
a 264 150 6
a 264 921 10
a 265 817 3
a 266 609 5
a 267 519 9
a 268 976 1
a 269 592 2
a 270 700 2
a 271 107 5
a 271 875 3
a 271 998 1
a 272 478 5
a 272 869 4
a 272 988 3
a 273 78 3
a 273 906 9
a 274 71 4
a 274 668 2
a 275 232 8
a 275 596 5
a 276 482 7
a 277 29 6
a 278 379 4
a 278 771 8
a 279 155 9
a 280 684 1
a 281 234 3
a 281 769 8
a 282 248 3
a 282 902 9
a 283 186 3
a 283 897 10
a 284 196 2
a 284 944 10
a 284 993 3
a 285 541 1
a 285 673 5
a 285 718 7
a 285 774 2
a 286 297 7
a 286 351 4
a 286 401 2
a 287 223 6
a 287 239 6
a 288 143 4
a 288 495 4
a 288 913 4
a 288 929 1
a 289 978 8
a 289 991 10
a 290 674 1
a 290 715 9
a 290 756 2
a 290 894 3
a 291 60 9
a 291 144 1
a 292 940 4
a 293 573 2
a 293 576 9
a 293 753 10
a 294 444 1
a 294 814 2
a 295 34 3
a 296 10 2
a 296 856 8
a 297 450 7
a 298 106 1
a 298 316 1
a 298 400 2
a 298 973 1
a 299 986 2
a 300 8 6
a 300 81 3
a 300 572 1
a 301 11 1
a 301 37 10
a 301 984 10
a 302 785 6
a 303 191 9
a 303 751 9
a 304 413 6
a 305 24 5
a 305 874 4
a 306 760 5
a 307 912 4
a 308 10 10
a 308 280 9
a 308 858 3
a 309 310 6
a 309 417 6
a 309 700 1
a 309 766 10
a 310 176 4
a 310 527 10
a 311 545 2
a 312 74 4
a 312 544 4
a 313 213 6
a 313 398 10
a 313 879 7
a 314 219 6
a 315 118 4
a 315 835 1
a 316 152 7
a 316 355 8
a 316 388 4
a 317 159 9
a 317 406 2
a 318 255 1
a 318 698 1
a 319 42 5
a 320 143 10
a 320 295 10
a 320 784 7
a 321 331 3
a 321 564 10
a 322 499 3
a 322 753 9
a 322 980 7
a 323 479 5
a 323 737 8
a 324 199 10
a 324 427 5
a 324 876 1
a 325 624 5
a 325 866 5
a 326 404 1
a 326 817 6
a 327 672 7
a 328 547 9
a 328 552 10
a 329 843 8
a 329 893 5
a 330 44 8
a 330 318 7
a 331 258 9
a 331 598 9
a 331 808 10
a 332 396 7
a 332 415 4
a 333 79 10
a 333 270 7
a 333 521 5
a 334 214 8
a 334 269 2
a 334 659 4
a 335 142 10
a 336 697 6
a 336 903 4
a 337 394 2
a 337 774 6
a 337 982 8
a 338 283 6
a 338 360 7
a 339 110 8
a 339 216 5
a 340 554 6
a 340 645 8
a 340 825 8
a 340 939 3
a 341 206 3
a 341 448 4
a 341 584 9
a 341 634 2
a 342 402 9
a 342 768 6
a 342 798 2
a 342 937 2
a 342 967 7
a 343 923 3
a 344 110 6
a 344 846 8
a 345 259 5
a 345 927 8
a 346 202 6
a 346 260 3
a 346 489 6
a 346 539 1
a 347 96 5
a 348 341 8
a 348 479 10
a 349 537 3
a 350 524 5
a 351 164 8
a 351 378 9
a 352 102 10
a 352 914 8
a 352 948 6
a 353 553 1
a 353 775 8
a 354 297 1
a 354 852 9
a 354 896 7
a 355 291 10
a 355 327 7
a 355 595 8
a 356 629 5
a 356 637 9
a 357 658 6
a 357 728 6
a 358 50 5
a 358 931 8
a 359 857 8
a 360 775 8
a 361 20 10
a 361 872 8
a 361 961 3
a 362 851 8
a 362 968 1
a 363 690 9
a 363 716 4
a 364 260 4
a 365 31 8
a 365 250 7
a 365 274 1
a 365 504 7
a 366 77 10
a 366 490 9
a 366 635 3
a 367 949 4
a 368 620 9
a 369 252 3
a 370 111 9
a 370 130 1
a 371 629 9
a 371 969 2
a 371 988 1
a 372 220 4
a 373 784 8
a 374 903 6
a 375 42 3
a 375 45 5
a 375 413 10
a 375 742 8
a 375 763 2
a 376 593 5
a 376 885 9
a 377 282 2
a 377 292 5
a 377 508 8
a 377 855 9
a 378 523 7
a 378 628 5
a 379 569 7
a 379 730 4
a 379 919 2
a 380 994 3
a 381 791 10
a 382 64 10
a 382 480 4
a 382 834 7
a 383 14 1
a 383 90 2
a 383 858 7
a 384 238 5
a 384 474 4
a 384 549 2
a 384 963 10
a 385 59 4
a 385 639 9
a 385 790 6
a 385 918 2
a 386 185 6
a 386 302 4
a 387 625 10
a 388 807 9
a 388 925 3
a 389 397 2
a 389 542 6
a 390 49 6
a 390 947 10
a 391 443 8
a 392 828 6
a 392 902 4
a 393 735 3
a 393 759 9
a 393 785 4
a 393 951 1
a 394 380 5
a 394 426 3
a 395 700 3
a 396 947 1
a 397 266 10
a 398 85 1
a 399 195 6
a 400 467 1
a 401 307 6
a 401 777 5
a 402 643 3
a 403 723 3
a 404 181 7
a 404 332 3
a 405 198 5
a 405 787 1
a 405 924 8
a 406 243 4
a 406 863 4
a 407 148 10
a 407 238 1
a 408 768 1
a 409 83 5
a 410 465 9
a 410 702 10
a 410 938 6
a 411 272 3
a 412 169 5
a 412 632 8
a 412 867 6
a 412 970 2
a 413 239 2
a 413 325 2
a 414 324 4
a 414 335 8
a 414 574 8
a 414 669 1
a 415 819 9
a 416 652 10
a 417 62 9
a 417 205 2
a 418 630 9
a 419 5 1
a 419 60 7
a 420 622 5
a 421 94 9
a 421 131 8
a 422 297 10
a 423 334 2
a 423 354 6
a 424 353 3
a 424 806 9
a 424 811 10
a 424 831 3
a 425 135 10
a 426 181 1
a 426 923 8
a 426 945 6
a 427 610 9
a 427 907 3
a 428 818 1
a 429 941 10
a 430 109 7
a 430 203 1
a 430 991 7
a 431 953 5
a 432 182 6
a 432 788 2
a 433 133 9
a 433 557 8
a 433 838 6
a 434 333 4
a 434 656 6
a 435 430 9
a 436 33 5
a 436 364 7
a 436 894 9
a 437 869 5
a 438 160 7
a 438 219 7
a 438 493 5
a 439 738 10
a 439 847 9
a 439 959 8
a 440 6 4
a 440 350 7
a 441 288 2
a 442 560 6
a 442 591 9
a 442 696 9
a 443 405 1
a 443 880 10
a 444 119 9
a 444 385 2
a 445 42 6
a 445 343 6
a 445 770 2
a 445 949 2
a 446 931 2
a 447 684 1
a 447 990 4
a 448 497 7
a 449 33 2
a 449 60 4
a 450 145 1
a 450 786 5
a 451 223 5
a 451 547 4
a 452 597 8
a 452 778 3
a 453 963 6
a 454 836 2
a 455 390 4
a 455 892 10
a 456 95 3
a 456 265 5
a 456 426 2
a 456 977 5
a 457 593 4
a 458 320 9
a 458 484 3
a 459 456 10
a 459 857 1
a 459 867 10
a 459 876 9
a 460 12 10
a 460 242 2
a 461 445 1
a 461 485 2
a 462 187 7
a 462 339 9
a 463 361 4
a 463 967 10
a 464 727 9
a 465 101 1
a 465 994 9
a 466 293 1
a 466 420 8
a 467 929 9
a 468 463 9
a 469 351 4
a 470 247 1
a 470 863 4
a 471 38 4
a 471 62 3
a 471 114 3
a 472 457 5
a 472 773 9
a 472 792 7
a 473 132 8
a 473 485 8
a 474 527 4
a 475 146 4
a 475 697 7
a 475 985 2
a 476 338 9
a 476 771 1
a 477 70 9
a 477 741 5
a 477 934 7
a 478 2 1
a 478 409 1
a 479 115 10
a 480 271 1
a 480 497 6
a 481 788 10
a 482 128 6
a 483 558 1
a 483 948 4
a 484 298 8
a 484 822 3
a 485 530 3
a 485 844 5
a 486 476 6
a 486 801 6
a 487 102 9
a 487 671 2
a 488 73 3
a 489 117 1
a 489 363 7
a 489 633 1
a 489 882 10
a 490 369 3
a 490 529 1
a 491 388 4
a 492 158 4
a 492 839 5
a 493 87 4
a 494 467 3
a 494 850 4
a 495 796 8
a 495 865 4
a 496 722 5
a 497 86 9
a 497 463 6
a 497 477 1
a 498 580 2
a 499 139 3
a 500 728 2
a 500 827 9
a 501 225 10
a 501 277 8
a 501 409 8
a 501 859 4
a 502 235 2
a 502 534 3
a 503 198 3
a 504 969 1
a 505 97 6
a 505 531 8
a 505 612 2
a 506 708 5
a 507 560 1
a 508 662 5
a 509 172 3
a 509 392 9
a 509 827 9
a 510 51 3
a 510 448 6
a 511 461 10
a 512 155 3
a 512 864 5
a 513 764 1
a 514 147 10
a 514 429 3
a 514 677 9
a 515 297 10
a 515 608 6
a 516 84 2
a 516 834 1
a 517 166 1
a 517 936 2
a 518 855 6
a 519 817 10
a 519 883 6
a 519 957 9
a 520 76 1
a 520 127 9
a 520 200 1
a 521 267 10
a 521 383 8
a 522 797 1
a 522 861 1
a 522 875 7
a 523 272 1
a 523 686 3
a 524 617 3
a 524 866 1
a 525 154 2
a 526 305 4
a 526 396 4
a 527 812 2
a 528 171 8
a 528 202 3
a 528 715 5
a 529 936 1
a 529 987 6
a 530 140 10
a 530 304 9
a 530 450 2
a 531 404 1
a 531 561 5
a 531 832 7
a 532 43 9
a 532 609 6
a 532 764 6
a 533 429 6
a 533 699 7
a 534 516 4
a 535 155 1
a 536 339 9
a 536 623 9
a 537 185 7
a 537 553 7
a 537 618 4
a 537 679 7
a 538 217 7
a 538 451 6
a 538 776 3
a 539 113 9
a 539 175 8
a 539 615 6
a 540 766 5
a 541 187 4
a 542 136 2
a 542 823 7
a 543 638 8
a 544 294 9
a 544 373 2
a 545 480 5
a 545 703 8
a 546 39 2
a 546 654 8
a 547 497 10
a 547 932 8
a 548 996 7
a 549 29 3
a 549 167 8
a 550 22 4
a 550 387 1
a 551 98 5
a 551 756 5
a 552 865 5
a 552 923 1
a 553 48 10
a 553 520 5
a 553 594 1
a 553 613 2
a 554 656 2
a 555 507 6
a 555 915 1
a 556 255 6
a 556 265 2
a 556 873 9
a 557 318 10
a 558 56 2
a 558 180 3
a 558 701 5
a 558 961 5
a 559 549 7
a 560 952 10
a 561 312 8
a 561 545 6
a 562 887 8
a 563 233 3
a 563 411 8
a 563 421 9
a 563 485 2
a 564 386 7
a 564 418 2
a 565 449 7
a 565 626 6
a 566 500 6
a 566 643 10
a 566 980 3
a 567 395 7
a 568 739 7
a 569 430 1
a 570 18 10
a 570 636 3
a 571 95 2
a 571 370 2
a 571 807 4
a 572 891 5
a 573 154 5
a 574 32 10
a 574 418 6
a 574 706 6
a 575 21 6
a 575 636 9
a 576 153 5
a 576 535 8
a 576 940 8
a 577 258 5
a 578 389 2
a 578 473 7
a 578 772 1
a 578 788 3
a 579 80 10
a 579 446 4
a 579 614 2
a 580 660 7
a 580 713 2
a 581 39 10
a 582 245 8
a 582 542 6
a 582 566 4
a 583 404 3
a 584 762 7
a 585 219 3
a 585 693 5
a 586 52 5
a 586 196 8
a 587 687 7
a 587 974 8
a 588 157 5
a 588 856 3
a 588 997 2
a 589 139 8
a 589 257 5
a 589 820 5
a 590 586 10
a 590 853 8
a 591 472 9
a 591 685 1
a 592 216 2
a 592 297 5
a 592 498 2
a 592 679 2
a 592 719 3
a 592 930 4
a 592 950 10
a 593 305 6
a 593 366 3
a 593 412 9
a 594 710 10
a 595 913 7
a 596 74 3
a 597 398 1
a 597 546 9
a 598 178 2
a 599 222 6
a 599 539 5
a 600 32 9
a 600 520 9
a 600 720 9
a 601 737 8
a 602 324 8
a 603 467 7
a 603 959 10
a 604 447 6
a 604 599 7
a 605 572 1
a 605 583 6
a 605 683 3
a 606 128 7
a 606 227 2
a 606 978 2
a 607 602 8
a 608 161 2
a 609 134 3
a 609 282 5
a 610 35 2
a 610 923 6
a 611 590 9
a 612 721 6
a 613 203 9
a 614 97 10
a 614 241 10
a 614 761 10
a 615 561 8
a 615 653 8
a 616 671 4
a 616 732 3
a 617 424 8
a 617 493 2
a 617 799 8
a 618 187 7
a 619 523 10
a 619 735 3
a 620 644 8
a 621 779 2
a 622 376 4
a 623 469 10
a 624 83 6
a 624 643 7
a 624 725 6
a 624 816 3
a 624 909 6
a 625 846 10
a 626 856 1
a 627 460 9
a 627 540 8
a 628 265 10
a 628 472 7
a 629 65 8
a 630 545 7
a 631 365 7
a 631 565 5
a 631 710 2
a 632 734 9
a 632 961 9
a 633 893 9
a 634 738 9
a 635 552 5
a 636 672 4
a 637 694 9
a 637 814 4
a 638 403 5
a 639 431 4
a 640 57 3
a 641 167 5
a 642 125 6
a 642 320 5
a 643 783 7
a 643 866 6
a 644 869 6
a 645 468 3
a 645 486 3
a 645 711 1
a 645 974 2
a 646 625 8
a 646 898 7
a 647 390 10
a 648 142 4
a 648 281 2
a 649 82 4
a 649 231 6
a 650 459 6
a 650 627 7
a 651 178 8
a 652 111 4
a 652 508 9
a 652 606 5
a 653 314 6
a 653 481 8
a 653 832 5
a 654 269 2
a 655 450 9
a 656 71 9
a 656 503 7
a 656 651 8
a 657 744 3
a 658 494 2
a 658 527 5
a 659 355 4
a 659 491 8
a 659 786 4
a 660 903 4
a 660 997 4
a 661 32 2
a 661 386 3
a 661 887 6
a 662 278 9
a 662 404 3
a 663 300 3
a 663 849 10
a 664 285 4
a 664 960 9
a 665 21 10
a 665 159 5
a 665 189 2
a 665 952 10
a 666 172 10
a 666 812 5
a 667 913 5
a 668 113 4
a 669 327 8
a 669 517 1
a 669 632 7
a 669 769 1
a 670 193 2
a 670 264 4
a 670 626 1
a 671 161 6
a 671 322 8
a 671 354 6
a 671 667 1
a 672 124 7
a 673 329 3
a 673 522 2
a 673 752 10
a 674 979 2
a 675 493 1
a 675 821 9
a 676 649 3
a 676 948 9
a 677 46 10
a 677 518 2
a 678 289 8
a 678 541 1
a 679 370 9
a 680 118 7
a 680 137 6
a 680 525 4
a 680 917 3
a 680 975 1
a 681 25 5
a 681 549 5
a 681 654 9
a 681 960 2
a 682 344 1
a 682 944 4
a 683 694 6
a 684 781 3
a 685 145 1
a 685 275 10
a 685 287 7
a 686 804 7
a 687 124 7
a 687 190 1
a 688 984 3
a 689 44 9
a 689 502 1
a 690 547 10
a 691 422 1
a 691 679 6
a 691 970 9
a 692 337 2
a 692 916 7
a 693 155 4
a 694 400 8
a 695 946 2
a 696 27 6
a 696 377 8
a 697 229 9
a 697 967 7
a 698 811 9
a 699 721 8
a 699 794 8
a 700 844 6
a 700 910 2
a 701 153 8
a 701 607 10
a 701 870 6
a 702 262 8
a 702 291 1
a 702 871 7
a 702 990 4
a 703 123 7
a 703 210 4
a 703 815 5
a 704 723 9
a 705 172 3
a 706 15 5
a 706 183 10
a 706 581 6
a 706 724 5
a 706 969 6
a 707 267 7
a 708 396 8
a 709 105 8
a 710 196 4
a 711 188 1
a 712 63 8
a 712 314 1
a 713 75 3
a 713 312 2
a 713 466 5
a 714 376 3
a 714 604 3
a 715 525 5
a 715 829 2
a 716 96 1
a 716 500 3
a 717 195 5
a 717 892 4
a 718 767 3
a 719 838 10
a 720 41 7
a 720 432 1
a 720 967 9
a 721 89 7
a 721 111 9
a 721 604 6
a 721 660 4
a 721 863 1
a 722 589 7
a 722 966 3
a 723 88 1
a 723 133 5
a 723 712 9
a 724 250 7
a 724 765 6
a 724 888 9
a 725 504 1
a 726 317 1
a 726 778 1
a 727 555 6
a 727 581 6
a 728 979 2
a 729 410 10
a 729 559 6
a 729 577 5
a 730 321 10
a 730 621 4
a 731 580 6
a 731 755 5
a 731 970 5
a 732 52 1
a 732 792 1
a 733 458 8
a 733 670 2
a 733 749 8
a 734 91 8
a 734 678 9
a 735 841 2
a 736 886 2
a 737 174 1
a 737 598 3
a 737 803 4
a 738 58 7
a 738 764 7
a 739 433 7
a 740 912 7
a 741 42 8
a 741 442 7
a 742 53 7
a 742 69 1
a 742 723 8
a 743 327 5
a 744 36 3
a 744 689 4
a 745 393 8
a 745 404 7
a 745 447 10
a 746 534 9
a 746 680 2
a 746 841 9
a 746 994 3
a 747 623 1
a 748 538 6
a 748 740 7
a 748 840 2
a 749 471 6
a 749 992 8
a 750 514 7
a 750 665 6
a 750 951 5
a 751 781 4
a 752 322 9
a 752 781 4
a 753 204 7
a 753 891 6
a 754 135 6
a 754 225 2
a 754 531 4
a 755 35 4
a 755 231 3
a 755 780 4
a 755 1000 8
a 756 121 4
a 756 268 1
a 756 699 8
a 756 782 3
a 757 35 8
a 757 374 3
a 757 510 10
a 758 881 3
a 759 777 4
a 760 743 3
a 761 14 4
a 762 482 3
a 763 307 10
a 764 539 8
a 765 162 8
a 765 548 7
a 766 79 7
a 766 198 10
a 767 664 5
a 767 704 10
a 768 836 7
a 769 72 9
a 769 895 9
a 769 975 4
a 770 538 8
a 771 251 5
a 771 336 6
a 772 369 8
a 772 570 1
a 772 802 1
a 773 938 1
a 774 423 4
a 774 859 10
a 775 168 7
a 775 509 4
a 775 729 6
a 775 962 8
a 776 330 2
a 777 655 5
a 777 779 7
a 778 299 4
a 778 420 5
a 779 273 9
a 779 349 6
a 779 757 8
a 779 884 6
a 780 51 3
a 780 431 9
a 780 908 4
a 781 79 5
a 781 999 3
a 782 649 2
a 782 767 1
a 783 117 8
a 783 541 8
a 784 19 7
a 784 133 6
a 785 30 5
a 785 869 3
a 786 242 5
a 786 588 9
a 787 774 1
a 788 26 6
a 789 760 4
a 790 268 3
a 791 136 7
a 792 590 10
a 792 938 2
a 793 92 10
a 793 330 1
a 794 134 10
a 794 630 1
a 795 63 4
a 796 681 5
a 796 793 4
a 797 114 4
a 797 317 4
a 797 878 2
a 798 633 8
a 799 766 7
a 799 846 5
a 799 928 6
a 800 976 2
a 801 726 2
a 801 915 4
a 802 2 1
a 802 52 10
a 803 383 10
a 804 387 8
a 804 420 2
a 804 722 1
a 805 360 3
a 805 652 9
a 805 841 7
a 805 901 5
a 806 694 5
a 807 310 8
a 807 762 9
a 807 813 10
a 808 77 5
a 808 517 7
a 808 837 5
a 809 880 8
a 810 781 8
a 810 793 1
a 811 654 2
a 811 731 8
a 812 492 5
a 813 372 10
a 813 413 9
a 813 752 4
a 813 900 10
a 814 96 5
a 814 657 9
a 814 996 5
a 815 284 7
a 815 401 3
a 816 675 4
a 817 4 3
a 817 416 2
a 818 348 9
a 818 453 7
a 819 124 1
a 819 570 7
a 820 542 5
a 821 400 7
a 821 651 4
a 821 666 2
a 821 836 4
a 822 338 2
a 823 691 3
a 824 91 6
a 825 65 6
a 825 248 10
a 825 253 2
a 825 862 8
a 826 903 2
a 827 436 8
a 827 657 9
a 828 499 8
a 828 965 3
a 829 154 6
a 829 333 2
a 829 815 6
a 830 551 6
a 830 754 5
a 831 825 10
a 832 347 5
a 833 227 4
a 834 79 2
a 835 444 3
a 835 688 10
a 836 889 3
a 837 185 4
a 838 179 7
a 838 286 2
a 838 429 3
a 839 387 7
a 839 434 7
a 839 807 4
a 840 419 8
a 840 795 2
a 841 47 10
a 841 754 6
a 842 196 3
a 842 611 3
a 843 342 6
a 844 414 7
a 844 656 6
a 845 413 3
a 845 618 6
a 846 16 1
a 847 78 1
a 847 474 3
a 848 381 10
a 848 587 8
a 849 42 10
a 850 937 4
a 851 9 3
a 851 27 5
a 851 223 9
a 851 575 1
a 852 85 1
a 853 287 7
a 853 744 8
a 853 791 9
a 854 585 7
a 854 938 3
a 855 469 3
a 855 568 7
a 856 229 5
a 856 684 8
a 856 965 5
a 857 376 4
a 857 772 5
a 858 786 3
a 859 37 4
a 859 94 3
a 859 716 2
a 859 746 2
a 859 804 4
a 860 68 7
a 860 805 9
a 861 728 6
a 862 210 6
a 862 577 9
a 862 889 5
a 863 40 6
a 863 232 9
a 863 452 9
a 864 176 2
a 864 971 2
a 865 149 6
a 865 797 8
a 866 227 9
a 866 647 2
a 867 116 4
a 867 175 8
a 867 394 5
a 867 470 3
a 868 622 7
a 868 891 9
a 869 485 2
a 870 536 4
a 870 638 5
a 870 940 7
a 871 224 5
a 871 326 8
a 871 616 4
a 872 52 4
a 872 410 4
a 873 613 6
a 874 234 7
a 875 217 4
a 875 717 4
a 875 771 4
a 876 461 10
a 876 966 10
a 877 16 2
a 877 87 6
a 877 863 3
a 878 582 7
a 879 320 3
a 880 776 5
a 881 477 8
a 882 478 8
a 882 981 9
a 883 7 1
a 883 905 10
a 884 94 3
a 884 192 4
a 884 279 2
a 884 831 8
a 884 1000 3
a 885 549 10
a 885 758 4
a 885 840 2
a 886 197 8
a 886 772 6
a 887 183 4
a 888 60 4
a 889 510 2
a 889 910 1
a 890 256 8
a 891 654 6
a 891 750 7
a 891 864 10
a 892 367 4
a 892 384 7
a 892 966 5
a 893 240 8
a 893 753 4
a 894 16 2
a 895 881 1
a 895 905 3
a 896 540 3
a 896 915 2
a 897 415 6
a 898 216 9
a 899 747 3
a 899 905 3
a 900 381 6
a 901 184 8
a 901 438 10
a 902 92 3
a 902 579 3
a 903 559 5
a 904 112 3
a 904 739 5
a 905 26 1
a 905 206 3
a 905 519 10
a 906 155 2
a 907 73 6
a 907 309 7
a 907 746 1
a 907 848 10
a 907 963 1
a 908 749 10
a 909 28 2
a 909 515 1
a 909 791 1
a 909 983 1
a 910 999 8
a 911 74 10
a 912 168 5
a 912 381 4
a 912 385 4
a 913 382 7
a 913 389 6
a 913 643 2
a 914 144 7
a 914 503 1
a 914 551 2
a 914 714 10
a 915 164 2
a 915 252 4
a 916 442 3
a 917 811 8
a 918 266 8
a 919 446 7
a 919 800 9
a 920 641 6
a 920 909 4
a 920 922 9
a 921 371 2
a 921 569 6
a 921 829 4
a 922 926 7
a 923 75 5
a 923 253 8
a 924 305 4
a 924 433 10
a 924 628 9
a 925 791 3
a 926 70 9
a 926 207 5
a 926 443 10
a 926 564 9
a 927 302 7
a 928 453 5
a 928 468 6
a 928 471 5
a 929 61 5
a 929 204 5
a 929 569 8
a 930 825 5
a 930 901 1
a 931 268 1
a 932 325 1
a 933 356 8
a 933 796 10
a 934 319 3
a 935 103 3
a 935 809 1
a 936 496 2
a 937 86 4
a 937 103 7
a 938 134 6
a 938 294 8
a 939 39 8
a 940 248 10
a 940 494 5
a 941 202 9
a 942 52 3
a 942 853 9
a 943 57 3
a 943 78 1
a 943 133 6
a 943 646 2
a 944 820 8
a 944 910 2
a 945 279 8
a 945 318 7
a 946 139 7
a 947 66 10
a 947 276 3
a 947 777 9
a 948 78 5
a 948 914 5
a 949 206 10
a 949 986 5
a 950 55 6
a 950 256 4
a 950 874 2
a 951 94 1
a 952 533 8
a 952 789 3
a 952 976 6
a 953 678 6
a 953 781 10
a 954 425 7
a 954 793 7
a 955 138 4
a 955 549 10
a 956 437 9
a 956 972 8
a 957 523 10
a 958 853 5
a 959 243 5
a 959 323 8
a 959 430 9
a 960 874 3
a 961 36 2
a 961 220 6
a 961 644 9
a 962 956 1
a 963 346 8
a 963 478 6
a 963 905 9
a 964 338 3
a 964 708 8
a 965 570 5
a 965 581 7
a 965 955 7
a 966 218 1
a 966 341 2
a 967 524 10
a 967 634 5
a 967 780 2
a 967 839 2
a 968 886 2
a 969 272 2
a 970 109 2
a 970 492 9
a 970 793 6
a 971 756 3
a 972 584 4
a 972 619 7
a 973 356 3
a 974 155 9
a 974 772 6
a 975 4 7
a 975 454 6
a 975 505 6
a 976 232 8
a 976 676 4
a 977 49 7
a 978 96 10
a 979 116 6
a 980 313 6
a 980 435 1
a 980 844 10
a 981 620 6
a 981 675 7
a 982 66 9
a 982 947 10
a 983 568 4
a 984 20 5
a 984 194 1
a 985 39 8
a 985 211 9
a 985 368 9
a 985 877 7
a 986 195 2
a 987 153 5
a 987 329 7
a 987 610 7
a 988 244 1
a 988 495 8
a 988 886 2
a 989 606 6
a 990 664 7
a 990 689 2
a 991 667 5
a 992 245 10
a 993 290 2
a 993 429 6
a 994 71 3
a 995 24 10
a 995 263 1
a 995 319 4
a 995 350 9
a 996 17 8
a 996 191 10
a 997 262 2
a 997 602 4
a 998 250 10
a 998 558 3
a 999 202 7
a 999 926 6
