p max 100 200
n 1 s
n 100 t
a 1 29 4
a 2 32 1
a 2 97 6
a 3 12 2
a 3 69 2
a 3 74 2
a 3 99 10
a 4 33 9
a 4 74 10
a 4 100 10
a 5 68 2
a 6 25 9
a 7 40 3
a 8 12 3
a 9 43 2
a 9 58 2
a 10 25 9
a 11 94 3
a 12 20 7
a 13 10 4
a 13 61 4
a 14 50 6
a 15 70 10
a 15 90 8
a 16 42 10
a 16 80 2
a 16 100 2
a 17 40 5
a 17 68 5
a 18 45 6
a 18 52 8
a 19 18 4
a 19 27 3
a 20 38 10
a 20 85 2
a 21 88 8
a 22 54 5
a 22 60 3
a 22 78 2
a 23 80 9
a 24 43 4
a 25 68 2
a 26 84 2
a 27 9 6
a 27 20 10
a 27 30 7
a 27 43 2
a 28 2 9
a 28 4 1
a 29 5 6
a 29 20 7
a 30 37 5
a 30 97 7
a 31 17 6
a 31 32 4
a 31 45 3
a 31 53 2
a 32 7 10
a 32 28 5
a 32 39 4
a 32 57 4
a 33 11 8
a 33 35 6
a 33 72 3
a 34 22 4
a 34 48 10
a 35 36 10
a 35 71 5
a 35 76 7
a 36 98 4
a 37 71 6
a 37 81 4
a 38 10 1
a 38 81 9
a 38 95 2
a 39 70 8
a 40 90 3
a 41 96 2
a 42 23 10
a 42 27 8
a 42 67 4
a 42 87 8
a 43 75 9
a 43 87 3
a 44 56 3
a 44 96 10
a 45 43 5
a 46 54 7
a 47 31 8
a 48 51 7
a 49 68 6
a 49 77 8
a 50 72 7
a 50 76 6
a 50 98 10
a 51 42 5
a 52 69 3
a 53 17 6
a 54 16 9
a 54 34 2
a 54 47 1
a 54 63 2
a 54 79 6
a 55 3 6
a 55 25 9
a 55 49 8
a 55 73 8
a 56 38 5
a 57 48 3
a 57 51 2
a 57 74 8
a 58 13 9
a 58 66 4
a 59 36 3
a 60 4 10
a 60 11 5
a 60 82 8
a 61 62 4
a 61 73 3
a 61 84 10
a 62 54 3
a 62 58 8
a 63 15 9
a 63 88 4
a 63 91 5
a 64 2 1
a 65 19 4
a 65 40 8
a 65 41 10
a 65 66 7
a 65 81 3
a 66 53 2
a 67 30 6
a 67 97 4
a 68 31 4
a 68 81 5
a 69 44 6
a 69 86 8
a 70 63 4
a 71 6 8
a 71 87 4
a 71 94 5
a 72 94 2
a 72 97 6
a 73 10 1
a 73 26 7
a 73 65 3
a 74 90 6
a 75 12 2
a 76 34 4
a 77 48 4
a 77 99 8
a 78 7 6
a 78 34 10
a 78 54 4
a 78 82 2
a 78 90 2
a 79 46 4
a 79 95 5
a 80 40 9
a 80 42 5
a 80 64 10
a 81 53 3
a 82 33 10
a 83 8 1
a 83 14 3
a 83 25 6
a 83 32 3
a 84 52 4
a 85 96 2
a 86 21 1
a 86 88 6
a 86 90 8
a 87 24 1
a 87 59 9
a 87 68 8
a 88 53 3
a 88 92 9
a 89 32 10
a 90 18 9
a 90 83 4
a 91 44 5
a 91 45 5
a 92 95 7
a 93 17 9
a 93 95 2
a 94 50 4
a 94 66 7
a 95 52 7
a 95 55 7
a 96 29 2
a 96 55 1
a 96 93 2
a 97 19 9
a 97 22 8
a 98 83 7
a 98 95 10
a 99 12 10
a 99 56 1
a 99 89 9
