p max 100 200
n 1 s
n 100 t
a 1 17 4
a 1 20 3
a 2 13 2
a 3 19 10
a 3 23 8
a 3 47 9
a 3 74 9
a 3 91 6
a 4 76 3
a 5 24 3
a 5 34 9
a 6 98 9
a 7 36 2
a 7 65 8
a 8 85 4
a 8 97 4
a 9 15 7
a 9 85 6
a 10 72 8
a 10 83 5
a 10 97 1
a 11 55 9
a 12 68 4
a 13 49 6
a 13 51 7
a 14 33 4
a 14 63 6
a 15 71 7
a 16 56 2
a 17 63 7
a 18 5 1
a 18 10 9
a 18 86 4
a 19 43 3
a 19 58 5
a 19 91 10
a 20 17 5
a 21 43 2
a 21 81 1
a 21 100 5
a 22 69 4
a 22 74 3
a 22 77 8
a 23 27 3
a 23 38 9
a 23 95 3
a 24 14 4
a 24 29 4
a 24 44 7
a 24 77 3
a 25 37 10
a 25 51 6
a 26 72 10
a 27 99 5
a 28 94 10
a 28 98 4
a 29 67 8
a 29 73 2
a 30 8 8
a 30 70 4
a 30 80 5
a 31 96 3
a 32 58 7
a 32 96 6
a 33 28 9
a 34 26 7
a 35 18 9
a 36 93 6
a 37 36 6
a 38 27 5
a 39 8 5
a 39 35 8
a 40 14 2
a 41 10 10
a 42 3 2
a 42 4 2
a 42 87 1
a 43 26 9
a 43 97 6
a 43 99 1
a 44 18 2
a 44 31 2
a 45 67 7
a 46 35 7
a 47 12 8
a 47 58 8
a 48 13 1
a 48 46 6
a 48 88 8
a 49 42 6
a 49 48 1
a 50 30 2
a 50 96 5
a 51 7 8
a 52 51 7
a 53 27 1
a 53 39 8
a 53 66 2
a 54 64 5
a 55 6 5
a 55 18 2
a 55 19 5
a 55 71 10
a 56 30 3
a 56 54 7
a 56 82 1
a 57 62 6
a 58 33 1
a 59 22 5
a 59 85 10
a 60 69 8
a 61 67 1
a 61 68 3
a 62 5 5
a 62 34 4
a 62 44 9
a 62 100 9
a 63 11 2
a 63 51 3
a 64 3 6
a 64 57 2
a 65 13 7
a 65 89 10
a 66 4 10
a 67 21 8
a 67 50 7
a 67 75 5
a 68 4 5
a 68 14 4
a 68 45 3
a 68 53 7
a 68 60 1
a 69 47 4
a 69 59 3
a 70 48 9
a 70 62 2
a 71 2 1
a 71 94 8
a 72 2 2
a 72 92 7
a 73 40 2
a 73 67 1
a 74 9 1
a 75 45 5
a 76 38 1
a 77 42 3
a 77 55 10
a 77 61 8
a 78 9 3
a 78 79 10
a 79 22 10
a 79 70 1
a 80 17 5
a 80 28 4
a 80 32 9
a 80 50 7
a 80 64 4
a 80 76 8
a 80 81 2
a 80 98 4
a 81 14 1
a 81 25 6
a 81 52 2
a 81 63 3
a 82 32 5
a 83 48 4
a 84 8 9
a 84 73 10
a 85 39 10
a 85 70 7
a 85 78 4
a 86 7 10
a 86 56 9
a 87 17 5
a 87 36 9
a 87 66 5
a 87 90 7
a 87 98 9
a 88 77 10
a 89 5 6
a 89 7 9
a 89 46 7
a 90 12 4
a 91 16 2
a 91 18 10
a 92 16 7
a 92 93 2
a 93 30 2
a 93 33 10
a 93 56 8
a 94 58 3
a 95 92 2
a 96 41 1
a 96 67 5
a 97 22 1
a 97 49 9
a 97 79 7
a 98 71 9
a 98 84 6
a 99 44 6
