p max 1000 2000
n 1 s
n 1000 t
a 1 727 4
a 1 743 7
a 2 355 5
a 2 829 2
a 2 848 2
a 3 25 10
a 3 366 8
a 3 396 10
a 3 817 1
a 4 321 1
a 5 345 10
a 5 433 3
a 6 419 1
a 6 613 9
a 6 633 10
a 7 63 6
a 7 703 3
a 7 801 2
a 7 964 2
a 8 402 10
a 8 542 3
a 8 713 10
a 9 869 3
a 10 69 8
a 10 283 6
a 10 487 4
a 11 110 10
a 11 645 2
a 12 919 2
a 13 180 9
a 13 781 4
a 14 26 5
a 14 695 5
a 14 913 1
a 15 482 10
a 16 889 4
a 17 79 10
a 17 453 7
a 17 954 5
a 18 296 1
a 19 362 7
a 19 891 2
a 20 4 7
a 20 296 2
a 20 482 1
a 21 363 8
a 21 952 1
a 22 701 1
a 23 332 3
a 24 7 3
a 25 886 2
a 26 674 9
a 27 84 9
a 27 500 7
a 27 729 2
a 28 264 8
a 29 446 8
a 30 953 6
a 31 810 3
a 32 557 4
a 32 569 10
a 32 582 7
a 33 34 1
a 33 501 8
a 33 745 2
a 34 94 9
a 34 610 5
a 35 27 3
a 35 68 7
a 35 275 4
a 35 886 7
a 36 638 2
a 37 947 4
a 38 30 4
a 38 73 2
a 39 230 9
a 39 808 10
a 40 535 7
a 40 774 10
a 41 387 3
a 41 816 8
a 42 193 4
a 43 278 1
a 44 630 7
a 44 714 7
a 44 831 9
a 45 344 5
a 45 552 1
a 45 626 6
a 46 93 1
a 46 559 7
a 47 63 10
a 47 719 8
a 48 294 2
a 49 211 4
a 50 41 3
a 50 603 5
a 51 104 8
a 51 495 5
a 51 612 6
a 52 402 6
a 52 931 5
a 53 497 5
a 54 473 9
a 54 901 2
a 55 613 10
a 56 570 6
a 56 657 3
a 56 874 1
a 57 951 10
a 57 961 3
a 58 730 2
a 58 949 4
a 59 53 3
a 60 118 10
a 60 339 1
a 60 940 9
a 61 260 8
a 62 114 8
a 62 136 4
a 62 378 5
a 62 469 4
a 62 865 7
a 63 20 10
a 63 840 1
a 64 480 2
a 65 92 10
a 66 13 1
a 66 135 10
a 66 269 1
a 66 458 9
a 66 1000 10
a 67 457 2
a 67 807 6
a 68 349 3
a 69 778 8
a 70 787 1
a 70 851 9
a 71 142 8
a 71 517 6
a 72 201 5
a 72 706 7
a 73 929 10
a 73 982 4
a 74 688 8
a 75 22 2
a 75 663 4
a 76 69 10
a 76 285 6
a 76 768 4
a 77 191 1
a 78 23 4
a 78 985 9
a 79 241 7
a 79 438 2
a 80 3 8
a 80 416 6
a 80 648 5
a 80 998 2
a 81 109 5
a 81 996 8
a 82 28 8
a 82 266 3
a 82 320 4
a 82 799 3
a 83 786 7
a 83 931 4
a 84 727 4
a 84 793 5
a 85 646 5
a 86 202 6
a 86 325 4
a 86 362 8
a 87 360 4
a 87 590 4
a 88 546 3
a 88 851 6
a 89 164 9
a 89 304 9
a 89 600 7
a 89 836 2
a 90 849 9
a 91 314 8
a 92 48 7
a 92 177 9
a 93 561 8
a 93 844 2
a 94 734 8
a 95 330 10
a 95 547 6
a 96 829 7
a 97 59 4
a 97 76 4
a 97 977 3
a 98 807 5
a 99 688 5
a 100 639 3
a 100 648 6
a 101 169 3
a 101 962 2
a 102 22 6
a 102 81 6
a 103 868 8
a 104 312 3
a 104 642 9
a 105 199 5
a 105 622 4
a 106 215 8
a 106 392 2
a 107 308 8
a 107 839 4
a 108 185 3
a 109 173 1
a 109 329 2
a 109 400 1
a 109 529 2
a 109 967 8
a 110 65 2
a 110 860 7
a 111 913 1
a 112 526 5
a 112 875 2
a 113 371 9
a 113 637 8
a 114 140 1
a 114 291 1
a 115 91 1
a 115 510 5
a 115 932 5
a 116 398 4
a 116 446 1
a 116 858 2
a 117 52 6
a 117 805 10
a 118 503 9
a 118 713 1
a 119 675 7
a 120 33 2
a 120 666 8
a 121 494 9
a 121 914 7
a 122 32 9
a 122 261 5
a 122 562 2
a 123 11 10
a 123 322 1
a 124 101 1
a 124 132 7
a 124 317 3
a 124 959 4
a 125 173 6
a 125 242 8
a 126 910 6
a 127 639 10
a 128 370 2
a 128 833 4
a 129 395 10
a 129 800 8
a 130 212 2
a 130 921 2
a 131 431 7
a 132 366 8
a 132 825 8
a 133 583 2
a 134 10 2
a 134 698 8
a 135 56 2
a 135 255 1
a 136 569 10
a 136 890 5
a 137 97 8
a 137 883 8
a 138 160 1
a 138 244 3
a 138 757 6
a 139 306 6
a 139 474 8
a 140 790 6
a 141 387 10
a 142 833 10
a 143 505 3
a 143 639 1
a 144 464 1
a 145 198 6
a 145 222 9
a 145 365 7
a 145 823 4
a 145 824 4
a 146 652 8
a 147 699 9
a 147 895 5
a 148 694 9
a 148 859 8
a 149 495 8
a 150 374 3
a 150 525 3
a 150 840 5
a 151 384 6
a 151 610 4
a 152 237 1
a 153 997 1
a 154 465 10
a 154 538 9
a 155 512 8
a 155 828 4
a 156 64 10
a 156 662 7
a 156 734 3
a 157 181 4
a 157 638 1
a 158 205 8
a 158 607 4
a 158 780 5
a 159 6 7
a 159 113 2
a 159 805 5
a 159 896 4
a 160 281 3
a 160 394 7
a 160 514 7
a 160 658 10
a 160 953 3
a 161 61 1
a 161 651 7
a 162 415 10
a 162 545 5
a 162 742 5
a 163 488 9
a 164 211 3
a 164 272 9
a 164 969 4
a 165 44 4
a 166 560 7
a 166 619 6
a 166 843 7
a 167 246 6
a 167 550 4
a 167 683 7
a 168 173 9
a 169 765 8
a 170 949 6
a 171 133 8
a 171 835 6
a 172 239 9
a 172 565 2
a 172 676 2
a 173 275 2
a 173 917 1
a 174 526 4
a 174 929 6
a 175 88 3
a 175 427 4
a 175 604 4
a 176 53 1
a 176 200 3
a 176 509 3
a 176 974 3
a 177 498 3
a 177 507 8
a 178 559 8
a 179 32 8
a 179 971 3
a 180 547 2
a 181 791 3
a 182 861 6
a 183 757 10
a 184 207 10
a 184 382 6
a 185 5 5
a 185 194 10
a 186 667 1
a 187 386 2
a 187 472 8
a 187 733 2
a 188 450 1
a 188 942 9
a 189 396 7
a 189 828 6
a 190 219 4
a 190 560 5
a 191 339 9
a 192 144 8
a 193 253 5
a 193 686 9
a 193 694 4
a 194 200 1
a 194 637 7
a 195 26 5
a 196 781 1
a 197 72 5
a 197 254 9
a 198 158 2
a 198 490 8
a 198 670 10
a 198 715 7
a 199 194 4
a 199 700 8
a 200 126 10
a 200 231 5
a 201 646 10
a 202 142 2
a 202 585 7
a 202 879 6
a 203 599 1
a 203 675 2
a 203 732 8
a 204 485 4
a 204 604 8
a 205 85 9
a 205 149 4
a 205 791 5
a 206 357 4
a 207 202 1
a 207 225 7
a 207 370 1
a 208 198 9
a 208 435 8
a 208 796 10
a 209 93 1
a 209 696 3
a 209 726 7
a 210 274 3
a 210 506 10
a 211 768 4
a 212 174 9
a 212 575 8
a 213 190 7
a 213 335 5
a 213 797 2
a 214 139 6
a 214 753 7
a 215 63 9
a 215 927 6
a 216 391 7
a 216 404 1
a 216 820 4
a 217 86 8
a 217 540 7
a 218 533 9
a 218 816 5
a 218 930 1
a 219 443 10
a 219 621 6
a 219 737 1
a 219 864 4
a 220 182 3
a 221 882 5
a 222 216 6
a 223 67 5
a 224 548 10
a 224 762 3
a 224 805 2
a 225 22 9
a 226 509 7
a 227 442 9
a 228 185 3
a 229 355 4
a 229 407 9
a 229 623 2
a 230 930 10
a 231 295 10
a 231 532 2
a 231 807 10
a 232 661 10
a 233 79 7
a 234 368 7
a 234 523 5
a 234 829 6
a 235 271 4
a 236 147 1
a 236 179 1
a 237 385 10
a 237 902 1
a 238 108 4
a 238 391 3
a 238 921 2
a 239 163 1
a 239 746 8
a 240 707 8
a 241 858 6
a 241 939 8
a 242 635 3
a 242 756 10
a 243 342 8
a 244 242 7
a 245 182 10
a 245 426 6
a 246 58 4
a 246 119 8
a 246 731 10
a 247 42 7
a 247 97 3
a 248 376 3
a 248 912 10
a 249 816 3
a 250 233 3
a 250 479 4
a 250 566 10
a 250 958 10
a 251 557 1
a 251 585 3
a 252 786 8
a 252 899 7
a 253 489 5
a 253 623 5
a 253 894 6
a 254 498 3
a 254 717 4
a 255 70 8
a 255 126 5
a 255 464 9
a 256 109 4
a 256 584 2
a 257 575 7
a 257 663 2
a 257 716 9
a 257 802 8
a 258 80 8
a 258 199 10
a 259 40 7
a 259 315 4
a 259 642 9
a 260 298 9
a 260 601 4
a 261 87 9
a 261 435 2
a 262 168 8
a 262 571 6
a 262 780 6
a 262 794 5
a 263 2 10
a 263 253 6
a 263 328 9
a 264 291 3
a 264 972 7
a 265 157 5
a 265 268 2
a 265 334 6
a 266 477 9
a 267 540 4
a 267 559 1
a 268 193 7
a 269 464 7
a 269 687 10
a 270 521 9
a 270 640 9
a 271 58 9
a 272 224 6
a 273 439 8
a 273 870 10
a 274 111 2
a 274 707 10
a 275 78 7
a 275 167 3
a 276 621 5
a 276 749 7
a 277 598 6
a 277 674 2
a 278 107 6
a 278 873 4
a 278 957 5
a 279 47 2
a 279 271 5
a 279 449 3
a 279 721 5
a 280 43 4
a 280 263 1
a 280 311 9
a 281 471 1
a 282 219 1
a 283 417 3
a 284 67 9
a 284 798 4
a 284 827 6
a 285 214 4
a 285 961 5
a 286 25 4
a 287 254 7
a 287 539 8
a 287 543 1
a 287 760 8
a 287 966 10
a 288 249 6
a 289 259 10
a 289 390 10
a 289 578 10
a 289 920 7
a 290 286 7
a 290 834 3
a 291 106 1
a 292 450 7
a 292 493 10
a 293 176 7
a 293 812 3
a 293 838 1
a 294 216 4
a 294 284 6
a 294 290 5
a 295 360 8
a 296 279 10
a 296 600 6
a 297 47 1
a 297 112 8
a 297 510 5
a 297 689 9
a 297 793 2
a 298 431 10
a 298 650 3
a 299 377 10
a 299 650 3
a 300 119 3
a 301 97 10
a 301 925 4
a 302 983 8
a 303 178 4
a 303 352 5
a 303 360 5
a 304 658 10
a 305 161 3
a 305 926 4
a 306 110 10
a 306 523 5
a 307 612 9
a 307 891 8
a 308 709 5
a 309 568 3
a 309 868 4
a 310 171 4
a 310 844 5
a 311 6 5
a 311 297 4
a 311 411 8
a 312 988 3
a 313 98 4
a 313 835 6
a 314 629 10
a 315 272 3
a 316 919 8
a 317 517 1
a 317 934 8
a 318 683 8
a 319 48 8
a 320 141 8
a 320 779 6
a 321 403 3
a 322 441 10
a 323 229 2
a 324 622 10
a 325 119 10
a 326 432 4
a 326 688 10
a 327 48 8
a 327 965 8
a 328 216 5
a 328 372 1
a 328 388 10
a 328 875 8
a 329 373 8
a 330 471 8
a 330 898 7
a 331 146 2
a 331 289 8
a 331 677 8
a 332 703 7
a 333 473 9
a 333 624 4
a 333 910 10
a 334 229 9
a 334 897 9
a 335 23 10
a 336 196 8
a 336 397 9
a 336 785 5
a 337 221 2
a 337 486 7
a 337 589 4
a 338 184 8
a 338 956 8
a 339 459 7
a 339 479 4
a 339 992 1
a 340 983 7
a 341 892 7
a 342 628 7
a 342 816 3
a 343 820 6
a 344 658 8
a 344 818 5
a 345 853 2
a 346 373 3
a 347 863 2
a 348 66 7
a 348 858 7
a 348 878 9
a 349 481 1
a 349 542 8
a 349 678 1
a 350 499 5
a 350 993 1
a 351 291 8
a 351 718 3
a 352 53 6
a 352 238 6
a 352 340 7
a 352 463 4
a 352 500 7
a 352 964 2
a 353 594 7
a 354 902 5
a 355 805 5
a 355 822 10
a 356 503 4
a 357 227 5
a 357 453 7
a 357 708 3
a 357 790 3
a 358 508 9
a 358 755 6
a 358 773 1
a 359 910 5
a 360 467 9
a 360 720 2
a 360 858 10
a 361 162 2
a 361 322 8
a 361 698 2
a 362 972 9
a 363 593 2
a 364 946 4
a 365 779 3
a 366 193 1
a 366 222 3
a 366 354 2
a 366 889 3
a 367 521 6
a 367 572 6
a 368 186 9
a 368 359 1
a 368 907 6
a 369 401 9
a 369 654 10
a 369 680 7
a 370 690 2
a 370 723 6
a 370 860 10
a 371 384 4
a 371 631 3
a 372 341 8
a 372 952 4
a 373 688 1
a 374 208 6
a 374 487 7
a 375 343 9
a 376 302 7
a 376 769 2
a 377 420 4
a 377 558 7
a 377 908 6
a 378 236 5
a 378 250 2
a 378 651 6
a 379 203 5
a 379 826 2
a 380 395 8
a 380 563 5
a 381 678 6
a 381 831 6
a 381 973 7
a 382 632 6
a 383 233 3
a 383 750 2
a 384 835 3
a 385 893 7
a 385 909 2
a 386 355 3
a 386 631 7
a 387 731 7
a 388 311 10
a 389 191 6
a 389 577 10
a 389 682 4
a 389 751 2
a 390 21 10
a 390 146 6
a 391 351 8
a 391 636 4
a 392 31 10
a 393 511 1
a 394 321 10
a 394 659 8
a 395 325 3
a 395 496 7
a 395 815 1
a 396 215 7
a 396 271 6
a 397 100 3
a 398 519 1
a 399 617 5
a 399 674 3
a 400 169 5
a 401 184 3
a 401 278 5
a 401 722 6
a 402 720 7
a 403 151 5
a 403 472 6
a 403 908 4
a 404 393 3
a 405 250 4
a 406 81 6
a 406 288 7
a 406 960 3
a 407 189 10
a 407 987 10
a 408 444 6
a 408 838 4
a 408 882 1
a 409 503 7
a 410 17 2
a 411 328 10
a 411 761 10
a 411 956 9
a 412 240 3
a 412 893 7
a 413 409 9
a 413 736 3
a 414 150 6
a 415 144 3
a 415 273 9
a 415 587 1
a 415 615 1
a 416 299 8
a 417 405 8
a 418 392 4
a 419 615 4
a 419 693 10
a 420 483 10
a 421 709 1
a 422 714 10
a 423 8 1
a 423 251 1
a 424 462 3
a 424 562 2
a 424 779 10
a 425 382 2
a 426 598 10
a 427 412 1
a 428 457 4
a 428 804 4
a 429 378 1
a 429 593 7
a 430 257 7
a 430 287 9
a 431 373 9
a 431 437 5
a 431 724 1
a 431 997 1
a 432 104 1
a 432 629 8
a 433 39 2
a 434 849 3
a 435 188 9
a 435 598 5
a 436 92 3
a 436 730 2
a 437 197 1
a 438 424 9
a 439 161 10
a 439 286 3
a 440 436 4
a 441 247 1
a 441 350 10
a 442 133 10
a 442 331 6
a 442 668 10
a 443 249 6
a 443 614 4
a 444 354 4
a 445 278 1
a 446 989 6
a 447 111 9
a 448 516 4
a 448 619 9
a 449 672 8
a 449 925 2
a 449 957 5
a 449 971 7
a 450 80 4
a 450 702 10
a 450 952 1
a 451 170 4
a 452 393 3
a 452 514 10
a 453 446 5
a 454 54 9
a 454 743 4
a 454 792 7
a 455 614 6
a 456 152 5
a 456 803 10
a 457 29 10
a 457 128 10
a 457 145 9
a 457 602 9
a 457 647 4
a 458 421 4
a 459 144 5
a 459 748 2
a 460 46 6
a 460 426 7
a 461 844 5
a 462 948 10
a 462 978 6
a 463 485 2
a 464 29 4
a 465 408 6
a 466 913 5
a 467 100 8
a 467 656 5
a 467 881 4
a 467 954 4
a 468 225 10
a 469 526 3
a 469 735 1
a 469 898 1
a 470 525 2
a 471 618 10
a 471 625 6
a 471 641 5
a 471 871 2
a 472 366 5
a 472 755 8
a 473 114 4
a 473 321 9
a 473 931 6
a 473 953 2
a 473 995 3
a 474 769 8
a 474 933 7
a 474 979 3
a 474 994 4
a 475 24 3
a 475 398 3
a 476 83 9
a 476 369 5
a 477 252 3
a 477 888 4
a 478 212 7
a 479 19 3
a 479 331 10
a 480 426 3
a 480 906 10
a 481 44 7
a 481 257 4
a 481 434 4
a 481 609 2
a 482 580 10
a 482 978 1
a 483 530 10
a 483 662 7
a 484 305 8
a 484 521 3
a 485 642 5
a 486 809 6
a 487 442 3
a 487 611 3
a 488 61 9
a 488 295 8
a 488 861 10
a 489 727 3
a 489 887 5
a 490 587 10
a 490 597 7
a 491 174 8
a 491 522 4
a 492 55 4
a 492 982 2
a 493 28 8
a 493 514 1
a 493 573 3
a 493 711 4
a 494 235 7
a 494 270 1
a 494 858 9
a 495 172 6
a 495 853 7
a 496 610 6
a 497 441 7
a 497 460 1
a 497 799 3
a 498 373 8
a 498 721 3
a 498 776 5
a 499 741 1
a 499 990 8
a 500 43 3
a 501 701 8
a 501 996 8
a 502 605 10
a 503 75 9
a 503 349 7
a 503 478 6
a 503 480 9
a 504 227 10
a 504 491 6
a 505 58 3
a 505 216 4
a 505 885 2
a 506 962 1
a 507 412 5
a 508 123 7
a 508 857 9
a 509 383 9
a 510 15 3
a 510 345 5
a 510 507 6
a 510 717 6
a 511 434 9
a 511 524 1
a 512 50 2
a 512 715 3
a 513 873 3
a 514 725 2
a 514 727 4
a 514 877 3
a 515 552 9
a 516 324 10
a 516 887 10
a 517 234 4
a 517 353 10
a 517 911 10
a 518 973 5
a 519 180 1
a 520 375 10
a 520 414 4
a 520 646 10
a 521 130 6
a 521 851 3
a 522 465 9
a 522 664 9
a 522 920 6
a 523 59 6
a 523 197 6
a 523 576 6
a 524 118 4
a 524 635 8
a 525 110 1
a 525 599 8
a 526 872 2
a 526 900 6
a 527 230 5
a 527 440 6
a 527 540 5
a 527 811 5
a 528 831 2
a 529 711 5
a 529 897 9
a 530 44 2
a 531 791 1
a 531 832 9
a 532 429 5
a 533 450 10
a 534 823 1
a 534 975 9
a 535 486 8
a 535 814 9
a 536 472 4
a 537 212 6
a 537 502 5
a 537 856 5
a 538 736 2
a 539 179 1
a 539 379 3
a 540 127 6
a 540 531 4
a 541 165 4
a 542 273 5
a 542 681 6
a 543 338 10
a 543 728 2
a 543 935 8
a 544 216 5
a 544 445 10
a 544 763 8
a 545 493 9
a 546 687 9
a 546 704 7
a 547 26 5
a 548 95 5
a 548 126 1
a 548 970 10
a 549 41 7
a 549 827 1
a 550 389 7
a 550 606 4
a 550 752 5
a 550 956 5
a 551 732 1
a 551 902 2
a 552 36 5
a 552 563 7
a 552 858 5
a 553 224 6
a 553 436 2
a 553 601 6
a 554 924 7
a 555 721 7
a 556 210 7
a 556 778 5
a 556 916 9
a 557 969 8
a 558 35 5
a 559 301 3
a 559 575 10
a 559 700 1
a 560 475 7
a 561 154 10
a 561 209 1
a 562 431 9
a 562 598 7
a 563 5 8
a 563 846 9
a 564 291 8
a 565 427 8
a 566 354 4
a 566 665 6
a 566 835 7
a 567 825 10
a 568 588 2
a 569 529 9
a 570 881 4
a 571 88 6
a 571 230 8
a 571 586 3
a 571 617 4
a 571 829 1
a 572 58 9
a 572 884 1
a 573 41 3
a 573 250 6
a 574 358 7
a 574 712 4
a 575 415 7
a 576 431 9
a 576 968 2
a 577 581 7
a 577 758 3
a 578 398 7
a 579 431 2
a 580 155 6
a 580 399 9
a 580 947 5
a 581 115 3
a 581 267 2
a 582 253 10
a 582 315 6
a 583 300 5
a 584 675 1
a 585 138 9
a 585 782 3
a 586 616 7
a 586 920 8
a 587 68 1
a 587 171 6
a 587 220 9
a 587 677 4
a 588 869 2
a 589 989 8
a 590 628 8
a 591 81 10
a 591 116 10
a 592 350 8
a 592 505 7
a 593 303 5
a 593 774 2
a 594 744 2
a 595 530 10
a 596 178 2
a 596 359 3
a 596 707 4
a 597 120 8
a 597 474 1
a 598 77 5
a 598 114 7
a 598 527 10
a 599 833 1
a 600 543 6
a 600 553 4
a 601 532 7
a 602 166 6
a 602 594 7
a 603 760 8
a 603 764 4
a 604 418 10
a 604 567 2
a 604 813 5
a 604 944 2
a 605 52 5
a 605 823 3
a 606 699 7
a 607 563 6
a 608 389 1
a 608 570 10
a 608 730 3
a 609 812 6
a 610 688 9
a 611 455 6
a 611 712 6
a 612 60 5
a 612 515 3
a 612 690 9
a 612 919 8
a 612 937 8
a 613 193 6
a 613 549 3
a 614 233 10
a 614 243 6
a 615 150 10
a 615 228 8
a 615 541 1
a 615 984 3
a 616 293 10
a 617 195 6
a 617 216 1
a 617 918 10
a 618 269 5
a 619 825 9
a 620 627 2
a 620 990 6
a 621 663 3
a 622 312 3
a 622 866 8
a 622 963 6
a 623 204 1
a 624 776 9
a 625 345 9
a 625 452 2
a 625 520 10
a 625 581 8
a 626 857 4
a 627 307 4
a 627 382 8
a 628 692 4
a 628 872 7
a 628 875 10
a 629 157 10
a 630 252 1
a 630 327 2
a 630 529 8
a 630 611 3
a 631 494 9
a 632 502 7
a 632 999 7
a 633 551 10
a 633 978 2
a 633 981 8
a 634 170 1
a 634 459 6
a 634 987 9
a 635 276 6
a 635 332 4
a 635 409 9
a 635 983 4
a 636 453 10
a 637 516 2
a 637 632 8
a 638 163 5
a 638 945 9
a 639 232 3
a 640 35 2
a 640 348 9
a 640 515 4
a 641 379 6
a 641 806 4
a 642 463 5
a 642 652 2
a 643 345 10
a 643 545 5
a 643 950 4
a 644 294 9
a 644 540 5
a 645 90 9
a 645 168 3
a 645 397 7
a 646 257 9
a 647 103 4
a 647 211 1
a 647 451 8
a 647 508 9
a 647 704 8
a 648 85 9
a 648 262 8
a 648 483 5
a 649 367 5
a 649 646 5
a 649 699 1
a 649 758 7
a 650 51 9
a 650 276 5
a 651 537 4
a 651 576 3
a 651 796 4
a 652 419 6
a 652 544 1
a 653 385 9
a 654 160 1
a 654 277 9
a 654 326 1
a 654 814 3
a 655 557 5
a 655 640 9
a 655 671 1
a 656 323 4
a 656 760 9
a 657 591 9
a 657 895 2
a 658 134 4
a 658 374 2
a 659 35 6
a 659 168 4
a 659 454 7
a 660 280 1
a 661 240 10
a 662 355 1
a 662 737 9
a 663 64 6
a 663 430 6
a 664 123 1
a 664 473 8
a 664 747 3
a 665 29 4
a 665 96 1
a 665 125 1
a 665 994 1
a 666 696 6
a 667 771 6
a 667 983 7
a 668 57 3
a 668 258 6
a 668 585 6
a 669 180 1
a 669 816 7
a 670 764 5
a 671 152 3
a 671 405 1
a 672 9 1
a 672 680 4
a 672 941 8
a 672 943 10
a 673 519 4
a 673 985 8
a 674 4 4
a 674 465 6
a 674 525 5
a 675 440 10
a 676 679 5
a 677 410 3
a 678 187 7
a 678 191 3
a 678 292 9
a 678 531 3
a 679 712 4
a 679 901 5
a 679 917 7
a 680 177 6
a 680 232 6
a 680 248 10
a 680 963 9
a 681 406 2
a 682 245 3
a 682 264 9
a 682 855 8
a 683 727 3
a 684 916 3
a 685 488 2
a 685 584 9
a 686 282 8
a 686 321 6
a 687 592 9
a 688 867 10
a 689 22 7
a 690 536 8
a 691 237 7
a 691 554 2
a 692 266 1
a 692 936 6
a 693 142 6
a 693 640 3
a 694 135 8
a 694 313 3
a 695 168 9
a 695 424 10
a 695 499 9
a 695 753 10
a 695 854 5
a 696 651 4
a 696 653 1
a 696 798 8
a 697 664 10
a 698 62 1
a 698 837 7
a 699 27 8
a 700 20 4
a 701 443 8
a 702 757 7
a 703 629 2
a 704 783 8
a 704 813 6
a 705 393 3
a 706 16 6
a 706 594 3
a 706 667 4
a 707 511 8
a 707 669 6
a 707 775 7
a 707 954 3
a 708 276 3
a 708 770 1
a 709 845 2
a 710 601 5
a 710 926 7
a 710 984 5
a 711 85 2
a 712 165 7
a 712 863 7
a 713 173 10
a 713 363 10
a 714 487 9
a 714 879 7
a 714 938 4
a 715 494 1
a 715 518 8
a 715 754 9
a 716 428 7
a 716 945 4
a 717 591 3
a 718 264 9
a 718 337 8
a 719 377 7
a 719 790 4
a 720 452 6
a 721 481 6
a 721 684 7
a 722 334 3
a 722 788 9
a 723 379 4
a 723 673 3
a 724 82 4
a 724 374 5
a 725 156 3
a 725 661 8
a 725 767 9
a 726 33 7
a 726 198 9
a 726 434 10
a 727 102 6
a 727 185 4
a 727 821 9
a 728 219 3
a 729 576 6
a 729 855 2
a 730 424 9
a 730 447 7
a 731 34 7
a 731 260 2
a 731 841 3
a 732 843 6
a 733 267 9
a 733 272 3
a 734 679 5
a 734 703 8
a 735 996 5
a 736 12 4
a 736 898 2
a 737 303 5
a 737 426 1
a 737 714 1
a 738 602 6
a 738 842 8
a 738 955 6
a 739 493 3
a 739 766 4
a 739 860 7
a 739 1000 6
a 740 166 9
a 740 236 9
a 741 622 5
a 742 996 10
a 743 129 1
a 743 439 7
a 743 629 1
a 743 976 6
a 744 219 1
a 745 18 1
a 745 204 1
a 746 408 3
a 746 982 3
a 747 204 9
a 747 893 2
a 748 244 4
a 749 438 2
a 749 475 10
a 749 696 8
a 750 937 2
a 751 656 7
a 752 410 3
a 752 605 6
a 753 206 6
a 753 891 1
a 753 903 3
a 754 149 1
a 755 18 10
a 755 631 7
a 756 392 2
a 757 45 10
a 757 169 2
a 757 309 9
a 757 910 7
a 758 15 8
a 758 922 2
a 759 163 9
a 759 346 10
a 759 347 1
a 760 201 5
a 760 544 2
a 760 564 1
a 760 592 6
a 760 938 2
a 761 38 2
a 761 57 7
a 761 899 6
a 761 960 6
a 762 704 10
a 762 996 5
a 763 106 7
a 763 458 7
a 764 994 9
a 765 857 7
a 766 477 3
a 766 850 1
a 767 280 2
a 767 720 2
a 767 842 7
a 767 863 1
a 768 159 10
a 768 554 3
a 769 65 8
a 769 357 5
a 770 76 7
a 770 183 9
a 770 299 5
a 771 600 6
a 771 937 3
a 772 376 4
a 773 118 1
a 773 622 8
a 774 324 6
a 775 555 1
a 775 660 10
a 775 804 5
a 776 162 9
a 777 829 8
a 778 50 10
a 778 652 8
a 779 596 6
a 779 951 5
a 780 135 2
a 780 766 3
a 780 941 2
a 781 9 3
a 781 223 8
a 781 760 6
a 782 148 10
a 782 685 3
a 783 823 3
a 784 482 8
a 785 217 6
a 785 380 6
a 785 475 1
a 786 722 4
a 787 803 4
a 787 813 9
a 788 251 9
a 788 614 8
a 789 324 4
a 789 744 2
a 789 901 1
a 790 363 7
a 790 403 1
a 791 343 5
a 792 95 4
a 792 247 9
a 793 234 7
a 793 293 6
a 793 472 1
a 794 266 10
a 794 662 4
a 795 83 2
a 796 18 7
a 797 10 9
a 798 621 7
a 799 71 4
a 799 618 1
a 800 522 4
a 801 302 6
a 802 97 8
a 803 737 8
a 803 946 2
a 804 17 6
a 805 500 3
a 805 608 10
a 806 636 6
a 807 66 1
a 807 448 2
a 808 634 9
a 808 816 6
a 808 884 6
a 809 124 8
a 809 159 8
a 809 478 5
a 809 759 8
a 810 391 8
a 810 529 8
a 811 35 6
a 811 583 10
a 812 698 3
a 813 31 1
a 813 486 10
a 814 381 10
a 814 845 8
a 814 869 5
a 815 690 6
a 815 905 1
a 816 274 5
a 816 771 10
a 817 838 1
a 818 375 8
a 819 329 4
a 820 663 7
a 821 17 8
a 821 838 7
a 821 847 7
a 822 472 9
a 823 566 5
a 824 568 8
a 824 575 10
a 824 636 10
a 825 966 1
a 826 49 3
a 826 530 4
a 826 778 8
a 827 849 8
a 828 290 8
a 829 848 9
a 830 728 7
a 831 394 1
a 832 536 8
a 832 707 9
a 832 830 10
a 833 163 9
a 833 439 7
a 833 772 6
a 833 819 8
a 834 256 1
a 834 756 1
a 835 172 10
a 835 476 7
a 835 717 1
a 835 850 9
a 836 258 9
a 836 281 5
a 836 826 2
a 837 87 9
a 837 190 8
a 837 209 3
a 837 829 10
a 838 497 1
a 838 777 3
a 839 42 9
a 839 296 2
a 839 697 9
a 839 719 7
a 840 711 7
a 841 39 2
a 841 511 5
a 842 31 8
a 842 181 8
a 842 989 7
a 843 37 5
a 844 100 2
a 844 989 3
a 845 89 5
a 845 534 7
a 845 751 6
a 845 951 3
a 846 951 6
a 847 406 7
a 847 610 1
a 848 306 10
a 849 361 10
a 849 917 6
a 850 62 7
a 850 71 7
a 850 131 7
a 850 410 8
a 850 435 9
a 851 447 9
a 851 671 6
a 852 102 7
a 852 203 9
a 852 763 7
a 853 781 8
a 853 876 5
a 854 238 1
a 854 319 1
a 855 954 1
a 856 750 1
a 857 113 2
a 857 461 2
a 857 595 9
a 858 7 5
a 858 144 10
a 858 300 9
a 859 75 2
a 859 432 8
a 860 901 10
a 860 955 7
a 861 484 3
a 861 590 7
a 861 789 2
a 862 276 2
a 863 50 5
a 863 136 8
a 864 213 1
a 865 526 9
a 866 373 6
a 866 867 5
a 867 391 9
a 867 492 8
a 867 862 5
a 867 912 1
a 868 318 1
a 868 935 10
a 869 261 2
a 870 873 4
a 871 105 8
a 871 148 3
a 871 214 1
a 872 156 8
a 873 429 6
a 873 836 10
a 874 396 5
a 875 868 4
a 876 881 8
a 876 991 8
a 877 636 5
a 878 289 1
a 878 336 8
a 879 14 3
a 879 275 1
a 880 246 3
a 880 745 1
a 881 175 8
a 881 497 2
a 882 137 6
a 882 494 2
a 883 630 3
a 884 634 3
a 884 748 4
a 884 809 10
a 884 849 3
a 885 74 1
a 885 190 2
a 885 980 2
a 886 673 10
a 887 306 6
a 888 778 6
a 889 494 6
a 890 239 4
a 890 299 3
a 891 311 5
a 891 357 8
a 892 208 2
a 893 944 7
a 894 466 5
a 894 470 7
a 894 871 10
a 895 167 3
a 895 316 9
a 895 546 10
a 896 688 2
a 896 981 1
a 897 366 9
a 897 399 1
a 897 806 3
a 898 832 1
a 899 314 2
a 899 588 1
a 899 795 1
a 900 122 6
a 901 296 2
a 901 979 5
a 902 299 7
a 903 327 6
a 903 417 3
a 903 425 10
a 903 456 3
a 903 701 10
a 904 436 1
a 905 669 8
a 906 162 10
a 906 468 8
a 906 530 8
a 907 560 2
a 907 773 6
a 908 675 8
a 909 381 8
a 909 709 1
a 909 955 4
a 910 188 10
a 911 375 7
a 912 310 5
a 912 734 3
a 913 187 7
a 913 496 5
a 914 600 5
a 915 742 8
a 916 852 8
a 916 922 5
a 917 308 7
a 917 407 8
a 918 913 3
a 919 430 6
a 920 317 5
a 920 333 9
a 920 453 1
a 921 192 10
a 921 200 9
a 922 99 9
a 922 278 8
a 922 830 6
a 923 384 10
a 923 528 3
a 924 30 1
a 924 420 9
a 925 169 1
a 926 98 3
a 926 413 3
a 926 588 6
a 927 343 5
a 927 839 2
a 928 219 7
a 928 356 1
a 928 689 1
a 929 342 8
a 929 385 1
a 929 739 2
a 930 193 3
a 931 319 10
a 931 423 4
a 931 472 1
a 932 323 10
a 932 784 2
a 933 859 1
a 933 990 9
a 934 344 1
a 934 579 5
a 935 513 2
a 935 626 5
a 936 342 5
a 936 649 4
a 937 890 2
a 938 56 4
a 938 260 7
a 938 773 4
a 938 797 6
a 939 412 10
a 940 894 6
a 941 64 8
a 942 17 3
a 942 153 10
a 942 295 7
a 943 630 7
a 943 661 4
a 943 924 10
a 944 632 3
a 945 489 4
a 945 935 5
a 946 37 3
a 946 117 10
a 946 856 5
a 947 331 3
a 948 412 5
a 948 710 3
a 948 904 1
a 949 487 4
a 950 138 10
a 950 909 4
a 951 597 4
a 952 204 8
a 953 722 7
a 954 359 7
a 955 330 7
a 955 504 9
a 956 197 5
a 957 130 7
a 958 157 6
a 958 235 2
a 959 245 3
a 959 679 7
a 959 765 7
a 960 157 5
a 960 314 2
a 960 986 10
a 961 431 1
a 961 738 1
a 962 574 10
a 962 579 4
a 963 581 10
a 963 754 3
a 964 105 7
a 964 251 10
a 964 383 5
a 965 450 6
a 965 915 4
a 966 81 1
a 966 547 7
a 966 562 6
a 966 643 1
a 967 60 6
a 967 152 6
a 967 556 9
a 967 988 2
a 968 880 5
a 968 960 8
a 969 569 6
a 970 122 8
a 970 332 3
a 970 691 3
a 970 958 10
a 971 83 4
a 971 318 10
a 971 601 9
a 971 740 5
a 972 952 9
a 973 111 5
a 973 710 3
a 974 218 3
a 974 280 7
a 974 382 4
a 975 78 2
a 975 913 8
a 976 549 9
a 977 23 8
a 977 422 3
a 978 730 1
a 978 893 6
a 979 775 9
a 980 153 8
a 981 143 2
a 981 561 8
a 982 231 8
a 982 655 3
a 982 923 2
a 983 573 2
a 983 810 6
a 984 360 6
a 985 121 4
a 985 676 5
a 986 979 2
a 986 992 6
a 987 213 7
a 987 686 4
a 988 867 5
a 989 112 8
a 989 519 5
a 989 705 5
a 990 212 2
a 990 928 8
a 991 226 10
a 991 344 4
a 991 474 8
a 991 655 5
a 991 832 2
a 991 892 3
a 991 972 3
a 992 364 7
a 992 580 3
a 993 23 3
a 993 620 5
a 993 644 5
a 994 56 4
a 995 265 5
a 995 679 5
a 996 936 7
a 997 411 2
a 998 406 7
a 999 159 6
a 999 421 2
a 999 723 2
