p max 1000 2000
n 1 s
n 1000 t
a 1 157 8
a 1 339 10
a 2 299 4
a 3 74 9
a 3 490 1
a 3 657 8
a 4 906 6
a 4 973 8
a 5 157 5
a 5 965 2
a 6 381 6
a 6 586 9
a 7 440 8
a 7 555 3
a 8 855 5
a 9 204 8
a 10 318 5
a 10 360 8
a 11 473 3
a 12 162 2
a 12 819 3
a 12 938 2
a 13 180 7
a 13 666 10
a 14 549 1
a 15 296 8
a 15 849 7
a 16 203 7
a 16 368 4
a 16 460 2
a 16 955 3
a 17 307 10
a 17 790 7
a 18 313 5
a 18 817 8
a 19 178 1
a 19 486 9
a 20 152 2
a 20 421 9
a 20 644 8
a 21 523 1
a 22 880 10
a 23 144 5
a 23 803 2
a 24 570 3
a 25 246 1
a 26 349 6
a 27 129 1
a 27 759 8
a 27 908 8
a 28 812 10
a 28 876 9
a 29 524 7
a 29 930 1
a 29 996 4
a 30 713 2
a 31 327 10
a 32 430 5
a 32 777 6
a 33 464 2
a 33 521 7
a 34 740 10
a 35 197 5
a 35 391 1
a 36 48 8
a 36 960 4
a 37 308 6
a 37 330 3
a 37 549 6
a 38 182 5
a 38 316 1
a 38 608 6
a 38 699 2
a 39 330 9
a 40 486 6
a 40 503 10
a 41 371 3
a 42 770 3
a 43 358 5
a 44 359 1
a 45 674 7
a 45 802 9
a 46 273 7
a 46 868 5
a 47 128 3
a 48 514 6
a 48 568 3
a 48 797 5
a 49 596 5
a 50 527 7
a 51 425 7
a 51 710 8
a 52 867 2
a 53 79 10
a 54 229 4
a 55 586 4
a 56 213 7
a 56 619 2
a 57 76 10
a 57 527 3
a 58 743 10
a 58 765 1
a 59 192 2
a 59 622 5
a 59 968 5
a 60 96 1
a 60 160 7
a 61 756 8
a 61 880 1
a 62 142 6
a 62 636 5
a 63 192 5
a 64 22 1
a 64 239 1
a 65 8 7
a 65 730 7
a 65 867 4
a 65 922 1
a 66 662 9
a 66 832 1
a 66 853 10
a 66 859 2
a 67 304 8
a 67 745 4
a 68 80 8
a 69 54 6
a 69 335 5
a 69 425 6
a 69 680 5
a 70 180 4
a 70 596 6
a 71 194 10
a 71 937 3
a 71 960 1
a 72 440 5
a 72 760 2
a 72 892 2
a 73 251 8
a 74 949 10
a 75 524 5
a 76 373 5
a 76 983 8
a 77 334 5
a 77 857 10
a 77 902 1
a 78 829 8
a 78 933 8
a 79 308 9
a 79 488 4
a 79 598 1
a 80 996 6
a 81 747 3
a 82 382 10
a 83 112 8
a 83 511 8
a 83 664 10
a 84 547 3
a 84 799 8
a 85 132 1
a 86 114 2
a 86 256 8
a 86 612 7
a 86 861 10
a 87 67 9
a 87 934 7
a 87 993 8
a 88 850 8
a 89 44 4
a 89 277 8
a 90 273 5
a 91 539 4
a 92 42 5
a 92 431 2
a 92 498 6
a 93 81 4
a 93 248 5
a 94 569 9
a 94 891 9
a 94 895 7
a 95 240 9
a 95 607 6
a 95 864 4
a 96 256 1
a 96 844 5
a 96 909 10
a 97 370 3
a 97 588 6
a 97 769 3
a 97 848 1
a 98 214 7
a 98 628 10
a 99 592 5
a 99 756 7
a 100 928 6
a 100 941 7
a 101 968 3
a 102 787 6
a 102 986 6
a 103 327 2
a 103 867 8
a 104 341 6
a 104 432 7
a 104 701 5
a 105 287 4
a 105 600 4
a 105 635 2
a 105 882 9
a 105 940 2
a 106 434 8
a 106 733 2
a 106 951 7
a 107 75 6
a 107 649 1
a 107 658 9
a 107 989 7
a 108 56 5
a 108 865 5
a 109 168 4
a 109 712 9
a 109 872 5
a 110 222 2
a 110 358 4
a 110 720 1
a 111 151 10
a 112 264 10
a 112 867 8
a 113 768 6
a 114 22 5
a 115 96 9
a 115 193 4
a 116 195 9
a 116 384 4
a 116 582 1
a 117 154 5
a 117 775 8
a 118 271 8
a 118 459 4
a 119 23 3
a 119 186 2
a 119 536 10
a 120 663 5
a 120 727 7
a 121 299 3
a 121 427 8
a 121 645 6
a 121 999 10
a 122 186 8
a 123 938 5
a 124 8 1
a 124 93 9
a 125 533 3
a 125 787 8
a 126 276 8
a 126 531 4
a 127 755 9
a 127 911 5
a 128 383 10
a 128 874 6
a 129 353 1
a 129 475 6
a 129 632 1
a 130 11 9
a 130 735 4
a 130 738 3
a 131 163 2
a 131 745 1
a 131 835 1
a 132 518 8
a 133 210 9
a 133 955 7
a 134 12 4
a 134 671 5
a 135 114 8
a 136 891 8
a 137 191 3
a 138 85 2
a 138 538 7
a 139 482 4
a 139 544 9
a 139 795 2
a 140 642 9
a 140 824 3
a 141 226 3
a 141 302 10
a 141 527 1
a 141 709 2
a 142 389 6
a 142 875 9
a 143 590 5
a 143 820 4
a 144 50 10
a 145 97 4
a 145 358 5
a 146 969 6
a 146 999 8
a 147 263 4
a 147 539 9
a 148 739 10
a 149 440 5
a 150 761 4
a 151 98 3
a 151 170 4
a 151 460 7
a 152 242 7
a 152 904 8
a 153 312 6
a 154 550 6
a 155 602 1
a 155 763 2
a 155 998 2
a 156 187 7
a 156 195 2
a 156 232 3
a 156 875 10
a 156 969 3
a 157 179 9
a 157 203 5
a 158 289 4
a 158 809 8
a 158 877 8
a 159 152 7
a 159 618 6
a 160 5 9
a 160 182 5
a 160 456 8
a 160 579 9
a 161 582 1
a 161 616 7
a 162 977 7
a 163 239 6
a 163 478 7
a 163 681 8
a 163 767 4
a 164 455 9
a 164 921 10
a 165 499 2
a 166 350 7
a 166 756 4
a 167 96 3
a 167 392 6
a 167 763 10
a 168 753 8
a 168 839 9
a 169 101 1
a 170 83 2
a 170 562 10
a 170 583 1
a 171 906 6
a 172 167 2
a 172 382 2
a 173 277 8
a 173 411 3
a 173 442 4
a 173 967 9
a 174 309 9
a 175 520 10
a 176 824 9
a 177 183 2
a 177 235 3
a 178 727 4
a 179 78 3
a 179 159 4
a 179 697 3
a 180 33 10
a 180 73 6
a 180 706 9
a 180 779 4
a 180 881 2
a 181 106 7
a 181 972 6
a 182 21 7
a 183 434 9
a 183 447 6
a 184 47 6
a 184 809 7
a 184 901 4
a 185 252 3
a 185 599 10
a 186 317 2
a 186 641 1
a 186 957 6
a 187 43 2
a 187 94 1
a 188 321 7
a 188 595 1
a 189 423 1
a 189 917 9
a 189 993 4
a 190 103 9
a 190 142 10
a 190 155 5
a 190 369 10
a 191 74 7
a 191 761 7
a 192 344 5
a 193 288 10
a 194 148 2
a 194 579 4
a 195 457 1
a 195 581 4
a 195 790 5
a 196 159 9
a 196 378 10
a 197 47 7
a 198 365 3
a 198 927 3
a 198 992 1
a 199 513 6
a 200 737 5
a 201 196 5
a 201 961 7
a 202 228 6
a 203 360 8
a 204 774 1
a 205 451 6
a 205 668 7
a 205 673 4
a 206 461 9
a 207 574 1
a 207 665 1
a 207 893 1
a 208 858 5
a 208 973 8
a 209 345 6
a 209 543 2
a 209 726 9
a 209 796 8
a 210 305 4
a 210 366 5
a 210 465 1
a 211 668 7
a 211 679 6
a 212 898 2
a 212 905 1
a 213 797 9
a 214 30 4
a 214 344 1
a 215 225 4
a 215 336 6
a 216 429 3
a 216 538 5
a 216 948 9
a 217 72 10
a 217 172 9
a 217 278 5
a 217 683 1
a 218 39 5
a 219 404 8
a 220 142 6
a 220 962 7
a 221 167 1
a 221 702 10
a 222 464 2
a 223 3 3
a 223 132 9
a 223 512 6
a 224 948 1
a 225 481 9
a 225 689 4
a 225 796 5
a 226 50 7
a 226 228 3
a 226 875 10
a 227 150 3
a 227 385 8
a 228 796 3
a 229 726 1
a 230 769 6
a 231 282 8
a 231 721 4
a 232 99 1
a 232 722 9
a 232 786 8
a 232 861 3
a 233 142 1
a 233 666 3
a 233 850 4
a 234 646 1
a 234 819 10
a 235 996 5
a 236 73 6
a 237 250 10
a 237 380 9
a 237 780 3
a 237 935 3
a 238 328 7
a 238 812 2
a 239 217 8
a 239 310 2
a 240 136 6
a 240 719 7
a 241 854 1
a 242 300 2
a 242 595 8
a 243 374 7
a 243 502 6
a 244 256 9
a 245 110 8
a 245 149 9
a 245 947 9
a 246 36 8
a 246 684 6
a 246 727 4
a 247 11 6
a 248 819 8
a 248 878 9
a 249 203 2
a 249 578 9
a 249 773 3
a 250 972 10
a 251 451 10
a 252 18 4
a 252 794 9
a 253 381 4
a 254 614 4
a 254 831 9
a 255 101 2
a 255 917 2
a 256 68 10
a 256 84 8
a 257 957 3
a 258 192 5
a 258 595 3
a 258 706 8
a 259 82 6
a 259 661 2
a 259 791 1
a 260 304 4
a 260 599 2
a 260 792 6
a 261 804 10
a 262 880 3
a 263 238 10
a 263 681 8
a 263 924 8
a 264 557 8
a 265 11 6
a 265 260 5
a 265 511 7
a 265 660 8
a 266 383 6
a 266 404 1
a 266 515 10
a 267 157 9
a 267 814 2
a 268 79 9
a 268 943 6
a 269 2 3
a 270 393 2
a 271 37 4
a 271 572 6
a 271 931 10
a 272 590 2
a 272 623 6
a 272 912 10
a 273 80 3
a 273 474 2
a 273 691 8
a 273 806 7
a 273 817 1
a 274 356 8
a 274 418 6
a 274 552 6
a 275 69 5
a 275 877 2
a 276 992 2
a 277 381 4
a 278 142 5
a 279 81 8
a 280 567 6
a 280 710 7
a 281 267 2
a 281 753 9
a 282 313 4
a 283 789 1
a 284 85 6
a 284 128 8
a 284 663 1
a 284 752 5
a 285 164 9
a 286 86 3
a 286 629 5
a 286 704 6
a 287 166 6
a 287 698 6
a 287 784 9
a 288 666 9
a 289 82 10
a 290 550 9
a 291 406 8
a 292 639 5
a 292 921 9
a 292 988 1
a 293 555 3
a 293 855 1
a 294 665 5
a 295 52 7
a 296 816 3
a 297 366 8
a 297 497 8
a 298 441 2
a 299 623 6
a 300 131 7
a 300 229 1
a 300 897 6
a 301 660 6
a 301 735 1
a 302 169 1
a 302 608 1
a 302 793 4
a 303 413 5
a 304 417 8
a 304 439 5
a 305 711 3
a 305 856 8
a 306 380 2
a 307 229 9
a 307 254 2
a 307 333 8
a 307 974 7
a 308 217 10
a 308 597 10
a 309 897 5
a 310 817 5
a 311 280 9
a 311 359 7
a 312 717 6
a 313 668 8
a 313 997 5
a 314 91 10
a 314 356 9
a 314 853 6
a 315 161 6
a 315 762 10
a 315 802 10
a 316 249 6
a 317 134 4
a 317 833 9
a 318 237 9
a 318 830 5
a 319 180 9
a 320 485 2
a 320 918 8
a 321 504 9
a 321 571 4
a 321 875 9
a 322 728 8
a 323 241 7
a 324 996 7
a 325 557 5
a 326 220 3
a 327 357 3
a 327 725 7
a 328 311 10
a 328 767 2
a 329 105 3
a 329 873 1
a 330 71 10
a 330 446 5
a 331 317 5
a 331 656 9
a 331 698 4
a 332 205 7
a 332 622 2
a 333 23 9
a 333 268 6
a 334 190 9
a 334 287 4
a 334 455 2
a 334 647 5
a 334 669 8
a 335 580 4
a 336 615 5
a 336 788 1
a 337 934 7
a 338 90 9
a 338 625 5
a 338 903 4
a 339 775 1
a 339 962 10
a 340 65 2
a 340 305 3
a 341 485 5
a 341 670 5
a 342 371 7
a 342 748 10
a 343 334 1
a 343 904 6
a 344 275 4
a 344 293 6
a 344 496 9
a 344 816 3
a 345 572 3
a 346 253 1
a 346 945 2
a 346 963 1
a 347 377 9
a 347 785 6
a 348 834 4
a 349 145 6
a 349 263 6
a 349 978 9
a 350 609 1
a 350 759 5
a 351 413 7
a 351 834 3
a 352 104 2
a 353 270 10
a 353 306 1
a 353 686 2
a 353 910 2
a 354 274 1
a 355 8 9
a 355 675 10
a 355 799 4
a 356 10 10
a 356 913 4
a 357 676 8
a 357 760 8
a 358 449 10
a 359 120 10
a 360 828 10
a 360 839 3
a 361 25 1
a 362 777 4
a 363 456 7
a 363 737 1
a 364 258 4
a 365 835 3
a 366 215 4
a 367 77 10
a 367 180 10
a 368 362 4
a 368 887 9
a 368 956 2
a 369 307 3
a 370 2 2
a 370 438 5
a 371 343 10
a 371 771 8
a 372 196 8
a 373 258 1
a 374 357 1
a 375 105 10
a 375 121 5
a 376 267 4
a 376 939 6
a 377 740 8
a 378 379 4
a 379 218 7
a 379 635 6
a 379 766 3
a 379 873 8
a 380 703 1
a 381 288 1
a 381 355 6
a 381 373 9
a 381 458 1
a 381 866 7
a 381 920 9
a 382 224 8
a 383 623 7
a 384 206 1
a 384 758 9
a 385 885 7
a 386 602 10
a 387 739 1
a 387 934 7
a 387 987 3
a 388 210 3
a 388 682 8
a 389 345 7
a 389 889 1
a 390 58 5
a 391 318 3
a 391 323 7
a 391 652 4
a 391 798 2
a 391 997 9
a 392 246 5
a 392 280 10
a 393 974 9
a 394 656 4
a 395 285 3
a 395 526 6
a 395 854 3
a 396 31 8
a 396 402 7
a 396 525 2
a 396 535 9
a 396 705 10
a 396 964 6
a 397 512 10
a 398 238 9
a 398 394 9
a 398 945 6
a 399 537 5
a 399 583 3
a 400 115 7
a 400 379 5
a 400 685 4
a 401 12 7
a 401 252 5
a 401 949 8
a 402 63 7
a 402 113 1
a 402 131 5
a 402 375 2
a 402 391 1
a 402 771 9
a 403 249 9
a 403 326 4
a 403 768 4
a 404 139 7
a 404 394 1
a 404 605 9
a 404 863 3
a 405 571 2
a 405 725 7
a 405 914 1
a 406 441 9
a 407 732 3
a 408 698 7
a 408 864 3
a 409 613 4
a 409 791 1
a 410 3 3
a 410 795 8
a 411 476 3
a 411 890 6
a 411 959 4
a 412 245 2
a 412 296 7
a 412 333 4
a 413 147 6
a 413 588 5
a 413 650 1
a 413 778 2
a 414 396 10
a 415 436 4
a 416 729 5
a 417 217 7
a 417 827 9
a 417 928 5
a 418 197 9
a 419 116 8
a 420 584 7
a 421 495 6
a 422 831 5
a 422 916 6
a 423 120 2
a 423 950 3
a 424 787 3
a 425 292 6
a 425 381 6
a 426 61 3
a 426 268 3
a 426 836 10
a 426 979 9
a 427 410 9
a 427 613 5
a 427 635 4
a 428 686 9
a 429 169 9
a 429 286 1
a 430 841 3
a 430 917 4
a 431 703 7
a 431 966 5
a 432 634 3
a 433 386 10
a 434 904 4
a 435 61 9
a 436 35 3
a 436 563 9
a 436 621 3
a 437 26 4
a 437 452 7
a 437 731 2
a 438 108 6
a 438 243 4
a 439 7 10
a 439 528 10
a 440 174 6
a 440 209 6
a 440 715 3
a 441 140 7
a 441 220 5
a 441 262 7
a 441 640 9
a 442 303 9
a 442 875 1
a 443 21 5
a 443 110 4
a 443 507 9
a 444 550 8
a 445 304 7
a 445 694 7
a 446 312 10
a 446 371 9
a 447 343 7
a 448 48 10
a 449 590 1
a 450 141 3
a 451 407 8
a 451 470 2
a 451 785 4
a 452 412 10
a 453 443 5
a 453 990 6
a 454 87 7
a 454 455 2
a 454 700 2
a 455 315 4
a 456 250 6
a 456 893 6
a 457 324 10
a 458 827 8
a 459 759 2
a 459 828 7
a 460 782 4
a 460 879 2
a 461 356 6
a 461 637 1
a 461 728 5
a 461 736 5
a 462 100 10
a 462 624 8
a 462 757 3
a 463 252 9
a 463 435 10
a 464 390 6
a 464 486 5
a 464 813 7
a 465 196 5
a 466 522 4
a 466 939 9
a 467 69 3
a 467 653 3
a 468 18 6
a 468 828 10
a 469 246 9
a 470 621 1
a 470 659 4
a 470 885 1
a 471 32 9
a 471 104 8
a 471 211 3
a 471 374 5
a 472 415 10
a 473 403 8
a 473 444 3
a 474 276 10
a 474 625 4
a 475 485 3
a 475 822 3
a 476 197 5
a 476 811 1
a 477 151 10
a 477 297 10
a 478 548 7
a 478 874 9
a 479 441 2
a 480 749 6
a 481 104 10
a 482 708 8
a 482 843 3
a 482 942 9
a 483 403 1
a 483 429 4
a 484 529 1
a 485 119 9
a 485 219 6
a 486 421 8
a 486 547 9
a 487 518 9
a 487 559 9
a 488 780 10
a 488 852 5
a 489 40 5
a 489 176 9
a 489 619 10
a 490 207 2
a 490 828 6
a 491 255 10
a 491 361 8
a 491 942 6
a 492 711 10
a 493 222 6
a 493 614 1
a 494 742 1
a 495 417 10
a 496 503 1
a 496 545 5
a 497 115 5
a 497 129 1
a 497 517 2
a 498 913 5
a 499 473 6
a 500 509 1
a 500 696 8
a 501 189 6
a 501 284 9
a 501 494 4
a 502 279 10
a 503 9 10
a 503 711 4
a 504 853 3
a 505 209 10
a 506 705 7
a 506 952 3
a 507 356 3
a 507 471 2
a 508 312 2
a 509 212 1
a 509 225 3
a 510 266 3
a 510 678 10
a 510 894 3
a 511 616 5
a 512 619 2
a 513 384 5
a 513 985 5
a 513 1000 5
a 514 756 6
a 515 337 8
a 515 823 2
a 515 951 4
a 516 470 7
a 516 754 2
a 517 314 8
a 518 348 7
a 518 553 10
a 519 201 10
a 519 716 8
a 520 230 10
a 520 925 4
a 521 676 5
a 522 873 5
a 523 245 9
a 523 319 10
a 523 483 8
a 523 575 6
a 524 708 10
a 524 858 2
a 525 141 4
a 525 324 9
a 525 745 9
a 526 243 5
a 526 610 4
a 527 840 7
a 528 124 8
a 528 430 8
a 528 868 5
a 529 973 2
a 530 555 3
a 530 887 7
a 531 559 4
a 532 338 9
a 533 408 4
a 533 464 1
a 534 308 6
a 534 860 5
a 535 348 5
a 535 867 7
a 536 395 5
a 536 936 2
a 537 774 8
a 538 227 2
a 538 322 5
a 538 995 3
a 539 133 10
a 539 312 4
a 539 575 2
a 540 826 4
a 540 927 6
a 541 778 9
a 542 354 4
a 542 759 2
a 542 774 8
a 543 41 9
a 543 87 10
a 543 603 1
a 544 294 9
a 544 445 9
a 544 555 10
a 544 819 8
a 545 117 4
a 545 274 3
a 545 354 7
a 545 847 7
a 546 692 7
a 547 221 1
a 547 420 7
a 547 686 7
a 548 350 4
a 549 120 10
a 549 550 1
a 549 825 8
a 550 22 2
a 551 540 10
a 551 576 2
a 552 48 1
a 552 497 1
a 553 411 9
a 553 845 1
a 554 148 1
a 554 251 2
a 554 697 1
a 554 755 3
a 555 382 3
a 555 468 2
a 555 810 6
a 556 30 2
a 556 169 9
a 556 620 5
a 557 183 1
a 558 449 8
a 559 290 3
a 559 400 9
a 559 592 2
a 559 593 1
a 560 52 7
a 560 617 10
a 560 796 5
a 561 228 7
a 561 292 5
a 562 222 3
a 562 470 10
a 563 448 4
a 563 957 8
a 564 70 3
a 564 71 5
a 564 218 8
a 565 422 10
a 565 816 6
a 566 44 6
a 566 221 6
a 567 115 8
a 568 927 7
a 569 795 7
a 570 738 3
a 571 305 8
a 572 45 10
a 572 326 1
a 572 542 2
a 573 439 9
a 573 651 3
a 574 426 2
a 574 611 4
a 575 433 3
a 575 556 7
a 576 6 7
a 576 734 10
a 576 888 3
a 577 198 6
a 578 838 4
a 578 971 10
a 579 913 8
a 580 64 8
a 580 109 4
a 580 142 7
a 580 732 2
a 581 353 2
a 581 588 10
a 582 570 3
a 582 649 5
a 583 227 6
a 584 51 6
a 584 725 5
a 584 886 8
a 585 127 9
a 586 15 4
a 586 922 10
a 587 453 6
a 588 160 5
a 589 279 2
a 590 824 2
a 591 165 10
a 591 362 1
a 591 869 4
a 592 216 8
a 592 932 4
a 593 169 2
a 593 566 6
a 594 376 9
a 594 387 6
a 594 437 8
a 594 944 8
a 595 469 6
a 595 759 10
a 596 557 10
a 596 732 1
a 597 493 4
a 597 521 2
a 598 231 2
a 598 694 4
a 599 103 9
a 599 532 9
a 599 630 1
a 600 859 9
a 601 129 10
a 601 392 1
a 602 43 8
a 603 712 9
a 604 478 7
a 604 631 7
a 605 58 6
a 605 400 5
a 606 696 8
a 606 926 9
a 607 106 9
a 607 963 1
a 608 127 2
a 608 263 6
a 608 508 6
a 609 711 9
a 610 314 2
a 611 201 2
a 611 870 9
a 612 158 5
a 612 501 2
a 612 696 2
a 613 75 10
a 614 230 4
a 614 412 4
a 615 234 9
a 615 822 8
a 616 72 7
a 616 277 8
a 616 378 5
a 616 688 9
a 617 255 4
a 617 279 10
a 618 977 4
a 619 10 5
a 619 604 5
a 619 747 2
a 619 955 9
a 620 78 4
a 621 450 10
a 621 528 10
a 621 638 8
a 621 981 6
a 622 159 3
a 623 260 10
a 623 807 3
a 624 47 5
a 624 488 7
a 624 933 5
a 625 854 2
a 626 340 8
a 626 541 2
a 626 669 3
a 627 532 8
a 628 314 4
a 628 425 5
a 628 654 10
a 629 278 9
a 630 678 8
a 631 394 2
a 632 861 7
a 633 117 3
a 634 126 9
a 634 499 10
a 635 62 9
a 636 530 3
a 636 573 8
a 637 118 7
a 637 397 2
a 637 591 7
a 637 784 10
a 638 62 6
a 638 428 5
a 638 476 5
a 638 690 10
a 639 12 5
a 639 667 5
a 640 146 8
a 640 721 5
a 640 914 2
a 641 412 2
a 641 867 10
a 642 486 7
a 642 912 8
a 643 114 2
a 643 692 3
a 644 770 4
a 644 902 6
a 645 318 1
a 645 466 4
a 646 114 2
a 646 729 8
a 647 59 1
a 647 223 2
a 647 536 9
a 647 788 3
a 648 489 4
a 648 565 5
a 648 972 5
a 649 711 7
a 649 844 6
a 650 150 10
a 650 473 6
a 651 458 1
a 652 424 10
a 653 241 2
a 653 628 5
a 654 29 2
a 654 372 9
a 654 459 6
a 655 273 2
a 655 977 4
a 656 28 6
a 656 949 9
a 657 441 1
a 657 956 6
a 658 346 6
a 658 463 3
a 658 627 8
a 658 933 5
a 659 34 3
a 659 655 2
a 659 765 3
a 660 506 10
a 661 362 10
a 662 626 3
a 662 677 1
a 663 760 4
a 664 460 6
a 664 815 1
a 665 315 5
a 665 978 10
a 666 88 10
a 666 326 1
a 666 516 1
a 666 653 5
a 667 181 10
a 667 283 10
a 667 520 7
a 667 633 3
a 668 419 10
a 668 663 9
a 669 191 3
a 669 505 6
a 670 39 7
a 671 580 7
a 671 679 4
a 672 13 3
a 672 262 2
a 672 399 6
a 673 57 2
a 673 69 3
a 673 970 8
a 674 120 3
a 674 185 3
a 674 840 4
a 675 347 6
a 676 209 5
a 676 845 7
a 677 36 2
a 677 212 8
a 677 818 8
a 678 502 9
a 678 636 5
a 679 379 4
a 679 393 5
a 680 89 1
a 680 223 3
a 680 846 3
a 681 923 2
a 681 963 10
a 682 606 3
a 683 507 5
a 683 883 7
a 684 369 4
a 684 386 6
a 684 565 1
a 685 898 2
a 686 156 5
a 686 401 9
a 686 962 2
a 687 159 9
a 687 742 9
a 688 304 1
a 688 364 1
a 689 560 8
a 689 707 6
a 690 976 5
a 691 199 10
a 691 208 3
a 691 436 10
a 692 160 5
a 693 133 1
a 694 167 9
a 694 189 2
a 694 279 6
a 694 437 2
a 695 194 5
a 695 283 2
a 695 380 10
a 696 437 2
a 697 284 9
a 698 729 8
a 698 814 4
a 699 594 5
a 699 714 10
a 700 654 6
a 701 20 5
a 701 704 2
a 702 216 8
a 702 332 3
a 703 546 7
a 703 772 9
a 704 107 4
a 704 116 7
a 704 491 3
a 705 198 9
a 705 750 7
a 705 866 6
a 706 95 6
a 706 785 9
a 706 790 10
a 707 404 8
a 707 822 10
a 707 873 10
a 708 32 8
a 708 200 7
a 708 731 8
a 708 833 2
a 708 896 3
a 709 794 2
a 710 166 6
a 711 43 5
a 712 695 10
a 712 757 8
a 713 184 5
a 713 683 9
a 714 868 4
a 714 898 8
a 715 87 6
a 716 298 6
a 716 329 8
a 716 884 8
a 717 864 4
a 718 24 10
a 718 697 9
a 718 790 1
a 719 902 10
a 720 137 2
a 720 927 5
a 721 516 3
a 722 249 7
a 722 258 5
a 722 982 5
a 723 388 6
a 723 693 5
a 724 320 5
a 724 722 6
a 725 462 7
a 725 771 10
a 725 862 2
a 726 932 6
a 727 801 2
a 728 550 3
a 729 389 7
a 729 723 7
a 730 301 9
a 730 510 2
a 730 546 8
a 730 805 1
a 731 829 2
a 732 137 3
a 733 267 1
a 733 966 7
a 734 19 8
a 734 998 1
a 735 235 3
a 735 678 5
a 735 940 10
a 735 991 2
a 736 332 3
a 736 831 9
a 736 930 10
a 737 209 8
a 738 309 5
a 738 987 9
a 739 56 4
a 739 205 1
a 739 643 10
a 740 339 2
a 740 367 10
a 740 564 5
a 741 116 4
a 742 131 4
a 742 588 1
a 743 647 8
a 744 135 8
a 744 795 3
a 744 941 8
a 745 395 1
a 745 837 6
a 746 55 10
a 746 674 3
a 747 387 3
a 748 609 4
a 749 82 10
a 750 171 6
a 750 424 4
a 750 929 3
a 751 578 8
a 752 119 4
a 752 615 9
a 752 879 4
a 753 169 1
a 754 373 1
a 755 167 8
a 756 50 4
a 756 824 7
a 757 268 5
a 758 594 6
a 759 4 1
a 759 202 7
a 759 526 6
a 759 546 1
a 759 558 10
a 760 8 10
a 760 643 6
a 761 104 3
a 761 122 5
a 761 363 7
a 761 740 3
a 762 182 5
a 762 329 10
a 762 498 7
a 762 650 10
a 763 297 6
a 764 153 5
a 764 477 10
a 764 537 2
a 765 121 7
a 766 747 3
a 767 647 10
a 768 531 5
a 769 700 8
a 770 2 3
a 770 92 9
a 770 338 3
a 770 921 6
a 771 66 6
a 771 261 1
a 771 377 9
a 771 971 9
a 772 102 4
a 772 185 3
a 772 546 2
a 773 490 4
a 774 30 10
a 775 626 1
a 776 91 6
a 776 838 1
a 777 140 1
a 777 164 2
a 777 319 10
a 777 461 6
a 778 243 3
a 779 351 8
a 779 524 3
a 779 899 3
a 780 506 7
a 780 559 5
a 781 464 1
a 781 594 4
a 782 204 2
a 782 453 1
a 782 507 9
a 782 803 2
a 782 954 6
a 783 654 6
a 783 977 9
a 784 675 3
a 784 919 10
a 785 195 1
a 785 909 2
a 786 788 4
a 786 816 8
a 787 128 1
a 787 758 4
a 788 142 3
a 788 424 10
a 788 628 7
a 789 342 7
a 789 743 1
a 790 430 1
a 790 554 8
a 790 913 10
a 790 954 8
a 791 506 6
a 791 677 1
a 792 365 1
a 792 851 5
a 793 768 8
a 794 479 8
a 794 927 8
a 795 716 1
a 795 753 3
a 796 561 2
a 796 889 5
a 797 282 3
a 797 720 1
a 798 984 10
a 799 916 10
a 800 139 7
a 801 680 8
a 802 42 5
a 803 279 1
a 803 283 9
a 804 907 3
a 805 765 1
a 806 10 4
a 806 328 4
a 806 550 5
a 806 704 1
a 806 900 1
a 807 301 6
a 808 129 1
a 808 751 5
a 809 21 10
a 810 39 4
a 810 795 3
a 811 878 10
a 812 522 7
a 813 295 4
a 814 479 9
a 814 584 1
a 814 1000 1
a 815 83 2
a 815 809 1
a 816 136 2
a 816 320 8
a 817 143 9
a 817 930 3
a 818 264 8
a 818 352 5
a 818 415 10
a 819 488 10
a 820 248 5
a 820 749 7
a 821 808 7
a 822 977 8
a 823 467 1
a 823 692 5
a 824 177 3
a 824 189 8
a 825 161 10
a 825 449 10
a 825 842 10
a 826 973 10
a 827 176 10
a 827 191 9
a 828 809 8
a 829 236 4
a 830 14 1
a 830 151 10
a 831 334 8
a 831 601 1
a 831 612 8
a 832 171 7
a 832 718 5
a 833 398 10
a 833 690 8
a 834 527 1
a 834 746 6
a 835 302 4
a 836 227 9
a 836 579 1
a 837 181 2
a 837 764 3
a 838 413 5
a 838 458 3
a 839 958 8
a 840 889 3
a 840 959 1
a 840 978 9
a 841 143 8
a 842 406 9
a 842 680 2
a 842 808 4
a 843 176 4
a 843 712 5
a 844 68 1
a 844 533 10
a 844 569 1
a 845 420 6
a 845 749 2
a 846 516 2
a 847 771 8
a 848 90 8
a 848 920 2
a 849 506 4
a 850 56 10
a 851 907 2
a 852 46 6
a 852 418 8
a 852 500 9
a 852 556 1
a 853 340 9
a 854 655 5
a 854 809 1
a 855 419 7
a 856 295 9
a 856 789 5
a 857 396 3
a 857 783 9
a 858 648 9
a 858 809 9
a 858 953 5
a 859 389 1
a 860 442 4
a 861 224 5
a 862 173 3
a 862 589 7
a 862 655 8
a 863 33 6
a 863 864 5
a 864 331 4
a 865 18 8
a 865 347 6
a 866 505 6
a 866 514 10
a 866 698 6
a 867 724 1
a 868 954 1
a 868 961 3
a 869 79 1
a 869 344 9
a 869 871 9
a 870 182 3
a 870 331 7
a 870 625 6
a 870 826 4
a 870 964 2
a 871 524 5
a 872 388 7
a 872 639 9
a 873 434 3
a 873 730 1
a 874 722 5
a 874 958 3
a 875 734 4
a 875 991 3
a 876 325 8
a 876 353 5
a 876 724 6
a 877 432 1
a 877 919 7
a 877 980 9
a 878 679 5
a 879 462 7
a 879 577 9
a 880 919 9
a 881 544 5
a 881 546 9
a 882 71 8
a 883 741 4
a 883 909 2
a 884 38 8
a 884 735 4
a 885 337 8
a 886 499 5
a 887 53 7
a 887 181 2
a 888 244 6
a 888 836 8
a 889 527 7
a 889 834 9
a 890 55 9
a 890 60 3
a 891 743 9
a 892 265 9
a 892 391 8
a 893 367 2
a 893 477 5
a 894 680 1
a 895 400 6
a 895 509 5
a 895 713 8
a 896 566 8
a 897 792 7
a 897 979 10
a 898 74 1
a 898 513 7
a 898 576 6
a 898 759 1
a 899 415 10
a 900 905 6
a 901 325 5
a 901 776 1
a 902 146 3
a 902 359 1
a 903 263 5
a 903 751 9
a 904 320 8
a 904 495 10
a 905 863 10
a 906 603 7
a 907 581 2
a 907 638 4
a 907 837 3
a 908 135 7
a 909 40 4
a 909 707 2
a 910 336 8
a 910 360 4
a 911 513 8
a 912 919 9
a 913 125 6
a 913 218 8
a 914 513 3
a 914 781 3
a 915 382 8
a 916 43 7
a 916 327 9
a 916 789 5
a 917 587 5
a 917 938 6
a 918 483 4
a 918 931 4
a 919 272 1
a 919 422 2
a 919 705 2
a 920 19 6
a 920 188 4
a 921 563 9
a 921 880 9
a 922 165 5
a 922 257 8
a 922 529 2
a 923 233 7
a 923 569 10
a 923 916 10
a 924 129 9
a 924 150 10
a 924 175 2
a 924 291 9
a 924 404 7
a 925 817 1
a 926 58 2
a 926 915 9
a 927 603 2
a 928 25 2
a 928 29 7
a 929 485 4
a 930 993 10
a 931 350 1
a 932 400 2
a 932 414 9
a 933 613 8
a 934 684 1
a 934 744 3
a 934 801 8
a 935 396 3
a 935 632 8
a 936 454 4
a 936 990 9
a 937 236 1
a 937 285 9
a 937 409 2
a 938 831 7
a 938 841 1
a 939 545 5
a 940 585 5
a 940 717 6
a 940 904 3
a 941 662 7
a 942 281 5
a 942 415 4
a 943 49 3
a 943 685 3
a 943 928 8
a 944 295 8
a 944 672 7
a 945 349 3
a 945 472 4
a 945 489 9
a 946 484 2
a 946 856 4
a 946 927 7
a 947 190 1
a 947 534 7
a 948 75 5
a 948 138 6
a 948 157 8
a 949 123 4
a 949 501 1
a 949 519 1
a 950 491 7
a 950 850 3
a 951 263 1
a 951 459 6
a 951 551 4
a 951 804 3
a 951 946 5
a 952 236 1
a 953 76 2
a 954 161 10
a 954 829 8
a 955 365 5
a 956 72 1
a 956 492 8
a 956 606 6
a 956 819 9
a 957 311 10
a 957 424 8
a 958 301 8
a 958 907 6
a 959 592 1
a 959 675 1
a 960 439 4
a 961 387 7
a 961 414 10
a 962 578 8
a 963 243 5
a 963 506 5
a 963 940 7
a 964 671 3
a 965 676 1
a 965 714 1
a 966 114 6
a 967 609 7
a 968 12 6
a 968 634 2
a 968 757 9
a 969 412 4
a 970 243 5
a 970 259 5
a 970 426 6
a 970 691 5
a 971 16 1
a 971 237 8
a 971 386 6
a 971 487 1
a 972 380 1
a 972 800 5
a 973 27 7
a 973 797 9
a 974 405 6
a 974 416 6
a 974 601 2
a 974 955 5
a 975 247 1
a 975 758 5
a 976 118 5
a 977 130 2
a 977 606 5
a 978 796 4
a 979 486 5
a 980 84 5
a 980 523 9
a 980 687 8
a 981 215 2
a 981 480 6
a 981 529 7
a 982 99 4
a 982 984 3
a 983 304 6
a 983 417 2
a 984 420 8
a 985 710 8
a 985 821 1
a 986 208 5
a 986 294 3
a 986 499 7
a 986 530 4
a 987 224 10
a 987 641 8
a 987 842 10
a 988 14 9
a 988 151 2
a 989 562 6
a 990 968 2
a 991 658 3
a 991 976 4
a 992 269 10
a 992 472 3
a 993 17 3
a 993 390 10
a 993 924 7
a 993 994 9
a 994 128 1
a 994 443 5
a 994 898 2
a 995 899 7
a 996 116 10
a 997 312 8
a 998 111 2
a 998 908 4
a 998 958 8
a 998 975 10
a 999 425 1
