p max 1000 2000
n 1 s
n 1000 t
a 1 23 7
a 1 455 8
a 2 357 7
a 2 564 6
a 3 472 1
a 4 453 3
a 4 454 7
a 4 860 2
a 5 728 2
a 6 312 2
a 7 347 1
a 7 842 3
a 8 471 4
a 8 522 8
a 9 605 5
a 9 670 2
a 10 724 10
a 10 775 4
a 11 181 6
a 11 819 1
a 12 62 6
a 12 214 2
a 13 25 2
a 14 443 10
a 15 701 6
a 16 175 6
a 16 188 9
a 16 322 7
a 16 809 7
a 17 922 9
a 18 615 6
a 19 817 3
a 20 445 1
a 20 653 2
a 21 162 4
a 22 411 1
a 23 421 5
a 24 476 3
a 24 719 2
a 24 907 3
a 25 959 1
a 26 220 6
a 26 841 2
a 27 969 9
a 28 309 3
a 28 366 3
a 28 408 4
a 28 706 6
a 28 763 1
a 29 147 6
a 29 269 6
a 29 475 5
a 30 561 4
a 31 636 6
a 32 111 9
a 32 510 9
a 32 552 3
a 32 885 1
a 33 384 7
a 33 734 5
a 33 781 8
a 34 259 1
a 35 358 1
a 35 656 10
a 36 304 10
a 36 530 4
a 37 28 7
a 37 285 1
a 37 940 6
a 38 148 10
a 38 759 9
a 39 100 3
a 40 379 3
a 40 690 6
a 41 265 3
a 41 415 1
a 42 466 1
a 42 721 1
a 42 757 6
a 42 955 7
a 43 285 3
a 43 710 9
a 44 385 2
a 44 680 1
a 45 131 6
a 45 137 2
a 45 573 7
a 46 57 4
a 46 310 1
a 46 538 1
a 46 651 6
a 47 699 2
a 48 272 2
a 48 429 7
a 49 305 10
a 49 790 2
a 50 621 8
a 51 211 10
a 51 279 5
a 51 440 1
a 52 560 1
a 52 635 8
a 52 979 8
a 53 108 7
a 53 317 10
a 53 448 8
a 53 558 9
a 54 558 4
a 54 858 9
a 55 96 9
a 55 136 4
a 55 184 8
a 55 409 6
a 56 416 3
a 56 593 3
a 57 766 1
a 58 39 5
a 59 585 10
a 59 808 8
a 60 505 1
a 60 941 2
a 60 994 6
a 61 547 4
a 61 985 2
a 62 865 6
a 63 619 8
a 63 886 2
a 64 649 9
a 65 233 2
a 65 796 7
a 65 976 8
a 66 52 10
a 66 456 7
a 67 137 2
a 67 591 10
a 68 347 4
a 68 959 7
a 68 974 1
a 69 394 3
a 69 671 10
a 70 58 5
a 70 155 8
a 70 223 5
a 70 248 2
a 71 2 8
a 71 193 8
a 71 669 4
a 71 874 5
a 72 975 3
a 73 687 8
a 74 598 7
a 75 107 1
a 75 327 2
a 75 332 4
a 76 39 9
a 76 690 7
a 77 246 5
a 78 773 1
a 79 43 1
a 79 665 9
a 80 134 4
a 80 484 4
a 80 861 3
a 80 876 4
a 81 225 7
a 82 78 10
a 82 308 8
a 83 815 6
a 84 675 9
a 85 659 7
a 85 669 4
a 86 143 1
a 86 738 7
a 87 77 7
a 87 540 8
a 87 881 6
a 88 443 6
a 88 491 7
a 88 515 4
a 89 86 9
a 89 117 9
a 89 216 6
a 89 314 9
a 89 877 8
a 90 870 1
a 91 571 10
a 92 391 3
a 92 779 3
a 93 101 2
a 93 904 6
a 94 670 2
a 95 161 4
a 96 317 7
a 96 848 9
a 97 805 7
a 98 189 10
a 98 697 2
a 99 296 1
a 100 457 2
a 100 792 10
a 101 119 8
a 101 221 4
a 102 38 5
a 103 286 4
a 104 973 8
a 105 965 8
a 105 973 2
a 106 460 10
a 106 668 10
a 106 806 5
a 107 136 1
a 108 546 8
a 108 820 1
a 108 822 3
a 109 328 9
a 109 896 9
a 110 859 7
a 111 833 6
a 112 674 4
a 113 166 6
a 113 366 1
a 113 855 5
a 114 843 3
a 115 21 7
a 115 57 6
a 115 229 8
a 115 342 5
a 115 715 4
a 115 771 6
a 116 32 1
a 116 321 2
a 116 595 10
a 117 139 7
a 118 977 9
a 119 919 4
a 120 927 8
a 121 227 10
a 121 638 10
a 122 157 1
a 122 331 3
a 122 955 7
a 123 521 9
a 123 637 7
a 124 97 4
a 124 351 10
a 124 532 8
a 125 846 10
a 125 889 6
a 125 942 8
a 126 101 5
a 127 160 9
a 128 353 6
a 128 610 8
a 129 91 8
a 129 165 4
a 129 576 5
a 130 62 3
a 130 189 8
a 131 549 8
a 132 377 5
a 133 839 7
a 134 312 5
a 134 872 9
a 135 63 1
a 136 241 10
a 136 353 6
a 136 751 7
a 137 127 5
a 137 447 10
a 137 940 2
a 138 391 9
a 138 623 6
a 138 906 2
a 139 392 7
a 140 813 5
a 141 54 5
a 141 541 1
a 141 937 9
a 141 991 10
a 142 371 5
a 142 972 10
a 143 167 9
a 143 397 9
a 144 41 3
a 145 334 5
a 146 717 3
a 146 790 7
a 147 294 8
a 147 1000 7
a 148 163 5
a 148 578 10
a 148 589 7
a 149 578 7
a 149 970 4
a 150 165 10
a 151 36 3
a 151 195 9
a 151 558 1
a 152 600 5
a 152 706 9
a 153 568 6
a 154 491 1
a 155 451 5
a 155 666 4
a 156 181 5
a 156 550 9
a 157 71 4
a 157 892 6
a 158 581 1
a 158 674 5
a 159 68 4
a 159 390 10
a 160 84 10
a 160 378 4
a 160 386 6
a 161 130 9
a 161 412 8
a 161 418 4
a 161 570 1
a 162 119 7
a 162 930 7
a 163 300 2
a 163 377 7
a 164 251 3
a 164 922 6
a 165 400 4
a 165 989 10
a 166 304 8
a 166 687 1
a 167 509 10
a 168 939 5
a 169 372 6
a 170 52 3
a 170 855 9
a 171 402 1
a 172 266 3
a 172 849 9
a 173 227 3
a 173 929 5
a 174 209 3
a 174 324 8
a 174 352 2
a 175 41 7
a 175 232 7
a 176 81 7
a 177 596 3
a 178 344 6
a 178 681 4
a 179 964 1
a 180 533 5
a 181 308 3
a 181 838 5
a 181 854 3
a 181 986 5
a 182 23 6
a 183 170 5
a 184 911 10
a 185 626 3
a 186 102 9
a 186 216 3
a 186 263 7
a 186 977 9
a 187 100 3
a 187 798 4
a 188 547 6
a 189 166 3
a 190 126 4
a 190 431 1
a 191 816 6
a 192 189 3
a 192 384 6
a 192 707 6
a 193 843 7
a 193 971 9
a 194 120 3
a 194 231 10
a 195 91 4
a 195 559 4
a 196 35 8
a 196 497 4
a 197 9 5
a 197 901 9
a 198 533 2
a 198 881 5
a 199 10 4
a 199 943 9
a 200 490 2
a 200 694 8
a 201 389 4
a 202 105 9
a 202 632 5
a 203 249 3
a 203 299 2
a 203 590 3
a 204 526 4
a 205 180 7
a 205 667 7
a 205 672 9
a 206 380 8
a 207 98 8
a 207 621 6
a 207 830 1
a 208 319 4
a 208 616 8
a 209 77 8
a 209 964 4
a 210 686 5
a 211 349 7
a 211 833 4
a 212 434 3
a 212 644 1
a 213 718 8
a 214 680 9
a 214 843 7
a 215 713 5
a 216 532 9
a 216 915 9
a 217 563 7
a 218 614 5
a 219 418 4
a 220 660 9
a 220 709 7
a 221 156 8
a 221 468 2
a 221 770 3
a 222 621 8
a 223 17 8
a 224 702 5
a 225 564 3
a 225 802 1
a 225 811 8
a 226 64 3
a 226 401 8
a 226 425 6
a 226 968 6
a 227 281 4
a 227 637 3
a 228 412 8
a 229 899 9
a 230 109 9
a 231 390 9
a 232 640 3
a 233 274 6
a 234 147 10
a 235 259 9
a 235 529 5
a 235 918 2
a 236 203 9
a 236 371 8
a 236 900 9
a 237 16 1
a 237 302 10
a 237 766 4
a 238 154 10
a 238 336 6
a 238 773 4
a 239 410 8
a 239 458 6
a 239 999 7
a 240 216 10
a 241 80 4
a 242 374 4
a 242 864 10
a 243 271 10
a 243 347 3
a 244 210 4
a 245 261 9
a 246 585 6
a 247 256 9
a 247 286 7
a 247 480 3
a 247 543 10
a 248 110 10
a 248 225 4
a 248 407 10
a 248 616 7
a 249 130 4
a 249 156 2
a 249 643 8
a 249 829 3
a 250 482 5
a 251 169 2
a 251 643 8
a 252 83 9
a 252 513 5
a 252 560 7
a 253 377 4
a 253 417 7
a 254 272 6
a 255 821 6
a 255 856 10
a 255 871 9
a 256 771 3
a 256 950 6
a 257 659 2
a 257 764 2
a 258 732 1
a 259 722 3
a 259 988 7
a 260 918 1
a 261 328 8
a 262 690 1
a 263 548 9
a 263 618 2
a 263 705 5
a 264 28 2
a 264 461 2
a 265 850 1
a 266 453 7
a 267 10 8
a 267 199 8
a 267 245 4
a 267 247 7
a 267 265 8
a 268 152 9
a 268 196 9
a 268 289 4
a 268 844 3
a 269 161 8
a 269 300 7
a 269 807 2
a 270 592 10
a 271 975 7
a 272 9 9
a 272 488 5
a 272 655 6
a 272 907 1
a 273 76 4
a 273 217 8
a 273 765 4
a 274 886 1
a 275 169 3
a 276 106 5
a 276 186 6
a 276 316 5
a 277 442 5
a 277 554 3
a 278 41 1
a 278 155 9
a 278 933 4
a 279 64 5
a 279 941 5
a 280 132 6
a 280 917 1
a 281 292 5
a 281 889 2
a 281 893 5
a 282 715 9
a 283 380 2
a 284 23 10
a 284 1000 9
a 285 413 5
a 285 891 5
a 286 219 9
a 286 639 8
a 287 82 10
a 288 54 7
a 289 302 3
a 289 338 8
a 289 511 1
a 290 125 7
a 290 998 2
a 291 208 7
a 291 888 1
a 291 942 4
a 292 517 5
a 292 949 7
a 293 717 10
a 294 201 8
a 295 329 10
a 295 582 5
a 295 898 5
a 296 265 4
a 297 56 1
a 298 111 9
a 298 887 6
a 298 981 10
a 299 392 4
a 299 569 3
a 299 731 5
a 299 932 7
a 300 52 10
a 301 345 10
a 301 549 6
a 302 187 8
a 303 983 6
a 304 361 9
a 304 377 6
a 304 729 6
a 305 401 5
a 305 629 10
a 305 727 10
a 306 236 10
a 306 553 9
a 306 657 7
a 307 160 9
a 307 287 7
a 307 490 10
a 307 762 4
a 308 323 9
a 308 609 6
a 308 758 3
a 309 164 6
a 309 208 1
a 310 124 4
a 310 779 1
a 310 783 4
a 311 930 3
a 312 343 5
a 312 380 2
a 312 636 9
a 313 143 9
a 314 749 1
a 315 78 3
a 315 686 6
a 315 811 3
a 316 751 7
a 317 211 1
a 317 219 2
a 317 227 6
a 317 337 4
a 317 402 9
a 318 840 10
a 318 845 10
a 319 200 2
a 320 667 3
a 321 621 7
a 321 795 9
a 322 224 7
a 322 346 2
a 323 882 5
a 324 831 2
a 325 435 7
a 325 749 4
a 325 921 8
a 326 614 9
a 327 527 7
a 328 18 1
a 328 122 3
a 328 868 10
a 328 896 3
a 329 176 4
a 329 621 8
a 329 951 7
a 330 13 8
a 330 621 1
a 331 765 4
a 332 712 2
a 333 722 9
a 333 899 4
a 334 594 5
a 335 111 7
a 335 350 5
a 335 652 2
a 335 958 4
a 336 100 10
a 336 308 1
a 336 403 3
a 336 530 1
a 337 399 10
a 337 654 8
a 337 894 7
a 338 763 3
a 338 794 4
a 338 966 2
a 339 932 3
a 340 577 7
a 341 69 7
a 341 395 3
a 342 519 2
a 342 606 3
a 342 684 7
a 343 60 2
a 343 621 9
a 344 128 6
a 345 37 8
a 345 116 6
a 346 360 5
a 347 80 3
a 347 333 9
a 347 383 7
a 347 567 6
a 348 441 3
a 348 477 5
a 349 499 10
a 349 557 7
a 349 967 2
a 350 389 10
a 350 675 3
a 351 868 4
a 352 85 1
a 352 996 9
a 353 299 6
a 353 761 3
a 354 470 7
a 355 906 8
a 356 137 4
a 357 141 6
a 357 153 10
a 357 422 7
a 357 478 2
a 358 18 2
a 358 726 2
a 359 574 5
a 359 732 6
a 360 548 9
a 360 615 3
a 361 191 10
a 361 474 4
a 361 774 1
a 361 982 4
a 362 53 5
a 362 59 2
a 362 403 4
a 363 138 1
a 363 271 9
a 363 932 6
a 364 39 5
a 364 455 9
a 365 480 5
a 366 286 8
a 367 592 10
a 367 846 6
a 368 491 1
a 368 555 7
a 368 815 7
a 369 648 9
a 370 909 1
a 371 134 10
a 371 370 6
a 371 416 6
a 372 636 3
a 373 330 9
a 373 638 10
a 374 16 8
a 374 319 7
a 374 760 7
a 374 920 6
a 375 566 4
a 376 554 5
a 377 5 9
a 377 632 6
a 378 209 9
a 379 991 7
a 380 535 5
a 381 141 7
a 381 220 3
a 381 622 3
a 381 691 7
a 382 130 5
a 382 215 10
a 383 30 8
a 383 481 4
a 383 506 7
a 383 683 7
a 384 543 6
a 384 869 4
a 385 126 4
a 386 474 10
a 387 598 6
a 388 424 3
a 388 862 7
a 389 14 7
a 389 418 2
a 389 960 5
a 390 479 7
a 390 702 3
a 391 519 9
a 391 525 5
a 392 252 2
a 392 504 5
a 392 928 4
a 393 926 9
a 394 125 3
a 394 450 9
a 395 120 1
a 395 388 10
a 396 520 5
a 396 686 10
a 396 949 6
a 397 268 5
a 398 591 8
a 398 676 7
a 398 888 8
a 399 392 3
a 399 867 5
a 400 790 3
a 401 431 8
a 402 446 9
a 402 504 3
a 403 847 7
a 404 586 6
a 404 864 2
a 405 128 10
a 405 627 4
a 405 806 1
a 406 399 9
a 407 957 3
a 408 342 9
a 408 943 4
a 409 325 1
a 409 403 10
a 410 218 7
a 410 503 7
a 411 259 3
a 412 172 2
a 413 213 5
a 413 620 5
a 413 657 5
a 414 528 7
a 414 664 2
a 415 634 7
a 416 693 6
a 416 823 1
a 416 864 3
a 417 344 5
a 417 488 3
a 418 7 10
a 418 868 8
a 419 325 1
a 419 464 6
a 420 150 10
a 420 315 4
a 420 688 5
a 420 983 2
a 421 642 1
a 421 961 1
a 422 169 5
a 422 433 4
a 423 602 9
a 423 957 7
a 424 34 1
a 424 975 4
a 425 61 5
a 425 505 6
a 425 902 10
a 426 361 5
a 427 706 2
a 428 998 2
a 429 591 4
a 430 568 4
a 430 607 4
a 431 961 8
a 432 424 1
a 432 479 5
a 433 92 2
a 434 517 6
a 434 728 2
a 435 144 7
a 435 371 2
a 436 22 3
a 436 991 4
a 437 656 2
a 437 886 4
a 438 582 2
a 438 697 3
a 439 80 8
a 440 481 5
a 440 526 9
a 441 452 7
a 441 969 9
a 442 647 1
a 443 302 5
a 444 504 3
a 444 507 1
a 445 450 7
a 445 746 6
a 446 33 2
a 446 168 10
a 446 708 5
a 447 58 10
a 447 462 10
a 448 343 3
a 448 442 5
a 448 521 3
a 449 536 8
a 450 343 5
a 451 313 6
a 451 671 6
a 452 353 3
a 452 662 4
a 453 585 10
a 454 767 6
a 455 437 8
a 455 812 10
a 456 106 9
a 457 306 8
a 457 852 8
a 458 526 7
a 458 912 4
a 459 69 5
a 460 167 7
a 460 228 1
a 461 687 4
a 462 64 7
a 462 786 3
a 463 20 1
a 464 15 4
a 464 536 3
a 464 913 8
a 465 124 3
a 465 500 8
a 465 858 5
a 466 711 4
a 467 397 2
a 468 519 10
a 469 972 4
a 470 476 4
a 470 617 3
a 470 784 8
a 471 641 5
a 471 676 10
a 472 736 7
a 472 752 10
a 472 774 7
a 472 905 10
a 472 910 3
a 473 580 4
a 473 704 7
a 474 96 8
a 474 406 7
a 475 41 1
a 476 181 2
a 477 24 4
a 477 538 7
a 478 441 5
a 478 726 1
a 479 3 4
a 479 460 10
a 479 774 1
a 479 935 6
a 480 95 10
a 480 301 6
a 481 76 1
a 482 649 10
a 483 43 8
a 484 457 8
a 485 220 10
a 485 865 4
a 486 357 8
a 487 944 9
a 488 975 7
a 489 534 4
a 489 603 7
a 490 108 8
a 491 949 2
a 492 346 3
a 492 514 6
a 492 666 9
a 492 911 9
a 492 995 6
a 493 271 6
a 493 558 8
a 494 841 8
a 495 207 3
a 495 246 7
a 495 390 6
a 495 518 4
a 496 471 10
a 496 825 4
a 497 29 10
a 498 241 7
a 499 350 8
a 499 732 10
a 500 96 3
a 500 139 6
a 500 471 3
a 500 656 9
a 500 714 10
a 501 512 6
a 501 859 4
a 501 895 1
a 502 262 5
a 502 416 1
a 502 506 1
a 503 256 8
a 503 659 5
a 503 834 8
a 503 863 1
a 504 174 7
a 504 628 3
a 505 720 1
a 506 200 3
a 506 473 1
a 507 869 6
a 508 461 7
a 508 592 9
a 508 743 10
a 509 399 9
a 510 718 5
a 511 158 6
a 511 234 8
a 511 789 3
a 511 888 8
a 512 350 8
a 513 514 4
a 514 311 10
a 514 713 1
a 515 439 10
a 515 612 4
a 516 341 8
a 516 897 4
a 517 457 9
a 517 711 3
a 518 470 3
a 518 839 4
a 518 846 6
a 519 684 7
a 519 851 1
a 520 186 9
a 521 360 8
a 521 423 2
a 521 843 1
a 522 985 4
a 523 42 4
a 524 129 5
a 524 192 7
a 524 580 3
a 524 814 2
a 525 72 6
a 525 344 4
a 526 217 6
a 527 71 3
a 527 109 5
a 528 313 7
a 528 964 2
a 529 10 8
a 529 634 3
a 529 884 2
a 530 544 3
a 530 662 1
a 531 64 8
a 531 729 2
a 532 76 4
a 532 296 6
a 532 449 5
a 533 697 8
a 534 384 7
a 534 414 7
a 535 40 9
a 535 533 4
a 535 751 1
a 536 205 8
a 537 622 9
a 538 27 8
a 539 174 4
a 539 344 9
a 539 769 10
a 539 817 3
a 540 121 10
a 540 666 2
a 541 234 3
a 541 788 8
a 542 535 1
a 542 666 3
a 543 147 8
a 543 181 7
a 544 467 2
a 544 679 6
a 545 293 8
a 545 437 8
a 546 82 2
a 546 119 2
a 546 584 9
a 547 66 9
a 547 303 3
a 548 49 5
a 548 103 3
a 548 427 4
a 549 82 7
a 549 254 10
a 549 452 3
a 550 348 6
a 550 656 4
a 551 8 9
a 551 153 9
a 551 994 6
a 552 683 4
a 553 151 5
a 553 270 1
a 553 650 10
a 553 748 6
a 554 747 4
a 554 923 2
a 555 184 3
a 556 339 1
a 557 135 5
a 558 67 5
a 559 499 9
a 560 213 9
a 560 840 9
a 560 961 6
a 560 993 10
a 561 49 9
a 561 755 6
a 562 239 4
a 562 324 1
a 563 113 9
a 563 179 5
a 563 418 4
a 564 541 2
a 564 725 8
a 564 740 9
a 565 723 4
a 565 787 8
a 566 654 2
a 567 343 4
a 568 145 8
a 569 599 4
a 570 110 8
a 571 45 7
a 571 875 5
a 572 322 1
a 573 297 5
a 573 403 6
a 573 596 2
a 574 87 2
a 574 404 2
a 574 751 7
a 574 956 1
a 575 336 7
a 575 822 7
a 576 101 7
a 576 760 3
a 577 416 8
a 577 594 1
a 578 270 2
a 578 604 6
a 579 192 7
a 579 835 2
a 580 201 8
a 580 429 6
a 580 918 1
a 580 927 9
a 581 703 2
a 582 277 7
a 582 397 5
a 583 578 2
a 584 669 8
a 585 264 4
a 585 426 5
a 585 485 1
a 586 172 2
a 586 745 9
a 586 851 2
a 587 205 9
a 587 708 5
a 588 27 6
a 589 560 3
a 590 70 2
a 590 610 9
a 591 571 1
a 591 685 9
a 591 717 8
a 592 793 9
a 592 913 2
a 593 10 4
a 594 250 5
a 594 727 6
a 595 82 1
a 596 316 7
a 596 529 10
a 596 548 9
a 596 767 3
a 596 953 9
a 597 397 3
a 598 19 7
a 599 102 10
a 599 210 10
a 599 411 10
a 600 485 3
a 601 905 10
a 602 202 4
a 602 397 5
a 603 368 9
a 603 434 8
a 603 802 6
a 603 853 1
a 604 558 10
a 605 731 8
a 606 509 7
a 606 555 10
a 606 730 5
a 606 791 3
a 607 63 1
a 607 537 4
a 608 261 7
a 608 436 6
a 608 716 3
a 609 277 3
a 610 407 2
a 610 980 3
a 611 471 1
a 612 705 3
a 613 214 7
a 613 820 10
a 614 781 5
a 615 475 4
a 616 157 7
a 616 204 6
a 616 452 7
a 616 648 4
a 616 822 2
a 617 778 5
a 618 940 7
a 619 290 5
a 619 381 4
a 619 671 5
a 620 199 10
a 620 334 5
a 620 579 2
a 620 804 9
a 621 832 9
a 622 857 4
a 622 908 9
a 622 945 3
a 623 477 6
a 624 295 8
a 624 866 4
a 625 21 4
a 625 724 6
a 626 163 9
a 626 411 9
a 627 502 3
a 627 692 9
a 627 963 4
a 628 577 6
a 628 736 9
a 629 263 2
a 630 177 7
a 630 656 9
a 631 682 5
a 631 804 2
a 632 451 4
a 633 268 10
a 634 153 7
a 634 159 6
a 635 144 7
a 635 962 3
a 636 967 9
a 637 212 9
a 637 883 9
a 637 930 10
a 638 358 7
a 638 640 2
a 639 226 4
a 639 621 1
a 640 757 3
a 641 59 5
a 641 364 3
a 641 756 1
a 642 258 3
a 642 410 1
a 643 354 8
a 643 930 7
a 644 154 5
a 645 670 2
a 646 343 6
a 646 689 4
a 646 742 10
a 647 783 5
a 648 623 8
a 649 354 5
a 650 98 6
a 650 123 1
a 651 288 8
a 651 447 3
a 651 542 9
a 652 172 4
a 653 67 8
a 653 416 6
a 653 846 8
a 654 911 6
a 655 879 2
a 655 939 1
a 656 599 10
a 657 408 5
a 658 633 2
a 658 702 6
a 658 821 4
a 659 721 4
a 660 17 9
a 660 463 7
a 661 38 3
a 661 749 7
a 662 739 6
a 662 989 1
a 663 315 5
a 663 810 5
a 664 43 3
a 664 56 5
a 665 359 7
a 665 567 3
a 665 849 1
a 666 316 8
a 666 544 1
a 666 996 3
a 667 105 3
a 667 246 2
a 668 776 9
a 669 297 1
a 669 609 6
a 670 151 6
a 670 678 4
a 670 809 9
a 670 989 5
a 671 703 7
a 672 546 7
a 673 520 5
a 674 101 4
a 675 635 3
a 675 826 10
a 675 947 8
a 676 435 4
a 676 561 9
a 676 983 10
a 677 5 5
a 677 178 10
a 678 183 7
a 678 334 9
a 678 828 8
a 678 954 1
a 679 47 3
a 679 222 2
a 679 483 1
a 680 51 10
a 680 694 6
a 680 744 3
a 680 797 6
a 681 518 5
a 682 164 3
a 682 255 1
a 682 424 9
a 683 752 9
a 684 678 3
a 685 19 1
a 685 233 7
a 685 660 10
a 685 926 9
a 686 42 7
a 687 590 3
a 687 681 2
a 688 42 10
a 688 571 5
a 688 953 2
a 689 103 9
a 689 126 4
a 689 916 8
a 690 508 9
a 690 857 4
a 691 198 2
a 691 362 8
a 691 486 5
a 691 523 2
a 691 842 6
a 692 840 1
a 693 672 4
a 693 677 7
a 694 756 9
a 695 260 9
a 695 355 10
a 695 718 2
a 696 630 2
a 697 997 8
a 698 501 1
a 698 645 10
a 698 840 3
a 698 912 10
a 699 4 6
a 699 471 3
a 700 605 10
a 700 852 7
a 701 597 7
a 701 744 9
a 702 76 4
a 702 689 7
a 703 246 4
a 703 294 1
a 703 318 8
a 703 459 4
a 703 973 10
a 704 317 9
a 705 26 1
a 705 490 8
a 705 566 3
a 706 349 7
a 706 473 8
a 706 598 7
a 706 653 9
a 707 532 2
a 707 639 2
a 708 596 9
a 708 772 1
a 709 597 1
a 710 613 5
a 711 12 5
a 711 85 9
a 712 873 7
a 713 343 9
a 713 776 4
a 713 873 8
a 714 51 9
a 714 282 10
a 714 494 1
a 714 678 10
a 715 261 8
a 715 267 7
a 715 572 2
a 716 647 9
a 717 535 9
a 718 152 5
a 718 264 3
a 718 274 3
a 719 20 2
a 719 388 5
a 720 44 3
a 720 48 1
a 720 585 3
a 720 602 6
a 720 805 2
a 720 828 4
a 721 6 9
a 721 909 6
a 722 315 7
a 722 438 6
a 722 465 10
a 722 695 6
a 723 348 8
a 723 428 3
a 724 513 9
a 725 128 1
a 725 882 8
a 725 990 4
a 726 613 3
a 726 671 4
a 726 992 7
a 727 650 5
a 728 597 9
a 729 3 1
a 729 800 10
a 729 939 2
a 730 324 4
a 731 559 9
a 731 632 4
a 732 66 10
a 732 633 9
a 733 66 8
a 733 709 8
a 734 289 4
a 734 302 9
a 735 7 2
a 735 725 5
a 736 768 4
a 736 793 5
a 737 55 10
a 737 264 3
a 738 429 3
a 738 475 6
a 739 562 3
a 740 315 6
a 741 278 2
a 741 379 9
a 741 818 10
a 741 892 3
a 742 787 2
a 742 832 3
a 742 859 3
a 742 985 10
a 743 17 3
a 743 913 3
a 744 34 6
a 744 216 2
a 744 301 2
a 745 232 3
a 745 502 7
a 746 487 10
a 746 837 6
a 747 824 4
a 747 853 5
a 748 584 1
a 748 732 7
a 749 226 6
a 749 562 8
a 750 580 6
a 751 211 6
a 751 495 8
a 751 753 3
a 752 624 4
a 752 837 1
a 753 238 3
a 754 118 4
a 754 988 5
a 755 992 4
a 756 309 8
a 757 242 4
a 757 714 8
a 758 978 8
a 759 527 4
a 760 129 4
a 760 787 8
a 761 574 2
a 762 253 10
a 762 582 8
a 763 267 4
a 763 489 8
a 763 623 9
a 764 539 9
a 764 556 5
a 764 568 8
a 765 519 8
a 765 524 10
a 766 3 1
a 767 99 4
a 767 114 3
a 767 376 5
a 767 651 8
a 768 55 7
a 769 1000 9
a 770 3 8
a 771 151 9
a 772 126 9
a 773 974 8
a 774 278 1
a 775 140 6
a 775 496 10
a 775 925 5
a 775 948 2
a 776 122 9
a 777 725 8
a 777 769 7
a 778 700 4
a 778 986 4
a 779 121 2
a 780 187 1
a 780 399 5
a 780 852 4
a 781 684 4
a 781 799 5
a 781 999 7
a 782 882 3
a 783 370 3
a 784 90 5
a 784 124 10
a 785 324 1
a 785 723 3
a 786 796 8
a 786 836 7
a 787 75 8
a 787 185 7
a 787 394 1
a 788 498 1
a 788 649 8
a 789 62 8
a 790 18 9
a 790 751 10
a 790 827 3
a 791 526 5
a 792 297 6
a 793 661 2
a 794 321 8
a 794 326 9
a 795 565 2
a 795 771 8
a 796 559 9
a 796 658 4
a 796 785 10
a 797 415 6
a 798 83 9
a 798 496 3
a 799 73 4
a 799 934 10
a 800 493 8
a 801 591 4
a 802 107 9
a 802 171 5
a 802 356 2
a 802 363 4
a 803 143 5
a 804 235 7
a 804 438 8
a 805 134 3
a 805 614 3
a 806 50 8
a 806 249 4
a 806 606 10
a 806 672 2
a 807 363 5
a 808 170 3
a 808 866 5
a 808 910 2
a 809 32 4
a 809 104 10
a 809 298 10
a 809 343 7
a 809 359 3
a 809 545 9
a 810 551 2
a 810 737 5
a 811 487 9
a 811 934 3
a 812 190 10
a 812 307 6
a 812 674 3
a 813 56 5
a 813 649 10
a 813 743 10
a 813 782 3
a 814 302 9
a 815 423 3
a 815 931 2
a 815 940 9
a 816 102 8
a 816 824 2
a 816 847 1
a 817 230 1
a 817 503 6
a 817 631 4
a 818 319 3
a 818 551 4
a 818 646 2
a 819 136 2
a 820 441 3
a 821 735 7
a 822 84 4
a 822 240 10
a 822 737 6
a 823 497 2
a 824 365 8
a 824 432 2
a 824 526 10
a 825 625 4
a 825 658 9
a 825 738 9
a 826 206 8
a 826 794 7
a 827 366 3
a 828 451 3
a 828 782 4
a 829 132 4
a 829 492 3
a 829 495 1
a 830 454 3
a 830 864 8
a 831 107 7
a 832 765 4
a 833 146 2
a 833 405 2
a 834 171 4
a 834 944 3
a 835 173 8
a 836 60 10
a 836 880 6
a 837 861 3
a 837 903 7
a 838 464 4
a 839 389 5
a 839 519 7
a 839 608 4
a 840 112 5
a 840 482 6
a 841 273 8
a 841 384 4
a 842 170 1
a 843 34 2
a 843 182 7
a 844 237 4
a 844 782 10
a 845 256 10
a 846 77 8
a 847 94 10
a 847 648 3
a 848 150 2
a 848 335 3
a 848 630 3
a 849 315 8
a 849 552 5
a 849 858 5
a 850 139 4
a 851 168 9
a 851 531 4
a 851 803 6
a 851 990 2
a 852 753 10
a 852 832 6
a 853 69 5
a 853 469 3
a 853 759 10
a 853 831 9
a 854 775 1
a 855 6 5
a 855 396 7
a 855 430 8
a 855 832 5
a 856 819 5
a 857 133 8
a 857 897 9
a 858 852 8
a 859 443 8
a 859 934 3
a 860 276 3
a 861 65 6
a 861 322 3
a 861 444 10
a 862 73 2
a 862 238 4
a 863 341 1
a 863 628 4
a 864 284 7
a 865 149 4
a 865 445 8
a 866 225 1
a 866 455 1
a 867 509 1
a 868 595 2
a 869 625 3
a 869 699 4
a 869 813 8
a 869 871 1
a 870 63 2
a 870 221 2
a 871 417 8
a 872 105 8
a 872 276 4
a 873 46 1
a 873 165 6
a 873 575 9
a 874 862 8
a 874 914 10
a 874 936 9
a 875 356 5
a 876 382 2
a 876 682 2
a 877 156 10
a 878 75 8
a 878 754 1
a 879 129 6
a 879 508 4
a 880 328 6
a 880 387 10
a 881 293 9
a 881 582 2
a 882 733 7
a 882 921 5
a 883 16 8
a 883 79 6
a 883 527 7
a 883 588 3
a 884 367 6
a 884 976 9
a 885 23 5
a 885 277 7
a 886 106 3
a 886 345 9
a 887 494 2
a 888 128 8
a 888 257 10
a 888 799 7
a 889 133 3
a 890 28 1
a 890 252 2
a 891 441 6
a 892 300 8
a 893 93 4
a 893 659 4
a 893 712 1
a 893 735 3
a 894 369 3
a 894 934 6
a 894 938 8
a 895 14 9
a 895 118 6
a 895 482 1
a 895 713 5
a 895 998 9
a 896 57 1
a 896 173 7
a 896 355 4
a 896 663 2
a 897 244 8
a 897 888 7
a 898 356 1
a 898 568 2
a 898 590 3
a 898 890 8
a 899 312 3
a 899 793 7
a 900 462 10
a 900 772 5
a 901 570 9
a 901 617 1
a 902 502 7
a 902 563 8
a 902 703 8
a 903 316 5
a 904 405 7
a 904 652 1
a 905 127 5
a 906 623 9
a 907 326 10
a 907 538 3
a 907 801 8
a 908 91 1
a 908 197 2
a 908 967 6
a 909 659 2
a 909 822 2
a 909 927 1
a 910 587 1
a 910 834 8
a 911 797 4
a 911 946 5
a 912 797 5
a 913 92 1
a 913 283 3
a 913 613 1
a 914 341 9
a 914 516 9
a 915 339 3
a 915 518 6
a 916 750 3
a 916 816 6
a 917 515 6
a 918 420 4
a 919 5 7
a 919 472 2
a 919 828 8
a 920 74 2
a 920 415 3
a 921 660 9
a 921 984 4
a 922 230 8
a 922 459 6
a 922 850 1
a 923 218 3
a 924 320 7
a 924 525 6
a 925 602 6
a 926 476 6
a 927 779 1
a 928 638 3
a 929 256 1
a 929 362 10
a 929 701 2
a 929 923 2
a 930 77 3
a 930 226 4
a 930 560 6
a 930 664 10
a 931 115 9
a 931 398 7
a 932 534 7
a 933 29 7
a 933 194 6
a 933 652 2
a 934 330 10
a 935 37 6
a 935 873 8
a 936 74 3
a 937 190 10
a 937 779 7
a 937 997 9
a 938 48 10
a 938 711 9
a 939 934 3
a 940 221 4
a 941 520 8
a 941 807 4
a 942 142 4
a 942 203 1
a 943 11 9
a 943 29 3
a 943 924 5
a 944 743 5
a 945 393 6
a 945 601 3
a 945 647 2
a 945 778 10
a 945 957 2
a 946 135 10
a 946 431 2
a 947 534 6
a 947 537 2
a 947 706 7
a 948 93 9
a 948 132 4
a 949 352 9
a 949 919 9
a 950 896 2
a 951 885 6
a 952 222 3
a 952 724 9
a 953 442 3
a 954 696 9
a 954 822 2
a 955 21 8
a 955 891 4
a 956 89 5
a 956 268 6
a 956 292 1
a 957 846 7
a 958 20 7
a 958 752 4
a 959 647 6
a 959 720 7
a 960 25 6
a 960 275 8
a 960 598 5
a 961 361 9
a 962 399 8
a 962 989 7
a 963 81 5
a 963 162 9
a 963 568 2
a 963 698 1
a 964 340 8
a 964 419 5
a 964 675 7
a 965 31 1
a 965 115 3
a 965 537 3
a 966 563 1
a 967 356 2
a 967 390 4
a 968 516 10
a 968 678 6
a 968 815 2
a 969 23 4
a 969 612 8
a 969 780 7
a 970 564 8
a 971 372 6
a 971 395 6
a 971 463 8
a 972 251 6
a 972 430 3
a 973 493 9
a 973 905 2
a 974 95 9
a 975 145 2
a 975 393 8
a 975 777 3
a 975 870 5
a 975 875 3
a 975 978 8
a 976 165 9
a 976 453 9
a 976 583 6
a 977 239 5
a 977 816 1
a 977 952 3
a 978 755 1
a 979 593 1
a 979 661 5
a 980 135 5
a 980 333 4
a 981 243 8
a 981 291 5
a 981 397 3
a 981 497 3
a 981 591 2
a 982 611 7
a 982 615 8
a 983 163 2
a 983 626 5
a 984 651 8
a 985 149 10
a 985 162 9
a 986 348 4
a 986 831 5
a 987 967 9
a 988 44 8
a 989 27 4
a 989 453 8
a 989 878 3
a 990 741 3
a 990 774 5
a 990 811 2
a 990 987 3
a 991 41 9
a 991 88 2
a 991 371 9
a 991 373 5
a 991 375 5
a 991 673 3
a 992 245 9
a 992 420 7
a 992 656 6
a 993 74 8
a 993 284 6
a 993 553 4
a 993 679 3
a 994 862 9
a 995 352 6
a 995 599 6
a 996 349 10
a 997 971 3
a 998 175 3
a 999 280 1
a 999 421 9
a 999 979 7
