p max 1000 2000
n 1 s
n 1000 t
a 1 344 7
a 1 690 3
a 1 913 6
a 2 461 3
a 2 725 3
a 2 913 8
a 3 85 8
a 3 537 9
a 3 964 2
a 4 103 9
a 5 554 10
a 5 613 5
a 5 731 7
a 6 76 8
a 6 865 3
a 7 97 6
a 7 302 1
a 7 867 9
a 8 916 3
a 9 139 3
a 9 582 10
a 10 39 1
a 10 470 10
a 10 885 10
a 11 220 8
a 11 836 2
a 12 59 10
a 12 523 9
a 13 48 8
a 13 926 9
a 14 471 2
a 15 268 3
a 15 404 3
a 15 457 1
a 15 986 8
a 16 804 10
a 17 194 1
a 17 359 3
a 17 419 10
a 17 846 2
a 18 517 9
a 18 994 2
a 19 254 4
a 20 426 9
a 21 826 10
a 22 258 5
a 22 541 8
a 22 550 5
a 23 2 1
a 23 388 9
a 23 797 8
a 24 823 4
a 25 233 10
a 25 324 9
a 25 496 4
a 26 158 2
a 27 731 9
a 27 808 2
a 28 219 2
a 28 536 7
a 28 563 8
a 29 385 5
a 29 447 10
a 30 684 8
a 30 730 3
a 31 386 9
a 31 704 10
a 32 348 2
a 32 487 5
a 32 827 1
a 33 822 9
a 34 422 2
a 34 853 9
a 35 11 8
a 35 79 6
a 35 280 8
a 35 936 5
a 36 990 9
a 37 9 7
a 37 151 9
a 37 682 4
a 37 858 7
a 38 137 9
a 38 371 10
a 38 949 7
a 39 585 4
a 40 149 4
a 41 569 10
a 41 921 2
a 42 65 7
a 42 838 2
a 42 909 5
a 43 130 7
a 43 281 4
a 44 264 10
a 44 692 8
a 45 607 3
a 46 98 1
a 46 682 3
a 47 112 7
a 47 594 3
a 48 124 9
a 49 492 1
a 50 8 1
a 50 902 10
a 50 935 5
a 51 307 7
a 51 615 5
a 51 674 6
a 52 298 5
a 52 566 8
a 53 8 4
a 53 855 1
a 54 322 1
a 54 795 3
a 55 711 8
a 55 970 6
a 56 30 3
a 56 206 2
a 57 822 5
a 58 303 6
a 59 54 1
a 59 435 5
a 59 446 7
a 60 41 2
a 60 317 2
a 61 608 5
a 61 796 8
a 62 173 9
a 62 528 9
a 62 791 2
a 63 14 8
a 63 109 8
a 63 199 4
a 64 224 7
a 64 288 8
a 64 308 9
a 65 521 3
a 65 603 2
a 66 368 5
a 66 849 2
a 67 434 3
a 67 614 5
a 68 15 3
a 68 339 10
a 69 462 7
a 69 869 5
a 69 967 2
a 70 401 8
a 70 952 6
a 71 305 2
a 71 783 9
a 72 289 10
a 73 295 9
a 73 1000 6
a 74 465 2
a 74 533 6
a 75 902 6
a 76 11 4
a 76 18 10
a 76 588 7
a 76 812 5
a 77 610 4
a 77 697 4
a 77 780 8
a 78 320 9
a 79 164 5
a 80 336 4
a 80 490 9
a 80 629 2
a 81 120 7
a 82 568 5
a 82 726 2
a 83 338 8
a 84 679 6
a 85 397 1
a 86 274 8
a 86 367 1
a 86 671 6
a 87 680 6
a 87 990 9
a 88 807 3
a 88 894 5
a 89 136 7
a 90 491 4
a 90 716 3
a 90 798 4
a 90 805 6
a 90 955 2
a 91 242 1
a 91 829 10
a 92 362 5
a 92 545 2
a 92 655 1
a 92 753 10
a 93 282 7
a 93 461 10
a 94 410 3
a 94 710 8
a 95 369 3
a 95 589 3
a 95 724 10
a 95 903 2
a 96 69 4
a 97 131 1
a 98 671 7
a 99 67 3
a 99 610 9
a 99 631 8
a 100 565 3
a 101 892 9
a 102 788 9
a 103 139 5
a 103 889 7
a 103 916 3
a 104 733 3
a 105 812 9
a 105 879 8
a 106 750 6
a 107 643 9
a 107 689 8
a 108 62 1
a 108 612 3
a 108 840 5
a 109 914 7
a 109 977 6
a 110 774 3
a 110 979 4
a 111 9 10
a 112 697 3
a 113 5 3
a 113 167 5
a 113 376 1
a 114 459 6
a 115 534 7
a 115 859 3
a 116 823 3
a 117 62 6
a 117 753 3
a 117 784 1
a 118 439 10
a 118 451 8
a 118 648 4
a 118 920 5
a 118 995 2
a 119 254 10
a 119 392 7
a 120 22 3
a 120 140 5
a 120 736 9
a 120 925 1
a 121 225 5
a 121 351 8
a 121 866 3
a 122 918 1
a 123 330 6
a 123 381 6
a 124 688 4
a 124 763 2
a 125 39 6
a 125 115 3
a 126 650 7
a 126 724 10
a 127 472 6
a 127 871 2
a 128 277 10
a 128 358 2
a 128 997 10
a 129 170 6
a 130 452 2
a 130 827 7
a 131 322 6
a 131 414 2
a 131 766 2
a 132 60 2
a 132 211 6
a 132 304 10
a 132 318 3
a 132 394 6
a 133 66 5
a 133 147 1
a 134 478 2
a 134 706 9
a 135 151 7
a 135 710 7
a 136 208 10
a 136 448 4
a 136 826 10
a 136 881 3
a 137 613 8
a 138 16 4
a 138 160 6
a 139 34 7
a 140 863 8
a 140 887 5
a 141 607 2
a 142 89 5
a 142 544 3
a 143 534 9
a 143 595 6
a 143 657 2
a 143 886 10
a 144 205 8
a 144 417 9
a 144 636 3
a 145 246 8
a 146 209 8
a 146 412 6
a 146 546 2
a 146 969 1
a 147 97 4
a 147 187 1
a 147 618 3
a 148 309 9
a 148 473 1
a 149 67 4
a 150 789 1
a 150 951 10
a 151 54 6
a 151 286 9
a 151 481 1
a 152 138 3
a 152 184 4
a 153 142 8
a 153 293 5
a 153 766 8
a 154 366 2
a 154 913 5
a 155 25 8
a 156 29 4
a 156 129 8
a 156 661 5
a 156 908 5
a 157 28 3
a 157 561 4
a 157 634 4
a 158 16 7
a 158 825 10
a 159 608 2
a 160 22 3
a 161 50 6
a 162 391 10
a 162 924 5
a 163 478 1
a 164 897 3
a 165 271 1
a 165 638 7
a 166 400 3
a 166 484 7
a 166 601 2
a 166 621 8
a 166 991 7
a 167 431 4
a 167 732 10
a 168 422 1
a 169 581 9
a 169 942 2
a 170 342 10
a 170 489 6
a 170 503 9
a 171 482 3
a 172 484 10
a 172 855 6
a 173 216 10
a 173 799 8
a 174 101 8
a 175 58 7
a 175 386 9
a 175 686 4
a 176 466 10
a 177 343 8
a 177 653 1
a 178 868 5
a 179 597 8
a 179 819 4
a 180 132 3
a 180 646 2
a 180 877 7
a 181 197 7
a 181 345 9
a 181 637 5
a 181 837 2
a 182 624 4
a 182 860 10
a 183 246 3
a 183 284 7
a 184 757 7
a 185 198 4
a 185 292 3
a 185 558 10
a 185 933 10
a 186 699 5
a 187 68 5
a 187 625 3
a 188 739 8
a 189 745 5
a 190 356 10
a 190 646 8
a 190 715 7
a 191 828 1
a 191 994 2
a 192 230 5
a 192 829 5
a 193 622 6
a 194 329 10
a 195 104 10
a 196 90 7
a 196 492 3
a 196 693 10
a 197 315 9
a 198 966 4
a 199 429 10
a 200 273 6
a 200 711 2
a 201 965 5
a 202 567 5
a 202 811 5
a 203 87 2
a 203 135 1
a 203 343 7
a 203 803 9
a 203 914 4
a 204 158 10
a 204 318 2
a 204 787 6
a 204 793 9
a 205 406 2
a 205 993 2
a 206 711 2
a 207 96 2
a 208 23 2
a 208 680 7
a 208 834 2
a 209 325 5
a 210 276 10
a 210 318 8
a 211 689 9
a 211 911 8
a 212 561 10
a 213 437 5
a 213 799 4
a 214 104 8
a 214 278 2
a 214 449 5
a 215 255 5
a 216 335 9
a 216 395 5
a 216 541 7
a 216 654 9
a 217 136 1
a 217 201 3
a 218 169 9
a 218 311 2
a 218 793 6
a 219 273 7
a 219 344 4
a 219 704 8
a 220 304 6
a 220 623 8
a 221 5 9
a 221 226 3
a 222 8 10
a 222 332 8
a 222 372 6
a 222 821 5
a 223 257 4
a 224 109 2
a 225 151 3
a 225 263 8
a 226 7 1
a 226 144 7
a 226 596 5
a 227 601 6
a 228 651 3
a 229 877 9
a 230 23 7
a 230 423 9
a 231 616 8
a 231 687 8
a 231 946 6
a 232 604 6
a 232 870 6
a 233 773 9
a 233 910 10
a 234 55 1
a 234 366 8
a 234 649 5
a 235 329 2
a 235 924 9
a 236 340 10
a 236 746 10
a 237 120 8
a 237 492 8
a 237 750 1
a 238 479 8
a 239 120 9
a 239 751 6
a 240 56 1
a 240 328 3
a 240 710 2
a 241 389 10
a 241 801 1
a 241 906 5
a 241 921 7
a 241 975 8
a 242 259 4
a 242 415 9
a 242 416 4
a 242 520 6
a 242 645 10
a 242 999 3
a 243 59 6
a 243 277 10
a 243 404 4
a 243 781 5
a 244 228 6
a 245 435 6
a 245 714 10
a 246 682 5
a 246 709 4
a 247 351 7
a 248 628 8
a 248 719 5
a 249 337 5
a 249 820 4
a 250 225 4
a 250 669 6
a 251 250 1
a 252 499 1
a 252 867 1
a 253 945 1
a 254 887 9
a 255 92 10
a 255 504 1
a 256 459 4
a 256 641 7
a 257 136 9
a 258 251 1
a 258 535 6
a 259 878 9
a 260 182 5
a 260 837 1
a 261 447 1
a 261 505 6
a 261 657 5
a 262 577 8
a 263 442 9
a 263 785 7
a 264 603 5
a 264 930 3
a 265 119 8
a 265 850 3
a 266 371 4
a 266 794 9
a 267 340 4
a 267 901 4
a 268 885 3
a 269 44 7
a 269 114 7
a 270 28 4
a 271 7 7
a 271 442 4
a 272 262 1
a 272 476 5
a 272 656 5
a 273 45 9
a 273 129 4
a 273 722 1
a 273 770 4
a 274 4 4
a 274 366 5
a 275 240 7
a 275 416 6
a 275 572 4
a 276 825 5
a 277 244 8
a 278 170 7
a 278 717 8
a 279 522 2
a 280 589 2
a 280 607 2
a 281 453 5
a 281 466 7
a 281 761 1
a 282 740 4
a 283 353 4
a 283 575 2
a 284 975 8
a 285 5 10
a 285 19 7
a 285 966 8
a 286 775 1
a 286 995 3
a 287 269 4
a 287 672 6
a 287 873 9
a 288 5 3
a 289 14 1
a 290 42 2
a 290 617 1
a 291 476 2
a 292 41 6
a 293 627 3
a 293 951 10
a 294 85 6
a 295 113 8
a 295 621 2
a 296 771 10
a 297 30 10
a 297 890 1
a 298 515 6
a 298 899 1
a 299 632 2
a 300 82 4
a 300 915 10
a 301 320 9
a 301 395 6
a 301 590 4
a 302 234 2
a 302 459 5
a 303 596 6
a 304 88 6
a 304 565 5
a 305 777 5
a 306 749 5
a 307 319 7
a 307 508 6
a 307 525 8
a 308 150 7
a 308 630 4
a 309 395 3
a 309 487 9
a 309 972 3
a 310 22 8
a 310 366 7
a 311 49 5
a 312 179 9
a 312 594 8
a 313 171 5
a 313 190 1
a 313 529 7
a 313 578 5
a 314 235 10
a 314 606 6
a 315 249 2
a 315 321 7
a 315 501 7
a 315 626 4
a 315 933 10
a 316 335 9
a 316 656 9
a 317 133 10
a 317 174 7
a 317 250 10
a 317 512 10
a 318 680 10
a 319 683 6
a 320 933 4
a 321 371 7
a 322 784 2
a 323 376 4
a 324 414 6
a 324 891 8
a 325 295 6
a 325 708 4
a 326 241 10
a 326 616 5
a 327 200 10
a 327 795 3
a 327 875 9
a 328 162 5
a 328 949 10
a 329 390 6
a 330 269 6
a 331 297 9
a 331 615 5
a 331 843 2
a 332 455 3
a 332 782 8
a 333 109 2
a 333 619 1
a 333 896 3
a 334 510 3
a 334 888 9
a 335 721 7
a 335 764 3
a 336 49 7
a 336 811 3
a 337 271 1
a 337 978 3
a 338 377 7
a 339 609 1
a 339 989 6
a 340 853 7
a 341 470 8
a 341 721 7
a 342 152 4
a 342 347 4
a 342 945 2
a 343 236 1
a 343 478 9
a 344 900 7
a 345 700 6
a 346 105 4
a 347 231 4
a 347 413 1
a 347 458 3
a 347 749 3
a 348 756 2
a 349 4 5
a 349 275 2
a 350 480 1
a 351 526 7
a 351 810 3
a 352 436 8
a 352 574 10
a 353 52 4
a 353 806 2
a 354 818 1
a 355 573 4
a 356 402 1
a 356 839 3
a 357 416 9
a 357 800 9
a 358 346 4
a 358 381 9
a 358 610 10
a 359 135 5
a 359 602 5
a 360 541 9
a 361 189 3
a 361 190 9
a 361 362 3
a 362 63 9
a 362 137 3
a 362 266 8
a 362 956 1
a 363 527 5
a 363 941 3
a 364 440 7
a 364 752 4
a 364 777 7
a 364 868 10
a 365 517 2
a 365 882 7
a 366 357 6
a 366 629 6
a 366 898 5
a 367 27 8
a 368 135 3
a 368 138 1
a 368 563 9
a 369 84 4
a 369 938 4
a 369 987 10
a 370 575 1
a 370 1000 3
a 371 243 9
a 371 407 5
a 371 417 6
a 372 100 4
a 372 226 6
a 372 658 5
a 373 121 1
a 373 605 7
a 373 899 9
a 374 901 6
a 375 107 3
a 375 450 8
a 375 832 8
a 376 60 6
a 377 875 7
a 378 463 8
a 378 716 4
a 378 806 9
a 379 542 4
a 379 841 4
a 380 432 4
a 380 622 6
a 381 275 9
a 381 296 8
a 381 349 4
a 382 487 4
a 383 722 9
a 384 48 7
a 384 323 9
a 385 544 8
a 385 722 6
a 386 443 4
a 386 874 10
a 386 876 8
a 387 174 1
a 387 182 4
a 387 829 5
a 388 596 5
a 389 119 8
a 389 165 6
a 390 82 5
a 390 265 4
a 390 729 3
a 391 383 5
a 391 595 4
a 392 472 8
a 393 70 10
a 393 121 7
a 393 127 1
a 393 745 1
a 394 611 2
a 394 633 6
a 394 701 4
a 395 62 9
a 396 502 8
a 397 958 3
a 398 821 4
a 399 412 8
a 400 300 5
a 400 631 3
a 400 848 7
a 401 467 1
a 401 985 3
a 402 832 9
a 402 860 3
a 403 6 10
a 403 608 5
a 403 878 4
a 403 923 4
a 404 772 5
a 405 49 3
a 405 355 7
a 406 192 8
a 407 294 10
a 408 716 10
a 408 847 1
a 409 341 7
a 409 427 8
a 409 741 4
a 410 263 7
a 411 128 7
a 411 486 4
a 412 530 5
a 412 580 9
a 412 982 1
a 413 67 2
a 413 577 5
a 413 666 4
a 413 862 2
a 414 787 6
a 415 382 7
a 415 628 3
a 416 55 5
a 417 157 8
a 417 696 7
a 418 512 4
a 419 483 6
a 419 985 8
a 420 797 9
a 421 259 3
a 422 338 9
a 422 630 7
a 422 958 2
a 423 40 9
a 423 96 2
a 423 313 5
a 423 587 9
a 423 638 8
a 424 417 1
a 424 507 9
a 425 550 9
a 426 580 9
a 426 652 5
a 426 919 7
a 426 939 10
a 427 44 7
a 427 168 1
a 427 450 10
a 427 895 2
a 428 167 4
a 428 755 5
a 428 869 8
a 429 682 10
a 430 817 8
a 431 529 3
a 431 556 1
a 432 802 8
a 433 199 8
a 433 644 4
a 433 744 7
a 434 148 6
a 434 601 6
a 434 893 10
a 435 426 4
a 435 427 10
a 436 479 9
a 437 418 6
a 437 574 2
a 437 957 1
a 437 973 5
a 438 435 9
a 439 328 8
a 440 257 4
a 441 680 3
a 441 750 8
a 442 17 8
a 442 34 9
a 443 24 10
a 443 202 8
a 443 334 5
a 443 471 3
a 443 870 6
a 444 149 4
a 444 306 6
a 444 958 3
a 445 623 2
a 445 854 10
a 446 653 6
a 447 591 7
a 447 668 2
a 447 773 1
a 447 833 7
a 448 181 10
a 448 285 1
a 448 907 10
a 449 472 6
a 450 25 5
a 450 363 2
a 450 613 9
a 450 681 3
a 450 778 6
a 450 815 3
a 451 147 10
a 451 310 2
a 451 909 6
a 452 426 9
a 452 598 2
a 453 102 9
a 453 383 1
a 454 662 9
a 454 671 10
a 455 301 5
a 455 504 4
a 455 762 5
a 455 887 10
a 456 994 10
a 457 684 5
a 457 932 6
a 458 9 8
a 459 192 1
a 459 599 4
a 459 894 10
a 459 928 5
a 460 464 8
a 460 809 6
a 461 521 7
a 461 827 4
a 462 131 9
a 462 667 4
a 462 884 3
a 463 422 3
a 463 730 10
a 464 66 10
a 465 169 4
a 465 441 10
a 466 384 8
a 466 404 1
a 467 159 5
a 467 765 10
a 468 176 9
a 469 169 9
a 470 386 3
a 471 92 2
a 471 555 8
a 471 741 10
a 472 471 7
a 472 716 4
a 473 198 8
a 473 411 6
a 474 862 3
a 475 32 6
a 475 77 9
a 475 413 1
a 476 678 4
a 476 862 5
a 477 78 9
a 477 83 9
a 478 28 8
a 478 153 10
a 478 191 5
a 479 28 4
a 479 429 4
a 480 439 5
a 481 17 8
a 482 195 5
a 482 832 2
a 483 929 3
a 484 754 3
a 484 868 9
a 485 323 2
a 486 468 8
a 486 597 4
a 487 368 7
a 487 650 3
a 488 47 9
a 489 668 6
a 490 40 10
a 491 74 8
a 492 903 7
a 493 523 10
a 494 711 4
a 494 922 2
a 495 377 5
a 496 398 2
a 496 812 9
a 497 17 5
a 497 336 6
a 497 413 10
a 497 571 5
a 498 237 1
a 499 130 6
a 500 384 10
a 501 503 3
a 501 559 3
a 501 988 6
a 502 905 3
a 502 954 9
a 503 924 6
a 504 450 4
a 504 789 9
a 505 592 10
a 505 597 10
a 505 780 2
a 506 98 5
a 506 229 4
a 507 325 5
a 508 376 3
a 508 888 2
a 509 516 2
a 509 835 2
a 510 600 10
a 510 976 7
a 511 498 5
a 512 906 10
a 513 359 8
a 514 632 10
a 514 699 10
a 514 931 8
a 515 975 1
a 516 739 1
a 517 192 1
a 517 347 8
a 518 3 5
a 518 380 2
a 519 836 1
a 520 464 9
a 520 724 1
a 521 159 9
a 521 337 7
a 522 130 2
a 522 554 3
a 522 767 6
a 523 315 4
a 524 482 10
a 525 562 1
a 526 170 10
a 526 818 10
a 526 872 8
a 526 942 1
a 527 244 7
a 527 996 5
a 528 493 6
a 529 225 3
a 529 676 1
a 530 505 2
a 531 476 6
a 531 591 1
a 532 562 1
a 532 891 8
a 533 75 9
a 533 422 1
a 533 743 10
a 534 264 3
a 534 915 1
a 535 448 9
a 535 500 3
a 536 392 8
a 537 461 6
a 538 104 4
a 538 825 7
a 539 868 7
a 540 598 10
a 540 757 1
a 541 311 10
a 542 154 10
a 543 179 10
a 543 294 10
a 543 425 2
a 543 875 8
a 544 79 8
a 545 125 4
a 545 558 5
a 546 164 9
a 546 314 10
a 546 473 5
a 546 818 8
a 547 538 6
a 548 196 3
a 548 256 1
a 548 414 1
a 548 625 4
a 548 735 7
a 549 247 4
a 549 954 9
a 549 960 4
a 550 795 3
a 551 96 3
a 551 964 2
a 552 517 7
a 553 619 4
a 553 670 1
a 554 486 4
a 555 577 9
a 556 699 10
a 557 447 6
a 558 207 9
a 558 248 5
a 558 312 10
a 558 824 7
a 559 923 10
a 560 863 7
a 561 48 3
a 561 947 5
a 562 718 1
a 562 993 7
a 563 67 6
a 564 213 4
a 564 258 9
a 565 186 8
a 565 498 4
a 565 676 5
a 566 648 5
a 566 701 1
a 567 352 10
a 567 896 4
a 568 62 8
a 568 905 2
a 569 233 7
a 569 442 2
a 569 452 5
a 570 348 5
a 570 399 6
a 570 511 10
a 571 43 7
a 571 78 9
a 571 310 7
a 571 502 1
a 572 215 8
a 572 253 1
a 573 123 9
a 573 146 1
a 573 206 3
a 573 526 1
a 573 738 9
a 574 349 1
a 575 105 1
a 575 767 8
a 576 162 1
a 577 518 5
a 577 707 2
a 577 754 7
a 577 954 2
a 578 344 7
a 578 460 4
a 579 490 6
a 580 614 1
a 581 120 7
a 581 438 5
a 582 215 9
a 582 645 2
a 582 968 7
a 583 140 7
a 584 92 2
a 584 298 1
a 585 401 7
a 585 601 8
a 585 677 6
a 585 804 9
a 586 173 5
a 586 514 1
a 586 600 1
a 586 912 9
a 587 73 7
a 587 580 4
a 588 319 3
a 589 260 10
a 590 276 3
a 591 252 3
a 591 340 7
a 591 934 2
a 592 105 4
a 592 360 1
a 593 581 7
a 594 99 8
a 595 766 7
a 595 964 3
a 596 614 10
a 597 424 2
a 597 862 4
a 598 127 2
a 598 382 7
a 599 393 2
a 599 466 4
a 600 365 8
a 600 581 1
a 600 769 9
a 601 283 8
a 601 742 3
a 602 145 10
a 602 434 1
a 602 485 7
a 602 698 4
a 602 737 2
a 603 218 3
a 603 620 8
a 603 683 10
a 603 732 1
a 603 988 1
a 604 450 6
a 605 61 9
a 605 664 10
a 605 849 1
a 606 365 5
a 607 231 4
a 608 771 9
a 609 35 2
a 609 354 1
a 609 513 9
a 610 256 5
a 611 513 2
a 611 551 4
a 612 177 4
a 613 109 3
a 613 740 3
a 614 270 7
a 614 588 3
a 615 984 7
a 616 803 9
a 617 419 2
a 617 671 6
a 617 718 7
a 618 494 1
a 619 792 1
a 620 210 9
a 620 776 9
a 621 184 2
a 621 224 6
a 622 881 9
a 623 531 3
a 623 705 9
a 623 919 2
a 624 474 2
a 624 717 5
a 625 242 2
a 625 557 5
a 626 93 10
a 626 143 1
a 626 184 7
a 626 927 10
a 627 15 6
a 627 125 2
a 628 540 4
a 628 811 3
a 629 35 2
a 630 251 2
a 630 387 8
a 630 939 4
a 631 127 2
a 631 185 2
a 632 608 3
a 633 274 5
a 633 865 4
a 634 75 1
a 634 617 3
a 635 886 8
a 636 104 5
a 637 46 4
a 637 375 10
a 637 813 1
a 638 244 1
a 639 243 3
a 639 482 3
a 640 157 1
a 640 400 10
a 641 509 2
a 642 697 5
a 643 442 2
a 643 951 8
a 644 47 8
a 644 552 8
a 644 758 4
a 645 122 7
a 645 647 2
a 646 10 7
a 646 327 3
a 646 856 9
a 647 121 4
a 648 100 8
a 648 743 1
a 648 963 9
a 649 901 7
a 650 616 5
a 650 747 3
a 650 759 5
a 650 788 2
a 651 50 7
a 651 160 3
a 652 506 2
a 652 598 9
a 653 385 8
a 654 370 9
a 654 602 8
a 655 465 3
a 655 872 5
a 656 647 3
a 656 899 8
a 657 180 7
a 657 575 10
a 657 718 10
a 658 163 9
a 658 701 3
a 658 887 1
a 659 475 10
a 659 501 2
a 660 379 2
a 660 784 2
a 660 994 6
a 661 727 8
a 662 72 2
a 662 400 8
a 662 628 1
a 663 720 5
a 664 336 7
a 665 646 3
a 665 756 6
a 666 145 9
a 666 252 3
a 666 758 5
a 667 673 10
a 668 937 9
a 669 214 5
a 669 508 9
a 670 113 8
a 671 421 10
a 671 557 1
a 672 66 5
a 672 126 7
a 672 433 2
a 672 817 10
a 673 216 3
a 673 824 7
a 674 960 2
a 675 495 8
a 676 95 4
a 676 528 8
a 677 495 7
a 677 873 5
a 678 710 3
a 679 274 9
a 680 51 7
a 680 110 10
a 681 395 10
a 682 92 7
a 683 353 1
a 684 75 8
a 684 186 9
a 684 397 6
a 685 18 1
a 685 161 2
a 685 373 5
a 686 479 6
a 686 515 7
a 686 685 3
a 686 903 10
a 687 159 5
a 687 999 1
a 688 561 8
a 689 339 3
a 690 558 5
a 691 430 9
a 691 468 2
a 692 170 10
a 692 307 5
a 692 679 6
a 693 690 4
a 693 864 2
a 694 64 1
a 694 334 3
a 694 952 2
a 695 256 7
a 696 565 7
a 697 762 2
a 697 776 8
a 698 319 7
a 698 494 3
a 699 212 2
a 699 835 1
a 699 930 8
a 700 272 1
a 700 799 2
a 701 191 3
a 702 152 5
a 703 209 9
a 704 728 6
a 704 792 9
a 705 859 9
a 705 940 1
a 706 333 8
a 706 557 7
a 706 941 1
a 707 270 7
a 708 493 3
a 709 528 4
a 709 769 2
a 710 966 10
a 711 124 10
a 711 291 3
a 712 37 7
a 712 500 4
a 712 773 4
a 713 487 9
a 713 904 9
a 714 870 9
a 715 753 10
a 715 974 9
a 716 777 6
a 717 177 1
a 717 183 2
a 717 451 5
a 718 110 6
a 718 268 3
a 718 315 1
a 719 19 8
a 720 716 8
a 720 961 2
a 721 563 2
a 722 235 3
a 723 246 1
a 723 542 6
a 723 718 6
a 724 414 2
a 724 996 10
a 725 663 1
a 726 527 3
a 726 851 8
a 727 480 1
a 727 583 8
a 727 812 8
a 728 20 3
a 729 33 1
a 729 579 6
a 729 708 8
a 730 751 7
a 730 958 4
a 731 28 10
a 732 32 8
a 732 51 10
a 732 101 3
a 732 193 9
a 733 228 4
a 733 409 8
a 733 493 8
a 733 720 10
a 734 116 9
a 734 553 10
a 734 575 9
a 735 3 9
a 735 386 3
a 735 433 9
a 735 576 7
a 736 106 6
a 736 211 1
a 736 497 3
a 736 844 6
a 737 453 2
a 738 438 10
a 739 667 3
a 740 642 10
a 741 224 4
a 741 420 8
a 742 172 1
a 742 183 7
a 742 845 6
a 743 53 7
a 743 93 1
a 743 289 3
a 744 694 9
a 744 721 10
a 744 750 7
a 745 377 9
a 745 399 10
a 746 555 3
a 747 36 4
a 747 768 4
a 747 871 8
a 747 877 1
a 748 69 10
a 748 768 7
a 749 102 3
a 750 26 4
a 751 585 3
a 751 790 8
a 751 966 6
a 752 725 5
a 753 434 9
a 753 883 9
a 754 311 7
a 754 428 1
a 755 363 1
a 755 390 1
a 756 624 5
a 756 896 7
a 757 152 1
a 757 639 6
a 758 957 3
a 759 766 4
a 760 532 8
a 760 907 3
a 761 631 10
a 761 897 2
a 762 456 5
a 763 573 1
a 763 678 10
a 764 278 2
a 764 916 3
a 765 46 9
a 765 154 8
a 765 406 9
a 765 432 10
a 766 872 5
a 767 224 4
a 767 998 1
a 768 982 9
a 769 38 8
a 769 227 5
a 770 780 3
a 771 704 2
a 771 858 6
a 772 289 4
a 773 355 1
a 773 1000 4
a 774 75 8
a 774 261 5
a 774 445 5
a 774 730 5
a 775 385 6
a 775 453 7
a 776 325 8
a 776 519 3
a 776 850 8
a 776 971 7
a 777 316 7
a 777 331 9
a 777 551 3
a 778 708 1
a 779 107 4
a 780 755 9
a 781 21 1
a 781 228 7
a 781 530 2
a 782 236 6
a 782 733 9
a 783 177 2
a 784 237 9
a 784 931 4
a 785 31 1
a 785 287 4
a 785 459 7
a 785 937 7
a 786 99 4
a 786 119 7
a 786 230 1
a 786 962 9
a 787 610 7
a 788 331 2
a 788 378 1
a 788 511 6
a 788 929 1
a 788 959 5
a 789 637 2
a 790 31 6
a 790 55 6
a 791 911 6
a 792 728 10
a 792 918 10
a 793 974 2
a 794 102 5
a 794 768 10
a 795 117 5
a 795 134 10
a 795 597 10
a 795 771 2
a 796 753 8
a 797 361 1
a 797 598 7
a 797 996 9
a 798 757 6
a 799 876 8
a 800 177 2
a 800 236 6
a 800 405 10
a 800 973 8
a 801 124 8
a 801 538 10
a 801 564 2
a 801 859 3
a 802 285 9
a 802 547 9
a 802 570 10
a 802 728 3
a 803 274 9
a 804 105 8
a 805 302 2
a 806 406 1
a 807 263 2
a 808 54 4
a 808 987 1
a 809 71 1
a 809 472 4
a 810 12 7
a 810 567 1
a 811 93 9
a 812 252 1
a 812 884 1
a 813 346 6
a 813 469 5
a 813 786 9
a 814 21 8
a 814 238 7
a 815 560 6
a 815 866 1
a 816 645 9
a 817 509 3
a 817 929 9
a 817 981 8
a 818 725 7
a 818 917 9
a 819 420 4
a 819 794 5
a 820 631 2
a 821 56 4
a 821 727 4
a 822 113 5
a 823 536 8
a 824 460 9
a 825 895 8
a 826 35 6
a 826 940 3
a 826 965 1
a 827 184 2
a 828 71 1
a 829 593 4
a 829 977 7
a 830 942 8
a 831 816 4
a 832 845 3
a 833 215 6
a 833 544 6
a 833 892 9
a 834 75 4
a 835 449 4
a 835 702 7
a 836 217 1
a 836 279 6
a 836 946 2
a 837 703 5
a 838 659 8
a 838 963 7
a 839 713 9
a 840 166 8
a 840 338 7
a 840 554 6
a 840 954 3
a 841 50 2
a 841 651 2
a 842 128 10
a 842 834 2
a 842 857 5
a 843 384 4
a 843 972 2
a 843 983 6
a 844 660 6
a 844 665 8
a 844 706 8
a 845 713 6
a 845 797 2
a 845 823 7
a 846 203 1
a 846 673 7
a 846 708 2
a 847 389 6
a 847 501 9
a 848 325 7
a 849 549 9
a 850 866 1
a 851 677 1
a 852 377 6
a 853 305 5
a 853 533 1
a 854 842 8
a 855 197 4
a 856 323 2
a 856 326 2
a 856 900 5
a 857 86 4
a 858 717 7
a 859 543 8
a 859 739 9
a 860 325 5
a 861 813 4
a 861 842 5
a 862 549 8
a 863 235 10
a 863 597 1
a 863 948 3
a 864 531 9
a 865 104 3
a 865 176 1
a 865 254 5
a 866 153 9
a 866 232 6
a 867 978 6
a 868 175 6
a 868 919 10
a 869 820 3
a 870 587 10
a 871 261 10
a 871 317 5
a 872 204 7
a 872 575 5
a 872 760 5
a 872 919 5
a 873 369 6
a 874 71 2
a 874 861 7
a 874 980 1
a 875 149 8
a 875 403 3
a 875 634 1
a 876 138 9
a 877 290 6
a 877 494 5
a 878 206 4
a 878 549 3
a 878 873 1
a 879 542 7
a 880 38 1
a 880 995 5
a 881 474 1
a 881 620 7
a 881 734 5
a 881 992 2
a 882 350 6
a 882 653 10
a 882 675 2
a 882 883 5
a 883 156 8
a 883 220 5
a 883 822 8
a 884 158 6
a 884 444 5
a 884 989 6
a 885 430 8
a 885 524 10
a 885 712 6
a 886 456 6
a 886 801 3
a 887 141 4
a 888 184 9
a 888 823 2
a 889 584 3
a 889 731 1
a 890 391 1
a 890 695 2
a 891 136 7
a 891 137 9
a 891 944 4
a 891 991 4
a 892 690 4
a 892 947 7
a 893 148 4
a 894 405 6
a 895 332 6
a 895 816 8
a 896 419 3
a 896 738 3
a 897 249 2
a 897 329 10
a 897 586 6
a 898 496 3
a 898 846 3
a 899 662 3
a 899 923 4
a 900 222 8
a 900 488 8
a 900 691 1
a 900 942 5
a 901 437 8
a 901 522 8
a 901 548 3
a 901 950 8
a 902 267 3
a 902 392 10
a 902 742 10
a 903 237 10
a 903 839 7
a 904 138 3
a 905 343 7
a 905 902 5
a 906 446 3
a 907 972 5
a 908 97 4
a 908 111 8
a 908 565 6
a 908 779 9
a 909 255 8
a 910 890 1
a 911 603 3
a 912 884 4
a 913 600 1
a 914 26 9
a 915 81 9
a 915 927 6
a 916 71 9
a 917 257 9
a 917 449 7
a 918 471 7
a 918 831 6
a 919 223 3
a 919 300 5
a 919 852 2
a 920 310 7
a 921 268 4
a 921 477 2
a 922 642 8
a 922 989 10
a 923 973 10
a 924 74 5
a 924 278 7
a 924 717 1
a 925 188 3
a 925 401 10
a 926 45 9
a 926 540 8
a 926 979 2
a 927 345 10
a 928 94 3
a 928 815 4
a 929 260 4
a 929 826 8
a 929 842 1
a 930 91 3
a 930 103 8
a 930 118 8
a 930 302 6
a 930 306 8
a 931 658 3
a 932 314 8
a 933 573 6
a 934 782 4
a 935 12 5
a 936 17 8
a 936 543 6
a 937 458 3
a 937 772 5
a 938 757 3
a 938 836 2
a 939 232 10
a 940 368 7
a 941 20 4
a 941 86 3
a 941 568 10
a 941 775 4
a 942 463 10
a 942 688 7
a 943 523 2
a 944 27 9
a 944 521 6
a 945 793 2
a 946 26 6
a 946 792 5
a 946 802 6
a 946 814 3
a 947 192 6
a 948 221 4
a 948 454 7
a 948 990 10
a 949 3 3
a 950 192 9
a 950 333 4
a 950 830 2
a 950 876 2
a 951 155 6
a 951 192 10
a 951 748 5
a 952 299 1
a 952 539 3
a 952 625 10
a 952 943 7
a 953 927 3
a 954 10 7
a 954 439 2
a 955 165 6
a 956 72 9
a 957 217 5
a 957 686 7
a 958 14 3
a 958 108 7
a 958 239 3
a 959 815 4
a 960 80 9
a 960 256 4
a 960 782 6
a 961 64 3
a 962 141 6
a 962 573 9
a 963 245 8
a 963 629 8
a 963 663 10
a 963 700 10
a 964 569 10
a 965 254 8
a 965 635 2
a 966 255 10
a 966 286 1
a 967 84 8
a 967 648 10
a 967 814 1
a 968 57 2
a 968 438 9
a 968 703 3
a 969 303 4
a 969 767 6
a 970 60 3
a 970 264 6
a 970 723 7
a 971 736 5
a 972 366 3
a 972 402 2
a 972 508 9
a 972 851 6
a 973 99 10
a 974 564 6
a 975 408 4
a 975 510 8
a 976 178 10
a 976 179 7
a 977 55 2
a 977 957 10
a 978 330 10
a 978 522 1
a 978 953 4
a 979 341 8
a 979 483 3
a 980 331 2
a 980 880 4
a 980 911 9
a 981 718 6
a 982 850 4
a 983 244 1
a 983 812 10
a 984 217 8
a 985 241 2
a 985 374 1
a 985 394 3
a 986 503 4
a 987 271 1
a 988 482 1
a 988 664 7
a 989 13 6
a 989 889 4
a 990 364 8
a 990 746 7
a 991 50 2
a 991 206 1
a 992 428 6
a 992 780 1
a 993 589 7
a 994 64 8
a 994 805 4
a 994 978 5
a 995 209 6
a 995 396 10
a 995 647 5
a 996 524 10
a 997 175 9
a 997 933 7
a 997 984 4
a 998 521 3
a 998 640 3
a 999 570 10
a 999 731 4
a 999 908 4
