p max 100 200
n 1 s
n 100 t
a 1 45 3
a 1 63 6
a 2 12 9
a 2 26 8
a 2 58 2
a 3 18 3
a 3 49 5
a 4 38 3
a 4 100 5
a 5 30 9
a 6 22 1
a 7 45 4
a 7 81 1
a 8 13 10
a 8 32 9
a 9 89 9
a 9 100 9
a 10 19 3
a 10 46 6
a 10 87 5
a 10 95 10
a 11 84 9
a 12 28 8
a 12 93 4
a 12 94 5
a 13 21 2
a 13 36 5
a 14 29 8
a 14 53 2
a 14 61 4
a 14 69 10
a 15 40 3
a 15 98 8
a 16 5 5
a 16 67 5
a 16 92 2
a 17 34 2
a 18 34 9
a 18 74 7
a 19 35 6
a 19 39 6
a 20 97 1
a 21 45 6
a 22 11 10
a 22 82 7
a 23 43 3
a 23 56 6
a 24 6 3
a 24 15 9
a 24 37 7
a 25 21 7
a 25 66 10
a 26 22 5
a 26 23 1
a 27 50 7
a 28 7 9
a 28 15 6
a 28 42 10
a 28 86 7
a 29 24 3
a 29 32 8
a 30 17 10
a 30 53 4
a 30 85 1
a 30 94 9
a 31 82 1
a 32 48 6
a 32 70 7
a 33 8 5
a 33 30 7
a 33 86 8
a 34 76 3
a 35 99 3
a 36 55 2
a 36 65 4
a 37 19 2
a 37 90 2
a 38 78 4
a 39 76 10
a 40 94 7
a 41 8 5
a 41 16 2
a 41 62 6
a 42 35 1
a 43 52 1
a 44 97 7
a 45 4 8
a 45 52 7
a 46 31 10
a 46 55 6
a 47 2 7
a 48 25 5
a 49 6 6
a 50 14 9
a 51 80 9
a 51 83 8
a 52 25 4
a 52 56 6
a 53 31 9
a 53 97 5
a 54 15 4
a 55 92 9
a 56 85 4
a 57 27 9
a 57 49 4
a 57 84 10
a 58 14 1
a 58 30 4
a 58 78 10
a 59 67 5
a 60 6 9
a 60 9 2
a 60 75 5
a 61 44 5
a 61 79 2
a 61 88 5
a 62 26 3
a 62 98 7
a 62 100 5
a 63 73 1
a 63 90 10
a 64 36 3
a 65 26 2
a 65 57 1
a 65 79 6
a 65 84 4
a 65 91 4
a 66 3 1
a 66 29 3
a 66 33 8
a 66 60 5
a 67 2 3
a 67 64 1
a 67 84 2
a 68 41 4
a 68 59 2
a 68 80 3
a 69 24 10
a 69 71 10
a 70 75 7
a 70 76 5
a 70 89 6
a 71 87 7
a 72 74 3
a 73 23 7
a 73 89 2
a 74 75 2
a 75 25 3
a 75 33 9
a 76 5 1
a 76 79 7
a 77 34 3
a 77 50 3
a 78 3 8
a 78 55 9
a 78 99 2
a 79 54 10
a 80 47 2
a 80 48 3
a 80 67 3
a 80 72 6
a 81 54 9
a 82 35 1
a 82 47 6
a 82 50 10
a 82 66 8
a 83 55 7
a 83 69 1
a 84 54 7
a 85 12 10
a 85 65 8
a 85 68 7
a 85 77 6
a 86 14 8
a 86 51 10
a 87 45 4
a 87 69 5
a 87 91 2
a 88 20 3
a 88 83 5
a 88 100 2
a 89 11 5
a 89 39 1
a 90 39 6
a 91 13 10
a 91 33 3
a 92 10 3
a 92 54 10
a 92 73 8
a 92 97 1
a 93 6 1
a 93 57 7
a 94 73 6
a 95 13 1
a 96 77 3
a 97 30 6
a 97 96 3
a 98 13 1
a 99 4 4
a 99 16 2
