p max 1000 2000
n 1 s
n 1000 t
a 1 430 4
a 2 136 5
a 2 493 1
a 3 664 4
a 4 599 1
a 5 87 9
a 5 421 2
a 6 238 10
a 6 737 4
a 6 755 2
a 6 876 4
a 6 949 6
a 7 327 10
a 7 819 1
a 7 836 4
a 8 589 6
a 8 920 7
a 9 393 2
a 10 520 1
a 10 841 9
a 11 267 10
a 11 385 9
a 11 440 9
a 11 747 9
a 12 963 1
a 13 557 10
a 13 822 9
a 14 916 8
a 15 28 6
a 15 917 4
a 16 934 1
a 17 40 5
a 18 513 7
a 18 656 8
a 19 65 2
a 19 158 7
a 19 483 7
a 19 624 10
a 20 684 6
a 20 964 3
a 21 258 5
a 21 293 3
a 21 302 2
a 21 826 6
a 21 934 9
a 22 42 8
a 22 126 3
a 22 674 8
a 23 804 7
a 24 31 6
a 24 143 9
a 24 889 4
a 25 538 6
a 25 968 10
a 26 875 2
a 26 958 9
a 27 53 2
a 27 494 6
a 28 970 5
a 29 106 9
a 29 400 5
a 30 270 9
a 30 683 3
a 31 430 9
a 32 24 6
a 33 673 10
a 33 920 2
a 34 864 2
a 34 884 10
a 35 284 9
a 36 64 8
a 37 476 3
a 37 493 1
a 37 904 4
a 38 742 4
a 38 891 4
a 39 141 6
a 39 283 3
a 39 480 5
a 40 210 2
a 40 365 8
a 41 923 7
a 42 230 6
a 42 305 7
a 42 649 1
a 43 184 1
a 43 559 1
a 44 774 1
a 44 991 9
a 45 233 3
a 45 455 2
a 46 210 4
a 46 377 1
a 46 415 4
a 47 230 10
a 47 355 9
a 47 514 4
a 47 962 3
a 48 171 2
a 49 877 2
a 50 819 7
a 51 153 6
a 51 760 10
a 52 19 8
a 53 440 2
a 54 425 9
a 55 276 7
a 56 194 2
a 56 452 5
a 56 730 9
a 56 812 8
a 57 273 1
a 58 930 9
a 59 61 3
a 59 605 5
a 60 14 9
a 61 206 1
a 61 247 7
a 62 450 2
a 63 439 1
a 63 581 8
a 63 776 6
a 64 416 7
a 64 835 5
a 64 954 4
a 65 74 8
a 65 901 5
a 66 492 2
a 67 407 7
a 68 419 10
a 69 598 6
a 70 88 4
a 70 913 2
a 71 613 2
a 71 827 3
a 72 599 9
a 73 11 6
a 73 29 10
a 73 585 9
a 73 614 10
a 73 639 9
a 73 990 3
a 74 193 5
a 74 731 3
a 75 176 10
a 75 902 4
a 76 268 6
a 76 497 4
a 76 937 1
a 77 93 10
a 77 213 6
a 78 404 8
a 79 537 10
a 80 288 4
a 80 477 1
a 81 775 8
a 82 738 5
a 83 113 1
a 83 564 2
a 83 680 2
a 84 174 6
a 84 770 7
a 85 325 2
a 85 373 7
a 85 674 10
a 86 217 2
a 87 294 3
a 87 411 7
a 87 909 1
a 88 255 3
a 88 274 1
a 89 413 6
a 89 992 7
a 90 114 3
a 91 332 2
a 92 10 4
a 92 503 10
a 92 743 8
a 92 960 4
a 93 295 2
a 93 978 4
a 94 88 5
a 94 362 3
a 95 122 4
a 95 199 7
a 96 5 10
a 96 116 10
a 96 360 6
a 96 402 7
a 97 130 9
a 97 219 8
a 97 632 1
a 98 595 9
a 98 713 5
a 98 822 4
a 99 419 6
a 99 445 2
a 99 985 6
a 100 375 3
a 100 521 1
a 100 651 4
a 100 741 10
a 100 892 4
a 101 433 1
a 101 626 2
a 102 465 10
a 102 591 10
a 103 142 4
a 104 970 5
a 105 662 4
a 106 177 5
a 106 339 10
a 106 877 10
a 106 973 4
a 107 616 9
a 107 771 2
a 107 804 1
a 107 952 7
a 108 49 7
a 109 39 1
a 110 192 10
a 110 404 10
a 111 105 7
a 111 128 7
a 111 759 7
a 111 928 3
a 112 137 10
a 112 475 1
a 112 577 3
a 112 800 2
a 113 201 1
a 113 387 3
a 113 583 4
a 113 592 6
a 114 394 1
a 114 671 4
a 114 883 8
a 115 50 5
a 115 534 10
a 116 580 3
a 117 857 2
a 117 858 4
a 118 806 3
a 119 548 6
a 119 562 9
a 120 577 9
a 121 144 7
a 122 812 9
a 123 332 5
a 123 676 9
a 124 878 2
a 125 661 10
a 125 717 9
a 126 390 7
a 126 796 5
a 127 300 8
a 127 553 2
a 127 923 8
a 128 49 2
a 128 444 4
a 129 434 4
a 129 586 6
a 129 834 8
a 130 320 7
a 131 514 3
a 132 401 3
a 133 801 1
a 134 84 7
a 135 246 8
a 136 63 3
a 137 445 3
a 137 689 1
a 138 265 9
a 138 858 3
a 139 487 7
a 140 674 2
a 141 657 8
a 142 35 10
a 142 43 1
a 143 646 2
a 144 377 2
a 144 622 5
a 145 91 7
a 145 491 2
a 145 601 2
a 146 688 10
a 147 516 10
a 147 756 2
a 148 386 9
a 148 615 4
a 149 53 2
a 149 79 8
a 149 240 6
a 150 20 3
a 151 380 3
a 152 924 9
a 153 85 1
a 153 274 1
a 153 911 6
a 154 980 7
a 155 400 3
a 155 883 8
a 156 650 10
a 157 762 5
a 157 913 2
a 158 950 8
a 159 178 3
a 159 227 4
a 160 577 7
a 161 664 10
a 162 577 6
a 163 90 1
a 163 374 8
a 163 445 10
a 164 83 6
a 164 690 5
a 165 880 5
a 165 908 10
a 166 7 8
a 166 51 9
a 167 619 3
a 167 638 4
a 168 750 5
a 169 484 7
a 169 790 2
a 170 168 1
a 171 177 8
a 172 235 4
a 173 22 8
a 173 496 3
a 174 65 4
a 174 234 4
a 174 396 6
a 174 907 5
a 175 22 6
a 175 101 10
a 176 650 10
a 177 16 4
a 177 225 2
a 177 990 10
a 178 630 5
a 179 277 3
a 179 532 6
a 179 636 4
a 180 797 9
a 181 337 9
a 181 889 3
a 181 902 6
a 182 724 9
a 182 868 5
a 183 710 8
a 183 951 7
a 184 44 6
a 184 293 6
a 184 429 6
a 185 441 6
a 185 621 2
a 186 12 1
a 186 677 8
a 187 158 6
a 187 180 10
a 188 25 1
a 188 470 10
a 189 734 3
a 190 56 7
a 190 144 1
a 190 556 4
a 191 23 4
a 192 455 4
a 193 335 2
a 194 882 3
a 195 752 4
a 196 810 5
a 197 135 9
a 197 237 10
a 197 362 4
a 197 936 4
a 198 155 7
a 198 878 9
a 199 24 4
a 199 490 6
a 199 667 6
a 200 226 2
a 200 278 8
a 200 489 1
a 200 622 3
a 200 701 8
a 200 740 1
a 200 975 10
a 201 467 6
a 202 886 6
a 203 576 6
a 204 297 1
a 204 761 5
a 205 905 8
a 206 350 3
a 206 681 4
a 207 795 5
a 208 804 6
a 209 53 5
a 210 132 1
a 210 138 9
a 210 353 9
a 210 567 6
a 211 120 4
a 211 873 1
a 212 781 2
a 213 19 1
a 213 696 6
a 214 121 10
a 214 708 9
a 215 369 8
a 216 462 5
a 216 895 4
a 217 152 8
a 217 626 3
a 217 643 10
a 218 865 5
a 219 480 10
a 219 692 1
a 220 747 8
a 221 374 4
a 221 528 1
a 222 360 1
a 223 113 4
a 223 657 5
a 223 899 2
a 224 505 4
a 224 647 9
a 224 783 6
a 225 90 5
a 225 539 7
a 225 570 8
a 226 620 7
a 227 424 5
a 227 768 1
a 227 900 4
a 228 395 5
a 228 792 9
a 229 753 8
a 230 16 6
a 230 822 1
a 231 874 10
a 232 127 2
a 232 192 1
a 232 687 6
a 233 818 3
a 234 60 9
a 234 765 6
a 235 349 5
a 235 602 4
a 236 60 2
a 237 288 6
a 237 656 9
a 238 205 5
a 239 670 8
a 240 448 3
a 240 974 3
a 241 923 9
a 242 279 8
a 243 181 3
a 244 9 7
a 244 633 6
a 245 749 2
a 245 895 5
a 246 738 7
a 247 118 8
a 247 807 4
a 247 902 5
a 248 273 9
a 248 334 6
a 248 669 9
a 248 880 5
a 248 931 2
a 249 264 3
a 249 310 3
a 250 223 4
a 250 545 8
a 251 656 2
a 252 296 3
a 253 559 6
a 253 838 5
a 254 244 10
a 254 322 10
a 254 420 5
a 254 967 10
a 255 145 7
a 255 841 10
a 256 770 1
a 256 926 2
a 257 337 6
a 257 539 4
a 258 85 1
a 258 103 5
a 259 231 5
a 259 668 4
a 260 405 3
a 260 874 2
a 260 927 6
a 261 118 9
a 261 498 2
a 261 650 2
a 261 853 7
a 262 473 9
a 262 613 2
a 263 578 4
a 263 656 10
a 264 76 9
a 264 140 3
a 264 998 10
a 265 935 8
a 266 222 5
a 266 972 8
a 267 3 6
a 267 72 10
a 267 155 2
a 267 520 1
a 267 843 9
a 268 621 8
a 268 837 1
a 268 888 9
a 269 518 1
a 269 922 6
a 270 195 7
a 270 460 8
a 271 308 7
a 272 51 5
a 272 612 9
a 272 741 10
a 273 659 8
a 274 362 6
a 274 579 9
a 275 658 9
a 276 762 9
a 277 328 7
a 277 332 8
a 278 728 5
a 279 530 2
a 280 648 2
a 280 798 5
a 281 508 1
a 282 20 1
a 282 26 5
a 283 691 4
a 284 206 6
a 284 494 3
a 284 801 6
a 284 831 1
a 285 926 4
a 286 545 7
a 287 2 3
a 287 62 6
a 287 181 3
a 287 449 4
a 288 28 1
a 288 239 10
a 288 729 1
a 289 445 7
a 290 355 5
a 290 516 9
a 291 3 5
a 291 43 8
a 291 399 10
a 291 592 9
a 291 818 4
a 292 258 2
a 293 17 4
a 293 86 9
a 293 198 7
a 293 319 8
a 294 90 9
a 294 324 10
a 294 347 8
a 295 345 2
a 296 255 4
a 296 847 2
a 297 408 10
a 298 57 7
a 298 170 3
a 298 315 3
a 299 508 8
a 299 661 7
a 300 295 4
a 300 422 2
a 301 233 1
a 302 257 1
a 302 593 7
a 302 646 4
a 303 275 2
a 304 156 10
a 304 711 1
a 305 441 8
a 305 963 3
a 306 29 10
a 306 298 10
a 307 607 8
a 308 195 1
a 308 636 2
a 309 523 7
a 309 703 5
a 309 796 10
a 310 50 4
a 310 280 8
a 310 492 2
a 311 266 7
a 311 854 1
a 312 289 9
a 312 921 8
a 313 49 2
a 313 803 8
a 314 92 5
a 314 190 8
a 314 207 2
a 314 356 8
a 315 83 10
a 315 841 10
a 316 264 6
a 316 311 8
a 316 672 10
a 317 249 6
a 317 335 3
a 317 763 9
a 318 78 1
a 318 512 10
a 318 621 10
a 319 407 4
a 319 782 10
a 320 238 2
a 320 721 3
a 320 843 9
a 321 622 1
a 322 402 6
a 322 638 9
a 323 123 4
a 323 344 9
a 323 735 2
a 324 55 8
a 324 791 7
a 324 813 9
a 325 71 4
a 325 805 1
a 326 165 2
a 326 460 8
a 327 495 8
a 327 628 10
a 328 42 6
a 328 613 5
a 329 177 9
a 329 571 5
a 330 310 2
a 331 930 3
a 331 942 6
a 332 995 5
a 333 232 1
a 333 448 3
a 333 606 2
a 334 568 4
a 335 177 3
a 336 299 9
a 336 634 7
a 336 708 7
a 337 62 2
a 337 110 5
a 337 363 1
a 337 589 2
a 338 414 9
a 338 738 3
a 338 772 4
a 339 253 4
a 340 656 7
a 340 825 3
a 341 359 6
a 342 378 10
a 342 536 6
a 343 75 6
a 343 525 6
a 344 141 4
a 344 522 10
a 344 637 3
a 345 171 1
a 346 352 3
a 346 730 10
a 347 410 8
a 347 592 8
a 347 839 7
a 348 926 1
a 349 19 10
a 349 980 7
a 350 142 9
a 351 27 3
a 351 124 5
a 351 413 9
a 351 786 4
a 352 197 6
a 352 437 6
a 352 887 8
a 353 792 6
a 354 698 5
a 355 200 8
a 355 538 5
a 356 328 9
a 357 214 7
a 358 681 9
a 358 769 4
a 359 153 1
a 359 228 7
a 359 377 7
a 360 933 9
a 361 123 2
a 361 392 9
a 362 223 1
a 362 227 2
a 362 435 1
a 362 903 10
a 362 921 5
a 363 561 4
a 363 860 8
a 364 73 10
a 364 305 4
a 365 258 7
a 366 63 8
a 366 87 1
a 366 236 4
a 367 52 3
a 367 193 8
a 368 910 10
a 368 947 8
a 369 160 9
a 369 499 8
a 369 734 7
a 370 203 10
a 370 327 10
a 371 728 9
a 371 856 7
a 372 161 10
a 372 201 4
a 373 714 9
a 374 398 8
a 374 701 10
a 375 620 4
a 375 948 6
a 376 30 4
a 376 328 3
a 376 442 10
a 376 941 1
a 377 12 3
a 378 740 7
a 378 897 5
a 379 170 4
a 380 956 5
a 381 261 4
a 381 966 2
a 382 191 6
a 382 217 2
a 382 594 6
a 383 554 1
a 384 181 8
a 384 652 5
a 385 706 9
a 386 119 10
a 386 189 3
a 386 364 5
a 387 41 1
a 387 361 5
a 387 433 6
a 387 752 3
a 387 801 10
a 387 996 9
a 388 41 5
a 389 970 9
a 390 422 7
a 391 686 4
a 392 399 7
a 392 842 2
a 393 311 2
a 393 704 3
a 394 299 10
a 395 57 3
a 396 507 5
a 396 600 6
a 396 795 9
a 397 906 8
a 398 702 6
a 399 171 9
a 399 505 7
a 400 468 9
a 400 829 7
a 401 235 3
a 401 595 3
a 401 641 2
a 401 971 3
a 402 273 2
a 402 561 9
a 403 306 10
a 403 391 7
a 403 530 5
a 403 997 2
a 404 208 2
a 404 217 1
a 404 586 7
a 405 208 4
a 405 605 10
a 405 942 8
a 406 648 4
a 406 927 3
a 407 880 3
a 408 722 10
a 409 956 6
a 410 851 4
a 411 134 2
a 411 271 4
a 411 451 9
a 411 463 1
a 411 722 8
a 412 364 5
a 413 13 4
a 413 710 1
a 414 386 1
a 414 977 5
a 415 21 6
a 415 271 6
a 415 487 1
a 415 711 4
a 416 260 7
a 416 925 4
a 417 16 8
a 417 816 8
a 418 441 5
a 419 58 3
a 420 289 1
a 420 883 7
a 421 4 3
a 421 604 3
a 421 712 9
a 421 799 10
a 422 64 7
a 422 236 4
a 422 301 7
a 422 602 1
a 422 739 8
a 423 647 5
a 424 979 7
a 425 75 8
a 425 166 9
a 426 548 10
a 427 796 5
a 427 956 3
a 428 974 6
a 429 603 10
a 429 725 4
a 429 920 9
a 430 123 10
a 430 132 1
a 430 809 9
a 431 267 3
a 432 770 7
a 433 388 4
a 434 312 2
a 435 841 4
a 436 795 9
a 436 876 7
a 437 225 8
a 438 333 5
a 438 768 2
a 439 968 7
a 440 98 6
a 440 767 6
a 441 352 8
a 442 932 6
a 443 852 9
a 443 991 10
a 444 529 6
a 444 815 3
a 445 754 10
a 445 948 3
a 446 485 2
a 446 506 6
a 446 832 7
a 447 127 3
a 447 204 1
a 448 789 8
a 449 490 1
a 450 358 4
a 450 932 8
a 451 117 4
a 451 158 9
a 451 519 9
a 452 346 9
a 452 517 5
a 452 785 8
a 453 882 4
a 453 895 9
a 454 139 7
a 454 769 10
a 455 163 6
a 455 439 5
a 456 461 8
a 456 561 4
a 457 94 6
a 457 309 1
a 458 509 8
a 458 711 6
a 458 784 5
a 459 281 3
a 459 814 8
a 460 681 5
a 460 748 2
a 461 283 5
a 461 797 8
a 462 401 10
a 463 262 9
a 463 686 7
a 463 836 7
a 464 307 3
a 464 574 10
a 465 11 6
a 465 54 9
a 465 533 10
a 466 975 9
a 467 263 5
a 468 387 6
a 469 609 8
a 469 976 2
a 470 607 2
a 471 164 6
a 471 212 4
a 472 360 3
a 472 381 1
a 473 354 2
a 473 796 9
a 474 105 6
a 475 68 10
a 475 518 3
a 476 284 6
a 476 470 2
a 476 512 3
a 477 390 10
a 478 351 8
a 478 466 2
a 478 527 4
a 479 428 9
a 480 872 7
a 480 920 3
a 480 999 2
a 481 275 8
a 481 354 6
a 482 330 2
a 482 648 7
a 482 989 7
a 483 536 7
a 483 724 8
a 484 41 7
a 484 209 8
a 485 202 2
a 486 341 1
a 486 531 2
a 486 547 6
a 486 572 6
a 487 664 6
a 488 294 3
a 489 432 2
a 490 576 7
a 491 575 1
a 492 481 8
a 492 551 10
a 493 31 8
a 494 512 4
a 494 679 3
a 494 856 9
a 495 109 4
a 495 919 1
a 496 100 2
a 496 368 8
a 496 382 6
a 497 257 4
a 497 750 9
a 498 345 4
a 498 829 8
a 498 869 4
a 499 543 8
a 500 207 5
a 500 709 7
a 500 928 2
a 501 144 5
a 501 170 7
a 501 425 1
a 501 563 6
a 502 339 4
a 502 861 7
a 503 754 5
a 503 925 2
a 504 453 5
a 504 557 9
a 505 609 3
a 506 802 2
a 506 936 3
a 507 281 5
a 507 282 3
a 507 511 7
a 507 550 4
a 507 851 9
a 507 924 10
a 508 642 3
a 508 696 1
a 508 976 4
a 509 293 3
a 510 592 8
a 510 706 5
a 510 745 9
a 510 869 6
a 511 151 7
a 512 731 2
a 513 88 5
a 514 848 7
a 514 849 3
a 515 670 10
a 516 693 10
a 516 725 7
a 517 191 3
a 517 449 9
a 518 24 6
a 518 188 6
a 518 511 2
a 519 698 2
a 520 203 10
a 520 406 1
a 520 974 7
a 521 200 7
a 522 582 10
a 522 753 7
a 523 85 9
a 524 125 1
a 524 840 10
a 525 48 9
a 525 749 7
a 525 781 7
a 526 101 3
a 526 104 9
a 526 403 1
a 527 148 10
a 527 437 9
a 527 871 7
a 528 544 5
a 529 726 2
a 529 760 9
a 529 891 9
a 530 151 2
a 530 246 4
a 530 967 9
a 531 560 3
a 532 183 8
a 533 537 3
a 533 785 8
a 534 131 4
a 534 597 7
a 534 824 4
a 535 483 6
a 535 758 6
a 536 544 2
a 537 286 2
a 537 289 10
a 538 326 7
a 538 582 5
a 539 928 1
a 540 99 3
a 540 133 2
a 540 187 1
a 540 793 4
a 541 572 9
a 542 527 1
a 542 596 10
a 543 802 5
a 544 547 6
a 544 955 2
a 545 342 1
a 545 946 10
a 546 396 6
a 546 397 8
a 547 811 5
a 547 904 7
a 548 65 10
a 548 707 2
a 548 753 1
a 548 929 7
a 549 229 3
a 549 479 1
a 550 123 9
a 551 6 5
a 551 764 2
a 552 232 3
a 552 576 1
a 552 699 4
a 552 865 7
a 553 87 10
a 553 107 5
a 553 601 1
a 553 722 3
a 554 993 2
a 555 348 1
a 556 202 2
a 556 537 7
a 556 896 7
a 557 14 3
a 557 60 10
a 557 372 1
a 558 773 7
a 559 395 5
a 559 757 2
a 560 50 4
a 560 906 1
a 561 659 2
a 561 698 4
a 562 58 8
a 562 88 7
a 562 162 10
a 562 436 2
a 563 129 1
a 563 664 10
a 564 46 3
a 564 59 10
a 564 241 7
a 564 464 10
a 565 906 7
a 566 12 9
a 566 544 3
a 566 824 6
a 567 8 2
a 567 472 2
a 567 655 9
a 567 951 3
a 568 256 2
a 569 629 4
a 570 955 9
a 571 453 4
a 572 174 3
a 572 447 7
a 573 267 8
a 573 511 8
a 574 483 10
a 574 820 8
a 575 860 4
a 576 161 4
a 577 142 1
a 577 216 1
a 578 146 8
a 579 387 6
a 580 99 1
a 580 220 1
a 581 717 4
a 582 273 7
a 583 44 7
a 584 703 9
a 584 965 5
a 585 732 7
a 586 72 5
a 586 99 1
a 586 457 2
a 587 188 1
a 587 958 5
a 588 641 4
a 589 132 8
a 590 18 7
a 590 203 4
a 591 295 4
a 591 521 4
a 592 412 7
a 592 799 6
a 593 173 2
a 593 195 7
a 593 506 7
a 594 743 10
a 595 113 6
a 596 745 2
a 597 204 9
a 597 218 5
a 598 131 2
a 599 97 5
a 600 247 9
a 600 731 2
a 600 979 9
a 601 42 7
a 602 70 2
a 602 188 3
a 602 587 9
a 603 295 8
a 604 152 1
a 604 916 1
a 604 989 4
a 605 391 9
a 606 571 7
a 606 919 7
a 607 320 8
a 607 658 8
a 608 275 5
a 608 565 4
a 609 335 8
a 609 467 10
a 609 538 8
a 610 178 4
a 610 379 2
a 610 859 3
a 611 338 9
a 611 475 1
a 611 913 8
a 612 661 5
a 612 691 2
a 613 899 10
a 614 255 4
a 614 321 6
a 614 478 7
a 614 500 8
a 614 704 7
a 614 777 7
a 615 931 6
a 616 235 7
a 617 524 4
a 617 647 4
a 617 650 4
a 618 23 2
a 618 347 9
a 618 821 2
a 619 136 6
a 619 331 8
a 620 249 9
a 621 304 6
a 621 358 6
a 621 524 7
a 622 159 1
a 622 531 3
a 623 984 2
a 624 791 5
a 625 308 8
a 626 581 4
a 627 316 9
a 628 426 3
a 628 709 8
a 628 944 3
a 629 566 5
a 629 989 1
a 630 319 4
a 630 618 8
a 630 893 4
a 630 1000 4
a 631 451 9
a 631 535 5
a 631 628 4
a 632 66 7
a 632 152 9
a 632 479 6
a 633 583 10
a 633 833 2
a 634 95 10
a 634 941 8
a 635 368 8
a 635 565 9
a 636 243 4
a 636 260 10
a 636 715 6
a 637 224 9
a 637 484 4
a 638 723 1
a 638 726 9
a 638 846 3
a 639 252 4
a 639 318 2
a 639 446 6
a 639 456 8
a 640 115 1
a 640 195 8
a 641 173 8
a 641 290 1
a 642 11 2
a 643 196 2
a 643 918 1
a 643 944 9
a 644 326 7
a 645 403 1
a 645 751 9
a 646 108 4
a 646 366 5
a 646 853 2
a 647 222 10
a 647 266 10
a 648 354 7
a 648 944 9
a 649 512 7
a 650 542 4
a 650 610 6
a 650 716 1
a 650 828 9
a 651 34 9
a 651 560 3
a 652 125 6
a 652 441 10
a 653 477 7
a 654 423 6
a 654 883 10
a 655 32 7
a 655 179 9
a 656 9 6
a 656 890 8
a 657 817 6
a 657 849 5
a 657 881 2
a 658 162 7
a 659 779 10
a 659 826 10
a 660 924 8
a 661 606 5
a 661 938 4
a 662 572 3
a 663 409 8
a 663 872 2
a 663 969 8
a 664 692 6
a 665 23 2
a 665 340 10
a 666 741 6
a 666 767 4
a 666 906 7
a 667 679 2
a 667 690 10
a 668 740 4
a 669 641 5
a 669 923 9
a 670 299 7
a 670 720 4
a 671 943 5
a 671 986 4
a 672 142 6
a 672 616 8
a 673 81 3
a 673 630 1
a 674 311 8
a 675 562 9
a 675 756 7
a 676 864 6
a 677 12 4
a 677 33 3
a 677 741 1
a 678 449 6
a 679 248 9
a 679 934 9
a 680 713 4
a 680 844 5
a 681 20 6
a 681 443 7
a 681 540 5
a 681 934 4
a 682 69 8
a 682 919 9
a 683 952 5
a 684 502 5
a 684 917 7
a 684 939 4
a 685 40 8
a 685 807 9
a 685 863 8
a 686 47 4
a 686 369 6
a 686 558 3
a 686 789 9
a 687 22 3
a 687 237 7
a 688 729 3
a 689 454 10
a 689 832 9
a 690 201 7
a 690 905 4
a 690 914 10
a 691 657 8
a 691 825 10
a 692 501 3
a 692 813 4
a 692 984 9
a 693 296 2
a 693 786 4
a 694 431 3
a 694 848 7
a 695 694 2
a 696 109 8
a 696 149 1
a 697 715 4
a 698 386 7
a 699 467 8
a 700 401 9
a 700 759 7
a 701 313 8
a 701 341 7
a 701 790 6
a 702 219 2
a 702 608 5
a 702 913 10
a 703 622 5
a 704 259 8
a 704 322 2
a 704 343 3
a 705 274 3
a 706 186 1
a 706 754 4
a 707 645 1
a 708 519 10
a 709 504 6
a 709 817 6
a 710 160 10
a 710 580 8
a 711 573 3
a 712 982 7
a 713 699 3
a 714 81 9
a 714 645 3
a 714 686 9
a 715 222 1
a 715 526 7
a 716 755 1
a 717 104 6
a 717 200 2
a 718 275 2
a 718 957 2
a 719 32 6
a 719 61 9
a 719 537 8
a 720 598 6
a 720 735 9
a 721 194 6
a 721 865 8
a 722 282 3
a 722 329 4
a 722 405 5
a 722 438 8
a 722 910 1
a 723 47 4
a 723 296 8
a 723 401 8
a 724 153 7
a 724 959 7
a 725 860 5
a 726 169 10
a 727 164 10
a 728 88 2
a 729 654 3
a 729 782 5
a 730 253 4
a 731 127 5
a 731 716 8
a 731 720 1
a 731 779 5
a 732 214 10
a 732 357 6
a 732 915 3
a 732 983 3
a 733 474 7
a 733 525 5
a 734 284 2
a 734 804 9
a 735 824 4
a 736 903 7
a 737 773 8
a 737 788 9
a 737 830 8
a 738 904 9
a 739 837 6
a 740 215 9
a 740 254 10
a 741 99 1
a 742 1000 8
a 743 891 9
a 744 256 1
a 744 485 2
a 744 574 5
a 744 927 2
a 745 454 2
a 746 183 5
a 746 253 9
a 746 537 8
a 747 333 8
a 747 371 8
a 747 612 4
a 748 54 5
a 748 317 9
a 748 695 2
a 749 111 6
a 749 799 2
a 750 739 2
a 750 993 8
a 751 441 1
a 752 794 6
a 753 521 6
a 753 850 8
a 754 75 5
a 755 84 10
a 755 88 3
a 755 94 3
a 756 211 6
a 756 266 2
a 757 9 3
a 758 276 8
a 758 675 8
a 758 736 6
a 759 464 2
a 760 326 7
a 760 367 5
a 760 733 8
a 760 769 8
a 761 738 2
a 762 651 7
a 763 792 2
a 764 31 5
a 765 541 7
a 765 552 4
a 765 584 7
a 765 696 6
a 765 994 1
a 766 63 7
a 767 524 6
a 767 933 7
a 768 537 1
a 769 277 5
a 770 164 1
a 770 278 4
a 771 388 7
a 771 617 4
a 771 779 6
a 772 27 3
a 773 678 7
a 773 744 4
a 773 894 10
a 773 910 4
a 774 738 2
a 774 791 4
a 775 88 4
a 775 448 8
a 776 402 3
a 776 940 7
a 777 6 8
a 777 428 1
a 777 682 10
a 777 865 4
a 778 999 3
a 779 393 6
a 779 399 2
a 780 666 1
a 780 718 2
a 780 740 5
a 780 995 8
a 781 499 7
a 781 770 9
a 782 720 6
a 783 167 7
a 783 242 6
a 784 616 5
a 785 91 4
a 785 684 2
a 785 741 3
a 786 435 10
a 786 688 3
a 786 866 9
a 787 841 10
a 788 845 3
a 789 82 2
a 789 147 5
a 790 266 3
a 790 741 4
a 791 154 3
a 791 314 7
a 792 382 4
a 792 982 2
a 793 563 4
a 793 808 1
a 794 348 9
a 794 668 1
a 794 784 2
a 795 45 6
a 795 519 3
a 795 950 1
a 796 4 6
a 796 455 1
a 796 651 2
a 797 276 6
a 797 729 9
a 798 450 1
a 798 866 2
a 799 792 5
a 800 61 3
a 800 629 6
a 801 783 3
a 802 96 10
a 802 342 2
a 802 596 9
a 803 909 10
a 804 830 5
a 804 841 10
a 805 527 8
a 805 555 8
a 805 846 3
a 806 125 10
a 807 403 4
a 807 427 6
a 807 580 6
a 808 105 9
a 809 226 4
a 809 510 5
a 809 754 7
a 810 25 8
a 811 697 8
a 811 835 5
a 812 665 7
a 812 974 5
a 813 576 4
a 814 157 9
a 814 267 10
a 814 757 10
a 814 935 9
a 814 945 6
a 814 986 10
a 815 97 7
a 815 150 4
a 815 291 4
a 816 435 8
a 816 488 3
a 817 366 5
a 818 611 1
a 819 101 6
a 820 446 7
a 820 515 7
a 821 541 9
a 821 886 1
a 822 627 8
a 823 145 7
a 823 227 5
a 824 248 6
a 824 654 6
a 824 731 4
a 825 270 9
a 825 758 1
a 826 949 5
a 827 320 5
a 827 418 3
a 828 459 4
a 829 326 2
a 829 482 9
a 830 287 7
a 830 694 5
a 831 680 9
a 832 809 9
a 833 340 5
a 833 840 7
a 834 556 7
a 834 610 10
a 834 970 9
a 835 737 1
a 836 100 9
a 836 705 8
a 837 923 5
a 838 248 10
a 839 245 10
a 839 567 4
a 839 633 6
a 839 838 3
a 840 330 9
a 840 591 6
a 841 571 9
a 842 225 1
a 842 911 10
a 843 389 1
a 843 724 1
a 844 175 3
a 844 290 1
a 844 391 6
a 845 34 1
a 845 991 3
a 846 15 6
a 846 416 10
a 846 690 10
a 847 236 9
a 848 39 5
a 848 383 9
a 848 939 7
a 848 981 8
a 849 72 8
a 850 407 8
a 850 549 8
a 851 69 8
a 852 647 7
a 852 702 2
a 853 360 3
a 853 845 5
a 854 504 1
a 855 29 6
a 855 714 5
a 855 791 6
a 856 483 1
a 857 459 9
a 857 518 9
a 857 794 4
a 858 38 8
a 859 378 1
a 859 638 8
a 860 49 2
a 860 133 4
a 860 239 5
a 861 93 8
a 861 130 6
a 861 797 2
a 862 691 8
a 862 964 5
a 862 987 3
a 863 148 9
a 863 269 6
a 863 402 8
a 863 810 9
a 864 13 10
a 864 163 7
a 864 469 10
a 864 471 1
a 864 787 8
a 865 468 6
a 865 746 9
a 866 884 1
a 867 824 7
a 868 17 1
a 868 832 8
a 868 915 10
a 869 239 6
a 870 432 10
a 870 660 10
a 870 675 5
a 871 97 2
a 871 508 3
a 871 575 9
a 872 65 5
a 872 279 2
a 873 408 7
a 873 631 6
a 873 719 1
a 873 810 6
a 874 186 9
a 874 524 4
a 875 168 3
a 875 700 8
a 875 801 2
a 876 44 3
a 877 182 2
a 877 641 1
a 877 674 9
a 878 67 4
a 878 598 6
a 879 814 3
a 880 235 10
a 880 269 7
a 881 417 10
a 881 743 10
a 881 775 5
a 882 545 5
a 883 569 4
a 883 620 5
a 883 823 7
a 884 274 2
a 884 627 9
a 885 557 3
a 886 303 7
a 886 497 1
a 886 559 1
a 886 588 10
a 886 599 6
a 887 103 7
a 887 205 7
a 887 272 6
a 887 778 7
a 888 824 9
a 888 862 7
a 888 912 6
a 889 457 5
a 890 516 5
a 890 636 9
a 891 316 7
a 891 543 7
a 892 80 5
a 892 286 4
a 893 526 6
a 893 765 7
a 894 427 8
a 895 7 3
a 896 981 1
a 897 146 2
a 897 289 1
a 898 147 4
a 898 705 1
a 899 734 7
a 900 869 4
a 901 321 10
a 901 336 7
a 901 386 5
a 901 988 7
a 902 293 6
a 903 587 10
a 904 196 10
a 905 255 8
a 905 662 7
a 906 95 4
a 907 568 5
a 907 640 9
a 908 92 2
a 909 134 3
a 909 486 10
a 910 936 1
a 911 991 6
a 912 186 3
a 912 527 2
a 912 884 9
a 913 264 6
a 914 251 4
a 914 476 4
a 914 794 1
a 915 474 5
a 915 652 1
a 915 949 8
a 916 119 9
a 916 623 5
a 916 805 1
a 916 867 2
a 916 870 6
a 917 609 3
a 918 489 6
a 918 568 9
a 918 644 9
a 918 953 9
a 919 312 7
a 919 332 8
a 919 898 4
a 920 738 6
a 920 993 1
a 921 395 5
a 921 554 2
a 922 411 8
a 922 493 3
a 923 190 7
a 923 546 8
a 924 470 9
a 924 775 1
a 925 952 6
a 926 250 2
a 926 957 6
a 927 339 10
a 927 668 9
a 928 404 8
a 928 481 8
a 929 77 7
a 929 114 2
a 929 543 3
a 929 705 5
a 929 758 5
a 929 780 7
a 929 809 1
a 929 940 3
a 930 241 9
a 930 295 1
a 930 359 1
a 930 573 4
a 931 74 1
a 931 169 2
a 932 41 6
a 933 629 3
a 933 885 7
a 934 731 4
a 934 806 9
a 934 895 4
a 935 287 7
a 935 531 6
a 935 590 2
a 935 879 9
a 935 972 6
a 936 822 5
a 937 485 4
a 938 638 6
a 938 653 10
a 938 698 3
a 939 36 10
a 939 578 7
a 940 86 7
a 940 167 8
a 940 471 2
a 940 642 10
a 941 55 10
a 941 102 4
a 942 110 4
a 942 908 9
a 943 778 7
a 944 187 8
a 945 36 2
a 945 129 3
a 945 189 1
a 945 240 10
a 945 839 7
a 946 740 4
a 947 246 5
a 947 435 7
a 948 397 3
a 948 559 9
a 948 741 2
a 949 401 10
a 950 376 2
a 950 632 10
a 951 169 6
a 951 529 7
a 951 766 7
a 951 913 2
a 952 858 5
a 953 732 6
a 954 29 3
a 954 38 5
a 954 185 8
a 954 261 2
a 954 430 7
a 954 998 7
a 955 201 9
a 956 323 8
a 956 759 9
a 956 857 2
a 957 873 10
a 957 934 7
a 958 11 3
a 958 199 9
a 959 28 7
a 959 263 10
a 959 292 8
a 959 611 3
a 960 380 3
a 960 743 1
a 961 56 10
a 962 308 2
a 962 487 3
a 963 670 3
a 963 805 6
a 964 607 7
a 964 663 8
a 964 961 9
a 964 972 9
a 965 977 4
a 966 153 1
a 967 295 2
a 968 709 10
a 968 1000 9
a 969 108 8
a 969 646 6
a 970 666 3
a 971 579 9
a 972 573 10
a 973 937 9
a 974 380 8
a 975 37 6
a 975 58 10
a 975 665 2
a 975 727 8
a 975 732 5
a 976 234 8
a 977 231 7
a 977 370 9
a 978 896 10
a 979 625 3
a 979 658 6
a 980 605 3
a 981 504 10
a 981 581 3
a 982 285 5
a 982 320 9
a 983 701 7
a 984 254 9
a 984 590 8
a 985 685 7
a 985 965 1
a 986 98 4
a 987 314 9
a 987 979 6
a 988 89 3
a 988 172 5
a 988 445 2
a 988 761 1
a 988 855 3
a 989 221 7
a 989 388 5
a 990 340 10
a 991 95 5
a 991 131 3
a 992 147 8
a 992 794 1
a 993 146 4
a 994 252 3
a 994 458 8
a 994 635 10
a 994 833 7
a 995 242 8
a 995 384 4
a 995 418 9
a 996 254 6
a 997 98 5
a 997 112 7
a 998 648 4
a 999 573 8
a 999 991 8
