p max 1000 2000
n 1 s
n 1000 t
a 1 317 10
a 1 900 7
a 2 170 3
a 2 722 8
a 3 145 10
a 3 342 1
a 3 373 6
a 3 980 3
a 4 60 2
a 4 180 3
a 4 498 10
a 5 689 5
a 6 412 6
a 6 624 6
a 7 936 8
a 8 171 6
a 8 776 8
a 9 153 9
a 9 182 8
a 9 391 3
a 10 719 10
a 11 273 9
a 11 420 1
a 11 485 10
a 12 183 8
a 12 545 4
a 12 991 4
a 13 357 2
a 13 558 3
a 13 621 10
a 14 866 8
a 15 429 1
a 15 726 1
a 15 820 1
a 15 948 2
a 16 672 3
a 17 54 10
a 17 158 5
a 18 190 9
a 18 547 3
a 18 802 7
a 18 899 2
a 19 790 9
a 20 183 8
a 21 824 10
a 21 826 1
a 21 901 4
a 22 140 5
a 23 633 8
a 24 151 4
a 24 690 10
a 25 289 1
a 25 570 3
a 26 832 8
a 26 856 8
a 27 104 7
a 27 338 10
a 27 731 8
a 28 243 5
a 28 316 6
a 29 387 9
a 29 594 5
a 30 672 8
a 31 357 3
a 31 407 8
a 31 966 8
a 32 713 7
a 32 983 1
a 33 502 5
a 33 806 3
a 34 440 5
a 35 586 3
a 35 872 10
a 35 890 7
a 36 9 1
a 36 85 6
a 36 213 7
a 36 425 1
a 36 957 4
a 37 531 10
a 38 168 5
a 38 268 9
a 38 439 4
a 38 897 7
a 39 78 7
a 39 575 2
a 40 718 5
a 40 838 8
a 40 842 2
a 41 479 6
a 42 207 2
a 42 410 3
a 43 252 10
a 43 917 5
a 44 397 2
a 45 398 8
a 46 165 4
a 46 400 5
a 46 932 2
a 47 479 5
a 47 591 7
a 47 904 6
a 48 257 4
a 48 635 7
a 48 805 9
a 49 23 7
a 49 490 7
a 50 320 9
a 50 426 3
a 50 542 5
a 50 613 9
a 51 678 5
a 52 615 1
a 53 516 3
a 54 332 2
a 54 337 3
a 54 436 2
a 54 655 2
a 54 769 8
a 54 844 10
a 55 419 9
a 56 311 2
a 56 505 10
a 57 226 5
a 57 830 6
a 58 879 8
a 59 305 5
a 60 783 10
a 60 889 8
a 60 977 4
a 61 44 4
a 61 582 2
a 61 711 5
a 62 493 10
a 62 515 4
a 63 27 2
a 64 53 6
a 65 403 3
a 65 482 5
a 66 187 5
a 67 254 6
a 68 450 10
a 68 506 10
a 69 231 1
a 69 891 4
a 70 670 7
a 70 694 7
a 71 707 7
a 72 169 6
a 72 732 6
a 73 326 7
a 73 379 7
a 73 407 8
a 74 364 10
a 75 524 9
a 76 360 1
a 77 331 4
a 77 644 8
a 77 775 7
a 78 234 4
a 78 448 1
a 78 461 8
a 79 8 7
a 79 96 2
a 80 39 4
a 81 175 3
a 82 323 2
a 82 756 10
a 83 641 9
a 83 769 4
a 84 535 3
a 84 928 3
a 85 131 9
a 86 872 10
a 87 93 10
a 87 744 5
a 87 750 2
a 88 29 4
a 88 625 1
a 88 634 5
a 89 73 4
a 89 593 10
a 90 61 1
a 90 553 3
a 91 761 2
a 92 39 6
a 93 550 4
a 93 589 7
a 93 876 2
a 94 641 6
a 95 72 4
a 95 334 1
a 95 668 3
a 96 973 3
a 97 309 4
a 98 346 4
a 98 518 5
a 99 351 6
a 99 719 6
a 100 932 6
a 101 824 1
a 102 144 6
a 102 771 7
a 102 932 5
a 103 2 5
a 103 975 4
a 104 300 6
a 105 666 9
a 106 199 4
a 106 564 6
a 106 763 1
a 107 104 8
a 107 367 6
a 108 6 5
a 108 633 1
a 109 170 8
a 109 406 5
a 109 745 6
a 110 310 6
a 111 257 4
a 111 258 8
a 111 677 1
a 111 971 1
a 112 713 3
a 112 771 3
a 112 932 1
a 113 926 7
a 113 969 2
a 114 101 7
a 114 651 5
a 115 682 6
a 116 22 1
a 116 293 8
a 117 974 6
a 117 990 1
a 118 452 7
a 118 561 7
a 119 330 4
a 119 376 7
a 119 382 5
a 120 532 5
a 120 632 10
a 121 840 1
a 122 491 2
a 122 896 5
a 123 334 9
a 123 541 5
a 124 134 6
a 124 734 9
a 125 43 10
a 125 372 4
a 125 671 5
a 125 732 7
a 126 331 6
a 127 240 5
a 128 20 2
a 128 256 5
a 129 169 8
a 129 696 6
a 130 386 8
a 130 699 4
a 130 881 4
a 131 752 9
a 132 381 3
a 132 829 8
a 132 896 2
a 133 601 5
a 133 842 8
a 134 97 1
a 134 149 3
a 135 314 10
a 136 642 8
a 137 250 10
a 137 262 9
a 138 603 6
a 138 664 2
a 138 922 7
a 139 473 5
a 139 645 6
a 139 882 5
a 140 68 1
a 140 308 1
a 140 703 1
a 141 504 2
a 142 500 1
a 142 620 8
a 142 778 2
a 143 200 5
a 143 310 8
a 144 473 2
a 144 807 6
a 145 266 9
a 145 363 4
a 145 788 10
a 146 494 7
a 146 579 10
a 146 678 1
a 147 98 4
a 147 716 2
a 148 724 10
a 149 169 8
a 149 254 2
a 149 503 5
a 150 629 7
a 151 792 1
a 152 233 7
a 153 853 6
a 154 300 5
a 155 442 9
a 155 519 2
a 155 767 1
a 155 902 2
a 156 53 3
a 156 985 8
a 157 34 7
a 157 530 4
a 158 862 7
a 159 75 8
a 160 679 4
a 160 939 4
a 161 911 6
a 162 275 4
a 163 479 10
a 163 751 5
a 163 910 1
a 164 42 1
a 164 507 10
a 165 4 4
a 165 112 7
a 165 551 10
a 166 26 8
a 167 163 8
a 167 833 1
a 167 835 6
a 168 248 5
a 168 370 10
a 169 749 4
a 169 874 1
a 170 335 7
a 171 164 5
a 171 687 2
a 171 987 6
a 172 795 8
a 173 12 8
a 173 156 3
a 174 613 1
a 175 18 7
a 175 306 1
a 175 794 7
a 176 804 2
a 176 865 5
a 176 915 5
a 177 821 3
a 178 688 1
a 178 705 3
a 178 938 9
a 178 950 3
a 179 799 10
a 180 222 9
a 181 535 3
a 181 758 1
a 182 295 1
a 182 937 10
a 183 40 3
a 184 115 1
a 184 875 10
a 185 314 7
a 185 414 5
a 185 429 9
a 186 403 4
a 186 773 10
a 187 94 1
a 187 316 10
a 187 376 4
a 188 198 8
a 188 219 6
a 188 350 5
a 189 743 6
a 190 309 7
a 191 385 10
a 192 791 1
a 193 31 8
a 193 762 6
a 194 401 9
a 194 558 3
a 194 893 6
a 195 112 2
a 195 384 10
a 195 585 1
a 196 26 9
a 196 634 10
a 197 657 5
a 197 791 4
a 197 859 5
a 198 91 10
a 199 109 8
a 200 687 8
a 201 280 8
a 201 913 7
a 202 642 9
a 202 664 9
a 203 306 10
a 203 876 1
a 204 85 6
a 205 33 2
a 205 82 9
a 205 860 6
a 206 347 8
a 206 515 3
a 206 936 8
a 207 569 1
a 207 607 6
a 207 652 2
a 207 970 1
a 208 474 6
a 209 164 5
a 209 415 3
a 210 332 5
a 211 380 3
a 212 564 5
a 212 832 2
a 213 538 8
a 213 798 9
a 214 137 9
a 214 228 7
a 215 5 7
a 215 225 3
a 215 665 1
a 216 178 3
a 216 402 1
a 216 643 7
a 216 847 7
a 217 864 6
a 218 780 8
a 219 60 4
a 219 345 10
a 220 480 9
a 220 536 2
a 220 728 9
a 221 483 4
a 222 437 7
a 222 554 2
a 222 607 10
a 223 479 4
a 224 41 6
a 224 354 4
a 225 6 6
a 226 545 9
a 226 552 10
a 227 373 3
a 228 327 8
a 228 362 7
a 228 478 1
a 229 104 3
a 229 743 7
a 230 78 5
a 230 464 10
a 231 602 10
a 231 724 8
a 231 784 2
a 232 50 6
a 232 284 8
a 232 816 1
a 233 795 5
a 233 869 2
a 234 386 1
a 235 750 8
a 236 206 5
a 237 396 7
a 237 525 7
a 237 534 5
a 238 991 10
a 239 738 4
a 239 941 7
a 240 578 5
a 240 944 5
a 241 461 9
a 242 894 7
a 243 716 6
a 244 427 4
a 244 669 7
a 244 693 1
a 245 24 5
a 245 209 2
a 245 801 1
a 246 615 2
a 247 841 3
a 248 60 3
a 248 931 8
a 249 105 8
a 250 393 1
a 251 1000 4
a 252 582 3
a 253 29 3
a 253 338 1
a 254 315 9
a 255 225 4
a 255 604 1
a 256 886 8
a 257 102 4
a 257 277 7
a 258 33 10
a 259 293 7
a 260 59 3
a 261 806 8
a 262 831 6
a 263 143 1
a 263 452 7
a 263 487 1
a 263 893 10
a 264 380 6
a 264 659 3
a 265 432 7
a 266 55 4
a 266 890 10
a 267 907 4
a 267 985 10
a 268 414 2
a 268 1000 3
a 269 226 7
a 269 682 1
a 270 347 7
a 270 633 8
a 270 639 7
a 271 241 8
a 271 295 4
a 272 426 9
a 273 272 9
a 273 694 10
a 273 946 1
a 274 636 9
a 274 849 2
a 274 998 10
a 275 205 1
a 275 235 5
a 275 289 3
a 275 698 10
a 276 6 6
a 276 84 1
a 276 818 1
a 277 116 7
a 277 724 2
a 278 200 3
a 278 600 1
a 279 486 10
a 279 513 9
a 279 555 8
a 279 736 5
a 280 108 3
a 280 352 5
a 281 389 1
a 282 453 6
a 282 488 3
a 282 890 5
a 283 233 10
a 283 481 10
a 283 675 2
a 284 742 4
a 285 251 9
a 286 753 7
a 287 187 10
a 287 256 4
a 287 544 9
a 288 2 1
a 288 663 8
a 289 51 3
a 289 312 10
a 290 111 3
a 290 269 7
a 290 296 3
a 290 322 3
a 291 234 5
a 291 335 3
a 292 95 4
a 293 559 4
a 293 690 4
a 294 234 9
a 294 654 5
a 295 742 2
a 295 839 4
a 296 661 3
a 296 906 3
a 297 497 10
a 297 539 1
a 298 62 1
a 298 282 3
a 298 383 6
a 298 509 4
a 299 271 5
a 299 335 9
a 299 862 3
a 300 277 4
a 300 360 4
a 301 148 6
a 301 405 6
a 301 674 3
a 301 992 6
a 302 39 2
a 302 928 4
a 303 329 4
a 304 99 3
a 304 250 4
a 304 366 2
a 305 152 2
a 305 761 7
a 305 775 7
a 306 33 6
a 306 953 5
a 307 339 3
a 307 669 9
a 308 25 10
a 309 924 2
a 310 399 10
a 310 841 1
a 310 877 5
a 311 285 3
a 311 698 10
a 312 596 1
a 313 228 6
a 314 110 2
a 314 341 7
a 314 898 5
a 315 109 8
a 316 255 7
a 316 687 5
a 317 237 3
a 317 593 3
a 317 633 10
a 317 685 3
a 318 109 8
a 318 359 10
a 319 117 4
a 319 555 8
a 320 23 4
a 321 16 9
a 321 138 9
a 321 189 1
a 322 128 9
a 322 253 10
a 322 684 6
a 323 200 2
a 323 220 8
a 323 221 3
a 324 191 3
a 324 569 7
a 325 67 4
a 325 699 7
a 326 302 3
a 327 56 3
a 328 273 5
a 328 501 7
a 328 645 3
a 329 918 9
a 330 92 9
a 330 397 6
a 330 587 8
a 331 97 9
a 331 249 1
a 331 767 5
a 332 63 5
a 332 228 4
a 333 494 6
a 334 369 6
a 334 862 7
a 335 746 4
a 336 355 2
a 337 81 6
a 338 8 7
a 338 475 9
a 338 684 3
a 338 707 10
a 338 864 1
a 338 958 8
a 339 227 1
a 340 770 7
a 340 902 1
a 341 886 3
a 341 950 5
a 342 101 8
a 343 477 5
a 343 533 5
a 343 823 4
a 343 841 10
a 344 262 1
a 344 362 4
a 345 336 9
a 346 804 8
a 347 556 1
a 347 686 3
a 347 940 2
a 348 85 1
a 349 106 1
a 349 673 4
a 349 917 6
a 349 993 6
a 350 71 7
a 351 306 9
a 352 141 10
a 352 151 10
a 352 374 1
a 352 940 8
a 353 21 2
a 354 155 6
a 354 158 8
a 354 435 4
a 354 662 9
a 354 733 4
a 355 261 10
a 355 309 9
a 355 942 8
a 356 14 9
a 356 319 4
a 356 443 7
a 357 462 7
a 357 926 1
a 358 418 2
a 358 863 9
a 358 867 4
a 359 225 9
a 359 517 5
a 359 985 5
a 360 898 1
a 361 177 5
a 361 892 3
a 362 76 6
a 362 354 9
a 363 500 7
a 364 463 9
a 364 495 9
a 365 425 10
a 366 128 10
a 367 307 10
a 367 364 4
a 367 763 8
a 367 963 3
a 368 757 1
a 368 819 2
a 369 124 7
a 369 322 7
a 369 486 4
a 369 681 5
a 369 797 5
a 370 716 4
a 371 301 9
a 372 60 5
a 372 750 3
a 372 859 9
a 373 854 4
a 373 858 10
a 374 281 4
a 374 802 7
a 375 350 3
a 375 527 5
a 376 69 2
a 377 238 6
a 377 259 10
a 377 413 1
a 378 34 1
a 378 488 9
a 379 527 1
a 380 265 4
a 380 916 1
a 381 693 3
a 382 124 5
a 382 227 7
a 382 765 4
a 383 720 1
a 384 635 9
a 384 923 7
a 385 274 8
a 385 609 8
a 385 919 3
a 386 341 7
a 387 275 10
a 387 703 6
a 387 777 6
a 388 741 4
a 389 437 9
a 389 588 4
a 390 20 6
a 390 617 8
a 391 200 1
a 391 606 5
a 391 800 5
a 391 827 9
a 392 521 2
a 393 837 10
a 394 444 2
a 394 505 10
a 394 995 3
a 395 414 2
a 395 626 10
a 395 754 10
a 395 959 4
a 396 544 5
a 396 706 9
a 397 75 4
a 398 306 3
a 398 632 1
a 399 384 6
a 399 568 2
a 399 693 7
a 400 150 9
a 400 671 6
a 400 771 8
a 401 57 2
a 401 997 2
a 402 384 6
a 403 921 5
a 404 406 9
a 404 455 7
a 404 581 10
a 405 291 2
a 405 351 1
a 406 375 7
a 407 47 7
a 407 930 10
a 408 567 9
a 409 553 6
a 409 766 10
a 410 479 7
a 410 568 8
a 411 19 1
a 411 593 10
a 412 934 4
a 413 44 4
a 413 251 10
a 413 548 1
a 413 990 8
a 414 249 10
a 414 563 10
a 414 575 5
a 414 704 10
a 415 944 8
a 416 174 10
a 416 670 8
a 417 96 3
a 417 105 9
a 417 924 2
a 417 939 2
a 418 463 2
a 418 540 6
a 418 585 8
a 419 147 3
a 419 424 10
a 420 245 5
a 420 999 9
a 421 543 7
a 422 644 7
a 422 821 1
a 423 574 9
a 424 376 4
a 425 758 8
a 426 251 8
a 427 90 10
a 427 712 3
a 427 728 6
a 428 103 4
a 428 170 1
a 428 382 2
a 428 760 8
a 429 162 9
a 429 183 1
a 430 307 1
a 431 846 10
a 432 292 6
a 432 895 6
a 433 457 6
a 433 651 6
a 434 557 6
a 434 569 8
a 435 100 9
a 435 132 4
a 435 611 2
a 436 267 9
a 436 464 9
a 436 884 4
a 437 521 8
a 437 715 2
a 437 739 8
a 438 232 10
a 438 683 4
a 439 349 4
a 440 157 5
a 440 753 4
a 441 545 2
a 441 773 9
a 442 696 2
a 442 968 5
a 443 287 5
a 443 478 10
a 444 693 1
a 445 90 6
a 445 608 8
a 445 782 3
a 445 785 7
a 446 113 8
a 446 286 7
a 446 531 4
a 447 88 6
a 447 660 3
a 447 915 3
a 447 927 10
a 448 572 6
a 449 333 5
a 449 772 1
a 449 897 7
a 450 28 10
a 450 126 6
a 450 173 10
a 450 619 6
a 451 185 10
a 451 313 6
a 451 565 2
a 452 293 10
a 453 284 5
a 453 413 5
a 453 476 9
a 454 21 10
a 455 766 3
a 456 659 9
a 457 78 3
a 457 305 10
a 457 450 4
a 457 891 6
a 458 662 3
a 459 697 1
a 460 522 10
a 461 472 8
a 462 522 4
a 463 98 2
a 464 472 6
a 464 926 8
a 465 567 1
a 465 642 2
a 466 269 2
a 467 47 4
a 467 377 3
a 467 773 1
a 468 129 1
a 468 958 9
a 469 14 10
a 469 794 10
a 470 29 10
a 471 393 7
a 471 754 4
a 471 894 9
a 472 847 10
a 473 655 1
a 474 724 8
a 475 182 5
a 475 691 10
a 475 842 4
a 475 910 4
a 476 77 10
a 476 725 9
a 477 184 7
a 477 652 1
a 478 193 4
a 478 202 10
a 478 490 3
a 478 842 9
a 479 771 6
a 480 187 4
a 481 549 4
a 482 126 1
a 483 392 8
a 484 533 9
a 485 500 8
a 485 848 6
a 486 465 8
a 487 61 7
a 488 149 2
a 489 854 7
a 489 933 3
a 490 573 8
a 490 671 1
a 491 419 7
a 492 671 4
a 493 64 5
a 493 81 3
a 494 484 7
a 495 218 1
a 495 343 6
a 496 124 3
a 496 297 8
a 497 731 8
a 498 368 4
a 499 209 8
a 500 493 1
a 500 531 10
a 500 597 6
a 500 923 6
a 501 532 9
a 502 287 2
a 503 294 2
a 503 870 3
a 503 952 2
a 504 935 1
a 505 932 8
a 505 984 9
a 506 34 2
a 507 908 2
a 508 890 9
a 509 179 1
a 509 690 9
a 510 9 2
a 510 22 6
a 510 303 3
a 511 260 9
a 511 365 6
a 512 66 2
a 512 203 8
a 512 283 2
a 512 662 5
a 512 963 2
a 513 647 3
a 513 795 2
a 514 52 4
a 514 197 4
a 514 265 1
a 515 240 8
a 515 402 1
a 515 469 6
a 516 933 1
a 517 72 8
a 517 953 8
a 518 505 6
a 519 123 1
a 519 402 6
a 519 511 3
a 520 439 8
a 520 986 2
a 521 341 5
a 522 762 6
a 523 41 10
a 524 309 6
a 524 754 9
a 525 554 6
a 525 623 6
a 525 830 6
a 526 87 4
a 526 618 6
a 526 705 4
a 527 58 7
a 527 445 8
a 527 753 5
a 528 177 6
a 528 654 7
a 528 658 8
a 529 185 9
a 529 528 1
a 530 222 5
a 530 496 7
a 530 853 5
a 531 245 6
a 531 422 3
a 532 70 9
a 532 808 2
a 533 236 2
a 533 770 10
a 534 101 2
a 534 793 6
a 535 649 4
a 536 288 10
a 536 462 2
a 536 895 8
a 537 379 3
a 538 46 2
a 538 777 9
a 539 27 10
a 539 79 2
a 540 389 7
a 541 279 1
a 541 522 5
a 541 942 5
a 542 511 8
a 543 50 6
a 543 264 9
a 544 343 7
a 544 417 2
a 544 954 6
a 545 107 9
a 545 127 8
a 545 328 10
a 545 692 1
a 546 391 6
a 547 35 9
a 547 520 1
a 548 542 8
a 548 755 7
a 549 631 6
a 550 534 8
a 550 746 2
a 551 465 10
a 551 592 3
a 551 854 2
a 552 930 6
a 552 997 9
a 553 45 6
a 553 612 3
a 554 14 6
a 554 192 9
a 555 459 2
a 555 639 9
a 556 270 2
a 556 385 7
a 556 615 1
a 557 471 9
a 558 680 8
a 559 86 1
a 559 708 4
a 560 130 3
a 561 597 5
a 562 44 9
a 562 408 9
a 562 481 10
a 563 927 10
a 564 128 6
a 565 682 1
a 565 831 9
a 566 193 5
a 567 401 3
a 568 580 5
a 568 841 8
a 569 544 10
a 570 170 9
a 570 691 6
a 570 747 5
a 571 529 9
a 571 903 1
a 572 21 3
a 573 199 4
a 573 737 1
a 574 74 3
a 575 139 8
a 575 278 7
a 575 300 2
a 576 251 9
a 576 662 6
a 577 456 6
a 577 494 6
a 577 807 5
a 578 506 5
a 579 80 7
a 579 117 1
a 579 368 4
a 580 392 2
a 580 588 2
a 580 774 5
a 581 419 5
a 582 100 7
a 582 849 7
a 583 641 2
a 583 863 4
a 584 638 2
a 585 516 7
a 585 961 9
a 586 230 1
a 586 389 6
a 586 627 7
a 587 385 7
a 588 166 5
a 588 701 8
a 589 424 8
a 589 456 8
a 589 572 2
a 590 640 6
a 591 244 10
a 591 846 9
a 591 1000 7
a 592 122 10
a 592 424 10
a 592 628 10
a 593 370 7
a 594 40 9
a 594 430 8
a 595 783 5
a 596 668 5
a 597 136 7
a 597 247 5
a 597 354 10
a 597 411 6
a 598 89 1
a 598 700 5
a 599 133 8
a 599 961 6
a 599 964 5
a 600 15 5
a 600 605 9
a 600 635 1
a 600 766 1
a 600 899 7
a 601 161 2
a 601 260 9
a 601 334 9
a 601 715 9
a 602 274 3
a 602 784 5
a 602 879 6
a 603 30 8
a 603 542 6
a 604 174 9
a 605 818 8
a 606 638 5
a 606 788 1
a 606 972 7
a 606 989 4
a 607 455 1
a 607 646 5
a 608 280 6
a 609 30 10
a 610 240 1
a 610 492 7
a 611 49 2
a 611 56 2
a 611 84 8
a 612 401 6
a 612 697 1
a 613 181 3
a 613 231 8
a 614 679 9
a 615 537 7
a 616 195 8
a 616 821 1
a 617 135 6
a 618 714 2
a 618 753 6
a 618 759 2
a 618 861 10
a 619 428 7
a 619 621 2
a 620 372 8
a 621 92 5
a 621 463 3
a 621 647 9
a 622 67 1
a 622 584 4
a 623 143 8
a 623 390 6
a 623 442 4
a 623 723 3
a 624 496 9
a 624 996 4
a 625 36 10
a 625 287 6
a 625 944 4
a 625 960 9
a 626 49 1
a 626 291 3
a 627 174 7
a 627 242 9
a 627 616 7
a 628 272 1
a 628 504 9
a 628 995 10
a 629 491 8
a 630 12 8
a 630 460 2
a 630 822 7
a 631 896 4
a 632 296 2
a 632 526 4
a 633 146 9
a 633 318 9
a 633 901 10
a 634 215 9
a 634 729 6
a 635 152 4
a 635 217 10
a 635 828 4
a 635 935 8
a 636 904 9
a 637 568 5
a 638 544 9
a 639 311 7
a 639 690 4
a 639 834 2
a 640 91 10
a 640 637 2
a 641 349 2
a 641 785 3
a 642 534 10
a 643 301 8
a 643 577 8
a 644 529 9
a 644 839 6
a 644 885 6
a 645 569 10
a 645 808 4
a 645 980 4
a 646 466 9
a 647 172 7
a 648 901 2
a 649 140 4
a 649 914 9
a 650 163 5
a 650 214 10
a 650 325 7
a 650 424 7
a 650 833 8
a 651 107 2
a 651 661 4
a 652 114 7
a 652 248 10
a 653 650 8
a 653 661 3
a 654 461 8
a 654 720 7
a 654 809 8
a 655 88 2
a 656 272 2
a 657 654 1
a 658 378 7
a 658 978 7
a 659 822 4
a 660 412 7
a 660 619 2
a 660 742 10
a 660 982 8
a 661 141 8
a 662 282 3
a 662 324 3
a 662 356 6
a 662 768 6
a 663 860 1
a 664 666 4
a 664 677 10
a 665 11 5
a 665 544 5
a 666 721 3
a 666 962 9
a 667 179 7
a 668 394 9
a 668 807 7
a 669 35 6
a 670 314 4
a 671 336 2
a 672 419 5
a 672 929 4
a 672 994 7
a 673 531 4
a 673 631 4
a 674 139 2
a 674 227 1
a 674 290 3
a 674 740 9
a 675 632 3
a 675 918 10
a 675 958 7
a 676 288 6
a 677 255 1
a 677 344 9
a 677 672 1
a 677 875 10
a 677 978 2
a 678 325 4
a 679 781 10
a 680 103 7
a 680 689 4
a 681 159 9
a 681 525 6
a 681 889 4
a 682 187 7
a 682 317 5
a 683 160 5
a 683 945 5
a 684 975 1
a 685 295 3
a 685 951 8
a 686 582 3
a 687 10 3
a 687 142 6
a 688 772 1
a 689 292 9
a 690 621 6
a 691 248 4
a 691 801 7
a 692 327 3
a 692 738 8
a 692 851 10
a 693 149 4
a 693 762 4
a 693 920 3
a 694 564 2
a 695 305 5
a 696 900 1
a 697 3 3
a 697 470 7
a 698 186 2
a 698 209 7
a 698 246 10
a 698 852 9
a 699 65 5
a 699 924 8
a 700 291 2
a 700 409 3
a 701 38 2
a 701 339 2
a 702 778 4
a 703 360 10
a 703 706 1
a 703 803 5
a 704 7 2
a 704 134 5
a 704 239 6
a 704 584 1
a 705 285 3
a 705 410 7
a 706 106 10
a 707 378 6
a 707 486 1
a 708 748 4
a 708 835 10
a 709 177 10
a 710 506 8
a 710 524 4
a 710 642 9
a 710 810 5
a 711 892 9
a 712 723 9
a 713 205 2
a 713 398 6
a 713 837 7
a 714 499 4
a 714 781 4
a 715 52 10
a 715 241 4
a 715 392 10
a 715 483 1
a 715 571 8
a 715 599 5
a 715 789 3
a 715 913 7
a 715 921 9
a 716 108 6
a 717 585 5
a 717 656 4
a 717 976 5
a 718 210 7
a 718 421 10
a 719 717 6
a 719 827 10
a 719 861 8
a 720 539 6
a 720 543 3
a 720 554 2
a 721 160 9
a 721 788 6
a 722 839 1
a 722 880 2
a 723 306 10
a 724 35 9
a 724 336 6
a 724 662 10
a 724 988 6
a 725 45 8
a 725 614 8
a 725 846 10
a 726 657 10
a 727 131 4
a 727 263 6
a 728 286 5
a 728 973 8
a 729 263 6
a 729 478 9
a 729 908 6
a 730 888 10
a 730 938 2
a 731 74 3
a 731 110 9
a 731 258 3
a 732 215 1
a 732 622 4
a 733 187 6
a 733 716 1
a 734 323 10
a 734 996 8
a 735 347 3
a 735 779 5
a 735 901 6
a 736 95 2
a 736 298 10
a 737 375 4
a 737 376 4
a 738 3 4
a 739 15 8
a 740 508 4
a 740 580 5
a 741 514 3
a 741 883 9
a 742 81 6
a 742 245 3
a 742 485 5
a 743 154 6
a 743 284 2
a 744 265 1
a 745 32 4
a 745 161 8
a 745 905 9
a 746 125 10
a 747 56 4
a 747 659 3
a 747 781 5
a 748 854 6
a 749 931 5
a 750 825 8
a 751 672 8
a 752 570 7
a 753 299 4
a 753 838 5
a 753 914 3
a 754 622 9
a 754 640 6
a 755 107 7
a 755 315 6
a 755 501 10
a 756 321 7
a 756 473 8
a 757 316 6
a 757 590 7
a 757 710 4
a 758 280 4
a 759 770 2
a 759 852 4
a 759 979 4
a 760 63 1
a 761 317 3
a 762 91 3
a 762 774 7
a 762 857 5
a 763 111 2
a 763 523 8
a 764 132 10
a 765 305 7
a 765 543 5
a 765 956 5
a 766 355 7
a 766 412 6
a 767 888 9
a 768 733 2
a 769 298 9
a 769 416 7
a 770 623 9
a 770 776 1
a 771 492 4
a 772 583 3
a 773 252 4
a 773 871 8
a 773 911 6
a 774 472 9
a 774 619 6
a 774 868 5
a 775 114 5
a 775 660 6
a 776 423 8
a 776 764 8
a 777 240 7
a 777 348 5
a 777 433 8
a 778 411 5
a 779 746 6
a 779 956 10
a 780 25 8
a 780 504 7
a 781 137 1
a 781 342 7
a 782 326 1
a 782 419 6
a 782 955 1
a 783 534 10
a 783 792 8
a 784 877 5
a 785 802 2
a 786 95 9
a 786 686 3
a 787 387 8
a 787 539 3
a 788 532 8
a 788 585 10
a 789 659 6
a 790 172 5
a 790 373 8
a 791 543 7
a 792 872 1
a 793 705 7
a 794 89 2
a 795 167 9
a 795 445 4
a 796 201 4
a 797 371 10
a 798 471 9
a 798 813 4
a 799 74 6
a 799 329 10
a 799 441 8
a 800 684 3
a 801 219 6
a 801 484 2
a 801 576 6
a 802 155 6
a 802 641 2
a 802 720 10
a 802 806 5
a 803 370 9
a 804 233 2
a 805 167 5
a 806 774 4
a 807 576 8
a 807 598 8
a 807 676 6
a 808 135 8
a 808 137 8
a 808 173 4
a 809 284 3
a 809 766 3
a 810 329 9
a 810 433 5
a 810 653 6
a 811 866 8
a 812 12 7
a 812 19 6
a 812 695 1
a 813 799 7
a 813 926 8
a 814 528 6
a 815 69 10
a 815 83 5
a 815 451 8
a 815 781 8
a 815 811 10
a 816 361 8
a 816 846 2
a 817 229 9
a 817 874 1
a 818 268 4
a 819 42 7
a 819 891 9
a 820 595 10
a 820 712 9
a 821 411 10
a 821 537 9
a 821 673 3
a 821 845 10
a 821 949 7
a 822 973 10
a 823 528 9
a 823 796 6
a 824 776 7
a 825 649 9
a 825 810 8
a 825 981 2
a 826 89 9
a 826 787 8
a 827 223 8
a 828 118 2
a 828 434 8
a 828 943 7
a 829 141 3
a 830 64 7
a 831 340 7
a 831 562 3
a 832 402 5
a 832 752 4
a 832 947 8
a 833 647 7
a 834 526 6
a 835 487 8
a 836 471 8
a 836 841 9
a 837 535 5
a 837 985 2
a 838 470 6
a 838 483 10
a 839 188 1
a 839 767 1
a 839 912 9
a 840 849 6
a 840 896 7
a 840 973 2
a 841 546 4
a 841 968 10
a 842 784 1
a 843 415 4
a 843 610 7
a 843 643 1
a 844 887 1
a 845 641 6
a 846 37 7
a 846 86 10
a 846 246 7
a 847 234 1
a 847 395 9
a 847 823 1
a 848 211 3
a 848 500 8
a 848 764 1
a 849 75 3
a 849 506 6
a 850 308 9
a 850 878 10
a 851 278 3
a 851 566 9
a 851 631 5
a 852 132 1
a 853 817 5
a 853 825 6
a 853 899 3
a 854 294 8
a 854 577 10
a 855 311 5
a 855 454 7
a 855 715 3
a 856 978 1
a 857 248 10
a 857 411 6
a 857 870 5
a 858 484 4
a 858 659 5
a 859 855 4
a 860 794 7
a 861 780 5
a 862 921 10
a 862 963 6
a 863 171 1
a 864 398 7
a 864 450 10
a 865 711 5
a 866 231 8
a 867 112 9
a 868 694 8
a 869 574 5
a 869 726 2
a 870 437 8
a 870 735 2
a 871 155 8
a 872 67 4
a 872 169 6
a 873 172 5
a 874 95 9
a 874 885 5
a 875 72 10
a 876 147 8
a 876 232 7
a 876 622 10
a 877 223 5
a 877 680 1
a 878 40 5
a 878 130 8
a 878 834 5
a 879 170 6
a 880 730 2
a 881 844 8
a 882 176 3
a 882 324 6
a 882 601 1
a 883 201 9
a 883 749 4
a 884 137 1
a 884 468 1
a 884 798 7
a 884 830 4
a 885 583 5
a 885 966 7
a 886 131 3
a 886 152 2
a 886 965 1
a 887 358 10
a 887 874 8
a 888 626 7
a 888 648 6
a 889 694 5
a 889 855 9
a 890 336 8
a 891 59 1
a 891 177 1
a 892 921 8
a 893 312 5
a 893 702 1
a 894 80 1
a 895 16 3
a 895 440 7
a 896 2 3
a 896 612 2
a 897 309 2
a 897 415 3
a 898 194 3
a 898 883 5
a 899 108 6
a 899 173 2
a 899 404 8
a 899 705 1
a 900 799 9
a 901 290 8
a 901 545 9
a 902 463 5
a 902 934 7
a 903 518 5
a 903 788 10
a 903 964 5
a 904 388 8
a 904 680 1
a 905 196 1
a 905 459 2
a 906 721 8
a 907 219 10
a 907 790 6
a 907 989 4
a 908 972 9
a 909 823 9
a 910 707 3
a 910 815 10
a 911 239 2
a 911 843 2
a 912 76 7
a 912 928 2
a 913 40 10
a 913 216 10
a 914 477 4
a 914 803 1
a 915 21 3
a 916 432 10
a 916 501 6
a 917 620 5
a 917 777 7
a 918 458 4
a 918 727 3
a 918 814 4
a 919 206 5
a 919 561 5
a 920 7 4
a 920 709 3
a 921 71 6
a 921 100 4
a 922 218 6
a 922 571 9
a 922 757 2
a 923 79 7
a 923 89 10
a 923 138 8
a 923 561 9
a 923 866 8
a 924 109 8
a 924 954 5
a 925 319 1
a 926 13 1
a 926 589 4
a 927 446 6
a 928 617 2
a 928 778 6
a 929 274 3
a 929 312 10
a 929 669 6
a 929 721 8
a 930 384 9
a 930 772 5
a 930 873 2
a 931 128 4
a 931 353 5
a 932 730 2
a 932 758 3
a 933 121 6
a 933 362 7
a 933 663 2
a 934 135 8
a 935 48 3
a 935 90 10
a 935 467 6
a 935 528 6
a 936 175 3
a 936 262 4
a 936 458 3
a 937 447 3
a 937 802 4
a 938 165 10
a 938 302 2
a 938 371 8
a 938 434 9
a 939 540 3
a 939 549 9
a 939 630 4
a 940 126 2
a 941 5 4
a 941 925 8
a 942 276 5
a 942 751 10
a 943 208 4
a 943 627 2
a 943 629 10
a 944 99 1
a 944 119 3
a 944 345 7
a 945 256 3
a 945 866 3
a 946 457 9
a 946 661 8
a 947 118 2
a 948 77 9
a 948 256 8
a 948 883 3
a 949 510 7
a 949 545 4
a 950 191 4
a 951 17 4
a 951 727 3
a 952 904 8
a 953 800 3
a 954 565 2
a 955 373 7
a 955 701 1
a 956 466 5
a 956 642 5
a 956 840 5
a 957 654 3
a 958 426 1
a 958 827 8
a 959 570 8
a 959 731 3
a 960 230 9
a 960 618 6
a 960 957 3
a 961 83 1
a 961 786 3
a 962 438 10
a 962 780 9
a 962 872 3
a 963 615 7
a 963 931 5
a 964 21 4
a 964 208 7
a 965 72 4
a 965 210 7
a 965 846 7
a 966 393 3
a 967 34 8
a 967 323 1
a 967 812 3
a 968 455 8
a 968 887 8
a 969 125 7
a 969 470 1
a 970 161 4
a 970 224 4
a 971 571 10
a 972 304 9
a 972 713 2
a 973 388 1
a 973 636 2
a 974 10 8
a 974 132 10
a 974 909 9
a 975 351 5
a 975 453 8
a 975 827 10
a 976 212 8
a 976 667 10
a 977 710 7
a 978 302 7
a 979 148 6
a 979 340 10
a 979 348 7
a 979 446 10
a 979 850 6
a 980 798 4
a 981 59 10
a 982 51 10
a 982 560 2
a 983 290 5
a 984 466 10
a 985 750 1
a 986 287 6
a 986 489 6
a 987 640 3
a 987 741 10
a 987 962 2
a 988 958 2
a 989 204 7
a 989 313 2
a 989 339 7
a 990 617 8
a 991 212 7
a 991 349 3
a 992 276 6
a 992 449 6
a 992 474 1
a 992 512 2
a 993 176 7
a 993 836 6
a 994 504 4
a 995 443 8
a 995 967 1
a 996 441 9
a 997 120 8
a 997 227 9
a 997 858 6
a 998 305 7
a 998 358 5
a 999 431 8
a 999 596 3
a 999 929 8
