p max 1000 2000
n 1 s
n 1000 t
a 1 96 8
a 1 520 5
a 2 310 3
a 2 951 10
a 3 183 6
a 3 639 2
a 3 668 10
a 4 663 1
a 5 161 1
a 5 438 1
a 5 532 7
a 6 904 10
a 7 639 4
a 8 234 3
a 8 413 7
a 8 442 3
a 9 37 1
a 9 52 5
a 9 369 5
a 10 673 5
a 10 875 3
a 11 131 4
a 11 904 6
a 12 482 6
a 13 229 7
a 13 265 9
a 13 691 4
a 14 717 9
a 14 938 2
a 15 361 9
a 15 434 4
a 16 493 4
a 16 914 4
a 17 501 9
a 17 931 2
a 18 803 9
a 19 98 1
a 19 876 8
a 20 202 6
a 20 841 7
a 21 583 5
a 21 586 3
a 22 109 8
a 22 462 1
a 22 744 8
a 23 666 3
a 24 429 10
a 24 641 10
a 24 685 9
a 25 243 4
a 25 628 7
a 26 995 5
a 26 999 4
a 27 176 4
a 27 263 8
a 28 97 3
a 28 924 7
a 29 990 5
a 30 246 9
a 30 622 6
a 31 840 8
a 32 3 10
a 32 660 9
a 33 109 6
a 34 493 8
a 35 290 3
a 35 349 4
a 35 590 6
a 35 943 4
a 36 430 4
a 36 573 1
a 36 587 10
a 37 624 2
a 37 946 1
a 38 211 9
a 38 241 7
a 38 653 9
a 39 844 5
a 40 849 5
a 41 703 9
a 42 247 9
a 43 5 1
a 43 315 7
a 44 95 8
a 45 77 9
a 45 441 1
a 45 751 6
a 46 839 7
a 47 852 1
a 47 858 7
a 48 609 7
a 48 845 8
a 49 634 7
a 50 100 1
a 50 508 10
a 50 935 2
a 51 716 4
a 51 736 9
a 52 2 3
a 52 325 1
a 52 378 1
a 52 444 2
a 53 33 1
a 54 185 2
a 54 688 1
a 55 113 3
a 55 707 9
a 56 372 6
a 56 570 6
a 57 590 8
a 58 139 1
a 58 180 8
a 58 188 3
a 58 286 3
a 59 545 9
a 60 535 6
a 61 457 8
a 61 909 4
a 62 43 1
a 62 961 7
a 63 125 10
a 63 294 7
a 63 747 10
a 64 104 7
a 65 346 9
a 66 204 3
a 66 550 2
a 67 505 8
a 68 87 2
a 68 729 9
a 69 481 3
a 69 590 6
a 70 638 7
a 70 785 3
a 71 918 1
a 72 625 5
a 73 218 3
a 73 730 6
a 74 72 1
a 75 864 9
a 76 253 8
a 76 950 7
a 77 82 5
a 78 360 2
a 78 498 3
a 78 661 10
a 79 808 4
a 80 298 2
a 80 757 4
a 81 88 1
a 81 943 1
a 82 89 9
a 82 727 3
a 83 58 2
a 83 499 10
a 84 48 9
a 85 55 3
a 86 78 4
a 86 102 5
a 86 558 4
a 87 60 3
a 87 451 7
a 88 181 3
a 88 233 4
a 88 587 5
a 88 799 10
a 89 133 6
a 90 559 5
a 90 625 2
a 90 785 5
a 91 320 1
a 91 856 1
a 92 759 6
a 93 606 5
a 94 151 1
a 95 73 8
a 96 48 2
a 96 750 3
a 97 494 2
a 97 907 7
a 98 328 9
a 98 466 5
a 98 562 2
a 98 964 1
a 99 296 4
a 99 605 4
a 100 436 1
a 101 242 3
a 102 16 5
a 102 17 3
a 102 18 6
a 103 253 10
a 103 425 5
a 103 783 6
a 104 732 9
a 105 846 3
a 105 908 9
a 106 459 3
a 106 847 3
a 106 955 6
a 107 539 9
a 108 251 10
a 108 915 7
a 109 307 2
a 110 343 1
a 110 650 7
a 111 993 10
a 112 407 6
a 112 785 4
a 113 238 4
a 113 723 10
a 114 435 4
a 114 454 7
a 115 939 8
a 116 140 8
a 117 709 3
a 118 642 1
a 118 770 4
a 119 180 3
a 120 696 7
a 121 335 3
a 121 533 9
a 122 423 4
a 122 749 10
a 122 846 10
a 122 933 9
a 123 485 10
a 123 791 7
a 124 70 5
a 125 418 6
a 125 742 3
a 125 862 4
a 126 107 8
a 127 793 1
a 128 268 5
a 129 714 4
a 130 853 5
a 131 352 9
a 132 113 1
a 133 86 2
a 134 830 7
a 135 610 9
a 135 855 6
a 136 129 10
a 136 156 3
a 136 701 2
a 137 39 4
a 137 205 1
a 137 511 4
a 137 663 8
a 137 955 10
a 138 659 8
a 139 70 4
a 139 940 4
a 140 305 5
a 140 447 8
a 141 366 10
a 142 522 2
a 143 34 1
a 144 325 7
a 145 951 3
a 146 65 8
a 146 305 9
a 146 339 7
a 147 7 3
a 147 145 5
a 147 434 3
a 147 662 8
a 148 333 5
a 148 393 4
a 149 117 8
a 149 758 10
a 150 819 7
a 151 790 5
a 152 66 6
a 152 821 6
a 152 833 6
a 153 420 3
a 154 768 9
a 154 960 8
a 155 426 6
a 156 273 10
a 156 435 10
a 156 492 4
a 156 897 10
a 157 898 1
a 158 114 5
a 159 358 10
a 160 57 1
a 160 258 10
a 160 584 7
a 160 664 9
a 161 421 5
a 161 764 9
a 161 818 3
a 162 671 4
a 162 821 8
a 163 313 7
a 163 371 10
a 163 589 3
a 164 472 8
a 165 630 3
a 166 632 2
a 166 692 9
a 166 981 5
a 167 582 8
a 167 768 10
a 168 304 5
a 168 991 10
a 169 32 5
a 169 131 10
a 169 348 1
a 169 753 1
a 170 769 9
a 171 275 5
a 171 279 6
a 172 201 5
a 173 696 5
a 173 721 10
a 174 939 4
a 175 107 10
a 176 101 2
a 176 785 2
a 177 703 8
a 177 894 6
a 178 206 10
a 178 833 6
a 179 779 5
a 179 852 7
a 180 937 2
a 180 985 10
a 181 731 1
a 182 204 3
a 183 891 4
a 184 649 6
a 184 732 2
a 184 733 9
a 185 84 2
a 185 163 3
a 186 273 4
a 186 891 9
a 186 901 9
a 187 158 3
a 187 949 5
a 188 771 4
a 188 805 9
a 189 7 3
a 189 875 7
a 190 159 9
a 190 267 8
a 190 678 6
a 190 865 5
a 190 959 4
a 191 139 1
a 191 355 2
a 192 632 7
a 192 883 10
a 193 104 5
a 193 122 5
a 193 474 8
a 193 513 9
a 193 752 2
a 194 481 9
a 195 529 9
a 195 614 8
a 195 964 5
a 196 139 8
a 196 311 8
a 197 61 7
a 198 103 3
a 199 290 10
a 199 333 3
a 199 392 6
a 200 541 5
a 201 47 1
a 201 261 9
a 202 280 10
a 203 149 8
a 203 409 9
a 203 557 5
a 203 660 8
a 204 36 5
a 204 957 6
a 205 6 6
a 206 580 6
a 207 747 4
a 208 774 7
a 209 263 1
a 209 401 6
a 209 452 2
a 210 121 5
a 211 463 10
a 211 829 10
a 212 139 7
a 212 255 7
a 213 60 6
a 213 976 9
a 214 303 6
a 215 123 6
a 215 224 7
a 216 37 1
a 217 183 7
a 217 701 3
a 218 339 6
a 219 344 1
a 219 516 6
a 219 833 8
a 220 41 4
a 220 155 2
a 220 199 9
a 221 406 1
a 222 803 5
a 222 910 6
a 223 75 5
a 223 404 1
a 223 558 5
a 223 659 7
a 223 827 6
a 224 960 8
a 225 410 2
a 225 869 5
a 225 965 7
a 226 385 4
a 226 732 9
a 226 844 8
a 227 283 3
a 227 346 7
a 227 769 10
a 227 858 1
a 228 585 4
a 229 327 4
a 229 701 7
a 230 688 5
a 230 745 2
a 230 851 1
a 231 438 6
a 231 792 3
a 232 358 5
a 233 474 6
a 234 250 2
a 234 691 9
a 234 839 5
a 235 4 3
a 235 142 6
a 235 870 6
a 236 788 7
a 237 467 8
a 237 834 7
a 238 47 9
a 239 124 7
a 240 110 3
a 240 851 5
a 241 607 6
a 241 651 10
a 242 649 7
a 243 372 4
a 243 685 3
a 244 172 7
a 244 447 10
a 245 681 1
a 246 796 2
a 246 818 3
a 247 357 9
a 247 871 10
a 248 76 8
a 248 247 8
a 248 646 10
a 248 927 9
a 249 646 4
a 250 983 3
a 251 762 5
a 252 316 5
a 252 672 6
a 252 718 7
a 253 129 2
a 253 695 2
a 254 128 4
a 254 320 2
a 255 45 8
a 256 213 1
a 257 308 8
a 257 588 3
a 257 752 4
a 258 488 9
a 258 818 4
a 259 120 2
a 259 721 4
a 259 871 8
a 259 958 8
a 260 623 7
a 260 794 3
a 261 214 5
a 261 382 3
a 261 566 3
a 261 702 8
a 262 803 10
a 263 440 6
a 263 871 3
a 264 706 3
a 264 808 6
a 265 830 2
a 266 167 7
a 266 182 8
a 267 699 6
a 268 699 2
a 268 947 7
a 269 551 7
a 269 861 4
a 269 865 1
a 270 630 9
a 270 945 6
a 271 116 3
a 271 933 1
a 272 568 10
a 273 173 5
a 273 792 8
a 274 479 5
a 274 854 1
a 274 874 10
a 274 972 2
a 275 459 1
a 276 17 10
a 276 772 8
a 277 532 8
a 278 20 4
a 278 178 10
a 278 895 6
a 279 106 2
a 279 676 8
a 280 18 10
a 280 175 2
a 280 627 6
a 281 359 8
a 281 376 2
a 282 273 9
a 283 578 5
a 284 321 2
a 285 574 3
a 285 694 4
a 285 765 3
a 286 991 9
a 287 773 3
a 288 290 4
a 288 403 10
a 289 277 5
a 289 660 9
a 289 936 4
a 290 210 7
a 290 375 3
a 291 81 4
a 291 377 7
a 291 929 6
a 292 64 8
a 293 145 3
a 294 268 10
a 294 505 4
a 295 682 2
a 295 967 7
a 296 454 2
a 296 527 4
a 297 381 5
a 297 514 3
a 297 863 9
a 298 163 2
a 298 420 3
a 299 323 7
a 299 434 3
a 299 798 7
a 300 68 10
a 300 278 4
a 300 345 4
a 300 669 10
a 300 902 9
a 301 480 4
a 301 637 10
a 302 684 4
a 302 787 1
a 303 82 2
a 303 544 4
a 304 156 3
a 305 445 1
a 305 465 10
a 305 474 6
a 306 735 5
a 306 876 8
a 307 510 6
a 308 58 1
a 308 140 10
a 308 330 3
a 308 337 10
a 309 61 7
a 309 458 5
a 309 737 6
a 309 940 9
a 310 11 2
a 310 647 5
a 310 742 4
a 311 148 4
a 311 207 3
a 311 844 9
a 312 260 8
a 312 496 6
a 313 686 3
a 313 906 9
a 314 97 8
a 314 973 10
a 315 114 2
a 316 24 5
a 316 514 10
a 317 537 9
a 317 607 3
a 318 163 8
a 318 187 4
a 318 287 9
a 319 542 10
a 320 679 10
a 320 980 5
a 321 100 1
a 322 107 1
a 322 465 1
a 323 290 7
a 324 639 4
a 325 236 3
a 325 391 2
a 325 747 8
a 325 752 2
a 325 846 2
a 326 399 3
a 326 620 10
a 327 218 6
a 327 293 10
a 327 941 1
a 328 232 1
a 328 766 10
a 328 989 8
a 329 807 3
a 330 195 3
a 331 210 2
a 332 73 1
a 332 145 4
a 332 848 9
a 333 71 9
a 333 482 7
a 334 260 7
a 334 977 4
a 335 46 4
a 335 373 3
a 335 395 6
a 336 268 1
a 336 489 8
a 337 836 8
a 338 227 2
a 339 135 9
a 339 743 7
a 339 919 4
a 340 242 3
a 341 207 7
a 342 215 10
a 342 969 10
a 343 757 3
a 344 38 6
a 345 521 5
a 345 601 1
a 346 972 3
a 346 975 8
a 347 770 5
a 348 191 9
a 348 473 10
a 348 600 6
a 348 755 10
a 349 867 2
a 350 29 4
a 350 789 10
a 351 402 10
a 351 817 3
a 352 729 7
a 352 838 2
a 352 959 5
a 353 193 7
a 353 524 3
a 353 645 7
a 353 888 10
a 354 288 9
a 354 450 2
a 354 467 2
a 354 990 7
a 355 319 10
a 355 795 1
a 356 179 5
a 357 18 10
a 358 32 6
a 358 317 2
a 359 161 5
a 359 720 4
a 359 978 2
a 360 563 9
a 361 862 8
a 362 80 4
a 362 968 4
a 362 986 3
a 363 309 3
a 363 689 7
a 364 6 4
a 364 822 10
a 365 26 4
a 365 727 1
a 365 835 4
a 366 271 8
a 366 815 8
a 367 371 9
a 368 697 2
a 368 699 10
a 368 847 3
a 369 686 8
a 370 338 2
a 371 780 9
a 372 723 6
a 373 648 9
a 373 889 6
a 374 269 9
a 375 412 2
a 375 507 7
a 376 84 1
a 376 208 2
a 376 932 8
a 377 585 2
a 378 531 7
a 379 866 7
a 379 882 7
a 380 166 5
a 380 778 10
a 381 622 1
a 381 640 3
a 381 840 4
a 382 138 5
a 382 617 5
a 383 825 5
a 384 40 2
a 385 103 8
a 386 477 3
a 386 483 3
a 386 881 3
a 387 271 1
a 387 519 3
a 387 731 10
a 387 827 5
a 388 63 10
a 389 21 6
a 389 336 6
a 389 906 5
a 390 419 8
a 390 913 9
a 390 973 2
a 391 784 8
a 391 937 2
a 392 984 9
a 393 151 6
a 393 195 7
a 393 388 6
a 393 587 2
a 393 970 8
a 394 189 2
a 395 321 2
a 396 45 3
a 396 367 1
a 397 578 9
a 397 634 9
a 398 511 8
a 398 993 2
a 399 284 1
a 399 739 3
a 400 682 5
a 401 227 2
a 401 525 2
a 402 721 7
a 403 310 7
a 403 734 10
a 404 877 2
a 405 127 6
a 405 851 9
a 406 640 4
a 406 724 5
a 406 842 10
a 407 236 5
a 408 505 5
a 408 531 8
a 409 74 4
a 409 158 3
a 409 374 9
a 410 91 3
a 410 418 8
a 410 777 6
a 411 219 9
a 412 847 10
a 413 419 9
a 413 468 5
a 414 660 10
a 415 55 8
a 415 470 1
a 415 922 4
a 416 10 5
a 416 249 8
a 416 596 2
a 417 82 8
a 417 893 10
a 418 222 9
a 418 384 9
a 419 414 2
a 419 463 4
a 420 90 5
a 420 529 7
a 420 565 2
a 421 692 1
a 422 59 8
a 422 134 10
a 422 282 4
a 422 824 6
a 423 549 1
a 424 295 10
a 424 520 4
a 424 799 2
a 425 394 1
a 425 457 6
a 426 124 3
a 426 653 5
a 427 157 5
a 427 266 4
a 427 930 1
a 428 266 7
a 428 292 1
a 429 256 9
a 430 209 5
a 430 873 9
a 431 37 10
a 432 233 8
a 433 297 9
a 433 767 3
a 433 991 4
a 434 417 3
a 434 432 5
a 434 500 2
a 435 201 7
a 435 345 8
a 435 671 2
a 435 780 7
a 436 549 3
a 436 616 8
a 436 976 8
a 437 774 4
a 437 790 9
a 437 806 6
a 438 568 2
a 439 798 1
a 440 367 4
a 440 666 5
a 441 51 6
a 441 382 4
a 441 932 2
a 442 538 9
a 443 132 5
a 443 685 9
a 444 619 5
a 445 672 6
a 446 506 6
a 446 580 7
a 446 819 4
a 447 137 1
a 447 150 1
a 447 703 4
a 447 741 5
a 447 893 6
a 448 314 5
a 448 656 8
a 448 860 7
a 449 201 8
a 449 203 9
a 449 575 5
a 449 804 3
a 450 481 7
a 451 501 10
a 451 643 5
a 452 103 4
a 452 302 5
a 452 958 8
a 453 97 10
a 453 340 5
a 453 571 4
a 453 899 1
a 454 244 8
a 454 665 8
a 455 198 3
a 455 857 1
a 456 31 7
a 456 872 2
a 457 442 9
a 458 412 6
a 459 41 10
a 459 410 4
a 460 62 8
a 460 105 5
a 460 115 4
a 461 249 10
a 461 615 6
a 462 539 6
a 462 628 7
a 462 653 2
a 462 798 10
a 463 91 4
a 464 93 4
a 464 568 8
a 464 776 2
a 465 406 1
a 465 743 9
a 466 381 6
a 467 591 7
a 468 14 9
a 468 719 6
a 469 4 9
a 469 547 9
a 470 754 8
a 470 954 2
a 471 147 9
a 472 614 6
a 473 682 4
a 474 216 4
a 474 484 3
a 475 657 2
a 476 307 3
a 476 337 5
a 477 167 10
a 477 756 9
a 478 436 7
a 479 225 3
a 479 245 8
a 479 411 2
a 479 845 1
a 479 873 4
a 479 923 6
a 480 30 3
a 480 209 6
a 480 634 8
a 481 371 10
a 481 674 3
a 482 16 1
a 482 576 10
a 482 823 7
a 483 702 4
a 484 396 1
a 484 567 6
a 484 596 8
a 484 644 8
a 485 130 9
a 485 280 9
a 486 394 3
a 486 988 6
a 487 433 8
a 487 630 4
a 488 210 7
a 488 341 4
a 488 657 1
a 489 335 1
a 489 552 4
a 489 877 3
a 489 1000 3
a 490 69 9
a 490 948 5
a 490 967 7
a 491 106 3
a 491 249 7
a 492 51 7
a 492 223 7
a 493 23 6
a 493 488 10
a 493 841 1
a 494 52 1
a 494 169 10
a 494 364 6
a 495 249 1
a 496 274 2
a 496 679 3
a 497 181 10
a 498 95 10
a 498 148 3
a 498 379 2
a 498 917 5
a 499 846 6
a 500 60 7
a 500 889 4
a 501 553 5
a 501 800 5
a 502 173 8
a 502 755 5
a 502 939 4
a 503 50 4
a 503 136 8
a 504 6 7
a 504 726 4
a 504 792 9
a 505 655 1
a 506 362 9
a 506 956 10
a 507 344 10
a 508 579 4
a 508 672 2
a 508 736 5
a 508 801 2
a 509 171 2
a 509 667 2
a 509 909 4
a 510 548 8
a 510 602 2
a 511 338 6
a 511 569 4
a 511 847 3
a 511 981 10
a 512 431 2
a 512 511 2
a 512 892 6
a 513 184 8
a 514 417 7
a 514 695 4
a 514 708 2
a 515 979 2
a 516 542 8
a 517 151 7
a 518 440 5
a 518 897 7
a 519 96 3
a 519 416 7
a 520 80 4
a 520 487 8
a 521 112 10
a 521 169 6
a 521 380 1
a 522 812 9
a 522 943 3
a 522 1000 9
a 523 509 3
a 523 664 9
a 524 894 3
a 524 951 5
a 525 307 3
a 525 412 7
a 525 495 5
a 525 738 5
a 526 280 5
a 527 34 2
a 527 399 9
a 528 359 9
a 528 525 1
a 529 916 6
a 529 948 1
a 530 358 10
a 530 489 2
a 530 541 10
a 530 614 4
a 530 655 2
a 531 72 7
a 531 325 2
a 532 63 5
a 532 213 3
a 532 831 6
a 533 507 7
a 533 563 2
a 534 686 8
a 534 740 8
a 535 43 1
a 536 12 7
a 537 694 6
a 537 797 5
a 537 909 9
a 538 530 8
a 538 575 5
a 539 58 4
a 540 443 4
a 541 858 2
a 542 71 3
a 542 259 1
a 542 347 8
a 542 760 6
a 542 810 6
a 542 919 7
a 543 875 1
a 544 561 6
a 544 724 1
a 545 272 1
a 545 275 10
a 545 401 6
a 545 827 5
a 546 631 9
a 546 701 1
a 547 406 5
a 547 597 7
a 547 641 2
a 548 94 10
a 548 424 1
a 549 383 10
a 549 723 5
a 550 695 1
a 551 161 2
a 551 281 10
a 551 794 9
a 552 202 3
a 552 582 6
a 553 264 7
a 554 544 3
a 555 574 10
a 556 276 5
a 556 322 10
a 556 428 4
a 556 744 7
a 557 426 7
a 557 625 3
a 558 309 4
a 558 437 1
a 558 527 2
a 559 34 9
a 559 272 9
a 559 366 8
a 559 419 3
a 559 795 2
a 560 628 5
a 561 660 7
a 561 661 7
a 561 883 7
a 562 444 10
a 563 326 10
a 563 718 1
a 563 751 5
a 564 16 9
a 565 378 6
a 566 332 2
a 566 665 3
a 566 705 7
a 567 564 2
a 567 616 4
a 567 912 8
a 568 180 7
a 568 389 6
a 568 680 8
a 569 231 6
a 569 398 8
a 569 973 1
a 570 443 3
a 571 228 6
a 571 422 4
a 571 549 5
a 572 431 4
a 572 608 6
a 573 196 6
a 573 354 1
a 573 814 4
a 574 404 4
a 575 577 3
a 576 234 6
a 577 814 3
a 578 165 4
a 578 177 5
a 578 246 3
a 579 170 6
a 579 738 3
a 580 958 3
a 581 402 10
a 581 472 9
a 581 611 8
a 582 855 1
a 583 228 2
a 583 577 4
a 584 24 3
a 584 921 7
a 585 98 9
a 585 325 2
a 585 502 8
a 586 179 8
a 586 791 2
a 587 683 4
a 588 127 9
a 588 869 4
a 589 168 4
a 589 254 2
a 590 291 9
a 590 301 5
a 590 594 3
a 591 580 7
a 592 231 2
a 592 676 6
a 593 314 2
a 593 725 7
a 594 251 10
a 594 312 8
a 594 803 4
a 595 138 2
a 595 143 2
a 595 210 8
a 595 536 3
a 595 604 5
a 596 436 10
a 596 942 8
a 597 83 4
a 597 107 2
a 597 299 3
a 598 603 8
a 598 641 9
a 599 300 9
a 599 578 8
a 599 637 5
a 600 115 3
a 601 40 2
a 601 804 4
a 601 839 6
a 602 57 3
a 602 270 8
a 603 96 6
a 604 916 5
a 605 410 8
a 605 998 6
a 606 226 7
a 607 455 5
a 607 664 7
a 608 702 10
a 609 507 8
a 610 256 6
a 610 715 2
a 610 737 3
a 610 983 5
a 610 997 10
a 611 326 7
a 611 486 3
a 611 978 10
a 612 33 4
a 612 710 8
a 613 856 5
a 613 908 5
a 614 626 6
a 614 979 3
a 615 27 2
a 615 719 4
a 615 738 1
a 616 755 9
a 616 775 1
a 616 808 1
a 617 990 4
a 618 226 5
a 618 650 3
a 619 368 2
a 619 381 6
a 620 13 9
a 621 193 4
a 622 929 5
a 623 478 4
a 624 29 6
a 624 56 5
a 624 221 2
a 625 461 7
a 626 130 3
a 626 307 9
a 626 984 6
a 627 626 2
a 627 635 4
a 627 689 10
a 628 194 1
a 628 232 4
a 628 901 4
a 629 133 9
a 629 318 2
a 629 439 2
a 629 836 4
a 629 926 2
a 630 822 7
a 631 878 4
a 632 700 4
a 632 878 1
a 633 32 4
a 633 175 3
a 633 652 8
a 634 114 3
a 634 510 1
a 634 646 3
a 635 15 7
a 635 146 8
a 635 471 3
a 635 475 3
a 635 503 8
a 635 880 3
a 636 581 1
a 636 675 8
a 637 335 2
a 637 739 10
a 638 929 10
a 639 478 10
a 639 758 7
a 640 121 7
a 640 594 2
a 640 918 7
a 640 935 8
a 641 407 3
a 641 642 4
a 642 62 1
a 643 752 9
a 643 889 3
a 644 163 10
a 644 415 3
a 645 427 7
a 645 469 9
a 646 285 6
a 646 405 1
a 647 681 4
a 648 934 8
a 649 668 6
a 650 395 2
a 650 545 8
a 651 347 9
a 651 663 8
a 652 515 7
a 652 942 2
a 653 101 4
a 653 678 7
a 653 920 6
a 654 150 8
a 655 67 10
a 655 560 8
a 655 885 4
a 656 572 4
a 656 597 6
a 657 154 6
a 657 957 3
a 658 190 8
a 658 229 7
a 658 618 2
a 659 335 7
a 660 555 3
a 660 593 3
a 660 601 2
a 661 91 10
a 661 123 9
a 661 215 7
a 661 546 5
a 662 828 6
a 663 3 1
a 663 693 10
a 664 325 4
a 664 443 9
a 664 598 7
a 665 937 8
a 665 971 2
a 666 131 5
a 666 144 10
a 666 292 2
a 667 215 9
a 667 788 10
a 668 556 7
a 668 939 7
a 669 273 9
a 670 958 5
a 671 719 4
a 672 930 6
a 673 277 8
a 674 550 5
a 674 881 6
a 675 81 8
a 675 151 3
a 675 922 2
a 676 26 8
a 676 379 1
a 676 464 1
a 677 977 3
a 678 289 10
a 678 621 2
a 678 704 2
a 678 889 1
a 679 237 10
a 679 933 4
a 680 175 1
a 680 306 3
a 680 464 7
a 680 809 8
a 680 994 10
a 681 978 8
a 682 542 6
a 682 636 5
a 682 815 10
a 683 98 8
a 683 652 5
a 684 312 2
a 685 284 6
a 686 392 5
a 687 686 2
a 688 270 5
a 688 446 9
a 688 831 3
a 689 722 4
a 690 324 3
a 691 526 9
a 692 212 7
a 692 517 7
a 692 645 9
a 693 479 2
a 693 669 3
a 693 879 9
a 694 21 2
a 694 206 10
a 695 773 9
a 695 927 10
a 696 540 1
a 696 612 7
a 696 713 9
a 696 715 10
a 697 712 10
a 697 800 2
a 698 474 10
a 699 563 10
a 699 945 9
a 700 252 7
a 700 875 9
a 701 450 5
a 702 177 6
a 702 328 9
a 703 880 1
a 703 996 2
a 704 341 9
a 704 448 1
a 704 884 5
a 705 786 1
a 706 292 7
a 707 22 10
a 707 108 8
a 708 502 2
a 709 547 7
a 709 578 2
a 709 585 3
a 710 101 8
a 710 268 4
a 710 526 9
a 710 928 1
a 711 212 4
a 711 496 8
a 712 216 4
a 713 868 5
a 713 953 3
a 714 538 7
a 714 738 8
a 714 992 5
a 715 461 2
a 715 678 6
a 716 147 1
a 716 275 8
a 716 456 9
a 717 428 5
a 717 762 2
a 717 900 5
a 718 763 6
a 718 794 2
a 719 690 7
a 720 683 4
a 720 821 7
a 721 926 4
a 722 104 10
a 722 199 9
a 722 746 1
a 723 637 1
a 723 705 3
a 723 999 8
a 724 909 8
a 725 432 4
a 726 354 5
a 727 729 5
a 728 650 2
a 729 172 1
a 729 194 9
a 729 872 10
a 730 285 1
a 730 592 10
a 730 703 5
a 731 179 10
a 731 278 6
a 731 867 5
a 732 126 2
a 732 150 3
a 733 133 1
a 733 471 5
a 733 779 6
a 734 205 6
a 735 118 9
a 735 141 4
a 736 424 10
a 736 512 7
a 737 295 7
a 738 460 9
a 739 132 4
a 740 38 2
a 740 408 2
a 740 722 8
a 740 786 9
a 741 257 1
a 741 341 10
a 741 554 10
a 741 828 3
a 741 963 3
a 742 324 4
a 742 356 3
a 742 490 3
a 742 779 1
a 743 163 9
a 743 189 8
a 744 944 4
a 744 999 10
a 745 212 4
a 745 814 7
a 746 816 9
a 746 925 9
a 747 941 5
a 748 378 4
a 749 232 10
a 750 98 1
a 751 853 5
a 751 880 4
a 752 640 1
a 753 446 7
a 753 939 5
a 754 155 2
a 755 32 9
a 756 991 9
a 757 100 10
a 758 864 4
a 759 265 9
a 760 111 10
a 760 460 7
a 761 150 7
a 761 567 3
a 762 744 5
a 762 793 2
a 763 117 5
a 763 460 6
a 764 995 9
a 765 92 8
a 765 111 4
a 765 237 2
a 766 602 3
a 767 245 7
a 768 904 3
a 769 321 3
a 770 380 8
a 771 674 9
a 771 911 2
a 772 192 4
a 772 908 10
a 773 683 1
a 773 887 10
a 774 162 10
a 774 321 7
a 774 350 1
a 774 773 1
a 775 54 6
a 775 542 1
a 775 682 3
a 775 820 1
a 776 76 4
a 776 226 7
a 777 186 2
a 777 400 1
a 777 817 2
a 778 506 7
a 778 599 2
a 779 568 10
a 779 609 2
a 780 589 4
a 781 59 3
a 781 425 3
a 781 826 3
a 782 9 3
a 782 262 2
a 782 880 10
a 783 217 8
a 784 609 5
a 784 690 7
a 785 16 7
a 785 628 9
a 786 998 10
a 787 454 4
a 787 491 10
a 788 279 7
a 788 487 8
a 788 754 2
a 788 941 4
a 789 360 8
a 790 44 10
a 790 786 4
a 791 781 10
a 792 74 10
a 792 350 2
a 792 849 10
a 793 47 3
a 794 389 1
a 795 146 3
a 796 595 2
a 797 200 7
a 797 688 10
a 797 711 8
a 798 58 5
a 798 113 3
a 798 321 5
a 798 864 8
a 799 5 10
a 799 105 1
a 799 353 3
a 799 698 4
a 800 417 9
a 800 782 9
a 801 359 9
a 801 466 4
a 801 580 4
a 802 9 9
a 802 355 2
a 803 63 1
a 804 297 9
a 804 717 2
a 804 947 5
a 805 13 8
a 805 611 1
a 805 868 9
a 805 988 5
a 806 256 9
a 807 388 3
a 807 712 7
a 807 802 5
a 808 141 4
a 808 535 2
a 808 606 5
a 808 624 3
a 809 157 7
a 809 365 5
a 809 606 8
a 809 886 1
a 809 914 8
a 810 99 9
a 810 864 1
a 811 400 6
a 811 700 7
a 812 305 8
a 813 69 9
a 814 303 5
a 815 48 9
a 816 453 7
a 816 680 4
a 817 966 9
a 818 12 5
a 818 922 5
a 819 965 5
a 820 117 10
a 820 850 10
a 821 119 4
a 821 257 10
a 822 233 4
a 822 591 4
a 822 679 9
a 822 787 3
a 823 37 8
a 823 53 6
a 823 656 9
a 824 761 5
a 824 782 3
a 824 807 7
a 825 389 9
a 825 687 8
a 826 8 9
a 826 497 4
a 826 974 8
a 827 135 8
a 828 499 10
a 829 21 3
a 830 813 3
a 831 784 5
a 832 405 10
a 832 722 3
a 833 144 9
a 833 898 7
a 834 518 9
a 834 882 7
a 834 896 5
a 835 283 2
a 835 759 10
a 836 488 5
a 837 588 10
a 837 619 6
a 838 759 5
a 838 925 1
a 838 927 2
a 839 278 10
a 840 690 4
a 841 91 9
a 841 450 4
a 842 73 2
a 843 177 2
a 843 326 2
a 843 351 6
a 843 372 4
a 844 229 2
a 845 392 10
a 846 367 4
a 846 439 7
a 846 469 9
a 847 659 10
a 848 178 8
a 848 895 9
a 849 36 2
a 849 534 3
a 849 654 4
a 850 181 2
a 850 537 4
a 850 869 8
a 851 838 3
a 851 905 7
a 852 204 3
a 853 382 1
a 854 331 7
a 854 715 3
a 855 11 1
a 855 334 4
a 855 670 8
a 855 761 7
a 856 680 1
a 857 594 5
a 857 601 7
a 857 962 8
a 858 123 10
a 858 522 2
a 858 610 8
a 858 781 10
a 859 417 3
a 860 629 8
a 860 830 6
a 861 666 7
a 862 109 4
a 863 658 7
a 863 710 9
a 863 771 10
a 863 903 10
a 864 787 7
a 865 728 10
a 866 581 8
a 866 929 1
a 867 803 6
a 868 261 3
a 868 498 9
a 868 859 1
a 869 615 9
a 870 799 4
a 871 665 10
a 872 67 6
a 872 189 4
a 872 219 3
a 873 286 5
a 874 91 2
a 875 534 8
a 875 784 3
a 876 354 4
a 877 160 6
a 877 605 5
a 878 479 2
a 879 156 9
a 879 728 4
a 880 215 9
a 880 532 6
a 881 268 1
a 881 613 8
a 882 504 1
a 882 709 10
a 883 110 7
a 884 42 10
a 884 237 1
a 884 329 7
a 885 413 10
a 885 980 3
a 886 353 6
a 887 427 4
a 888 103 7
a 889 510 8
a 890 33 4
a 890 354 3
a 890 424 4
a 891 342 8
a 891 716 7
a 891 890 1
a 892 900 6
a 893 240 10
a 893 637 7
a 894 28 1
a 894 442 4
a 895 69 4
a 895 174 1
a 895 315 10
a 895 390 10
a 895 857 6
a 896 674 8
a 897 301 3
a 897 586 8
a 898 54 7
a 898 982 5
a 899 496 2
a 900 64 10
a 900 152 3
a 900 248 7
a 900 868 7
a 901 166 1
a 901 352 5
a 902 202 5
a 902 220 6
a 902 589 8
a 903 548 6
a 903 859 8
a 904 362 9
a 904 884 3
a 904 918 4
a 905 56 3
a 905 315 9
a 906 269 3
a 906 632 5
a 907 48 1
a 907 370 9
a 907 488 4
a 907 856 3
a 908 85 8
a 908 861 7
a 909 133 10
a 910 386 5
a 911 196 9
a 912 980 7
a 913 296 4
a 913 621 7
a 913 739 6
a 914 286 3
a 915 259 5
a 916 173 4
a 917 166 5
a 917 507 4
a 918 25 7
a 918 145 7
a 918 363 8
a 918 714 8
a 918 795 3
a 919 324 6
a 919 405 5
a 920 659 9
a 920 825 4
a 921 736 2
a 921 774 10
a 922 76 3
a 922 914 9
a 923 727 3
a 923 971 7
a 924 874 1
a 925 363 4
a 926 502 6
a 927 783 8
a 928 456 4
a 928 480 9
a 929 65 6
a 930 397 9
a 930 871 3
a 931 484 7
a 932 38 9
a 932 298 5
a 932 303 4
a 933 43 4
a 933 182 9
a 933 253 6
a 933 640 3
a 934 897 5
a 935 79 2
a 935 197 9
a 935 222 4
a 936 258 8
a 936 386 4
a 936 837 6
a 937 329 6
a 938 629 9
a 938 755 1
a 939 775 8
a 940 33 1
a 940 497 6
a 940 898 4
a 941 476 8
a 941 751 3
a 942 842 9
a 943 968 7
a 943 987 4
a 944 560 8
a 945 927 9
a 946 462 1
a 946 611 9
a 946 813 10
a 947 136 7
a 947 364 5
a 947 541 5
a 948 387 1
a 949 112 3
a 949 633 1
a 950 619 5
a 951 239 5
a 951 376 4
a 952 248 1
a 952 387 3
a 952 677 10
a 952 1000 2
a 953 135 8
a 953 481 6
a 953 595 1
a 953 909 10
a 954 183 3
a 954 235 8
a 955 4 5
a 955 643 3
a 956 544 4
a 956 811 10
a 956 966 1
a 957 554 10
a 957 682 6
a 958 486 3
a 959 184 2
a 959 254 5
a 959 840 2
a 960 878 10
a 961 731 2
a 962 548 3
a 963 217 1
a 963 579 5
a 963 641 10
a 963 715 9
a 964 164 5
a 964 183 10
a 964 543 5
a 965 132 7
a 965 907 6
a 966 153 1
a 966 939 6
a 967 106 5
a 968 974 4
a 969 209 7
a 969 748 3
a 970 734 2
a 970 952 1
a 971 482 3
a 972 747 6
a 973 51 5
a 973 285 3
a 973 449 2
a 974 146 1
a 975 19 7
a 975 938 2
a 976 216 10
a 977 40 3
a 977 352 7
a 977 492 1
a 977 528 2
a 978 22 5
a 978 708 3
a 979 843 6
a 979 853 8
a 979 934 6
a 980 597 8
a 980 863 5
a 981 238 10
a 981 599 3
a 981 896 10
a 982 86 10
a 982 137 4
a 982 388 1
a 982 504 7
a 983 242 7
a 983 470 10
a 984 238 3
a 985 216 9
a 985 550 2
a 986 69 2
a 986 829 3
a 987 204 6
a 987 437 7
a 988 264 10
a 988 496 5
a 989 35 9
a 989 403 1
a 990 523 2
a 990 967 4
a 991 288 2
a 991 942 2
a 992 968 1
a 993 486 10
a 993 832 5
a 994 49 6
a 994 195 5
a 995 754 8
a 996 230 2
a 996 499 5
a 997 72 1
a 997 632 6
a 998 79 8
a 998 590 3
a 998 681 1
a 999 159 5
a 999 373 10
