p max 1000 2000
n 1 s
n 1000 t
a 1 410 3
a 2 660 6
a 2 999 6
a 3 30 4
a 3 107 1
a 3 400 10
a 3 911 4
a 3 979 4
a 4 835 2
a 5 134 1
a 5 864 6
a 6 21 8
a 6 353 6
a 6 479 9
a 7 163 9
a 8 365 6
a 9 372 3
a 9 905 8
a 10 345 9
a 11 414 8
a 12 496 2
a 12 560 1
a 13 456 4
a 13 486 7
a 13 833 9
a 14 664 5
a 14 723 3
a 15 556 5
a 15 853 4
a 16 313 8
a 16 399 9
a 16 859 9
a 17 674 5
a 18 11 5
a 18 53 5
a 19 191 6
a 19 395 9
a 19 528 9
a 19 793 8
a 20 758 9
a 20 809 10
a 20 947 4
a 21 166 1
a 22 368 8
a 22 481 7
a 23 301 7
a 23 883 5
a 24 391 1
a 25 207 5
a 25 478 3
a 25 815 10
a 26 268 5
a 26 381 8
a 26 542 6
a 26 775 6
a 27 833 9
a 28 22 4
a 28 423 8
a 28 544 7
a 28 709 8
a 29 537 5
a 29 776 9
a 30 50 6
a 31 582 6
a 32 552 8
a 33 348 9
a 33 682 6
a 34 830 8
a 35 253 10
a 35 609 8
a 35 776 10
a 36 324 4
a 37 176 2
a 37 546 5
a 37 976 6
a 38 691 4
a 39 425 8
a 40 75 2
a 40 834 8
a 41 9 7
a 41 455 1
a 41 862 1
a 42 236 2
a 42 554 4
a 42 771 4
a 43 405 1
a 43 658 9
a 43 718 9
a 43 848 3
a 44 637 4
a 44 990 9
a 45 879 5
a 46 629 3
a 46 652 4
a 47 526 3
a 48 255 6
a 49 538 7
a 50 83 8
a 51 543 9
a 51 857 7
a 52 294 6
a 52 318 9
a 53 723 9
a 53 899 5
a 54 117 4
a 54 448 3
a 54 561 4
a 55 113 3
a 56 195 1
a 57 33 3
a 57 131 6
a 58 507 10
a 59 818 3
a 60 46 9
a 60 330 6
a 60 331 5
a 60 332 3
a 60 698 4
a 61 94 4
a 61 543 10
a 62 192 8
a 62 430 7
a 62 862 4
a 63 287 10
a 63 645 7
a 64 82 3
a 64 807 8
a 65 143 5
a 65 190 8
a 65 257 2
a 65 353 8
a 65 415 4
a 66 351 7
a 66 789 8
a 67 480 10
a 67 652 1
a 68 915 4
a 69 362 3
a 70 436 3
a 71 304 7
a 71 370 9
a 71 456 3
a 72 760 7
a 73 57 4
a 73 242 7
a 74 295 3
a 75 739 4
a 76 712 1
a 76 761 4
a 77 622 3
a 78 229 9
a 78 695 3
a 79 299 3
a 79 789 10
a 80 256 10
a 80 438 10
a 81 18 6
a 81 638 9
a 82 68 10
a 82 725 9
a 82 948 9
a 83 430 5
a 84 392 10
a 84 569 9
a 84 700 2
a 85 364 2
a 86 567 6
a 86 630 2
a 87 783 9
a 88 517 9
a 88 606 4
a 88 703 9
a 89 200 2
a 90 102 7
a 90 896 1
a 91 705 6
a 92 993 10
a 93 355 5
a 94 138 4
a 95 838 1
a 96 341 1
a 96 521 8
a 96 570 5
a 97 235 4
a 97 976 6
a 98 579 5
a 99 601 8
a 99 715 3
a 99 749 4
a 100 87 10
a 100 233 9
a 101 219 4
a 102 801 2
a 102 885 6
a 103 761 2
a 103 849 5
a 104 539 8
a 105 163 10
a 105 388 6
a 105 748 4
a 106 619 6
a 106 699 6
a 106 875 3
a 107 524 8
a 107 759 8
a 107 852 6
a 108 197 1
a 109 210 10
a 109 314 1
a 109 837 2
a 110 646 10
a 111 122 5
a 111 300 1
a 111 452 3
a 112 102 10
a 112 131 4
a 113 492 5
a 113 580 2
a 113 627 8
a 114 612 3
a 115 249 7
a 115 253 1
a 115 587 10
a 116 277 5
a 116 889 3
a 117 373 1
a 117 827 1
a 117 968 3
a 118 460 4
a 119 675 5
a 120 170 2
a 120 482 2
a 121 932 4
a 122 642 5
a 123 319 10
a 124 558 4
a 124 766 7
a 125 340 5
a 125 819 8
a 126 146 5
a 126 638 5
a 126 931 10
a 127 117 3
a 127 654 8
a 128 507 3
a 129 198 6
a 130 13 7
a 131 563 3
a 131 860 2
a 132 541 8
a 133 78 3
a 133 171 4
a 133 663 4
a 133 976 3
a 134 62 2
a 134 622 6
a 135 120 9
a 136 89 7
a 136 406 5
a 136 980 10
a 137 970 5
a 138 30 10
a 139 25 9
a 139 307 5
a 139 363 7
a 140 6 5
a 140 30 6
a 140 735 2
a 141 345 9
a 141 601 3
a 142 909 8
a 143 81 1
a 143 407 9
a 143 738 8
a 144 324 7
a 145 300 4
a 145 790 3
a 146 182 2
a 147 392 6
a 148 49 1
a 148 213 3
a 148 620 7
a 149 665 1
a 149 806 10
a 149 971 1
a 150 177 4
a 150 409 1
a 151 125 10
a 151 238 10
a 151 361 1
a 152 66 4
a 152 281 6
a 152 768 9
a 153 96 3
a 153 108 7
a 153 226 4
a 154 494 7
a 155 244 6
a 155 631 7
a 156 329 3
a 156 603 6
a 156 853 6
a 157 511 5
a 157 863 7
a 157 958 10
a 158 4 4
a 159 384 8
a 160 17 8
a 160 300 3
a 161 570 2
a 161 938 10
a 162 767 9
a 162 992 2
a 163 638 3
a 164 45 5
a 165 846 4
a 166 150 5
a 166 228 4
a 167 238 10
a 167 667 9
a 168 240 6
a 168 577 8
a 169 463 6
a 169 702 3
a 169 781 6
a 169 934 4
a 170 555 4
a 170 578 8
a 170 659 3
a 171 246 1
a 171 322 7
a 171 686 9
a 171 771 2
a 172 454 3
a 173 394 7
a 174 263 1
a 174 627 10
a 174 986 8
a 175 361 7
a 175 564 3
a 176 259 1
a 176 869 9
a 176 988 6
a 177 491 7
a 177 638 2
a 178 91 5
a 178 121 5
a 179 236 5
a 180 126 3
a 180 596 8
a 180 884 9
a 181 114 8
a 181 161 1
a 182 262 1
a 182 808 9
a 183 188 7
a 183 405 5
a 184 317 6
a 184 706 9
a 184 946 6
a 185 175 5
a 186 416 10
a 186 518 10
a 187 131 1
a 187 399 7
a 188 156 9
a 188 943 3
a 189 473 6
a 189 489 5
a 189 557 3
a 190 325 4
a 190 397 10
a 190 482 1
a 191 644 1
a 191 813 8
a 191 902 9
a 192 831 7
a 192 842 6
a 193 132 2
a 193 323 8
a 193 545 4
a 194 789 1
a 194 876 3
a 195 591 4
a 195 851 9
a 196 366 6
a 197 505 9
a 198 44 3
a 198 873 1
a 198 983 8
a 199 191 9
a 199 864 6
a 200 835 10
a 201 314 1
a 202 804 2
a 203 53 6
a 203 856 3
a 203 913 6
a 203 935 4
a 204 889 6
a 205 204 9
a 205 602 10
a 205 659 5
a 206 56 8
a 206 401 10
a 206 963 8
a 207 140 2
a 207 322 2
a 207 925 9
a 208 184 1
a 208 288 6
a 209 250 3
a 210 24 7
a 210 169 8
a 210 725 3
a 211 507 6
a 211 639 3
a 212 690 4
a 212 963 9
a 213 40 9
a 213 383 3
a 213 651 1
a 214 51 7
a 214 173 4
a 214 413 7
a 214 492 3
a 215 55 8
a 216 405 9
a 217 696 6
a 218 469 4
a 218 697 6
a 219 263 7
a 220 476 5
a 220 720 9
a 221 13 7
a 221 243 3
a 221 728 7
a 222 164 8
a 222 539 5
a 222 648 10
a 222 890 10
a 223 739 1
a 223 748 10
a 223 843 7
a 223 897 3
a 224 605 7
a 224 782 7
a 225 377 2
a 225 650 10
a 226 794 3
a 226 983 7
a 227 875 6
a 228 244 6
a 228 330 1
a 228 622 7
a 229 398 5
a 230 121 10
a 230 791 7
a 230 975 2
a 231 20 3
a 231 773 6
a 232 489 5
a 232 884 2
a 233 376 4
a 233 449 1
a 234 13 5
a 234 365 7
a 234 588 3
a 235 180 7
a 236 833 6
a 237 514 9
a 238 32 4
a 238 852 9
a 239 335 7
a 239 672 10
a 239 847 1
a 240 368 5
a 240 528 4
a 241 284 9
a 241 347 8
a 242 649 2
a 242 685 6
a 243 414 10
a 243 522 9
a 243 600 1
a 243 729 8
a 244 999 2
a 245 188 7
a 246 161 9
a 246 636 5
a 247 120 4
a 247 563 8
a 247 727 3
a 247 767 3
a 248 97 7
a 248 233 7
a 248 424 10
a 248 640 1
a 249 321 4
a 249 760 4
a 249 942 5
a 250 551 8
a 250 834 9
a 251 648 2
a 252 452 1
a 253 118 5
a 253 309 2
a 253 444 6
a 254 120 1
a 254 978 9
a 255 532 10
a 255 893 8
a 256 734 8
a 256 757 8
a 257 26 5
a 257 105 6
a 257 130 1
a 257 419 7
a 257 907 8
a 258 687 10
a 258 923 8
a 259 547 6
a 259 943 4
a 260 763 7
a 261 91 9
a 262 224 6
a 262 293 8
a 263 375 1
a 263 468 1
a 263 887 3
a 264 6 8
a 265 72 5
a 265 761 4
a 266 298 10
a 266 633 10
a 267 143 8
a 268 278 2
a 268 734 1
a 269 411 7
a 270 988 4
a 270 998 1
a 271 655 10
a 272 603 3
a 273 183 5
a 273 333 5
a 273 746 10
a 273 850 5
a 274 465 9
a 274 922 9
a 275 66 2
a 276 47 10
a 276 709 4
a 277 84 5
a 277 242 6
a 277 638 9
a 278 336 10
a 278 564 6
a 278 665 8
a 279 198 6
a 279 626 2
a 279 770 1
a 279 817 8
a 279 972 9
a 280 344 1
a 280 437 4
a 280 557 2
a 281 413 4
a 281 574 10
a 282 181 6
a 282 260 2
a 282 277 8
a 283 306 9
a 284 566 2
a 285 8 6
a 286 167 9
a 286 320 1
a 286 502 4
a 287 397 5
a 287 646 9
a 288 23 2
a 288 432 8
a 288 726 7
a 289 276 10
a 289 514 10
a 290 724 1
a 290 841 5
a 290 867 8
a 291 83 2
a 291 616 8
a 292 698 6
a 293 672 3
a 294 299 3
a 295 111 10
a 295 628 8
a 296 118 6
a 296 484 2
a 297 71 9
a 297 73 2
a 297 927 5
a 298 28 6
a 298 901 3
a 299 723 5
a 299 744 10
a 300 945 1
a 301 394 6
a 301 403 9
a 301 579 4
a 301 889 8
a 302 77 1
a 302 817 5
a 302 926 3
a 303 258 10
a 303 684 4
a 303 949 9
a 304 980 2
a 305 434 4
a 305 466 1
a 305 853 6
a 306 349 10
a 306 495 10
a 306 928 4
a 307 157 6
a 307 907 6
a 308 33 3
a 308 818 1
a 308 843 9
a 309 661 7
a 310 481 1
a 310 710 8
a 311 43 5
a 311 524 3
a 312 24 1
a 313 280 10
a 313 425 1
a 313 483 10
a 314 104 4
a 314 249 6
a 314 308 10
a 314 785 7
a 315 458 3
a 315 497 7
a 315 550 8
a 316 369 2
a 316 389 9
a 317 32 7
a 318 126 3
a 318 340 4
a 318 502 1
a 319 367 3
a 320 892 3
a 321 278 2
a 322 59 8
a 322 416 6
a 322 820 3
a 322 918 2
a 323 34 6
a 323 470 2
a 324 377 6
a 324 861 10
a 325 48 2
a 325 641 2
a 325 844 7
a 326 637 1
a 326 732 7
a 327 971 9
a 328 506 6
a 328 714 10
a 329 531 9
a 329 690 8
a 329 767 8
a 330 303 2
a 330 783 10
a 330 985 8
a 331 145 5
a 331 154 3
a 332 136 7
a 332 638 2
a 332 699 6
a 333 168 7
a 333 882 10
a 334 166 8
a 334 512 5
a 334 968 5
a 335 420 8
a 336 865 5
a 337 792 2
a 338 772 5
a 339 148 10
a 339 217 1
a 339 883 5
a 340 96 10
a 340 574 4
a 340 747 10
a 341 595 8
a 342 679 9
a 342 960 4
a 343 90 4
a 343 501 3
a 343 513 1
a 344 223 6
a 344 666 3
a 344 854 2
a 345 12 5
a 345 191 6
a 345 513 7
a 346 460 3
a 346 528 6
a 347 248 2
a 348 138 9
a 349 475 3
a 350 119 8
a 350 390 8
a 350 877 6
a 351 14 7
a 351 80 4
a 351 153 10
a 351 241 10
a 351 535 8
a 352 110 2
a 353 335 5
a 353 807 3
a 354 115 3
a 354 249 8
a 355 125 1
a 356 709 3
a 357 202 7
a 358 7 8
a 358 122 5
a 359 269 8
a 359 274 2
a 359 782 8
a 359 836 3
a 360 39 9
a 360 310 7
a 361 817 9
a 361 895 9
a 362 272 9
a 363 213 3
a 363 704 5
a 364 184 7
a 365 65 10
a 365 987 3
a 366 745 2
a 366 939 6
a 367 80 8
a 368 213 7
a 368 281 7
a 369 285 9
a 369 441 4
a 369 613 6
a 369 855 10
a 370 74 9
a 371 102 1
a 371 412 7
a 371 865 5
a 372 12 1
a 372 39 10
a 372 416 10
a 372 693 1
a 373 805 9
a 373 826 3
a 374 392 7
a 374 854 8
a 375 59 8
a 375 292 7
a 376 27 3
a 376 39 8
a 377 251 6
a 377 259 1
a 377 965 7
a 378 260 8
a 378 983 4
a 379 645 3
a 380 390 7
a 380 519 1
a 380 894 6
a 381 25 7
a 381 474 10
a 381 881 9
a 381 909 3
a 382 709 2
a 383 155 2
a 383 311 7
a 383 450 3
a 384 222 5
a 384 716 9
a 385 109 2
a 385 411 5
a 386 812 3
a 387 374 5
a 387 687 2
a 387 994 9
a 388 118 10
a 388 718 8
a 389 779 10
a 389 823 2
a 390 61 10
a 390 443 4
a 391 882 6
a 392 557 4
a 393 218 2
a 393 590 2
a 393 916 3
a 394 346 6
a 394 580 10
a 395 97 4
a 395 775 7
a 395 791 9
a 396 36 4
a 396 179 4
a 396 689 7
a 397 618 4
a 397 652 1
a 397 680 6
a 398 859 5
a 399 376 9
a 400 944 8
a 401 9 10
a 401 973 6
a 402 216 7
a 403 903 9
a 403 966 9
a 404 31 1
a 405 854 3
a 406 497 5
a 407 165 10
a 407 290 10
a 408 195 9
a 408 653 5
a 408 790 5
a 409 80 4
a 409 284 6
a 410 178 6
a 410 256 10
a 411 393 4
a 411 769 8
a 412 637 6
a 413 409 5
a 414 168 4
a 414 531 2
a 415 299 3
a 416 361 10
a 417 231 4
a 418 977 10
a 419 344 10
a 419 878 8
a 420 64 8
a 420 448 1
a 420 824 2
a 421 195 3
a 421 553 10
a 422 655 6
a 422 754 2
a 423 397 6
a 424 227 8
a 425 121 8
a 425 261 5
a 425 887 4
a 426 389 1
a 427 552 2
a 427 585 1
a 427 950 9
a 428 797 3
a 428 945 3
a 429 329 7
a 430 209 5
a 430 382 4
a 430 772 10
a 431 301 9
a 431 614 9
a 432 41 8
a 432 797 7
a 433 67 7
a 433 890 6
a 434 99 1
a 434 243 9
a 434 789 9
a 435 719 5
a 435 774 9
a 435 934 8
a 436 124 2
a 437 477 2
a 437 642 4
a 437 911 2
a 437 996 5
a 438 737 6
a 439 60 1
a 439 730 5
a 440 123 9
a 441 182 1
a 441 197 8
a 442 262 10
a 443 864 4
a 444 400 3
a 444 892 2
a 445 404 7
a 446 283 3
a 446 591 7
a 446 917 1
a 447 208 5
a 447 317 1
a 447 733 10
a 447 920 3
a 448 788 4
a 449 158 3
a 449 455 1
a 449 936 8
a 450 598 4
a 450 654 9
a 451 322 5
a 451 338 1
a 451 615 10
a 452 836 2
a 453 63 9
a 453 147 2
a 453 271 3
a 454 107 5
a 455 277 5
a 455 339 6
a 456 219 6
a 456 237 3
a 456 777 10
a 457 577 4
a 458 286 6
a 458 316 3
a 458 511 5
a 459 622 9
a 460 112 2
a 460 740 6
a 461 116 1
a 461 982 3
a 462 237 4
a 462 415 3
a 463 45 6
a 463 146 5
a 463 625 1
a 463 962 2
a 464 86 6
a 464 358 1
a 464 408 10
a 465 382 5
a 466 64 1
a 467 442 3
a 467 451 9
a 468 453 7
a 468 525 8
a 468 647 6
a 469 927 2
a 470 256 10
a 470 636 7
a 471 68 9
a 471 127 6
a 471 239 10
a 471 787 9
a 472 418 6
a 472 942 10
a 473 448 4
a 474 71 4
a 474 763 7
a 475 682 3
a 476 526 1
a 476 691 6
a 476 796 10
a 477 313 2
a 477 932 10
a 478 297 6
a 478 315 3
a 478 769 3
a 479 79 9
a 479 997 6
a 480 9 8
a 481 2 3
a 481 597 3
a 481 842 2
a 481 977 2
a 482 37 9
a 482 496 4
a 483 365 3
a 483 697 1
a 484 793 4
a 485 840 5
a 485 911 5
a 486 613 6
a 487 258 2
a 488 309 2
a 488 755 5
a 489 85 5
a 490 805 8
a 491 408 1
a 491 445 6
a 492 189 8
a 492 264 2
a 493 735 6
a 494 697 4
a 495 470 3
a 496 267 2
a 496 791 4
a 496 952 4
a 497 102 9
a 497 304 6
a 497 576 7
a 498 270 7
a 498 774 1
a 499 829 5
a 499 947 1
a 500 612 3
a 501 289 6
a 501 566 8
a 501 670 9
a 502 531 2
a 503 638 2
a 504 307 2
a 504 792 3
a 505 592 9
a 505 800 7
a 506 214 6
a 506 871 9
a 507 780 3
a 508 388 9
a 508 679 3
a 509 510 9
a 509 900 10
a 510 119 9
a 511 532 5
a 512 870 7
a 513 50 4
a 513 710 3
a 514 413 5
a 515 352 3
a 515 385 10
a 515 954 9
a 516 187 10
a 516 691 7
a 516 825 4
a 516 938 8
a 517 827 6
a 518 224 7
a 518 899 10
a 519 23 6
a 519 422 1
a 519 509 1
a 520 495 6
a 521 196 6
a 522 473 7
a 522 536 9
a 523 16 3
a 523 840 3
a 524 563 9
a 525 456 10
a 526 178 1
a 526 184 10
a 527 558 9
a 527 757 5
a 527 973 8
a 527 985 8
a 528 404 4
a 528 568 5
a 528 689 2
a 529 250 7
a 529 863 10
a 529 908 4
a 530 265 1
a 530 474 4
a 531 766 9
a 532 758 6
a 532 836 6
a 533 391 3
a 533 452 3
a 534 733 2
a 535 997 8
a 536 296 9
a 537 411 6
a 537 472 5
a 538 671 1
a 538 830 3
a 539 924 1
a 540 305 8
a 540 598 5
a 541 709 6
a 542 436 3
a 542 604 3
a 542 898 7
a 542 962 4
a 543 57 2
a 543 688 8
a 543 807 3
a 543 868 7
a 544 23 1
a 545 621 7
a 545 898 2
a 546 814 6
a 547 609 2
a 548 791 4
a 548 806 6
a 549 675 10
a 549 832 5
a 550 42 9
a 550 194 10
a 550 383 8
a 550 509 7
a 550 993 2
a 551 500 4
a 551 506 7
a 552 885 8
a 553 488 8
a 553 677 4
a 554 633 5
a 554 844 3
a 555 44 10
a 555 79 7
a 555 846 8
a 556 184 9
a 557 322 10
a 558 431 6
a 558 660 3
a 559 287 8
a 559 731 5
a 559 929 5
a 559 999 7
a 560 4 3
a 560 512 4
a 560 764 9
a 561 199 7
a 561 247 2
a 561 802 8
a 562 252 5
a 562 299 9
a 562 378 5
a 563 461 8
a 563 605 10
a 563 899 8
a 564 212 3
a 565 771 4
a 566 349 10
a 567 655 9
a 568 979 4
a 569 572 9
a 569 648 3
a 569 662 2
a 570 705 7
a 571 32 1
a 571 512 7
a 571 995 8
a 572 2 3
a 572 343 6
a 573 271 9
a 573 934 10
a 574 271 7
a 574 961 10
a 575 359 10
a 575 469 6
a 575 773 1
a 576 377 3
a 577 458 1
a 578 598 9
a 579 38 3
a 579 72 1
a 579 214 2
a 580 110 2
a 580 251 9
a 580 447 3
a 580 846 10
a 580 879 2
a 581 149 4
a 582 642 8
a 582 788 9
a 582 800 7
a 583 319 3
a 583 677 5
a 583 795 2
a 584 173 6
a 584 286 6
a 584 717 2
a 585 19 4
a 585 906 4
a 586 5 8
a 586 470 8
a 586 588 8
a 587 494 9
a 587 567 8
a 587 751 9
a 588 541 6
a 588 797 6
a 589 505 10
a 589 654 1
a 590 232 10
a 590 947 10
a 591 436 6
a 591 756 3
a 592 814 2
a 592 816 3
a 593 682 7
a 593 990 2
a 594 153 6
a 594 500 6
a 595 207 2
a 595 371 7
a 596 10 6
a 596 271 7
a 597 373 8
a 598 551 2
a 599 970 3
a 600 914 8
a 601 815 8
a 602 457 7
a 602 595 9
a 602 596 2
a 603 886 2
a 603 970 7
a 604 469 7
a 604 583 7
a 605 279 1
a 606 98 6
a 606 194 1
a 606 202 2
a 606 206 4
a 607 58 10
a 608 538 6
a 609 215 8
a 609 534 5
a 610 273 3
a 610 723 2
a 611 729 6
a 611 930 1
a 612 264 3
a 612 314 9
a 613 51 10
a 613 144 6
a 613 243 5
a 613 408 8
a 614 341 1
a 615 265 7
a 615 956 7
a 616 442 1
a 616 619 4
a 617 100 5
a 617 154 3
a 618 99 7
a 618 837 5
a 619 4 7
a 620 245 4
a 621 663 9
a 621 823 10
a 622 211 5
a 622 304 2
a 622 968 5
a 623 940 3
a 624 588 5
a 625 198 1
a 625 634 7
a 626 429 3
a 626 630 6
a 626 888 5
a 627 567 8
a 627 724 4
a 628 826 10
a 628 979 3
a 629 441 8
a 630 101 1
a 630 582 8
a 630 957 2
a 631 326 5
a 631 433 9
a 632 93 8
a 632 381 7
a 633 389 8
a 633 393 9
a 634 70 8
a 634 852 9
a 635 837 9
a 635 870 10
a 636 547 9
a 637 184 4
a 637 729 2
a 638 36 7
a 638 71 5
a 638 255 3
a 638 527 9
a 639 35 4
a 639 291 2
a 639 589 10
a 640 946 8
a 641 103 3
a 641 141 9
a 641 357 10
a 641 520 1
a 641 643 2
a 641 661 7
a 642 821 3
a 642 943 7
a 643 6 1
a 643 485 9
a 644 257 4
a 644 799 5
a 645 152 10
a 645 263 9
a 645 334 1
a 646 37 4
a 646 142 5
a 646 244 3
a 646 319 3
a 646 487 7
a 647 568 3
a 647 810 6
a 647 880 4
a 648 3 3
a 649 476 7
a 649 478 8
a 650 222 8
a 650 573 7
a 650 692 9
a 650 805 2
a 651 416 8
a 651 940 5
a 652 603 4
a 653 61 5
a 653 185 2
a 653 455 8
a 653 517 3
a 654 361 2
a 655 29 1
a 655 200 2
a 655 493 9
a 656 721 3
a 656 934 4
a 657 78 9
a 657 556 5
a 657 633 4
a 657 766 4
a 658 55 10
a 658 464 1
a 658 672 5
a 658 838 1
a 659 630 2
a 659 780 10
a 660 641 4
a 660 903 1
a 661 31 5
a 661 449 8
a 661 694 8
a 661 753 8
a 662 556 10
a 662 581 6
a 663 612 3
a 664 301 10
a 664 733 4
a 665 396 4
a 665 910 3
a 665 915 10
a 666 306 1
a 666 400 7
a 667 314 9
a 667 644 10
a 668 370 6
a 669 300 5
a 669 970 1
a 670 440 5
a 670 810 3
a 671 128 10
a 671 715 7
a 672 230 2
a 673 786 1
a 673 842 7
a 673 942 10
a 674 528 3
a 675 324 1
a 675 547 6
a 676 312 6
a 676 583 4
a 676 812 2
a 677 19 5
a 677 106 9
a 678 15 6
a 678 83 10
a 679 217 7
a 679 856 6
a 680 733 2
a 681 135 3
a 681 291 5
a 681 463 4
a 682 775 9
a 683 138 1
a 683 279 6
a 683 707 4
a 683 811 7
a 684 11 10
a 685 523 9
a 685 948 1
a 686 126 2
a 686 778 10
a 687 309 4
a 687 701 8
a 687 850 8
a 688 92 9
a 688 471 9
a 688 490 6
a 688 603 5
a 689 197 4
a 689 498 1
a 690 21 7
a 690 939 4
a 691 728 1
a 692 326 9
a 692 420 9
a 693 346 4
a 693 734 1
a 694 74 10
a 694 614 9
a 695 754 4
a 696 371 7
a 696 924 7
a 697 150 4
a 697 747 7
a 698 417 5
a 698 676 4
a 698 781 4
a 698 851 7
a 699 856 4
a 700 452 7
a 700 959 1
a 701 911 6
a 702 304 5
a 702 454 4
a 703 379 3
a 703 454 5
a 704 51 7
a 704 984 9
a 705 360 7
a 705 885 7
a 706 796 9
a 707 174 4
a 707 622 1
a 707 750 7
a 708 60 5
a 708 386 5
a 708 474 5
a 709 175 2
a 709 367 6
a 709 548 3
a 709 976 10
a 710 152 7
a 710 624 3
a 711 689 2
a 712 179 6
a 712 366 6
a 713 364 2
a 713 717 5
a 714 407 7
a 714 623 9
a 715 619 3
a 715 620 4
a 716 145 5
a 716 483 1
a 716 546 9
a 716 617 4
a 716 684 2
a 717 948 4
a 718 157 1
a 718 172 2
a 718 781 2
a 719 748 10
a 720 352 8
a 720 366 4
a 721 113 6
a 721 427 2
a 721 540 5
a 721 992 10
a 722 116 1
a 722 942 1
a 723 584 6
a 724 39 8
a 725 138 4
a 726 187 4
a 726 200 8
a 726 345 9
a 727 195 8
a 727 227 8
a 728 952 8
a 728 969 10
a 729 419 8
a 730 149 1
a 730 745 10
a 731 26 4
a 731 964 4
a 732 4 7
a 732 508 4
a 733 137 10
a 733 209 4
a 734 870 3
a 735 263 4
a 735 586 10
a 736 666 1
a 737 593 9
a 738 674 7
a 739 193 2
a 739 243 2
a 739 499 4
a 739 696 6
a 740 356 6
a 740 611 1
a 740 986 2
a 741 430 8
a 742 562 3
a 742 566 1
a 743 925 3
a 743 939 7
a 744 538 7
a 744 658 2
a 745 430 1
a 746 714 1
a 746 736 7
a 747 216 4
a 747 610 6
a 748 279 7
a 749 992 4
a 750 938 7
a 751 608 4
a 751 684 8
a 752 444 8
a 752 655 2
a 752 839 10
a 752 885 3
a 752 912 10
a 753 500 5
a 753 703 4
a 754 308 4
a 754 530 2
a 755 69 8
a 755 114 3
a 755 134 7
a 755 743 6
a 756 276 1
a 756 486 4
a 757 205 1
a 757 563 5
a 757 601 9
a 757 749 6
a 758 558 4
a 759 791 8
a 760 663 5
a 760 845 9
a 761 288 8
a 762 565 5
a 762 813 3
a 763 204 2
a 763 585 1
a 763 630 7
a 764 678 6
a 764 802 3
a 765 572 1
a 765 997 8
a 766 704 10
a 766 808 5
a 767 170 4
a 768 481 7
a 769 259 8
a 769 945 1
a 770 548 7
a 771 341 4
a 771 363 10
a 772 49 2
a 773 396 1
a 773 569 5
a 773 762 10
a 774 266 7
a 774 953 6
a 775 151 3
a 775 822 10
a 776 850 3
a 777 679 5
a 777 937 5
a 778 353 10
a 779 133 6
a 779 985 3
a 780 168 1
a 781 504 9
a 781 527 1
a 781 561 3
a 782 111 10
a 782 775 1
a 783 554 6
a 783 921 8
a 784 19 3
a 784 145 5
a 784 681 7
a 785 103 10
a 785 990 7
a 786 67 1
a 786 559 3
a 786 900 8
a 787 206 1
a 787 221 8
a 788 150 10
a 788 722 1
a 789 406 1
a 789 649 6
a 789 662 7
a 790 641 3
a 791 389 2
a 792 393 7
a 793 186 5
a 794 225 8
a 794 669 4
a 795 995 6
a 796 129 10
a 796 649 1
a 796 658 10
a 797 600 5
a 798 87 3
a 798 139 10
a 798 302 1
a 798 675 3
a 799 539 10
a 800 619 10
a 801 54 1
a 801 258 9
a 801 901 8
a 802 266 2
a 802 296 9
a 802 533 9
a 803 212 2
a 803 421 10
a 803 720 5
a 803 888 9
a 804 35 7
a 804 435 1
a 804 776 4
a 805 301 4
a 806 201 8
a 806 314 4
a 806 562 1
a 807 595 10
a 807 922 5
a 808 88 2
a 808 398 8
a 808 439 4
a 808 663 4
a 809 240 7
a 809 282 7
a 809 495 3
a 809 703 2
a 810 503 7
a 810 713 7
a 810 895 1
a 811 361 5
a 812 76 5
a 812 409 6
a 813 278 1
a 814 426 8
a 815 180 7
a 815 668 3
a 815 874 10
a 815 967 10
a 816 438 7
a 816 612 10
a 817 24 7
a 817 632 7
a 817 683 7
a 818 972 6
a 819 636 5
a 820 673 5
a 820 731 4
a 820 981 2
a 821 432 6
a 822 421 7
a 823 194 4
a 824 216 10
a 824 430 7
a 825 155 7
a 825 836 8
a 826 546 4
a 827 76 6
a 828 625 9
a 828 639 2
a 829 457 10
a 830 621 9
a 831 225 1
a 831 400 4
a 832 661 4
a 833 941 7
a 834 170 6
a 834 322 10
a 835 891 1
a 835 967 2
a 836 723 3
a 837 427 6
a 838 245 1
a 838 659 8
a 838 951 5
a 839 6 8
a 840 90 3
a 840 404 10
a 841 614 8
a 842 873 3
a 843 239 1
a 843 358 1
a 843 635 5
a 844 407 3
a 844 618 5
a 845 32 2
a 845 165 8
a 845 584 5
a 845 751 2
a 846 70 7
a 846 83 9
a 846 85 1
a 847 350 8
a 847 742 3
a 847 875 9
a 848 962 2
a 849 220 8
a 849 937 1
a 850 295 9
a 850 677 6
a 851 653 8
a 851 984 5
a 852 571 6
a 852 695 7
a 853 6 4
a 853 387 9
a 854 956 6
a 855 532 1
a 855 871 9
a 856 301 9
a 856 829 7
a 857 248 2
a 857 535 7
a 857 798 7
a 857 944 10
a 858 233 7
a 859 454 5
a 860 43 9
a 861 6 9
a 862 909 9
a 863 71 1
a 863 527 10
a 864 231 7
a 864 333 6
a 865 573 6
a 866 342 2
a 866 613 1
a 866 828 10
a 866 890 2
a 866 1000 2
a 867 116 9
a 867 674 5
a 868 990 2
a 869 8 5
a 869 71 2
a 870 236 1
a 870 919 7
a 871 101 1
a 871 159 6
a 871 816 7
a 872 624 2
a 873 312 5
a 874 166 3
a 874 594 8
a 874 656 9
a 875 462 3
a 875 655 4
a 876 652 6
a 877 804 6
a 877 981 8
a 878 568 2
a 879 583 9
a 880 46 8
a 880 58 3
a 880 409 3
a 880 628 10
a 881 7 5
a 882 872 9
a 882 970 4
a 883 35 9
a 883 550 10
a 884 551 8
a 885 224 7
a 885 659 2
a 886 16 10
a 886 33 3
a 886 199 7
a 886 566 3
a 887 187 1
a 888 788 10
a 889 206 8
a 889 384 4
a 890 203 5
a 890 518 7
a 891 860 2
a 892 275 10
a 892 888 3
a 893 857 3
a 893 904 4
a 894 4 4
a 894 101 3
a 894 254 4
a 895 266 9
a 896 542 3
a 897 549 3
a 897 821 7
a 898 15 7
a 899 108 4
a 899 162 3
a 900 137 5
a 900 737 9
a 901 854 5
a 901 991 9
a 902 294 8
a 902 570 6
a 903 529 10
a 903 762 4
a 903 934 3
a 903 941 3
a 904 331 10
a 905 5 7
a 906 952 9
a 907 337 3
a 907 351 10
a 908 122 10
a 908 446 10
a 909 197 2
a 909 528 8
a 909 760 8
a 909 967 9
a 910 124 4
a 910 414 8
a 910 680 5
a 911 272 6
a 911 843 3
a 912 439 9
a 913 568 4
a 913 769 1
a 914 411 4
a 914 730 10
a 915 11 2
a 915 362 5
a 916 823 9
a 917 392 3
a 917 426 10
a 917 603 1
a 917 705 1
a 918 813 4
a 918 822 7
a 919 537 4
a 919 707 2
a 919 765 9
a 920 485 6
a 921 894 8
a 921 982 1
a 922 323 7
a 922 914 10
a 923 883 7
a 924 420 7
a 924 855 6
a 925 135 2
a 926 158 4
a 926 475 9
a 927 895 5
a 928 137 2
a 928 624 7
a 928 866 3
a 928 905 10
a 929 25 8
a 929 599 9
a 930 229 5
a 930 327 5
a 930 549 2
a 930 978 5
a 931 645 4
a 931 799 8
a 932 949 10
a 933 752 2
a 933 817 1
a 934 242 3
a 934 551 2
a 935 150 8
a 936 365 2
a 937 242 9
a 938 410 9
a 938 741 8
a 939 905 9
a 940 943 9
a 941 508 2
a 941 835 8
a 941 904 2
a 942 328 2
a 942 799 9
a 943 946 5
a 944 5 2
a 944 525 4
a 944 536 6
a 945 40 7
a 945 430 2
a 946 376 8
a 946 515 6
a 947 160 4
a 947 365 1
a 947 534 10
a 948 886 6
a 949 97 5
a 949 196 9
a 950 811 9
a 950 929 3
a 951 458 6
a 951 708 2
a 952 31 9
a 952 380 2
a 952 439 5
a 952 544 8
a 953 3 4
a 953 740 10
a 953 749 10
a 954 143 1
a 955 674 9
a 956 724 3
a 956 916 2
a 956 989 3
a 957 761 9
a 957 802 2
a 958 893 6
a 958 974 9
a 959 600 1
a 960 956 4
a 961 52 1
a 962 234 1
a 962 593 1
a 962 687 2
a 962 784 3
a 962 803 8
a 962 858 8
a 962 870 10
a 963 349 6
a 964 516 9
a 964 822 2
a 965 998 2
a 966 703 5
a 967 3 2
a 968 414 10
a 969 705 4
a 969 711 1
a 970 150 10
a 970 357 8
a 970 402 3
a 970 955 7
a 970 1000 7
a 971 300 10
a 972 517 7
a 973 9 9
a 973 464 2
a 973 467 5
a 973 638 2
a 974 992 3
a 975 192 4
a 976 468 5
a 976 985 1
a 977 95 7
a 977 466 5
a 978 52 9
a 978 354 7
a 978 778 5
a 979 161 3
a 979 688 5
a 980 64 2
a 980 533 8
a 981 123 6
a 981 152 10
a 982 15 6
a 982 828 5
a 983 124 3
a 983 459 3
a 984 211 7
a 985 697 10
a 986 798 3
a 987 428 9
a 987 904 10
a 987 972 2
a 988 78 1
a 988 132 1
a 988 933 5
a 989 537 3
a 990 502 2
a 990 607 3
a 991 186 2
a 991 582 6
a 992 967 7
a 993 173 7
a 993 355 10
a 993 671 10
a 994 20 6
a 994 65 5
a 995 338 1
a 995 657 1
a 996 265 3
a 996 650 5
a 997 326 10
a 997 741 1
a 998 575 9
a 998 823 4
a 999 230 7
a 999 979 10
