p max 100 200
n 1 s
n 100 t
a 1 72 7
a 1 86 3
a 2 66 8
a 3 49 9
a 4 79 6
a 5 84 7
a 5 99 3
a 5 100 5
a 6 82 6
a 7 46 7
a 7 56 4
a 7 78 2
a 7 80 1
a 8 27 4
a 8 94 3
a 9 99 10
a 10 48 6
a 10 68 7
a 10 95 7
a 11 19 2
a 12 91 10
a 13 67 7
a 14 22 1
a 14 26 10
a 14 64 1
a 15 41 1
a 16 34 6
a 16 43 1
a 17 41 7
a 17 51 8
a 17 80 10
a 18 91 4
a 19 50 4
a 19 92 9
a 20 68 3
a 21 49 4
a 22 76 4
a 22 85 7
a 23 70 9
a 24 42 9
a 24 78 9
a 25 5 4
a 25 40 4
a 25 44 8
a 25 68 5
a 26 25 6
a 26 49 9
a 27 80 6
a 28 48 6
a 28 58 9
a 28 61 1
a 29 28 3
a 29 75 3
a 29 80 8
a 30 14 9
a 31 69 8
a 31 92 8
a 32 14 10
a 33 86 8
a 33 100 5
a 34 57 9
a 34 59 9
a 34 74 5
a 35 74 10
a 36 45 2
a 36 60 3
a 37 28 5
a 37 52 2
a 38 20 9
a 39 15 10
a 39 35 3
a 40 27 9
a 40 36 8
a 41 91 4
a 42 30 6
a 42 59 7
a 42 89 9
a 43 77 9
a 43 88 2
a 44 7 10
a 44 11 10
a 44 29 3
a 45 16 1
a 45 51 4
a 45 91 8
a 46 29 2
a 46 43 5
a 46 52 3
a 47 73 9
a 47 77 10
a 48 57 7
a 49 25 9
a 49 69 4
a 50 85 10
a 51 10 3
a 51 32 7
a 52 10 5
a 52 74 7
a 52 97 7
a 53 28 1
a 54 30 4
a 55 37 7
a 55 83 5
a 56 9 6
a 56 10 7
a 56 21 6
a 56 27 9
a 57 46 3
a 57 65 1
a 58 79 5
a 58 91 4
a 59 19 4
a 59 22 5
a 59 70 7
a 60 23 10
a 60 71 9
a 61 23 10
a 61 48 5
a 62 81 1
a 62 93 1
a 62 99 4
a 63 17 6
a 63 45 3
a 64 43 5
a 64 99 4
a 65 86 5
a 66 39 6
a 66 58 5
a 67 38 4
a 67 54 6
a 68 76 7
a 69 3 7
a 69 30 2
a 69 38 7
a 69 87 7
a 70 20 9
a 70 43 7
a 71 18 2
a 71 59 10
a 72 24 1
a 72 45 5
a 72 63 9
a 72 89 9
a 73 20 10
a 73 35 8
a 74 2 5
a 74 77 5
a 75 97 3
a 76 50 9
a 77 22 4
a 77 25 7
a 77 66 9
a 78 6 1
a 78 49 7
a 79 32 8
a 79 33 4
a 79 85 4
a 80 5 1
a 80 44 3
a 81 69 9
a 82 53 9
a 83 11 8
a 83 72 6
a 83 98 10
a 84 24 2
a 85 37 7
a 85 47 6
a 85 55 3
a 86 3 2
a 86 12 4
a 86 21 1
a 87 3 6
a 87 82 10
a 88 42 6
a 88 53 2
a 89 13 8
a 89 55 9
a 89 62 2
a 90 4 7
a 90 18 6
a 90 25 2
a 90 96 10
a 91 49 10
a 91 73 8
a 92 23 1
a 92 45 6
a 93 2 8
a 94 83 6
a 95 83 2
a 96 31 6
a 96 62 8
a 97 8 4
a 97 31 3
a 98 46 2
a 98 67 3
a 98 90 3
a 98 99 7
a 99 8 2
a 99 39 1
a 99 66 6
