p max 1000 2000
n 1 s
n 1000 t
a 1 411 4
a 1 428 9
a 2 862 7
a 3 294 2
a 3 327 5
a 4 215 2
a 4 437 4
a 4 783 8
a 4 852 5
a 5 571 7
a 6 790 6
a 6 850 4
a 7 396 5
a 7 768 6
a 7 978 10
a 8 713 10
a 8 787 8
a 8 974 9
a 9 624 9
a 10 391 10
a 10 576 8
a 11 339 1
a 12 179 9
a 12 438 6
a 12 706 1
a 13 886 3
a 14 660 4
a 14 923 9
a 15 413 6
a 15 521 10
a 15 570 6
a 16 703 8
a 16 988 7
a 17 138 9
a 17 789 4
a 18 644 5
a 19 251 6
a 19 342 7
a 20 206 10
a 20 321 9
a 21 202 5
a 21 433 6
a 22 111 6
a 23 365 6
a 23 861 4
a 24 275 9
a 25 309 9
a 26 112 6
a 26 333 1
a 26 392 2
a 27 417 10
a 28 386 4
a 28 689 4
a 28 812 2
a 29 208 1
a 29 602 3
a 30 72 5
a 30 739 1
a 30 861 2
a 30 871 3
a 31 512 10
a 32 466 9
a 32 503 7
a 32 881 1
a 33 85 3
a 33 617 2
a 34 184 4
a 34 258 2
a 34 401 9
a 35 290 4
a 35 354 3
a 35 781 5
a 36 110 1
a 36 407 2
a 36 585 10
a 37 21 6
a 37 116 5
a 37 230 8
a 37 489 8
a 37 651 2
a 38 292 1
a 38 579 9
a 39 509 1
a 39 986 6
a 40 977 6
a 41 971 1
a 42 554 8
a 42 966 2
a 43 133 9
a 43 666 4
a 44 239 2
a 45 154 4
a 45 617 3
a 46 280 4
a 46 895 10
a 47 899 3
a 48 298 3
a 48 798 4
a 49 608 1
a 50 142 3
a 50 175 8
a 50 962 7
a 51 90 2
a 52 411 2
a 52 518 1
a 53 285 5
a 53 875 1
a 54 161 2
a 54 666 7
a 55 362 9
a 56 331 7
a 57 49 2
a 57 846 9
a 58 112 5
a 58 193 3
a 58 308 2
a 59 438 2
a 60 262 9
a 60 483 1
a 60 915 8
a 61 25 9
a 61 735 3
a 61 960 1
a 62 147 6
a 62 351 10
a 62 638 10
a 62 985 1
a 63 740 1
a 63 948 3
a 64 90 3
a 64 213 2
a 64 580 7
a 65 471 4
a 65 953 3
a 66 245 10
a 66 254 5
a 66 632 7
a 67 639 4
a 68 453 9
a 69 258 4
a 69 287 8
a 69 537 5
a 70 204 5
a 70 220 6
a 70 418 8
a 71 170 6
a 71 400 1
a 71 977 9
a 72 392 1
a 72 836 4
a 73 999 7
a 74 270 7
a 75 129 9
a 75 146 2
a 76 675 4
a 76 774 5
a 77 150 2
a 77 562 1
a 78 705 1
a 79 153 5
a 79 187 8
a 79 552 8
a 80 135 1
a 80 899 9
a 81 317 5
a 82 180 10
a 82 317 2
a 83 65 10
a 83 588 9
a 83 595 5
a 84 516 10
a 84 804 9
a 84 969 8
a 85 748 3
a 85 796 8
a 86 923 10
a 87 762 2
a 87 832 1
a 88 614 4
a 89 227 7
a 89 368 5
a 90 27 3
a 90 39 10
a 90 210 4
a 90 236 2
a 91 1000 4
a 92 124 7
a 93 229 9
a 93 595 9
a 94 263 3
a 94 620 7
a 94 774 5
a 95 337 8
a 95 610 5
a 96 590 9
a 96 684 1
a 97 340 5
a 97 595 9
a 97 728 2
a 98 170 8
a 98 364 9
a 98 413 8
a 99 411 9
a 100 269 10
a 100 721 6
a 101 704 6
a 102 180 8
a 102 953 9
a 102 995 4
a 103 917 9
a 104 133 2
a 104 615 10
a 104 668 10
a 104 775 4
a 105 567 4
a 106 803 5
a 107 468 9
a 108 17 10
a 108 604 2
a 109 294 6
a 110 40 10
a 110 138 4
a 110 400 8
a 111 343 7
a 111 634 6
a 112 51 2
a 112 127 4
a 113 144 10
a 113 594 9
a 114 26 5
a 114 231 1
a 114 628 4
a 115 239 3
a 115 776 9
a 116 961 4
a 117 476 9
a 117 950 5
a 118 200 3
a 118 574 5
a 118 723 9
a 119 438 3
a 119 614 4
a 120 715 8
a 121 149 9
a 122 265 2
a 122 894 3
a 123 622 3
a 124 577 5
a 124 639 5
a 124 761 4
a 125 388 5
a 125 821 7
a 125 994 6
a 126 461 9
a 127 444 10
a 128 959 2
a 128 978 1
a 129 410 7
a 130 259 1
a 130 300 9
a 130 907 7
a 131 183 4
a 131 202 2
a 132 187 8
a 133 375 5
a 133 469 6
a 134 408 2
a 134 533 1
a 135 286 6
a 135 550 1
a 136 221 8
a 136 492 1
a 136 837 9
a 137 381 10
a 137 834 7
a 138 176 10
a 138 632 9
a 139 151 2
a 139 420 1
a 139 616 9
a 140 703 4
a 141 48 10
a 141 305 2
a 142 699 9
a 142 974 3
a 143 401 1
a 144 754 5
a 144 941 1
a 145 13 3
a 145 476 4
a 146 43 5
a 146 58 9
a 146 574 6
a 147 15 7
a 148 605 9
a 149 177 2
a 149 627 2
a 149 673 5
a 150 901 3
a 150 911 7
a 151 280 7
a 151 671 6
a 152 198 9
a 152 1000 1
a 153 594 10
a 153 994 5
a 154 29 9
a 154 441 5
a 155 311 2
a 156 580 6
a 156 969 4
a 157 80 4
a 157 928 9
a 158 734 1
a 159 336 9
a 160 307 3
a 161 480 6
a 162 242 1
a 162 322 3
a 162 559 10
a 162 874 6
a 162 925 5
a 163 494 7
a 164 10 2
a 164 53 7
a 164 715 4
a 164 765 3
a 165 10 8
a 165 134 6
a 166 196 5
a 167 951 5
a 168 697 2
a 168 722 8
a 169 950 2
a 170 299 10
a 170 642 3
a 170 841 3
a 171 73 2
a 171 486 5
a 171 507 4
a 171 926 6
a 172 700 4
a 172 902 10
a 173 801 5
a 174 188 3
a 174 881 2
a 175 945 6
a 176 507 8
a 176 922 2
a 177 122 4
a 177 299 5
a 177 549 7
a 177 857 4
a 177 883 7
a 178 637 7
a 178 724 2
a 179 598 2
a 179 984 3
a 180 345 4
a 180 492 4
a 181 33 5
a 181 320 8
a 181 432 9
a 182 162 1
a 182 444 8
a 182 823 6
a 183 943 2
a 184 276 1
a 184 608 5
a 185 147 10
a 185 153 5
a 185 301 7
a 186 82 7
a 186 88 2
a 186 312 8
a 186 999 5
a 187 10 7
a 187 598 4
a 188 205 4
a 188 674 9
a 189 289 3
a 189 825 3
a 190 107 10
a 191 421 5
a 191 672 5
a 191 804 9
a 192 213 5
a 192 914 2
a 193 286 5
a 193 506 3
a 194 545 4
a 195 12 6
a 195 634 7
a 195 777 6
a 195 1000 4
a 196 7 7
a 196 326 10
a 196 779 7
a 197 345 5
a 197 566 7
a 197 793 10
a 198 532 2
a 198 560 5
a 198 755 4
a 198 929 8
a 199 289 2
a 200 397 7
a 200 508 3
a 201 257 7
a 201 893 5
a 201 971 8
a 202 3 10
a 203 288 8
a 203 483 4
a 203 727 7
a 204 136 6
a 204 318 10
a 205 49 10
a 205 338 6
a 205 424 4
a 206 238 8
a 206 324 8
a 207 187 4
a 207 717 9
a 207 851 7
a 208 205 10
a 208 261 2
a 208 509 6
a 209 661 4
a 209 882 8
a 209 960 2
a 210 234 5
a 210 382 10
a 211 194 1
a 211 314 5
a 211 608 3
a 212 172 3
a 212 504 4
a 212 652 6
a 213 195 5
a 214 208 9
a 214 334 7
a 214 407 7
a 214 434 9
a 215 625 9
a 215 801 9
a 215 814 1
a 216 82 7
a 216 496 6
a 217 445 8
a 217 824 5
a 218 103 4
a 218 985 3
a 219 861 3
a 220 958 10
a 221 330 1
a 221 464 1
a 221 522 5
a 221 933 8
a 222 902 5
a 223 252 1
a 224 474 5
a 225 319 8
a 225 480 10
a 225 600 9
a 226 61 8
a 226 88 6
a 226 541 10
a 227 948 10
a 228 43 7
a 229 803 5
a 230 256 9
a 230 780 1
a 231 425 6
a 231 902 6
a 232 727 5
a 233 276 7
a 234 491 7
a 234 941 8
a 234 944 6
a 235 251 2
a 235 527 9
a 236 710 5
a 237 339 9
a 237 426 3
a 238 150 7
a 238 286 10
a 239 383 3
a 239 900 2
a 240 322 2
a 241 955 10
a 242 132 9
a 243 464 2
a 244 697 10
a 245 416 5
a 246 549 5
a 247 452 9
a 247 461 10
a 248 77 9
a 248 98 7
a 249 281 5
a 250 148 6
a 251 76 8
a 252 193 4
a 252 399 1
a 252 479 6
a 252 993 10
a 253 254 2
a 253 877 8
a 254 136 9
a 254 285 10
a 254 482 7
a 254 539 8
a 255 270 9
a 255 770 5
a 256 229 6
a 256 782 10
a 257 110 7
a 258 102 10
a 258 321 5
a 258 813 1
a 259 395 9
a 259 623 3
a 260 81 2
a 260 957 1
a 261 985 1
a 262 315 8
a 263 611 3
a 264 961 6
a 265 181 4
a 265 731 2
a 265 893 5
a 266 324 9
a 266 350 8
a 267 84 8
a 268 106 3
a 269 774 9
a 270 390 7
a 270 600 4
a 271 186 4
a 271 520 7
a 271 695 1
a 272 138 10
a 273 266 10
a 274 324 9
a 275 587 3
a 275 803 2
a 276 413 5
a 276 558 6
a 276 834 7
a 277 527 1
a 277 886 2
a 278 277 2
a 278 588 1
a 279 431 5
a 279 670 9
a 280 76 1
a 280 713 10
a 281 161 10
a 282 150 8
a 282 446 8
a 282 513 5
a 283 118 4
a 284 143 10
a 284 491 4
a 284 678 5
a 285 497 9
a 286 62 3
a 286 165 6
a 286 267 2
a 286 820 8
a 287 277 7
a 288 407 10
a 289 217 7
a 289 898 4
a 290 493 7
a 291 956 2
a 292 275 1
a 292 721 1
a 293 278 9
a 293 933 10
a 294 374 1
a 294 404 3
a 295 164 1
a 295 603 2
a 295 836 10
a 296 662 9
a 296 781 4
a 297 69 7
a 297 99 7
a 298 186 8
a 299 74 10
a 299 493 8
a 299 601 3
a 300 707 7
a 300 766 1
a 300 860 10
a 301 127 9
a 301 486 10
a 302 365 10
a 303 977 9
a 304 130 10
a 305 643 7
a 306 144 1
a 306 610 8
a 306 975 3
a 307 454 9
a 307 943 1
a 308 21 1
a 308 685 8
a 309 239 5
a 309 282 5
a 310 494 2
a 311 956 5
a 312 198 5
a 312 917 9
a 313 112 9
a 313 126 1
a 314 488 7
a 315 361 8
a 315 429 7
a 316 201 10
a 316 489 2
a 317 109 5
a 317 480 6
a 318 151 10
a 319 738 9
a 319 772 5
a 319 811 10
a 320 66 2
a 320 856 3
a 321 757 5
a 321 790 5
a 322 394 6
a 322 864 1
a 323 266 3
a 323 922 7
a 324 397 1
a 325 606 2
a 326 499 1
a 326 554 10
a 327 73 4
a 327 220 7
a 327 983 7
a 328 818 9
a 328 981 1
a 329 768 10
a 330 802 2
a 331 341 5
a 331 473 5
a 331 565 7
a 332 96 1
a 332 487 10
a 333 120 10
a 334 613 4
a 335 145 6
a 335 928 1
a 336 322 5
a 336 494 2
a 337 408 4
a 338 410 5
a 338 847 9
a 339 64 7
a 339 517 2
a 340 513 5
a 340 885 2
a 341 179 6
a 341 430 5
a 341 470 4
a 342 49 4
a 342 626 7
a 342 744 6
a 342 936 10
a 343 174 5
a 343 405 7
a 344 967 9
a 345 576 2
a 346 226 9
a 346 495 6
a 347 8 10
a 348 765 4
a 349 41 8
a 349 458 4
a 349 974 5
a 350 174 3
a 350 438 10
a 351 9 10
a 351 78 1
a 351 493 3
a 352 94 6
a 352 482 10
a 352 842 5
a 353 107 5
a 353 806 1
a 354 615 9
a 355 253 5
a 355 767 5
a 356 686 7
a 356 967 3
a 356 968 2
a 357 420 4
a 358 45 8
a 358 167 8
a 358 410 3
a 358 724 9
a 359 430 2
a 359 523 10
a 360 801 7
a 360 924 4
a 361 148 1
a 361 991 8
a 362 812 9
a 363 432 7
a 363 530 5
a 363 803 6
a 364 425 5
a 365 624 1
a 366 165 1
a 366 525 7
a 367 205 6
a 368 347 5
a 369 376 5
a 369 709 4
a 370 498 2
a 370 559 8
a 371 2 10
a 371 646 1
a 371 854 2
a 372 568 1
a 372 629 4
a 372 913 8
a 373 153 1
a 373 490 5
a 374 388 7
a 375 139 7
a 375 192 9
a 375 908 10
a 376 884 8
a 377 622 8
a 378 64 5
a 378 973 3
a 379 200 3
a 379 551 6
a 380 442 4
a 380 542 3
a 380 777 3
a 381 645 2
a 382 209 2
a 382 268 1
a 383 961 4
a 384 924 9
a 385 35 4
a 386 453 2
a 386 500 10
a 386 898 2
a 387 688 7
a 388 799 9
a 389 227 8
a 390 658 8
a 391 128 8
a 391 249 9
a 391 793 3
a 392 304 8
a 393 215 8
a 393 770 1
a 394 22 5
a 395 576 1
a 396 221 1
a 396 655 10
a 397 619 2
a 397 694 3
a 398 462 8
a 399 171 6
a 399 440 9
a 399 645 8
a 399 928 5
a 400 114 5
a 400 132 9
a 401 177 6
a 401 422 1
a 401 622 4
a 402 341 3
a 402 594 9
a 402 964 8
a 403 214 1
a 403 394 10
a 403 561 4
a 404 103 10
a 404 104 5
a 405 988 2
a 406 56 4
a 406 58 5
a 407 627 1
a 407 839 5
a 408 125 5
a 408 165 9
a 408 232 1
a 408 571 6
a 409 818 5
a 409 870 2
a 410 942 3
a 411 149 1
a 411 307 6
a 412 152 5
a 412 298 10
a 412 423 2
a 412 840 4
a 413 87 5
a 414 268 5
a 415 235 1
a 415 406 9
a 416 929 9
a 417 590 9
a 418 218 7
a 418 529 7
a 418 689 9
a 419 206 5
a 419 424 5
a 419 524 3
a 420 22 1
a 420 341 3
a 421 635 1
a 421 968 4
a 422 432 5
a 423 7 8
a 423 455 1
a 424 313 10
a 424 467 7
a 424 688 10
a 425 43 7
a 425 721 10
a 425 990 2
a 426 917 5
a 427 248 1
a 427 362 2
a 427 472 10
a 427 800 10
a 428 521 7
a 428 654 10
a 428 941 9
a 429 221 7
a 429 676 1
a 429 739 4
a 429 794 1
a 430 801 10
a 431 658 7
a 432 130 4
a 432 692 10
a 432 927 8
a 433 190 3
a 433 719 2
a 434 66 2
a 434 891 8
a 435 546 6
a 436 644 4
a 437 138 7
a 437 329 9
a 438 593 3
a 439 75 9
a 439 589 3
a 440 966 4
a 441 942 7
a 442 441 7
a 443 149 5
a 444 344 7
a 444 640 6
a 445 314 9
a 446 352 5
a 446 393 6
a 446 736 2
a 447 16 2
a 447 617 4
a 448 634 1
a 449 58 9
a 449 405 6
a 450 31 9
a 450 270 8
a 451 850 7
a 452 78 5
a 452 577 7
a 453 972 6
a 453 992 7
a 454 216 9
a 454 316 9
a 454 962 2
a 455 314 4
a 456 598 4
a 456 732 5
a 457 419 4
a 457 657 5
a 457 976 2
a 458 45 1
a 458 630 5
a 458 779 9
a 459 180 1
a 459 708 9
a 459 894 10
a 459 912 4
a 460 776 8
a 460 906 3
a 461 759 5
a 461 785 4
a 461 901 3
a 462 24 9
a 462 355 5
a 462 481 7
a 463 162 1
a 463 243 7
a 463 752 5
a 463 910 6
a 464 784 8
a 465 20 6
a 465 77 10
a 466 807 6
a 467 27 6
a 467 247 4
a 467 571 3
a 468 497 3
a 469 570 10
a 469 991 6
a 470 650 7
a 470 730 7
a 471 163 6
a 471 596 9
a 472 373 1
a 473 261 1
a 473 863 7
a 474 927 2
a 475 60 1
a 475 311 7
a 475 378 3
a 475 939 3
a 476 83 3
a 476 592 4
a 476 836 4
a 477 733 6
a 478 168 7
a 478 862 7
a 478 970 5
a 479 194 4
a 479 435 10
a 480 330 10
a 481 84 6
a 481 735 6
a 481 923 5
a 482 461 7
a 482 801 8
a 482 951 1
a 483 504 1
a 483 819 9
a 484 379 4
a 484 812 5
a 485 960 8
a 486 443 3
a 486 584 10
a 487 423 2
a 488 551 4
a 489 528 2
a 489 548 2
a 489 835 5
a 490 429 2
a 491 135 7
a 491 346 5
a 492 473 4
a 492 692 7
a 492 738 8
a 492 805 4
a 493 743 5
a 493 749 5
a 493 764 8
a 494 701 5
a 494 835 1
a 495 28 3
a 495 52 2
a 495 343 9
a 496 78 2
a 497 478 1
a 497 623 8
a 497 891 9
a 498 137 8
a 498 714 4
a 498 897 7
a 499 724 7
a 500 502 3
a 501 37 3
a 501 128 3
a 501 201 5
a 502 99 4
a 502 202 6
a 502 310 5
a 502 402 8
a 503 182 7
a 503 498 7
a 503 830 5
a 503 880 9
a 503 947 9
a 504 585 3
a 504 911 6
a 505 9 5
a 505 465 5
a 506 279 8
a 506 810 8
a 507 448 2
a 507 962 2
a 508 370 9
a 508 779 2
a 508 860 1
a 509 62 5
a 509 579 1
a 510 769 3
a 510 993 1
a 511 70 6
a 511 197 8
a 511 358 8
a 512 113 2
a 513 86 10
a 513 211 10
a 513 699 3
a 513 845 1
a 514 246 9
a 514 607 7
a 515 191 9
a 515 199 1
a 515 250 10
a 516 188 10
a 516 224 7
a 516 655 2
a 517 976 2
a 518 950 7
a 519 422 10
a 520 217 2
a 520 570 10
a 521 195 7
a 521 565 3
a 522 6 9
a 522 284 1
a 523 44 4
a 523 488 7
a 523 499 9
a 524 221 5
a 525 961 8
a 526 95 6
a 526 569 4
a 526 826 3
a 527 477 5
a 527 644 5
a 528 35 5
a 528 460 4
a 528 778 7
a 528 825 3
a 529 363 1
a 529 544 7
a 530 837 10
a 530 853 2
a 531 2 3
a 532 97 2
a 532 340 1
a 532 704 7
a 533 816 7
a 533 831 7
a 534 233 2
a 534 741 8
a 535 230 2
a 535 324 1
a 535 658 3
a 535 849 6
a 536 692 2
a 537 190 9
a 537 746 1
a 538 466 10
a 539 795 3
a 540 66 4
a 541 42 2
a 542 91 5
a 542 388 9
a 542 725 5
a 542 930 1
a 543 354 4
a 543 606 3
a 543 822 6
a 543 931 7
a 544 360 4
a 544 556 6
a 545 166 6
a 545 316 7
a 546 158 6
a 546 299 4
a 546 984 7
a 547 102 3
a 547 374 2
a 548 136 4
a 548 183 8
a 548 356 6
a 548 803 7
a 549 910 10
a 550 29 5
a 550 397 4
a 550 982 3
a 551 291 9
a 551 621 5
a 552 23 8
a 552 216 9
a 552 468 5
a 553 95 5
a 553 687 2
a 554 132 8
a 554 659 9
a 555 9 1
a 556 119 5
a 556 608 2
a 557 30 5
a 557 260 9
a 557 668 8
a 558 879 9
a 558 998 1
a 559 335 2
a 559 503 9
a 560 734 5
a 560 961 5
a 561 57 3
a 561 605 8
a 562 600 7
a 562 663 9
a 562 889 6
a 562 986 3
a 563 702 4
a 563 820 4
a 564 24 9
a 565 140 7
a 565 724 2
a 566 40 9
a 566 467 9
a 566 541 10
a 567 4 6
a 567 228 7
a 567 797 2
a 568 6 6
a 568 719 6
a 568 949 3
a 569 296 4
a 569 694 7
a 569 948 9
a 570 111 6
a 570 154 6
a 570 255 1
a 570 371 10
a 571 207 8
a 572 497 1
a 572 627 5
a 573 942 2
a 574 301 7
a 574 618 8
a 574 869 5
a 575 419 3
a 575 733 5
a 575 777 4
a 576 837 1
a 577 187 6
a 577 302 3
a 577 958 8
a 578 378 4
a 578 575 10
a 579 858 6
a 580 24 8
a 580 106 1
a 581 423 3
a 582 64 9
a 582 393 5
a 582 583 1
a 582 718 2
a 582 884 6
a 583 48 8
a 584 881 4
a 585 545 7
a 585 780 3
a 586 892 7
a 587 506 9
a 587 828 3
a 588 290 3
a 589 325 7
a 589 742 6
a 590 739 7
a 591 65 5
a 592 475 5
a 593 292 1
a 593 487 2
a 593 650 3
a 594 597 9
a 594 690 7
a 595 257 4
a 595 810 8
a 596 728 5
a 597 196 2
a 597 207 4
a 597 860 7
a 598 488 10
a 599 707 7
a 599 808 8
a 600 33 3
a 600 417 3
a 601 311 10
a 601 416 9
a 601 451 10
a 602 792 9
a 602 825 2
a 603 75 4
a 603 405 3
a 603 643 4
a 603 979 6
a 604 192 10
a 604 209 8
a 604 510 9
a 604 531 4
a 605 245 1
a 605 567 8
a 606 642 4
a 607 700 9
a 607 797 4
a 608 668 1
a 608 720 9
a 609 543 8
a 609 743 10
a 609 766 7
a 610 578 10
a 610 591 1
a 611 45 2
a 612 54 3
a 612 141 5
a 613 568 5
a 614 761 9
a 615 338 4
a 616 581 2
a 617 490 6
a 617 526 5
a 617 635 10
a 618 321 2
a 619 596 4
a 619 997 9
a 620 24 1
a 620 32 5
a 620 59 2
a 620 748 3
a 621 475 4
a 622 451 2
a 623 223 7
a 623 695 4
a 623 872 3
a 624 616 5
a 625 973 5
a 626 203 1
a 626 878 1
a 627 27 10
a 628 167 2
a 628 367 2
a 629 765 4
a 630 55 10
a 630 558 10
a 631 457 7
a 632 27 10
a 633 264 4
a 633 271 5
a 633 512 6
a 634 849 3
a 635 75 6
a 635 959 5
a 636 385 1
a 636 408 5
a 637 363 6
a 637 515 9
a 637 614 6
a 637 859 1
a 638 135 10
a 638 570 8
a 638 919 1
a 639 737 10
a 640 750 2
a 640 814 9
a 640 937 10
a 641 241 8
a 641 865 3
a 642 557 3
a 642 894 9
a 642 946 9
a 643 34 10
a 643 122 6
a 643 500 3
a 643 729 4
a 643 806 2
a 644 101 5
a 645 87 10
a 645 234 10
a 645 365 2
a 646 396 3
a 646 586 8
a 647 101 8
a 647 793 1
a 648 497 10
a 648 619 9
a 649 302 6
a 649 693 10
a 650 11 4
a 650 485 9
a 650 655 2
a 650 656 9
a 650 972 5
a 651 542 4
a 652 394 5
a 652 773 2
a 653 14 8
a 653 79 8
a 653 240 5
a 654 427 9
a 654 459 6
a 654 691 10
a 655 420 5
a 656 388 8
a 656 418 2
a 656 648 10
a 657 93 4
a 657 633 4
a 658 62 2
a 658 563 1
a 659 773 2
a 660 582 1
a 660 802 1
a 661 418 4
a 661 724 6
a 662 535 7
a 662 753 6
a 662 903 9
a 663 115 2
a 663 916 7
a 664 624 6
a 665 173 10
a 665 897 8
a 666 417 3
a 666 513 6
a 667 19 9
a 667 181 3
a 667 322 6
a 667 791 3
a 667 867 7
a 668 637 6
a 668 799 4
a 669 274 9
a 669 690 1
a 669 710 10
a 669 901 5
a 670 776 4
a 670 952 7
a 671 53 6
a 671 838 7
a 672 82 10
a 673 810 7
a 674 583 5
a 675 39 5
a 676 38 2
a 676 252 3
a 676 608 4
a 677 727 7
a 677 887 4
a 678 762 2
a 679 78 4
a 679 447 6
a 680 352 9
a 681 164 10
a 682 615 7
a 682 742 1
a 683 35 2
a 683 124 1
a 684 470 1
a 684 555 8
a 685 94 10
a 685 462 8
a 685 744 6
a 686 263 4
a 686 383 9
a 687 399 5
a 687 780 3
a 688 943 2
a 688 951 9
a 689 237 6
a 689 269 10
a 690 69 6
a 690 332 7
a 691 611 3
a 692 478 5
a 693 344 5
a 693 726 3
a 694 483 7
a 694 737 8
a 695 810 5
a 696 71 4
a 696 182 2
a 696 395 9
a 696 935 6
a 697 80 9
a 698 46 1
a 698 173 2
a 698 306 3
a 699 353 3
a 699 975 5
a 700 309 3
a 700 556 1
a 700 883 7
a 701 138 6
a 702 671 5
a 702 973 8
a 703 196 7
a 703 747 10
a 703 823 10
a 704 731 3
a 705 703 10
a 706 621 10
a 706 725 2
a 706 921 6
a 706 925 5
a 707 450 9
a 707 525 3
a 708 275 10
a 709 467 2
a 709 512 1
a 709 519 2
a 710 934 8
a 711 697 8
a 712 253 3
a 713 477 9
a 714 266 6
a 715 297 9
a 716 855 9
a 717 107 5
a 718 283 10
a 718 372 1
a 718 474 6
a 719 540 10
a 720 115 6
a 720 247 1
a 720 430 4
a 720 540 2
a 720 680 2
a 720 815 5
a 721 129 4
a 721 436 6
a 721 558 3
a 722 967 9
a 723 219 6
a 723 520 7
a 723 726 9
a 724 226 8
a 724 936 3
a 725 618 3
a 726 484 1
a 726 643 9
a 727 443 5
a 727 491 2
a 728 936 4
a 729 271 4
a 729 553 7
a 729 774 3
a 730 18 4
a 731 429 3
a 732 198 4
a 732 964 9
a 733 81 1
a 733 980 6
a 734 354 1
a 734 741 10
a 734 745 5
a 734 762 7
a 735 473 2
a 735 647 7
a 736 415 5
a 736 581 3
a 736 827 7
a 737 518 6
a 737 873 6
a 737 928 10
a 738 190 5
a 738 398 9
a 739 449 1
a 739 834 4
a 740 763 4
a 740 780 9
a 741 711 4
a 741 942 1
a 742 20 4
a 742 359 5
a 742 890 1
a 743 201 1
a 743 348 7
a 744 357 10
a 744 850 7
a 745 502 1
a 746 501 7
a 746 820 2
a 747 968 10
a 748 605 4
a 749 262 2
a 749 532 1
a 750 89 9
a 750 756 4
a 750 797 5
a 750 865 2
a 751 259 10
a 752 105 2
a 752 349 6
a 752 431 7
a 752 764 5
a 753 366 8
a 753 511 6
a 753 805 2
a 753 904 10
a 754 858 9
a 754 874 6
a 755 862 7
a 755 905 9
a 755 949 5
a 756 228 4
a 756 375 10
a 756 505 9
a 756 989 10
a 757 57 9
a 757 593 2
a 758 377 4
a 758 633 10
a 759 335 9
a 760 369 4
a 760 661 1
a 761 164 10
a 761 724 4
a 762 513 5
a 763 366 3
a 764 515 10
a 765 297 9
a 765 307 8
a 766 214 8
a 767 297 7
a 767 394 8
a 767 580 4
a 767 896 5
a 767 996 7
a 768 608 1
a 769 268 5
a 770 274 1
a 771 155 2
a 771 181 8
a 771 439 10
a 771 677 3
a 772 22 1
a 773 532 10
a 774 576 9
a 774 593 9
a 775 553 3
a 775 802 8
a 776 2 4
a 777 132 2
a 777 447 8
a 778 719 9
a 778 852 10
a 779 413 4
a 780 69 6
a 780 108 9
a 781 646 9
a 781 786 3
a 782 294 1
a 783 252 8
a 783 447 3
a 783 568 10
a 783 716 6
a 784 316 3
a 785 546 4
a 786 133 9
a 786 652 3
a 787 614 7
a 788 847 10
a 789 365 5
a 789 881 10
a 790 907 5
a 791 672 7
a 791 829 7
a 792 71 7
a 792 448 1
a 792 705 4
a 793 141 4
a 793 854 9
a 793 903 8
a 794 282 9
a 794 472 8
a 794 833 10
a 795 609 3
a 795 622 8
a 796 608 10
a 797 323 3
a 797 391 8
a 798 30 7
a 798 395 4
a 799 476 10
a 799 807 2
a 800 788 8
a 801 612 4
a 801 771 10
a 801 938 7
a 802 271 2
a 803 76 2
a 804 538 4
a 804 762 9
a 805 354 3
a 805 925 8
a 806 510 10
a 806 848 10
a 807 420 7
a 807 489 10
a 807 533 3
a 808 888 10
a 809 429 3
a 810 243 5
a 811 498 6
a 812 633 9
a 813 752 2
a 814 47 1
a 814 487 9
a 814 514 7
a 815 228 6
a 816 212 3
a 816 482 5
a 817 103 4
a 817 687 2
a 818 829 4
a 818 835 8
a 819 8 9
a 819 414 7
a 819 430 3
a 820 16 8
a 820 547 9
a 820 776 1
a 821 78 5
a 821 157 9
a 822 885 9
a 823 225 7
a 823 380 2
a 824 522 8
a 824 613 9
a 825 828 5
a 826 879 3
a 827 685 4
a 828 258 2
a 828 788 3
a 829 42 7
a 829 101 8
a 829 253 7
a 829 690 5
a 830 444 9
a 830 576 4
a 830 712 2
a 831 640 9
a 832 450 10
a 832 600 4
a 833 283 1
a 833 342 3
a 834 253 3
a 835 801 6
a 836 519 2
a 836 809 5
a 837 38 7
a 837 190 6
a 838 338 1
a 838 371 5
a 838 612 8
a 839 622 8
a 840 589 1
a 841 531 6
a 841 671 8
a 842 73 8
a 843 273 8
a 843 663 3
a 844 118 8
a 844 754 4
a 845 897 8
a 846 92 8
a 846 660 10
a 847 389 7
a 847 811 2
a 848 91 3
a 848 879 1
a 848 945 6
a 849 298 9
a 849 713 4
a 849 857 6
a 850 578 2
a 850 760 7
a 851 225 10
a 851 303 3
a 851 418 3
a 852 734 5
a 852 963 3
a 853 930 8
a 854 68 2
a 854 85 2
a 855 3 2
a 855 40 3
a 855 222 6
a 856 486 10
a 856 957 7
a 857 870 4
a 858 214 10
a 858 357 8
a 859 792 9
a 860 723 1
a 861 295 5
a 861 319 10
a 862 370 1
a 863 347 3
a 863 880 6
a 864 117 9
a 864 366 1
a 864 624 5
a 864 981 2
a 865 425 2
a 865 956 10
a 866 79 3
a 866 187 2
a 866 664 6
a 867 29 9
a 867 198 5
a 867 203 6
a 868 429 7
a 868 667 5
a 869 315 4
a 869 762 8
a 870 373 10
a 870 850 10
a 871 127 6
a 872 160 2
a 872 273 7
a 873 238 8
a 873 679 10
a 874 103 5
a 874 330 10
a 874 471 9
a 874 681 9
a 874 683 4
a 875 919 2
a 876 422 1
a 876 628 8
a 877 546 8
a 877 599 9
a 877 780 6
a 877 817 2
a 878 835 5
a 879 886 9
a 880 409 4
a 881 340 1
a 882 657 9
a 882 749 10
a 883 31 4
a 883 480 5
a 883 795 4
a 884 481 3
a 884 695 2
a 884 720 5
a 885 694 8
a 885 722 6
a 885 758 3
a 886 155 1
a 887 920 6
a 887 970 8
a 888 536 8
a 888 947 8
a 889 670 7
a 890 245 1
a 890 842 2
a 890 855 9
a 890 866 8
a 891 446 10
a 892 140 3
a 893 667 2
a 893 703 2
a 893 963 5
a 894 102 4
a 894 343 7
a 895 259 4
a 895 603 2
a 896 36 2
a 896 531 9
a 897 159 5
a 897 376 5
a 898 457 3
a 898 621 1
a 898 876 5
a 899 835 4
a 900 569 7
a 900 653 9
a 901 26 7
a 902 156 1
a 902 758 2
a 903 22 5
a 904 69 1
a 905 17 3
a 905 559 1
a 905 824 5
a 906 67 3
a 906 409 2
a 906 696 10
a 906 807 2
a 907 45 3
a 907 90 7
a 908 537 9
a 908 918 9
a 908 939 5
a 909 163 1
a 909 475 3
a 909 888 5
a 909 988 9
a 910 214 9
a 910 954 5
a 911 25 1
a 911 505 9
a 912 832 6
a 913 269 3
a 913 636 7
a 914 384 7
a 914 634 6
a 915 145 9
a 916 190 8
a 916 244 6
a 916 573 8
a 916 903 4
a 917 37 10
a 917 649 8
a 917 940 10
a 918 113 8
a 919 113 5
a 919 159 1
a 919 185 7
a 919 854 10
a 920 229 3
a 921 82 4
a 922 136 6
a 923 386 4
a 924 834 2
a 925 529 2
a 926 213 4
a 926 682 4
a 927 145 8
a 928 403 6
a 928 849 10
a 929 669 9
a 929 838 3
a 929 955 4
a 930 415 7
a 930 502 1
a 930 745 8
a 931 534 1
a 931 566 9
a 932 711 2
a 933 494 2
a 934 76 2
a 935 120 4
a 935 163 3
a 936 870 3
a 937 169 7
a 937 925 9
a 938 698 9
a 939 329 2
a 939 843 3
a 940 376 3
a 940 937 5
a 940 950 7
a 941 5 7
a 941 531 10
a 942 272 9
a 942 293 3
a 942 949 7
a 943 123 4
a 943 567 2
a 943 611 6
a 944 267 2
a 944 328 8
a 945 115 10
a 946 903 2
a 947 485 6
a 947 915 9
a 948 131 10
a 948 311 4
a 948 516 5
a 948 641 8
a 948 844 3
a 948 965 8
a 949 425 4
a 950 235 7
a 950 750 7
a 950 893 2
a 950 909 6
a 951 372 8
a 951 456 3
a 951 759 10
a 951 987 8
a 952 367 10
a 952 671 1
a 953 344 1
a 953 529 9
a 953 591 5
a 954 221 10
a 954 426 2
a 955 44 7
a 955 152 2
a 955 463 10
a 955 653 8
a 955 890 9
a 956 510 2
a 957 178 10
a 957 916 4
a 958 251 6
a 958 564 1
a 958 572 9
a 958 892 7
a 959 924 1
a 960 305 6
a 960 340 2
a 960 631 4
a 961 898 10
a 962 48 3
a 962 336 10
a 962 377 9
a 962 868 7
a 963 366 8
a 964 787 5
a 965 189 5
a 965 287 3
a 966 470 1
a 966 883 7
a 967 227 8
a 968 686 6
a 969 609 1
a 970 295 6
a 970 607 2
a 970 897 6
a 971 166 4
a 971 932 9
a 971 951 3
a 972 100 1
a 972 831 3
a 972 970 1
a 973 431 8
a 974 252 2
a 975 15 6
a 975 261 10
a 975 387 7
a 976 532 4
a 977 678 6
a 978 274 9
a 978 942 6
a 979 227 8
a 979 888 8
a 979 898 2
a 979 928 4
a 980 565 7
a 981 121 2
a 981 280 9
a 982 684 10
a 983 638 5
a 984 63 9
a 984 784 10
a 984 911 2
a 985 617 7
a 986 934 4
a 986 948 1
a 986 983 10
a 987 616 6
a 987 698 1
a 987 782 2
a 988 18 10
a 988 374 7
a 989 644 6
a 989 985 1
a 990 281 8
a 990 793 6
a 991 412 9
a 991 453 7
a 991 684 8
a 991 901 7
a 992 157 4
a 992 459 10
a 992 661 7
a 993 713 2
a 994 331 6
a 994 345 7
a 994 665 1
a 995 197 1
a 995 496 9
a 995 751 2
a 996 50 10
a 996 327 7
a 996 690 5
a 997 458 7
a 998 224 2
a 998 250 5
a 998 304 6
a 999 613 1
a 999 631 8
