p max 1000 2000
n 1 s
n 1000 t
a 1 590 7
a 1 682 2
a 2 762 8
a 2 773 8
a 2 903 7
a 3 127 7
a 4 5 5
a 4 274 10
a 4 719 7
a 5 195 3
a 6 201 6
a 6 337 2
a 6 827 7
a 6 1000 4
a 7 902 8
a 7 922 3
a 7 942 5
a 8 14 3
a 9 253 6
a 10 392 5
a 11 106 2
a 11 465 5
a 11 499 9
a 11 655 4
a 12 567 3
a 13 14 5
a 13 840 7
a 14 158 8
a 14 768 2
a 15 41 2
a 16 453 9
a 16 632 8
a 17 210 8
a 18 340 8
a 19 263 2
a 19 841 7
a 20 240 3
a 20 986 6
a 21 201 5
a 21 321 9
a 22 296 8
a 22 380 3
a 23 114 10
a 23 863 10
a 24 192 10
a 24 238 2
a 25 258 7
a 26 20 2
a 26 217 4
a 27 552 5
a 27 658 10
a 27 736 5
a 28 138 8
a 28 583 2
a 28 716 3
a 28 717 3
a 29 565 7
a 30 812 5
a 31 427 9
a 31 538 10
a 31 763 8
a 32 659 1
a 33 647 5
a 34 367 3
a 34 866 10
a 35 8 5
a 35 22 2
a 35 89 3
a 35 112 4
a 36 947 2
a 37 552 5
a 37 580 9
a 38 104 7
a 38 878 7
a 39 194 8
a 39 364 6
a 40 109 10
a 41 490 2
a 42 536 5
a 43 13 2
a 43 957 3
a 44 215 8
a 44 519 1
a 45 130 2
a 45 402 8
a 45 812 1
a 46 189 6
a 47 329 6
a 47 758 2
a 48 47 4
a 49 195 3
a 49 333 6
a 50 141 7
a 51 552 10
a 52 881 10
a 53 682 2
a 54 564 5
a 54 807 8
a 54 810 10
a 55 341 10
a 56 375 8
a 56 682 6
a 56 1000 8
a 57 461 3
a 57 576 9
a 57 966 7
a 57 985 3
a 58 466 5
a 58 707 9
a 58 957 4
a 59 393 3
a 60 67 5
a 60 542 8
a 61 222 6
a 62 105 10
a 62 776 9
a 63 74 4
a 64 785 1
a 65 763 8
a 66 2 8
a 66 420 10
a 67 642 5
a 68 372 6
a 69 281 4
a 69 309 6
a 70 62 8
a 70 732 9
a 71 441 5
a 71 607 1
a 72 400 8
a 72 427 2
a 73 147 5
a 73 536 4
a 74 5 5
a 74 669 1
a 75 307 3
a 75 585 7
a 75 990 8
a 76 2 10
a 76 28 2
a 76 798 8
a 76 834 4
a 77 60 6
a 77 208 8
a 77 345 8
a 77 484 8
a 78 349 4
a 78 457 10
a 78 849 6
a 79 857 10
a 80 77 4
a 80 183 5
a 80 209 10
a 80 924 4
a 81 320 8
a 82 627 6
a 82 982 7
a 83 550 1
a 84 17 7
a 84 130 6
a 84 143 2
a 84 370 3
a 85 88 8
a 85 504 8
a 85 520 5
a 86 43 9
a 86 122 7
a 86 228 10
a 87 317 8
a 87 516 3
a 88 961 8
a 89 175 10
a 89 694 6
a 90 223 8
a 90 797 7
a 91 273 1
a 91 364 4
a 92 182 7
a 92 296 3
a 92 456 1
a 92 880 4
a 93 520 2
a 93 711 5
a 94 714 10
a 94 774 4
a 95 430 4
a 95 974 5
a 96 538 5
a 96 674 4
a 96 713 4
a 97 156 10
a 97 616 5
a 98 535 7
a 99 334 4
a 99 490 8
a 99 614 10
a 99 648 2
a 100 283 4
a 100 611 1
a 101 264 9
a 102 919 2
a 102 943 8
a 103 68 10
a 103 656 2
a 104 420 1
a 104 434 10
a 104 909 8
a 105 779 8
a 105 972 10
a 106 500 1
a 106 778 10
a 107 145 3
a 107 171 6
a 107 512 2
a 107 592 9
a 108 567 10
a 108 952 10
a 109 213 10
a 109 314 10
a 110 284 6
a 110 921 1
a 111 144 1
a 111 367 3
a 111 710 2
a 112 74 2
a 112 173 2
a 112 935 10
a 112 999 7
a 113 157 9
a 113 513 10
a 113 755 7
a 113 971 1
a 114 239 1
a 115 680 3
a 116 262 4
a 117 335 8
a 118 406 6
a 118 491 9
a 118 838 2
a 119 429 3
a 119 920 9
a 120 412 6
a 120 702 8
a 121 39 8
a 122 126 3
a 122 485 9
a 122 845 7
a 123 215 5
a 123 642 8
a 123 911 2
a 124 226 4
a 124 833 3
a 125 416 8
a 125 466 6
a 125 840 9
a 126 94 4
a 126 361 6
a 126 454 2
a 126 487 10
a 127 324 7
a 127 876 6
a 128 701 1
a 129 346 1
a 129 687 9
a 130 25 8
a 130 115 1
a 130 404 10
a 130 731 3
a 131 252 9
a 131 822 5
a 131 909 4
a 132 150 6
a 132 316 5
a 133 445 5
a 133 919 7
a 133 974 5
a 134 253 1
a 134 580 5
a 134 873 6
a 135 382 10
a 135 851 5
a 136 276 4
a 136 545 1
a 136 777 10
a 137 214 1
a 137 506 4
a 138 42 7
a 138 571 4
a 138 623 1
a 139 116 10
a 139 747 8
a 140 460 10
a 141 435 1
a 141 449 9
a 142 635 2
a 143 930 7
a 144 503 9
a 145 31 4
a 146 384 8
a 146 819 7
a 146 876 5
a 147 896 5
a 147 970 7
a 148 655 8
a 148 923 8
a 148 939 5
a 149 407 7
a 149 601 5
a 149 815 9
a 150 824 3
a 151 182 9
a 151 506 3
a 151 522 8
a 152 311 5
a 152 510 1
a 152 555 1
a 153 20 4
a 153 620 4
a 154 70 6
a 154 233 2
a 154 383 6
a 155 493 1
a 156 91 3
a 156 888 9
a 156 909 8
a 157 361 5
a 158 534 1
a 159 702 2
a 160 49 2
a 160 561 8
a 161 294 7
a 161 899 8
a 162 339 2
a 162 385 5
a 162 792 5
a 163 630 10
a 164 121 1
a 164 300 8
a 165 9 4
a 165 429 4
a 165 546 4
a 165 703 4
a 166 242 5
a 166 292 10
a 167 82 3
a 168 814 7
a 169 371 7
a 170 100 6
a 171 497 8
a 171 620 10
a 172 312 10
a 173 475 1
a 174 104 5
a 174 251 5
a 174 797 3
a 175 896 7
a 176 3 3
a 176 75 4
a 177 77 1
a 178 345 5
a 179 429 1
a 179 784 6
a 180 389 1
a 181 101 3
a 181 227 10
a 181 581 5
a 181 583 1
a 182 817 2
a 183 814 5
a 183 996 10
a 184 701 6
a 184 703 2
a 185 597 9
a 185 977 5
a 186 177 5
a 186 660 1
a 187 100 10
a 188 139 10
a 188 286 9
a 189 468 5
a 189 541 5
a 190 995 6
a 191 685 7
a 192 182 1
a 192 539 4
a 192 885 6
a 193 337 1
a 194 404 1
a 195 652 3
a 195 874 5
a 196 210 4
a 196 551 3
a 196 883 6
a 197 229 1
a 198 4 9
a 198 360 7
a 199 169 2
a 199 245 5
a 200 164 1
a 201 83 6
a 201 334 2
a 201 826 5
a 202 891 10
a 203 33 8
a 203 966 10
a 204 111 2
a 205 309 8
a 205 929 5
a 206 937 1
a 207 47 8
a 207 659 10
a 208 401 6
a 209 89 1
a 209 813 8
a 209 862 7
a 210 493 9
a 210 535 9
a 210 820 8
a 211 27 7
a 211 399 10
a 212 270 2
a 213 689 4
a 214 858 1
a 214 976 2
a 215 409 6
a 215 617 6
a 215 698 9
a 215 778 4
a 216 748 4
a 217 247 10
a 217 423 3
a 218 262 6
a 219 271 7
a 219 744 2
a 220 7 2
a 220 114 5
a 220 678 7
a 220 709 3
a 220 989 1
a 221 135 6
a 221 703 8
a 221 924 4
a 222 87 5
a 222 161 8
a 223 99 6
a 223 474 2
a 223 596 4
a 223 896 8
a 224 155 5
a 224 286 5
a 225 614 8
a 225 973 9
a 226 815 5
a 227 141 3
a 227 291 1
a 227 338 4
a 227 757 8
a 227 981 2
a 228 21 7
a 228 455 8
a 229 167 10
a 229 672 2
a 229 839 8
a 230 313 7
a 230 749 5
a 230 933 6
a 231 61 1
a 231 85 4
a 231 673 1
a 231 946 6
a 232 486 5
a 233 216 8
a 233 683 7
a 234 371 4
a 234 775 1
a 235 535 9
a 236 632 8
a 236 849 7
a 237 41 4
a 237 626 5
a 238 858 8
a 239 604 9
a 240 715 5
a 240 867 4
a 240 940 6
a 241 46 5
a 242 472 9
a 243 54 7
a 243 698 4
a 243 958 3
a 244 974 9
a 245 242 6
a 245 631 5
a 245 719 9
a 245 931 7
a 246 79 1
a 246 740 1
a 247 870 5
a 247 947 2
a 248 303 4
a 248 361 9
a 249 128 6
a 249 818 7
a 250 322 9
a 250 764 9
a 251 354 5
a 251 416 2
a 251 469 7
a 251 712 2
a 251 964 5
a 252 259 10
a 252 330 3
a 252 901 8
a 253 550 3
a 253 919 2
a 254 805 10
a 255 525 3
a 256 44 1
a 257 990 9
a 258 592 7
a 258 642 4
a 259 554 7
a 260 721 4
a 261 136 8
a 261 142 3
a 261 285 8
a 261 374 6
a 261 653 10
a 262 129 6
a 262 167 10
a 262 433 8
a 263 85 9
a 264 762 2
a 265 42 10
a 265 570 6
a 266 906 10
a 267 62 9
a 268 86 9
a 268 411 10
a 269 387 7
a 269 515 4
a 269 525 7
a 269 729 10
a 269 875 8
a 270 924 2
a 270 931 6
a 271 514 1
a 272 16 7
a 272 342 7
a 273 574 8
a 274 52 1
a 275 540 7
a 275 626 3
a 275 760 10
a 275 886 8
a 276 347 2
a 276 764 9
a 277 18 3
a 277 949 4
a 278 196 6
a 279 24 10
a 279 556 1
a 280 707 2
a 281 51 4
a 281 423 7
a 282 897 6
a 283 392 2
a 284 954 2
a 285 218 4
a 285 730 8
a 286 113 9
a 287 707 3
a 288 852 7
a 289 569 6
a 289 782 10
a 290 254 1
a 290 346 4
a 290 547 2
a 291 758 8
a 292 265 4
a 292 534 5
a 293 318 8
a 293 614 8
a 294 362 3
a 294 422 10
a 294 986 7
a 295 673 6
a 295 853 1
a 296 834 6
a 297 975 9
a 298 92 9
a 298 105 2
a 298 332 9
a 298 780 3
a 299 142 8
a 300 245 5
a 300 525 6
a 300 739 6
a 301 772 10
a 301 799 1
a 302 180 2
a 302 329 2
a 303 575 1
a 303 613 5
a 304 38 6
a 304 132 3
a 304 475 8
a 304 743 10
a 305 548 6
a 306 58 3
a 306 359 4
a 306 938 5
a 307 638 4
a 308 263 3
a 308 353 8
a 308 752 4
a 308 892 1
a 309 394 6
a 309 1000 3
a 310 953 7
a 310 997 1
a 311 124 3
a 312 117 7
a 312 451 2
a 312 531 8
a 313 249 6
a 313 903 6
a 314 474 10
a 314 899 9
a 315 118 10
a 315 426 7
a 316 32 9
a 316 73 2
a 316 475 8
a 316 624 9
a 316 831 4
a 317 290 9
a 318 589 9
a 319 178 9
a 319 379 2
a 320 706 2
a 321 252 3
a 322 117 1
a 322 611 7
a 322 691 4
a 323 26 6
a 323 258 10
a 323 642 4
a 324 588 7
a 324 906 7
a 325 469 4
a 326 465 6
a 327 342 10
a 327 824 6
a 328 256 7
a 328 343 5
a 329 208 6
a 329 480 2
a 330 248 1
a 330 388 4
a 331 394 2
a 331 577 6
a 332 625 6
a 332 824 2
a 333 107 2
a 333 819 4
a 334 203 8
a 334 813 4
a 335 761 6
a 336 340 3
a 336 699 7
a 337 715 10
a 337 875 9
a 338 416 9
a 338 864 6
a 339 177 4
a 339 365 8
a 340 510 6
a 340 578 7
a 341 666 3
a 341 828 10
a 341 850 8
a 342 419 8
a 342 734 9
a 343 531 10
a 344 913 1
a 344 970 8
a 345 540 2
a 345 634 1
a 346 351 3
a 347 42 9
a 347 367 1
a 347 868 7
a 348 565 7
a 349 37 3
a 349 268 6
a 349 621 6
a 350 470 7
a 350 987 5
a 351 142 2
a 351 158 3
a 351 895 9
a 352 868 10
a 353 37 2
a 354 391 6
a 354 688 1
a 354 728 9
a 355 93 7
a 355 164 5
a 355 927 1
a 356 305 2
a 356 319 3
a 356 479 6
a 357 670 7
a 357 735 6
a 358 66 3
a 358 378 4
a 358 395 8
a 359 171 9
a 359 930 10
a 360 23 2
a 360 386 9
a 360 960 6
a 361 39 7
a 361 176 5
a 361 331 7
a 362 119 9
a 362 219 7
a 362 414 5
a 363 175 2
a 363 586 1
a 364 413 3
a 365 250 8
a 365 835 6
a 366 259 7
a 366 441 8
a 366 859 7
a 367 373 1
a 367 708 3
a 368 420 6
a 369 405 5
a 369 412 8
a 369 700 3
a 370 708 4
a 371 10 2
a 371 227 10
a 372 488 5
a 372 549 1
a 372 576 9
a 372 674 6
a 373 270 7
a 373 805 3
a 374 373 7
a 374 533 2
a 375 59 5
a 375 287 3
a 376 126 7
a 376 494 8
a 377 543 8
a 378 324 7
a 379 34 7
a 379 310 7
a 379 356 5
a 379 609 7
a 379 932 3
a 380 478 6
a 380 772 9
a 380 957 8
a 381 771 6
a 381 774 5
a 382 762 5
a 382 987 8
a 383 208 7
a 383 248 4
a 383 471 7
a 384 185 1
a 384 598 7
a 384 653 6
a 384 750 7
a 385 269 9
a 386 857 7
a 386 901 7
a 387 176 7
a 388 149 9
a 388 968 3
a 389 179 3
a 389 220 9
a 389 943 2
a 390 849 10
a 391 166 7
a 391 608 3
a 392 925 10
a 393 261 6
a 393 473 9
a 393 604 7
a 394 6 5
a 394 71 6
a 395 689 8
a 396 434 5
a 396 585 2
a 396 643 5
a 397 703 9
a 398 448 5
a 398 572 8
a 398 998 1
a 399 199 2
a 400 869 2
a 401 29 10
a 401 261 5
a 401 480 9
a 402 660 6
a 402 913 5
a 403 358 1
a 403 360 8
a 404 265 7
a 404 565 9
a 404 602 5
a 405 828 2
a 405 851 1
a 406 610 2
a 406 709 8
a 407 368 9
a 408 291 6
a 408 560 5
a 409 553 8
a 410 90 8
a 410 153 7
a 410 644 3
a 410 738 10
a 411 489 1
a 411 623 2
a 412 190 4
a 412 970 5
a 413 278 8
a 414 936 5
a 414 995 4
a 415 107 3
a 416 20 9
a 417 275 8
a 417 463 5
a 417 509 7
a 417 988 7
a 418 468 8
a 419 321 5
a 419 994 1
a 420 632 5
a 421 956 3
a 422 751 6
a 423 62 8
a 423 529 8
a 424 823 9
a 425 521 1
a 426 198 5
a 427 288 8
a 427 685 7
a 427 955 7
a 427 986 2
a 428 492 4
a 429 642 2
a 429 837 3
a 429 905 5
a 430 150 7
a 430 568 10
a 431 759 4
a 431 803 2
a 432 762 7
a 433 89 10
a 433 928 8
a 434 516 7
a 435 360 6
a 436 224 1
a 436 279 6
a 437 142 7
a 437 848 6
a 437 874 2
a 438 71 2
a 438 403 10
a 438 516 6
a 438 733 5
a 439 422 4
a 439 557 2
a 439 675 2
a 440 482 9
a 441 119 9
a 441 145 10
a 441 582 1
a 442 77 1
a 443 198 1
a 443 594 9
a 443 959 6
a 444 95 3
a 445 161 9
a 446 908 4
a 447 305 8
a 447 984 7
a 448 756 5
a 449 143 5
a 449 199 2
a 449 868 1
a 450 159 3
a 450 377 2
a 451 192 6
a 452 480 6
a 452 964 9
a 453 145 3
a 453 690 7
a 454 299 5
a 454 820 8
a 455 74 9
a 455 108 7
a 455 131 1
a 456 64 9
a 456 404 9
a 456 519 10
a 456 645 10
a 457 569 7
a 457 668 8
a 457 894 6
a 458 615 7
a 458 686 4
a 458 805 1
a 459 686 6
a 459 893 6
a 460 385 4
a 460 495 1
a 461 397 9
a 461 423 4
a 461 839 6
a 462 200 8
a 462 379 5
a 462 618 5
a 463 55 6
a 463 317 8
a 464 159 1
a 464 891 2
a 465 978 10
a 466 281 9
a 466 508 2
a 466 553 3
a 467 187 6
a 467 282 3
a 467 532 3
a 468 605 8
a 468 699 6
a 469 882 3
a 470 111 6
a 470 878 4
a 471 523 7
a 471 587 9
a 472 174 3
a 472 232 5
a 472 637 1
a 473 97 4
a 473 140 2
a 473 311 10
a 473 967 6
a 474 684 3
a 474 770 1
a 474 786 10
a 475 976 4
a 476 241 9
a 476 759 6
a 476 915 1
a 477 2 1
a 478 859 9
a 479 165 6
a 479 320 3
a 479 910 7
a 480 493 5
a 480 693 7
a 481 128 3
a 482 57 4
a 482 472 1
a 483 152 4
a 483 290 3
a 483 340 8
a 483 607 7
a 483 795 7
a 484 693 5
a 485 62 1
a 485 452 9
a 486 186 8
a 486 443 6
a 486 475 5
a 487 710 2
a 488 315 6
a 488 562 8
a 489 215 10
a 490 392 6
a 490 419 8
a 490 420 4
a 490 871 9
a 491 20 10
a 491 401 6
a 491 437 10
a 491 442 4
a 492 54 6
a 493 219 8
a 493 440 5
a 493 533 6
a 494 718 9
a 494 892 3
a 495 343 9
a 495 830 7
a 496 47 5
a 496 282 7
a 497 723 3
a 497 778 5
a 498 183 3
a 499 80 7
a 499 139 4
a 499 175 1
a 500 121 7
a 500 670 7
a 501 242 3
a 501 293 5
a 502 164 9
a 502 194 8
a 502 289 3
a 502 877 7
a 503 40 4
a 503 926 4
a 504 846 9
a 505 514 1
a 505 562 10
a 505 724 7
a 506 591 4
a 507 428 5
a 507 816 2
a 508 424 2
a 509 219 9
a 510 809 9
a 510 880 9
a 511 87 7
a 511 736 5
a 512 126 2
a 512 168 4
a 512 278 5
a 512 537 7
a 512 925 4
a 513 262 6
a 513 805 9
a 514 639 3
a 515 6 4
a 515 219 3
a 516 98 1
a 516 148 5
a 516 255 10
a 516 421 6
a 516 604 2
a 516 697 3
a 517 256 8
a 517 528 5
a 517 844 4
a 518 143 9
a 518 465 2
a 518 619 7
a 519 772 2
a 520 250 10
a 520 653 9
a 520 829 6
a 521 280 10
a 521 879 1
a 522 695 3
a 523 162 3
a 523 304 9
a 523 907 7
a 524 833 7
a 525 14 10
a 525 666 8
a 526 36 3
a 526 754 2
a 527 198 8
a 528 680 7
a 528 727 3
a 528 846 9
a 528 950 8
a 529 94 10
a 530 88 1
a 531 705 6
a 531 796 2
a 532 459 5
a 532 812 3
a 533 480 5
a 534 141 1
a 534 406 4
a 534 746 4
a 535 968 7
a 536 188 7
a 536 423 1
a 536 511 4
a 537 45 2
a 537 48 2
a 537 202 8
a 537 243 1
a 537 577 8
a 538 4 7
a 538 856 10
a 539 788 2
a 539 792 9
a 539 905 2
a 540 865 10
a 541 996 10
a 542 262 1
a 543 133 4
a 543 276 4
a 543 855 3
a 544 941 5
a 545 247 1
a 545 786 4
a 546 662 7
a 546 710 8
a 546 918 1
a 547 76 6
a 548 173 4
a 548 226 3
a 548 705 9
a 549 118 9
a 549 266 5
a 550 782 9
a 551 748 8
a 552 407 9
a 552 701 4
a 553 490 6
a 553 567 10
a 554 40 2
a 555 786 3
a 556 964 3
a 557 133 2
a 558 104 8
a 558 890 5
a 559 312 8
a 560 929 2
a 561 116 7
a 561 468 2
a 561 513 7
a 562 296 6
a 563 913 7
a 564 982 7
a 565 833 7
a 566 127 3
a 566 212 8
a 566 395 4
a 566 638 4
a 567 84 1
a 567 692 9
a 568 171 3
a 569 270 9
a 570 451 3
a 570 945 9
a 571 286 8
a 572 267 2
a 572 683 5
a 573 424 5
a 574 445 2
a 574 460 8
a 574 644 10
a 574 748 5
a 575 453 5
a 576 997 5
a 577 23 7
a 577 526 5
a 577 563 7
a 578 19 3
a 578 339 1
a 579 458 2
a 580 15 2
a 580 479 10
a 580 572 10
a 581 298 9
a 581 998 4
a 582 363 1
a 582 696 6
a 582 789 7
a 583 505 10
a 583 858 7
a 583 898 7
a 583 992 1
a 584 146 2
a 585 2 9
a 586 466 5
a 586 767 7
a 586 956 4
a 587 347 7
a 587 436 5
a 587 802 9
a 588 872 8
a 588 954 8
a 589 239 1
a 589 990 9
a 590 160 5
a 590 801 6
a 591 5 1
a 592 237 4
a 592 287 1
a 593 69 10
a 593 700 10
a 594 295 9
a 594 737 5
a 594 739 5
a 594 986 3
a 595 329 3
a 595 677 1
a 596 756 8
a 596 788 2
a 597 146 8
a 597 394 6
a 598 300 10
a 598 482 1
a 598 808 1
a 599 386 6
a 600 549 10
a 600 599 8
a 601 338 6
a 602 170 1
a 602 695 3
a 602 906 6
a 602 983 10
a 603 972 6
a 604 126 10
a 605 756 6
a 606 88 7
a 607 257 7
a 607 961 1
a 608 31 8
a 608 915 10
a 609 117 10
a 610 381 8
a 610 391 10
a 610 431 1
a 610 621 1
a 611 628 6
a 611 926 7
a 612 443 10
a 613 73 4
a 613 791 10
a 614 49 9
a 614 195 7
a 615 336 10
a 615 544 8
a 616 181 1
a 616 382 4
a 617 204 4
a 618 96 5
a 619 173 7
a 620 424 2
a 620 720 8
a 621 800 9
a 621 917 1
a 622 702 2
a 623 8 2
a 623 486 10
a 624 191 4
a 624 613 10
a 624 800 3
a 625 617 4
a 626 160 7
a 626 818 5
a 627 205 7
a 627 328 6
a 628 835 7
a 629 85 10
a 629 843 5
a 630 523 7
a 630 937 7
a 631 509 4
a 632 86 5
a 632 595 9
a 632 932 5
a 633 153 6
a 633 193 7
a 634 455 6
a 635 681 8
a 635 953 5
a 636 635 5
a 636 751 5
a 637 545 3
a 638 175 2
a 638 352 9
a 639 629 5
a 639 987 4
a 640 396 3
a 640 447 8
a 640 900 10
a 641 127 8
a 642 199 10
a 643 121 10
a 643 326 3
a 644 193 6
a 645 566 5
a 645 904 2
a 646 395 2
a 646 912 4
a 647 122 8
a 647 714 7
a 648 143 10
a 648 637 5
a 648 969 3
a 649 216 9
a 649 595 8
a 649 677 5
a 650 912 4
a 651 677 7
a 651 779 6
a 652 327 6
a 652 394 2
a 653 628 4
a 653 995 2
a 654 107 8
a 654 498 10
a 654 875 10
a 655 452 8
a 656 446 2
a 656 606 2
a 656 663 8
a 657 100 6
a 657 197 5
a 657 906 5
a 658 531 9
a 659 114 7
a 659 477 10
a 660 217 10
a 660 413 1
a 660 699 3
a 661 224 2
a 661 500 9
a 661 641 3
a 662 938 8
a 662 996 6
a 663 44 6
a 664 174 10
a 664 353 8
a 664 438 8
a 664 603 4
a 664 825 1
a 665 559 8
a 665 610 7
a 666 726 2
a 666 730 9
a 666 901 2
a 667 428 6
a 668 265 5
a 669 310 1
a 670 331 8
a 671 90 3
a 671 625 2
a 671 818 1
a 672 128 9
a 672 671 4
a 673 766 9
a 673 769 5
a 673 785 7
a 674 75 6
a 674 184 2
a 675 238 9
a 675 302 10
a 675 308 1
a 675 657 3
a 676 96 6
a 676 151 10
a 676 377 6
a 676 963 10
a 677 188 7
a 677 355 9
a 677 495 10
a 678 398 6
a 678 818 8
a 679 634 9
a 680 103 4
a 680 138 1
a 681 336 10
a 681 361 6
a 681 369 5
a 681 993 1
a 682 350 8
a 683 819 6
a 684 319 6
a 685 243 6
a 685 319 1
a 685 449 3
a 685 663 7
a 686 109 6
a 686 497 1
a 686 881 5
a 687 308 10
a 687 593 1
a 688 142 3
a 689 467 1
a 689 751 2
a 690 65 2
a 690 92 4
a 690 723 4
a 691 505 9
a 692 541 8
a 693 310 4
a 693 775 5
a 694 917 8
a 695 282 9
a 695 418 9
a 695 767 5
a 696 866 5
a 696 900 6
a 697 439 4
a 697 882 3
a 698 120 10
a 698 366 8
a 698 740 9
a 698 783 10
a 699 861 8
a 699 884 10
a 699 885 4
a 700 30 3
a 701 3 7
a 701 332 6
a 702 224 3
a 703 336 3
a 703 961 4
a 704 272 3
a 705 313 10
a 705 483 4
a 705 542 6
a 706 51 5
a 706 968 10
a 707 166 8
a 708 113 2
a 708 389 1
a 708 547 2
a 709 450 5
a 709 558 6
a 709 580 8
a 710 458 5
a 710 594 4
a 711 644 6
a 711 744 8
a 712 750 9
a 713 169 1
a 713 563 8
a 714 214 1
a 714 518 6
a 714 965 1
a 715 142 2
a 716 30 6
a 716 382 4
a 716 949 6
a 717 122 5
a 717 651 4
a 718 65 10
a 718 260 7
a 719 591 4
a 720 444 1
a 721 53 7
a 721 320 3
a 721 424 7
a 721 656 8
a 722 206 3
a 722 378 3
a 723 416 4
a 723 444 2
a 723 524 3
a 724 259 2
a 724 721 10
a 724 836 2
a 725 735 7
a 726 435 4
a 727 904 6
a 728 583 8
a 728 585 9
a 729 616 5
a 729 809 4
a 730 39 3
a 731 70 3
a 731 176 4
a 731 579 1
a 731 941 7
a 732 124 4
a 733 172 7
a 734 321 4
a 734 363 7
a 735 679 7
a 735 706 4
a 736 591 3
a 737 130 5
a 738 446 10
a 739 369 6
a 739 514 4
a 739 806 1
a 740 316 5
a 740 440 8
a 741 636 8
a 741 817 1
a 742 246 7
a 742 293 6
a 743 169 10
a 743 716 1
a 744 487 6
a 745 916 4
a 746 138 3
a 747 299 2
a 748 958 9
a 749 531 9
a 749 914 4
a 750 45 8
a 751 21 6
a 752 463 2
a 753 13 3
a 753 275 5
a 754 159 1
a 754 186 5
a 754 600 10
a 754 661 2
a 754 794 6
a 755 89 6
a 755 304 8
a 756 350 5
a 756 392 3
a 757 790 3
a 757 931 3
a 758 446 10
a 758 496 8
a 759 269 5
a 759 954 6
a 760 677 2
a 761 176 8
a 761 732 6
a 762 521 1
a 762 753 4
a 763 465 4
a 763 832 7
a 763 897 5
a 764 67 7
a 764 925 10
a 765 473 7
a 766 462 6
a 766 679 6
a 767 475 6
a 767 492 7
a 768 767 3
a 768 991 8
a 769 612 2
a 769 785 9
a 770 175 3
a 770 528 6
a 771 883 1
a 772 229 7
a 772 502 4
a 772 872 9
a 773 646 1
a 773 852 2
a 773 916 9
a 774 292 1
a 775 737 10
a 776 244 5
a 776 783 8
a 776 854 10
a 777 12 1
a 777 138 10
a 778 100 8
a 778 580 3
a 779 95 9
a 779 839 1
a 780 649 1
a 780 671 7
a 781 289 3
a 781 683 10
a 782 3 5
a 783 132 9
a 784 247 5
a 784 530 10
a 785 221 4
a 785 761 6
a 785 814 7
a 786 796 1
a 787 76 7
a 787 174 3
a 788 164 3
a 789 52 4
a 789 429 5
a 789 639 9
a 790 602 1
a 791 878 3
a 792 512 8
a 792 654 1
a 792 807 1
a 792 993 9
a 793 516 5
a 793 879 1
a 793 929 7
a 794 44 4
a 794 552 2
a 794 886 6
a 795 154 6
a 795 325 6
a 795 376 8
a 795 522 4
a 795 640 6
a 796 523 5
a 797 885 3
a 798 645 1
a 799 54 2
a 799 543 1
a 799 887 4
a 799 944 6
a 799 979 7
a 800 56 8
a 800 81 1
a 800 558 9
a 800 742 4
a 801 47 6
a 801 612 10
a 802 43 7
a 802 203 10
a 802 518 6
a 803 60 9
a 803 207 10
a 803 456 8
a 804 494 8
a 804 965 8
a 805 418 10
a 806 351 8
a 806 357 5
a 806 412 7
a 807 71 6
a 808 412 1
a 809 492 7
a 810 617 5
a 811 193 1
a 811 233 2
a 812 964 9
a 813 501 6
a 813 864 4
a 814 174 10
a 815 147 2
a 815 577 2
a 816 221 3
a 816 617 1
a 817 378 6
a 817 647 5
a 818 34 4
a 819 344 6
a 819 695 10
a 820 191 1
a 820 728 7
a 821 454 9
a 822 363 7
a 822 689 6
a 823 978 9
a 824 420 4
a 824 684 9
a 825 755 5
a 825 805 7
a 826 522 4
a 827 579 7
a 828 733 5
a 828 848 10
a 829 600 7
a 830 715 8
a 831 717 1
a 832 145 3
a 832 630 7
a 832 765 10
a 833 755 2
a 834 257 6
a 834 741 10
a 835 532 1
a 835 870 7
a 836 172 10
a 836 266 1
a 836 334 6
a 837 502 9
a 837 937 10
a 838 231 5
a 838 234 8
a 838 847 9
a 838 966 5
a 839 348 2
a 839 432 1
a 839 453 5
a 839 464 8
a 840 855 10
a 841 35 8
a 841 236 6
a 841 457 7
a 841 889 9
a 842 154 10
a 843 230 8
a 843 565 1
a 843 632 9
a 843 882 10
a 844 134 10
a 844 657 8
a 844 668 4
a 845 548 1
a 845 674 2
a 845 942 2
a 846 716 1
a 846 821 9
a 847 220 10
a 847 510 9
a 847 523 5
a 848 622 10
a 848 911 5
a 849 689 5
a 850 794 9
a 851 633 9
a 851 745 6
a 852 204 7
a 852 451 3
a 852 591 10
a 852 790 8
a 853 72 10
a 853 285 10
a 854 453 6
a 855 173 7
a 855 277 9
a 855 696 5
a 855 793 9
a 855 934 6
a 856 372 3
a 856 390 2
a 856 454 2
a 856 688 4
a 857 27 8
a 857 831 8
a 858 341 4
a 858 864 9
a 859 855 2
a 860 36 10
a 860 635 10
a 861 405 4
a 861 521 6
a 862 353 7
a 862 865 7
a 862 876 5
a 863 382 4
a 864 137 10
a 864 339 10
a 865 80 6
a 866 713 1
a 867 624 1
a 868 343 1
a 868 566 3
a 869 64 5
a 870 210 1
a 870 608 3
a 870 676 7
a 870 751 7
a 871 380 1
a 872 23 3
a 873 123 6
a 873 675 6
a 874 180 5
a 874 869 9
a 875 113 1
a 875 124 8
a 875 338 8
a 876 63 3
a 876 594 6
a 876 689 4
a 876 984 8
a 877 790 9
a 878 46 6
a 878 53 4
a 878 225 10
a 878 282 1
a 878 472 9
a 879 996 4
a 880 329 10
a 881 626 5
a 882 512 2
a 883 21 5
a 883 221 8
a 883 735 5
a 884 227 6
a 884 561 8
a 885 251 10
a 885 399 9
a 885 931 3
a 886 803 5
a 887 511 10
a 888 78 3
a 888 546 5
a 888 599 5
a 888 901 5
a 889 519 7
a 890 574 2
a 890 730 9
a 891 147 9
a 891 200 5
a 891 951 8
a 892 850 1
a 893 408 1
a 893 725 10
a 893 927 3
a 894 241 8
a 894 554 3
a 894 711 3
a 894 787 3
a 895 297 5
a 895 462 10
a 895 774 3
a 895 816 6
a 896 24 7
a 897 118 8
a 897 125 9
a 898 43 9
a 899 558 9
a 900 492 3
a 901 503 1
a 901 973 5
a 902 83 3
a 902 686 2
a 902 975 7
a 903 246 2
a 903 323 10
a 904 50 9
a 904 994 9
a 905 327 9
a 906 575 4
a 907 211 10
a 907 312 4
a 907 657 5
a 908 815 8
a 909 642 5
a 910 251 6
a 910 272 3
a 911 186 9
a 911 664 1
a 912 4 2
a 913 823 2
a 914 294 8
a 915 81 4
a 915 926 7
a 916 897 7
a 917 159 5
a 918 750 1
a 918 753 3
a 918 875 8
a 918 898 1
a 919 777 6
a 919 916 2
a 920 788 8
a 921 24 7
a 921 216 5
a 922 428 10
a 923 410 2
a 923 676 7
a 924 22 7
a 924 704 1
a 925 901 3
a 926 196 6
a 926 248 1
a 927 596 10
a 928 66 2
a 928 597 6
a 929 114 2
a 929 401 10
a 929 908 6
a 929 980 1
a 930 445 2
a 931 892 2
a 932 102 8
a 932 360 6
a 932 897 7
a 933 650 10
a 933 932 10
a 934 190 2
a 935 606 1
a 936 343 5
a 936 991 1
a 937 692 6
a 938 312 8
a 939 314 2
a 939 381 1
a 939 676 9
a 939 948 7
a 940 474 2
a 940 667 9
a 941 82 4
a 941 105 7
a 941 978 6
a 942 425 7
a 942 896 7
a 943 411 9
a 944 80 2
a 944 921 4
a 945 206 9
a 945 416 8
a 946 345 9
a 946 561 6
a 947 61 1
a 947 140 7
a 947 189 6
a 948 853 1
a 949 522 8
a 949 670 9
a 949 962 3
a 950 16 8
a 951 489 9
a 951 803 2
a 952 33 9
a 952 301 6
a 952 823 5
a 953 205 7
a 953 286 2
a 953 687 6
a 953 811 6
a 954 388 1
a 954 584 5
a 955 655 3
a 956 786 4
a 957 347 5
a 957 462 3
a 957 953 5
a 958 17 3
a 959 305 3
a 960 260 2
a 961 476 3
a 961 824 10
a 962 762 9
a 963 70 5
a 963 665 5
a 963 729 2
a 964 573 2
a 964 921 1
a 965 656 3
a 966 84 9
a 966 110 6
a 966 247 7
a 966 415 9
a 966 804 10
a 967 44 7
a 967 264 10
a 967 772 5
a 967 842 2
a 968 658 3
a 968 899 9
a 969 624 1
a 970 367 3
a 970 492 10
a 971 164 8
a 971 306 2
a 971 433 10
a 972 192 2
a 972 539 2
a 972 950 7
a 973 924 1
a 974 383 9
a 974 527 3
a 974 903 7
a 975 653 7
a 975 817 5
a 975 926 3
a 976 713 3
a 976 781 7
a 977 222 7
a 977 501 10
a 978 952 5
a 979 84 2
a 979 393 10
a 979 517 5
a 979 589 6
a 980 102 2
a 981 269 4
a 982 299 1
a 982 335 10
a 982 435 4
a 983 53 2
a 983 545 3
a 984 301 8
a 985 458 9
a 985 642 8
a 986 613 3
a 986 982 5
a 987 507 10
a 987 882 1
a 988 682 9
a 988 722 8
a 988 854 8
a 988 889 4
a 989 459 7
a 990 972 8
a 991 766 1
a 992 11 4
a 992 235 1
a 992 368 2
a 992 372 1
a 993 583 10
a 993 633 2
a 994 123 2
a 994 237 8
a 994 952 7
a 995 749 2
a 996 178 5
a 996 481 4
a 997 417 1
a 997 966 3
a 998 954 1
a 999 163 5
a 999 557 2
a 999 860 7
