p max 100 200
n 1 s
n 100 t
a 1 44 7
a 1 72 5
a 2 5 7
a 2 39 6
a 2 46 8
a 2 80 4
a 3 89 9
a 4 25 5
a 4 51 9
a 5 48 2
a 5 84 2
a 6 69 5
a 6 92 2
a 7 23 4
a 7 39 6
a 7 62 9
a 8 67 9
a 9 17 10
a 9 51 8
a 10 22 5
a 10 69 10
a 11 3 2
a 11 16 5
a 11 26 4
a 11 32 7
a 11 76 9
a 12 19 7
a 12 37 8
a 13 18 5
a 13 25 6
a 14 30 6
a 14 58 8
a 14 77 1
a 15 73 2
a 15 88 3
a 16 60 8
a 17 34 9
a 18 11 3
a 19 24 7
a 20 85 2
a 21 97 5
a 22 14 9
a 22 59 6
a 22 79 8
a 22 100 5
a 23 64 4
a 23 98 6
a 24 71 10
a 24 93 5
a 25 54 7
a 25 74 9
a 25 78 4
a 26 22 6
a 26 47 8
a 26 90 2
a 27 24 7
a 28 93 10
a 29 8 5
a 29 32 8
a 29 43 8
a 30 40 4
a 30 50 4
a 30 96 6
a 31 24 8
a 31 32 1
a 32 2 7
a 32 10 5
a 32 49 5
a 32 99 1
a 33 6 10
a 33 58 2
a 34 20 6
a 34 60 9
a 34 83 5
a 35 47 4
a 36 61 9
a 37 63 6
a 37 95 5
a 38 96 4
a 39 69 4
a 40 4 1
a 40 71 7
a 41 27 5
a 41 74 6
a 41 84 7
a 42 7 1
a 43 3 1
a 44 35 9
a 44 58 7
a 44 82 3
a 45 96 2
a 46 96 5
a 47 20 5
a 47 95 2
a 48 45 7
a 48 56 4
a 48 98 3
a 49 45 6
a 49 71 4
a 50 27 9
a 50 28 5
a 50 46 4
a 51 76 3
a 52 48 4
a 53 7 6
a 53 24 4
a 53 85 9
a 54 31 8
a 54 64 8
a 54 92 6
a 55 38 3
a 55 51 3
a 55 53 7
a 55 74 7
a 56 24 10
a 56 88 5
a 57 8 9
a 57 33 10
a 57 42 6
a 57 52 2
a 58 53 6
a 59 2 10
a 59 19 5
a 59 66 10
a 60 62 6
a 60 98 4
a 61 57 2
a 62 54 3
a 62 100 7
a 63 45 2
a 64 14 7
a 64 65 5
a 65 52 7
a 66 88 2
a 67 9 9
a 67 41 7
a 67 87 4
a 67 94 9
a 68 90 7
a 69 20 8
a 69 65 5
a 69 67 2
a 70 11 2
a 70 82 7
a 70 91 6
a 71 39 9
a 72 91 4
a 73 96 10
a 74 40 4
a 75 97 4
a 76 61 5
a 76 72 3
a 77 13 6
a 77 90 8
a 78 30 6
a 79 69 2
a 79 84 9
a 80 89 7
a 80 91 1
a 81 75 2
a 81 86 7
a 82 24 1
a 82 34 6
a 83 75 2
a 83 76 1
a 84 24 1
a 84 50 2
a 84 68 4
a 84 89 3
a 85 95 10
a 86 39 10
a 87 16 10
a 88 9 5
a 88 19 8
a 88 55 3
a 88 81 10
a 89 21 5
a 89 30 2
a 89 36 5
a 89 76 8
a 90 32 5
a 90 61 2
a 91 58 10
a 91 77 3
a 92 29 3
a 92 49 2
a 93 11 4
a 93 83 8
a 94 12 4
a 94 30 4
a 94 57 8
a 94 97 3
a 95 58 4
a 95 70 7
a 96 15 4
a 96 66 6
a 96 95 10
a 97 83 8
a 98 90 2
a 99 61 9
