p max 1000 2000
n 1 s
n 1000 t
a 1 198 10
a 1 305 5
a 1 488 1
a 2 783 7
a 3 820 6
a 3 980 10
a 4 76 8
a 4 434 10
a 5 389 10
a 5 864 7
a 6 144 2
a 6 409 1
a 6 718 9
a 7 711 3
a 8 292 2
a 9 90 6
a 10 121 8
a 11 627 6
a 12 788 9
a 13 297 10
a 13 466 9
a 13 817 9
a 14 169 3
a 14 381 9
a 15 52 5
a 15 422 3
a 16 248 6
a 16 347 3
a 16 793 6
a 17 113 9
a 18 266 9
a 18 930 2
a 19 281 10
a 19 392 3
a 20 856 8
a 21 1000 9
a 22 840 8
a 23 915 8
a 24 181 4
a 25 99 4
a 25 231 2
a 25 276 3
a 26 473 3
a 26 549 1
a 27 267 4
a 27 319 7
a 28 522 8
a 28 532 7
a 29 127 10
a 29 553 4
a 29 631 9
a 29 672 5
a 30 333 9
a 31 174 6
a 31 222 2
a 31 974 4
a 32 562 7
a 32 677 9
a 33 515 10
a 33 778 3
a 33 870 7
a 34 50 9
a 34 179 7
a 34 188 10
a 35 980 5
a 36 546 8
a 36 796 9
a 37 31 4
a 37 396 6
a 37 611 2
a 37 660 4
a 37 870 4
a 38 82 3
a 38 704 8
a 38 823 1
a 39 742 1
a 40 694 10
a 40 965 6
a 41 37 9
a 41 818 1
a 42 795 2
a 43 759 9
a 43 788 6
a 43 988 7
a 44 207 5
a 45 150 8
a 45 302 7
a 45 358 7
a 45 450 6
a 45 849 10
a 46 735 5
a 47 876 6
a 47 950 1
a 48 623 5
a 48 647 7
a 49 315 3
a 49 350 9
a 49 831 7
a 50 693 10
a 50 882 3
a 51 163 6
a 51 197 2
a 51 724 4
a 52 371 7
a 53 363 3
a 53 514 7
a 53 822 3
a 54 619 10
a 55 135 5
a 55 374 4
a 55 424 10
a 55 913 8
a 55 938 1
a 56 739 9
a 56 876 1
a 57 757 10
a 57 940 9
a 57 972 2
a 58 6 2
a 59 597 3
a 59 746 5
a 60 298 2
a 60 417 1
a 60 817 4
a 61 414 6
a 61 657 9
a 62 579 4
a 63 75 5
a 63 698 4
a 63 740 2
a 63 767 10
a 64 175 9
a 64 858 7
a 65 704 3
a 66 368 4
a 66 438 6
a 66 755 5
a 67 156 7
a 67 487 2
a 68 439 4
a 68 801 6
a 69 441 7
a 69 662 2
a 70 600 2
a 71 898 3
a 72 585 6
a 73 773 7
a 74 549 2
a 75 32 5
a 75 128 8
a 76 650 1
a 76 714 9
a 76 781 5
a 77 420 6
a 77 513 7
a 77 934 3
a 78 498 1
a 78 882 2
a 78 891 8
a 79 271 10
a 79 725 1
a 80 263 1
a 80 969 3
a 81 807 10
a 81 872 7
a 82 291 7
a 83 344 4
a 83 692 8
a 84 935 3
a 85 9 5
a 85 293 5
a 86 483 7
a 87 850 7
a 88 458 3
a 89 968 1
a 90 280 2
a 90 560 1
a 91 760 8
a 91 925 4
a 91 926 3
a 92 518 1
a 92 596 3
a 92 896 5
a 93 531 6
a 93 900 2
a 94 88 7
a 95 23 2
a 95 619 2
a 95 701 10
a 95 788 7
a 96 534 1
a 96 793 7
a 97 161 4
a 97 232 4
a 98 318 10
a 99 924 10
a 100 180 5
a 100 558 7
a 101 711 3
a 101 761 5
a 102 136 6
a 103 228 1
a 103 998 1
a 104 17 8
a 104 696 7
a 104 789 8
a 104 826 3
a 105 32 5
a 105 72 7
a 105 244 4
a 106 205 7
a 107 480 10
a 107 713 7
a 108 448 1
a 109 399 1
a 109 600 7
a 110 139 8
a 111 285 4
a 111 472 1
a 111 704 9
a 112 239 8
a 112 484 4
a 113 119 1
a 113 697 9
a 114 247 6
a 114 459 5
a 114 476 5
a 115 378 6
a 115 640 8
a 116 279 1
a 116 850 3
a 117 463 9
a 117 879 2
a 118 344 5
a 118 904 1
a 119 583 1
a 119 939 1
a 119 976 8
a 120 228 5
a 120 344 1
a 120 394 5
a 120 530 6
a 120 729 1
a 120 838 5
a 121 556 4
a 121 805 7
a 122 558 2
a 122 762 4
a 123 427 2
a 124 145 3
a 124 177 3
a 125 906 8
a 125 947 3
a 126 507 9
a 126 676 9
a 127 779 5
a 127 833 8
a 127 936 6
a 128 119 5
a 128 874 5
a 129 159 8
a 129 795 8
a 130 50 5
a 130 433 2
a 130 846 2
a 131 378 10
a 131 390 4
a 131 482 1
a 131 639 6
a 131 986 7
a 132 350 6
a 133 151 10
a 133 405 2
a 134 790 4
a 134 963 3
a 135 253 9
a 135 575 10
a 136 489 2
a 136 510 4
a 137 537 9
a 137 839 8
a 138 25 4
a 138 217 10
a 139 262 5
a 139 751 4
a 140 78 3
a 140 682 8
a 140 953 6
a 141 273 5
a 141 716 3
a 142 512 2
a 142 820 6
a 143 49 5
a 143 612 7
a 143 803 10
a 143 806 7
a 144 274 5
a 145 40 10
a 145 126 4
a 146 688 9
a 147 209 1
a 148 796 10
a 149 13 1
a 149 626 2
a 150 160 9
a 150 703 3
a 151 336 9
a 152 670 10
a 153 718 2
a 154 21 1
a 154 164 3
a 155 193 2
a 156 654 5
a 157 805 3
a 158 424 5
a 158 860 9
a 159 50 2
a 159 689 10
a 160 471 10
a 161 203 9
a 161 880 4
a 162 285 7
a 163 279 7
a 163 550 8
a 164 53 7
a 164 139 8
a 164 886 10
a 164 916 2
a 165 909 3
a 165 978 6
a 166 130 1
a 166 913 8
a 167 676 7
a 168 238 9
a 168 902 10
a 169 547 6
a 170 435 9
a 170 514 10
a 170 893 8
a 171 402 2
a 172 195 8
a 172 281 9
a 173 288 3
a 174 23 10
a 175 506 7
a 175 666 4
a 175 771 8
a 176 630 6
a 176 802 8
a 176 949 9
a 177 572 8
a 178 101 5
a 178 192 6
a 178 205 10
a 178 396 1
a 179 538 1
a 180 705 1
a 181 25 3
a 181 67 9
a 182 166 10
a 182 366 7
a 183 283 10
a 183 318 5
a 184 743 2
a 185 39 6
a 185 302 2
a 185 354 2
a 185 555 8
a 186 373 8
a 186 878 6
a 187 524 9
a 187 765 6
a 188 189 6
a 188 585 7
a 188 634 7
a 189 41 5
a 189 695 6
a 190 349 1
a 190 413 2
a 190 629 3
a 191 158 7
a 191 375 2
a 191 662 3
a 192 86 6
a 192 797 9
a 192 953 6
a 193 272 1
a 193 428 6
a 194 140 10
a 194 185 4
a 194 464 6
a 194 614 8
a 195 173 6
a 195 285 3
a 196 358 6
a 196 864 8
a 197 683 3
a 197 826 4
a 198 864 2
a 199 36 4
a 199 117 1
a 199 651 10
a 199 932 9
a 200 383 2
a 200 563 4
a 200 661 2
a 200 698 8
a 201 265 2
a 201 391 4
a 201 529 9
a 201 574 7
a 202 897 2
a 203 496 5
a 204 51 10
a 205 135 8
a 205 438 4
a 206 978 1
a 207 98 1
a 207 559 3
a 207 565 8
a 207 687 7
a 207 724 2
a 208 374 9
a 209 186 7
a 209 258 6
a 210 702 2
a 211 572 10
a 211 575 10
a 211 700 7
a 211 805 8
a 212 842 9
a 213 173 4
a 214 694 4
a 215 627 5
a 215 721 5
a 216 647 8
a 217 878 1
a 218 481 8
a 218 735 9
a 219 309 10
a 219 991 4
a 220 36 8
a 220 44 9
a 220 157 2
a 221 51 2
a 222 825 6
a 223 244 3
a 224 34 7
a 224 218 1
a 224 486 10
a 224 826 2
a 225 27 1
a 226 70 10
a 226 401 10
a 226 947 5
a 226 951 2
a 226 1000 3
a 227 277 4
a 227 431 10
a 227 607 4
a 228 539 8
a 228 810 8
a 229 56 1
a 229 129 1
a 230 503 2
a 230 812 4
a 230 965 2
a 231 737 7
a 232 269 7
a 233 70 3
a 233 294 7
a 233 434 5
a 233 496 6
a 233 542 4
a 234 221 7
a 234 711 5
a 235 218 7
a 235 832 1
a 235 992 9
a 236 335 9
a 236 408 1
a 236 512 3
a 237 587 9
a 238 135 7
a 239 201 7
a 239 388 8
a 239 960 3
a 240 575 10
a 240 865 3
a 241 542 6
a 242 340 7
a 243 507 3
a 244 127 5
a 245 468 8
a 246 359 4
a 246 453 5
a 246 461 3
a 246 712 3
a 247 77 4
a 247 180 3
a 247 984 10
a 248 107 4
a 248 355 4
a 248 863 3
a 249 885 2
a 250 3 10
a 250 430 9
a 250 501 10
a 251 42 2
a 252 912 5
a 253 138 5
a 253 534 8
a 254 821 8
a 255 246 9
a 255 686 5
a 256 210 5
a 256 613 2
a 256 785 8
a 257 506 1
a 258 588 2
a 259 347 6
a 260 176 9
a 261 121 8
a 262 215 5
a 263 898 3
a 264 254 7
a 264 429 9
a 264 467 5
a 265 35 7
a 265 755 8
a 266 494 10
a 266 770 9
a 267 68 6
a 267 773 6
a 268 309 4
a 268 872 4
a 269 654 10
a 270 145 8
a 271 421 4
a 271 742 3
a 272 254 6
a 273 40 2
a 273 952 10
a 274 725 10
a 275 327 10
a 276 20 3
a 277 90 8
a 277 969 7
a 278 120 8
a 278 878 4
a 279 930 5
a 280 522 3
a 281 29 2
a 281 457 2
a 281 478 4
a 282 270 1
a 282 993 5
a 283 117 10
a 283 418 7
a 284 11 10
a 285 182 2
a 285 274 10
a 286 519 5
a 287 315 3
a 287 449 4
a 288 411 8
a 288 544 4
a 289 469 7
a 290 530 10
a 291 215 8
a 291 559 4
a 292 348 9
a 292 407 6
a 292 869 10
a 293 45 4
a 293 290 7
a 293 311 3
a 293 752 5
a 294 849 2
a 295 699 6
a 296 469 3
a 297 402 9
a 297 840 10
a 298 342 3
a 299 387 8
a 299 427 1
a 299 590 5
a 300 467 10
a 301 336 8
a 301 852 9
a 301 920 8
a 301 941 1
a 301 955 3
a 301 970 4
a 302 104 4
a 302 570 3
a 302 752 2
a 302 897 6
a 303 417 6
a 304 737 5
a 304 846 6
a 305 263 2
a 305 617 7
a 306 230 10
a 306 275 6
a 306 828 5
a 306 852 3
a 307 131 8
a 307 902 6
a 308 693 2
a 309 801 2
a 310 61 7
a 310 379 5
a 310 725 7
a 310 909 4
a 311 17 2
a 311 120 10
a 311 586 3
a 312 232 7
a 313 723 3
a 313 756 8
a 314 26 6
a 314 685 3
a 314 731 1
a 315 38 2
a 316 357 7
a 316 969 7
a 317 167 6
a 318 50 8
a 318 94 9
a 319 134 9
a 319 571 3
a 319 979 9
a 320 405 2
a 320 460 8
a 321 632 3
a 321 885 1
a 322 328 3
a 322 331 7
a 322 840 6
a 323 670 6
a 323 702 2
a 324 323 9
a 324 829 9
a 324 954 4
a 325 202 3
a 325 645 3
a 326 62 10
a 326 473 3
a 327 13 6
a 327 55 9
a 327 569 10
a 327 944 4
a 328 867 1
a 329 566 2
a 330 414 2
a 331 288 5
a 331 571 3
a 332 432 2
a 332 555 2
a 332 584 9
a 333 782 2
a 334 133 4
a 335 44 7
a 335 505 10
a 336 566 6
a 336 608 6
a 337 114 3
a 337 502 2
a 337 769 6
a 338 10 9
a 338 847 8
a 339 71 7
a 340 473 4
a 340 927 6
a 341 648 5
a 341 974 2
a 342 16 1
a 342 355 9
a 342 662 7
a 343 33 7
a 343 666 2
a 344 638 4
a 345 170 5
a 345 422 2
a 345 446 7
a 345 449 3
a 345 679 1
a 346 199 5
a 346 606 4
a 346 656 4
a 346 815 1
a 347 799 3
a 348 589 4
a 348 928 1
a 349 184 2
a 349 704 8
a 350 26 8
a 350 510 6
a 350 782 6
a 351 40 10
a 352 345 3
a 352 804 6
a 353 642 9
a 354 105 3
a 354 146 1
a 354 446 5
a 355 246 8
a 355 819 1
a 356 345 10
a 356 562 9
a 356 942 9
a 357 198 9
a 357 659 1
a 358 149 4
a 359 938 8
a 360 99 6
a 360 460 7
a 361 187 8
a 361 525 8
a 362 261 4
a 362 679 5
a 363 733 2
a 363 746 8
a 363 775 7
a 363 866 5
a 364 791 5
a 365 979 7
a 366 160 4
a 367 504 7
a 367 888 4
a 367 959 8
a 368 515 1
a 369 19 9
a 369 681 10
a 369 728 7
a 369 833 1
a 370 190 8
a 370 308 1
a 370 621 4
a 371 343 10
a 371 697 2
a 372 522 7
a 372 547 4
a 373 98 4
a 374 251 10
a 375 136 2
a 375 881 1
a 376 4 9
a 376 404 10
a 377 258 2
a 377 920 1
a 378 18 3
a 378 764 2
a 378 772 4
a 379 289 9
a 379 459 6
a 379 507 10
a 380 539 6
a 381 94 10
a 381 563 10
a 382 510 2
a 382 760 10
a 382 851 1
a 383 165 5
a 383 847 6
a 384 11 9
a 384 770 1
a 385 348 2
a 385 554 10
a 385 950 8
a 386 562 9
a 387 536 7
a 387 624 6
a 388 944 4
a 389 209 10
a 389 273 1
a 389 888 8
a 390 371 5
a 391 870 9
a 392 351 8
a 393 266 2
a 393 653 3
a 394 99 8
a 395 297 2
a 395 370 3
a 396 5 7
a 396 720 10
a 396 945 10
a 397 547 7
a 398 287 4
a 398 691 8
a 399 642 4
a 400 829 6
a 401 293 5
a 402 592 10
a 403 634 6
a 404 445 6
a 404 987 7
a 405 200 7
a 405 560 7
a 406 974 3
a 406 994 9
a 407 509 2
a 408 655 3
a 408 714 1
a 409 611 8
a 410 886 7
a 411 481 3
a 411 490 3
a 411 968 2
a 412 442 1
a 412 779 7
a 413 360 10
a 413 422 7
a 414 199 7
a 414 227 4
a 414 309 9
a 414 769 10
a 415 987 3
a 416 220 1
a 416 734 10
a 417 177 9
a 418 142 5
a 418 167 1
a 419 264 4
a 419 738 5
a 420 59 8
a 420 152 8
a 421 337 5
a 421 730 4
a 421 736 6
a 422 547 8
a 423 296 5
a 423 342 3
a 424 381 10
a 424 447 5
a 424 705 5
a 425 14 5
a 425 260 5
a 425 878 8
a 426 127 10
a 427 486 2
a 427 768 2
a 427 982 8
a 428 23 1
a 428 74 2
a 429 998 6
a 430 257 3
a 430 574 1
a 430 751 10
a 431 244 6
a 432 594 10
a 432 924 6
a 433 66 6
a 433 793 10
a 433 910 1
a 434 110 7
a 434 684 1
a 434 908 7
a 435 526 6
a 435 862 5
a 435 966 3
a 436 977 3
a 437 575 2
a 438 456 10
a 438 707 9
a 438 931 10
a 439 403 10
a 439 718 8
a 440 785 10
a 441 162 9
a 442 204 4
a 442 857 6
a 443 83 9
a 443 133 7
a 444 418 1
a 444 540 5
a 444 975 1
a 445 508 4
a 445 556 1
a 445 839 2
a 445 887 8
a 446 198 3
a 446 434 8
a 447 372 2
a 447 784 2
a 448 474 2
a 449 926 6
a 450 818 3
a 450 837 8
a 451 327 8
a 451 993 9
a 452 476 8
a 453 213 3
a 453 233 5
a 453 475 9
a 453 637 4
a 454 342 4
a 455 232 1
a 456 123 5
a 456 311 3
a 457 194 3
a 457 729 6
a 458 866 4
a 459 719 1
a 460 295 3
a 460 911 1
a 461 656 1
a 461 839 10
a 462 811 9
a 463 485 4
a 463 791 3
a 464 426 5
a 464 473 5
a 465 698 8
a 465 871 2
a 465 884 6
a 466 47 2
a 466 148 8
a 467 898 6
a 468 661 4
a 469 393 1
a 469 688 5
a 470 63 3
a 470 115 7
a 470 848 10
a 471 478 2
a 472 85 4
a 472 541 4
a 472 784 8
a 473 804 2
a 474 2 3
a 474 23 2
a 475 261 1
a 475 998 10
a 476 83 2
a 476 444 9
a 477 645 8
a 478 569 3
a 479 483 9
a 479 987 7
a 480 949 9
a 480 999 3
a 481 401 9
a 482 618 5
a 483 6 2
a 483 412 7
a 484 386 2
a 484 415 3
a 484 727 10
a 485 927 6
a 486 984 7
a 487 995 8
a 488 301 3
a 488 399 2
a 488 470 4
a 488 589 5
a 488 615 6
a 489 268 1
a 489 314 1
a 489 787 4
a 489 827 1
a 490 50 7
a 490 87 9
a 490 763 3
a 491 121 4
a 491 206 3
a 492 191 6
a 493 329 2
a 494 520 2
a 495 137 9
a 495 994 5
a 496 378 8
a 497 71 9
a 498 786 1
a 498 811 6
a 498 1000 4
a 499 377 1
a 499 487 4
a 500 784 7
a 501 208 6
a 501 419 1
a 501 766 9
a 502 271 8
a 503 116 8
a 504 113 7
a 504 279 3
a 504 382 7
a 504 436 10
a 504 875 10
a 505 113 1
a 506 919 10
a 507 49 2
a 507 517 4
a 507 575 4
a 508 45 2
a 508 149 3
a 508 182 2
a 508 743 8
a 509 338 10
a 509 703 1
a 510 93 7
a 510 135 9
a 511 628 3
a 511 999 4
a 512 175 5
a 512 819 1
a 513 127 3
a 514 583 2
a 515 785 7
a 515 892 1
a 516 67 10
a 517 106 10
a 517 237 3
a 517 241 4
a 518 668 7
a 518 876 4
a 519 6 5
a 519 306 8
a 519 310 1
a 519 931 2
a 519 948 5
a 520 486 6
a 520 910 8
a 521 304 6
a 521 933 10
a 522 62 10
a 523 512 5
a 524 197 8
a 524 596 3
a 525 384 2
a 525 744 5
a 525 771 7
a 526 216 6
a 526 884 5
a 527 190 10
a 528 31 6
a 528 557 7
a 528 845 6
a 529 682 8
a 529 816 4
a 529 868 7
a 530 91 8
a 530 339 6
a 530 633 10
a 531 211 7
a 532 54 1
a 533 259 7
a 533 330 7
a 533 414 4
a 533 543 1
a 533 951 10
a 534 143 7
a 534 551 2
a 534 725 2
a 535 483 7
a 536 121 3
a 537 9 8
a 537 533 6
a 537 883 5
a 538 327 8
a 538 527 1
a 539 153 2
a 539 642 8
a 539 773 7
a 540 499 1
a 540 882 7
a 540 919 8
a 540 985 8
a 541 20 9
a 542 412 3
a 543 147 6
a 544 802 3
a 544 857 9
a 545 316 7
a 545 363 4
a 546 296 6
a 546 670 3
a 547 367 9
a 547 801 6
a 548 327 7
a 549 525 10
a 550 11 3
a 550 28 6
a 551 689 1
a 552 230 1
a 553 516 1
a 553 567 7
a 553 748 1
a 554 938 6
a 555 430 10
a 556 401 5
a 557 790 10
a 558 324 10
a 558 511 7
a 558 722 8
a 558 883 4
a 559 22 5
a 559 283 9
a 560 235 5
a 560 937 4
a 561 128 5
a 562 821 2
a 563 25 9
a 563 136 1
a 564 202 8
a 564 471 10
a 565 272 10
a 566 529 2
a 566 573 10
a 567 170 5
a 567 490 9
a 568 26 1
a 568 224 3
a 569 642 4
a 570 641 6
a 571 660 3
a 572 858 4
a 573 923 2
a 574 443 9
a 575 703 10
a 576 329 7
a 577 44 7
a 577 873 4
a 577 899 4
a 577 971 10
a 578 312 5
a 578 457 3
a 579 194 1
a 580 55 7
a 580 283 6
a 580 679 3
a 581 145 10
a 582 322 6
a 582 622 3
a 582 791 7
a 583 451 3
a 584 317 4
a 585 610 7
a 585 895 9
a 586 699 10
a 587 155 6
a 587 208 5
a 587 821 3
a 588 321 4
a 588 697 10
a 588 889 9
a 589 582 5
a 589 615 9
a 589 895 9
a 590 238 9
a 591 448 6
a 592 69 5
a 592 246 3
a 593 43 6
a 593 183 3
a 593 521 7
a 593 590 9
a 594 132 5
a 594 142 2
a 594 332 8
a 594 581 6
a 595 620 2
a 595 879 9
a 595 946 8
a 596 814 6
a 597 281 10
a 597 484 7
a 598 390 7
a 598 509 1
a 598 548 2
a 599 889 4
a 599 961 8
a 600 442 8
a 600 935 7
a 601 36 1
a 601 385 7
a 601 869 1
a 602 370 3
a 602 987 9
a 603 225 9
a 603 290 4
a 603 341 7
a 603 532 10
a 604 472 7
a 605 977 6
a 606 599 8
a 606 605 5
a 606 641 9
a 606 670 8
a 607 834 3
a 608 232 6
a 608 251 7
a 609 746 1
a 609 754 9
a 610 598 1
a 610 924 6
a 611 98 9
a 612 444 2
a 613 65 2
a 613 313 2
a 613 462 2
a 613 914 10
a 613 966 3
a 614 670 3
a 615 16 1
a 616 30 3
a 616 592 3
a 617 503 6
a 618 971 4
a 619 604 5
a 620 996 3
a 621 110 8
a 621 381 5
a 622 521 5
a 622 601 4
a 623 107 1
a 623 365 6
a 624 740 1
a 625 397 2
a 625 733 9
a 626 924 9
a 627 423 4
a 627 469 4
a 627 699 3
a 628 601 1
a 628 663 8
a 629 612 9
a 630 763 2
a 631 500 3
a 631 628 5
a 631 711 3
a 632 626 10
a 632 747 2
a 632 809 6
a 633 511 5
a 634 152 3
a 634 257 3
a 634 533 2
a 635 246 9
a 635 539 10
a 636 952 4
a 637 42 8
a 638 176 9
a 638 222 7
a 639 301 1
a 639 880 6
a 640 16 1
a 641 388 7
a 642 513 2
a 642 983 7
a 643 104 2
a 644 103 1
a 644 815 2
a 645 186 9
a 645 783 6
a 645 941 10
a 646 782 8
a 647 73 10
a 647 571 4
a 647 658 9
a 648 501 2
a 649 867 6
a 650 603 7
a 650 741 5
a 650 897 7
a 650 967 1
a 651 801 5
a 652 821 9
a 653 242 5
a 653 723 5
a 653 885 6
a 654 314 3
a 654 813 8
a 655 115 10
a 655 834 10
a 656 750 6
a 657 633 1
a 657 853 8
a 658 638 6
a 658 778 2
a 658 929 7
a 659 715 5
a 660 272 5
a 660 847 4
a 661 619 1
a 662 352 4
a 662 493 10
a 663 57 3
a 663 989 8
a 664 670 3
a 665 214 1
a 665 528 1
a 666 238 8
a 666 739 8
a 667 141 4
a 668 208 10
a 669 329 8
a 669 784 7
a 670 102 7
a 670 296 6
a 670 471 2
a 671 39 4
a 671 366 2
a 672 55 10
a 673 173 3
a 674 376 5
a 674 885 10
a 675 57 4
a 675 108 1
a 675 536 2
a 676 441 5
a 677 724 6
a 678 55 8
a 679 97 5
a 679 545 1
a 679 774 7
a 680 839 7
a 681 930 7
a 682 497 1
a 682 921 7
a 683 258 1
a 684 95 10
a 684 437 6
a 684 577 6
a 685 549 9
a 686 240 1
a 686 323 1
a 686 784 2
a 686 811 6
a 687 153 4
a 688 492 2
a 688 894 7
a 688 970 6
a 689 36 5
a 689 97 1
a 690 153 9
a 691 332 8
a 691 923 4
a 692 155 9
a 692 241 6
a 692 353 2
a 692 997 4
a 693 56 10
a 693 628 4
a 694 7 6
a 694 525 8
a 695 289 5
a 695 322 10
a 695 454 8
a 696 292 7
a 696 844 3
a 697 779 7
a 698 286 1
a 698 387 2
a 698 423 3
a 698 576 8
a 699 519 5
a 699 611 1
a 700 689 2
a 701 771 4
a 702 125 4
a 702 355 3
a 703 74 4
a 703 364 2
a 704 270 4
a 704 687 2
a 705 18 3
a 705 386 8
a 705 595 6
a 705 796 8
a 705 846 7
a 706 252 2
a 706 678 7
a 707 347 10
a 707 512 4
a 708 340 2
a 709 450 7
a 710 421 10
a 711 17 9
a 712 223 1
a 712 229 2
a 712 255 4
a 713 671 8
a 713 917 8
a 713 995 1
a 714 289 8
a 714 319 6
a 714 749 3
a 715 767 3
a 716 841 6
a 716 853 6
a 716 904 1
a 717 718 1
a 718 81 10
a 718 858 5
a 719 414 10
a 720 285 2
a 720 666 1
a 720 747 3
a 721 51 7
a 721 504 9
a 722 982 8
a 723 717 3
a 723 818 2
a 724 395 2
a 724 941 8
a 725 288 5
a 726 63 10
a 726 313 10
a 726 595 1
a 727 491 1
a 727 587 8
a 728 96 6
a 728 137 10
a 728 719 6
a 728 751 6
a 729 6 6
a 729 20 10
a 729 154 4
a 729 340 9
a 730 225 1
a 731 27 8
a 732 616 4
a 732 623 2
a 732 800 10
a 733 356 1
a 733 638 7
a 734 458 7
a 734 564 9
a 734 964 7
a 734 974 4
a 735 910 4
a 736 323 8
a 736 448 9
a 736 751 6
a 736 922 10
a 737 582 5
a 737 933 2
a 738 675 2
a 738 891 4
a 739 127 9
a 739 191 4
a 739 291 10
a 739 879 5
a 740 236 10
a 740 238 9
a 740 250 3
a 740 352 10
a 740 660 2
a 741 97 6
a 741 479 10
a 742 241 4
a 742 410 5
a 742 632 6
a 743 221 1
a 743 361 9
a 743 501 7
a 743 897 10
a 744 444 10
a 745 591 1
a 745 865 2
a 746 80 3
a 746 477 10
a 746 805 2
a 747 234 10
a 747 402 5
a 747 710 3
a 747 714 8
a 748 54 10
a 748 260 4
a 749 10 6
a 749 27 8
a 749 41 7
a 749 527 2
a 749 567 7
a 750 111 2
a 750 217 9
a 750 425 8
a 751 182 6
a 752 437 6
a 752 881 10
a 753 21 7
a 753 663 8
a 754 371 10
a 754 892 3
a 754 1000 5
a 755 636 9
a 755 860 8
a 756 33 7
a 756 952 2
a 757 66 4
a 758 118 6
a 758 349 10
a 758 942 5
a 759 7 10
a 759 504 3
a 760 10 7
a 760 404 4
a 760 491 7
a 760 585 8
a 760 830 5
a 761 208 1
a 761 223 4
a 761 654 2
a 762 483 8
a 763 578 7
a 764 801 3
a 765 877 6
a 766 319 6
a 766 384 3
a 767 366 1
a 768 55 10
a 768 81 8
a 768 661 6
a 768 788 4
a 769 649 4
a 770 693 1
a 770 911 9
a 771 172 4
a 771 758 10
a 771 972 10
a 772 15 10
a 772 109 2
a 773 140 2
a 774 49 4
a 775 266 5
a 775 400 1
a 775 465 4
a 775 769 8
a 776 805 8
a 777 107 5
a 778 962 2
a 779 113 2
a 779 947 3
a 780 329 1
a 780 604 5
a 780 766 8
a 781 153 2
a 781 999 8
a 782 12 4
a 782 89 10
a 782 214 3
a 782 575 3
a 783 363 8
a 784 314 10
a 785 723 5
a 785 935 10
a 786 200 10
a 786 643 5
a 786 850 2
a 787 348 10
a 787 570 4
a 788 245 2
a 788 695 3
a 789 898 4
a 790 84 1
a 790 421 7
a 790 447 2
a 790 602 5
a 791 24 3
a 791 592 5
a 792 456 2
a 793 780 7
a 794 179 10
a 794 780 6
a 795 108 5
a 795 691 7
a 795 721 2
a 796 391 6
a 796 579 2
a 797 9 7
a 797 807 10
a 798 100 2
a 798 443 4
a 799 418 9
a 799 474 6
a 800 351 3
a 800 759 4
a 801 171 10
a 801 480 2
a 801 814 1
a 802 174 8
a 802 325 10
a 802 609 4
a 802 745 9
a 803 618 5
a 803 914 7
a 803 996 5
a 804 71 4
a 804 181 8
a 805 716 10
a 805 750 8
a 806 278 8
a 807 154 9
a 807 540 9
a 807 792 3
a 807 854 8
a 807 877 3
a 808 434 6
a 809 303 10
a 809 323 5
a 810 269 5
a 810 499 8
a 811 190 5
a 811 572 4
a 812 890 3
a 812 915 10
a 813 51 4
a 813 107 10
a 813 144 4
a 814 162 10
a 814 416 2
a 814 940 7
a 815 295 5
a 815 405 4
a 816 798 1
a 816 958 5
a 817 207 8
a 817 211 2
a 817 605 3
a 818 638 6
a 819 398 8
a 819 862 2
a 820 203 2
a 820 607 5
a 821 124 7
a 821 456 5
a 821 712 9
a 821 725 5
a 821 946 9
a 822 173 4
a 823 210 7
a 823 690 1
a 824 346 1
a 824 753 5
a 824 969 2
a 825 236 6
a 826 497 2
a 826 593 2
a 826 790 9
a 826 873 10
a 827 335 1
a 828 819 5
a 828 842 8
a 829 164 4
a 830 281 6
a 830 942 5
a 831 132 7
a 831 219 5
a 831 477 3
a 832 419 3
a 832 750 2
a 833 141 7
a 833 583 9
a 833 950 3
a 834 57 8
a 834 111 9
a 834 148 4
a 835 241 9
a 836 667 2
a 837 72 4
a 837 260 4
a 837 646 1
a 838 86 10
a 838 274 2
a 839 222 6
a 839 825 6
a 840 29 5
a 840 649 8
a 841 374 1
a 842 667 8
a 843 628 9
a 844 639 10
a 844 733 6
a 844 981 7
a 845 226 5
a 845 394 3
a 846 193 2
a 846 326 7
a 846 378 5
a 847 631 7
a 847 957 4
a 848 28 4
a 848 79 1
a 848 178 1
a 848 372 10
a 848 664 9
a 848 799 8
a 849 64 1
a 849 903 2
a 849 923 5
a 850 561 7
a 850 999 5
a 851 317 7
a 851 642 9
a 852 196 4
a 852 343 10
a 852 706 7
a 852 708 8
a 853 139 5
a 853 300 7
a 853 677 7
a 854 979 8
a 855 156 8
a 855 713 3
a 856 264 1
a 856 634 4
a 856 859 5
a 857 870 2
a 858 448 7
a 858 709 4
a 858 861 7
a 858 962 9
a 859 60 8
a 859 695 7
a 860 111 5
a 860 794 2
a 861 574 10
a 861 977 8
a 862 25 6
a 862 161 10
a 862 594 2
a 862 890 9
a 862 990 10
a 863 178 4
a 863 678 1
a 864 629 7
a 865 97 1
a 865 814 7
a 866 300 2
a 867 30 10
a 868 720 4
a 868 732 2
a 869 325 9
a 869 457 3
a 870 140 1
a 870 927 4
a 870 952 2
a 871 147 3
a 871 755 9
a 871 867 1
a 872 380 5
a 872 455 9
a 872 681 1
a 873 745 2
a 873 905 7
a 874 667 1
a 874 977 5
a 875 220 6
a 875 535 5
a 875 782 7
a 876 353 3
a 876 673 6
a 876 836 6
a 877 301 6
a 878 921 8
a 879 644 1
a 879 868 9
a 880 728 4
a 881 8 6
a 881 47 1
a 881 72 3
a 881 520 6
a 882 445 8
a 882 663 7
a 883 320 2
a 883 902 6
a 884 317 10
a 884 625 1
a 885 14 1
a 885 468 4
a 886 289 9
a 886 995 10
a 887 672 10
a 888 725 8
a 889 256 1
a 890 732 8
a 890 774 1
a 891 374 2
a 892 472 6
a 893 708 10
a 894 304 9
a 894 658 2
a 894 821 6
a 895 996 1
a 896 272 5
a 896 580 1
a 896 943 10
a 897 94 7
a 897 444 10
a 897 795 2
a 897 844 10
a 898 72 5
a 899 65 6
a 899 154 1
a 900 115 3
a 900 616 7
a 901 830 1
a 902 566 6
a 902 964 10
a 903 277 5
a 903 702 6
a 904 629 4
a 904 901 6
a 905 797 2
a 906 453 9
a 906 505 2
a 906 669 10
a 906 777 9
a 906 855 9
a 907 53 7
a 908 100 6
a 908 954 9
a 909 42 4
a 909 818 2
a 910 299 1
a 910 946 10
a 911 116 6
a 911 693 9
a 912 48 5
a 912 568 4
a 912 958 5
a 913 39 8
a 913 726 3
a 914 783 1
a 915 162 1
a 915 393 8
a 915 898 3
a 916 605 3
a 917 51 2
a 917 895 6
a 918 178 2
a 918 204 4
a 919 168 9
a 919 235 6
a 920 256 3
a 920 284 1
a 921 373 5
a 922 523 7
a 922 713 9
a 923 575 5
a 923 635 5
a 924 30 8
a 924 449 4
a 924 703 8
a 925 673 2
a 925 734 10
a 925 765 5
a 926 538 10
a 926 649 1
a 927 83 3
a 928 540 1
a 928 801 6
a 929 68 6
a 930 843 3
a 930 874 5
a 930 956 7
a 931 696 6
a 932 278 3
a 932 434 6
a 933 333 9
a 933 559 3
a 933 578 9
a 934 966 6
a 935 493 7
a 936 640 3
a 937 46 3
a 937 877 8
a 938 38 10
a 938 369 5
a 938 532 3
a 938 937 5
a 939 97 2
a 939 602 5
a 939 913 8
a 940 869 7
a 940 912 6
a 941 342 4
a 941 609 5
a 942 376 7
a 943 406 4
a 943 611 6
a 944 147 7
a 945 4 2
a 945 362 4
a 946 285 8
a 946 576 8
a 947 334 4
a 947 531 5
a 947 688 8
a 947 818 1
a 948 536 8
a 948 813 8
a 949 58 2
a 949 112 4
a 949 674 3
a 950 276 4
a 951 446 10
a 952 435 5
a 952 905 1
a 953 243 1
a 953 560 4
a 954 147 4
a 954 588 6
a 954 856 4
a 955 681 4
a 956 92 5
a 956 122 5
a 956 927 10
a 957 655 3
a 957 680 7
a 958 58 5
a 958 145 1
a 958 148 4
a 959 208 8
a 959 212 5
a 960 929 10
a 961 81 3
a 961 652 6
a 962 440 10
a 962 509 4
a 962 965 6
a 963 321 10
a 964 571 2
a 965 182 8
a 965 254 2
a 966 147 10
a 967 181 6
a 967 850 6
a 968 183 5
a 969 481 4
a 969 985 7
a 970 142 3
a 970 715 7
a 971 437 8
a 971 587 2
a 971 776 9
a 971 835 10
a 972 4 7
a 972 249 7
a 972 655 10
a 972 665 2
a 973 256 4
a 973 984 8
a 974 59 5
a 974 468 6
a 975 622 3
a 975 918 5
a 976 452 3
a 976 585 4
a 977 246 3
a 978 271 2
a 979 307 5
a 979 432 6
a 980 749 7
a 980 798 8
a 981 808 4
a 981 822 1
a 982 187 10
a 983 192 1
a 983 495 1
a 984 94 2
a 984 552 3
a 985 67 8
a 985 88 10
a 985 206 5
a 985 256 10
a 985 898 5
a 986 166 6
a 986 830 9
a 987 594 8
a 988 540 3
a 988 875 1
a 988 960 7
a 989 282 9
a 989 420 10
a 989 752 3
a 990 58 10
a 991 357 7
a 991 451 6
a 991 871 2
a 992 488 10
a 992 529 10
a 992 824 3
a 993 158 9
a 994 392 5
a 994 411 1
a 994 678 6
a 995 251 1
a 995 697 7
a 996 972 9
a 996 973 2
a 997 282 7
a 997 559 6
a 997 736 1
a 998 399 4
a 998 907 8
a 999 595 1
