p max 100 200
n 1 s
n 100 t
a 1 26 9
a 1 33 1
a 1 79 4
a 2 24 9
a 2 87 1
a 3 45 7
a 4 2 2
a 5 57 1
a 5 86 3
a 6 37 3
a 6 44 10
a 6 67 6
a 7 72 10
a 7 73 4
a 8 25 9
a 9 26 4
a 10 29 3
a 11 47 10
a 12 3 2
a 13 5 1
a 13 42 4
a 14 50 8
a 14 60 4
a 15 59 10
a 16 11 2
a 16 100 9
a 17 20 7
a 18 77 8
a 19 28 6
a 19 41 9
a 20 65 7
a 20 89 4
a 20 99 1
a 21 54 7
a 21 93 6
a 22 15 4
a 22 52 2
a 23 25 2
a 23 92 4
a 24 15 8
a 24 80 10
a 25 51 2
a 26 38 6
a 26 59 2
a 26 77 1
a 27 4 9
a 27 33 4
a 27 38 7
a 27 58 6
a 28 25 4
a 29 99 8
a 30 74 5
a 30 98 4
a 31 17 3
a 32 10 8
a 32 62 9
a 32 66 2
a 33 29 6
a 33 61 10
a 33 82 3
a 34 13 1
a 34 22 9
a 35 24 5
a 35 29 5
a 35 91 4
a 36 59 8
a 36 86 9
a 37 13 3
a 37 36 3
a 38 36 9
a 38 47 9
a 38 50 10
a 39 35 6
a 39 84 7
a 39 87 7
a 40 58 7
a 40 94 9
a 40 97 3
a 41 26 6
a 41 48 1
a 42 6 8
a 42 29 5
a 43 47 9
a 43 62 5
a 43 71 5
a 43 81 7
a 44 20 10
a 44 26 7
a 44 40 6
a 45 7 10
a 45 44 5
a 46 21 6
a 46 78 6
a 46 99 6
a 47 49 7
a 47 55 6
a 48 93 7
a 49 95 3
a 50 6 7
a 51 4 8
a 51 28 7
a 52 55 9
a 52 71 1
a 53 58 7
a 53 96 6
a 54 26 4
a 54 45 10
a 55 19 4
a 56 31 4
a 56 52 4
a 56 68 5
a 56 83 5
a 57 8 6
a 57 32 9
a 57 78 1
a 58 16 6
a 58 30 6
a 58 95 8
a 58 100 4
a 59 96 2
a 60 12 3
a 60 28 9
a 61 5 1
a 61 18 1
a 61 30 5
a 62 51 5
a 62 64 9
a 63 71 1
a 64 20 8
a 64 37 4
a 65 30 7
a 66 72 1
a 66 95 6
a 67 64 3
a 68 46 4
a 68 88 6
a 69 2 10
a 69 87 3
a 70 14 9
a 70 86 10
a 71 17 9
a 71 75 9
a 72 36 1
a 72 49 1
a 73 43 10
a 73 90 5
a 74 80 5
a 75 25 9
a 75 45 4
a 75 70 8
a 75 80 4
a 75 98 2
a 76 23 9
a 76 75 8
a 77 16 1
a 77 17 1
a 77 100 2
a 78 41 6
a 78 64 10
a 78 76 4
a 78 90 1
a 78 100 7
a 79 3 3
a 79 12 9
a 79 39 8
a 80 33 6
a 81 46 5
a 82 10 6
a 83 40 10
a 83 85 3
a 84 19 10
a 84 63 4
a 84 68 6
a 85 21 7
a 85 62 5
a 86 73 8
a 87 35 3
a 87 56 7
a 87 94 1
a 88 73 5
a 89 88 5
a 89 93 10
a 89 99 6
a 90 69 3
a 90 92 3
a 91 24 8
a 92 34 10
a 93 34 4
a 93 92 2
a 94 58 5
a 95 63 2
a 95 84 4
a 96 41 10
a 97 9 1
a 97 27 8
a 97 94 4
a 98 53 7
a 98 78 8
a 98 84 6
a 99 81 10
