p max 1000 2000
n 1 s
n 1000 t
a 1 867 3
a 2 244 5
a 2 424 1
a 2 587 4
a 2 874 4
a 3 96 1
a 4 322 10
a 4 485 5
a 4 666 1
a 5 530 2
a 5 709 10
a 5 718 7
a 6 625 6
a 6 766 10
a 6 940 4
a 7 790 6
a 7 815 3
a 8 441 10
a 8 652 8
a 9 614 9
a 9 690 10
a 9 772 4
a 10 295 4
a 11 632 2
a 11 697 7
a 11 850 5
a 12 206 9
a 12 557 8
a 12 707 7
a 13 898 6
a 14 243 7
a 15 550 8
a 16 108 8
a 16 419 6
a 17 575 8
a 17 741 8
a 18 951 2
a 19 237 7
a 20 300 2
a 20 890 4
a 21 887 6
a 22 69 9
a 22 375 9
a 22 773 1
a 23 364 10
a 23 520 10
a 23 531 8
a 24 503 3
a 25 20 2
a 25 298 6
a 26 404 1
a 26 497 1
a 26 739 9
a 27 25 8
a 27 167 9
a 27 740 8
a 28 453 8
a 28 657 2
a 29 27 8
a 29 134 10
a 29 475 2
a 30 323 1
a 30 459 6
a 31 380 2
a 31 854 1
a 32 158 8
a 32 252 2
a 32 515 8
a 33 765 1
a 33 771 3
a 33 784 4
a 34 942 1
a 35 262 4
a 35 610 4
a 35 951 5
a 36 702 1
a 36 993 6
a 37 76 2
a 38 443 2
a 39 919 2
a 40 336 2
a 41 91 1
a 41 586 3
a 41 985 6
a 42 366 1
a 42 407 2
a 43 358 4
a 43 841 4
a 43 941 2
a 44 136 4
a 44 860 8
a 45 51 8
a 46 106 6
a 47 237 8
a 47 501 6
a 47 660 9
a 48 311 9
a 48 845 2
a 49 46 1
a 50 291 7
a 50 310 6
a 51 209 5
a 51 647 6
a 51 796 5
a 51 901 3
a 51 959 9
a 52 347 2
a 52 620 10
a 52 953 4
a 53 837 4
a 53 873 6
a 54 967 7
a 55 337 6
a 55 645 6
a 56 259 9
a 56 344 10
a 56 861 5
a 56 935 9
a 57 215 3
a 57 387 3
a 57 391 1
a 58 415 9
a 59 39 3
a 59 641 6
a 60 238 7
a 60 304 9
a 60 412 4
a 60 672 6
a 61 168 2
a 62 36 9
a 62 60 5
a 63 205 2
a 64 267 8
a 64 844 3
a 65 207 5
a 65 637 3
a 65 697 8
a 65 822 6
a 66 95 10
a 67 823 9
a 68 149 5
a 68 366 7
a 69 397 4
a 70 28 10
a 70 175 1
a 70 311 10
a 70 840 1
a 71 4 3
a 71 5 5
a 71 411 3
a 72 376 9
a 72 413 7
a 72 461 6
a 73 472 1
a 73 517 3
a 73 1000 1
a 74 130 10
a 74 934 6
a 75 382 5
a 75 806 2
a 76 243 6
a 77 336 3
a 77 593 10
a 77 838 3
a 78 339 7
a 78 877 6
a 79 385 8
a 79 610 10
a 80 144 3
a 80 408 6
a 80 730 1
a 80 784 7
a 80 796 8
a 81 482 7
a 82 789 8
a 83 425 4
a 83 824 8
a 84 74 6
a 84 641 6
a 85 932 8
a 86 288 10
a 86 444 3
a 86 879 5
a 87 330 4
a 88 979 10
a 89 667 5
a 89 686 6
a 90 320 10
a 91 60 10
a 91 172 7
a 91 505 2
a 92 855 4
a 92 900 4
a 92 996 7
a 93 320 6
a 94 324 10
a 94 738 8
a 95 493 8
a 96 288 7
a 96 883 10
a 97 594 6
a 98 12 7
a 98 379 6
a 98 552 8
a 98 904 10
a 99 464 7
a 100 108 2
a 101 139 6
a 102 8 7
a 102 27 1
a 102 371 5
a 103 30 10
a 103 523 8
a 103 542 7
a 104 213 3
a 104 226 9
a 104 481 2
a 105 531 1
a 105 943 5
a 106 965 9
a 107 466 8
a 108 592 6
a 108 769 2
a 109 788 5
a 109 808 5
a 110 147 2
a 110 458 9
a 110 643 7
a 110 894 1
a 111 21 2
a 111 480 4
a 112 65 3
a 113 135 9
a 113 458 9
a 113 484 3
a 114 671 9
a 115 213 1
a 115 828 3
a 116 425 9
a 116 454 1
a 116 496 4
a 117 87 1
a 117 398 2
a 117 693 10
a 118 175 9
a 118 856 5
a 119 663 10
a 119 899 3
a 119 958 8
a 120 211 7
a 120 323 4
a 121 186 1
a 121 343 2
a 121 367 4
a 122 959 1
a 123 340 3
a 123 488 1
a 123 751 5
a 124 149 9
a 125 934 10
a 126 200 9
a 126 649 3
a 126 936 1
a 127 228 3
a 127 856 2
a 128 155 10
a 129 332 2
a 129 510 8
a 130 182 2
a 131 33 7
a 131 123 10
a 131 310 5
a 131 839 7
a 132 255 1
a 132 387 7
a 133 970 10
a 134 485 4
a 135 210 10
a 135 303 1
a 135 935 2
a 136 539 5
a 136 679 6
a 137 118 2
a 137 282 9
a 138 478 3
a 138 531 10
a 138 657 7
a 139 214 10
a 140 468 1
a 141 684 9
a 142 546 4
a 142 600 4
a 142 872 9
a 142 902 1
a 143 94 9
a 143 321 5
a 144 777 2
a 145 992 9
a 146 977 2
a 147 83 2
a 148 33 10
a 149 725 3
a 150 85 5
a 150 102 8
a 150 510 5
a 151 922 9
a 152 870 9
a 153 297 5
a 153 619 10
a 154 702 7
a 154 909 2
a 155 707 3
a 155 719 10
a 156 754 6
a 157 323 2
a 158 516 5
a 159 537 6
a 159 745 4
a 160 368 6
a 160 545 6
a 161 188 4
a 161 397 2
a 161 997 5
a 162 277 6
a 162 330 1
a 163 130 6
a 164 245 2
a 164 382 6
a 164 445 10
a 164 914 3
a 165 86 6
a 165 903 1
a 166 188 10
a 167 269 7
a 167 894 7
a 168 131 9
a 169 832 3
a 169 997 1
a 170 241 2
a 170 558 10
a 170 938 7
a 171 256 6
a 171 522 7
a 172 456 8
a 173 137 5
a 173 714 9
a 174 249 10
a 174 787 10
a 174 814 1
a 175 610 6
a 176 399 2
a 177 229 10
a 177 904 6
a 178 601 6
a 179 501 9
a 179 654 3
a 180 178 3
a 180 248 8
a 180 341 2
a 180 403 7
a 180 700 8
a 181 35 8
a 181 396 1
a 181 967 10
a 182 26 2
a 182 885 4
a 183 59 9
a 184 243 4
a 184 620 9
a 184 623 7
a 185 2 7
a 185 141 10
a 186 2 4
a 186 274 1
a 186 447 5
a 187 976 5
a 188 21 6
a 188 834 1
a 189 869 6
a 190 910 7
a 191 68 7
a 191 363 1
a 191 785 5
a 192 385 5
a 193 199 10
a 194 40 4
a 194 124 4
a 195 82 6
a 196 356 2
a 196 604 3
a 197 344 9
a 198 82 10
a 198 944 7
a 199 155 10
a 199 643 4
a 200 691 4
a 201 57 10
a 201 840 2
a 202 409 6
a 202 952 10
a 203 145 10
a 203 259 4
a 203 310 10
a 204 218 5
a 205 542 1
a 206 730 10
a 207 822 10
a 207 916 1
a 208 47 9
a 208 570 1
a 208 676 9
a 208 888 8
a 208 942 5
a 209 533 6
a 209 537 2
a 210 540 6
a 210 913 1
a 211 358 6
a 211 774 3
a 212 414 2
a 212 538 5
a 212 562 5
a 212 943 4
a 213 306 3
a 214 138 6
a 214 152 2
a 214 678 2
a 215 146 6
a 215 437 10
a 215 515 5
a 216 10 3
a 216 879 6
a 217 746 2
a 217 891 6
a 218 74 5
a 218 829 7
a 219 541 5
a 219 639 1
a 220 353 3
a 221 779 6
a 222 353 2
a 222 793 1
a 223 704 6
a 223 762 4
a 223 803 5
a 223 854 10
a 224 258 4
a 224 753 8
a 225 890 5
a 226 74 2
a 226 895 9
a 227 29 6
a 227 433 7
a 228 246 7
a 228 551 6
a 228 936 1
a 229 576 9
a 229 584 5
a 230 644 9
a 231 19 9
a 231 755 1
a 231 764 1
a 232 438 8
a 232 933 2
a 233 202 3
a 234 30 4
a 234 97 4
a 234 868 10
a 235 89 3
a 235 206 4
a 236 935 1
a 237 178 7
a 237 932 8
a 237 969 2
a 238 152 5
a 238 285 2
a 238 684 7
a 239 497 6
a 240 529 3
a 240 668 9
a 240 677 2
a 241 19 9
a 241 444 7
a 241 837 4
a 242 157 8
a 242 256 1
a 242 327 6
a 243 216 3
a 243 343 8
a 244 93 3
a 244 722 7
a 244 871 4
a 245 38 3
a 245 324 6
a 246 58 1
a 246 415 6
a 247 312 2
a 247 467 2
a 247 695 2
a 247 792 5
a 248 540 8
a 248 710 8
a 249 42 6
a 249 659 7
a 249 967 1
a 250 801 6
a 251 409 10
a 251 835 7
a 252 108 6
a 252 946 2
a 253 534 10
a 254 427 9
a 254 715 6
a 254 937 9
a 255 346 4
a 256 57 1
a 256 725 8
a 257 7 6
a 257 227 2
a 257 816 8
a 258 299 5
a 258 319 7
a 258 852 10
a 259 164 8
a 259 253 7
a 259 440 8
a 259 819 9
a 260 174 4
a 260 785 5
a 261 115 8
a 261 320 6
a 261 618 9
a 262 294 10
a 263 247 9
a 264 307 7
a 264 402 8
a 264 512 4
a 264 597 9
a 264 881 6
a 264 974 4
a 265 82 6
a 266 525 9
a 266 750 3
a 266 891 1
a 267 521 4
a 267 761 1
a 268 462 1
a 268 968 7
a 269 734 7
a 270 307 3
a 270 514 4
a 271 829 3
a 272 918 7
a 272 999 7
a 273 223 1
a 274 245 1
a 274 329 3
a 274 399 2
a 274 699 7
a 274 866 2
a 275 632 7
a 276 55 1
a 276 530 2
a 276 565 1
a 276 889 8
a 277 313 5
a 277 569 7
a 277 883 4
a 278 484 7
a 279 637 2
a 280 334 4
a 280 342 7
a 280 359 6
a 281 670 3
a 282 199 4
a 282 733 8
a 282 928 6
a 283 844 3
a 284 263 8
a 285 315 8
a 285 685 3
a 286 182 2
a 286 514 7
a 287 376 5
a 287 615 7
a 288 195 7
a 288 608 9
a 289 499 6
a 289 849 7
a 289 858 3
a 290 301 6
a 290 558 4
a 290 707 3
a 291 634 3
a 291 770 10
a 292 64 5
a 292 923 2
a 293 690 8
a 294 948 4
a 295 318 6
a 295 479 4
a 295 588 9
a 296 205 7
a 296 455 6
a 297 327 9
a 298 697 6
a 298 909 5
a 299 72 6
a 299 548 2
a 300 716 1
a 300 826 10
a 300 892 10
a 301 429 7
a 301 772 5
a 302 40 7
a 302 433 3
a 302 704 9
a 302 893 6
a 303 387 7
a 303 445 8
a 304 398 5
a 305 14 3
a 305 15 7
a 305 231 1
a 305 589 1
a 305 759 7
a 306 793 1
a 307 261 1
a 307 474 2
a 308 25 4
a 309 182 3
a 310 80 1
a 311 280 9
a 312 159 5
a 312 263 3
a 313 310 7
a 313 794 7
a 313 918 1
a 314 492 5
a 314 825 6
a 315 272 1
a 315 628 8
a 315 723 1
a 316 114 8
a 316 232 1
a 316 289 7
a 317 799 8
a 317 965 6
a 318 441 2
a 318 513 3
a 318 793 1
a 319 43 8
a 319 574 8
a 319 588 2
a 319 644 8
a 319 725 3
a 319 809 2
a 320 13 10
a 321 54 1
a 321 357 5
a 321 844 8
a 322 77 8
a 322 139 1
a 322 466 3
a 322 639 10
a 323 28 5
a 323 36 2
a 324 83 2
a 324 102 2
a 324 338 5
a 324 802 4
a 324 825 1
a 324 977 3
a 325 732 2
a 325 832 4
a 326 406 3
a 326 875 6
a 327 45 5
a 327 73 8
a 328 37 1
a 328 668 4
a 328 717 10
a 329 343 3
a 330 181 7
a 330 561 9
a 331 914 9
a 332 742 8
a 333 361 1
a 333 370 10
a 334 214 8
a 335 690 9
a 336 794 10
a 337 266 2
a 338 736 8
a 339 230 3
a 340 58 1
a 340 468 9
a 341 546 7
a 341 733 5
a 342 95 1
a 342 688 5
a 343 617 1
a 344 88 10
a 344 125 9
a 344 627 1
a 345 964 10
a 345 995 6
a 346 794 4
a 346 948 6
a 347 634 2
a 348 40 5
a 348 748 4
a 349 191 3
a 349 743 10
a 350 580 10
a 350 926 5
a 351 16 8
a 351 65 1
a 351 230 4
a 351 990 2
a 352 508 10
a 352 905 7
a 353 525 5
a 354 8 10
a 354 63 3
a 355 999 10
a 356 377 6
a 356 678 2
a 357 398 10
a 357 742 7
a 357 857 5
a 358 202 10
a 358 275 3
a 358 302 8
a 359 193 4
a 359 897 4
a 360 122 4
a 360 251 8
a 360 471 10
a 361 469 2
a 361 970 9
a 362 640 4
a 362 768 2
a 363 98 5
a 364 355 1
a 365 90 3
a 365 120 4
a 366 54 4
a 366 665 4
a 367 423 3
a 367 639 6
a 368 162 5
a 368 278 4
a 368 640 3
a 369 122 8
a 370 625 6
a 370 882 2
a 371 12 7
a 371 26 7
a 372 68 1
a 372 490 6
a 372 517 9
a 373 788 6
a 373 859 7
a 374 638 10
a 375 920 8
a 376 408 8
a 377 237 5
a 377 434 8
a 377 827 2
a 378 82 6
a 379 354 9
a 379 457 10
a 380 110 1
a 381 23 1
a 381 493 10
a 381 935 9
a 382 154 7
a 382 185 10
a 382 740 9
a 382 811 4
a 383 290 6
a 383 292 4
a 383 350 5
a 384 208 1
a 384 598 3
a 385 50 2
a 385 420 10
a 386 448 5
a 387 328 4
a 387 922 4
a 388 787 1
a 389 694 3
a 390 428 8
a 390 629 5
a 391 414 2
a 392 337 10
a 393 527 1
a 393 647 6
a 393 688 6
a 394 401 3
a 394 404 1
a 394 878 4
a 395 201 9
a 395 559 7
a 396 18 7
a 396 769 9
a 396 843 5
a 397 572 9
a 397 774 2
a 398 77 9
a 399 105 9
a 399 328 3
a 400 510 2
a 401 431 9
a 402 872 6
a 403 840 10
a 404 111 8
a 404 860 10
a 404 886 6
a 405 533 6
a 405 679 10
a 406 859 1
a 407 420 4
a 408 651 8
a 408 698 9
a 409 520 8
a 410 223 9
a 410 331 10
a 410 913 1
a 411 84 2
a 411 729 1
a 412 470 1
a 412 497 4
a 412 601 10
a 413 233 4
a 413 397 6
a 413 607 8
a 413 864 7
a 414 142 7
a 414 342 5
a 414 682 8
a 414 921 2
a 415 259 10
a 416 755 5
a 417 788 3
a 418 349 6
a 419 254 7
a 419 281 8
a 419 295 6
a 419 853 7
a 420 134 7
a 421 688 6
a 422 393 6
a 423 449 4
a 423 815 8
a 424 481 5
a 425 486 3
a 426 308 6
a 426 830 4
a 427 751 1
a 427 985 8
a 428 102 3
a 429 392 5
a 429 712 2
a 430 193 3
a 430 992 7
a 431 272 1
a 431 580 4
a 432 448 2
a 432 645 8
a 432 778 1
a 433 73 6
a 433 246 4
a 434 269 2
a 434 594 3
a 434 882 3
a 435 978 7
a 435 983 2
a 436 504 8
a 437 284 7
a 437 526 1
a 437 636 6
a 437 818 5
a 438 117 6
a 438 524 5
a 439 745 10
a 439 760 5
a 440 447 9
a 440 503 4
a 440 561 7
a 440 907 4
a 441 69 3
a 442 93 9
a 442 302 10
a 443 622 5
a 443 655 2
a 444 504 1
a 444 547 9
a 445 46 8
a 445 144 1
a 445 483 4
a 445 543 7
a 446 122 5
a 446 137 8
a 446 642 7
a 447 459 1
a 447 557 9
a 448 425 7
a 448 720 2
a 448 727 1
a 449 116 9
a 449 856 7
a 450 133 1
a 450 317 5
a 450 772 5
a 451 237 7
a 451 445 4
a 452 257 7
a 452 461 4
a 453 775 4
a 453 790 6
a 454 365 7
a 454 627 2
a 454 926 5
a 455 330 8
a 455 592 6
a 455 898 7
a 456 550 5
a 456 798 2
a 457 550 6
a 457 706 4
a 457 803 9
a 457 937 6
a 458 226 1
a 458 266 7
a 459 774 7
a 460 65 1
a 460 317 10
a 460 454 3
a 460 804 2
a 461 21 10
a 461 240 3
a 461 737 2
a 461 869 2
a 462 33 10
a 462 724 4
a 463 6 6
a 463 553 4
a 463 671 2
a 463 987 8
a 463 989 8
a 464 217 8
a 465 106 6
a 465 112 2
a 466 536 1
a 466 638 9
a 466 728 1
a 467 621 2
a 468 166 9
a 468 241 8
a 468 691 4
a 469 780 10
a 469 989 10
a 470 178 2
a 470 265 3
a 470 294 5
a 470 797 5
a 471 8 2
a 471 271 1
a 471 728 7
a 471 740 4
a 472 51 7
a 472 115 5
a 472 492 7
a 472 776 10
a 473 143 2
a 473 507 7
a 474 847 1
a 475 618 4
a 476 130 3
a 476 842 2
a 477 612 3
a 478 575 3
a 479 275 6
a 480 337 7
a 480 374 1
a 481 300 5
a 481 321 2
a 482 128 2
a 482 353 1
a 483 703 10
a 483 791 5
a 484 835 9
a 485 269 5
a 485 390 10
a 486 253 9
a 486 431 5
a 486 452 9
a 486 986 10
a 487 305 5
a 487 503 10
a 488 781 9
a 488 805 9
a 489 368 3
a 489 697 5
a 490 423 4
a 491 873 2
a 492 178 8
a 493 99 4
a 493 599 6
a 493 661 6
a 494 416 5
a 494 460 4
a 494 579 1
a 494 669 7
a 495 160 3
a 495 544 10
a 496 490 3
a 497 31 8
a 497 567 2
a 498 633 1
a 498 635 7
a 498 800 2
a 499 696 5
a 500 508 1
a 500 835 1
a 501 646 7
a 501 847 1
a 502 781 2
a 503 142 1
a 504 234 2
a 504 258 2
a 504 677 7
a 504 925 3
a 505 487 8
a 505 708 7
a 506 562 9
a 507 113 1
a 508 198 2
a 508 432 4
a 509 955 7
a 510 430 3
a 510 552 5
a 510 608 8
a 511 21 5
a 511 22 9
a 512 278 3
a 512 428 2
a 512 912 3
a 513 974 1
a 514 268 4
a 514 717 7
a 515 146 7
a 515 736 1
a 516 128 3
a 516 674 5
a 517 573 4
a 518 446 2
a 518 463 9
a 519 110 2
a 519 387 1
a 519 787 5
a 520 572 7
a 520 781 9
a 521 621 2
a 521 875 8
a 522 626 3
a 522 869 8
a 522 979 7
a 523 422 7
a 524 137 6
a 524 189 7
a 525 86 6
a 525 910 7
a 526 185 1
a 526 525 10
a 526 603 10
a 527 884 8
a 527 973 6
a 528 8 4
a 529 417 3
a 529 752 5
a 530 182 2
a 531 742 3
a 531 852 7
a 532 418 9
a 532 523 9
a 532 656 4
a 533 627 3
a 534 62 8
a 534 296 8
a 534 502 6
a 534 757 8
a 535 100 9
a 535 604 4
a 536 612 3
a 536 767 10
a 537 70 8
a 538 165 5
a 538 368 3
a 538 518 4
a 539 345 10
a 539 612 5
a 540 864 4
a 540 975 7
a 541 870 8
a 542 24 10
a 542 486 5
a 542 494 1
a 542 870 8
a 542 976 2
a 543 458 1
a 543 634 1
a 544 194 9
a 544 324 10
a 544 404 8
a 544 984 9
a 545 389 1
a 545 812 9
a 546 59 4
a 546 95 9
a 546 235 6
a 547 843 5
a 548 912 6
a 549 196 1
a 549 271 1
a 550 165 2
a 550 219 7
a 550 373 3
a 551 328 5
a 551 348 2
a 552 145 7
a 552 519 8
a 552 899 6
a 553 880 3
a 553 971 9
a 554 865 9
a 554 988 2
a 555 228 8
a 555 343 2
a 556 756 3
a 556 767 3
a 556 927 10
a 557 634 9
a 558 269 10
a 558 961 4
a 559 306 8
a 559 796 1
a 560 388 6
a 560 994 1
a 561 388 8
a 561 945 4
a 562 330 6
a 563 259 9
a 563 378 4
a 564 91 7
a 564 465 1
a 565 865 8
a 566 206 2
a 566 792 5
a 566 958 6
a 567 324 8
a 567 821 2
a 568 26 5
a 568 742 6
a 569 80 6
a 569 369 2
a 569 439 10
a 569 868 10
a 570 91 1
a 570 619 3
a 571 85 2
a 571 298 8
a 571 435 3
a 572 500 5
a 572 753 7
a 573 341 9
a 574 259 1
a 574 532 3
a 575 169 10
a 575 982 3
a 576 98 10
a 576 456 4
a 576 798 3
a 577 638 7
a 577 995 6
a 578 211 1
a 579 91 4
a 579 960 5
a 580 301 1
a 581 164 4
a 581 876 8
a 582 332 5
a 582 900 2
a 583 822 2
a 584 687 7
a 584 943 10
a 585 804 9
a 586 109 9
a 586 658 5
a 587 407 2
a 587 421 10
a 587 575 6
a 588 67 2
a 588 381 2
a 588 473 9
a 588 506 4
a 589 75 2
a 589 565 8
a 590 170 5
a 591 620 1
a 591 744 5
a 592 467 10
a 593 782 2
a 593 906 8
a 593 977 8
a 594 103 1
a 594 460 5
a 594 950 8
a 595 276 8
a 595 500 1
a 595 801 3
a 596 361 5
a 597 628 7
a 598 34 9
a 598 43 8
a 598 515 9
a 599 797 3
a 600 788 2
a 601 887 4
a 602 211 4
a 603 829 10
a 604 841 5
a 605 136 4
a 605 867 7
a 606 448 4
a 607 223 9
a 608 385 1
a 609 566 5
a 609 887 5
a 609 930 2
a 610 477 2
a 611 188 5
a 611 220 3
a 611 354 1
a 612 148 8
a 612 250 7
a 612 426 8
a 612 455 8
a 612 859 3
a 613 84 9
a 613 283 6
a 613 459 7
a 614 243 8
a 614 321 7
a 614 696 5
a 614 828 3
a 615 142 8
a 615 774 2
a 616 23 3
a 616 239 7
a 616 393 2
a 617 713 5
a 617 934 10
a 618 355 3
a 618 543 3
a 619 489 10
a 619 867 2
a 620 101 1
a 621 872 5
a 622 581 2
a 623 76 1
a 623 568 10
a 623 692 10
a 624 256 8
a 624 464 4
a 625 232 10
a 626 836 2
a 626 844 4
a 626 945 8
a 627 3 9
a 627 824 7
a 628 71 7
a 628 937 7
a 628 952 7
a 629 909 5
a 630 893 2
a 631 688 1
a 631 963 2
a 632 315 4
a 632 680 10
a 633 371 2
a 634 437 3
a 635 330 1
a 635 360 6
a 636 221 8
a 636 349 5
a 637 217 9
a 637 304 5
a 637 636 8
a 637 777 9
a 638 240 8
a 639 648 4
a 640 163 6
a 640 224 5
a 641 377 5
a 641 564 4
a 642 560 2
a 642 658 7
a 643 899 7
a 644 30 3
a 644 442 3
a 644 756 6
a 645 48 9
a 646 378 5
a 647 225 10
a 648 361 9
a 649 183 2
a 650 737 4
a 651 556 1
a 652 429 2
a 652 799 3
a 653 736 1
a 654 92 4
a 655 316 3
a 655 440 3
a 655 831 4
a 656 14 6
a 656 487 6
a 657 198 5
a 658 790 1
a 658 822 3
a 659 492 2
a 660 496 8
a 660 763 4
a 661 486 4
a 661 743 2
a 662 179 5
a 662 198 6
a 662 361 3
a 663 389 2
a 663 400 2
a 663 723 8
a 664 548 5
a 665 70 5
a 665 887 2
a 666 270 6
a 666 543 5
a 667 293 7
a 667 441 2
a 667 583 9
a 668 325 3
a 668 912 4
a 669 59 5
a 669 204 4
a 669 469 2
a 669 872 7
a 670 451 9
a 671 539 1
a 671 783 7
a 671 947 7
a 672 818 9
a 673 872 8
a 674 252 8
a 675 82 2
a 676 331 1
a 676 411 3
a 677 693 10
a 678 314 1
a 678 643 4
a 678 723 3
a 679 590 7
a 679 855 10
a 680 412 10
a 681 279 7
a 681 422 10
a 681 527 7
a 682 328 1
a 683 544 3
a 683 687 6
a 684 10 4
a 684 48 7
a 684 735 9
a 684 807 7
a 685 394 7
a 685 515 5
a 686 146 1
a 686 661 8
a 687 680 7
a 688 205 7
a 689 363 4
a 689 655 5
a 690 575 10
a 690 752 4
a 691 523 8
a 691 773 7
a 692 321 10
a 692 694 10
a 693 90 5
a 693 915 6
a 694 482 6
a 694 769 6
a 694 922 6
a 695 44 10
a 695 198 6
a 695 450 2
a 696 491 1
a 696 587 7
a 697 18 5
a 698 301 9
a 698 430 6
a 699 183 5
a 699 372 7
a 699 504 2
a 699 719 8
a 700 113 4
a 700 134 4
a 701 212 5
a 701 228 8
a 701 778 9
a 702 117 1
a 702 285 7
a 702 476 4
a 703 14 3
a 703 721 2
a 704 375 1
a 704 583 5
a 705 792 10
a 706 15 5
a 707 409 5
a 708 441 8
a 708 950 10
a 708 966 9
a 709 371 5
a 709 581 6
a 710 386 4
a 710 846 4
a 710 933 2
a 711 785 5
a 712 162 10
a 713 96 2
a 713 264 2
a 713 987 1
a 714 49 2
a 714 917 10
a 715 370 4
a 716 477 3
a 716 979 6
a 717 227 3
a 718 160 7
a 718 193 6
a 718 225 2
a 718 528 10
a 719 119 6
a 719 466 8
a 719 780 9
a 720 899 9
a 721 52 3
a 721 116 8
a 722 385 3
a 722 516 1
a 722 797 3
a 723 287 4
a 723 524 10
a 723 683 6
a 724 13 5
a 724 668 6
a 725 49 6
a 726 479 4
a 726 705 7
a 727 865 10
a 728 169 10
a 728 247 3
a 728 536 4
a 728 743 10
a 729 406 10
a 729 733 4
a 730 315 4
a 730 618 10
a 731 219 2
a 731 880 2
a 732 655 5
a 733 666 10
a 733 967 5
a 734 271 2
a 734 670 4
a 734 689 4
a 735 317 9
a 736 313 7
a 737 519 2
a 738 84 1
a 739 573 4
a 739 626 10
a 739 847 7
a 739 944 8
a 740 285 1
a 740 455 10
a 740 679 1
a 741 403 6
a 742 146 9
a 743 38 1
a 743 289 10
a 743 463 7
a 743 878 7
a 744 592 8
a 744 701 3
a 745 720 9
a 746 899 2
a 747 100 10
a 747 664 6
a 747 829 5
a 748 606 10
a 749 92 4
a 749 791 2
a 750 286 1
a 751 50 8
a 751 726 6
a 751 929 9
a 752 227 3
a 753 213 9
a 753 765 8
a 754 785 8
a 755 854 5
a 756 474 6
a 756 731 9
a 757 131 2
a 757 853 7
a 757 889 3
a 758 203 1
a 758 542 8
a 759 39 9
a 760 560 3
a 761 92 10
a 761 749 10
a 762 434 6
a 762 578 1
a 762 842 10
a 763 190 7
a 763 913 2
a 764 168 10
a 764 557 6
a 765 505 2
a 765 560 8
a 766 950 3
a 767 624 4
a 768 268 9
a 768 351 8
a 768 568 5
a 768 602 8
a 769 153 6
a 769 282 10
a 770 636 1
a 771 118 2
a 771 893 10
a 771 942 5
a 772 438 3
a 772 624 6
a 773 73 1
a 773 296 6
a 773 419 2
a 774 308 5
a 774 609 3
a 775 415 9
a 775 511 1
a 776 214 6
a 776 851 1
a 776 895 3
a 777 436 1
a 777 443 9
a 777 801 10
a 778 328 8
a 778 606 5
a 778 795 10
a 779 83 8
a 779 159 2
a 780 326 1
a 781 53 4
a 781 268 3
a 782 252 8
a 782 275 1
a 782 956 8
a 783 548 5
a 784 201 5
a 784 445 4
a 785 360 7
a 785 551 4
a 785 819 2
a 786 432 2
a 787 507 4
a 787 593 8
a 787 605 4
a 787 939 10
a 788 64 6
a 788 749 1
a 788 804 6
a 789 211 5
a 790 838 9
a 791 85 2
a 791 395 1
a 791 426 7
a 792 611 3
a 793 667 5
a 794 630 1
a 795 521 9
a 796 549 8
a 796 569 6
a 797 577 8
a 797 731 4
a 798 672 7
a 798 785 1
a 799 734 7
a 800 333 3
a 800 608 9
a 801 173 3
a 801 835 2
a 802 132 10
a 802 761 5
a 803 765 2
a 804 296 6
a 804 362 1
a 805 81 8
a 805 509 3
a 805 524 3
a 806 872 3
a 807 489 3
a 808 185 1
a 809 642 5
a 810 881 10
a 811 473 2
a 811 571 5
a 811 800 10
a 812 171 5
a 812 840 9
a 813 863 6
a 814 571 5
a 814 597 8
a 815 728 2
a 816 591 10
a 816 809 6
a 817 835 10
a 818 13 10
a 818 127 5
a 819 390 2
a 820 493 6
a 820 920 3
a 821 172 1
a 821 954 9
a 822 531 4
a 823 260 1
a 823 936 3
a 824 96 4
a 824 156 10
a 824 916 3
a 825 604 6
a 826 55 3
a 827 761 5
a 827 796 7
a 827 823 10
a 828 307 5
a 828 561 8
a 828 955 7
a 829 276 10
a 829 297 7
a 829 826 5
a 830 326 6
a 830 601 3
a 830 726 4
a 831 515 6
a 831 556 9
a 831 911 5
a 832 759 9
a 832 869 5
a 833 397 4
a 833 848 2
a 834 437 6
a 835 203 3
a 836 683 5
a 836 734 4
a 837 957 4
a 838 830 6
a 839 682 4
a 839 889 6
a 839 957 4
a 840 78 2
a 840 912 6
a 841 455 3
a 842 117 2
a 842 613 9
a 843 57 6
a 844 739 3
a 845 458 4
a 845 657 6
a 846 696 5
a 846 933 3
a 847 549 3
a 847 747 5
a 848 9 4
a 848 44 6
a 848 180 3
a 849 166 2
a 849 554 3
a 850 920 6
a 851 863 6
a 852 163 4
a 853 187 3
a 853 918 6
a 854 330 5
a 855 780 8
a 856 529 8
a 856 541 8
a 856 595 7
a 856 779 4
a 857 3 1
a 858 763 3
a 859 461 8
a 860 359 9
a 860 869 1
a 861 601 3
a 862 871 7
a 862 991 10
a 863 519 3
a 864 946 7
a 865 283 3
a 866 280 1
a 866 374 8
a 867 606 4
a 867 860 5
a 868 703 9
a 869 73 8
a 869 384 8
a 870 212 5
a 870 309 8
a 871 196 3
a 872 41 5
a 872 236 5
a 872 448 9
a 873 69 10
a 873 137 2
a 874 242 10
a 874 474 6
a 875 221 5
a 875 515 8
a 875 700 4
a 876 135 5
a 877 759 1
a 877 810 7
a 878 999 7
a 879 698 6
a 880 872 8
a 881 230 7
a 881 555 4
a 881 616 7
a 881 648 2
a 882 191 6
a 883 396 8
a 884 147 7
a 884 548 2
a 885 335 9
a 885 491 1
a 885 908 2
a 886 210 8
a 886 616 8
a 887 531 9
a 888 679 4
a 888 972 10
a 889 170 9
a 889 764 10
a 890 268 5
a 890 540 6
a 891 735 5
a 891 786 7
a 891 998 8
a 892 168 6
a 892 562 5
a 892 584 4
a 893 102 10
a 894 15 6
a 895 317 1
a 896 190 6
a 896 931 9
a 897 856 6
a 897 896 5
a 898 451 3
a 898 468 5
a 898 881 6
a 898 899 5
a 899 79 10
a 900 494 4
a 901 352 6
a 901 801 8
a 902 180 7
a 902 350 2
a 903 554 4
a 903 754 4
a 904 617 4
a 904 894 9
a 905 179 8
a 905 369 7
a 905 910 6
a 906 623 6
a 906 889 8
a 906 962 4
a 907 17 3
a 907 192 7
a 907 392 6
a 907 711 3
a 908 121 9
a 908 976 2
a 909 483 7
a 910 56 1
a 910 445 5
a 911 743 6
a 912 106 8
a 912 373 3
a 913 101 5
a 913 689 7
a 913 1000 5
a 914 224 6
a 914 410 9
a 914 880 1
a 915 983 2
a 916 257 9
a 917 491 3
a 918 774 10
a 918 833 4
a 918 988 8
a 919 255 6
a 920 90 7
a 920 968 8
a 921 58 2
a 922 192 7
a 922 983 9
a 923 162 5
a 924 503 6
a 925 526 7
a 925 630 7
a 926 65 5
a 927 356 5
a 927 459 1
a 927 588 4
a 927 768 10
a 928 66 5
a 928 571 3
a 928 675 5
a 928 817 7
a 929 415 9
a 929 507 6
a 930 816 7
a 930 950 9
a 931 522 9
a 932 914 3
a 933 410 1
a 933 659 4
a 934 176 10
a 934 226 8
a 935 161 8
a 935 525 1
a 935 952 7
a 936 929 10
a 937 32 4
a 937 412 7
a 937 701 9
a 937 702 8
a 938 391 7
a 939 36 10
a 939 286 6
a 939 397 8
a 939 405 8
a 940 124 3
a 941 192 4
a 941 863 3
a 942 339 3
a 942 505 3
a 943 71 9
a 943 522 9
a 943 949 10
a 944 70 4
a 944 208 5
a 944 405 5
a 945 129 3
a 945 498 3
a 945 567 7
a 945 659 6
a 946 535 4
a 947 580 2
a 947 820 5
a 947 919 3
a 948 182 2
a 948 631 4
a 949 206 10
a 949 281 3
a 949 383 4
a 950 243 2
a 951 104 3
a 951 251 8
a 951 686 3
a 951 789 8
a 952 34 5
a 953 107 9
a 953 151 3
a 953 218 5
a 953 585 9
a 953 770 2
a 954 109 3
a 954 271 4
a 954 708 8
a 955 658 10
a 956 11 6
a 956 817 7
a 957 126 3
a 957 582 9
a 957 653 8
a 957 773 8
a 958 671 2
a 959 360 7
a 960 167 6
a 960 220 5
a 961 462 2
a 961 624 8
a 961 924 10
a 961 973 5
a 962 130 10
a 963 494 6
a 964 375 6
a 965 564 2
a 966 420 5
a 967 374 10
a 967 480 10
a 967 559 10
a 968 79 9
a 968 577 8
a 968 965 5
a 969 290 1
a 969 849 10
a 970 517 10
a 971 61 7
a 971 141 7
a 972 786 8
a 973 745 9
a 973 813 2
a 974 308 4
a 974 587 9
a 974 862 1
a 975 140 8
a 975 438 10
a 975 650 10
a 976 49 2
a 976 563 2
a 976 596 2
a 976 834 6
a 977 366 1
a 977 681 7
a 977 790 7
a 978 197 1
a 978 511 5
a 978 673 2
a 979 534 1
a 979 587 1
a 980 6 2
a 980 184 9
a 981 83 6
a 981 737 2
a 982 153 5
a 983 177 8
a 983 223 9
a 983 528 4
a 984 17 4
a 984 216 8
a 985 651 8
a 985 755 7
a 985 773 2
a 986 335 5
a 986 911 4
a 987 114 3
a 987 981 9
a 988 424 10
a 988 495 7
a 988 535 2
a 988 662 10
a 989 758 10
a 989 980 10
a 989 997 5
a 990 221 7
a 990 357 1
a 990 442 5
a 991 984 6
a 992 158 6
a 992 222 1
a 993 364 9
a 994 150 2
a 994 461 7
a 994 653 8
a 995 480 5
a 995 611 7
a 996 273 8
a 996 890 3
a 997 3 4
a 998 224 1
a 999 539 4
