p max 100 200
n 1 s
n 100 t
a 1 34 8
a 1 82 3
a 2 71 2
a 2 93 10
a 3 70 8
a 3 82 9
a 3 86 6
a 4 21 7
a 4 59 6
a 5 3 4
a 6 28 7
a 6 66 7
a 6 88 10
a 7 38 2
a 7 62 2
a 8 37 4
a 8 84 5
a 9 41 3
a 9 92 5
a 10 16 1
a 10 38 2
a 11 64 3
a 11 79 8
a 12 3 9
a 12 72 2
a 12 84 4
a 12 99 4
a 13 24 8
a 14 4 3
a 14 15 10
a 14 30 10
a 15 19 5
a 15 65 4
a 16 44 4
a 16 81 7
a 17 14 5
a 17 36 1
a 18 55 9
a 18 99 9
a 19 25 4
a 19 60 9
a 20 7 7
a 20 78 5
a 21 15 10
a 22 28 7
a 23 43 4
a 24 15 1
a 24 26 2
a 24 46 5
a 24 64 1
a 25 40 3
a 25 73 3
a 26 90 3
a 26 97 8
a 27 46 9
a 27 82 10
a 28 37 6
a 28 39 7
a 28 52 5
a 28 76 7
a 28 83 7
a 29 54 8
a 29 91 2
a 30 76 1
a 30 92 7
a 31 48 2
a 31 53 8
a 31 74 7
a 32 49 3
a 32 80 6
a 32 96 7
a 33 56 3
a 33 59 3
a 34 56 4
a 35 19 10
a 36 81 1
a 36 85 2
a 37 32 4
a 37 70 7
a 37 97 10
a 38 87 7
a 39 4 1
a 40 61 7
a 40 69 1
a 40 73 9
a 40 93 1
a 41 3 10
a 41 13 9
a 41 48 10
a 41 94 7
a 42 24 4
a 42 85 2
a 43 38 1
a 44 23 6
a 44 88 2
a 45 43 3
a 45 69 5
a 46 32 9
a 47 2 2
a 47 7 7
a 47 36 1
a 48 75 6
a 49 2 6
a 50 5 3
a 51 79 10
a 52 2 8
a 53 46 9
a 54 8 8
a 55 99 7
a 56 50 5
a 57 8 9
a 57 60 4
a 58 8 3
a 58 59 1
a 58 64 8
a 58 95 10
a 59 41 7
a 59 54 2
a 60 33 6
a 60 51 3
a 61 24 1
a 61 100 1
a 62 16 10
a 62 65 8
a 62 87 4
a 63 67 7
a 63 69 1
a 63 77 3
a 64 7 1
a 64 23 2
a 64 100 9
a 65 17 7
a 65 93 4
a 66 5 5
a 66 33 6
a 66 68 5
a 66 96 8
a 67 6 6
a 67 27 5
a 68 11 6
a 69 22 6
a 69 96 5
a 70 90 6
a 71 63 10
a 71 99 5
a 72 11 9
a 72 31 5
a 72 53 1
a 73 45 8
a 73 99 9
a 74 19 1
a 74 57 10
a 75 97 2
a 76 40 3
a 77 26 9
a 77 43 4
a 77 52 3
a 78 18 4
a 78 74 3
a 78 89 8
a 79 31 1
a 79 68 1
a 80 42 9
a 81 7 9
a 82 64 1
a 83 6 4
a 84 42 4
a 84 57 8
a 85 10 9
a 85 12 3
a 86 47 9
a 86 91 8
a 87 72 4
a 87 75 7
a 87 81 6
a 88 57 6
a 89 58 5
a 89 65 8
a 90 10 4
a 90 29 10
a 90 35 10
a 90 65 9
a 90 82 4
a 91 88 10
a 92 97 3
a 92 98 9
a 93 9 1
a 93 30 2
a 94 55 3
a 94 74 10
a 95 38 3
a 95 73 8
a 96 6 7
a 96 67 5
a 96 78 3
a 97 49 8
a 97 50 7
a 98 93 6
a 99 20 9
a 99 89 10
