p max 100 200
n 1 s
n 100 t
a 1 67 7
a 1 86 3
a 2 3 10
a 2 10 4
a 2 65 3
a 2 79 5
a 3 76 7
a 3 83 4
a 4 44 10
a 4 60 3
a 4 94 7
a 5 8 9
a 6 26 4
a 6 27 4
a 7 32 9
a 7 48 8
a 7 62 1
a 8 7 7
a 8 50 8
a 9 89 1
a 10 88 5
a 11 51 10
a 12 8 4
a 12 64 1
a 13 58 8
a 13 71 10
a 14 6 2
a 14 55 9
a 15 76 4
a 15 78 10
a 16 85 3
a 16 86 8
a 17 19 2
a 17 84 1
a 18 20 1
a 18 31 8
a 18 66 10
a 19 9 4
a 20 4 10
a 20 41 4
a 21 29 8
a 21 46 6
a 21 90 9
a 21 93 5
a 22 73 10
a 23 51 5
a 23 52 9
a 23 74 7
a 24 19 6
a 24 44 6
a 24 100 8
a 25 9 8
a 25 43 10
a 26 22 2
a 26 35 5
a 27 47 1
a 28 27 9
a 28 46 8
a 28 54 8
a 29 17 7
a 30 21 10
a 31 6 7
a 31 8 9
a 31 36 5
a 32 17 7
a 32 48 8
a 32 87 9
a 33 34 7
a 33 98 10
a 34 16 1
a 34 17 5
a 35 2 6
a 35 39 1
a 35 49 5
a 35 70 8
a 35 76 4
a 36 7 8
a 36 57 6
a 37 62 6
a 38 4 10
a 38 56 2
a 39 25 1
a 39 89 4
a 40 62 8
a 40 67 1
a 40 99 1
a 41 31 5
a 41 50 5
a 42 70 8
a 43 3 3
a 43 16 8
a 43 96 2
a 44 82 2
a 45 88 5
a 46 40 2
a 46 61 5
a 47 19 5
a 47 53 8
a 48 23 8
a 48 75 8
a 48 98 10
a 49 9 1
a 50 100 8
a 51 43 2
a 51 47 7
a 51 56 10
a 52 18 10
a 52 80 2
a 52 95 10
a 52 98 10
a 53 44 8
a 53 48 7
a 54 91 10
a 55 32 7
a 55 92 3
a 56 8 10
a 56 60 8
a 56 73 2
a 57 21 5
a 57 25 4
a 58 86 8
a 59 13 8
a 59 71 6
a 59 97 1
a 60 28 2
a 61 98 7
a 62 36 8
a 63 12 4
a 63 69 9
a 64 13 6
a 64 37 6
a 65 7 9
a 65 61 3
a 65 81 3
a 66 24 2
a 67 59 7
a 67 83 5
a 67 90 5
a 68 33 3
a 68 54 7
a 68 85 7
a 69 58 4
a 70 45 2
a 71 91 2
a 72 58 8
a 73 28 3
a 73 42 9
a 73 54 5
a 74 57 6
a 74 99 1
a 75 13 2
a 75 82 10
a 75 91 2
a 76 39 5
a 77 73 7
a 78 58 4
a 79 46 5
a 80 34 4
a 81 43 4
a 82 93 5
a 83 42 10
a 84 8 8
a 84 14 7
a 84 21 6
a 85 11 1
a 85 41 9
a 85 89 2
a 86 24 4
a 86 72 1
a 86 80 8
a 86 88 4
a 87 14 1
a 87 25 4
a 87 71 3
a 87 77 4
a 88 26 8
a 89 5 6
a 90 15 1
a 90 18 7
a 91 26 4
a 91 36 1
a 91 68 5
a 92 24 2
a 92 38 6
a 92 45 10
a 92 48 9
a 93 12 7
a 93 51 8
a 94 5 1
a 94 39 3
a 94 100 9
a 95 22 5
a 95 74 10
a 95 90 2
a 96 26 2
a 97 3 1
a 98 30 7
a 98 63 8
a 98 78 6
a 99 28 2
