p max 100 200
n 1 s
n 100 t
a 1 69 3
a 2 45 1
a 2 70 1
a 3 26 6
a 3 46 10
a 4 51 6
a 4 62 5
a 5 6 10
a 5 9 9
a 5 87 1
a 5 94 1
a 6 42 5
a 6 95 8
a 7 53 5
a 7 56 9
a 7 60 2
a 8 3 8
a 8 6 4
a 8 39 9
a 8 50 10
a 9 14 7
a 9 47 1
a 10 100 8
a 11 27 1
a 11 41 6
a 11 81 5
a 12 75 7
a 12 84 5
a 13 74 10
a 14 81 3
a 15 98 4
a 16 14 10
a 17 29 10
a 18 7 5
a 18 63 3
a 19 64 4
a 19 92 3
a 20 61 1
a 20 100 4
a 21 49 4
a 21 89 3
a 22 16 4
a 22 73 1
a 22 78 2
a 22 100 4
a 23 8 7
a 24 12 9
a 24 19 1
a 25 18 10
a 25 85 3
a 25 90 7
a 26 27 3
a 26 86 9
a 27 24 7
a 27 55 8
a 27 57 2
a 27 96 5
a 28 36 4
a 28 49 9
a 28 88 9
a 29 30 4
a 30 72 3
a 31 23 4
a 31 52 5
a 31 55 8
a 31 68 3
a 31 74 6
a 31 93 7
a 32 9 1
a 32 13 1
a 32 69 1
a 33 44 7
a 34 14 2
a 34 20 8
a 34 56 9
a 35 42 10
a 36 52 1
a 36 69 10
a 37 45 6
a 37 83 9
a 38 28 10
a 39 53 7
a 39 89 9
a 40 31 7
a 41 22 9
a 42 11 10
a 42 40 9
a 42 76 4
a 42 80 3
a 43 17 6
a 43 66 1
a 44 40 5
a 44 75 6
a 45 41 8
a 45 79 1
a 46 63 7
a 46 95 9
a 47 29 1
a 47 54 4
a 47 58 4
a 47 92 1
a 48 36 5
a 49 10 2
a 49 35 7
a 49 44 4
a 49 78 9
a 50 23 2
a 50 65 1
a 51 99 3
a 52 77 1
a 53 43 4
a 53 76 3
a 54 82 1
a 55 88 6
a 56 5 8
a 56 31 7
a 57 4 1
a 57 20 7
a 57 97 8
a 58 8 8
a 58 99 7
a 59 21 1
a 59 34 5
a 59 40 9
a 59 51 9
a 60 18 10
a 60 37 5
a 61 23 8
a 61 27 9
a 61 59 8
a 62 3 4
a 63 96 7
a 64 73 5
a 64 82 1
a 65 18 8
a 65 72 6
a 66 33 6
a 66 90 5
a 67 4 3
a 67 28 7
a 68 30 6
a 68 65 10
a 69 6 4
a 69 15 8
a 70 12 4
a 71 23 4
a 71 37 9
a 72 19 8
a 72 62 3
a 73 66 10
a 73 81 4
a 74 26 9
a 74 85 2
a 75 97 7
a 76 11 3
a 77 76 3
a 78 82 3
a 79 23 5
a 80 7 2
a 80 48 2
a 81 58 5
a 81 95 5
a 82 31 4
a 82 90 1
a 83 62 9
a 84 32 6
a 84 61 8
a 85 45 1
a 86 70 1
a 87 4 10
a 87 72 1
a 88 21 9
a 88 79 10
a 88 91 8
a 88 100 9
a 89 11 8
a 89 29 8
a 89 40 1
a 90 22 8
a 90 52 7
a 91 2 8
a 91 25 7
a 91 65 7
a 91 80 6
a 92 45 6
a 92 71 3
a 93 69 7
a 94 8 5
a 94 38 4
a 94 66 8
a 95 10 4
a 95 37 8
a 95 57 8
a 95 77 8
a 95 98 5
a 96 60 4
a 97 99 8
a 98 82 5
a 99 52 7
a 99 67 9
