p max 1000 2000
n 1 s
n 1000 t
a 1 602 10
a 1 609 4
a 2 9 1
a 2 156 1
a 2 165 4
a 2 352 1
a 2 368 9
a 3 366 3
a 3 804 9
a 4 3 4
a 4 814 10
a 4 983 5
a 5 105 2
a 6 305 1
a 6 505 10
a 6 667 5
a 6 851 3
a 7 387 2
a 7 431 6
a 8 29 2
a 8 83 10
a 8 927 5
a 9 645 3
a 9 776 4
a 10 758 4
a 11 625 8
a 11 765 8
a 11 972 9
a 11 977 6
a 12 222 3
a 12 493 8
a 13 608 1
a 14 277 1
a 14 397 5
a 14 471 4
a 14 792 1
a 14 893 8
a 15 637 3
a 15 719 10
a 16 422 6
a 17 791 1
a 18 668 6
a 19 54 4
a 19 239 3
a 19 241 3
a 20 377 9
a 20 659 5
a 20 730 8
a 21 110 2
a 21 158 2
a 22 237 1
a 22 393 3
a 22 797 4
a 23 142 8
a 23 430 5
a 23 541 6
a 24 368 1
a 24 497 7
a 24 667 10
a 25 304 10
a 25 873 6
a 25 950 6
a 26 450 8
a 26 689 6
a 27 54 2
a 27 569 6
a 28 871 8
a 29 347 1
a 29 691 2
a 30 247 8
a 30 661 8
a 30 796 5
a 31 377 7
a 32 103 2
a 32 773 2
a 33 695 10
a 34 143 3
a 34 168 7
a 34 696 6
a 34 925 7
a 35 481 5
a 36 924 5
a 36 993 6
a 37 544 1
a 37 721 8
a 38 234 8
a 38 657 2
a 39 624 2
a 40 88 9
a 40 919 2
a 41 292 6
a 41 411 5
a 41 607 2
a 42 45 8
a 42 544 7
a 43 299 9
a 43 343 8
a 44 307 8
a 44 527 7
a 45 223 10
a 45 514 7
a 46 63 2
a 46 873 1
a 47 818 7
a 47 964 1
a 48 86 7
a 48 342 5
a 49 423 2
a 49 854 8
a 50 377 3
a 51 418 3
a 51 589 4
a 52 218 2
a 52 493 9
a 53 38 3
a 53 104 1
a 54 982 1
a 55 821 1
a 55 934 1
a 56 120 6
a 56 183 10
a 56 442 6
a 56 981 8
a 57 53 4
a 57 550 9
a 58 318 9
a 59 403 7
a 59 594 1
a 60 250 2
a 60 302 10
a 60 820 8
a 61 401 6
a 61 755 4
a 62 75 6
a 62 191 8
a 62 353 3
a 63 145 2
a 63 594 9
a 64 474 6
a 64 682 10
a 65 330 2
a 65 700 8
a 65 882 10
a 66 357 6
a 67 777 9
a 68 289 1
a 68 553 10
a 69 8 3
a 70 272 10
a 70 399 9
a 70 723 1
a 71 643 1
a 71 916 6
a 72 289 7
a 72 692 2
a 73 808 4
a 73 824 2
a 74 48 6
a 74 288 6
a 74 650 4
a 75 685 5
a 76 880 5
a 77 203 5
a 77 299 6
a 77 737 6
a 78 642 2
a 78 817 1
a 79 28 2
a 79 299 10
a 80 246 3
a 81 780 5
a 82 314 2
a 83 738 7
a 84 715 4
a 84 763 2
a 84 898 6
a 85 82 3
a 85 843 7
a 86 529 3
a 86 871 4
a 86 970 6
a 87 64 5
a 87 292 8
a 88 94 1
a 88 265 8
a 88 882 9
a 88 918 9
a 89 24 7
a 89 827 10
a 90 31 3
a 90 586 3
a 90 748 3
a 91 779 9
a 92 857 3
a 93 844 6
a 93 881 10
a 94 209 2
a 94 532 7
a 95 57 3
a 96 741 1
a 97 546 4
a 97 962 6
a 98 267 5
a 99 202 6
a 99 213 3
a 99 245 6
a 100 393 2
a 101 572 9
a 102 435 3
a 102 508 8
a 102 514 5
a 103 171 7
a 103 594 5
a 104 119 6
a 105 698 10
a 106 102 10
a 106 246 4
a 106 687 9
a 107 169 7
a 107 192 10
a 107 239 6
a 108 435 10
a 109 584 1
a 110 294 8
a 110 690 6
a 110 740 9
a 111 406 6
a 111 515 3
a 112 127 9
a 112 513 4
a 112 611 9
a 112 617 4
a 112 858 8
a 113 540 9
a 113 598 8
a 114 427 8
a 114 472 4
a 115 509 5
a 116 686 4
a 117 554 6
a 117 726 6
a 118 689 10
a 119 366 5
a 120 91 9
a 120 644 4
a 121 831 7
a 122 502 2
a 122 688 8
a 123 973 4
a 124 880 10
a 125 78 4
a 125 567 1
a 125 610 2
a 126 893 2
a 127 226 7
a 128 545 4
a 128 791 1
a 129 70 3
a 129 717 1
a 129 742 7
a 130 307 2
a 130 868 8
a 131 67 4
a 131 447 7
a 131 536 5
a 131 868 6
a 132 17 3
a 132 959 4
a 133 246 10
a 134 6 4
a 134 496 6
a 134 800 7
a 135 298 6
a 135 542 10
a 136 420 4
a 136 538 2
a 136 744 8
a 136 935 10
a 136 1000 5
a 137 436 10
a 137 757 8
a 138 45 8
a 138 222 9
a 138 960 8
a 139 66 1
a 140 475 9
a 140 892 2
a 141 345 1
a 141 923 5
a 142 706 2
a 142 804 8
a 143 515 6
a 144 86 10
a 145 216 8
a 145 762 7
a 145 850 4
a 146 172 8
a 146 371 7
a 147 193 5
a 147 585 9
a 148 324 5
a 148 724 1
a 149 669 3
a 150 881 1
a 151 588 3
a 152 182 4
a 152 681 6
a 153 829 8
a 154 689 4
a 154 791 10
a 155 643 1
a 156 173 6
a 156 942 8
a 157 759 8
a 158 176 9
a 158 870 7
a 159 632 9
a 160 189 6
a 160 669 1
a 160 777 7
a 160 896 5
a 161 236 1
a 161 293 6
a 161 852 9
a 162 719 2
a 162 878 7
a 162 957 2
a 163 353 9
a 163 500 10
a 163 572 6
a 163 811 8
a 164 355 7
a 164 549 6
a 164 953 3
a 165 264 4
a 165 583 5
a 166 53 9
a 166 852 2
a 166 888 3
a 167 122 9
a 168 565 7
a 168 838 10
a 169 771 2
a 170 317 8
a 171 874 8
a 171 996 8
a 172 310 7
a 173 312 2
a 173 512 2
a 173 742 5
a 174 92 6
a 174 957 9
a 175 142 9
a 175 981 8
a 176 432 4
a 176 863 8
a 176 964 5
a 177 85 4
a 177 117 10
a 177 435 2
a 178 188 8
a 179 364 1
a 179 375 3
a 179 745 4
a 179 999 6
a 180 174 1
a 180 203 1
a 180 386 7
a 181 214 2
a 181 227 1
a 181 470 7
a 182 148 6
a 182 692 5
a 182 739 2
a 182 811 6
a 182 990 10
a 183 20 1
a 184 589 9
a 184 621 10
a 184 905 7
a 185 153 2
a 186 188 7
a 186 306 4
a 186 316 10
a 186 845 5
a 187 33 7
a 187 558 1
a 188 674 8
a 188 810 1
a 189 360 1
a 189 540 2
a 190 695 3
a 190 873 10
a 191 866 7
a 192 604 9
a 193 286 1
a 193 604 3
a 194 421 10
a 195 136 7
a 195 668 9
a 195 731 5
a 196 320 8
a 196 620 2
a 196 699 7
a 196 758 6
a 197 521 4
a 197 951 4
a 198 223 4
a 198 543 8
a 199 28 2
a 200 673 7
a 201 638 4
a 201 810 1
a 202 198 1
a 202 718 8
a 203 440 6
a 203 864 4
a 204 167 5
a 204 241 5
a 205 389 1
a 206 201 2
a 206 483 10
a 206 689 10
a 207 195 3
a 208 143 6
a 209 503 9
a 209 790 7
a 209 874 7
a 210 204 5
a 210 394 7
a 210 573 8
a 211 80 8
a 211 669 7
a 212 239 4
a 213 488 7
a 213 663 8
a 213 870 2
a 213 989 7
a 214 139 2
a 214 531 3
a 214 660 7
a 215 482 1
a 215 564 3
a 216 62 5
a 216 129 2
a 216 231 7
a 216 320 7
a 217 507 6
a 217 515 3
a 218 114 9
a 218 495 2
a 218 618 2
a 218 704 10
a 219 962 9
a 220 12 3
a 220 55 8
a 220 67 3
a 221 18 1
a 222 536 6
a 223 291 9
a 223 626 2
a 223 711 3
a 224 512 7
a 224 787 1
a 225 169 1
a 226 268 2
a 227 180 3
a 227 208 6
a 227 561 10
a 228 329 9
a 228 417 7
a 228 424 9
a 228 986 2
a 229 210 6
a 229 283 1
a 229 815 4
a 230 924 8
a 231 196 8
a 231 729 3
a 231 854 10
a 232 931 4
a 233 41 8
a 233 899 10
a 234 663 10
a 235 30 4
a 235 167 4
a 236 573 7
a 236 954 2
a 237 273 10
a 237 664 7
a 237 855 4
a 238 748 7
a 238 975 3
a 239 163 7
a 240 702 8
a 240 762 1
a 241 523 8
a 241 630 9
a 242 82 5
a 242 969 6
a 243 774 9
a 244 847 7
a 245 235 1
a 245 538 1
a 246 1000 6
a 247 458 5
a 247 599 7
a 247 665 4
a 247 887 3
a 248 181 1
a 248 369 1
a 248 741 6
a 248 912 2
a 249 80 2
a 249 327 1
a 250 294 5
a 250 529 9
a 251 482 6
a 252 116 5
a 252 485 3
a 252 506 9
a 252 863 7
a 253 214 6
a 253 438 6
a 253 988 6
a 254 221 1
a 254 309 3
a 254 378 3
a 255 164 4
a 255 571 2
a 256 951 2
a 257 135 9
a 257 690 2
a 258 95 10
a 259 130 8
a 259 547 2
a 259 912 5
a 259 985 10
a 260 52 3
a 260 575 2
a 261 743 1
a 261 900 2
a 261 948 1
a 262 741 2
a 263 137 2
a 263 329 1
a 263 549 8
a 263 734 5
a 264 75 1
a 264 285 4
a 264 807 6
a 264 835 7
a 265 376 8
a 265 419 2
a 265 984 8
a 266 224 10
a 266 582 10
a 267 144 9
a 267 477 2
a 268 246 1
a 269 355 3
a 270 14 3
a 270 38 2
a 271 592 7
a 272 166 1
a 272 444 10
a 272 606 8
a 273 52 9
a 274 882 7
a 275 194 4
a 275 678 6
a 275 951 6
a 276 115 7
a 277 614 4
a 278 385 8
a 278 705 6
a 278 886 5
a 279 257 7
a 279 797 4
a 280 356 9
a 280 513 5
a 280 965 10
a 281 501 3
a 281 770 8
a 282 226 5
a 282 275 6
a 282 630 8
a 283 746 10
a 284 3 9
a 284 73 7
a 284 465 9
a 285 163 3
a 285 340 8
a 285 953 1
a 286 641 7
a 287 422 4
a 287 881 1
a 288 341 4
a 288 551 4
a 288 697 4
a 289 614 9
a 289 655 3
a 289 785 7
a 290 116 5
a 290 484 4
a 291 121 2
a 291 968 4
a 292 375 7
a 292 437 5
a 292 516 5
a 293 610 10
a 294 362 8
a 294 384 1
a 294 815 3
a 295 984 9
a 296 299 1
a 297 263 6
a 297 729 7
a 298 51 10
a 298 430 9
a 299 413 1
a 299 423 9
a 299 679 6
a 300 165 1
a 300 819 8
a 300 890 8
a 300 921 1
a 301 855 1
a 302 706 4
a 302 737 2
a 302 974 3
a 303 651 7
a 303 735 5
a 304 90 5
a 304 201 3
a 305 328 8
a 305 837 6
a 306 710 4
a 306 812 10
a 307 227 1
a 307 487 1
a 307 860 8
a 307 929 6
a 308 5 6
a 308 318 7
a 309 335 10
a 309 368 7
a 309 892 7
a 310 832 8
a 311 374 8
a 311 615 3
a 312 838 2
a 313 704 7
a 314 943 9
a 315 387 5
a 315 947 7
a 316 898 7
a 317 669 1
a 318 619 1
a 319 284 10
a 319 383 2
a 320 16 5
a 320 877 2
a 320 911 4
a 321 662 1
a 321 761 2
a 322 920 5
a 323 11 4
a 324 789 7
a 325 285 8
a 326 162 1
a 326 485 8
a 326 770 6
a 327 173 4
a 327 395 8
a 327 722 7
a 328 462 7
a 329 224 7
a 329 869 3
a 330 274 4
a 330 490 2
a 330 803 10
a 331 501 4
a 332 292 2
a 333 679 3
a 334 297 2
a 335 422 3
a 336 271 2
a 337 740 7
a 337 788 4
a 338 26 5
a 338 238 5
a 338 587 10
a 339 303 6
a 339 328 5
a 340 72 5
a 340 124 4
a 340 268 5
a 341 230 8
a 341 838 3
a 342 81 6
a 342 538 2
a 342 738 5
a 342 849 8
a 343 218 2
a 343 363 9
a 344 407 2
a 344 439 3
a 345 369 8
a 345 579 1
a 345 702 1
a 345 807 9
a 345 897 9
a 346 219 3
a 346 836 8
a 347 694 8
a 348 7 3
a 348 667 4
a 348 914 7
a 349 834 8
a 350 731 9
a 351 39 7
a 351 656 10
a 351 795 6
a 352 124 2
a 352 268 1
a 353 159 10
a 353 170 5
a 353 359 9
a 353 508 3
a 354 60 6
a 354 256 9
a 354 499 3
a 355 26 6
a 355 356 10
a 356 282 8
a 356 562 6
a 356 603 3
a 357 482 2
a 358 209 3
a 358 272 3
a 359 35 6
a 359 843 2
a 360 517 8
a 360 921 6
a 361 763 1
a 362 610 5
a 363 424 5
a 363 561 4
a 364 493 10
a 365 999 7
a 366 413 7
a 366 502 9
a 366 657 6
a 367 161 10
a 367 524 5
a 367 701 4
a 368 107 9
a 368 334 3
a 369 987 6
a 370 662 10
a 371 44 10
a 372 15 1
a 372 106 4
a 372 935 7
a 373 434 7
a 373 511 10
a 373 730 1
a 374 298 6
a 374 409 5
a 375 499 5
a 376 541 8
a 376 670 4
a 376 945 8
a 377 863 2
a 378 48 1
a 378 913 10
a 379 237 6
a 379 334 7
a 379 846 2
a 379 956 8
a 379 993 9
a 380 68 6
a 380 604 1
a 380 635 8
a 381 751 8
a 381 808 1
a 382 441 8
a 382 510 8
a 382 727 5
a 383 315 8
a 384 94 2
a 384 712 1
a 385 786 1
a 386 261 4
a 386 448 3
a 386 557 5
a 387 461 1
a 387 685 5
a 388 535 9
a 389 74 1
a 390 683 4
a 391 69 2
a 391 196 10
a 391 833 5
a 392 474 6
a 393 104 10
a 394 683 6
a 395 19 1
a 395 22 9
a 395 202 5
a 395 270 4
a 395 299 1
a 395 886 7
a 396 244 2
a 396 891 9
a 397 908 7
a 398 112 10
a 399 251 6
a 399 423 3
a 400 294 10
a 401 922 8
a 401 951 2
a 402 790 5
a 403 162 3
a 403 963 10
a 404 254 9
a 405 100 4
a 405 471 10
a 405 619 3
a 405 973 8
a 406 895 7
a 406 959 10
a 407 109 2
a 407 176 3
a 407 593 7
a 408 821 9
a 408 947 1
a 409 134 4
a 409 616 10
a 410 2 10
a 410 611 4
a 411 56 6
a 412 522 10
a 412 899 5
a 413 601 7
a 413 793 2
a 413 976 1
a 414 425 9
a 414 904 5
a 414 940 6
a 415 297 8
a 415 879 9
a 415 892 6
a 416 410 9
a 417 711 7
a 418 430 1
a 419 129 1
a 419 235 1
a 420 118 4
a 420 449 4
a 420 895 7
a 421 823 10
a 422 55 4
a 423 254 10
a 424 684 9
a 425 222 4
a 425 396 6
a 426 229 8
a 426 281 7
a 426 494 7
a 426 558 2
a 427 735 6
a 427 923 10
a 428 406 3
a 428 864 10
a 429 306 7
a 429 390 6
a 430 33 8
a 430 825 9
a 431 404 7
a 431 440 10
a 431 877 4
a 432 41 9
a 433 109 3
a 433 365 3
a 434 486 8
a 435 757 8
a 436 339 5
a 436 605 6
a 436 622 4
a 437 197 1
a 437 526 3
a 437 717 7
a 438 234 7
a 438 322 8
a 438 415 7
a 438 768 6
a 439 845 2
a 440 93 10
a 440 205 10
a 440 540 2
a 440 936 6
a 441 742 10
a 442 491 10
a 442 672 3
a 443 105 4
a 443 917 3
a 444 364 8
a 444 788 8
a 445 26 9
a 446 824 4
a 446 949 9
a 447 298 3
a 447 388 2
a 448 207 5
a 448 255 9
a 449 361 5
a 449 832 3
a 449 891 3
a 450 194 6
a 450 236 10
a 451 296 1
a 451 402 4
a 451 472 9
a 451 707 3
a 452 42 10
a 452 72 5
a 453 737 10
a 454 895 3
a 455 527 8
a 455 705 8
a 455 817 3
a 456 390 2
a 456 467 1
a 457 132 9
a 458 45 5
a 459 212 7
a 459 240 8
a 459 298 8
a 460 57 6
a 460 890 9
a 461 77 2
a 461 179 4
a 461 494 8
a 462 713 4
a 462 771 10
a 463 248 6
a 463 940 3
a 464 125 7
a 464 243 9
a 465 425 4
a 465 537 6
a 466 727 6
a 467 907 6
a 468 703 9
a 468 986 1
a 469 754 9
a 469 917 3
a 470 232 3
a 470 504 10
a 470 887 10
a 471 347 6
a 472 49 3
a 473 444 7
a 473 578 5
a 473 708 1
a 474 211 6
a 474 842 8
a 475 68 9
a 476 555 6
a 476 558 1
a 477 361 4
a 477 406 7
a 478 141 6
a 478 480 8
a 479 120 2
a 480 520 5
a 481 457 1
a 481 859 3
a 482 822 4
a 483 65 8
a 483 756 6
a 484 258 6
a 485 157 2
a 486 140 10
a 486 536 1
a 487 56 9
a 487 287 10
a 487 298 10
a 488 523 10
a 488 639 1
a 489 686 6
a 490 483 3
a 490 779 6
a 491 55 6
a 492 27 1
a 492 152 6
a 492 280 10
a 492 541 7
a 493 654 4
a 493 823 7
a 494 40 7
a 494 128 4
a 494 237 6
a 494 967 10
a 495 89 10
a 496 734 8
a 497 695 1
a 498 78 1
a 499 131 8
a 499 401 3
a 499 722 8
a 499 972 9
a 500 172 7
a 501 405 7
a 502 374 9
a 502 675 9
a 502 861 6
a 503 268 5
a 503 799 4
a 504 794 5
a 505 846 6
a 506 55 6
a 507 367 6
a 507 665 3
a 508 421 3
a 509 469 6
a 509 749 2
a 509 809 8
a 510 315 8
a 510 505 5
a 510 592 6
a 511 558 8
a 512 477 2
a 513 459 8
a 513 681 9
a 514 391 3
a 514 480 6
a 515 878 5
a 516 232 10
a 516 509 2
a 516 614 8
a 517 366 9
a 518 48 7
a 518 261 2
a 518 877 5
a 519 120 3
a 519 223 7
a 519 463 1
a 520 357 4
a 520 805 3
a 521 568 2
a 521 843 9
a 522 211 3
a 522 695 6
a 523 20 7
a 523 911 2
a 524 41 7
a 524 46 5
a 524 78 2
a 524 107 5
a 524 115 7
a 524 267 4
a 524 780 1
a 525 605 3
a 525 612 9
a 526 311 6
a 526 579 1
a 527 132 9
a 527 220 8
a 528 94 7
a 528 143 7
a 528 608 4
a 529 171 2
a 529 454 9
a 530 153 1
a 530 419 6
a 531 84 6
a 531 826 8
a 532 112 10
a 532 530 4
a 533 298 1
a 534 219 9
a 534 946 5
a 535 199 5
a 535 253 6
a 535 364 1
a 535 525 2
a 536 44 1
a 537 842 2
a 538 154 2
a 538 576 1
a 538 586 8
a 538 934 4
a 538 938 3
a 539 25 10
a 540 284 4
a 541 392 2
a 541 660 10
a 542 36 10
a 542 657 1
a 542 907 3
a 543 156 8
a 543 627 5
a 544 282 10
a 544 362 3
a 544 744 7
a 544 810 7
a 545 730 5
a 545 740 2
a 546 238 1
a 547 248 9
a 547 332 3
a 547 452 1
a 548 252 8
a 548 268 4
a 549 303 4
a 549 539 2
a 550 110 1
a 550 264 9
a 550 931 8
a 550 937 9
a 551 748 6
a 551 883 10
a 551 934 3
a 552 94 6
a 553 671 3
a 553 772 3
a 554 146 10
a 554 619 1
a 554 682 1
a 555 160 4
a 556 664 3
a 556 778 9
a 557 249 9
a 557 691 6
a 557 899 2
a 558 843 2
a 559 871 5
a 560 228 6
a 560 552 7
a 560 595 1
a 561 349 6
a 561 494 4
a 561 766 6
a 562 95 2
a 562 548 4
a 562 771 4
a 563 4 3
a 563 776 1
a 564 451 8
a 564 837 10
a 565 646 3
a 565 822 2
a 565 888 3
a 566 309 10
a 566 425 8
a 567 504 3
a 567 654 5
a 567 948 6
a 568 374 4
a 569 37 2
a 569 244 9
a 569 644 9
a 569 844 1
a 570 293 10
a 570 759 6
a 571 28 7
a 572 438 3
a 572 464 4
a 573 527 10
a 574 144 2
a 574 720 8
a 575 14 2
a 575 716 6
a 576 447 9
a 577 87 7
a 578 472 4
a 578 482 9
a 578 666 5
a 579 177 7
a 579 181 10
a 579 461 9
a 579 573 2
a 580 408 1
a 580 824 8
a 581 391 7
a 581 855 2
a 582 178 9
a 582 894 6
a 583 943 10
a 584 602 5
a 585 370 8
a 585 739 5
a 586 306 9
a 586 391 8
a 587 175 3
a 587 889 1
a 588 565 7
a 589 135 8
a 589 262 9
a 589 672 5
a 589 784 3
a 589 876 9
a 590 648 8
a 591 290 4
a 591 301 5
a 591 801 6
a 591 860 8
a 592 278 3
a 592 975 8
a 592 979 7
a 593 357 4
a 593 823 6
a 594 122 4
a 594 346 10
a 594 626 10
a 594 628 9
a 595 693 3
a 595 834 1
a 595 993 1
a 596 208 10
a 597 235 6
a 597 866 1
a 598 187 2
a 598 539 4
a 599 276 4
a 599 503 6
a 600 96 8
a 600 431 6
a 601 383 8
a 602 398 6
a 603 816 7
a 603 987 4
a 604 528 4
a 604 664 8
a 604 847 8
a 605 111 9
a 605 160 3
a 605 459 5
a 606 204 5
a 606 464 1
a 607 273 1
a 608 911 7
a 608 944 4
a 608 997 9
a 608 1000 1
a 609 720 5
a 609 830 2
a 610 69 4
a 611 329 7
a 612 443 8
a 613 251 4
a 613 596 1
a 614 429 10
a 614 580 7
a 615 761 3
a 616 168 6
a 616 802 3
a 617 292 1
a 618 411 2
a 618 823 10
a 619 306 5
a 620 954 2
a 621 382 9
a 621 925 9
a 622 414 9
a 622 871 2
a 623 834 8
a 624 519 1
a 624 645 4
a 624 653 3
a 624 942 3
a 625 613 9
a 626 614 1
a 626 786 1
a 627 507 1
a 627 709 7
a 627 901 6
a 628 248 8
a 629 65 3
a 629 267 7
a 629 752 4
a 630 108 6
a 630 307 5
a 630 652 1
a 630 871 3
a 631 55 1
a 631 632 3
a 631 747 2
a 632 17 3
a 632 28 9
a 633 636 7
a 633 683 9
a 634 168 2
a 634 354 1
a 634 453 4
a 635 49 1
a 635 623 8
a 636 385 3
a 637 456 9
a 637 466 9
a 638 50 3
a 638 432 5
a 638 520 3
a 638 588 3
a 639 60 5
a 639 751 3
a 639 760 9
a 640 869 6
a 641 178 10
a 641 729 4
a 642 41 10
a 642 932 6
a 643 619 1
a 644 57 3
a 645 828 7
a 646 349 3
a 646 886 7
a 647 115 6
a 648 39 9
a 648 138 10
a 648 761 6
a 648 813 3
a 649 474 7
a 649 812 10
a 650 557 2
a 651 582 5
a 652 581 9
a 653 383 1
a 653 468 4
a 654 114 4
a 654 639 7
a 655 645 8
a 655 714 8
a 656 12 1
a 656 314 8
a 657 43 8
a 657 828 9
a 657 991 7
a 658 707 7
a 659 973 2
a 660 261 6
a 660 379 8
a 660 961 2
a 661 84 3
a 661 455 9
a 661 588 10
a 661 694 7
a 662 228 5
a 662 373 10
a 662 422 9
a 663 873 8
a 664 187 10
a 665 742 6
a 666 679 8
a 666 772 9
a 667 695 7
a 667 829 10
a 668 13 7
a 668 518 2
a 668 921 3
a 669 798 2
a 669 840 2
a 670 444 4
a 671 437 5
a 672 446 4
a 672 573 1
a 672 613 1
a 673 634 10
a 673 639 9
a 674 782 4
a 675 814 5
a 676 940 7
a 677 734 10
a 677 875 2
a 678 605 7
a 679 82 7
a 679 155 4
a 680 981 7
a 681 128 8
a 681 200 2
a 682 12 5
a 682 226 4
a 682 887 2
a 683 81 3
a 684 323 2
a 685 412 6
a 685 885 5
a 686 880 8
a 687 674 10
a 688 126 2
a 689 380 4
a 689 416 10
a 690 335 1
a 691 994 9
a 692 34 2
a 692 124 3
a 693 185 4
a 693 580 10
a 693 980 2
a 694 26 7
a 695 74 3
a 696 196 2
a 696 242 3
a 697 206 8
a 698 119 3
a 698 180 8
a 699 541 5
a 700 991 4
a 701 549 7
a 702 95 3
a 702 113 4
a 702 380 2
a 702 427 4
a 702 531 9
a 703 581 2
a 704 23 8
a 704 300 2
a 704 933 3
a 705 201 9
a 705 600 7
a 705 871 5
a 706 192 10
a 706 253 8
a 707 275 10
a 708 699 3
a 709 490 10
a 709 581 7
a 710 547 1
a 711 230 7
a 712 80 6
a 712 746 10
a 713 71 7
a 713 237 7
a 714 584 10
a 715 82 10
a 715 776 4
a 716 620 10
a 717 313 10
a 718 66 6
a 718 456 4
a 719 452 8
a 719 633 6
a 719 903 9
a 720 702 5
a 721 963 3
a 722 372 5
a 722 829 7
a 723 39 5
a 724 270 9
a 724 917 3
a 725 55 10
a 725 126 8
a 725 820 8
a 726 155 10
a 726 597 6
a 727 87 5
a 727 900 9
a 728 158 10
a 729 552 9
a 730 149 9
a 730 865 7
a 731 570 1
a 732 6 5
a 732 321 2
a 732 326 5
a 733 826 4
a 734 468 4
a 734 994 1
a 735 524 4
a 736 801 9
a 737 269 10
a 737 905 2
a 738 29 10
a 738 135 10
a 739 796 5
a 740 351 3
a 740 558 9
a 741 88 2
a 741 775 4
a 742 869 9
a 743 239 7
a 743 344 9
a 743 604 10
a 744 36 5
a 744 61 2
a 744 481 5
a 744 626 10
a 745 794 6
a 746 813 7
a 747 593 9
a 748 581 6
a 748 828 1
a 748 859 9
a 749 125 4
a 749 242 4
a 750 798 1
a 750 803 8
a 751 255 2
a 751 839 1
a 751 949 6
a 752 246 7
a 752 701 7
a 752 705 8
a 752 836 1
a 752 909 5
a 753 130 4
a 753 566 8
a 753 793 2
a 754 32 8
a 755 762 2
a 756 10 8
a 756 131 1
a 756 750 3
a 757 276 4
a 757 295 1
a 757 794 1
a 758 118 3
a 759 149 2
a 759 232 2
a 759 308 6
a 759 460 7
a 760 243 2
a 761 285 1
a 761 456 8
a 761 559 2
a 761 930 9
a 762 342 7
a 762 533 10
a 763 348 7
a 763 523 2
a 764 250 1
a 764 575 5
a 765 261 3
a 766 745 5
a 767 650 9
a 767 902 2
a 768 175 1
a 768 872 2
a 769 556 10
a 769 640 1
a 769 652 2
a 770 389 1
a 770 720 10
a 771 655 3
a 772 337 2
a 772 656 7
a 773 157 8
a 773 402 8
a 774 258 10
a 774 346 3
a 774 445 3
a 774 653 8
a 775 489 6
a 775 695 7
a 775 837 6
a 776 634 1
a 777 108 7
a 777 774 10
a 778 438 9
a 778 591 5
a 778 923 9
a 779 61 8
a 779 584 4
a 779 853 8
a 779 908 5
a 780 198 10
a 780 700 1
a 781 67 10
a 782 319 1
a 782 521 5
a 782 943 2
a 782 983 3
a 783 429 7
a 783 530 5
a 784 452 5
a 785 172 8
a 785 458 10
a 786 554 9
a 786 563 1
a 787 439 4
a 787 777 9
a 787 966 2
a 788 487 1
a 788 680 1
a 789 396 10
a 790 76 8
a 790 593 9
a 791 837 10
a 792 401 7
a 792 612 9
a 793 89 6
a 793 580 4
a 793 623 10
a 793 639 7
a 793 676 4
a 794 341 10
a 795 400 10
a 796 124 10
a 796 318 9
a 796 668 4
a 797 954 8
a 798 859 8
a 799 373 8
a 799 734 2
a 800 194 8
a 801 127 4
a 801 263 10
a 801 336 5
a 801 928 4
a 802 551 9
a 802 808 8
a 803 84 6
a 803 960 6
a 804 646 8
a 804 649 1
a 804 718 10
a 805 177 5
a 806 433 6
a 806 503 2
a 806 677 4
a 807 122 4
a 808 113 1
a 808 698 8
a 808 917 2
a 809 538 10
a 810 853 8
a 811 344 5
a 811 782 3
a 812 40 5
a 813 812 7
a 814 129 7
a 814 138 1
a 814 443 1
a 814 476 9
a 815 381 10
a 815 461 8
a 815 926 8
a 816 147 8
a 816 233 1
a 816 297 3
a 817 468 1
a 817 718 9
a 817 783 10
a 818 549 10
a 818 763 10
a 819 178 7
a 820 533 1
a 820 764 10
a 821 16 6
a 822 184 3
a 822 563 8
a 822 812 10
a 823 473 10
a 823 510 5
a 823 543 1
a 823 827 4
a 824 11 1
a 824 819 6
a 825 421 6
a 825 661 8
a 826 182 9
a 826 333 2
a 827 25 4
a 827 315 5
a 828 376 8
a 828 658 2
a 829 310 7
a 829 868 4
a 830 164 5
a 830 260 10
a 830 816 6
a 830 949 5
a 831 400 8
a 831 426 10
a 831 560 9
a 831 732 10
a 832 59 9
a 832 330 5
a 833 8 10
a 833 113 3
a 834 433 3
a 834 436 3
a 834 583 10
a 835 32 3
a 835 839 2
a 836 195 1
a 836 503 8
a 836 848 6
a 836 904 9
a 837 375 8
a 838 206 9
a 838 225 7
a 838 753 8
a 839 47 2
a 839 654 1
a 839 703 9
a 840 13 9
a 840 144 5
a 840 425 9
a 841 311 9
a 841 411 7
a 841 805 6
a 842 8 7
a 843 123 3
a 843 589 5
a 844 570 9
a 844 917 3
a 845 499 8
a 845 736 5
a 845 781 6
a 846 63 9
a 847 691 1
a 848 220 7
a 848 662 1
a 849 223 5
a 849 958 4
a 850 53 5
a 850 881 2
a 850 978 2
a 851 111 7
a 851 542 6
a 852 729 5
a 853 38 4
a 853 875 3
a 853 885 6
a 853 915 6
a 854 455 6
a 854 728 5
a 855 410 4
a 855 674 6
a 856 145 9
a 856 426 7
a 857 315 2
a 858 615 9
a 858 655 9
a 859 304 1
a 859 973 7
a 860 820 7
a 861 357 2
a 861 602 5
a 862 749 1
a 863 122 1
a 864 209 4
a 865 107 8
a 866 571 3
a 866 594 10
a 867 58 5
a 867 168 9
a 868 299 3
a 868 479 10
a 868 773 2
a 869 540 4
a 869 789 5
a 869 834 6
a 869 841 5
a 870 331 2
a 870 809 4
a 871 16 4
a 871 808 10
a 872 478 7
a 872 620 10
a 872 725 9
a 873 609 3
a 874 540 6
a 875 358 6
a 875 419 8
a 876 65 6
a 877 586 3
a 878 844 5
a 879 825 7
a 880 358 9
a 880 812 7
a 880 862 4
a 880 878 5
a 880 982 9
a 881 76 2
a 882 443 10
a 883 15 9
a 883 313 2
a 883 906 4
a 884 654 6
a 885 813 5
a 885 955 6
a 886 33 5
a 886 98 2
a 886 121 1
a 887 324 4
a 887 742 3
a 887 840 6
a 888 99 4
a 888 630 10
a 889 522 9
a 890 480 9
a 891 462 7
a 891 514 7
a 892 883 4
a 893 654 10
a 894 666 10
a 895 969 9
a 896 323 2
a 896 410 2
a 897 174 10
a 898 233 9
a 898 535 10
a 898 582 6
a 898 920 2
a 898 998 5
a 899 927 7
a 900 506 4
a 900 902 8
a 901 388 8
a 901 589 1
a 902 769 10
a 903 766 7
a 904 338 7
a 904 684 6
a 904 736 1
a 905 608 9
a 906 18 3
a 906 271 10
a 906 428 9
a 906 881 10
a 907 21 5
a 907 163 5
a 908 311 5
a 908 884 7
a 909 217 8
a 909 272 2
a 910 304 1
a 911 230 8
a 911 473 6
a 912 533 10
a 913 14 9
a 914 150 1
a 914 272 9
a 914 647 4
a 915 282 8
a 915 505 3
a 915 749 5
a 915 856 9
a 916 62 9
a 917 933 8
a 918 291 5
a 919 350 8
a 919 860 9
a 920 544 1
a 921 262 6
a 922 324 2
a 923 18 5
a 923 939 6
a 924 31 7
a 925 247 1
a 925 677 8
a 926 577 2
a 926 591 8
a 927 362 9
a 928 486 9
a 929 133 3
a 929 506 9
a 929 621 10
a 929 733 8
a 930 254 7
a 930 984 10
a 931 351 9
a 932 792 9
a 933 444 8
a 933 775 10
a 933 796 1
a 933 867 3
a 934 60 4
a 934 533 5
a 935 190 9
a 936 492 5
a 936 588 4
a 937 591 3
a 938 266 3
a 938 585 3
a 938 759 7
a 938 880 2
a 939 401 5
a 939 857 10
a 940 899 6
a 941 811 6
a 942 151 8
a 942 179 5
a 942 767 10
a 943 179 3
a 943 631 1
a 944 190 8
a 944 498 1
a 945 282 5
a 945 924 2
a 946 971 1
a 947 903 7
a 948 44 6
a 948 683 4
a 949 802 5
a 949 872 9
a 950 318 10
a 950 971 5
a 951 361 7
a 951 641 8
a 952 498 10
a 952 507 9
a 953 199 3
a 953 215 2
a 953 317 5
a 954 205 1
a 955 126 9
a 956 467 1
a 956 753 7
a 957 954 4
a 958 117 8
a 959 673 7
a 959 704 3
a 959 845 10
a 960 23 10
a 960 662 6
a 961 234 7
a 961 527 1
a 962 118 8
a 962 941 3
a 963 864 6
a 963 910 9
a 964 483 10
a 964 992 3
a 965 79 7
a 965 589 4
a 966 836 10
a 967 104 10
a 967 398 3
a 968 236 2
a 969 73 4
a 969 590 7
a 969 636 2
a 969 769 6
a 970 299 10
a 970 616 6
a 971 65 5
a 971 486 1
a 971 739 7
a 971 916 7
a 972 405 5
a 972 925 5
a 973 959 9
a 974 55 6
a 975 503 10
a 975 624 6
a 975 806 1
a 975 859 5
a 976 677 6
a 977 823 8
a 978 469 4
a 979 259 3
a 979 518 8
a 980 74 3
a 980 619 8
a 980 831 3
a 981 232 6
a 982 101 8
a 982 325 9
a 982 574 8
a 982 747 1
a 983 550 10
a 983 800 10
a 984 51 2
a 984 97 4
a 985 534 5
a 985 939 8
a 985 952 1
a 986 369 10
a 986 648 9
a 987 690 5
a 987 723 7
a 987 870 4
a 987 995 1
a 988 122 1
a 988 279 8
a 988 629 9
a 988 962 4
a 989 684 9
a 990 427 5
a 990 978 6
a 991 969 5
a 992 679 8
a 993 62 6
a 993 332 1
a 993 686 10
a 994 315 5
a 995 885 7
a 996 331 4
a 997 439 9
a 997 565 10
a 997 680 3
a 998 186 7
a 998 834 10
a 999 180 5
