p max 100 200
n 1 s
n 100 t
a 1 37 5
a 1 62 10
a 2 60 10
a 2 68 6
a 3 24 2
a 3 69 6
a 4 44 9
a 4 49 2
a 5 93 1
a 6 84 10
a 7 3 6
a 7 6 7
a 8 10 1
a 9 14 3
a 9 72 9
a 10 12 9
a 10 19 4
a 10 92 1
a 11 7 2
a 11 30 3
a 11 33 7
a 11 34 10
a 11 59 3
a 11 65 5
a 12 32 10
a 12 62 2
a 13 22 7
a 13 60 5
a 14 16 5
a 14 64 8
a 15 71 4
a 15 77 6
a 15 100 4
a 16 36 2
a 16 45 3
a 16 55 10
a 17 10 1
a 18 4 9
a 19 62 3
a 20 83 1
a 21 69 8
a 21 73 2
a 22 15 1
a 22 47 6
a 22 80 7
a 23 52 6
a 23 89 6
a 24 11 2
a 24 27 6
a 25 85 9
a 26 21 8
a 26 91 6
a 27 18 7
a 27 23 9
a 27 40 3
a 28 15 10
a 28 87 10
a 28 97 6
a 29 38 7
a 30 65 8
a 30 72 9
a 30 85 2
a 30 97 2
a 30 99 4
a 31 41 7
a 32 86 6
a 33 66 6
a 34 91 10
a 35 3 6
a 35 28 6
a 35 49 3
a 36 42 5
a 36 89 3
a 37 8 9
a 38 63 10
a 38 93 3
a 38 95 7
a 39 26 1
a 39 66 9
a 40 100 3
a 41 11 10
a 42 18 2
a 43 21 9
a 43 41 10
a 43 73 1
a 44 26 2
a 45 48 5
a 46 96 6
a 47 9 9
a 47 12 7
a 48 4 9
a 49 55 5
a 50 17 2
a 50 31 8
a 50 35 7
a 50 100 5
a 51 33 1
a 51 52 3
a 52 62 5
a 53 72 7
a 54 36 5
a 54 50 10
a 54 56 6
a 54 93 6
a 55 6 3
a 55 83 8
a 56 14 7
a 56 98 7
a 57 66 6
a 58 32 8
a 58 53 9
a 58 57 9
a 59 23 8
a 59 42 6
a 59 65 2
a 59 68 7
a 59 70 5
a 60 94 5
a 61 66 9
a 61 92 3
a 62 2 8
a 62 51 8
a 62 76 8
a 63 47 9
a 64 84 3
a 64 97 3
a 65 25 8
a 65 35 1
a 65 44 5
a 66 74 4
a 66 76 9
a 66 79 1
a 66 96 8
a 67 46 3
a 67 69 4
a 68 89 1
a 68 94 4
a 69 33 8
a 69 82 1
a 70 2 1
a 70 44 1
a 71 24 2
a 71 72 8
a 72 8 3
a 73 8 3
a 73 37 4
a 74 69 10
a 74 94 6
a 75 35 4
a 76 19 1
a 76 27 1
a 77 49 9
a 78 5 5
a 78 32 10
a 78 58 6
a 78 86 2
a 79 6 9
a 80 20 4
a 80 75 4
a 80 96 9
a 81 70 2
a 82 16 10
a 82 45 8
a 82 88 7
a 83 52 3
a 84 96 4
a 85 10 4
a 85 64 3
a 86 41 10
a 87 4 9
a 87 48 8
a 88 35 1
a 88 38 5
a 88 77 9
a 89 77 8
a 90 5 3
a 90 40 2
a 90 67 4
a 91 97 4
a 92 64 5
a 92 81 6
a 92 89 1
a 93 89 7
a 93 90 3
a 94 4 1
a 94 36 9
a 94 78 10
a 95 13 2
a 95 28 4
a 95 43 2
a 96 70 2
a 96 99 5
a 97 81 7
a 98 26 10
a 98 38 6
a 98 39 5
a 99 29 9
a 99 54 3
a 99 61 7
a 99 63 1
