p max 1000 2000
n 1 s
n 1000 t
a 1 10 2
a 1 158 6
a 1 957 7
a 2 397 9
a 2 457 8
a 3 486 5
a 3 605 10
a 4 127 6
a 4 261 4
a 4 344 7
a 5 470 5
a 6 905 7
a 7 174 2
a 8 405 4
a 9 198 3
a 9 423 6
a 10 39 10
a 10 108 6
a 10 514 6
a 10 808 1
a 11 721 6
a 12 175 7
a 12 537 8
a 13 839 5
a 14 61 5
a 14 954 6
a 15 389 3
a 15 795 6
a 15 865 6
a 15 889 9
a 16 267 1
a 16 382 1
a 16 671 5
a 17 81 6
a 17 250 6
a 17 314 7
a 18 817 5
a 19 531 7
a 19 603 6
a 19 640 1
a 20 281 5
a 21 142 3
a 21 478 10
a 22 833 7
a 22 928 10
a 23 404 1
a 23 627 9
a 24 554 1
a 24 707 5
a 25 8 5
a 25 114 3
a 25 391 5
a 26 208 1
a 26 512 10
a 27 218 8
a 27 336 2
a 27 528 8
a 28 128 6
a 29 348 8
a 29 399 9
a 30 950 2
a 31 41 8
a 31 876 8
a 32 3 8
a 32 922 3
a 32 965 3
a 33 162 9
a 33 563 10
a 33 885 8
a 34 125 7
a 34 387 7
a 34 592 6
a 35 309 10
a 36 743 4
a 37 276 7
a 37 949 9
a 38 229 8
a 38 412 5
a 38 660 10
a 39 655 3
a 40 216 9
a 40 231 3
a 40 561 2
a 41 929 1
a 42 74 10
a 43 24 3
a 43 643 2
a 44 725 2
a 45 19 8
a 45 384 2
a 45 417 3
a 46 86 9
a 47 76 2
a 48 453 2
a 48 576 4
a 49 318 7
a 50 288 8
a 50 784 6
a 50 921 9
a 51 622 10
a 52 704 5
a 52 917 5
a 53 677 9
a 54 304 1
a 54 545 10
a 54 728 7
a 55 291 3
a 55 691 7
a 56 921 2
a 57 624 2
a 57 729 1
a 58 196 9
a 58 485 7
a 58 938 3
a 59 726 10
a 60 219 9
a 60 650 8
a 60 983 8
a 61 121 3
a 62 215 1
a 63 555 4
a 63 820 5
a 63 838 10
a 64 325 2
a 64 756 1
a 64 813 2
a 64 834 3
a 65 83 1
a 65 120 4
a 65 438 7
a 66 167 10
a 67 448 7
a 68 211 1
a 68 313 4
a 68 580 5
a 69 347 7
a 70 293 3
a 71 537 1
a 72 458 8
a 73 270 2
a 73 322 10
a 74 179 10
a 74 213 7
a 75 241 3
a 75 380 7
a 75 554 7
a 75 883 9
a 75 962 8
a 76 6 6
a 76 168 10
a 76 619 4
a 76 897 7
a 77 472 9
a 78 149 5
a 78 440 4
a 78 468 6
a 79 710 7
a 80 632 8
a 81 486 7
a 81 509 5
a 82 598 7
a 82 629 8
a 83 480 10
a 84 361 1
a 84 501 1
a 84 715 7
a 84 721 10
a 85 318 1
a 85 806 2
a 85 909 2
a 86 482 2
a 86 522 4
a 86 785 10
a 87 94 3
a 87 349 9
a 87 550 4
a 87 593 8
a 87 661 1
a 87 781 9
a 87 817 1
a 88 340 7
a 88 362 1
a 88 429 4
a 89 25 10
a 89 782 5
a 90 746 10
a 91 599 6
a 91 711 5
a 91 764 4
a 92 157 4
a 92 541 4
a 92 863 2
a 93 193 3
a 93 451 9
a 94 496 6
a 95 218 9
a 96 297 8
a 97 252 6
a 97 973 6
a 98 544 3
a 98 730 10
a 99 119 6
a 99 450 9
a 100 293 4
a 100 950 10
a 101 198 3
a 102 50 8
a 103 26 5
a 103 269 5
a 104 524 7
a 104 704 5
a 104 861 8
a 105 526 4
a 106 131 9
a 106 603 3
a 107 892 8
a 107 905 8
a 108 972 2
a 109 236 10
a 109 455 3
a 110 174 7
a 110 446 10
a 111 461 2
a 112 750 1
a 113 895 8
a 114 150 2
a 114 782 3
a 115 276 5
a 116 626 10
a 117 152 4
a 118 723 6
a 119 150 10
a 119 319 4
a 119 498 10
a 120 67 10
a 121 99 1
a 122 37 9
a 122 685 2
a 123 226 1
a 124 350 8
a 124 819 3
a 125 333 1
a 125 586 7
a 125 633 9
a 126 473 2
a 127 112 2
a 127 663 7
a 128 203 2
a 128 701 3
a 128 907 1
a 129 463 10
a 129 747 6
a 130 321 3
a 130 878 5
a 131 349 7
a 132 194 1
a 132 713 6
a 133 735 5
a 133 741 7
a 134 54 1
a 134 117 6
a 134 392 3
a 134 568 7
a 135 884 1
a 135 989 5
a 136 801 1
a 137 201 3
a 138 581 5
a 139 124 9
a 140 804 5
a 140 858 9
a 140 919 6
a 140 984 5
a 141 954 9
a 142 519 7
a 142 591 7
a 143 256 9
a 143 963 5
a 144 110 2
a 144 286 6
a 145 474 7
a 145 496 9
a 146 92 4
a 147 214 1
a 147 507 6
a 148 20 7
a 148 535 5
a 148 607 5
a 148 840 3
a 149 157 9
a 149 837 10
a 150 112 6
a 151 915 4
a 152 13 7
a 152 274 2
a 152 598 6
a 153 5 5
a 153 812 5
a 154 985 5
a 155 36 5
a 155 300 4
a 155 367 4
a 155 377 3
a 155 816 4
a 156 238 7
a 156 394 9
a 156 916 6
a 157 112 1
a 157 664 5
a 158 504 9
a 158 543 5
a 158 789 6
a 159 59 3
a 159 83 6
a 159 163 7
a 159 519 3
a 159 634 9
a 160 129 3
a 161 371 6
a 162 39 4
a 162 577 3
a 162 639 3
a 162 697 2
a 162 860 4
a 163 44 5
a 163 330 5
a 164 565 7
a 164 642 4
a 164 737 6
a 164 911 4
a 165 33 6
a 165 614 1
a 166 64 6
a 166 596 2
a 167 104 4
a 167 687 8
a 167 788 3
a 168 663 1
a 168 910 2
a 168 951 7
a 169 460 3
a 169 616 4
a 170 654 10
a 170 853 6
a 171 332 7
a 171 458 9
a 171 838 1
a 172 503 10
a 172 803 9
a 172 809 9
a 173 770 6
a 173 979 10
a 174 51 4
a 174 241 5
a 175 30 2
a 175 759 1
a 176 417 4
a 176 930 7
a 177 819 9
a 178 200 4
a 179 270 10
a 179 637 1
a 179 896 1
a 180 838 4
a 181 373 4
a 181 839 4
a 181 877 5
a 182 174 5
a 182 831 10
a 183 881 8
a 184 777 9
a 185 65 9
a 186 638 5
a 186 668 4
a 186 846 8
a 187 677 6
a 188 843 6
a 189 79 1
a 189 846 2
a 190 118 9
a 190 387 3
a 190 536 9
a 190 822 9
a 191 211 1
a 192 404 10
a 192 602 5
a 192 665 2
a 192 978 6
a 193 667 3
a 194 360 10
a 194 390 10
a 194 465 10
a 195 90 7
a 196 379 7
a 196 705 3
a 197 516 5
a 198 22 7
a 198 79 2
a 198 269 1
a 198 719 2
a 198 723 2
a 199 13 6
a 199 575 8
a 200 119 1
a 200 239 2
a 201 751 5
a 201 968 8
a 202 23 8
a 202 80 10
a 202 430 2
a 203 62 3
a 203 301 7
a 203 355 8
a 203 691 7
a 203 769 1
a 204 632 3
a 205 802 10
a 205 969 7
a 206 259 3
a 206 263 4
a 207 434 1
a 207 437 10
a 208 153 8
a 208 339 3
a 209 144 4
a 209 325 5
a 209 754 4
a 210 287 6
a 210 458 9
a 211 380 9
a 211 692 8
a 212 60 4
a 212 92 10
a 212 549 7
a 212 712 4
a 212 735 5
a 212 839 2
a 213 517 2
a 214 216 2
a 214 407 2
a 214 572 8
a 215 510 10
a 215 846 8
a 216 518 6
a 216 902 8
a 217 791 10
a 217 923 6
a 218 55 8
a 219 642 5
a 220 74 2
a 220 145 3
a 220 168 10
a 220 667 7
a 221 657 2
a 222 9 5
a 223 358 2
a 224 216 5
a 224 283 3
a 224 564 3
a 224 811 5
a 225 148 7
a 225 341 10
a 225 383 1
a 226 349 7
a 227 265 6
a 228 180 2
a 228 511 4
a 228 653 10
a 229 187 9
a 229 683 10
a 229 731 5
a 230 618 2
a 231 472 5
a 231 489 2
a 232 408 3
a 232 980 8
a 233 156 8
a 233 452 3
a 233 683 7
a 234 308 10
a 235 675 5
a 235 981 4
a 236 128 3
a 236 990 1
a 237 179 1
a 237 198 4
a 238 938 3
a 239 794 4
a 239 972 7
a 240 92 4
a 241 984 8
a 242 845 9
a 243 232 7
a 243 395 9
a 244 264 4
a 245 853 2
a 246 32 2
a 246 112 7
a 247 142 1
a 247 852 1
a 248 511 3
a 249 701 8
a 250 265 7
a 250 331 5
a 251 843 3
a 252 502 10
a 253 828 1
a 254 453 10
a 254 601 6
a 255 589 4
a 255 744 5
a 256 157 4
a 257 786 2
a 257 891 3
a 258 120 8
a 259 603 6
a 260 68 7
a 260 428 2
a 260 433 8
a 260 835 3
a 261 469 10
a 262 78 9
a 262 677 2
a 263 249 5
a 263 678 5
a 264 436 2
a 265 796 8
a 266 278 3
a 266 572 1
a 267 21 6
a 267 55 5
a 268 301 1
a 268 526 7
a 269 183 5
a 269 235 9
a 270 65 4
a 270 1000 10
a 271 418 4
a 271 613 2
a 271 825 4
a 272 810 5
a 273 423 2
a 273 949 8
a 274 606 1
a 274 771 7
a 275 536 9
a 275 947 8
a 276 607 2
a 276 611 6
a 277 244 5
a 277 608 2
a 277 946 10
a 278 160 10
a 278 632 1
a 279 211 7
a 280 363 4
a 280 495 2
a 280 735 4
a 281 628 4
a 281 764 7
a 281 793 7
a 282 166 9
a 282 578 3
a 283 84 8
a 283 192 9
a 283 810 2
a 284 161 2
a 284 313 5
a 284 636 1
a 285 726 5
a 286 505 8
a 287 299 6
a 287 454 6
a 288 539 7
a 288 869 2
a 289 102 7
a 290 49 1
a 290 928 6
a 291 184 6
a 291 696 9
a 291 929 8
a 291 991 2
a 292 16 6
a 292 187 1
a 292 892 10
a 293 124 4
a 293 204 2
a 294 69 1
a 294 267 1
a 294 867 5
a 295 251 8
a 295 262 1
a 295 306 6
a 296 320 3
a 296 489 7
a 297 130 8
a 297 807 10
a 297 971 7
a 298 130 6
a 298 657 4
a 298 705 1
a 299 141 10
a 300 147 5
a 300 662 9
a 300 903 8
a 301 435 4
a 302 441 1
a 302 877 6
a 303 271 9
a 304 645 1
a 304 733 5
a 304 797 3
a 305 111 10
a 305 505 9
a 305 912 5
a 306 533 2
a 306 742 4
a 306 833 7
a 307 85 8
a 307 532 5
a 307 697 3
a 308 667 8
a 309 136 2
a 309 207 8
a 310 738 5
a 311 75 3
a 311 836 5
a 312 37 4
a 312 122 2
a 312 882 1
a 313 881 10
a 313 934 9
a 314 612 8
a 315 799 8
a 316 26 2
a 316 113 4
a 316 444 1
a 317 944 2
a 318 69 4
a 318 294 9
a 319 766 3
a 319 958 7
a 320 753 3
a 321 655 7
a 322 90 2
a 322 967 4
a 323 474 9
a 323 760 9
a 324 289 10
a 324 354 5
a 324 385 2
a 324 419 8
a 324 450 5
a 324 914 9
a 325 37 10
a 325 78 1
a 325 582 7
a 326 442 8
a 326 963 10
a 327 170 7
a 327 213 3
a 327 925 6
a 328 727 10
a 328 734 2
a 329 42 10
a 329 225 8
a 329 718 10
a 330 592 4
a 330 676 7
a 331 52 7
a 331 240 3
a 331 256 10
a 331 274 1
a 332 151 8
a 332 401 5
a 332 646 4
a 333 490 8
a 333 641 3
a 333 652 1
a 333 972 7
a 334 205 5
a 334 661 6
a 335 166 4
a 335 890 4
a 336 836 5
a 337 392 5
a 337 576 8
a 337 801 5
a 338 770 5
a 339 270 9
a 339 280 10
a 340 375 1
a 341 264 7
a 341 982 8
a 342 716 9
a 343 809 1
a 344 939 8
a 345 253 9
a 345 389 9
a 346 129 3
a 347 71 4
a 348 3 7
a 348 356 2
a 349 948 1
a 349 980 7
a 350 109 6
a 350 339 1
a 351 224 4
a 352 732 8
a 353 77 5
a 353 908 10
a 354 607 8
a 355 470 3
a 356 472 2
a 356 888 9
a 356 930 5
a 356 995 7
a 357 61 2
a 357 370 6
a 357 907 6
a 358 395 6
a 358 565 5
a 359 89 7
a 359 267 8
a 359 783 9
a 360 531 10
a 361 75 7
a 361 744 10
a 362 189 3
a 362 405 2
a 362 762 5
a 362 826 5
a 363 189 7
a 364 405 1
a 365 481 1
a 365 799 8
a 366 470 7
a 366 615 9
a 367 474 3
a 368 827 7
a 369 217 5
a 369 386 10
a 369 985 10
a 370 305 6
a 370 812 4
a 371 422 3
a 371 462 2
a 372 239 2
a 373 481 5
a 373 771 5
a 373 940 8
a 374 492 4
a 374 679 10
a 374 847 6
a 375 983 5
a 376 408 3
a 377 100 4
a 378 58 2
a 378 335 3
a 379 152 5
a 380 534 5
a 380 622 2
a 381 87 6
a 382 91 10
a 382 251 4
a 383 129 8
a 383 751 1
a 383 816 3
a 384 494 4
a 384 635 7
a 384 941 1
a 385 309 2
a 385 365 2
a 385 716 8
a 386 258 8
a 386 556 3
a 386 708 10
a 387 947 3
a 387 974 5
a 388 524 6
a 388 588 7
a 388 947 1
a 389 644 2
a 389 717 2
a 389 718 1
a 390 356 5
a 391 775 9
a 391 841 6
a 392 32 1
a 393 27 6
a 393 257 6
a 393 691 3
a 394 479 1
a 394 543 1
a 395 963 6
a 396 271 3
a 396 494 6
a 397 462 4
a 397 538 8
a 398 235 9
a 399 959 9
a 400 206 10
a 400 290 7
a 401 775 8
a 401 798 6
a 402 740 2
a 402 813 3
a 403 908 2
a 404 133 5
a 404 276 9
a 405 871 8
a 406 552 1
a 407 83 1
a 407 412 1
a 407 471 4
a 408 28 6
a 408 682 3
a 409 563 3
a 410 683 6
a 410 818 8
a 411 553 1
a 411 640 7
a 411 748 9
a 412 67 10
a 412 111 2
a 412 695 8
a 413 209 8
a 413 259 1
a 414 199 7
a 414 279 1
a 414 812 6
a 415 978 7
a 416 578 9
a 417 796 8
a 418 700 10
a 419 65 8
a 419 548 10
a 419 702 2
a 420 112 6
a 420 732 6
a 421 201 7
a 421 546 3
a 421 571 5
a 421 974 7
a 422 210 2
a 423 427 5
a 423 556 4
a 424 328 6
a 424 402 7
a 425 26 3
a 426 727 2
a 426 823 8
a 427 191 1
a 427 316 9
a 427 722 10
a 427 738 10
a 428 716 6
a 428 913 7
a 429 491 10
a 429 657 10
a 430 902 4
a 431 342 5
a 431 557 1
a 431 686 10
a 432 96 4
a 432 177 3
a 433 700 3
a 434 378 4
a 434 958 5
a 435 682 2
a 435 750 7
a 435 959 1
a 436 764 2
a 436 961 3
a 437 128 6
a 437 432 9
a 438 36 10
a 438 95 7
a 439 947 2
a 440 833 6
a 441 412 10
a 442 953 5
a 443 137 9
a 443 852 7
a 443 970 3
a 444 76 9
a 445 372 10
a 445 787 4
a 446 219 5
a 446 409 9
a 446 540 6
a 446 754 8
a 447 211 3
a 448 289 8
a 448 500 3
a 449 35 10
a 450 309 2
a 450 926 7
a 451 91 1
a 451 774 3
a 452 164 10
a 452 673 8
a 452 963 7
a 452 995 9
a 453 504 7
a 453 520 5
a 453 845 5
a 454 59 2
a 454 409 8
a 455 70 8
a 455 810 3
a 456 402 5
a 456 720 6
a 457 139 7
a 457 143 4
a 458 63 7
a 458 914 8
a 458 985 7
a 459 69 7
a 459 523 10
a 459 527 5
a 459 551 5
a 459 800 8
a 459 866 9
a 459 875 1
a 459 958 8
a 460 372 1
a 460 898 1
a 461 93 7
a 461 198 6
a 461 570 10
a 461 981 9
a 462 156 8
a 462 393 2
a 462 575 4
a 463 396 2
a 463 612 1
a 463 651 10
a 463 738 10
a 464 912 9
a 465 172 3
a 465 307 4
a 466 97 6
a 466 621 1
a 467 493 8
a 467 842 7
a 468 451 4
a 468 461 6
a 469 920 1
a 470 281 2
a 470 714 1
a 470 926 3
a 471 612 10
a 472 560 9
a 472 993 6
a 473 616 10
a 474 497 5
a 474 661 1
a 474 684 9
a 475 320 6
a 475 534 7
a 476 786 3
a 476 848 7
a 476 962 9
a 477 329 6
a 477 571 3
a 477 672 3
a 478 336 6
a 478 959 6
a 479 467 7
a 480 11 3
a 480 144 6
a 481 694 2
a 482 823 5
a 483 225 5
a 483 640 8
a 483 857 6
a 484 160 9
a 484 666 5
a 485 891 4
a 485 912 6
a 486 854 9
a 487 167 7
a 487 552 2
a 487 821 2
a 488 82 7
a 488 422 3
a 488 784 10
a 489 121 8
a 489 146 4
a 489 584 1
a 490 733 9
a 490 755 7
a 490 977 2
a 491 123 10
a 491 256 1
a 492 415 6
a 492 577 8
a 493 302 9
a 493 566 4
a 493 594 3
a 494 211 1
a 494 435 6
a 495 358 10
a 495 719 10
a 495 745 7
a 496 906 3
a 497 566 7
a 497 930 4
a 498 554 5
a 498 658 5
a 499 125 6
a 499 307 10
a 500 888 10
a 501 237 3
a 501 467 4
a 502 53 2
a 502 937 8
a 503 664 10
a 504 322 3
a 504 467 5
a 505 857 8
a 506 770 5
a 506 932 5
a 507 915 4
a 508 111 1
a 508 311 7
a 509 588 1
a 510 895 4
a 511 282 2
a 511 997 8
a 512 357 3
a 512 451 8
a 512 476 2
a 512 748 10
a 513 638 6
a 514 628 8
a 514 646 2
a 514 709 1
a 514 956 5
a 515 362 4
a 515 573 10
a 515 787 3
a 516 128 1
a 516 370 6
a 517 161 9
a 517 870 8
a 517 927 8
a 518 601 1
a 519 129 9
a 520 50 7
a 520 108 1
a 520 128 7
a 521 867 10
a 522 709 1
a 523 5 5
a 523 422 6
a 523 988 9
a 524 358 7
a 524 704 6
a 524 821 2
a 525 52 10
a 526 862 1
a 527 312 9
a 527 640 6
a 528 290 4
a 528 513 2
a 528 621 2
a 529 471 10
a 530 140 1
a 531 946 1
a 532 873 9
a 533 582 9
a 533 616 5
a 534 261 1
a 534 420 7
a 534 686 7
a 535 708 3
a 536 456 3
a 536 503 8
a 537 56 7
a 537 906 3
a 538 441 3
a 539 394 8
a 539 829 7
a 540 974 2
a 541 226 4
a 542 223 9
a 542 234 9
a 542 273 9
a 542 410 7
a 542 477 2
a 543 113 1
a 544 293 2
a 544 412 6
a 545 214 5
a 546 34 2
a 546 568 2
a 547 286 7
a 547 410 1
a 547 567 2
a 547 662 1
a 548 720 9
a 549 118 9
a 549 369 1
a 550 429 2
a 550 499 7
a 551 228 3
a 551 656 9
a 552 162 6
a 552 610 2
a 552 913 7
a 552 915 8
a 552 964 7
a 553 423 1
a 554 187 5
a 554 525 7
a 555 143 4
a 555 242 5
a 556 743 8
a 557 366 4
a 557 987 10
a 558 515 9
a 558 573 1
a 558 858 7
a 558 987 4
a 559 599 3
a 559 835 3
a 560 364 8
a 560 773 6
a 561 124 5
a 561 472 7
a 561 996 8
a 562 871 3
a 563 706 4
a 564 127 9
a 564 620 6
a 565 512 6
a 565 868 9
a 566 175 6
a 566 767 8
a 567 311 9
a 567 942 5
a 568 752 3
a 568 925 10
a 569 186 8
a 569 420 7
a 570 229 1
a 570 562 2
a 571 649 3
a 571 763 7
a 571 850 1
a 572 438 9
a 573 418 2
a 573 459 7
a 573 723 9
a 573 828 10
a 573 887 4
a 574 183 7
a 574 303 3
a 574 346 2
a 575 134 8
a 575 189 2
a 576 264 9
a 576 689 4
a 577 53 9
a 578 652 6
a 579 405 7
a 579 939 4
a 580 74 1
a 580 739 1
a 580 1000 9
a 581 65 1
a 581 558 7
a 581 849 4
a 581 950 4
a 582 516 6
a 582 788 6
a 582 844 4
a 582 898 6
a 583 95 2
a 583 156 2
a 584 424 2
a 584 684 7
a 585 65 10
a 586 194 10
a 586 284 4
a 587 399 5
a 587 997 8
a 588 165 1
a 588 697 5
a 589 40 5
a 589 246 10
a 589 662 4
a 590 522 9
a 591 154 5
a 591 245 7
a 592 521 6
a 592 674 5
a 593 7 7
a 593 224 9
a 593 318 3
a 594 24 10
a 594 105 1
a 594 517 5
a 594 855 6
a 595 202 4
a 595 233 3
a 596 202 9
a 596 547 8
a 597 181 7
a 597 559 2
a 598 89 6
a 598 435 8
a 598 946 4
a 599 105 9
a 599 623 7
a 599 694 1
a 600 729 6
a 601 413 1
a 601 976 9
a 602 375 2
a 602 611 3
a 602 794 1
a 602 832 9
a 602 864 8
a 603 182 9
a 603 916 3
a 604 434 2
a 604 898 4
a 605 188 2
a 605 285 1
a 606 99 2
a 606 277 5
a 606 302 5
a 606 457 2
a 606 681 8
a 606 858 5
a 607 88 3
a 607 152 3
a 608 590 10
a 608 935 5
a 609 653 5
a 609 960 9
a 610 246 9
a 611 530 7
a 611 659 10
a 612 734 9
a 612 935 7
a 613 363 5
a 614 410 9
a 615 480 3
a 615 649 2
a 616 122 6
a 616 367 4
a 617 12 8
a 617 152 4
a 617 260 10
a 617 937 1
a 618 57 6
a 618 212 9
a 618 461 2
a 619 842 4
a 620 140 5
a 620 489 1
a 620 758 5
a 621 76 1
a 621 385 3
a 621 463 8
a 622 242 1
a 622 773 9
a 623 79 2
a 623 547 8
a 624 597 4
a 625 206 6
a 625 901 6
a 626 29 3
a 626 873 7
a 627 132 2
a 627 632 9
a 628 655 1
a 628 891 5
a 628 909 4
a 628 923 4
a 628 951 8
a 628 993 8
a 629 113 10
a 629 973 5
a 630 918 5
a 631 249 3
a 631 887 1
a 632 197 2
a 632 670 1
a 632 699 10
a 633 816 10
a 634 160 2
a 634 378 7
a 635 743 9
a 636 439 9
a 636 559 5
a 636 657 3
a 636 777 5
a 636 878 10
a 637 8 3
a 637 374 8
a 638 491 5
a 639 159 6
a 639 454 10
a 639 756 10
a 640 609 3
a 641 721 1
a 641 849 1
a 642 389 6
a 642 652 1
a 643 300 8
a 644 443 1
a 644 738 5
a 645 84 1
a 645 247 4
a 646 631 9
a 646 995 10
a 647 476 1
a 648 137 4
a 649 532 3
a 649 952 9
a 650 206 2
a 650 982 3
a 651 970 5
a 652 615 4
a 653 935 7
a 654 143 6
a 654 298 3
a 654 604 5
a 655 154 2
a 655 365 5
a 656 66 10
a 656 662 2
a 657 116 3
a 657 319 7
a 658 623 9
a 659 35 5
a 659 390 7
a 660 716 1
a 661 138 9
a 661 196 8
a 661 455 7
a 662 97 7
a 663 765 3
a 663 835 8
a 664 784 10
a 665 88 2
a 666 927 6
a 667 710 1
a 667 711 5
a 668 265 5
a 668 792 3
a 669 260 5
a 669 440 3
a 670 124 7
a 670 854 4
a 671 154 4
a 671 874 3
a 672 42 7
a 672 297 2
a 672 324 7
a 672 728 7
a 672 757 9
a 673 9 5
a 673 384 8
a 674 600 8
a 674 698 3
a 675 397 4
a 675 749 4
a 676 955 10
a 677 175 7
a 677 511 2
a 677 876 5
a 678 950 3
a 679 324 10
a 680 542 2
a 681 436 8
a 681 831 7
a 681 955 5
a 682 323 3
a 682 741 8
a 683 507 2
a 683 953 4
a 684 86 5
a 684 488 9
a 684 653 8
a 684 966 3
a 685 55 5
a 685 422 2
a 686 395 2
a 687 489 1
a 687 843 7
a 688 906 9
a 689 715 5
a 690 317 1
a 690 894 9
a 691 141 10
a 691 310 1
a 691 391 8
a 692 518 5
a 692 594 8
a 692 924 6
a 693 194 1
a 694 20 6
a 694 506 3
a 695 514 1
a 695 778 3
a 695 779 2
a 696 109 6
a 697 735 10
a 697 920 2
a 698 856 6
a 698 879 7
a 699 8 9
a 699 596 6
a 700 146 3
a 700 259 9
a 701 311 8
a 702 371 3
a 702 507 9
a 703 341 4
a 703 909 9
a 703 969 8
a 704 433 5
a 705 106 6
a 705 241 1
a 706 503 9
a 706 760 10
a 706 918 9
a 706 945 4
a 707 413 3
a 707 601 6
a 708 57 9
a 709 23 6
a 709 208 6
a 710 25 5
a 710 659 9
a 711 114 10
a 712 71 1
a 712 343 4
a 712 607 1
a 713 86 9
a 713 670 3
a 714 178 2
a 714 381 6
a 715 176 4
a 715 470 5
a 715 618 6
a 715 780 3
a 716 448 1
a 716 860 9
a 717 301 1
a 717 851 6
a 717 886 10
a 718 729 4
a 719 351 4
a 719 623 4
a 720 98 2
a 720 602 3
a 720 877 4
a 721 575 6
a 722 326 5
a 723 100 4
a 723 547 3
a 724 856 5
a 724 922 10
a 724 923 3
a 725 166 10
a 725 872 1
a 726 292 9
a 726 430 6
a 726 518 5
a 727 800 7
a 727 872 10
a 728 139 4
a 729 405 10
a 730 121 1
a 731 461 9
a 732 306 9
a 732 928 4
a 732 994 7
a 733 189 4
a 733 225 7
a 733 246 8
a 733 376 4
a 733 398 4
a 734 579 6
a 735 334 3
a 735 517 1
a 735 776 7
a 736 217 7
a 736 255 3
a 736 395 3
a 737 662 7
a 737 725 7
a 738 926 6
a 739 483 7
a 739 598 10
a 739 992 5
a 740 827 9
a 741 272 4
a 741 403 9
a 741 869 10
a 741 950 2
a 742 417 1
a 742 691 2
a 743 48 8
a 743 360 9
a 743 851 4
a 743 956 10
a 744 92 7
a 744 153 1
a 745 927 4
a 746 992 7
a 747 271 9
a 748 196 10
a 748 893 8
a 749 235 5
a 749 319 9
a 749 934 10
a 750 72 6
a 750 190 5
a 750 207 10
a 750 873 8
a 751 652 4
a 752 287 6
a 752 456 3
a 753 768 7
a 753 803 9
a 754 47 8
a 754 115 5
a 754 235 10
a 754 254 10
a 754 808 2
a 754 986 7
a 755 720 6
a 756 586 8
a 756 791 5
a 757 172 3
a 758 89 4
a 759 182 2
a 760 23 9
a 761 522 10
a 762 210 1
a 762 317 3
a 762 611 5
a 763 484 4
a 763 671 6
a 764 220 10
a 764 363 9
a 765 779 3
a 766 342 2
a 766 625 10
a 767 626 4
a 767 707 9
a 768 206 6
a 769 695 5
a 770 357 10
a 771 584 10
a 771 895 6
a 772 937 4
a 773 551 5
a 774 141 6
a 774 400 2
a 774 455 1
a 774 733 3
a 775 753 6
a 776 524 1
a 776 852 10
a 777 431 4
a 777 726 7
a 778 414 8
a 779 345 6
a 779 464 2
a 779 777 1
a 780 14 5
a 780 541 3
a 781 502 2
a 781 523 10
a 782 230 5
a 782 351 5
a 782 352 4
a 782 682 5
a 783 224 7
a 784 381 6
a 784 787 3
a 784 824 4
a 785 60 6
a 785 819 8
a 786 482 7
a 786 617 8
a 787 793 1
a 788 107 1
a 788 251 6
a 789 440 6
a 789 987 3
a 790 449 8
a 790 885 2
a 791 138 4
a 791 445 5
a 791 736 5
a 792 71 2
a 793 699 3
a 794 716 4
a 795 479 5
a 796 128 10
a 796 226 8
a 796 788 7
a 797 941 2
a 798 445 6
a 799 613 5
a 800 141 10
a 800 295 8
a 801 126 1
a 801 714 2
a 801 998 5
a 802 581 9
a 802 948 3
a 803 967 9
a 804 295 4
a 804 604 7
a 805 125 9
a 805 323 5
a 805 488 2
a 806 83 6
a 806 158 6
a 806 743 6
a 807 138 4
a 808 76 2
a 808 173 8
a 809 916 2
a 810 584 4
a 810 609 8
a 810 800 10
a 811 475 9
a 811 931 5
a 812 802 6
a 812 944 4
a 813 737 10
a 814 185 9
a 814 327 2
a 814 761 7
a 814 940 2
a 815 597 1
a 815 613 7
a 815 693 2
a 816 815 1
a 816 837 5
a 816 850 8
a 816 862 1
a 816 948 6
a 817 109 10
a 817 827 8
a 817 931 1
a 818 458 10
a 818 936 1
a 818 967 6
a 819 409 9
a 820 231 9
a 820 583 8
a 821 962 4
a 822 211 7
a 823 735 3
a 824 538 6
a 824 790 8
a 825 71 3
a 826 683 5
a 827 639 2
a 828 943 3
a 828 976 3
a 829 135 7
a 829 374 4
a 830 330 2
a 830 492 1
a 831 63 7
a 832 228 4
a 832 764 5
a 833 337 5
a 833 706 1
a 833 907 2
a 834 87 5
a 834 421 2
a 835 912 2
a 836 759 1
a 837 924 10
a 838 7 6
a 839 245 2
a 840 848 5
a 841 406 2
a 842 469 1
a 842 579 4
a 842 595 9
a 843 969 5
a 844 847 1
a 844 910 10
a 845 5 2
a 845 900 9
a 846 591 1
a 847 227 9
a 847 351 3
a 848 647 8
a 848 814 4
a 849 578 8
a 850 718 6
a 851 574 7
a 851 839 4
a 852 216 2
a 852 660 10
a 852 814 3
a 853 520 7
a 854 536 8
a 855 77 3
a 855 168 4
a 855 666 9
a 856 18 2
a 856 624 8
a 856 743 9
a 857 518 1
a 857 648 1
a 858 620 9
a 859 69 5
a 860 504 5
a 860 720 2
a 860 935 5
a 861 38 10
a 861 285 5
a 862 155 8
a 862 343 3
a 862 379 5
a 862 932 9
a 863 523 8
a 864 250 3
a 864 473 9
a 864 725 8
a 865 112 7
a 865 466 10
a 866 14 6
a 866 248 7
a 866 508 5
a 867 461 4
a 868 640 1
a 869 503 1
a 869 532 7
a 870 215 8
a 870 817 4
a 871 954 2
a 872 526 1
a 872 770 7
a 873 181 4
a 874 527 4
a 874 893 10
a 875 588 10
a 876 250 2
a 877 236 3
a 878 222 5
a 878 258 4
a 879 228 10
a 879 746 2
a 879 830 10
a 880 102 7
a 880 437 9
a 881 885 9
a 882 411 2
a 882 604 5
a 883 374 6
a 883 933 7
a 884 585 10
a 884 736 3
a 885 376 6
a 886 343 5
a 887 613 2
a 887 748 2
a 888 465 1
a 888 569 9
a 889 605 7
a 889 669 1
a 889 716 6
a 890 427 8
a 890 536 2
a 891 191 4
a 891 315 8
a 891 674 6
a 892 133 2
a 892 914 9
a 893 416 3
a 893 441 9
a 893 753 4
a 894 273 2
a 894 368 4
a 895 52 3
a 896 15 1
a 896 799 6
a 897 185 1
a 897 805 2
a 898 476 2
a 898 880 9
a 899 311 8
a 899 593 3
a 899 619 9
a 899 703 7
a 900 73 3
a 900 246 7
a 901 326 2
a 901 660 4
a 902 335 9
a 902 962 10
a 903 600 9
a 904 4 2
a 904 171 1
a 904 308 3
a 904 538 1
a 904 722 3
a 904 916 4
a 905 414 3
a 905 426 9
a 905 836 2
a 906 306 5
a 906 640 7
a 907 411 4
a 908 195 10
a 908 388 5
a 908 615 5
a 909 687 5
a 910 39 6
a 910 221 9
a 910 338 7
a 911 241 6
a 911 579 4
a 912 155 10
a 912 162 1
a 913 797 8
a 914 265 6
a 914 724 7
a 914 975 6
a 915 600 8
a 915 621 9
a 915 669 4
a 916 103 2
a 916 498 5
a 917 292 9
a 917 680 6
a 917 904 8
a 918 275 2
a 918 469 9
a 919 43 9
a 919 427 2
a 919 431 9
a 919 617 9
a 920 571 7
a 921 328 2
a 922 326 9
a 923 647 2
a 924 178 9
a 924 688 1
a 925 400 10
a 926 424 9
a 926 452 2
a 927 257 8
a 928 408 1
a 928 430 1
a 928 690 5
a 929 156 9
a 929 915 3
a 930 198 9
a 930 796 1
a 931 540 10
a 932 424 6
a 933 31 5
a 933 672 3
a 934 243 2
a 934 400 6
a 935 841 8
a 936 73 6
a 937 775 5
a 937 864 4
a 938 136 8
a 938 184 1
a 938 614 10
a 939 188 3
a 939 252 3
a 940 445 7
a 941 268 4
a 941 580 4
a 941 859 1
a 942 202 7
a 942 810 7
a 943 723 10
a 943 878 4
a 943 899 7
a 944 169 6
a 945 437 4
a 946 371 7
a 946 720 6
a 947 237 9
a 947 943 8
a 948 101 4
a 948 216 9
a 948 353 4
a 948 812 6
a 949 117 1
a 949 758 9
a 950 213 5
a 951 710 7
a 952 36 7
a 952 296 2
a 953 907 10
a 954 296 9
a 955 276 9
a 955 554 4
a 956 834 9
a 957 200 4
a 957 429 6
a 957 630 9
a 958 267 2
a 958 487 7
a 959 738 8
a 960 169 9
a 960 632 4
a 961 50 9
a 961 906 9
a 962 110 5
a 963 23 6
a 963 842 6
a 964 176 6
a 964 606 2
a 965 300 8
a 966 303 5
a 967 68 1
a 967 425 8
a 968 979 10
a 969 355 6
a 970 46 9
a 970 784 10
a 971 46 4
a 972 4 1
a 973 552 9
a 973 587 6
a 973 989 9
a 974 128 5
a 974 447 1
a 974 730 4
a 974 941 4
a 975 462 10
a 976 653 1
a 976 831 10
a 977 187 9
a 978 382 9
a 979 525 6
a 980 543 5
a 980 639 4
a 981 300 2
a 982 17 4
a 982 558 8
a 982 772 9
a 982 999 1
a 983 70 4
a 983 359 8
a 983 542 9
a 984 18 6
a 984 421 3
a 984 700 8
a 984 811 5
a 985 531 4
a 985 776 7
a 986 589 9
a 986 798 2
a 987 194 3
a 987 950 7
a 988 266 10
a 988 288 8
a 989 406 4
a 989 841 1
a 990 265 5
a 990 906 2
a 991 45 5
a 991 391 2
a 991 529 9
a 992 101 6
a 992 177 3
a 992 678 4
a 993 143 3
a 994 249 2
a 994 853 10
a 995 634 2
a 996 423 8
a 996 696 10
a 996 761 2
a 997 2 2
a 997 347 1
a 997 871 3
a 997 905 4
a 998 675 9
a 999 30 5
a 999 261 1
a 999 282 3
a 999 755 3
