p max 100 200
n 1 s
n 100 t
a 1 19 3
a 1 37 2
a 2 42 4
a 3 65 9
a 4 6 3
a 4 11 4
a 4 15 5
a 4 27 2
a 4 43 4
a 5 67 1
a 5 90 4
a 6 22 9
a 6 75 7
a 7 35 6
a 8 91 3
a 9 20 7
a 9 21 1
a 9 44 5
a 10 5 5
a 10 24 7
a 11 30 8
a 11 37 4
a 12 4 8
a 12 58 4
a 13 100 7
a 14 10 4
a 14 21 10
a 14 76 10
a 15 24 9
a 15 96 1
a 16 56 6
a 16 94 8
a 17 15 3
a 17 33 1
a 17 98 10
a 18 15 5
a 19 74 1
a 20 43 10
a 20 62 8
a 20 100 8
a 21 3 3
a 21 29 9
a 22 45 6
a 22 80 9
a 22 81 5
a 23 45 7
a 24 100 6
a 25 27 2
a 25 38 10
a 25 60 2
a 26 81 9
a 26 84 3
a 26 86 1
a 27 31 2
a 27 39 10
a 27 77 7
a 27 81 7
a 28 63 6
a 29 14 8
a 29 35 4
a 29 95 10
a 30 31 3
a 30 34 10
a 31 66 6
a 32 39 9
a 33 81 2
a 34 51 2
a 34 82 9
a 35 42 6
a 36 28 9
a 36 55 2
a 37 28 3
a 38 67 1
a 39 2 2
a 39 72 7
a 40 28 4
a 41 68 7
a 41 90 9
a 42 65 9
a 42 83 10
a 43 3 2
a 43 18 2
a 43 24 8
a 43 63 7
a 43 66 4
a 43 89 6
a 44 28 10
a 45 60 6
a 46 29 1
a 47 42 4
a 47 70 5
a 47 97 7
a 48 8 8
a 48 31 5
a 49 89 10
a 50 7 3
a 50 20 9
a 50 48 9
a 51 21 9
a 51 47 8
a 51 49 9
a 52 9 7
a 52 19 8
a 53 2 6
a 53 60 7
a 54 58 1
a 55 54 6
a 56 57 10
a 56 71 3
a 57 45 1
a 58 26 8
a 58 32 1
a 58 41 10
a 59 88 6
a 60 17 6
a 60 52 7
a 60 64 2
a 61 91 6
a 62 55 9
a 63 16 2
a 63 24 6
a 63 56 3
a 64 49 9
a 64 54 8
a 65 74 2
a 65 79 6
a 65 98 2
a 65 100 5
a 66 5 7
a 66 15 1
a 67 11 10
a 68 12 9
a 69 45 9
a 69 88 9
a 70 26 6
a 70 93 5
a 71 15 3
a 72 41 10
a 72 64 4
a 73 3 4
a 73 13 8
a 74 4 7
a 74 59 7
a 75 14 3
a 76 23 5
a 76 64 4
a 76 78 1
a 76 96 4
a 77 32 10
a 77 92 7
a 78 36 3
a 78 38 7
a 78 91 5
a 79 30 7
a 79 34 4
a 79 73 10
a 80 54 1
a 80 59 3
a 81 17 8
a 81 61 2
a 82 5 4
a 82 51 8
a 83 12 7
a 83 14 5
a 83 47 5
a 83 65 5
a 84 70 5
a 84 88 5
a 85 69 4
a 85 80 2
a 85 93 6
a 86 55 5
a 86 61 10
a 87 31 1
a 88 50 9
a 88 97 7
a 89 17 6
a 89 40 3
a 90 34 7
a 90 83 10
a 90 99 6
a 91 43 9
a 91 53 4
a 91 94 9
a 92 46 2
a 92 72 8
a 93 55 9
a 94 75 7
a 94 77 2
a 94 85 2
a 94 88 7
a 95 63 5
a 96 49 2
a 96 87 9
a 97 37 2
a 97 57 6
a 98 25 7
a 98 45 4
a 99 7 8
a 99 23 1
