p max 1000 2000
n 1 s
n 1000 t
a 1 114 10
a 1 235 5
a 1 455 6
a 1 546 4
a 1 557 3
a 1 836 5
a 2 275 1
a 3 146 4
a 3 836 10
a 4 765 6
a 4 778 3
a 5 722 3
a 6 17 6
a 6 57 8
a 6 589 6
a 6 969 3
a 7 435 7
a 8 586 9
a 9 111 6
a 9 310 1
a 9 810 1
a 10 613 8
a 11 307 9
a 11 527 10
a 12 219 10
a 12 348 8
a 13 50 3
a 13 262 4
a 14 472 3
a 14 565 5
a 15 160 3
a 16 36 8
a 16 443 9
a 17 472 10
a 18 183 7
a 18 765 4
a 19 155 9
a 19 592 6
a 19 682 2
a 19 691 2
a 19 803 8
a 20 39 3
a 20 279 8
a 21 585 2
a 22 935 2
a 23 248 5
a 23 720 8
a 24 62 6
a 24 90 8
a 24 983 1
a 25 314 10
a 25 698 9
a 26 186 7
a 27 129 10
a 28 806 9
a 29 224 4
a 29 347 6
a 29 992 1
a 30 56 3
a 30 826 8
a 31 424 2
a 31 742 4
a 32 424 6
a 32 900 10
a 33 185 8
a 33 231 3
a 34 74 5
a 34 630 4
a 34 752 2
a 35 415 1
a 35 873 3
a 35 903 9
a 35 970 10
a 36 181 7
a 36 610 8
a 37 57 5
a 37 458 2
a 38 189 4
a 39 59 1
a 40 242 3
a 40 724 8
a 41 305 10
a 42 712 3
a 43 22 4
a 44 624 6
a 44 974 9
a 45 181 10
a 45 470 6
a 46 161 4
a 47 356 3
a 48 463 3
a 49 740 5
a 49 895 7
a 50 213 4
a 50 432 7
a 50 854 3
a 50 918 10
a 51 423 7
a 51 494 9
a 51 791 10
a 52 707 5
a 53 701 6
a 54 587 8
a 55 167 6
a 55 218 9
a 55 762 5
a 56 787 2
a 56 897 1
a 57 121 5
a 57 580 1
a 58 478 8
a 58 890 1
a 59 646 2
a 60 495 9
a 61 361 10
a 61 499 1
a 61 643 6
a 62 269 10
a 63 45 9
a 63 244 7
a 64 276 8
a 65 949 10
a 66 624 7
a 67 154 8
a 68 346 7
a 69 282 3
a 69 349 5
a 69 359 8
a 69 1000 7
a 70 579 5
a 71 807 10
a 72 761 8
a 73 135 1
a 74 800 3
a 75 35 8
a 75 588 8
a 75 590 1
a 75 781 8
a 76 86 5
a 76 583 6
a 76 827 3
a 77 925 1
a 78 341 9
a 79 346 8
a 79 390 7
a 79 694 3
a 80 184 10
a 80 290 1
a 80 451 9
a 80 784 5
a 80 920 5
a 81 281 8
a 82 770 9
a 83 819 2
a 84 2 9
a 84 611 4
a 85 714 8
a 86 243 5
a 86 476 5
a 86 844 10
a 87 123 4
a 87 567 1
a 88 32 8
a 88 280 9
a 88 542 7
a 89 791 6
a 90 20 1
a 90 412 7
a 90 819 1
a 90 888 7
a 91 3 10
a 91 688 6
a 91 908 4
a 91 923 7
a 92 20 3
a 92 44 4
a 93 72 9
a 93 379 1
a 93 625 9
a 94 715 1
a 95 46 9
a 95 402 5
a 95 813 9
a 96 347 6
a 96 524 8
a 96 779 7
a 97 502 4
a 97 769 7
a 98 187 1
a 98 434 5
a 98 792 8
a 99 138 10
a 99 569 8
a 99 600 8
a 100 8 3
a 100 462 2
a 100 920 10
a 101 9 10
a 101 245 2
a 101 664 4
a 102 380 9
a 102 584 10
a 103 233 2
a 104 31 9
a 105 52 7
a 105 401 5
a 106 82 9
a 107 619 9
a 107 936 5
a 108 351 6
a 108 402 6
a 108 662 2
a 108 898 4
a 108 937 1
a 109 770 6
a 110 424 8
a 110 641 9
a 110 935 10
a 110 948 3
a 110 973 4
a 111 435 10
a 112 34 3
a 112 437 3
a 112 579 2
a 113 441 10
a 113 493 7
a 114 311 2
a 114 661 9
a 114 934 7
a 115 289 7
a 115 844 1
a 116 601 9
a 117 611 9
a 118 31 1
a 118 533 3
a 119 378 2
a 119 397 1
a 119 761 2
a 120 12 3
a 120 93 10
a 120 607 6
a 120 832 2
a 120 949 3
a 121 999 9
a 122 22 8
a 122 263 8
a 123 394 6
a 124 118 4
a 124 543 9
a 124 592 4
a 125 757 10
a 125 783 9
a 126 250 7
a 126 663 5
a 126 669 3
a 127 538 2
a 127 684 10
a 127 917 2
a 128 553 1
a 129 527 4
a 130 556 3
a 131 496 2
a 132 55 1
a 133 6 3
a 134 207 2
a 134 676 3
a 135 385 9
a 135 534 9
a 136 105 9
a 136 808 8
a 136 907 8
a 137 175 7
a 137 518 2
a 137 561 7
a 137 765 10
a 138 222 8
a 138 793 7
a 139 73 8
a 139 909 7
a 140 847 10
a 141 358 4
a 141 521 9
a 142 106 10
a 143 763 10
a 144 295 5
a 144 597 4
a 145 281 10
a 146 514 1
a 147 388 7
a 147 470 8
a 148 292 7
a 148 468 3
a 148 730 9
a 148 955 5
a 149 765 10
a 150 793 2
a 151 234 4
a 151 327 5
a 152 972 10
a 153 737 1
a 153 979 6
a 154 93 4
a 154 374 6
a 155 13 3
a 155 192 3
a 155 240 3
a 155 339 10
a 155 544 6
a 156 170 9
a 157 498 7
a 158 96 3
a 158 623 10
a 158 926 2
a 159 41 1
a 159 916 8
a 160 278 1
a 160 371 4
a 160 963 6
a 161 387 5
a 161 957 8
a 162 824 5
a 163 347 9
a 164 278 8
a 164 704 2
a 165 471 10
a 165 793 9
a 166 99 2
a 166 852 10
a 167 511 9
a 167 562 3
a 167 847 8
a 168 573 6
a 168 584 9
a 168 683 3
a 168 721 4
a 168 796 6
a 169 328 2
a 169 335 2
a 169 469 2
a 170 53 7
a 170 981 3
a 171 900 10
a 172 144 4
a 172 393 5
a 172 410 2
a 172 461 5
a 172 467 7
a 172 564 10
a 173 207 1
a 173 783 7
a 173 889 2
a 174 233 4
a 174 556 9
a 174 577 4
a 175 803 6
a 175 851 4
a 175 967 6
a 176 816 7
a 176 817 5
a 177 705 8
a 178 188 7
a 178 315 1
a 178 320 4
a 178 446 3
a 178 581 7
a 179 271 10
a 179 613 9
a 179 665 6
a 180 579 2
a 181 229 4
a 181 952 1
a 182 869 5
a 183 86 3
a 183 375 9
a 183 477 3
a 184 42 8
a 185 65 1
a 185 582 8
a 185 634 8
a 185 985 10
a 186 255 5
a 186 856 9
a 187 116 1
a 188 116 1
a 188 281 9
a 188 571 5
a 188 847 6
a 189 302 2
a 189 584 5
a 189 687 2
a 190 650 8
a 191 300 5
a 191 337 7
a 192 482 10
a 192 988 10
a 193 123 2
a 193 312 9
a 193 553 4
a 193 986 1
a 194 225 1
a 194 355 4
a 195 350 2
a 195 518 10
a 196 206 8
a 197 604 9
a 198 33 6
a 199 89 8
a 199 198 2
a 199 736 2
a 200 261 6
a 200 333 8
a 200 912 10
a 200 988 7
a 201 586 8
a 202 332 4
a 202 656 10
a 202 759 8
a 203 421 3
a 203 685 10
a 204 556 7
a 204 769 8
a 205 59 10
a 205 665 2
a 206 19 2
a 206 51 3
a 206 117 7
a 207 404 1
a 207 584 8
a 207 741 3
a 207 890 9
a 208 17 1
a 208 171 8
a 208 826 8
a 209 316 10
a 210 237 4
a 210 280 10
a 210 716 2
a 211 19 10
a 212 278 1
a 213 115 5
a 213 423 2
a 213 852 1
a 214 257 3
a 215 31 7
a 215 987 6
a 216 296 8
a 216 734 8
a 216 914 9
a 217 131 10
a 217 222 2
a 217 654 8
a 218 136 6
a 218 802 6
a 219 629 10
a 219 696 3
a 220 248 2
a 220 491 8
a 221 628 6
a 222 404 4
a 222 522 8
a 223 133 3
a 223 226 5
a 223 965 1
a 224 527 8
a 224 905 8
a 225 32 3
a 225 475 4
a 225 658 6
a 225 824 8
a 226 283 2
a 227 464 4
a 227 517 10
a 228 202 5
a 228 525 7
a 228 567 3
a 228 810 2
a 229 486 7
a 229 599 9
a 229 603 8
a 230 186 10
a 230 895 7
a 231 702 3
a 231 942 6
a 231 945 6
a 232 701 2
a 232 842 1
a 233 274 2
a 234 98 1
a 234 295 5
a 234 965 8
a 235 205 2
a 235 640 3
a 235 725 3
a 235 887 10
a 236 80 1
a 237 692 2
a 237 852 4
a 238 276 5
a 238 341 2
a 239 145 1
a 239 571 10
a 239 954 8
a 240 119 9
a 240 814 7
a 241 158 6
a 241 661 2
a 241 746 7
a 242 229 8
a 242 653 10
a 243 158 1
a 243 237 8
a 244 378 9
a 244 869 10
a 245 585 6
a 245 682 1
a 246 53 1
a 247 348 7
a 247 480 2
a 247 853 7
a 248 335 5
a 248 465 4
a 248 479 3
a 248 860 7
a 249 838 3
a 250 59 8
a 251 58 2
a 252 23 8
a 253 181 3
a 253 659 7
a 254 459 4
a 255 84 1
a 256 44 6
a 257 177 7
a 257 561 1
a 258 467 2
a 259 70 10
a 260 912 6
a 261 801 2
a 262 52 1
a 262 199 3
a 263 238 1
a 263 756 9
a 264 182 5
a 264 727 1
a 264 972 9
a 265 650 10
a 266 16 10
a 266 428 9
a 266 438 4
a 266 644 4
a 267 890 4
a 268 775 1
a 269 490 5
a 269 763 6
a 270 550 1
a 270 642 8
a 270 678 7
a 271 307 1
a 272 161 2
a 272 474 9
a 272 781 6
a 273 479 6
a 273 930 7
a 274 147 4
a 274 459 3
a 275 29 8
a 275 159 3
a 275 984 5
a 276 164 3
a 276 214 8
a 276 262 9
a 277 345 6
a 278 987 10
a 279 701 9
a 279 926 9
a 279 959 9
a 280 507 2
a 281 459 10
a 281 484 4
a 282 701 2
a 283 401 8
a 284 515 6
a 284 650 3
a 285 254 2
a 285 291 5
a 285 317 8
a 285 364 7
a 286 704 6
a 286 833 7
a 287 424 9
a 287 968 9
a 287 996 4
a 288 55 5
a 288 204 8
a 289 322 7
a 290 725 8
a 291 603 5
a 291 722 8
a 291 829 2
a 292 910 4
a 293 107 6
a 293 276 1
a 293 685 8
a 294 872 8
a 294 970 4
a 295 299 10
a 295 345 9
a 296 109 7
a 297 262 9
a 297 787 3
a 297 981 5
a 298 81 2
a 298 261 6
a 298 545 10
a 298 807 1
a 299 328 7
a 299 372 4
a 299 529 4
a 300 143 8
a 300 620 10
a 301 865 3
a 302 605 3
a 302 882 10
a 302 994 8
a 303 571 7
a 304 211 8
a 304 444 5
a 304 608 8
a 305 347 3
a 306 7 1
a 306 635 3
a 306 733 7
a 307 97 8
a 307 450 1
a 308 45 2
a 308 518 1
a 308 574 8
a 309 483 4
a 310 454 7
a 310 726 8
a 311 760 4
a 312 275 10
a 312 886 5
a 313 327 1
a 314 603 10
a 314 999 5
a 315 342 3
a 316 331 7
a 316 447 7
a 316 815 6
a 317 204 4
a 317 516 10
a 318 860 4
a 319 450 2
a 320 808 1
a 321 337 6
a 322 995 2
a 323 187 9
a 323 449 7
a 324 575 2
a 325 437 10
a 325 514 1
a 325 913 6
a 326 433 1
a 327 191 6
a 328 991 6
a 329 345 6
a 330 399 6
a 330 873 4
a 331 77 5
a 331 528 6
a 331 693 5
a 332 120 1
a 333 301 6
a 333 325 7
a 333 769 10
a 334 537 5
a 334 755 2
a 334 801 1
a 335 924 2
a 336 150 9
a 336 592 3
a 336 868 3
a 337 517 5
a 337 800 10
a 338 286 3
a 339 316 8
a 340 9 1
a 340 286 5
a 340 602 3
a 341 460 5
a 342 82 9
a 342 892 2
a 343 595 10
a 343 857 5
a 344 488 10
a 344 594 9
a 345 247 8
a 345 929 8
a 345 985 4
a 346 30 10
a 347 788 3
a 348 125 10
a 348 576 7
a 348 931 9
a 349 393 10
a 350 256 4
a 350 362 3
a 350 394 8
a 351 84 5
a 351 191 1
a 352 156 2
a 352 276 8
a 353 559 3
a 353 914 2
a 354 298 4
a 354 489 8
a 354 893 5
a 355 236 8
a 355 339 8
a 355 535 7
a 356 80 5
a 356 242 6
a 356 429 5
a 356 637 1
a 356 718 3
a 357 239 10
a 358 79 7
a 359 371 3
a 359 932 6
a 360 202 4
a 360 601 6
a 360 964 7
a 361 154 2
a 361 208 7
a 361 471 8
a 362 138 7
a 362 152 2
a 362 755 6
a 363 117 7
a 363 540 3
a 363 786 1
a 364 200 10
a 364 511 3
a 365 519 4
a 366 858 4
a 367 395 1
a 368 14 3
a 368 246 2
a 368 403 4
a 368 407 1
a 368 822 9
a 369 131 4
a 369 947 5
a 370 523 6
a 370 909 2
a 370 925 8
a 371 277 10
a 371 954 8
a 372 760 3
a 372 993 1
a 373 65 5
a 373 612 4
a 374 689 9
a 375 102 7
a 375 195 3
a 375 631 6
a 375 804 5
a 376 518 2
a 376 685 2
a 376 866 4
a 377 737 1
a 378 759 4
a 379 318 7
a 379 358 2
a 380 95 10
a 380 230 1
a 380 654 3
a 381 174 3
a 381 626 3
a 382 226 9
a 383 885 9
a 383 997 1
a 384 195 2
a 384 306 7
a 384 790 9
a 384 931 6
a 385 505 1
a 385 585 8
a 386 542 1
a 387 163 8
a 387 359 5
a 388 128 1
a 388 375 8
a 388 785 3
a 389 2 9
a 389 966 4
a 390 329 4
a 390 556 7
a 390 782 4
a 391 977 7
a 392 52 3
a 392 876 10
a 392 977 10
a 393 883 8
a 394 426 10
a 394 641 4
a 395 300 1
a 396 194 4
a 396 632 8
a 396 689 5
a 396 898 9
a 397 660 7
a 397 751 10
a 398 97 8
a 399 521 10
a 399 879 9
a 400 359 3
a 401 248 6
a 402 374 2
a 403 718 5
a 403 981 6
a 404 650 6
a 404 754 3
a 405 661 1
a 406 321 3
a 406 324 5
a 406 644 1
a 406 686 10
a 407 102 10
a 407 159 6
a 407 536 2
a 408 221 1
a 408 273 10
a 408 503 8
a 408 830 2
a 409 194 10
a 409 834 9
a 409 962 6
a 410 954 2
a 411 224 9
a 411 558 9
a 412 334 3
a 412 883 5
a 413 385 1
a 414 97 10
a 414 203 8
a 414 400 7
a 415 385 7
a 415 614 4
a 415 617 4
a 416 207 1
a 416 420 9
a 417 536 4
a 418 430 5
a 418 750 2
a 418 990 9
a 419 261 10
a 419 305 1
a 420 471 3
a 420 542 5
a 420 867 5
a 421 463 5
a 421 994 4
a 422 701 3
a 423 42 8
a 423 761 3
a 424 2 8
a 424 140 7
a 424 375 7
a 425 272 7
a 425 405 2
a 426 518 6
a 427 162 5
a 427 970 3
a 428 913 5
a 428 978 5
a 429 49 3
a 429 625 10
a 430 739 7
a 431 62 1
a 432 531 5
a 432 873 10
a 433 828 3
a 434 100 4
a 434 889 8
a 435 550 9
a 435 894 6
a 436 85 2
a 436 552 3
a 436 733 3
a 437 425 6
a 437 878 8
a 438 145 9
a 439 135 7
a 439 231 6
a 439 258 9
a 439 989 6
a 440 157 1
a 440 489 9
a 440 566 6
a 440 663 2
a 441 668 2
a 441 694 8
a 441 901 6
a 442 280 3
a 443 149 7
a 444 108 4
a 444 153 10
a 445 24 4
a 445 357 5
a 445 378 1
a 446 392 8
a 446 845 4
a 447 188 5
a 447 192 9
a 447 674 10
a 448 257 2
a 448 363 10
a 448 859 1
a 449 456 10
a 449 513 8
a 450 77 6
a 450 439 6
a 451 378 7
a 452 134 7
a 452 840 6
a 453 372 3
a 454 131 5
a 454 695 8
a 454 863 5
a 455 78 2
a 455 88 8
a 456 280 1
a 457 291 7
a 457 448 3
a 458 551 3
a 458 702 6
a 458 958 4
a 459 793 6
a 460 398 1
a 460 454 7
a 460 848 2
a 461 140 6
a 462 370 6
a 462 526 1
a 463 959 5
a 464 75 6
a 464 120 10
a 464 135 3
a 464 789 6
a 465 170 3
a 465 504 3
a 465 825 3
a 466 110 8
a 466 328 5
a 466 811 10
a 467 180 2
a 468 11 5
a 468 452 7
a 468 743 1
a 469 585 7
a 470 223 9
a 470 911 9
a 471 522 7
a 471 665 5
a 472 240 3
a 472 249 3
a 472 501 10
a 472 956 5
a 473 738 9
a 474 20 6
a 474 64 4
a 474 79 4
a 474 385 7
a 475 934 1
a 476 132 10
a 476 914 2
a 477 858 3
a 478 377 9
a 478 490 2
a 479 260 6
a 480 644 10
a 481 94 10
a 481 181 6
a 481 465 1
a 482 271 9
a 483 670 9
a 483 715 2
a 483 812 9
a 484 830 2
a 485 655 10
a 485 879 9
a 486 760 2
a 487 682 10
a 488 656 5
a 489 172 4
a 489 336 2
a 490 796 2
a 491 406 6
a 491 570 8
a 492 460 1
a 492 601 2
a 492 926 4
a 493 92 5
a 494 82 6
a 494 326 10
a 494 573 10
a 495 84 4
a 495 744 1
a 495 772 10
a 496 616 2
a 496 807 10
a 496 828 4
a 497 36 10
a 498 716 10
a 499 400 4
a 500 428 9
a 501 9 9
a 502 693 1
a 503 260 1
a 504 229 7
a 504 240 10
a 505 608 10
a 506 470 2
a 506 953 8
a 507 530 4
a 507 805 6
a 508 109 2
a 508 433 10
a 508 542 7
a 509 997 2
a 510 673 1
a 510 766 5
a 511 278 10
a 511 991 5
a 512 372 10
a 512 774 7
a 513 87 8
a 514 82 8
a 514 689 4
a 514 951 10
a 515 239 8
a 516 73 10
a 516 227 1
a 517 705 10
a 518 115 6
a 519 386 4
a 519 812 6
a 519 821 2
a 520 893 1
a 520 978 9
a 521 170 7
a 521 818 10
a 522 311 9
a 522 738 4
a 523 470 7
a 523 835 2
a 524 129 9
a 524 182 6
a 524 831 7
a 525 199 1
a 525 330 7
a 525 424 1
a 526 758 6
a 526 929 3
a 527 619 1
a 528 612 1
a 529 507 8
a 529 861 5
a 530 707 10
a 530 956 5
a 531 126 1
a 531 936 6
a 532 70 2
a 532 288 4
a 532 308 7
a 532 411 3
a 532 668 9
a 533 834 6
a 534 426 9
a 534 850 10
a 534 899 4
a 535 409 1
a 536 866 5
a 536 906 3
a 537 228 7
a 537 343 9
a 537 417 3
a 537 764 9
a 538 21 2
a 538 237 7
a 538 259 4
a 539 210 3
a 539 604 6
a 540 38 4
a 540 472 5
a 541 370 4
a 541 595 6
a 541 794 2
a 542 296 2
a 543 803 8
a 544 282 2
a 544 335 7
a 545 296 1
a 546 23 1
a 547 603 5
a 548 141 7
a 548 441 7
a 549 2 5
a 549 268 4
a 549 383 9
a 549 910 4
a 549 936 8
a 550 34 10
a 550 622 2
a 551 254 3
a 552 107 5
a 553 136 6
a 553 175 5
a 553 697 5
a 553 754 6
a 554 54 10
a 554 483 3
a 554 979 7
a 555 142 3
a 555 787 1
a 556 493 1
a 556 583 5
a 557 282 6
a 557 565 2
a 558 890 4
a 559 15 6
a 559 228 5
a 560 75 1
a 560 267 1
a 560 509 1
a 560 596 10
a 560 719 6
a 561 186 8
a 561 885 3
a 562 451 4
a 562 603 4
a 563 61 8
a 563 858 1
a 563 992 9
a 564 837 9
a 565 552 6
a 566 609 2
a 566 766 3
a 567 473 6
a 568 157 4
a 568 998 10
a 569 239 2
a 569 463 9
a 569 816 2
a 569 938 6
a 570 27 4
a 570 406 7
a 571 740 5
a 572 897 3
a 573 529 1
a 573 700 6
a 573 971 2
a 574 779 1
a 574 871 9
a 575 520 8
a 576 418 6
a 576 421 6
a 577 361 10
a 577 377 9
a 578 768 6
a 579 681 8
a 580 420 4
a 580 799 4
a 580 839 10
a 581 654 3
a 581 823 6
a 582 304 4
a 582 378 2
a 582 735 6
a 583 395 4
a 584 303 4
a 584 532 8
a 584 933 8
a 585 393 6
a 585 431 8
a 585 838 4
a 586 352 9
a 586 907 4
a 587 78 7
a 587 444 8
a 588 304 8
a 589 747 3
a 589 847 4
a 590 108 3
a 590 342 6
a 590 362 8
a 590 615 6
a 590 861 10
a 591 10 1
a 591 30 8
a 592 301 8
a 593 171 1
a 593 672 8
a 593 809 7
a 594 810 5
a 595 419 10
a 595 648 4
a 595 754 7
a 595 768 3
a 596 633 8
a 597 232 10
a 597 338 9
a 597 468 7
a 597 598 5
a 597 915 3
a 598 313 10
a 598 661 6
a 599 31 7
a 599 116 7
a 599 436 8
a 600 19 3
a 600 899 3
a 601 490 1
a 601 939 9
a 602 664 10
a 603 866 1
a 603 924 3
a 604 91 6
a 604 367 8
a 605 253 1
a 605 690 10
a 605 713 9
a 606 369 8
a 606 664 4
a 607 285 2
a 607 857 5
a 608 341 9
a 608 488 10
a 609 936 6
a 610 28 4
a 610 727 9
a 611 514 1
a 612 10 8
a 613 178 6
a 613 397 7
a 613 572 7
a 613 946 2
a 614 876 8
a 615 102 8
a 615 265 1
a 615 841 5
a 616 750 2
a 617 270 1
a 617 413 7
a 618 483 1
a 618 732 7
a 619 120 4
a 619 389 3
a 619 395 8
a 620 914 1
a 621 47 7
a 621 250 2
a 621 512 8
a 621 987 3
a 622 792 8
a 623 983 3
a 624 30 5
a 624 636 9
a 624 888 1
a 625 319 8
a 625 382 4
a 626 201 5
a 626 345 5
a 626 571 5
a 627 674 6
a 627 703 7
a 627 975 10
a 628 693 5
a 629 10 10
a 630 134 7
a 630 996 8
a 631 204 4
a 631 241 7
a 632 68 6
a 632 500 9
a 633 189 1
a 633 241 6
a 634 690 2
a 634 959 3
a 635 63 9
a 635 965 4
a 636 753 6
a 637 686 10
a 638 333 4
a 638 464 1
a 638 550 1
a 639 92 4
a 639 260 3
a 640 60 5
a 640 765 7
a 641 275 9
a 642 252 3
a 642 468 4
a 643 229 4
a 644 6 4
a 644 101 5
a 644 475 9
a 644 563 1
a 645 964 1
a 646 5 3
a 646 781 7
a 647 364 3
a 648 855 2
a 648 890 7
a 649 711 10
a 650 526 5
a 650 545 2
a 650 580 1
a 650 692 5
a 651 304 7
a 652 56 10
a 652 318 1
a 653 38 10
a 653 539 9
a 654 453 5
a 654 747 8
a 655 249 4
a 655 918 2
a 656 58 2
a 656 182 8
a 657 154 4
a 657 628 1
a 658 83 5
a 658 196 9
a 658 431 4
a 659 409 9
a 659 500 5
a 659 837 2
a 660 71 8
a 660 664 10
a 661 44 2
a 662 240 10
a 663 326 6
a 664 216 5
a 665 47 7
a 666 595 4
a 667 721 3
a 667 826 10
a 668 382 6
a 668 554 8
a 669 506 4
a 669 802 5
a 670 276 3
a 670 365 9
a 670 430 7
a 671 137 6
a 671 505 10
a 671 573 8
a 672 584 6
a 673 344 5
a 673 519 5
a 673 863 3
a 674 51 1
a 674 251 4
a 674 795 4
a 675 228 10
a 675 283 10
a 675 781 6
a 676 848 6
a 677 22 10
a 677 239 7
a 677 645 8
a 677 725 10
a 678 376 4
a 678 425 2
a 679 138 6
a 679 173 8
a 679 448 2
a 679 498 1
a 679 609 7
a 680 32 5
a 680 373 1
a 680 666 5
a 681 217 8
a 681 779 3
a 682 693 6
a 682 891 6
a 683 794 9
a 684 45 9
a 684 346 6
a 685 119 10
a 685 130 1
a 685 931 9
a 686 148 1
a 686 546 4
a 687 914 5
a 688 36 1
a 688 176 2
a 688 351 4
a 689 149 1
a 689 545 7
a 689 724 7
a 690 60 1
a 691 501 2
a 691 709 2
a 692 440 8
a 692 696 6
a 693 151 4
a 693 711 2
a 693 802 1
a 694 122 2
a 695 772 4
a 695 846 6
a 695 875 3
a 696 142 7
a 697 812 8
a 697 904 10
a 698 197 1
a 698 458 4
a 699 45 10
a 700 225 6
a 700 783 1
a 701 197 2
a 702 121 10
a 703 998 5
a 704 610 9
a 705 127 7
a 705 181 1
a 705 255 2
a 706 633 8
a 706 698 1
a 707 76 6
a 707 671 7
a 708 987 7
a 709 577 2
a 710 518 3
a 710 798 8
a 711 703 10
a 712 657 9
a 712 980 8
a 713 224 7
a 713 644 8
a 713 702 9
a 713 819 6
a 714 473 3
a 714 548 2
a 715 3 6
a 715 777 7
a 715 972 1
a 716 265 6
a 716 652 10
a 717 26 8
a 717 336 4
a 717 618 2
a 717 882 1
a 718 890 4
a 719 45 8
a 719 706 2
a 720 507 4
a 721 465 4
a 721 633 7
a 721 950 4
a 722 864 8
a 723 574 4
a 724 595 3
a 725 520 4
a 725 802 9
a 726 854 2
a 727 63 4
a 728 270 3
a 729 395 3
a 729 902 8
a 730 121 10
a 730 215 4
a 730 324 9
a 731 485 9
a 731 495 1
a 732 207 9
a 732 297 9
a 733 75 10
a 734 57 7
a 734 857 9
a 735 180 8
a 735 274 2
a 735 354 3
a 735 683 6
a 735 723 7
a 735 943 9
a 736 819 7
a 737 485 3
a 737 820 5
a 738 392 1
a 739 223 2
a 740 346 3
a 740 414 5
a 741 139 4
a 741 317 4
a 741 675 1
a 742 130 4
a 742 405 5
a 743 248 9
a 743 411 4
a 744 708 8
a 744 821 7
a 745 445 2
a 745 622 1
a 745 759 1
a 746 651 6
a 747 387 4
a 747 921 5
a 748 407 5
a 748 753 2
a 748 767 7
a 748 981 5
a 749 659 10
a 749 859 4
a 750 65 7
a 750 501 5
a 751 540 6
a 752 121 3
a 752 400 8
a 753 399 10
a 753 907 2
a 754 704 9
a 754 749 7
a 755 190 7
a 755 948 3
a 756 994 3
a 757 287 8
a 757 893 9
a 758 626 2
a 759 587 2
a 759 593 8
a 759 709 9
a 759 883 5
a 760 445 8
a 761 83 4
a 762 71 6
a 762 284 5
a 762 293 7
a 763 921 3
a 764 266 4
a 764 298 2
a 764 666 10
a 764 805 9
a 765 39 10
a 765 278 10
a 765 775 4
a 766 408 4
a 767 484 4
a 767 654 9
a 767 922 4
a 768 442 7
a 768 745 8
a 769 69 4
a 769 206 9
a 770 418 3
a 771 485 9
a 771 670 1
a 772 647 10
a 772 734 5
a 773 98 5
a 773 170 10
a 773 363 2
a 773 812 1
a 774 629 6
a 774 643 10
a 775 366 10
a 775 749 9
a 775 806 6
a 776 766 8
a 777 40 9
a 777 461 8
a 777 651 10
a 778 373 2
a 779 473 6
a 780 28 8
a 780 353 7
a 781 627 4
a 781 874 6
a 782 529 1
a 782 905 8
a 783 798 7
a 783 987 9
a 784 427 7
a 784 588 1
a 784 624 6
a 785 94 9
a 786 273 1
a 786 770 7
a 786 956 9
a 787 219 8
a 787 447 3
a 787 466 3
a 787 705 6
a 788 34 1
a 789 132 8
a 789 642 7
a 790 25 9
a 790 497 6
a 790 591 5
a 790 919 7
a 791 670 8
a 791 907 8
a 792 364 5
a 793 153 7
a 793 743 6
a 793 874 3
a 793 946 10
a 794 300 3
a 794 858 9
a 795 520 6
a 796 305 7
a 796 1000 1
a 797 506 9
a 797 507 1
a 798 367 1
a 799 396 8
a 799 490 8
a 799 586 6
a 799 740 10
a 800 187 10
a 800 620 5
a 800 886 6
a 801 822 7
a 802 458 9
a 803 797 7
a 803 866 10
a 803 941 2
a 804 312 3
a 804 639 3
a 804 731 7
a 805 767 4
a 805 776 7
a 806 524 9
a 806 856 4
a 807 32 9
a 807 41 1
a 807 43 5
a 807 89 7
a 808 538 4
a 808 939 2
a 809 122 6
a 809 231 1
a 809 356 6
a 810 626 6
a 810 864 4
a 810 879 2
a 811 74 9
a 811 818 8
a 812 278 2
a 812 514 6
a 813 48 10
a 813 169 5
a 813 279 4
a 813 286 8
a 814 322 4
a 814 657 9
a 815 957 6
a 815 961 8
a 816 938 1
a 817 77 7
a 818 44 3
a 819 465 6
a 819 870 3
a 820 220 2
a 820 239 4
a 820 316 7
a 820 960 8
a 821 602 1
a 822 214 1
a 823 485 7
a 824 54 4
a 824 425 3
a 824 666 9
a 824 958 2
a 825 242 9
a 826 418 9
a 827 454 7
a 828 90 2
a 829 944 4
a 830 589 6
a 831 655 5
a 832 568 7
a 832 811 8
a 833 160 7
a 833 587 8
a 834 606 6
a 834 955 2
a 835 91 1
a 835 897 9
a 836 681 9
a 836 710 7
a 836 766 5
a 837 492 2
a 837 641 9
a 838 106 9
a 838 218 7
a 838 510 10
a 839 146 9
a 839 270 5
a 840 4 3
a 840 62 7
a 840 141 2
a 840 166 7
a 840 260 8
a 840 982 9
a 841 87 5
a 841 682 8
a 841 927 8
a 842 599 2
a 843 162 2
a 843 667 8
a 843 940 9
a 844 435 4
a 844 581 5
a 844 980 10
a 845 264 5
a 845 602 9
a 846 349 2
a 847 4 7
a 847 762 4
a 848 666 2
a 849 280 5
a 849 360 4
a 849 481 4
a 850 472 7
a 851 638 8
a 851 693 6
a 851 788 2
a 852 714 6
a 852 974 5
a 853 83 10
a 854 185 7
a 855 388 5
a 855 497 9
a 855 635 2
a 856 413 8
a 856 877 5
a 857 294 10
a 858 516 4
a 858 887 9
a 859 820 8
a 859 881 8
a 860 569 5
a 861 209 5
a 861 680 8
a 861 880 8
a 862 23 4
a 862 549 1
a 862 739 2
a 863 488 7
a 864 480 10
a 865 104 1
a 865 183 1
a 866 309 4
a 866 365 8
a 867 896 4
a 867 986 4
a 868 938 2
a 869 814 2
a 870 29 3
a 870 742 6
a 871 929 10
a 872 87 2
a 873 21 9
a 874 818 1
a 875 408 2
a 875 785 8
a 876 365 6
a 877 165 6
a 877 917 10
a 878 179 10
a 878 491 3
a 878 848 9
a 879 968 10
a 880 920 5
a 881 457 3
a 881 699 5
a 882 425 4
a 882 513 1
a 883 83 1
a 884 504 10
a 884 728 2
a 885 22 8
a 885 143 6
a 885 238 3
a 885 604 10
a 886 55 7
a 887 674 4
a 888 546 3
a 889 398 4
a 889 712 6
a 890 760 9
a 890 981 7
a 891 679 6
a 891 839 5
a 892 187 4
a 892 677 7
a 893 669 8
a 894 478 2
a 894 869 10
a 895 103 3
a 895 193 8
a 895 549 2
a 895 875 8
a 896 199 9
a 896 381 2
a 896 837 9
a 897 273 7
a 898 27 9
a 898 770 8
a 899 551 8
a 899 745 3
a 899 780 2
a 900 76 10
a 901 12 7
a 901 358 9
a 902 26 1
a 902 555 10
a 903 236 2
a 903 745 8
a 904 906 6
a 905 454 3
a 906 487 10
a 906 814 6
a 907 439 5
a 907 993 3
a 908 519 6
a 908 589 1
a 909 30 1
a 909 33 7
a 909 621 4
a 910 62 10
a 910 687 3
a 911 224 6
a 912 56 3
a 912 323 6
a 913 524 3
a 914 358 1
a 915 209 1
a 915 340 1
a 915 575 9
a 916 684 7
a 917 319 1
a 917 884 3
a 918 272 10
a 919 411 2
a 919 928 1
a 920 640 10
a 921 882 3
a 922 535 7
a 923 915 7
a 924 379 9
a 924 843 7
a 924 848 10
a 925 16 8
a 925 195 5
a 925 548 8
a 926 444 1
a 926 687 6
a 926 845 2
a 927 47 8
a 928 416 7
a 928 706 9
a 929 835 8
a 930 66 6
a 930 144 6
a 930 541 6
a 931 380 9
a 932 1000 7
a 933 575 2
a 934 259 10
a 935 24 7
a 935 532 1
a 936 476 4
a 936 613 10
a 937 402 8
a 937 525 6
a 938 206 9
a 938 415 10
a 939 486 2
a 939 944 5
a 939 982 5
a 940 379 10
a 941 367 4
a 941 547 4
a 941 578 9
a 941 660 8
a 941 717 8
a 942 59 9
a 943 146 2
a 943 508 1
a 944 556 5
a 944 621 6
a 945 348 5
a 945 965 4
a 946 117 7
a 947 584 2
a 947 748 6
a 948 112 6
a 948 554 1
a 948 865 8
a 948 877 9
a 949 298 10
a 949 862 4
a 950 45 8
a 950 541 6
a 950 771 10
a 951 366 10
a 951 957 5
a 952 575 1
a 952 957 4
a 953 137 8
a 953 496 9
a 954 110 3
a 955 366 8
a 956 861 4
a 956 925 1
a 957 37 6
a 957 216 6
a 957 355 7
a 958 166 1
a 959 319 6
a 959 353 2
a 959 777 2
a 959 976 4
a 960 479 5
a 961 529 8
a 961 560 3
a 961 649 9
a 962 18 4
a 962 595 6
a 963 524 10
a 964 324 3
a 964 798 3
a 965 202 4
a 965 391 8
a 966 632 1
a 967 67 6
a 967 395 7
a 967 773 5
a 968 537 5
a 969 422 7
a 970 124 9
a 970 693 4
a 971 5 2
a 971 66 4
a 971 75 7
a 972 175 6
a 972 368 8
a 972 422 2
a 973 570 8
a 974 325 10
a 975 212 7
a 975 730 8
a 975 945 6
a 976 272 2
a 976 327 8
a 977 434 7
a 977 457 10
a 977 466 3
a 978 239 7
a 979 168 6
a 979 314 4
a 979 646 2
a 980 853 3
a 981 459 9
a 982 93 10
a 983 148 8
a 984 5 8
a 984 291 7
a 985 105 8
a 985 849 2
a 986 582 1
a 987 294 7
a 987 481 2
a 987 911 4
a 988 338 3
a 988 384 8
a 988 995 5
a 989 547 1
a 990 25 9
a 991 269 9
a 991 611 4
a 992 349 7
a 993 98 6
a 993 729 10
a 994 637 8
a 995 113 9
a 995 375 9
a 996 148 1
a 996 875 9
a 997 830 5
a 997 994 3
a 998 783 1
a 998 907 3
a 999 238 2
