p max 100 200
n 1 s
n 100 t
a 1 60 3
a 2 30 6
a 2 52 9
a 3 60 2
a 3 65 10
a 3 66 5
a 4 3 4
a 5 40 2
a 5 61 8
a 6 18 5
a 6 35 6
a 6 100 10
a 7 21 9
a 8 50 1
a 9 13 7
a 10 47 2
a 10 71 2
a 11 21 5
a 12 52 3
a 13 98 6
a 14 90 10
a 15 16 7
a 16 67 8
a 16 85 1
a 17 96 8
a 18 54 7
a 19 51 3
a 19 62 4
a 20 14 2
a 20 87 6
a 21 38 5
a 22 58 4
a 22 86 8
a 23 2 1
a 23 32 8
a 23 99 3
a 24 33 6
a 24 75 5
a 25 15 4
a 25 70 6
a 25 100 5
a 26 40 10
a 26 42 10
a 26 81 5
a 27 8 3
a 27 30 6
a 27 44 2
a 28 81 2
a 29 77 1
a 30 57 1
a 31 29 1
a 32 22 10
a 32 26 7
a 33 10 5
a 34 11 6
a 34 17 3
a 34 52 2
a 34 55 5
a 35 28 9
a 35 56 1
a 35 79 9
a 36 44 8
a 37 25 2
a 37 49 6
a 38 75 8
a 39 88 2
a 40 95 2
a 41 78 5
a 42 2 7
a 43 24 8
a 43 92 7
a 44 31 9
a 45 93 1
a 45 97 4
a 46 36 10
a 46 91 6
a 47 9 7
a 47 48 10
a 47 57 1
a 47 78 3
a 47 81 1
a 48 87 4
a 49 28 6
a 49 45 9
a 50 30 9
a 50 75 7
a 51 3 6
a 51 26 4
a 51 80 6
a 51 94 3
a 52 16 2
a 53 4 7
a 53 73 8
a 54 46 9
a 55 39 1
a 56 30 7
a 57 9 4
a 57 13 9
a 57 39 6
a 57 76 4
a 58 31 8
a 58 34 5
a 59 3 6
a 59 49 2
a 60 75 4
a 60 89 7
a 61 16 8
a 61 59 1
a 62 5 2
a 62 47 9
a 63 14 1
a 63 92 9
a 64 88 10
a 64 96 5
a 64 100 5
a 65 31 9
a 65 70 4
a 66 29 6
a 66 45 3
a 66 98 9
a 67 44 7
a 67 53 5
a 67 86 1
a 68 63 2
a 68 94 5
a 69 35 9
a 69 58 9
a 70 20 2
a 70 68 6
a 71 30 5
a 71 55 2
a 71 82 2
a 72 46 9
a 73 11 3
a 73 60 5
a 73 95 2
a 74 24 1
a 74 51 5
a 74 97 10
a 75 28 10
a 75 76 1
a 76 35 8
a 76 37 6
a 76 50 4
a 77 22 1
a 77 69 4
a 77 84 1
a 77 85 10
a 78 73 6
a 79 87 3
a 80 18 5
a 80 19 8
a 80 27 2
a 80 67 7
a 80 91 1
a 81 19 4
a 81 69 1
a 82 10 2
a 82 20 10
a 82 41 8
a 82 46 3
a 82 64 6
a 83 29 8
a 83 66 1
a 83 74 1
a 84 54 5
a 84 78 10
a 85 7 10
a 85 21 6
a 85 45 9
a 86 47 2
a 87 61 10
a 87 85 2
a 88 9 8
a 88 83 3
a 89 23 8
a 89 28 6
a 90 80 7
a 91 6 7
a 91 36 6
a 92 69 7
a 92 71 3
a 92 96 3
a 93 7 7
a 93 12 10
a 93 43 8
a 94 27 7
a 94 32 7
a 94 45 10
a 94 72 4
a 95 38 4
a 95 62 2
a 96 60 1
a 96 90 4
a 97 38 7
a 97 58 6
a 98 4 10
a 98 92 3
a 99 25 5
a 99 68 6
