p max 100 200
n 1 s
n 100 t
a 1 58 3
a 2 20 9
a 2 67 1
a 2 87 5
a 2 90 6
a 3 82 9
a 4 69 6
a 5 10 7
a 6 37 8
a 6 52 4
a 7 79 9
a 8 26 2
a 8 70 9
a 8 94 3
a 9 4 8
a 10 13 7
a 10 28 8
a 11 57 8
a 11 78 10
a 11 95 1
a 12 41 3
a 13 18 1
a 13 67 4
a 13 81 6
a 14 11 8
a 14 19 9
a 14 82 5
a 15 2 6
a 15 13 6
a 16 21 2
a 16 38 6
a 16 43 5
a 17 7 9
a 17 22 1
a 17 48 10
a 17 99 8
a 17 100 4
a 18 74 9
a 19 31 2
a 19 86 10
a 20 46 8
a 20 93 10
a 21 25 6
a 21 41 10
a 22 56 10
a 22 72 5
a 22 84 1
a 23 34 7
a 23 76 9
a 23 95 6
a 23 96 9
a 24 3 7
a 24 9 6
a 25 51 10
a 25 83 10
a 25 97 1
a 26 70 2
a 27 20 2
a 27 40 2
a 27 92 8
a 28 14 7
a 28 61 6
a 28 80 7
a 29 35 8
a 29 85 6
a 30 84 5
a 31 67 9
a 31 89 5
a 31 91 9
a 32 3 1
a 32 41 6
a 32 85 2
a 33 8 2
a 33 43 4
a 33 56 3
a 34 41 4
a 34 91 9
a 35 18 1
a 35 19 6
a 36 44 2
a 37 31 4
a 38 26 9
a 39 24 10
a 39 42 5
a 39 74 4
a 40 30 5
a 40 35 9
a 41 52 10
a 42 19 9
a 42 64 4
a 43 6 10
a 43 48 4
a 44 29 6
a 44 33 2
a 45 13 10
a 46 29 1
a 46 33 2
a 46 88 10
a 47 68 7
a 47 96 2
a 48 54 6
a 49 4 6
a 49 100 1
a 50 60 10
a 51 16 6
a 51 21 10
a 52 73 6
a 53 55 6
a 53 59 9
a 54 32 4
a 54 75 1
a 54 84 10
a 55 97 3
a 56 40 3
a 57 2 2
a 58 17 9
a 59 24 7
a 60 38 5
a 60 66 8
a 61 59 8
a 61 87 9
a 62 6 2
a 63 16 1
a 64 16 6
a 64 36 3
a 64 77 8
a 64 80 1
a 65 36 6
a 65 73 3
a 65 86 10
a 66 39 10
a 67 75 9
a 68 17 1
a 69 29 7
a 69 53 6
a 70 29 2
a 71 14 5
a 71 50 4
a 72 17 10
a 72 60 4
a 73 17 10
a 73 62 1
a 73 69 9
a 73 96 10
a 74 8 8
a 75 27 3
a 75 46 10
a 75 58 4
a 75 95 7
a 76 34 4
a 76 39 10
a 76 52 5
a 76 98 4
a 77 18 2
a 77 44 5
a 78 5 10
a 78 23 7
a 78 35 5
a 79 4 1
a 79 47 7
a 80 12 8
a 80 37 6
a 81 52 6
a 82 20 7
a 82 49 7
a 83 48 5
a 84 13 1
a 85 17 6
a 85 45 5
a 85 59 7
a 86 56 4
a 86 62 7
a 87 20 3
a 88 18 6
a 89 15 5
a 89 79 8
a 90 4 10
a 90 13 10
a 91 60 4
a 91 71 4
a 91 83 6
a 92 7 10
a 92 10 3
a 92 15 3
a 93 4 8
a 93 13 6
a 93 54 2
a 94 57 6
a 95 3 8
a 95 63 7
a 95 77 6
a 96 67 4
a 97 6 9
a 97 65 1
a 97 74 7
a 97 78 4
a 97 94 3
a 98 47 7
a 98 56 3
a 99 47 1
