p max 100 200
n 1 s
n 100 t
a 1 4 10
a 1 38 6
a 1 70 4
a 2 27 9
a 2 90 6
a 2 95 6
a 3 99 2
a 4 74 1
a 4 76 4
a 4 78 5
a 5 27 3
a 6 63 10
a 7 38 8
a 7 70 4
a 8 45 3
a 9 7 9
a 9 67 1
a 10 21 2
a 11 58 5
a 11 89 2
a 12 99 7
a 13 66 5
a 14 86 3
a 15 9 10
a 15 24 6
a 15 39 8
a 15 52 9
a 15 84 6
a 16 12 4
a 16 34 9
a 17 42 5
a 17 57 8
a 17 90 2
a 18 23 3
a 18 36 3
a 19 32 8
a 19 45 9
a 19 56 9
a 19 68 4
a 20 41 7
a 20 61 7
a 21 41 4
a 21 69 3
a 21 86 6
a 22 34 4
a 22 65 7
a 23 83 1
a 24 26 7
a 25 70 7
a 26 40 7
a 26 71 8
a 26 90 7
a 27 20 5
a 27 58 1
a 28 35 3
a 28 80 6
a 29 62 4
a 30 93 5
a 31 28 6
a 31 95 8
a 32 26 8
a 33 91 9
a 34 2 6
a 34 29 7
a 35 19 2
a 35 62 5
a 35 83 8
a 36 37 9
a 36 85 3
a 37 26 1
a 37 44 6
a 38 33 4
a 38 46 8
a 38 82 1
a 38 89 6
a 39 47 4
a 40 79 7
a 40 88 7
a 41 26 3
a 42 59 7
a 43 30 5
a 43 53 5
a 43 63 7
a 43 100 3
a 44 14 1
a 44 25 9
a 44 81 1
a 45 79 10
a 45 94 10
a 46 13 4
a 46 67 1
a 46 92 4
a 47 75 10
a 47 92 10
a 48 35 4
a 48 51 10
a 49 27 9
a 50 72 1
a 51 4 7
a 52 7 2
a 52 48 6
a 53 77 7
a 54 28 10
a 54 63 2
a 55 5 9
a 55 35 10
a 55 69 10
a 56 82 3
a 57 32 3
a 58 6 10
a 58 86 8
a 59 63 2
a 60 28 6
a 61 14 8
a 61 23 3
a 61 87 8
a 62 24 6
a 63 17 4
a 63 75 3
a 64 53 3
a 64 55 1
a 64 77 1
a 65 98 2
a 66 54 10
a 66 57 7
a 67 50 3
a 67 78 6
a 68 59 8
a 69 7 9
a 69 25 8
a 69 79 4
a 70 24 3
a 70 28 8
a 70 95 4
a 71 28 3
a 72 83 2
a 73 42 6
a 74 62 7
a 74 88 7
a 75 3 9
a 75 30 5
a 75 43 10
a 75 98 6
a 76 44 7
a 76 65 8
a 76 97 9
a 76 100 5
a 77 18 5
a 77 45 5
a 78 91 9
a 79 25 1
a 79 49 4
a 80 4 4
a 80 21 9
a 80 85 3
a 81 10 7
a 81 47 2
a 81 76 8
a 82 72 9
a 82 91 2
a 83 26 6
a 84 16 10
a 84 31 1
a 84 79 8
a 85 64 3
a 85 67 4
a 86 88 8
a 87 20 10
a 87 59 8
a 87 78 6
a 88 2 9
a 88 33 10
a 89 98 1
a 90 10 3
a 90 11 8
a 90 73 6
a 91 70 9
a 92 97 6
a 93 33 10
a 93 36 7
a 93 49 8
a 93 65 3
a 94 23 4
a 94 60 1
a 94 93 5
a 94 96 8
a 94 99 6
a 95 69 8
a 96 15 8
a 96 48 9
a 96 52 1
a 97 22 1
a 97 72 10
a 97 84 6
a 98 8 10
a 98 45 1
a 98 61 6
a 98 66 9
a 99 19 3
a 99 50 10
