p max 1000 2000
n 1 s
n 1000 t
a 1 185 10
a 1 381 6
a 1 438 5
a 1 662 4
a 2 53 9
a 2 336 3
a 2 540 1
a 2 812 8
a 3 520 5
a 3 825 8
a 3 876 3
a 4 449 1
a 4 607 8
a 5 469 7
a 6 8 5
a 6 374 4
a 7 527 10
a 7 585 4
a 7 698 5
a 8 84 2
a 8 643 8
a 8 981 8
a 9 546 6
a 10 547 8
a 11 41 3
a 12 547 10
a 12 929 8
a 12 951 10
a 13 596 8
a 14 255 3
a 14 425 1
a 14 711 4
a 15 655 2
a 16 418 9
a 16 598 8
a 16 602 10
a 17 158 3
a 17 532 4
a 18 863 6
a 19 274 5
a 19 627 8
a 20 390 6
a 20 919 4
a 21 92 5
a 21 488 1
a 21 859 2
a 22 641 3
a 23 403 8
a 23 633 9
a 23 714 10
a 24 488 8
a 25 375 8
a 26 959 4
a 27 180 10
a 28 192 3
a 28 204 1
a 28 268 1
a 29 540 9
a 29 676 5
a 29 869 4
a 30 202 2
a 30 529 3
a 30 907 5
a 30 927 3
a 31 356 6
a 31 973 8
a 32 91 4
a 32 299 4
a 32 380 10
a 33 44 4
a 33 878 8
a 33 986 6
a 34 227 4
a 35 487 1
a 36 524 1
a 37 198 1
a 37 594 5
a 38 902 9
a 39 569 7
a 40 193 3
a 40 278 2
a 40 354 8
a 40 994 9
a 41 234 8
a 41 992 10
a 42 702 10
a 43 145 3
a 43 731 10
a 44 816 3
a 45 73 7
a 45 443 4
a 45 592 10
a 46 11 5
a 46 54 8
a 46 192 1
a 46 453 6
a 47 293 3
a 47 892 8
a 48 182 4
a 48 942 5
a 48 984 2
a 49 76 3
a 50 27 9
a 50 221 3
a 50 223 8
a 51 649 2
a 52 220 3
a 52 857 4
a 53 181 10
a 53 353 6
a 53 900 8
a 54 201 2
a 54 474 5
a 55 37 4
a 55 530 1
a 55 721 5
a 56 661 9
a 56 709 9
a 57 475 5
a 58 85 6
a 58 316 2
a 58 872 7
a 58 885 8
a 59 461 9
a 59 468 8
a 59 831 2
a 60 223 9
a 61 565 1
a 62 252 9
a 63 68 4
a 63 86 1
a 64 172 1
a 64 762 10
a 64 799 5
a 65 830 6
a 66 144 8
a 66 362 6
a 66 801 3
a 67 469 2
a 67 706 2
a 68 75 1
a 68 241 6
a 68 786 3
a 69 52 4
a 69 502 5
a 70 773 3
a 71 6 7
a 72 185 8
a 72 548 4
a 72 607 9
a 72 753 4
a 73 38 2
a 73 242 10
a 73 974 2
a 74 284 10
a 74 359 8
a 74 972 9
a 75 139 9
a 75 414 6
a 76 498 10
a 76 798 7
a 77 45 5
a 77 55 4
a 77 673 7
a 77 775 1
a 78 689 7
a 78 916 10
a 79 914 4
a 80 197 2
a 81 102 3
a 81 146 3
a 81 208 1
a 81 821 9
a 82 43 10
a 82 248 4
a 82 340 5
a 82 509 5
a 83 516 4
a 83 913 3
a 84 384 4
a 84 691 5
a 85 407 9
a 85 967 10
a 86 136 5
a 87 361 7
a 87 367 10
a 88 292 5
a 88 518 1
a 88 835 10
a 89 824 5
a 90 880 10
a 91 107 10
a 92 237 9
a 92 283 3
a 92 501 3
a 92 888 9
a 93 80 9
a 93 119 8
a 93 693 1
a 93 875 2
a 93 985 9
a 94 241 1
a 95 413 5
a 96 113 1
a 96 156 2
a 97 227 7
a 98 94 8
a 99 309 8
a 100 242 7
a 101 302 1
a 101 356 3
a 101 776 6
a 102 407 7
a 102 606 5
a 102 621 9
a 103 412 1
a 103 996 6
a 104 571 1
a 105 548 8
a 106 426 1
a 106 819 5
a 107 488 3
a 107 806 5
a 108 225 10
a 108 703 1
a 108 996 2
a 109 789 1
a 110 383 7
a 111 130 3
a 111 482 2
a 112 266 3
a 112 962 10
a 113 649 1
a 114 184 7
a 114 957 1
a 115 195 4
a 115 891 2
a 116 261 4
a 116 611 2
a 117 256 3
a 117 860 5
a 117 958 1
a 118 152 6
a 118 354 3
a 118 472 2
a 118 506 10
a 118 743 3
a 119 544 9
a 119 701 6
a 120 873 10
a 121 295 2
a 121 491 2
a 122 450 8
a 122 540 7
a 123 414 8
a 123 615 8
a 124 648 10
a 125 396 9
a 125 676 9
a 126 167 10
a 126 929 3
a 127 233 9
a 127 342 6
a 128 478 5
a 129 154 7
a 129 400 5
a 129 637 5
a 129 979 5
a 130 962 5
a 131 332 6
a 131 906 9
a 132 181 5
a 132 320 3
a 132 430 3
a 132 801 8
a 133 162 8
a 134 59 1
a 134 166 3
a 135 119 5
a 135 410 10
a 135 639 5
a 136 654 9
a 137 185 4
a 137 199 9
a 137 905 10
a 138 170 2
a 138 220 4
a 138 359 10
a 139 757 4
a 140 362 10
a 141 355 3
a 142 22 10
a 143 190 4
a 144 264 5
a 144 761 7
a 145 797 7
a 146 872 2
a 147 733 10
a 147 929 5
a 148 86 5
a 148 825 4
a 149 171 4
a 149 989 2
a 150 482 9
a 150 501 1
a 150 749 3
a 151 30 4
a 151 502 6
a 151 572 5
a 152 788 7
a 152 840 2
a 153 245 1
a 153 852 4
a 154 70 10
a 155 233 6
a 155 378 8
a 155 793 8
a 156 724 4
a 157 72 1
a 158 59 7
a 158 421 9
a 158 442 10
a 159 856 2
a 159 974 7
a 160 242 9
a 160 558 8
a 160 614 1
a 160 742 8
a 161 568 3
a 161 752 6
a 161 958 5
a 162 419 5
a 162 622 4
a 162 865 8
a 163 99 6
a 163 618 6
a 164 158 2
a 164 471 10
a 164 971 8
a 165 229 1
a 165 308 10
a 165 323 1
a 166 971 7
a 167 308 6
a 167 633 7
a 167 840 5
a 168 343 10
a 168 602 9
a 169 387 9
a 169 643 7
a 169 773 1
a 170 750 2
a 171 290 9
a 171 619 2
a 172 232 2
a 172 435 3
a 172 903 1
a 173 949 6
a 174 42 9
a 175 406 5
a 175 790 10
a 176 564 9
a 176 686 10
a 177 189 6
a 177 625 7
a 177 869 7
a 178 4 9
a 178 181 9
a 178 939 1
a 179 17 4
a 180 571 8
a 180 729 6
a 181 61 4
a 182 408 10
a 182 642 3
a 183 109 5
a 183 548 1
a 184 77 5
a 184 479 7
a 185 707 2
a 186 36 6
a 186 296 1
a 187 439 1
a 188 175 5
a 188 515 2
a 189 67 2
a 189 494 6
a 190 499 1
a 191 131 9
a 191 501 1
a 191 718 6
a 192 319 10
a 193 377 2
a 194 130 6
a 194 394 3
a 194 779 2
a 195 526 3
a 196 376 10
a 196 901 6
a 196 906 10
a 197 56 5
a 197 221 4
a 197 265 1
a 197 859 7
a 198 101 10
a 198 507 1
a 199 171 2
a 199 659 9
a 200 732 9
a 201 78 5
a 201 623 2
a 202 11 5
a 202 175 3
a 202 504 6
a 203 110 6
a 204 365 8
a 204 389 9
a 205 165 8
a 206 8 9
a 206 153 1
a 206 571 1
a 207 896 6
a 207 906 9
a 208 204 10
a 208 557 1
a 209 31 8
a 210 288 1
a 210 427 2
a 210 917 4
a 211 299 4
a 212 83 5
a 212 475 9
a 213 233 4
a 213 990 2
a 214 636 4
a 214 660 7
a 214 759 4
a 214 776 6
a 215 983 6
a 216 142 4
a 216 454 7
a 216 658 6
a 216 977 10
a 217 210 1
a 217 235 10
a 217 409 7
a 217 998 2
a 218 249 6
a 218 986 1
a 219 49 1
a 219 918 1
a 220 795 9
a 221 805 10
a 222 314 6
a 222 705 2
a 222 898 4
a 222 998 8
a 223 266 1
a 224 98 8
a 225 844 2
a 226 253 4
a 226 913 5
a 227 226 4
a 228 575 8
a 229 143 3
a 229 353 8
a 229 457 5
a 230 37 9
a 230 234 4
a 230 456 9
a 230 692 7
a 231 358 10
a 231 784 10
a 232 18 7
a 232 371 5
a 232 806 6
a 233 243 4
a 233 357 9
a 233 817 1
a 234 281 5
a 234 469 3
a 234 851 9
a 235 61 10
a 235 280 8
a 235 522 2
a 236 54 10
a 236 136 5
a 237 945 1
a 238 183 2
a 238 575 4
a 239 320 4
a 240 173 3
a 240 182 3
a 241 208 1
a 242 87 6
a 242 549 9
a 243 660 6
a 244 701 1
a 245 53 3
a 245 737 5
a 246 715 2
a 247 16 10
a 247 445 1
a 247 887 3
a 248 53 9
a 248 108 4
a 249 17 1
a 249 187 5
a 250 917 2
a 251 562 9
a 251 914 4
a 252 237 8
a 252 267 5
a 252 626 3
a 253 79 10
a 253 377 6
a 254 488 2
a 254 911 1
a 255 780 3
a 256 401 9
a 256 442 1
a 256 605 1
a 256 610 10
a 257 567 9
a 257 707 10
a 258 601 8
a 258 677 2
a 258 751 8
a 259 47 7
a 259 335 4
a 259 427 10
a 260 933 3
a 261 383 5
a 262 111 1
a 262 219 3
a 262 723 6
a 263 423 9
a 264 355 1
a 264 601 8
a 264 839 1
a 264 966 10
a 265 32 8
a 265 206 10
a 265 343 6
a 265 624 7
a 266 123 10
a 267 21 1
a 267 433 10
a 268 643 4
a 269 19 5
a 269 373 8
a 269 767 9
a 270 775 8
a 271 59 6
a 271 218 2
a 271 486 7
a 272 277 8
a 273 216 4
a 273 785 8
a 273 796 1
a 274 73 6
a 274 615 2
a 275 389 3
a 276 407 3
a 276 565 4
a 277 473 7
a 278 801 2
a 279 100 7
a 279 213 5
a 279 360 4
a 279 572 6
a 279 611 10
a 279 845 6
a 280 286 3
a 281 118 7
a 281 968 6
a 282 113 1
a 283 147 6
a 283 756 4
a 284 572 6
a 284 694 2
a 285 191 3
a 285 792 5
a 286 17 6
a 287 180 3
a 288 216 9
a 289 138 5
a 290 329 6
a 290 512 8
a 291 259 8
a 291 317 6
a 292 569 8
a 293 338 9
a 294 443 8
a 295 190 5
a 295 680 9
a 296 770 9
a 297 231 9
a 297 557 6
a 298 334 1
a 298 397 8
a 298 679 6
a 298 760 6
a 299 447 3
a 299 819 10
a 300 567 10
a 300 641 3
a 301 141 1
a 302 992 2
a 303 256 9
a 303 734 8
a 304 56 3
a 305 431 10
a 305 555 3
a 306 13 2
a 306 493 7
a 307 430 6
a 307 667 3
a 308 62 3
a 308 948 2
a 309 963 4
a 310 701 3
a 311 14 4
a 311 76 2
a 311 87 8
a 312 64 9
a 312 389 7
a 313 275 3
a 313 452 2
a 313 690 4
a 314 31 7
a 314 133 9
a 314 511 8
a 315 449 7
a 316 380 9
a 317 93 8
a 317 793 3
a 317 961 5
a 318 496 8
a 318 573 3
a 319 793 5
a 320 506 6
a 321 95 1
a 321 834 2
a 322 358 3
a 323 484 6
a 323 910 8
a 324 398 10
a 325 623 6
a 325 657 3
a 326 565 1
a 326 862 5
a 327 309 6
a 327 541 4
a 327 868 7
a 328 172 4
a 329 89 1
a 329 651 3
a 329 746 3
a 329 999 9
a 330 717 1
a 330 744 10
a 331 792 5
a 332 412 5
a 332 819 8
a 333 599 2
a 333 814 9
a 334 386 2
a 335 2 8
a 335 338 6
a 335 805 1
a 335 846 8
a 336 392 6
a 337 847 2
a 337 896 6
a 338 425 10
a 338 531 3
a 338 640 3
a 338 649 5
a 338 902 7
a 339 429 2
a 339 732 8
a 339 893 8
a 340 214 9
a 340 669 3
a 340 700 8
a 341 793 1
a 342 303 7
a 342 523 6
a 342 988 9
a 343 126 3
a 343 513 6
a 344 358 5
a 345 3 1
a 345 85 3
a 346 485 7
a 346 571 5
a 347 686 5
a 348 564 9
a 348 725 4
a 349 359 7
a 350 114 2
a 350 616 4
a 350 925 5
a 351 141 1
a 351 197 2
a 351 208 3
a 351 554 7
a 351 991 9
a 352 340 6
a 352 484 1
a 352 921 9
a 352 982 9
a 353 187 1
a 354 219 9
a 354 249 4
a 355 960 3
a 356 927 5
a 357 84 9
a 358 274 8
a 359 224 9
a 359 459 10
a 360 618 4
a 360 747 9
a 360 922 7
a 361 689 2
a 361 758 10
a 362 92 8
a 363 158 9
a 364 214 2
a 364 877 5
a 365 462 1
a 366 434 9
a 366 554 9
a 366 670 8
a 367 187 9
a 367 562 9
a 368 553 1
a 368 653 6
a 369 5 10
a 369 67 1
a 369 483 6
a 370 687 2
a 371 38 1
a 372 452 9
a 373 292 1
a 374 128 5
a 374 416 9
a 375 168 10
a 375 766 3
a 376 94 10
a 376 176 4
a 376 931 5
a 377 285 3
a 377 870 9
a 377 997 4
a 378 446 3
a 378 611 3
a 378 891 4
a 379 133 2
a 379 258 8
a 380 603 9
a 380 740 3
a 380 811 9
a 381 63 4
a 381 128 9
a 382 871 1
a 382 895 10
a 383 26 6
a 383 393 6
a 383 632 4
a 383 709 2
a 384 582 1
a 384 726 8
a 384 915 3
a 385 206 8
a 385 528 6
a 386 680 4
a 387 174 8
a 387 262 5
a 388 279 8
a 388 954 1
a 389 173 8
a 389 525 3
a 389 836 10
a 389 976 4
a 390 494 1
a 391 337 5
a 391 480 1
a 391 533 3
a 391 937 1
a 392 241 5
a 392 524 4
a 393 106 2
a 393 330 9
a 393 542 9
a 393 613 6
a 393 978 2
a 394 817 3
a 395 236 5
a 395 712 3
a 395 750 4
a 396 438 9
a 397 353 4
a 398 996 2
a 399 109 6
a 400 116 2
a 400 138 6
a 400 595 4
a 401 183 2
a 402 67 8
a 402 625 5
a 402 904 9
a 403 226 10
a 403 300 6
a 404 152 6
a 405 25 9
a 406 709 9
a 407 33 1
a 407 706 7
a 408 813 1
a 409 156 1
a 409 603 5
a 410 497 1
a 410 519 1
a 410 821 6
a 411 298 7
a 411 938 5
a 411 962 3
a 412 4 8
a 412 13 1
a 413 268 9
a 413 416 9
a 414 16 9
a 414 455 2
a 415 502 1
a 416 34 4
a 416 648 10
a 417 155 4
a 418 880 4
a 419 425 8
a 419 608 4
a 419 886 9
a 420 97 2
a 420 184 6
a 420 194 5
a 421 992 4
a 422 91 2
a 422 237 4
a 422 480 9
a 423 713 6
a 423 738 6
a 424 163 7
a 425 583 10
a 426 593 7
a 427 707 6
a 428 850 10
a 428 881 6
a 429 176 9
a 429 526 2
a 429 813 10
a 430 198 5
a 430 398 8
a 430 635 7
a 431 551 3
a 431 675 3
a 432 2 10
a 432 369 4
a 432 404 4
a 433 209 8
a 433 458 1
a 434 710 4
a 435 315 1
a 435 800 6
a 436 566 1
a 436 656 9
a 437 232 3
a 437 858 5
a 438 96 7
a 438 576 10
a 439 385 9
a 439 419 7
a 440 7 10
a 440 74 7
a 441 651 4
a 441 755 3
a 442 285 6
a 442 295 9
a 443 492 10
a 443 618 8
a 444 293 7
a 445 437 4
a 446 129 6
a 446 367 8
a 446 765 4
a 447 123 7
a 447 581 7
a 448 352 4
a 448 991 8
a 449 279 4
a 449 317 3
a 449 824 2
a 450 173 1
a 451 165 5
a 451 865 8
a 452 875 1
a 452 965 1
a 453 262 8
a 454 466 5
a 454 479 1
a 455 609 4
a 455 974 9
a 456 111 6
a 456 715 6
a 456 739 9
a 457 78 10
a 457 436 6
a 457 767 7
a 457 768 6
a 458 257 5
a 458 273 7
a 458 423 1
a 458 710 5
a 458 837 3
a 459 3 5
a 460 451 3
a 461 419 2
a 462 955 5
a 463 384 1
a 464 247 6
a 465 291 9
a 465 833 8
a 466 344 7
a 466 667 2
a 467 452 1
a 468 830 9
a 469 40 1
a 469 331 9
a 469 467 3
a 470 152 4
a 470 325 8
a 470 419 1
a 471 289 9
a 471 489 9
a 472 634 6
a 473 243 6
a 474 818 1
a 475 860 8
a 476 41 6
a 476 646 10
a 476 706 10
a 477 846 10
a 478 585 8
a 478 591 4
a 478 840 6
a 479 460 2
a 479 819 5
a 480 690 2
a 480 754 4
a 481 522 10
a 482 69 4
a 482 138 2
a 483 234 10
a 483 590 8
a 483 642 9
a 483 666 6
a 484 102 7
a 484 304 6
a 485 415 2
a 485 674 10
a 486 744 8
a 486 928 2
a 487 93 8
a 488 768 6
a 489 472 5
a 490 207 9
a 491 255 2
a 492 570 8
a 492 677 6
a 493 164 8
a 493 683 3
a 494 279 6
a 494 384 10
a 494 820 2
a 495 487 1
a 496 61 1
a 496 863 7
a 497 524 2
a 498 205 6
a 499 729 6
a 500 88 2
a 500 306 3
a 501 37 4
a 501 81 3
a 501 477 2
a 502 404 10
a 503 39 10
a 503 630 9
a 503 956 2
a 504 810 2
a 505 151 1
a 505 512 2
a 505 687 5
a 506 256 4
a 506 291 5
a 507 221 9
a 507 287 1
a 508 937 4
a 509 179 5
a 509 256 7
a 509 459 9
a 510 943 5
a 511 251 10
a 511 709 6
a 511 912 6
a 512 213 7
a 512 724 10
a 513 899 8
a 514 268 10
a 514 346 10
a 515 495 3
a 515 524 3
a 516 826 10
a 516 924 6
a 516 964 7
a 517 114 10
a 517 596 4
a 518 332 2
a 519 766 8
a 519 879 7
a 520 140 5
a 520 473 3
a 521 957 2
a 522 262 3
a 522 385 5
a 522 429 2
a 522 682 6
a 523 16 9
a 523 578 9
a 523 780 7
a 524 467 3
a 524 772 6
a 524 822 7
a 525 199 9
a 525 383 8
a 525 684 1
a 526 305 1
a 527 587 9
a 527 653 5
a 527 983 6
a 528 548 10
a 528 841 2
a 529 909 8
a 530 3 4
a 531 649 9
a 531 995 9
a 532 228 4
a 532 597 10
a 533 206 4
a 534 289 3
a 534 827 6
a 535 312 6
a 535 553 9
a 536 48 5
a 536 587 5
a 536 685 3
a 537 147 4
a 537 157 7
a 537 713 5
a 538 477 10
a 538 510 6
a 539 184 8
a 539 422 7
a 540 826 3
a 541 647 7
a 541 882 7
a 542 760 7
a 543 180 10
a 543 907 8
a 544 126 8
a 544 358 3
a 545 404 5
a 546 101 8
a 546 227 10
a 547 775 2
a 547 895 2
a 548 600 2
a 548 908 9
a 549 564 5
a 550 251 5
a 550 597 6
a 551 271 1
a 551 372 6
a 551 576 5
a 551 948 4
a 552 90 4
a 552 966 10
a 553 267 9
a 554 212 7
a 554 387 10
a 554 560 9
a 554 699 3
a 554 945 9
a 555 330 10
a 556 561 1
a 556 728 2
a 557 24 8
a 557 974 8
a 558 454 1
a 559 94 10
a 560 36 5
a 561 757 7
a 561 990 1
a 562 866 2
a 563 578 7
a 563 848 2
a 564 706 1
a 565 39 3
a 565 96 5
a 565 406 1
a 565 433 8
a 566 319 1
a 566 945 6
a 566 986 8
a 567 507 4
a 568 870 4
a 569 186 8
a 569 539 4
a 570 300 3
a 570 407 1
a 570 873 8
a 571 782 5
a 572 276 10
a 572 946 5
a 573 465 3
a 573 695 1
a 573 951 6
a 574 644 5
a 574 994 1
a 575 685 6
a 575 732 5
a 575 982 9
a 576 14 7
a 576 169 9
a 577 411 8
a 578 366 6
a 578 444 4
a 579 580 9
a 579 687 10
a 580 390 3
a 580 517 3
a 580 819 7
a 580 997 7
a 581 121 10
a 582 651 3
a 582 797 10
a 582 816 4
a 583 12 2
a 583 14 10
a 584 137 1
a 584 646 6
a 584 720 1
a 585 148 10
a 585 893 2
a 586 484 8
a 587 250 2
a 587 520 10
a 588 301 9
a 588 699 6
a 588 872 1
a 589 69 5
a 589 539 1
a 590 437 6
a 591 227 9
a 591 627 7
a 592 335 6
a 593 157 8
a 593 393 4
a 593 661 2
a 594 329 8
a 594 855 3
a 595 951 6
a 596 644 6
a 597 548 8
a 598 350 7
a 598 963 9
a 599 311 7
a 599 670 1
a 600 307 10
a 600 394 8
a 600 409 8
a 600 909 1
a 601 429 5
a 602 121 6
a 602 760 10
a 602 777 5
a 603 97 3
a 603 103 6
a 603 617 8
a 604 120 5
a 604 364 2
a 604 402 9
a 604 866 5
a 605 75 10
a 605 411 3
a 606 291 3
a 607 2 6
a 607 524 4
a 608 21 5
a 608 159 6
a 608 425 6
a 609 592 3
a 610 462 8
a 610 533 7
a 610 854 9
a 611 661 10
a 612 630 4
a 613 482 10
a 613 736 1
a 614 182 8
a 614 620 10
a 614 930 9
a 615 991 9
a 616 856 1
a 617 68 8
a 617 305 10
a 617 975 6
a 618 76 3
a 618 166 3
a 618 503 4
a 618 534 8
a 619 328 10
a 619 573 8
a 619 761 4
a 619 920 4
a 620 423 2
a 620 573 10
a 621 230 9
a 621 298 2
a 621 674 3
a 622 663 1
a 623 224 5
a 623 277 9
a 623 521 7
a 624 58 3
a 625 740 6
a 626 10 4
a 626 266 4
a 626 341 6
a 626 988 5
a 627 490 8
a 627 588 6
a 627 678 5
a 628 47 6
a 629 291 7
a 629 785 8
a 629 831 9
a 630 81 2
a 631 105 4
a 632 468 3
a 633 65 3
a 634 161 8
a 634 940 6
a 635 241 9
a 635 834 7
a 636 240 6
a 636 313 5
a 636 321 1
a 636 822 9
a 636 856 9
a 637 859 5
a 637 953 6
a 638 437 8
a 638 498 2
a 639 249 6
a 640 159 1
a 640 774 7
a 641 386 5
a 641 807 8
a 641 847 10
a 642 22 5
a 642 294 5
a 643 106 8
a 643 577 5
a 644 558 4
a 645 162 1
a 645 686 6
a 646 296 5
a 646 429 9
a 646 882 9
a 647 252 2
a 647 694 3
a 648 5 9
a 648 190 1
a 648 444 6
a 649 310 10
a 649 405 5
a 650 794 10
a 650 969 10
a 651 259 3
a 652 695 4
a 652 993 10
a 653 431 7
a 653 681 5
a 654 533 1
a 655 294 3
a 656 271 2
a 656 549 6
a 656 552 3
a 657 582 1
a 658 346 2
a 659 340 1
a 660 297 10
a 660 656 6
a 660 800 2
a 661 686 9
a 661 883 6
a 662 110 7
a 662 535 7
a 663 380 1
a 663 599 3
a 664 126 7
a 664 395 1
a 665 72 3
a 665 347 3
a 665 382 6
a 665 423 6
a 665 587 9
a 665 1000 10
a 666 387 9
a 666 730 8
a 666 867 6
a 666 939 9
a 667 629 2
a 668 25 2
a 668 464 2
a 668 807 6
a 669 451 1
a 669 764 4
a 669 780 7
a 669 957 1
a 670 655 10
a 670 777 2
a 671 155 9
a 671 934 5
a 672 47 5
a 672 405 10
a 672 536 4
a 672 972 5
a 673 288 3
a 673 664 7
a 674 252 7
a 675 885 9
a 675 993 3
a 676 532 4
a 677 776 4
a 678 295 5
a 678 327 6
a 679 156 4
a 679 222 8
a 680 554 7
a 681 324 10
a 681 631 8
a 682 151 2
a 682 642 8
a 683 842 4
a 683 870 5
a 684 560 5
a 684 563 5
a 685 211 8
a 686 199 3
a 686 781 2
a 687 237 6
a 688 42 9
a 688 196 2
a 688 665 2
a 689 236 1
a 689 777 7
a 690 397 2
a 690 696 8
a 691 538 1
a 691 772 5
a 692 35 4
a 692 478 9
a 692 744 6
a 692 778 10
a 693 36 10
a 693 318 9
a 693 823 9
a 694 43 3
a 695 306 6
a 695 886 4
a 696 430 7
a 696 877 10
a 697 536 2
a 698 29 5
a 698 770 8
a 698 806 1
a 699 854 4
a 700 560 9
a 700 802 4
a 701 683 9
a 702 469 2
a 703 652 3
a 703 918 9
a 704 150 6
a 704 159 3
a 705 707 2
a 706 544 6
a 706 661 5
a 706 843 10
a 707 914 5
a 708 365 6
a 708 719 1
a 708 887 9
a 709 162 1
a 710 693 9
a 711 412 4
a 711 894 5
a 712 519 9
a 712 804 8
a 713 334 6
a 714 584 3
a 714 702 3
a 714 716 2
a 715 550 1
a 715 722 7
a 716 340 5
a 717 121 6
a 717 217 4
a 717 489 5
a 717 600 8
a 718 211 5
a 718 457 10
a 719 270 9
a 719 768 2
a 719 874 6
a 719 979 7
a 720 923 8
a 721 836 8
a 722 552 8
a 722 581 5
a 723 711 10
a 724 23 4
a 724 370 5
a 724 417 2
a 724 671 1
a 724 735 2
a 724 829 6
a 725 86 8
a 725 233 10
a 726 127 1
a 726 871 8
a 727 516 8
a 727 627 7
a 728 423 4
a 729 332 7
a 730 791 2
a 730 987 7
a 731 567 1
a 731 579 6
a 732 529 1
a 733 765 3
a 734 357 4
a 735 947 8
a 735 959 10
a 736 348 8
a 736 898 6
a 737 147 10
a 737 952 7
a 738 43 7
a 738 124 4
a 739 752 8
a 740 130 4
a 740 708 4
a 740 989 10
a 741 816 6
a 742 887 8
a 743 439 7
a 743 765 6
a 744 681 3
a 744 832 5
a 745 142 1
a 745 435 3
a 746 466 8
a 746 592 4
a 747 831 9
a 748 189 8
a 748 943 3
a 749 266 5
a 749 508 7
a 749 593 10
a 750 20 6
a 751 599 4
a 752 164 3
a 753 33 4
a 754 391 1
a 754 640 7
a 755 55 9
a 755 168 2
a 755 642 9
a 755 668 10
a 756 589 4
a 756 630 6
a 757 31 9
a 757 265 5
a 757 325 1
a 757 502 5
a 758 287 10
a 758 771 10
a 758 828 3
a 759 155 8
a 760 310 3
a 760 351 9
a 761 371 10
a 762 212 9
a 762 413 8
a 763 374 6
a 763 399 4
a 764 500 4
a 764 710 4
a 764 815 6
a 765 728 8
a 765 751 3
a 766 355 3
a 767 717 7
a 768 745 5
a 768 783 5
a 768 817 1
a 768 931 1
a 769 98 8
a 769 432 7
a 769 818 1
a 770 761 5
a 770 941 8
a 771 791 10
a 771 915 2
a 772 796 4
a 773 448 10
a 774 849 5
a 774 926 8
a 775 536 3
a 775 637 4
a 776 259 3
a 776 643 6
a 777 171 9
a 777 935 7
a 778 140 7
a 778 438 8
a 779 163 3
a 779 175 3
a 779 205 5
a 779 244 9
a 780 202 3
a 780 895 5
a 781 375 7
a 781 622 4
a 782 936 3
a 782 939 4
a 783 115 8
a 783 452 4
a 784 207 5
a 784 880 9
a 785 201 8
a 785 855 6
a 786 161 3
a 786 536 10
a 786 727 9
a 787 146 10
a 787 875 3
a 787 899 4
a 788 228 2
a 789 875 5
a 790 379 7
a 790 452 4
a 791 290 8
a 792 536 7
a 792 890 9
a 793 825 2
a 794 290 3
a 794 672 9
a 794 908 5
a 794 950 8
a 795 105 3
a 795 469 9
a 795 735 3
a 796 152 8
a 797 65 7
a 797 279 9
a 798 44 5
a 798 600 3
a 799 401 9
a 799 648 3
a 800 92 2
a 800 239 9
a 800 615 10
a 801 274 5
a 801 968 8
a 802 682 7
a 802 725 7
a 803 108 6
a 804 297 6
a 805 117 4
a 805 912 6
a 806 301 9
a 806 826 6
a 807 70 3
a 807 518 8
a 807 575 3
a 807 645 10
a 807 758 10
a 808 121 8
a 808 322 5
a 808 334 6
a 808 543 6
a 808 634 4
a 809 326 6
a 809 404 8
a 810 178 5
a 810 627 3
a 810 980 2
a 811 110 3
a 811 972 5
a 812 526 6
a 813 391 9
a 813 473 6
a 813 789 5
a 813 970 3
a 814 699 1
a 815 254 8
a 815 697 1
a 816 724 10
a 817 238 4
a 817 346 3
a 817 437 6
a 818 368 8
a 818 537 4
a 818 733 5
a 819 110 9
a 820 498 3
a 820 510 8
a 820 638 1
a 821 582 3
a 821 807 4
a 821 880 4
a 822 60 5
a 822 75 4
a 822 570 6
a 823 629 7
a 823 958 4
a 824 209 5
a 825 481 1
a 826 342 4
a 826 803 7
a 827 261 9
a 827 650 3
a 828 145 6
a 828 717 6
a 828 844 2
a 829 269 1
a 830 286 3
a 831 855 3
a 832 816 9
a 833 779 9
a 833 809 5
a 833 834 4
a 834 135 6
a 834 502 3
a 834 604 2
a 835 52 9
a 835 441 6
a 836 58 3
a 836 418 6
a 837 296 4
a 837 933 3
a 838 449 6
a 838 656 9
a 838 917 1
a 839 559 2
a 839 831 10
a 840 339 1
a 840 640 1
a 840 759 6
a 841 585 10
a 841 604 3
a 842 583 7
a 843 221 2
a 844 200 3
a 844 730 6
a 844 946 3
a 845 120 2
a 846 229 1
a 846 616 5
a 847 112 10
a 847 132 2
a 847 576 3
a 847 963 6
a 848 363 1
a 848 419 6
a 849 581 7
a 850 177 7
a 850 209 3
a 850 374 1
a 850 628 10
a 850 714 7
a 851 805 10
a 852 432 6
a 852 444 7
a 853 269 9
a 853 658 3
a 853 949 8
a 854 314 10
a 854 388 2
a 855 389 6
a 855 499 10
a 856 32 10
a 856 737 3
a 857 446 3
a 858 324 8
a 858 583 10
a 858 694 7
a 859 652 2
a 860 215 7
a 860 672 8
a 861 583 10
a 862 138 9
a 862 372 7
a 863 428 10
a 863 610 4
a 864 79 9
a 864 514 4
a 864 968 1
a 865 120 8
a 865 245 10
a 865 889 4
a 865 937 9
a 865 960 6
a 866 611 3
a 866 783 1
a 866 996 2
a 867 265 10
a 868 281 7
a 868 545 6
a 869 191 2
a 869 481 1
a 869 762 10
a 869 787 9
a 869 915 6
a 870 784 10
a 870 965 10
a 871 803 9
a 872 122 6
a 872 203 7
a 872 272 7
a 873 430 10
a 874 581 4
a 875 509 8
a 876 541 6
a 876 922 4
a 877 10 10
a 877 955 1
a 878 65 9
a 879 817 6
a 880 6 7
a 880 35 3
a 880 977 3
a 881 292 3
a 882 247 7
a 882 970 6
a 883 573 6
a 884 28 5
a 885 612 6
a 885 921 1
a 886 889 8
a 887 50 7
a 887 229 8
a 888 188 5
a 888 849 9
a 888 917 8
a 889 125 5
a 889 808 7
a 889 872 6
a 890 457 7
a 890 490 5
a 890 569 2
a 891 813 6
a 892 551 7
a 892 586 2
a 893 129 2
a 893 333 6
a 893 954 7
a 894 144 3
a 894 741 1
a 895 562 2
a 895 929 5
a 896 293 2
a 896 835 3
a 897 107 2
a 897 907 7
a 898 149 9
a 898 670 6
a 899 515 3
a 899 854 7
a 900 447 7
a 900 980 9
a 901 586 8
a 901 912 2
a 902 456 5
a 902 763 5
a 903 879 3
a 904 160 3
a 904 463 2
a 905 81 4
a 906 942 3
a 907 66 6
a 907 103 4
a 907 769 6
a 908 454 7
a 909 22 3
a 909 74 2
a 909 635 9
a 910 561 10
a 910 782 1
a 911 260 8
a 911 443 8
a 911 971 10
a 912 420 7
a 912 524 5
a 913 210 7
a 914 806 6
a 915 43 4
a 915 164 3
a 915 505 6
a 915 522 2
a 916 861 5
a 916 906 3
a 917 608 7
a 918 82 2
a 918 762 7
a 918 810 1
a 919 139 2
a 919 424 6
a 919 797 1
a 920 291 8
a 921 450 9
a 922 190 7
a 923 527 7
a 923 722 6
a 924 103 6
a 925 247 10
a 925 881 2
a 926 392 10
a 926 950 1
a 927 48 1
a 928 104 7
a 928 403 2
a 929 605 1
a 929 944 6
a 930 71 1
a 930 259 2
a 931 405 7
a 932 257 8
a 932 487 10
a 933 400 7
a 934 624 5
a 935 601 8
a 936 562 6
a 937 470 6
a 937 512 9
a 938 184 7
a 938 515 6
a 939 145 8
a 939 556 1
a 939 569 9
a 940 525 1
a 940 697 6
a 940 795 8
a 940 928 7
a 941 585 3
a 941 688 6
a 941 803 10
a 942 230 5
a 942 284 1
a 942 379 6
a 943 80 7
a 943 263 5
a 943 286 9
a 943 385 9
a 944 220 6
a 944 349 3
a 945 57 2
a 945 83 7
a 945 211 7
a 945 654 5
a 945 740 10
a 945 830 10
a 946 81 2
a 947 863 1
a 948 90 9
a 948 342 9
a 949 590 5
a 950 226 9
a 951 982 7
a 952 946 5
a 953 411 5
a 953 663 8
a 954 160 1
a 954 448 5
a 954 543 3
a 955 503 9
a 955 762 4
a 956 105 4
a 956 586 8
a 956 923 6
a 957 75 7
a 957 864 5
a 957 959 6
a 958 198 3
a 958 345 8
a 958 440 8
a 958 610 2
a 959 349 2
a 959 1000 5
a 960 364 6
a 960 492 7
a 960 652 3
a 961 458 1
a 961 704 8
a 962 282 10
a 962 716 2
a 962 934 10
a 963 46 9
a 963 690 5
a 964 653 5
a 964 884 6
a 965 477 7
a 965 847 6
a 966 10 2
a 966 51 2
a 966 407 8
a 967 676 1
a 968 624 10
a 968 856 7
a 969 316 9
a 970 20 3
a 970 662 10
a 970 785 8
a 971 311 10
a 972 90 5
a 973 23 4
a 974 65 3
a 974 968 3
a 975 134 6
a 975 489 2
a 975 665 2
a 976 472 5
a 977 81 7
a 978 394 10
a 979 28 8
a 979 332 10
a 979 837 8
a 980 9 5
a 980 788 10
a 981 476 2
a 981 783 2
a 982 754 9
a 983 798 5
a 984 32 10
a 984 748 1
a 985 32 7
a 986 246 3
a 986 829 6
a 987 524 5
a 987 812 2
a 988 122 1
a 988 239 5
a 989 944 9
a 990 116 8
a 990 972 4
a 991 361 5
a 991 546 3
a 992 927 3
a 993 225 7
a 993 574 1
a 993 838 5
a 993 932 7
a 994 15 5
a 994 49 10
a 995 282 6
a 995 686 7
a 995 897 9
a 996 642 4
a 997 20 7
a 998 167 2
a 998 832 9
a 998 835 9
a 998 969 4
a 999 237 3
a 999 577 9
a 999 853 9
