p max 100 200
n 1 s
n 100 t
a 1 34 6
a 2 47 6
a 2 53 4
a 2 79 8
a 3 4 6
a 3 37 3
a 3 77 9
a 4 25 9
a 5 42 10
a 5 88 1
a 6 45 9
a 7 35 2
a 7 99 4
a 8 12 8
a 8 64 9
a 8 88 7
a 9 27 8
a 9 68 5
a 9 70 4
a 9 89 2
a 10 2 10
a 10 12 3
a 11 8 8
a 11 13 8
a 12 25 5
a 12 95 7
a 13 54 7
a 14 39 4
a 15 16 5
a 15 57 10
a 16 42 6
a 17 20 1
a 17 24 5
a 17 29 1
a 17 99 4
a 18 45 7
a 18 95 1
a 19 28 3
a 19 66 9
a 19 92 2
a 20 62 5
a 21 22 3
a 21 25 7
a 21 60 7
a 22 23 10
a 22 40 10
a 23 25 5
a 23 74 6
a 24 28 10
a 24 32 2
a 24 93 6
a 25 89 7
a 26 86 9
a 27 84 3
a 28 21 8
a 28 62 3
a 28 67 5
a 29 2 10
a 29 47 1
a 29 78 5
a 29 80 3
a 29 100 6
a 30 63 8
a 30 75 9
a 31 91 4
a 32 52 6
a 33 41 9
a 33 87 7
a 34 51 3
a 34 97 5
a 35 83 5
a 36 35 7
a 37 50 9
a 38 29 9
a 38 48 1
a 38 86 9
a 39 7 3
a 39 85 4
a 39 86 5
a 39 97 9
a 40 9 5
a 40 31 2
a 40 56 10
a 40 90 8
a 41 13 4
a 42 69 3
a 42 96 9
a 43 52 1
a 43 56 8
a 44 37 8
a 44 43 8
a 45 35 8
a 46 19 10
a 47 43 8
a 47 54 2
a 48 54 3
a 48 58 8
a 49 14 4
a 49 17 9
a 49 38 7
a 50 12 6
a 50 49 1
a 51 48 9
a 52 18 5
a 52 33 7
a 53 30 3
a 54 3 3
a 54 33 1
a 55 80 6
a 56 44 6
a 56 83 3
a 57 27 2
a 57 69 6
a 58 5 4
a 58 77 6
a 59 63 3
a 60 5 1
a 60 69 7
a 61 32 3
a 61 81 5
a 62 12 1
a 63 31 5
a 63 48 7
a 64 21 8
a 64 36 4
a 64 55 6
a 64 94 5
a 65 30 2
a 65 34 10
a 65 87 5
a 66 42 7
a 66 62 9
a 66 89 1
a 67 6 1
a 67 31 7
a 67 40 8
a 67 72 3
a 68 73 4
a 68 84 7
a 69 18 3
a 69 100 7
a 70 71 10
a 70 98 3
a 70 99 4
a 71 47 4
a 72 26 4
a 72 96 8
a 73 17 4
a 73 35 7
a 73 60 8
a 74 10 8
a 74 27 9
a 74 61 1
a 75 62 5
a 75 98 10
a 76 19 1
a 76 50 7
a 76 65 9
a 76 67 10
a 77 11 5
a 77 78 1
a 78 28 3
a 79 72 2
a 79 82 4
a 80 11 9
a 80 30 9
a 81 5 6
a 82 74 7
a 83 69 4
a 83 75 7
a 84 13 10
a 84 20 4
a 84 91 3
a 85 46 10
a 85 84 5
a 86 40 4
a 87 15 4
a 87 26 8
a 87 39 5
a 87 44 6
a 88 40 8
a 88 64 10
a 89 28 4
a 89 37 4
a 90 72 7
a 90 73 10
a 91 16 4
a 91 18 3
a 92 80 4
a 93 54 10
a 94 29 4
a 94 76 4
a 95 47 5
a 95 57 1
a 96 60 1
a 97 20 2
a 97 59 6
a 98 8 4
a 98 29 9
a 99 61 4
