p max 100 200
n 1 s
n 100 t
a 1 93 6
a 2 35 10
a 2 36 9
a 2 70 4
a 2 82 2
a 3 80 5
a 4 20 6
a 4 59 3
a 4 63 5
a 4 98 9
a 5 62 4
a 5 67 10
a 5 91 10
a 6 10 8
a 6 83 9
a 7 66 3
a 7 91 3
a 8 29 7
a 8 91 8
a 9 5 3
a 9 54 8
a 9 55 8
a 9 87 4
a 10 55 3
a 11 17 10
a 11 92 7
a 12 36 1
a 12 65 6
a 12 69 1
a 13 53 5
a 14 26 6
a 14 63 8
a 14 64 3
a 14 83 9
a 15 29 5
a 15 77 9
a 16 60 3
a 16 74 9
a 16 98 5
a 17 79 5
a 18 2 8
a 18 72 10
a 19 95 6
a 20 27 5
a 21 9 10
a 21 28 9
a 21 32 2
a 21 74 3
a 21 84 9
a 22 24 9
a 22 71 4
a 23 13 7
a 23 78 9
a 24 41 4
a 24 69 7
a 25 95 3
a 26 3 9
a 26 44 7
a 26 86 9
a 27 61 6
a 28 3 9
a 29 68 9
a 30 29 1
a 31 28 6
a 31 68 9
a 31 100 8
a 32 15 2
a 32 87 5
a 33 86 4
a 33 89 1
a 34 30 3
a 34 87 9
a 35 91 10
a 36 15 3
a 37 7 2
a 37 14 2
a 38 50 6
a 38 53 7
a 38 96 8
a 39 19 2
a 39 99 4
a 40 29 7
a 40 41 6
a 41 4 3
a 42 79 5
a 43 82 2
a 44 11 5
a 44 84 3
a 45 12 1
a 46 11 4
a 47 20 5
a 47 95 10
a 48 100 2
a 49 60 5
a 50 41 10
a 51 56 5
a 52 97 2
a 53 74 9
a 53 77 9
a 54 46 10
a 54 51 1
a 55 38 10
a 55 92 9
a 56 25 9
a 56 31 9
a 56 35 6
a 56 83 1
a 56 88 2
a 57 3 9
a 57 23 6
a 57 59 1
a 58 27 5
a 58 71 10
a 58 80 9
a 59 68 3
a 59 81 6
a 60 75 6
a 60 99 10
a 61 66 5
a 62 8 6
a 62 53 8
a 62 81 9
a 63 5 10
a 63 42 1
a 63 85 4
a 64 39 4
a 64 76 4
a 64 88 7
a 65 53 6
a 65 94 5
a 66 6 9
a 66 40 9
a 66 58 9
a 67 88 8
a 67 90 7
a 68 12 5
a 68 34 1
a 68 49 9
a 68 66 7
a 69 83 4
a 70 10 3
a 70 16 9
a 71 35 2
a 72 8 2
a 73 76 6
a 74 45 1
a 74 73 2
a 75 6 5
a 76 31 8
a 77 38 5
a 77 56 2
a 77 87 4
a 78 15 7
a 78 22 4
a 79 7 1
a 79 8 2
a 79 49 6
a 79 97 8
a 80 57 6
a 80 76 10
a 81 84 6
a 82 47 8
a 82 78 9
a 82 84 6
a 83 2 9
a 83 52 7
a 84 87 6
a 85 14 4
a 85 61 8
a 86 23 5
a 86 100 8
a 87 21 5
a 87 51 2
a 88 15 2
a 88 36 7
a 88 37 6
a 88 40 7
a 88 100 3
a 89 16 6
a 89 71 4
a 90 18 7
a 90 26 8
a 91 79 3
a 91 93 5
a 92 4 1
a 92 9 1
a 92 63 5
a 93 9 1
a 94 42 4
a 95 24 8
a 95 75 9
a 96 19 4
a 96 33 10
a 97 36 6
a 97 43 2
a 97 73 10
a 98 21 10
a 98 65 3
a 99 48 1
a 99 66 3
