p max 1000 2000
n 1 s
n 1000 t
a 1 742 6
a 1 860 2
a 2 311 10
a 2 933 6
a 3 943 3
a 4 361 9
a 4 491 10
a 4 593 2
a 4 712 3
a 5 732 7
a 6 279 5
a 6 297 6
a 6 380 7
a 6 504 4
a 7 235 2
a 7 573 7
a 8 880 1
a 9 530 5
a 9 840 7
a 10 525 4
a 10 766 8
a 10 816 7
a 11 330 9
a 12 25 4
a 12 32 8
a 13 494 6
a 14 577 8
a 14 745 8
a 14 785 1
a 15 90 2
a 15 286 4
a 15 778 4
a 15 928 9
a 16 553 7
a 16 805 10
a 17 725 7
a 18 352 2
a 18 367 5
a 18 614 8
a 19 14 4
a 19 119 7
a 19 334 6
a 19 616 10
a 19 652 8
a 19 877 10
a 20 61 3
a 20 378 9
a 20 390 6
a 20 713 6
a 21 489 7
a 21 534 9
a 22 97 6
a 22 304 3
a 22 752 1
a 23 273 6
a 23 344 7
a 24 223 1
a 24 461 7
a 25 56 7
a 25 281 9
a 26 225 2
a 27 935 10
a 28 868 9
a 29 492 6
a 30 23 4
a 30 595 7
a 30 854 4
a 31 627 7
a 31 637 8
a 32 145 4
a 32 265 7
a 32 715 7
a 32 867 1
a 33 381 2
a 33 830 4
a 33 927 3
a 34 700 6
a 35 502 2
a 36 583 7
a 36 711 10
a 36 906 3
a 37 272 3
a 38 207 5
a 38 388 3
a 38 623 9
a 39 507 3
a 39 766 6
a 40 15 7
a 40 436 10
a 40 618 7
a 40 999 9
a 41 110 10
a 41 364 6
a 42 701 5
a 43 882 7
a 44 20 8
a 45 717 5
a 45 826 8
a 46 279 6
a 46 447 7
a 46 768 7
a 47 610 1
a 48 919 10
a 49 66 7
a 49 151 5
a 49 253 6
a 50 675 1
a 51 151 5
a 51 965 10
a 52 111 10
a 53 764 1
a 53 918 9
a 54 862 8
a 54 915 2
a 55 745 5
a 55 773 8
a 56 116 10
a 56 392 6
a 56 891 9
a 57 594 2
a 57 762 4
a 58 247 8
a 58 267 7
a 58 361 1
a 59 906 3
a 60 746 2
a 61 308 10
a 61 696 5
a 62 285 6
a 62 716 8
a 62 801 5
a 63 828 9
a 63 832 4
a 63 998 10
a 64 266 8
a 64 601 3
a 64 663 4
a 65 303 3
a 66 317 3
a 67 845 10
a 67 943 8
a 68 865 2
a 69 399 8
a 69 856 8
a 70 514 8
a 70 658 9
a 71 283 6
a 71 708 3
a 71 810 4
a 72 32 5
a 72 182 6
a 72 412 4
a 72 577 1
a 72 994 5
a 73 620 4
a 74 693 3
a 74 935 5
a 75 615 9
a 75 750 3
a 76 24 9
a 77 725 6
a 78 712 1
a 79 206 4
a 79 441 2
a 80 114 4
a 80 472 9
a 80 702 5
a 80 963 3
a 81 416 7
a 81 457 1
a 81 926 6
a 82 413 5
a 82 670 4
a 83 87 9
a 83 108 7
a 83 440 1
a 84 129 7
a 84 493 4
a 85 329 1
a 85 902 3
a 86 735 10
a 86 806 2
a 87 80 10
a 87 346 4
a 87 638 9
a 87 776 1
a 88 350 1
a 89 895 3
a 90 150 6
a 91 446 2
a 92 509 1
a 92 516 8
a 92 705 8
a 93 25 4
a 93 256 5
a 93 420 5
a 93 757 1
a 93 808 4
a 94 574 4
a 95 271 9
a 95 308 9
a 96 387 3
a 96 985 6
a 97 644 3
a 98 179 6
a 98 453 3
a 98 681 1
a 98 771 8
a 99 336 8
a 99 437 9
a 99 894 6
a 100 338 9
a 101 179 4
a 101 748 6
a 102 90 7
a 102 305 8
a 102 318 9
a 103 454 9
a 103 544 1
a 104 219 9
a 105 62 3
a 105 170 8
a 105 337 4
a 106 147 10
a 107 195 6
a 108 941 3
a 109 99 4
a 110 213 7
a 110 627 5
a 110 718 2
a 111 245 9
a 111 309 4
a 112 344 6
a 112 400 7
a 112 409 2
a 112 430 5
a 112 519 10
a 113 94 3
a 114 507 4
a 114 656 3
a 114 664 8
a 115 111 5
a 115 426 2
a 116 109 4
a 116 755 8
a 117 358 3
a 117 567 9
a 117 956 4
a 118 350 2
a 118 582 8
a 119 97 9
a 119 450 5
a 120 592 4
a 120 823 9
a 121 245 8
a 122 155 5
a 122 161 6
a 123 679 1
a 123 900 8
a 124 320 1
a 124 893 7
a 125 332 3
a 126 108 6
a 126 239 3
a 127 157 8
a 127 354 8
a 127 492 6
a 128 506 7
a 128 558 4
a 129 568 10
a 129 870 2
a 129 980 6
a 130 581 2
a 131 369 9
a 132 422 1
a 133 603 9
a 134 288 2
a 134 958 9
a 135 240 9
a 135 887 9
a 135 932 4
a 136 18 4
a 136 137 3
a 137 689 3
a 137 777 9
a 138 382 6
a 138 466 4
a 139 250 9
a 139 641 8
a 140 826 1
a 141 134 5
a 141 727 7
a 141 939 8
a 141 973 5
a 142 36 3
a 142 207 2
a 142 799 2
a 143 38 6
a 144 978 3
a 145 95 10
a 145 790 10
a 146 144 6
a 146 850 3
a 147 257 5
a 148 15 4
a 148 522 1
a 149 267 4
a 149 308 2
a 150 957 9
a 151 117 5
a 152 121 2
a 152 818 6
a 152 819 2
a 152 981 5
a 153 68 4
a 153 87 9
a 154 751 6
a 155 333 1
a 156 259 8
a 156 738 2
a 156 803 5
a 156 997 4
a 157 761 6
a 158 7 6
a 158 160 1
a 158 190 10
a 158 682 3
a 159 818 3
a 160 804 7
a 160 988 1
a 161 339 10
a 161 839 8
a 162 60 3
a 162 277 3
a 162 655 3
a 162 856 9
a 162 933 1
a 163 676 7
a 164 7 4
a 164 240 4
a 165 241 1
a 165 818 10
a 166 23 4
a 166 194 5
a 166 212 6
a 166 813 9
a 167 233 3
a 167 827 10
a 168 64 1
a 168 836 1
a 168 846 7
a 168 906 6
a 168 995 10
a 169 633 6
a 170 120 2
a 171 832 5
a 172 911 8
a 173 235 10
a 174 532 8
a 174 751 7
a 174 935 4
a 175 242 1
a 175 715 2
a 175 904 2
a 176 576 1
a 177 149 10
a 177 840 4
a 177 847 3
a 178 25 5
a 178 897 9
a 179 415 6
a 180 839 5
a 181 838 9
a 181 840 5
a 182 515 5
a 182 706 4
a 183 824 10
a 183 830 3
a 184 363 8
a 184 370 8
a 185 537 3
a 185 655 7
a 186 287 3
a 186 299 6
a 186 321 3
a 187 99 8
a 188 191 4
a 189 513 1
a 189 805 4
a 189 996 1
a 190 35 8
a 190 948 6
a 191 104 7
a 191 876 4
a 192 107 8
a 192 765 10
a 192 980 2
a 193 415 2
a 193 931 10
a 194 358 9
a 195 939 6
a 196 88 1
a 196 290 8
a 197 432 7
a 197 684 7
a 198 354 5
a 199 640 8
a 199 751 6
a 200 896 10
a 200 920 1
a 201 579 10
a 202 44 6
a 203 633 8
a 203 810 3
a 203 872 6
a 204 692 5
a 204 993 4
a 205 43 1
a 205 226 10
a 205 460 3
a 205 746 7
a 206 416 7
a 206 597 2
a 207 517 2
a 207 831 1
a 208 586 6
a 208 909 3
a 209 154 6
a 209 299 10
a 209 710 6
a 210 106 7
a 210 908 6
a 210 931 8
a 211 566 4
a 211 875 5
a 212 98 7
a 212 860 2
a 213 97 6
a 213 216 2
a 213 602 3
a 214 614 5
a 214 769 9
a 215 444 8
a 215 685 1
a 216 385 6
a 216 485 2
a 216 635 3
a 217 391 1
a 217 509 2
a 217 700 5
a 217 890 7
a 218 151 10
a 218 857 8
a 219 248 6
a 219 268 6
a 220 444 4
a 220 889 1
a 220 913 2
a 221 130 1
a 221 873 4
a 222 147 3
a 222 355 8
a 222 814 1
a 223 909 10
a 224 558 10
a 224 566 6
a 225 76 9
a 226 132 8
a 227 617 3
a 227 638 3
a 228 128 2
a 228 291 2
a 228 391 3
a 228 809 10
a 229 95 9
a 229 426 9
a 230 649 3
a 230 952 7
a 231 214 7
a 231 238 7
a 231 667 6
a 232 484 5
a 232 911 10
a 233 6 4
a 233 8 4
a 233 665 9
a 234 163 8
a 234 716 5
a 235 940 4
a 235 961 7
a 236 264 8
a 237 72 8
a 237 855 4
a 238 581 9
a 239 333 6
a 240 243 7
a 240 505 8
a 241 208 7
a 241 639 1
a 242 260 10
a 242 365 7
a 243 118 4
a 243 422 7
a 243 631 9
a 244 601 2
a 245 905 1
a 246 511 9
a 246 636 1
a 246 828 4
a 247 602 4
a 248 451 9
a 248 470 6
a 248 722 8
a 248 976 1
a 249 96 2
a 250 109 3
a 250 293 6
a 251 269 1
a 252 614 5
a 252 699 4
a 253 120 10
a 253 560 4
a 253 954 9
a 254 263 8
a 254 697 9
a 254 772 3
a 255 541 6
a 255 594 1
a 255 631 3
a 256 769 6
a 257 517 6
a 257 652 4
a 258 968 7
a 259 191 3
a 259 892 6
a 259 907 3
a 260 355 2
a 260 557 1
a 261 759 6
a 262 581 10
a 263 13 6
a 263 836 9
a 264 144 8
a 264 224 3
a 265 63 4
a 265 328 1
a 265 362 6
a 266 597 3
a 266 777 2
a 266 810 10
a 267 271 7
a 267 293 3
a 267 575 10
a 268 353 6
a 269 53 1
a 269 71 8
a 269 398 4
a 269 428 10
a 270 62 3
a 271 172 8
a 272 550 7
a 272 704 10
a 273 283 3
a 273 366 3
a 273 638 7
a 274 205 4
a 274 645 10
a 274 662 7
a 274 725 3
a 275 341 9
a 276 307 1
a 276 345 5
a 276 386 9
a 276 750 10
a 277 185 6
a 277 808 2
a 278 176 3
a 278 792 8
a 278 886 8
a 279 446 6
a 279 502 8
a 280 135 8
a 280 565 7
a 280 577 7
a 280 802 7
a 281 245 10
a 282 193 2
a 282 515 7
a 283 481 6
a 284 100 5
a 284 256 1
a 284 264 10
a 284 410 9
a 285 981 5
a 286 82 2
a 286 200 3
a 286 320 3
a 286 959 3
a 287 230 2
a 288 969 10
a 289 455 7
a 289 651 10
a 289 987 10
a 290 629 6
a 290 716 8
a 291 165 9
a 291 684 6
a 292 72 3
a 292 426 5
a 293 622 10
a 294 365 2
a 294 467 7
a 294 698 5
a 294 864 6
a 295 902 7
a 296 58 8
a 296 626 8
a 297 378 4
a 298 2 3
a 298 418 3
a 299 246 10
a 300 169 7
a 300 244 1
a 300 560 4
a 301 33 8
a 301 790 10
a 302 289 10
a 303 644 2
a 304 576 7
a 304 697 1
a 304 946 7
a 305 184 8
a 305 875 10
a 305 960 5
a 306 746 6
a 307 76 1
a 307 423 8
a 307 746 10
a 308 184 8
a 308 508 4
a 309 508 1
a 310 5 6
a 310 475 5
a 310 561 4
a 311 234 2
a 311 751 9
a 311 989 8
a 312 59 4
a 312 937 2
a 313 167 4
a 313 354 5
a 313 916 7
a 314 479 7
a 314 861 9
a 314 868 10
a 315 111 8
a 316 756 1
a 317 234 4
a 317 428 5
a 317 764 10
a 318 510 4
a 319 587 5
a 320 229 7
a 320 842 5
a 321 101 6
a 321 398 7
a 321 851 4
a 322 936 2
a 323 875 5
a 324 60 7
a 324 269 8
a 324 651 4
a 325 344 10
a 325 883 7
a 326 734 3
a 327 921 7
a 328 453 9
a 329 708 10
a 330 578 2
a 331 45 10
a 331 175 1
a 331 288 8
a 331 600 4
a 332 93 4
a 332 588 5
a 332 701 9
a 333 38 7
a 333 581 10
a 334 806 2
a 335 192 5
a 335 528 2
a 336 784 1
a 337 190 6
a 337 678 6
a 338 112 6
a 338 130 10
a 339 211 10
a 339 473 8
a 340 487 9
a 341 694 4
a 341 826 6
a 342 958 5
a 342 978 7
a 343 714 9
a 343 997 6
a 344 143 2
a 345 491 7
a 346 579 4
a 346 693 7
a 347 918 7
a 348 188 7
a 349 80 5
a 350 75 2
a 350 798 1
a 351 536 3
a 351 682 6
a 352 128 9
a 352 458 5
a 352 815 8
a 353 196 3
a 353 734 1
a 353 747 5
a 353 849 8
a 354 28 4
a 354 231 10
a 355 298 10
a 355 550 9
a 355 842 10
a 356 48 9
a 356 678 8
a 357 443 8
a 358 302 4
a 358 345 8
a 359 779 2
a 360 59 1
a 360 459 5
a 360 521 7
a 360 605 3
a 361 542 8
a 362 643 10
a 363 418 2
a 364 96 6
a 365 345 5
a 365 481 4
a 365 807 5
a 366 105 6
a 366 314 3
a 366 489 8
a 366 564 7
a 366 786 7
a 367 477 10
a 367 875 3
a 368 127 7
a 368 186 4
a 369 405 8
a 369 706 2
a 370 631 3
a 371 514 8
a 371 949 2
a 372 555 7
a 373 945 10
a 373 953 9
a 374 218 3
a 374 353 1
a 374 653 3
a 375 330 5
a 375 343 2
a 375 500 2
a 375 612 3
a 376 411 2
a 376 885 10
a 377 25 6
a 377 126 2
a 378 29 3
a 378 389 8
a 378 586 7
a 378 652 10
a 379 876 10
a 380 206 4
a 380 359 8
a 381 84 9
a 381 377 5
a 381 627 6
a 382 48 2
a 382 961 2
a 382 962 1
a 383 399 10
a 383 706 4
a 384 885 2
a 385 69 3
a 385 528 1
a 386 63 6
a 387 190 4
a 387 480 2
a 387 760 8
a 388 369 7
a 388 984 8
a 389 73 8
a 389 149 1
a 389 885 1
a 390 203 5
a 390 961 5
a 391 197 5
a 391 881 5
a 391 908 9
a 392 188 10
a 393 92 1
a 393 566 6
a 394 706 3
a 395 162 9
a 395 644 3
a 396 433 8
a 397 677 7
a 397 827 10
a 398 650 1
a 399 102 1
a 399 611 8
a 399 705 5
a 400 208 10
a 401 50 1
a 402 674 3
a 402 681 3
a 403 359 3
a 404 276 9
a 404 395 9
a 404 492 9
a 404 728 4
a 405 11 3
a 405 594 9
a 405 817 6
a 405 874 5
a 406 148 10
a 406 178 9
a 406 832 9
a 407 550 2
a 407 780 9
a 407 949 9
a 408 818 8
a 409 325 2
a 410 152 7
a 410 537 9
a 411 244 6
a 412 506 4
a 413 605 3
a 414 769 6
a 415 213 5
a 415 534 10
a 415 730 3
a 416 87 7
a 416 143 7
a 417 831 10
a 418 436 9
a 418 800 8
a 418 973 5
a 419 88 4
a 419 210 9
a 419 480 10
a 420 567 3
a 421 28 9
a 422 555 3
a 422 705 8
a 423 376 6
a 424 849 10
a 425 91 10
a 425 534 6
a 425 938 3
a 426 679 6
a 427 166 10
a 427 262 3
a 427 614 3
a 427 630 5
a 427 919 4
a 428 592 4
a 428 753 5
a 429 566 4
a 430 65 8
a 430 549 4
a 430 689 1
a 431 295 2
a 431 403 3
a 431 476 8
a 431 523 10
a 431 945 2
a 432 99 2
a 432 309 7
a 432 408 8
a 433 776 2
a 434 10 10
a 435 44 2
a 435 440 10
a 435 529 3
a 436 35 2
a 436 531 5
a 436 888 2
a 436 921 6
a 437 427 3
a 437 558 3
a 438 797 9
a 438 854 4
a 439 882 8
a 440 845 10
a 440 947 1
a 441 189 8
a 441 257 7
a 441 417 9
a 442 74 9
a 442 279 5
a 442 484 7
a 443 304 6
a 443 869 1
a 444 144 10
a 444 777 6
a 445 165 6
a 445 213 10
a 446 274 9
a 446 383 3
a 446 598 8
a 447 76 8
a 447 208 5
a 448 125 6
a 448 754 2
a 449 5 6
a 449 558 1
a 450 8 3
a 451 51 7
a 451 585 9
a 452 515 2
a 452 671 5
a 453 10 4
a 453 383 3
a 453 930 4
a 454 25 7
a 455 34 5
a 455 237 3
a 455 475 4
a 456 180 2
a 456 581 9
a 457 413 7
a 458 678 8
a 459 323 1
a 459 325 5
a 459 328 7
a 459 437 7
a 460 310 3
a 461 272 9
a 461 362 6
a 462 668 8
a 462 772 5
a 463 22 7
a 463 181 6
a 463 707 7
a 464 225 1
a 464 666 8
a 464 991 4
a 465 508 8
a 465 559 4
a 466 375 4
a 466 821 8
a 467 171 10
a 467 717 8
a 467 876 4
a 468 428 6
a 468 434 1
a 468 443 4
a 468 895 5
a 469 303 4
a 469 349 10
a 469 453 3
a 470 241 1
a 471 50 9
a 471 481 2
a 471 837 9
a 472 30 9
a 472 883 5
a 473 393 5
a 473 970 3
a 474 439 6
a 474 753 5
a 475 632 5
a 475 796 1
a 476 672 9
a 477 543 3
a 477 784 8
a 478 474 1
a 478 624 7
a 478 878 1
a 479 96 1
a 480 405 8
a 481 27 10
a 482 152 8
a 483 85 7
a 483 555 8
a 484 127 8
a 485 70 2
a 485 251 2
a 485 563 5
a 485 609 8
a 486 374 8
a 486 406 1
a 486 648 4
a 487 447 3
a 488 707 2
a 488 792 3
a 489 478 10
a 490 75 3
a 490 657 7
a 491 244 7
a 491 839 8
a 492 292 5
a 493 28 9
a 493 77 10
a 494 8 10
a 494 173 10
a 494 254 6
a 495 832 4
a 495 971 8
a 496 457 3
a 497 969 6
a 498 31 6
a 499 12 4
a 499 274 5
a 499 969 4
a 500 285 7
a 500 340 8
a 500 356 8
a 501 79 7
a 501 306 8
a 502 281 7
a 503 643 7
a 504 426 6
a 504 759 6
a 505 168 5
a 505 733 6
a 505 944 7
a 506 138 10
a 506 602 2
a 507 315 2
a 507 975 2
a 508 371 8
a 508 461 4
a 508 580 6
a 509 649 7
a 510 653 7
a 511 785 2
a 512 873 10
a 513 672 2
a 514 96 10
a 514 604 6
a 515 226 3
a 515 675 8
a 515 820 5
a 515 979 8
a 516 87 2
a 516 275 2
a 517 651 5
a 518 47 7
a 518 149 10
a 518 198 10
a 518 865 6
a 518 971 6
a 519 415 7
a 519 469 2
a 519 905 5
a 520 406 1
a 520 819 5
a 521 449 6
a 521 483 3
a 521 501 1
a 521 525 5
a 521 794 5
a 522 40 2
a 522 929 2
a 523 748 3
a 523 830 4
a 523 910 9
a 524 280 9
a 525 80 7
a 525 146 1
a 525 235 9
a 526 442 5
a 526 894 3
a 527 462 10
a 527 650 7
a 527 947 6
a 528 33 7
a 528 360 6
a 528 376 8
a 528 818 2
a 529 862 4
a 530 997 5
a 531 27 6
a 531 456 6
a 531 513 6
a 531 688 6
a 532 306 7
a 532 546 9
a 533 363 5
a 534 8 1
a 534 221 3
a 534 513 6
a 535 159 10
a 536 918 1
a 537 142 5
a 537 873 2
a 538 83 4
a 538 117 4
a 538 122 6
a 539 106 7
a 539 131 3
a 539 503 7
a 539 531 3
a 540 155 4
a 540 433 9
a 541 736 1
a 541 872 3
a 542 282 9
a 542 831 6
a 543 219 1
a 543 357 10
a 544 527 10
a 545 631 3
a 545 656 9
a 546 648 1
a 547 471 7
a 547 627 4
a 548 523 3
a 548 914 3
a 548 956 1
a 549 174 4
a 550 834 4
a 551 783 8
a 552 246 10
a 552 402 9
a 552 683 2
a 553 781 9
a 554 2 1
a 554 408 5
a 554 445 9
a 554 726 6
a 555 598 6
a 556 58 2
a 557 226 7
a 558 587 6
a 558 621 3
a 558 922 10
a 559 688 8
a 559 723 7
a 559 738 7
a 560 294 10
a 560 338 4
a 561 170 10
a 561 900 6
a 562 188 1
a 562 264 7
a 562 634 6
a 562 848 4
a 563 305 9
a 563 390 9
a 564 401 6
a 565 231 1
a 565 741 3
a 566 135 8
a 566 255 2
a 567 249 5
a 567 348 5
a 567 401 1
a 567 845 9
a 568 595 1
a 569 56 1
a 569 425 6
a 569 573 8
a 569 1000 4
a 570 746 5
a 570 968 8
a 571 589 1
a 571 985 1
a 572 375 2
a 572 603 10
a 572 849 1
a 573 754 5
a 574 535 1
a 574 811 1
a 575 268 3
a 575 695 10
a 575 707 7
a 575 743 8
a 575 878 9
a 576 320 4
a 577 10 5
a 577 324 10
a 578 424 3
a 579 931 4
a 580 825 9
a 581 469 9
a 581 590 9
a 581 619 4
a 582 236 6
a 583 378 3
a 584 204 7
a 584 340 4
a 585 26 6
a 586 38 8
a 586 341 5
a 586 686 10
a 586 901 3
a 587 35 9
a 587 599 9
a 588 86 1
a 588 659 1
a 588 779 9
a 589 168 8
a 590 431 6
a 590 596 9
a 591 73 4
a 591 212 2
a 592 840 6
a 592 990 6
a 593 756 8
a 594 752 4
a 595 410 4
a 595 417 9
a 595 834 9
a 596 166 3
a 596 201 2
a 597 879 9
a 598 22 8
a 598 806 1
a 599 828 9
a 600 574 9
a 600 613 2
a 600 769 5
a 600 941 6
a 601 126 5
a 601 512 6
a 602 643 3
a 602 983 2
a 603 13 4
a 603 635 10
a 604 362 2
a 605 650 3
a 605 688 6
a 605 812 3
a 606 77 3
a 607 554 4
a 607 740 10
a 608 569 8
a 608 828 1
a 609 23 8
a 610 21 9
a 610 754 9
a 610 768 7
a 611 546 10
a 612 222 4
a 612 984 7
a 613 362 5
a 613 527 3
a 613 545 10
a 613 835 9
a 614 108 2
a 615 404 2
a 615 829 1
a 616 11 4
a 616 572 4
a 617 934 2
a 617 942 9
a 618 715 7
a 619 412 7
a 620 521 5
a 621 380 6
a 622 692 9
a 623 277 10
a 624 500 9
a 624 621 8
a 625 22 10
a 626 707 2
a 627 4 1
a 627 86 2
a 628 310 9
a 628 862 5
a 628 912 2
a 629 397 1
a 629 435 4
a 630 821 6
a 631 229 2
a 631 944 7
a 632 333 7
a 632 672 1
a 633 301 5
a 633 577 8
a 634 186 9
a 634 295 7
a 634 608 9
a 635 232 3
a 635 271 2
a 635 490 2
a 635 841 3
a 636 666 4
a 637 183 4
a 637 680 1
a 638 259 10
a 638 596 3
a 638 763 7
a 639 215 2
a 639 270 2
a 640 398 5
a 640 625 7
a 641 950 3
a 642 167 9
a 643 346 9
a 643 642 5
a 644 233 9
a 644 306 9
a 644 461 1
a 644 993 8
a 645 229 6
a 646 200 6
a 646 220 2
a 646 452 4
a 646 744 4
a 647 837 10
a 648 195 3
a 648 641 9
a 649 262 1
a 649 784 4
a 650 209 3
a 650 248 6
a 651 132 6
a 651 330 8
a 651 643 9
a 652 42 8
a 652 626 9
a 653 281 4
a 654 414 1
a 654 925 3
a 654 943 8
a 655 874 10
a 656 782 2
a 656 897 3
a 657 679 4
a 657 913 4
a 658 616 1
a 659 10 5
a 659 749 3
a 660 293 7
a 660 606 8
a 661 370 4
a 661 482 8
a 661 530 5
a 662 374 8
a 662 518 10
a 662 848 3
a 663 955 6
a 664 529 3
a 664 576 1
a 664 903 8
a 665 154 1
a 665 236 7
a 665 312 10
a 666 488 1
a 666 693 3
a 667 331 8
a 667 915 9
a 668 159 3
a 668 783 1
a 669 36 7
a 669 588 4
a 670 533 5
a 670 605 1
a 671 942 5
a 672 930 3
a 673 654 10
a 674 191 5
a 674 832 2
a 675 343 2
a 675 756 6
a 676 196 9
a 677 588 7
a 677 764 6
a 678 338 8
a 678 906 7
a 678 987 2
a 679 527 10
a 680 892 8
a 681 815 8
a 682 587 9
a 683 267 7
a 684 360 1
a 685 615 6
a 686 430 7
a 686 770 1
a 687 187 2
a 687 845 3
a 688 67 1
a 688 751 1
a 689 354 6
a 689 564 2
a 689 822 9
a 689 861 5
a 690 68 1
a 690 252 1
a 691 375 1
a 691 510 2
a 692 884 10
a 693 571 8
a 693 860 9
a 693 894 1
a 694 451 4
a 695 895 7
a 696 526 7
a 697 429 9
a 697 539 6
a 697 720 10
a 698 191 3
a 699 788 2
a 699 908 2
a 700 6 10
a 701 587 2
a 701 964 8
a 702 827 8
a 703 749 6
a 704 75 4
a 704 133 4
a 704 739 3
a 704 969 5
a 705 393 6
a 705 805 10
a 706 589 5
a 707 839 9
a 707 912 10
a 708 49 2
a 708 344 8
a 709 347 6
a 709 758 6
a 709 834 7
a 709 924 10
a 710 372 6
a 710 960 4
a 711 235 10
a 712 138 10
a 713 40 8
a 714 263 10
a 714 313 2
a 714 382 10
a 714 740 4
a 714 775 6
a 715 99 6
a 716 131 5
a 716 218 9
a 717 100 1
a 718 424 3
a 718 879 5
a 719 262 2
a 720 228 4
a 720 419 2
a 720 622 9
a 721 912 10
a 722 557 10
a 723 46 2
a 724 843 6
a 725 292 2
a 725 368 6
a 725 546 5
a 725 764 6
a 726 392 3
a 726 853 7
a 727 152 7
a 728 738 6
a 729 24 9
a 730 740 1
a 730 789 9
a 730 825 1
a 731 246 1
a 732 379 3
a 733 822 2
a 734 743 5
a 735 129 5
a 735 811 2
a 735 919 10
a 736 728 4
a 737 607 5
a 737 795 8
a 738 261 5
a 738 329 4
a 738 719 8
a 738 821 10
a 738 923 6
a 739 54 8
a 739 194 10
a 740 937 10
a 741 136 10
a 741 717 5
a 741 951 9
a 742 636 2
a 743 333 4
a 743 834 4
a 744 481 4
a 745 836 2
a 746 419 4
a 747 169 9
a 747 228 2
a 747 956 9
a 747 974 4
a 748 113 9
a 748 901 6
a 749 112 6
a 749 279 2
a 750 781 1
a 750 909 8
a 751 102 1
a 751 384 5
a 751 610 9
a 752 419 10
a 753 497 10
a 753 664 10
a 753 732 10
a 754 545 2
a 754 871 6
a 755 478 2
a 755 958 6
a 756 830 10
a 756 911 7
a 757 140 6
a 757 804 1
a 758 20 7
a 758 123 2
a 758 529 6
a 758 620 1
a 759 744 2
a 760 3 10
a 760 989 9
a 761 251 9
a 761 845 4
a 762 300 5
a 762 626 10
a 763 49 4
a 764 159 5
a 764 228 5
a 765 542 9
a 765 575 7
a 766 166 1
a 767 31 2
a 767 487 1
a 768 654 4
a 768 805 7
a 768 859 3
a 769 995 7
a 770 46 4
a 770 271 8
a 770 379 6
a 770 473 10
a 771 589 6
a 771 758 4
a 771 791 5
a 772 883 7
a 773 364 6
a 773 934 9
a 774 564 2
a 775 582 4
a 775 607 7
a 775 884 2
a 776 853 2
a 777 135 1
a 777 986 10
a 778 898 3
a 778 934 8
a 778 952 3
a 779 280 4
a 779 396 9
a 779 462 5
a 780 454 7
a 780 805 9
a 780 950 4
a 781 755 1
a 782 570 9
a 783 844 10
a 783 980 8
a 784 319 4
a 784 877 7
a 785 292 9
a 785 669 10
a 786 606 2
a 786 1000 7
a 787 673 1
a 788 78 6
a 788 413 1
a 788 899 6
a 789 172 7
a 789 501 10
a 790 572 6
a 790 703 2
a 791 37 8
a 791 502 2
a 791 799 1
a 792 332 10
a 792 917 3
a 793 812 1
a 794 103 4
a 794 937 10
a 795 227 1
a 795 584 5
a 796 110 7
a 796 172 6
a 796 538 7
a 796 683 4
a 797 658 8
a 797 688 2
a 798 168 8
a 799 129 9
a 799 478 2
a 799 644 8
a 799 768 1
a 799 999 9
a 800 570 8
a 800 711 7
a 800 882 7
a 801 637 10
a 801 975 6
a 802 840 7
a 803 697 8
a 804 464 1
a 805 676 3
a 805 999 5
a 806 219 6
a 807 177 9
a 807 524 6
a 807 912 5
a 808 39 2
a 808 94 10
a 808 107 6
a 808 504 8
a 808 826 2
a 809 133 3
a 810 4 10
a 811 322 7
a 811 824 10
a 812 420 3
a 813 727 1
a 813 972 7
a 814 419 6
a 814 750 9
a 815 731 4
a 815 901 4
a 815 987 1
a 816 673 7
a 816 741 5
a 816 783 3
a 817 225 10
a 817 551 3
a 818 242 10
a 818 901 9
a 818 969 4
a 819 188 3
a 820 579 1
a 820 629 7
a 820 729 9
a 821 569 9
a 822 210 8
a 822 342 1
a 822 956 9
a 823 227 8
a 823 869 7
a 824 217 8
a 824 220 6
a 824 326 8
a 824 468 3
a 824 600 3
a 824 779 7
a 825 601 2
a 825 667 5
a 826 578 5
a 826 580 5
a 826 913 4
a 827 30 3
a 827 68 8
a 828 289 6
a 828 365 3
a 828 498 3
a 828 781 8
a 829 500 7
a 830 317 8
a 830 958 7
a 831 330 10
a 832 168 7
a 832 211 8
a 832 950 8
a 833 685 8
a 834 287 9
a 834 304 10
a 834 792 7
a 835 515 7
a 835 936 3
a 836 542 9
a 836 955 8
a 837 719 10
a 838 77 8
a 838 382 10
a 838 774 3
a 839 225 8
a 839 495 7
a 839 967 7
a 840 337 1
a 840 827 5
a 841 496 2
a 842 435 3
a 842 836 5
a 843 153 5
a 843 788 3
a 844 366 5
a 845 190 2
a 846 382 6
a 847 114 10
a 847 275 10
a 847 709 7
a 848 736 7
a 849 90 6
a 849 703 4
a 850 117 1
a 851 343 7
a 852 9 5
a 852 760 1
a 853 296 9
a 853 899 7
a 854 755 2
a 854 833 10
a 854 843 9
a 855 199 3
a 855 382 9
a 856 748 9
a 857 300 9
a 857 690 5
a 858 109 2
a 859 126 8
a 860 660 10
a 860 796 6
a 860 845 5
a 861 423 9
a 862 756 4
a 863 191 8
a 863 244 10
a 863 258 4
a 864 627 8
a 864 880 3
a 865 204 8
a 865 303 1
a 866 150 4
a 866 254 7
a 866 818 3
a 867 504 3
a 868 742 9
a 869 116 9
a 869 387 8
a 870 96 8
a 870 448 5
a 870 564 2
a 871 516 3
a 872 82 4
a 872 91 3
a 872 394 7
a 873 386 3
a 873 440 6
a 874 255 4
a 875 78 2
a 875 646 9
a 875 869 6
a 876 174 2
a 876 270 4
a 876 483 10
a 876 957 2
a 877 480 8
a 878 662 6
a 879 901 5
a 880 802 10
a 880 966 10
a 881 55 1
a 882 793 9
a 882 926 7
a 882 967 6
a 882 977 5
a 882 983 8
a 883 574 2
a 884 379 1
a 885 136 3
a 885 284 1
a 886 119 4
a 886 799 4
a 887 144 8
a 888 528 7
a 888 901 2
a 889 742 2
a 889 761 4
a 890 591 6
a 890 889 8
a 891 736 3
a 892 829 10
a 892 874 7
a 893 292 3
a 894 166 9
a 895 593 3
a 896 52 4
a 896 439 5
a 896 939 10
a 897 992 7
a 898 56 6
a 898 777 5
a 899 312 5
a 899 357 10
a 900 791 4
a 901 124 3
a 902 265 7
a 903 754 2
a 904 854 8
a 905 156 7
a 905 261 3
a 905 800 5
a 906 486 9
a 906 741 6
a 906 787 3
a 907 55 1
a 907 544 1
a 908 175 9
a 909 140 3
a 909 464 5
a 910 319 4
a 910 917 5
a 911 202 8
a 911 852 9
a 911 920 4
a 911 940 6
a 912 81 7
a 912 454 9
a 913 57 7
a 913 278 5
a 913 330 9
a 914 40 7
a 914 342 5
a 915 683 4
a 916 24 1
a 916 875 3
a 917 359 8
a 917 603 6
a 918 124 7
a 918 620 6
a 919 866 8
a 919 965 3
a 919 988 7
a 920 899 2
a 921 405 5
a 921 424 5
a 921 547 5
a 922 5 2
a 923 502 5
a 923 562 6
a 924 412 10
a 924 496 9
a 925 482 3
a 925 602 1
a 926 366 1
a 926 984 4
a 927 156 5
a 928 397 6
a 929 756 4
a 930 273 10
a 931 809 4
a 932 61 5
a 932 275 9
a 933 603 5
a 934 585 3
a 934 907 10
a 935 441 7
a 935 463 5
a 936 548 2
a 936 862 9
a 937 17 7
a 937 327 9
a 937 377 2
a 937 815 7
a 938 26 8
a 938 139 2
a 938 429 2
a 938 687 5
a 938 913 6
a 939 373 4
a 939 438 7
a 939 573 4
a 940 394 9
a 940 982 10
a 941 435 5
a 942 10 5
a 943 34 9
a 943 141 2
a 943 335 3
a 943 552 10
a 943 858 8
a 944 136 2
a 945 159 1
a 945 421 8
a 945 499 4
a 946 774 6
a 947 2 10
a 947 767 8
a 948 334 1
a 949 364 7
a 949 761 10
a 950 515 1
a 950 661 8
a 950 691 9
a 951 350 1
a 951 407 2
a 951 526 5
a 951 724 2
a 951 965 9
a 952 465 6
a 952 494 9
a 953 369 5
a 954 161 3
a 954 628 2
a 954 663 10
a 954 992 4
a 955 563 9
a 955 686 7
a 956 977 5
a 957 415 7
a 957 977 4
a 958 476 4
a 959 357 7
a 959 494 4
a 960 372 8
a 961 319 8
a 961 667 10
a 962 833 4
a 963 873 3
a 964 766 5
a 964 866 4
a 965 243 3
a 965 845 9
a 966 156 10
a 967 31 3
a 967 824 4
a 968 245 4
a 968 374 1
a 968 520 5
a 969 147 4
a 969 916 2
a 970 86 6
a 971 16 6
a 971 176 2
a 972 164 7
a 972 566 3
a 972 647 4
a 972 737 3
a 973 97 4
a 974 230 1
a 974 619 7
a 975 89 9
a 975 516 10
a 976 684 8
a 977 41 3
a 977 231 8
a 978 732 8
a 979 183 10
a 979 556 10
a 979 590 2
a 980 470 2
a 980 963 2
a 981 635 3
a 982 134 7
a 983 508 5
a 983 721 5
a 983 725 1
a 984 596 7
a 985 2 5
a 985 137 9
a 985 351 1
a 985 526 8
a 986 485 2
a 987 115 8
a 987 523 9
a 988 592 2
a 989 158 4
a 989 214 6
a 989 725 1
a 990 58 10
a 990 274 6
a 991 195 7
a 991 540 10
a 991 649 3
a 992 316 3
a 992 872 10
a 993 192 4
a 994 459 8
a 994 742 1
a 995 614 7
a 995 639 6
a 996 424 8
a 997 212 10
a 998 83 10
a 998 900 9
a 999 19 2
a 999 26 9
a 999 863 5
