p max 100 200
n 1 s
n 100 t
a 1 41 7
a 1 57 10
a 2 8 5
a 2 76 7
a 3 30 9
a 4 64 6
a 4 73 7
a 5 13 4
a 5 73 2
a 5 86 7
a 6 95 7
a 7 3 3
a 7 68 6
a 7 78 8
a 7 92 9
a 8 29 8
a 8 50 10
a 8 98 10
a 8 100 9
a 9 11 10
a 9 28 1
a 9 61 5
a 10 32 10
a 10 83 2
a 10 99 4
a 11 66 10
a 11 71 3
a 12 42 3
a 12 47 2
a 12 81 4
a 12 84 2
a 13 33 6
a 13 63 5
a 14 56 6
a 14 71 9
a 15 7 9
a 15 19 8
a 16 80 8
a 17 32 8
a 18 50 1
a 18 79 2
a 19 72 6
a 19 90 8
a 20 33 9
a 21 83 1
a 22 25 1
a 22 53 2
a 23 21 6
a 23 90 4
a 23 95 10
a 24 20 4
a 25 53 8
a 26 10 2
a 26 18 8
a 27 4 1
a 27 91 8
a 28 27 7
a 28 29 6
a 28 36 2
a 29 55 1
a 30 69 2
a 30 86 2
a 31 26 7
a 31 40 10
a 31 77 4
a 31 91 6
a 32 51 8
a 32 99 9
a 33 16 4
a 34 92 8
a 35 32 8
a 35 71 6
a 35 93 7
a 36 24 9
a 36 43 3
a 36 72 8
a 37 99 2
a 38 87 5
a 38 89 3
a 39 19 2
a 39 52 4
a 39 67 3
a 39 97 6
a 40 44 10
a 40 89 5
a 41 53 6
a 42 6 5
a 42 55 2
a 42 100 9
a 43 32 1
a 43 72 7
a 44 35 3
a 44 41 1
a 44 57 7
a 45 7 8
a 45 52 7
a 46 64 9
a 47 42 2
a 47 82 9
a 47 86 2
a 48 93 3
a 49 7 4
a 49 75 7
a 50 12 10
a 50 92 9
a 51 61 5
a 51 88 4
a 51 96 2
a 52 14 1
a 52 100 8
a 53 5 4
a 54 16 8
a 55 85 1
a 56 23 1
a 56 38 5
a 56 65 2
a 57 61 10
a 57 63 9
a 58 25 5
a 58 62 4
a 59 3 9
a 59 44 2
a 60 15 5
a 61 15 7
a 61 91 9
a 62 2 7
a 62 10 4
a 62 26 7
a 63 18 9
a 63 30 7
a 64 38 9
a 64 93 9
a 65 21 7
a 66 19 8
a 66 60 9
a 67 5 1
a 67 24 6
a 67 68 3
a 68 31 3
a 68 32 1
a 68 46 4
a 68 48 6
a 68 58 10
a 68 94 1
a 69 53 9
a 70 10 4
a 70 86 7
a 71 45 2
a 71 52 7
a 72 20 5
a 73 27 3
a 73 34 7
a 74 21 3
a 74 28 10
a 74 37 3
a 75 57 6
a 75 59 3
a 75 80 4
a 76 17 9
a 76 26 2
a 77 26 5
a 77 76 5
a 78 49 10
a 78 79 2
a 78 100 8
a 79 20 4
a 80 56 2
a 81 41 4
a 82 60 3
a 83 86 6
a 84 18 1
a 85 64 6
a 86 87 2
a 87 12 9
a 87 20 4
a 87 78 8
a 88 98 3
a 89 9 7
a 89 71 8
a 90 43 10
a 91 54 1
a 91 58 1
a 91 70 2
a 92 16 9
a 92 26 7
a 92 62 3
a 93 37 10
a 93 91 6
a 94 55 9
a 95 39 6
a 95 55 6
a 95 61 6
a 95 74 5
a 96 55 3
a 96 91 3
a 97 28 9
a 97 85 4
a 98 22 4
a 98 100 2
a 99 4 10
