p max 100 200
n 1 s
n 100 t
a 1 12 4
a 1 44 8
a 1 91 7
a 2 9 3
a 2 23 5
a 3 67 3
a 4 28 7
a 5 21 8
a 6 30 8
a 6 33 7
a 6 56 10
a 7 51 4
a 7 57 3
a 7 63 9
a 7 65 5
a 8 10 8
a 8 74 9
a 9 27 4
a 9 81 5
a 10 69 4
a 11 23 2
a 11 53 5
a 12 2 3
a 12 17 8
a 13 97 4
a 14 24 1
a 14 36 6
a 15 59 2
a 16 100 9
a 17 13 9
a 17 100 3
a 18 59 6
a 18 99 3
a 19 61 2
a 19 67 7
a 20 4 5
a 20 55 8
a 21 14 5
a 21 79 6
a 22 3 6
a 22 86 5
a 23 78 9
a 23 95 7
a 24 27 9
a 25 62 1
a 26 7 2
a 26 69 3
a 26 96 9
a 27 2 10
a 27 45 4
a 27 60 10
a 27 94 4
a 28 46 10
a 28 76 7
a 29 18 6
a 29 37 9
a 30 33 4
a 31 6 3
a 31 40 8
a 32 13 1
a 32 57 3
a 33 73 8
a 34 24 1
a 34 87 6
a 34 93 4
a 35 29 9
a 35 70 1
a 36 13 7
a 36 34 1
a 36 43 8
a 37 89 9
a 38 62 7
a 39 33 6
a 40 44 2
a 40 78 9
a 41 12 4
a 41 22 6
a 42 9 3
a 42 53 2
a 43 89 3
a 44 5 8
a 44 72 10
a 44 77 6
a 45 6 10
a 45 98 5
a 46 73 9
a 47 25 8
a 47 82 5
a 48 54 5
a 49 15 10
a 49 41 2
a 49 86 8
a 50 5 10
a 50 35 1
a 51 56 4
a 51 93 6
a 52 80 10
a 53 28 10
a 53 38 3
a 54 42 9
a 54 50 4
a 54 55 10
a 54 66 10
a 54 72 4
a 54 73 7
a 55 8 1
a 55 10 3
a 55 37 5
a 55 83 7
a 55 97 9
a 56 85 5
a 57 21 2
a 58 68 9
a 58 88 1
a 59 29 7
a 59 60 9
a 60 84 6
a 61 26 1
a 61 89 6
a 62 24 10
a 63 41 9
a 64 65 2
a 64 84 1
a 64 100 9
a 65 10 2
a 65 54 7
a 65 58 3
a 65 68 3
a 66 48 8
a 67 20 6
a 67 41 2
a 67 61 7
a 68 12 4
a 68 20 8
a 69 38 10
a 69 62 6
a 69 89 7
a 70 64 7
a 70 77 7
a 70 79 5
a 71 21 9
a 71 51 7
a 72 48 1
a 72 71 5
a 72 96 5
a 73 7 3
a 73 75 10
a 74 61 1
a 74 92 4
a 75 9 7
a 76 62 2
a 76 89 10
a 77 6 5
a 77 95 5
a 78 5 4
a 79 36 9
a 80 56 5
a 80 67 4
a 81 59 6
a 82 7 8
a 82 28 7
a 83 16 1
a 83 17 2
a 83 31 8
a 84 7 1
a 84 80 10
a 85 2 9
a 85 21 10
a 86 23 1
a 86 47 10
a 87 5 9
a 87 11 2
a 87 90 2
a 88 4 3
a 88 11 4
a 89 52 6
a 89 60 9
a 90 19 10
a 90 25 7
a 90 86 2
a 91 29 6
a 91 49 6
a 92 6 4
a 92 86 3
a 93 29 5
a 94 46 3
a 94 80 9
a 95 18 9
a 95 99 3
a 95 100 5
a 96 46 8
a 96 87 4
a 97 5 3
a 97 39 1
a 97 83 4
a 98 9 10
a 98 10 6
a 98 32 10
a 98 85 6
a 99 42 3
