p max 100 200
n 1 s
n 100 t
a 1 24 4
a 2 51 7
a 3 79 7
a 4 6 4
a 5 98 9
a 6 27 1
a 6 31 10
a 7 61 7
a 7 81 6
a 8 36 8
a 8 80 9
a 9 7 8
a 10 79 2
a 10 82 5
a 11 60 10
a 12 13 9
a 12 14 1
a 12 32 10
a 12 47 4
a 12 96 7
a 13 70 6
a 13 77 6
a 14 43 10
a 15 76 4
a 15 90 2
a 16 82 1
a 16 87 8
a 17 28 1
a 18 15 6
a 18 33 2
a 19 51 4
a 19 80 2
a 20 3 3
a 20 36 7
a 21 25 3
a 21 30 6
a 22 9 1
a 22 72 6
a 23 86 1
a 24 15 4
a 24 33 5
a 24 65 1
a 25 4 6
a 26 49 9
a 27 10 6
a 28 11 3
a 28 81 4
a 29 8 6
a 30 2 3
a 30 93 2
a 31 20 1
a 32 39 6
a 32 48 4
a 32 58 7
a 33 3 3
a 33 42 4
a 34 72 8
a 35 25 3
a 36 56 6
a 36 95 9
a 37 22 9
a 37 71 6
a 37 99 5
a 37 100 10
a 38 4 8
a 38 63 1
a 38 88 1
a 38 91 3
a 39 11 3
a 39 24 3
a 39 26 8
a 40 8 8
a 40 13 7
a 40 83 6
a 41 45 1
a 42 66 8
a 42 93 3
a 42 98 2
a 43 60 4
a 43 89 10
a 44 2 8
a 45 92 1
a 46 7 3
a 46 70 7
a 46 79 10
a 47 17 9
a 48 5 2
a 48 21 9
a 48 78 6
a 49 3 1
a 49 92 1
a 50 51 7
a 50 55 9
a 51 35 4
a 52 13 8
a 53 59 6
a 54 19 6
a 55 38 5
a 55 65 1
a 55 71 6
a 56 3 3
a 56 31 5
a 56 71 5
a 56 73 3
a 56 86 8
a 57 42 4
a 58 54 4
a 58 77 2
a 59 19 4
a 59 58 2
a 59 68 6
a 59 69 9
a 60 74 1
a 61 22 10
a 62 30 4
a 62 89 2
a 63 19 7
a 64 67 2
a 64 75 9
a 64 94 1
a 65 26 6
a 65 53 7
a 65 59 7
a 66 99 2
a 67 30 5
a 67 52 5
a 67 100 10
a 68 18 4
a 68 29 1
a 68 32 2
a 69 95 2
a 70 7 6
a 70 65 4
a 70 74 6
a 71 2 2
a 71 76 5
a 71 95 1
a 72 13 9
a 72 40 8
a 72 75 2
a 73 6 8
a 73 89 9
a 74 76 3
a 74 87 8
a 75 6 10
a 76 2 7
a 76 88 6
a 77 38 5
a 78 44 4
a 79 12 1
a 79 23 4
a 79 44 5
a 79 47 10
a 80 43 2
a 80 63 10
a 80 97 7
a 81 46 6
a 81 84 3
a 82 35 7
a 82 64 3
a 82 100 10
a 83 12 9
a 84 49 6
a 84 99 10
a 85 7 7
a 85 17 3
a 85 34 1
a 86 19 1
a 87 72 5
a 88 10 5
a 88 20 3
a 88 28 10
a 88 34 8
a 88 50 6
a 89 45 10
a 89 57 6
a 89 84 8
a 89 85 1
a 90 16 4
a 91 53 2
a 91 72 1
a 91 83 10
a 92 62 7
a 92 86 7
a 93 3 8
a 93 69 4
a 94 6 1
a 94 37 6
a 94 78 9
a 95 5 10
a 95 7 10
a 96 41 3
a 96 65 1
a 97 16 10
a 97 19 7
a 97 32 10
a 97 52 8
a 98 48 5
a 98 85 1
a 99 50 2
