p max 100 200
n 1 s
n 100 t
a 1 31 6
a 1 44 1
a 1 71 6
a 2 18 5
a 2 34 8
a 2 84 10
a 2 95 3
a 3 26 2
a 3 29 1
a 3 57 2
a 4 86 5
a 5 57 7
a 5 73 5
a 5 81 10
a 6 11 10
a 6 31 6
a 6 53 9
a 6 93 3
a 7 69 4
a 8 40 7
a 8 90 3
a 9 24 2
a 9 43 6
a 10 29 2
a 11 21 8
a 11 100 9
a 12 42 6
a 12 83 9
a 13 47 2
a 13 100 8
a 14 62 4
a 14 69 6
a 15 45 6
a 16 27 5
a 16 41 5
a 16 48 10
a 17 41 9
a 18 68 2
a 19 24 10
a 20 22 6
a 20 31 8
a 21 5 1
a 22 25 7
a 22 78 5
a 22 92 10
a 22 94 5
a 23 59 10
a 24 14 6
a 25 8 2
a 25 14 6
a 25 94 5
a 26 19 9
a 27 6 8
a 27 40 5
a 28 37 9
a 28 54 8
a 29 30 5
a 30 77 6
a 31 28 1
a 32 20 3
a 33 49 1
a 33 51 8
a 34 15 2
a 34 30 5
a 34 38 4
a 35 7 6
a 35 73 5
a 36 9 9
a 36 20 7
a 36 35 7
a 36 66 9
a 36 85 4
a 37 76 9
a 37 98 5
a 38 18 8
a 39 89 5
a 40 43 9
a 41 56 10
a 41 96 10
a 42 23 7
a 42 38 4
a 42 65 10
a 43 50 7
a 43 59 2
a 44 69 4
a 45 40 8
a 45 58 1
a 45 93 9
a 46 74 3
a 46 91 7
a 47 46 1
a 47 80 5
a 48 3 9
a 49 19 6
a 49 72 10
a 50 53 7
a 50 79 2
a 51 66 9
a 51 98 10
a 51 100 8
a 52 27 4
a 52 64 10
a 52 74 8
a 53 59 9
a 54 63 6
a 55 81 9
a 56 60 1
a 56 83 3
a 56 85 1
a 57 91 10
a 58 30 7
a 58 43 5
a 58 86 8
a 59 2 8
a 59 6 10
a 59 82 2
a 60 10 2
a 60 90 10
a 61 14 8
a 61 16 8
a 62 4 10
a 62 52 9
a 62 56 5
a 62 68 5
a 63 40 2
a 64 82 10
a 64 98 2
a 65 88 2
a 66 32 6
a 66 90 2
a 67 73 1
a 67 77 6
a 67 90 2
a 68 39 1
a 68 75 4
a 69 13 2
a 69 49 7
a 69 51 7
a 69 89 3
a 70 50 2
a 70 88 7
a 71 8 1
a 71 56 1
a 71 70 9
a 72 6 7
a 72 21 6
a 73 32 9
a 73 64 2
a 73 69 6
a 74 17 4
a 75 6 6
a 75 61 6
a 76 7 6
a 77 7 6
a 78 9 1
a 78 45 5
a 79 28 6
a 79 53 2
a 79 67 9
a 80 36 10
a 80 71 7
a 81 18 4
a 81 40 10
a 81 75 8
a 82 30 3
a 82 56 4
a 82 69 4
a 82 99 7
a 83 20 8
a 84 7 2
a 85 20 4
a 85 92 5
a 86 5 2
a 86 66 2
a 87 12 6
a 87 33 10
a 87 47 5
a 87 72 5
a 88 59 8
a 89 52 9
a 90 10 4
a 90 55 1
a 90 80 9
a 90 97 2
a 91 59 3
a 91 83 8
a 92 83 7
a 93 33 2
a 93 63 2
a 94 38 1
a 95 17 4
a 95 67 9
a 96 33 10
a 97 3 5
a 97 85 8
a 97 93 2
a 98 63 4
a 99 54 5
a 99 71 5
a 99 87 2
