p max 1000 2000
n 1 s
n 1000 t
a 1 70 3
a 1 245 9
a 1 514 3
a 2 569 8
a 2 723 8
a 3 994 10
a 4 881 10
a 5 31 8
a 5 572 10
a 5 836 8
a 6 697 4
a 7 27 1
a 7 791 5
a 8 505 6
a 9 628 10
a 9 897 5
a 9 997 3
a 10 73 3
a 10 289 8
a 10 634 7
a 11 632 9
a 12 285 5
a 12 837 3
a 13 214 8
a 14 221 5
a 14 628 3
a 15 141 10
a 15 316 7
a 15 539 1
a 16 619 6
a 17 102 2
a 17 444 3
a 18 333 4
a 18 631 4
a 19 101 6
a 20 230 2
a 20 236 2
a 21 834 8
a 22 258 7
a 23 90 6
a 24 876 2
a 25 630 8
a 25 925 10
a 26 875 2
a 26 888 1
a 26 897 4
a 27 379 8
a 27 906 9
a 27 979 9
a 28 240 3
a 28 605 3
a 29 960 3
a 30 106 4
a 30 566 2
a 31 284 6
a 31 293 7
a 31 891 2
a 32 374 6
a 32 411 9
a 33 375 2
a 34 910 8
a 35 161 7
a 35 445 2
a 36 134 3
a 36 475 4
a 36 922 3
a 37 205 5
a 37 251 9
a 37 730 3
a 37 731 4
a 38 347 3
a 38 813 9
a 39 598 6
a 40 399 7
a 40 719 3
a 40 987 1
a 41 919 5
a 42 628 8
a 43 170 5
a 43 445 6
a 44 109 3
a 44 173 7
a 44 287 5
a 45 14 5
a 46 437 9
a 46 499 2
a 47 12 1
a 48 895 3
a 49 417 8
a 50 319 10
a 51 77 3
a 51 663 2
a 52 750 6
a 52 885 8
a 53 287 6
a 53 500 9
a 53 683 2
a 54 580 10
a 54 919 10
a 55 960 4
a 56 619 4
a 57 802 4
a 57 838 10
a 58 283 9
a 58 381 3
a 58 511 5
a 58 513 4
a 58 976 3
a 59 416 5
a 59 867 5
a 59 997 6
a 60 55 6
a 60 189 8
a 60 360 9
a 60 594 7
a 61 48 7
a 61 976 3
a 62 7 10
a 62 762 1
a 63 586 4
a 63 675 7
a 64 311 2
a 64 453 2
a 64 748 10
a 64 761 2
a 65 554 7
a 66 10 9
a 66 426 9
a 66 556 6
a 67 276 5
a 67 359 3
a 67 479 5
a 68 615 10
a 68 979 9
a 69 685 2
a 70 28 1
a 70 494 7
a 70 550 5
a 71 243 7
a 71 473 5
a 71 578 3
a 72 388 8
a 72 713 7
a 73 132 8
a 73 798 1
a 74 29 1
a 74 921 5
a 75 139 4
a 75 723 1
a 75 732 7
a 75 748 1
a 76 214 9
a 77 312 3
a 77 372 5
a 78 491 5
a 78 967 5
a 79 341 8
a 80 37 1
a 80 847 7
a 81 245 8
a 82 191 2
a 82 244 5
a 82 379 4
a 82 764 1
a 83 697 10
a 83 973 8
a 84 94 4
a 84 269 6
a 85 947 5
a 86 150 3
a 86 175 9
a 86 542 6
a 86 648 1
a 86 768 2
a 87 104 8
a 87 362 3
a 88 302 8
a 88 668 7
a 89 527 2
a 90 232 7
a 90 890 9
a 91 61 2
a 91 306 7
a 91 583 3
a 92 430 6
a 93 391 7
a 93 669 3
a 94 498 9
a 95 491 6
a 95 878 10
a 96 478 10
a 97 262 9
a 98 372 9
a 99 863 4
a 100 222 4
a 100 643 1
a 101 116 10
a 101 857 7
a 101 976 7
a 102 70 7
a 102 141 3
a 102 644 4
a 102 699 5
a 102 909 7
a 102 954 2
a 103 862 4
a 103 916 7
a 104 720 7
a 105 140 3
a 106 340 2
a 106 476 1
a 106 617 3
a 106 899 2
a 107 491 3
a 108 95 1
a 109 277 5
a 109 315 9
a 110 967 4
a 111 255 3
a 111 727 9
a 112 891 4
a 113 559 7
a 113 864 5
a 113 988 3
a 114 142 6
a 114 166 2
a 114 386 10
a 114 630 3
a 114 812 7
a 115 375 5
a 116 873 2
a 116 931 7
a 117 506 2
a 117 554 7
a 118 631 10
a 119 86 2
a 120 656 1
a 121 886 9
a 122 60 10
a 122 698 3
a 123 657 3
a 124 474 1
a 125 725 4
a 125 961 10
a 126 522 1
a 127 391 3
a 128 164 1
a 128 639 4
a 128 783 6
a 128 794 8
a 128 914 3
a 129 220 7
a 129 757 8
a 130 296 7
a 130 379 4
a 130 631 8
a 131 135 1
a 131 492 3
a 131 695 5
a 132 231 6
a 132 254 7
a 132 325 3
a 132 576 7
a 132 892 1
a 133 360 8
a 133 707 8
a 134 204 3
a 134 689 4
a 135 612 2
a 135 778 3
a 136 937 2
a 137 206 9
a 137 647 6
a 138 484 4
a 139 143 2
a 139 561 7
a 140 441 10
a 140 737 8
a 141 214 7
a 141 334 6
a 141 695 9
a 141 739 7
a 142 387 2
a 142 562 1
a 143 946 9
a 144 781 3
a 145 392 10
a 145 434 10
a 146 181 4
a 147 852 1
a 147 966 5
a 148 46 3
a 148 374 5
a 148 486 7
a 148 497 4
a 149 619 1
a 150 900 10
a 151 597 2
a 152 409 6
a 153 321 7
a 153 415 4
a 153 973 1
a 154 798 5
a 154 978 6
a 155 396 2
a 155 791 5
a 156 76 10
a 156 160 2
a 157 13 6
a 157 777 2
a 158 333 8
a 158 651 3
a 158 913 1
a 159 583 8
a 159 775 3
a 159 874 3
a 159 984 4
a 160 522 6
a 160 728 5
a 161 948 5
a 162 320 7
a 162 367 4
a 162 676 3
a 162 915 8
a 163 979 6
a 164 317 3
a 165 52 6
a 165 246 9
a 165 528 1
a 166 767 6
a 166 937 3
a 166 962 7
a 167 734 9
a 168 108 6
a 169 67 2
a 169 129 8
a 169 202 10
a 170 86 9
a 170 525 10
a 170 611 6
a 171 75 3
a 172 442 10
a 173 754 1
a 174 300 3
a 174 327 3
a 174 439 3
a 175 93 3
a 176 578 4
a 176 794 3
a 177 265 10
a 177 299 5
a 177 385 1
a 178 323 8
a 178 982 2
a 179 254 8
a 179 566 4
a 179 883 6
a 180 26 9
a 180 107 2
a 180 588 9
a 180 793 6
a 181 35 1
a 181 40 6
a 181 370 7
a 181 436 8
a 181 915 10
a 182 293 10
a 182 964 8
a 183 303 6
a 183 547 8
a 183 645 7
a 184 391 3
a 184 432 9
a 185 486 4
a 186 884 9
a 186 919 6
a 187 620 2
a 188 94 10
a 188 174 10
a 188 416 7
a 189 16 10
a 189 900 9
a 190 561 2
a 190 948 10
a 191 274 1
a 191 936 6
a 192 41 5
a 192 110 3
a 193 178 3
a 193 456 4
a 193 581 3
a 193 660 1
a 194 238 4
a 194 938 9
a 195 680 6
a 195 827 10
a 196 319 5
a 196 863 10
a 197 50 4
a 197 409 8
a 198 554 5
a 199 327 7
a 199 645 6
a 200 339 2
a 201 99 5
a 201 666 2
a 202 776 8
a 203 405 7
a 203 942 3
a 204 206 9
a 204 299 4
a 204 567 8
a 204 770 2
a 205 58 6
a 205 290 9
a 205 996 4
a 206 127 4
a 206 378 4
a 207 137 1
a 207 138 7
a 207 402 5
a 207 625 2
a 207 737 3
a 207 762 7
a 208 169 5
a 208 207 3
a 208 543 10
a 209 356 3
a 209 489 8
a 210 304 3
a 210 408 7
a 211 387 1
a 211 536 10
a 211 649 5
a 212 379 6
a 213 25 4
a 214 19 6
a 214 472 9
a 215 584 10
a 216 333 4
a 217 596 9
a 217 765 6
a 217 858 8
a 218 259 2
a 218 418 8
a 219 281 4
a 219 425 3
a 219 671 4
a 220 836 8
a 221 608 1
a 222 329 6
a 223 842 10
a 224 733 8
a 225 254 6
a 226 185 1
a 226 747 2
a 226 990 7
a 227 382 1
a 227 451 10
a 227 540 10
a 228 744 6
a 229 29 1
a 229 745 3
a 230 136 7
a 230 258 8
a 230 508 8
a 230 727 1
a 231 12 4
a 231 224 8
a 231 229 10
a 232 580 1
a 232 989 3
a 233 415 5
a 233 992 8
a 234 725 10
a 235 407 4
a 235 532 2
a 236 704 2
a 236 821 3
a 237 163 3
a 237 196 5
a 237 889 6
a 238 42 8
a 238 449 9
a 238 598 7
a 238 660 4
a 239 740 9
a 239 755 7
a 240 678 1
a 240 780 6
a 241 659 8
a 242 572 1
a 243 635 7
a 243 949 8
a 244 506 7
a 244 951 6
a 245 76 7
a 245 175 3
a 246 408 1
a 247 575 6
a 247 633 9
a 247 944 5
a 248 529 7
a 249 497 3
a 250 111 8
a 250 278 1
a 250 513 1
a 250 675 8
a 250 784 4
a 250 795 9
a 250 827 2
a 251 6 1
a 251 105 10
a 251 275 8
a 252 339 9
a 253 691 1
a 253 866 9
a 254 714 9
a 255 413 5
a 256 696 1
a 256 859 9
a 257 165 4
a 257 581 8
a 257 982 10
a 258 355 6
a 259 113 6
a 259 376 6
a 260 110 3
a 260 741 3
a 261 62 5
a 261 627 8
a 261 844 3
a 262 123 10
a 262 869 8
a 263 440 6
a 263 577 6
a 263 984 7
a 264 498 1
a 264 968 7
a 265 20 10
a 266 578 3
a 266 817 5
a 267 363 7
a 268 294 2
a 268 405 1
a 268 752 9
a 269 391 8
a 270 150 1
a 270 240 5
a 270 487 10
a 271 19 2
a 272 113 7
a 273 78 5
a 273 261 10
a 273 563 9
a 273 802 6
a 274 355 3
a 274 443 10
a 275 470 1
a 275 677 5
a 275 682 1
a 276 289 10
a 277 163 3
a 277 468 3
a 278 204 1
a 279 3 9
a 279 921 6
a 280 880 2
a 281 364 7
a 281 646 10
a 282 815 5
a 283 318 8
a 283 616 4
a 283 865 2
a 284 509 10
a 284 527 3
a 285 17 10
a 285 950 5
a 286 113 7
a 286 167 8
a 287 391 7
a 287 418 1
a 287 686 7
a 288 245 8
a 289 90 3
a 289 840 3
a 289 969 8
a 290 20 1
a 290 947 5
a 291 241 6
a 291 397 5
a 292 598 10
a 293 710 9
a 293 911 10
a 294 308 2
a 295 429 7
a 295 1000 7
a 296 950 8
a 297 829 10
a 297 856 6
a 298 619 10
a 298 727 4
a 298 995 8
a 299 304 7
a 300 29 5
a 300 708 8
a 301 30 5
a 302 64 2
a 302 254 1
a 302 726 6
a 302 894 6
a 302 982 10
a 303 916 7
a 304 515 2
a 305 8 5
a 305 79 7
a 305 803 10
a 306 986 7
a 307 646 5
a 308 480 2
a 308 946 8
a 309 52 9
a 309 117 10
a 309 452 8
a 309 871 8
a 310 706 8
a 311 84 4
a 311 342 6
a 312 523 3
a 313 536 4
a 314 171 1
a 314 252 3
a 314 839 5
a 315 295 9
a 315 407 7
a 316 425 4
a 317 44 8
a 317 199 6
a 317 406 8
a 318 253 6
a 318 420 8
a 319 584 7
a 320 78 1
a 320 96 7
a 321 257 10
a 321 373 2
a 321 421 5
a 321 539 3
a 321 824 10
a 321 831 1
a 322 107 10
a 322 128 9
a 322 549 10
a 323 693 3
a 324 155 4
a 324 230 10
a 324 720 1
a 324 751 2
a 325 21 10
a 326 321 5
a 326 591 2
a 326 895 7
a 327 112 3
a 327 991 3
a 328 330 7
a 328 804 10
a 328 838 2
a 329 32 8
a 329 634 2
a 329 971 8
a 330 450 7
a 330 494 8
a 331 460 5
a 331 461 7
a 331 784 1
a 332 809 7
a 332 850 2
a 332 875 3
a 333 55 6
a 334 497 2
a 335 15 2
a 335 69 7
a 336 215 5
a 336 489 10
a 337 747 7
a 338 359 10
a 338 658 4
a 339 292 6
a 339 833 6
a 340 377 8
a 340 581 3
a 340 584 2
a 341 160 5
a 341 898 1
a 342 435 4
a 342 607 9
a 342 762 4
a 343 556 10
a 344 168 8
a 344 402 10
a 344 721 7
a 345 207 8
a 345 337 8
a 345 551 9
a 346 2 5
a 346 353 9
a 346 777 9
a 347 166 5
a 348 307 4
a 348 600 7
a 348 679 1
a 348 853 7
a 349 317 10
a 350 842 2
a 350 866 8
a 350 898 1
a 350 908 4
a 351 759 1
a 352 354 2
a 352 383 9
a 353 200 8
a 353 716 9
a 353 835 2
a 354 263 2
a 354 447 6
a 354 735 4
a 355 912 4
a 355 941 5
a 355 988 10
a 356 342 4
a 356 767 4
a 357 131 2
a 358 247 2
a 358 444 4
a 359 628 5
a 360 292 4
a 360 459 2
a 360 578 2
a 361 193 6
a 362 860 4
a 362 905 3
a 363 392 2
a 363 423 4
a 363 754 9
a 364 274 3
a 365 176 10
a 365 313 1
a 366 602 4
a 366 663 9
a 366 826 8
a 367 675 5
a 368 268 9
a 368 271 1
a 368 366 4
a 368 522 2
a 369 61 7
a 369 799 8
a 370 538 6
a 370 650 7
a 370 653 3
a 371 211 1
a 371 428 7
a 372 273 6
a 372 950 3
a 372 960 8
a 373 447 4
a 373 466 3
a 373 666 7
a 374 338 2
a 374 589 5
a 374 745 10
a 375 32 10
a 375 654 8
a 376 21 10
a 376 661 10
a 376 684 9
a 377 186 1
a 377 397 8
a 378 909 2
a 379 141 2
a 379 823 2
a 380 400 4
a 380 710 10
a 381 611 5
a 382 63 9
a 383 8 7
a 383 374 5
a 383 435 5
a 383 811 1
a 384 726 7
a 384 796 8
a 385 420 3
a 385 649 4
a 386 103 4
a 386 283 1
a 386 694 4
a 387 483 3
a 387 837 10
a 388 358 6
a 388 901 2
a 389 637 2
a 390 782 1
a 391 215 9
a 391 596 3
a 392 242 4
a 393 364 8
a 394 36 2
a 394 922 9
a 395 573 4
a 395 772 9
a 396 977 10
a 397 215 3
a 397 763 10
a 397 776 10
a 398 63 8
a 398 752 7
a 398 876 5
a 399 967 1
a 400 126 10
a 400 177 4
a 400 217 9
a 400 234 5
a 400 984 5
a 401 262 6
a 401 653 1
a 401 877 6
a 402 238 5
a 402 349 8
a 403 684 7
a 404 657 7
a 404 996 5
a 405 811 1
a 405 845 10
a 405 888 8
a 406 527 1
a 407 374 4
a 407 959 5
a 408 173 10
a 408 781 4
a 408 927 10
a 409 222 8
a 410 39 4
a 410 532 1
a 410 917 2
a 411 104 9
a 412 78 3
a 413 353 4
a 414 395 2
a 414 802 6
a 415 689 2
a 415 844 2
a 416 199 6
a 417 129 4
a 417 624 9
a 418 394 6
a 418 712 7
a 418 813 3
a 419 599 1
a 419 931 6
a 420 11 4
a 420 666 7
a 420 703 6
a 421 464 2
a 421 776 5
a 422 208 5
a 422 999 9
a 423 833 10
a 424 533 9
a 425 494 8
a 425 543 1
a 425 739 10
a 426 528 3
a 426 819 6
a 427 536 10
a 428 279 8
a 428 321 9
a 429 20 1
a 429 219 7
a 429 235 6
a 429 328 7
a 429 474 3
a 429 948 5
a 430 339 7
a 430 353 4
a 431 868 5
a 432 649 8
a 433 310 6
a 433 547 10
a 434 807 9
a 434 902 1
a 435 373 7
a 435 962 3
a 436 404 7
a 436 687 6
a 437 50 9
a 437 573 1
a 438 267 7
a 438 503 7
a 439 210 5
a 439 212 2
a 439 841 3
a 440 458 5
a 441 717 3
a 441 834 9
a 441 845 10
a 442 72 2
a 442 521 6
a 442 970 6
a 443 626 10
a 444 36 2
a 445 41 6
a 445 239 2
a 445 450 10
a 445 530 2
a 446 91 8
a 446 483 9
a 447 187 4
a 448 350 8
a 448 827 4
a 448 992 8
a 449 783 3
a 450 283 9
a 450 665 9
a 451 48 6
a 451 296 4
a 451 322 5
a 452 57 4
a 452 104 6
a 452 188 10
a 452 504 8
a 452 899 3
a 453 328 9
a 453 843 1
a 454 199 3
a 454 204 7
a 455 678 7
a 456 89 10
a 456 419 10
a 456 815 9
a 456 973 8
a 457 602 10
a 458 463 10
a 459 363 6
a 459 655 2
a 460 112 7
a 461 832 9
a 461 922 8
a 462 180 6
a 462 558 1
a 462 974 4
a 463 799 6
a 464 498 7
a 465 12 10
a 465 110 8
a 465 839 10
a 466 438 7
a 466 890 6
a 467 967 6
a 468 358 4
a 469 45 9
a 470 308 5
a 470 788 8
a 471 744 4
a 472 201 2
a 472 508 4
a 473 609 8
a 474 272 3
a 475 897 10
a 476 982 3
a 477 154 7
a 478 955 4
a 479 546 6
a 479 713 3
a 480 416 8
a 480 463 9
a 481 349 6
a 482 256 7
a 482 689 8
a 483 216 9
a 483 759 4
a 483 810 6
a 483 829 4
a 483 934 8
a 484 701 1
a 484 804 1
a 484 873 4
a 485 574 7
a 485 593 2
a 486 319 8
a 486 684 6
a 486 883 6
a 487 456 6
a 487 747 4
a 488 90 6
a 488 124 9
a 488 858 6
a 489 211 6
a 489 507 8
a 490 774 1
a 491 59 7
a 491 261 3
a 491 341 3
a 492 795 2
a 492 879 1
a 493 942 7
a 494 424 3
a 495 92 4
a 495 121 7
a 495 442 10
a 495 628 1
a 495 806 3
a 496 782 6
a 497 283 2
a 497 380 3
a 497 445 10
a 497 745 6
a 498 295 3
a 498 357 6
a 498 433 3
a 499 443 6
a 499 649 8
a 499 905 1
a 500 635 3
a 500 881 3
a 501 909 3
a 502 647 8
a 502 990 7
a 503 20 5
a 504 503 9
a 505 825 4
a 506 122 10
a 506 595 4
a 507 744 4
a 507 884 7
a 508 159 6
a 508 537 1
a 508 753 10
a 509 16 9
a 509 345 7
a 509 718 6
a 510 115 6
a 510 814 2
a 511 973 6
a 512 184 1
a 512 237 8
a 512 394 6
a 513 356 4
a 514 62 8
a 515 788 1
a 515 899 7
a 516 274 5
a 516 903 3
a 516 937 5
a 517 87 5
a 517 948 6
a 518 179 1
a 519 613 1
a 520 93 5
a 520 301 10
a 521 140 7
a 521 714 5
a 522 38 6
a 522 462 3
a 523 906 9
a 524 784 2
a 525 456 4
a 526 514 1
a 527 4 1
a 527 940 6
a 528 27 6
a 528 240 4
a 528 603 8
a 529 672 8
a 529 859 1
a 530 405 7
a 530 523 2
a 530 533 1
a 531 418 8
a 531 685 8
a 532 131 7
a 532 147 2
a 532 149 10
a 532 920 6
a 532 925 2
a 533 307 2
a 533 433 7
a 534 17 2
a 534 808 5
a 535 152 6
a 535 255 4
a 535 368 3
a 536 478 7
a 537 488 4
a 538 515 5
a 538 978 4
a 539 59 2
a 540 250 6
a 540 662 6
a 541 573 10
a 542 302 6
a 542 519 7
a 542 766 4
a 542 785 9
a 542 818 5
a 542 994 5
a 543 85 6
a 543 116 9
a 543 670 7
a 543 952 5
a 544 519 5
a 545 325 8
a 546 153 6
a 546 664 1
a 547 632 5
a 548 49 4
a 549 537 6
a 549 677 3
a 550 828 3
a 551 285 4
a 551 803 7
a 552 965 10
a 553 867 9
a 554 179 8
a 554 401 6
a 554 585 6
a 555 541 9
a 556 333 8
a 556 588 1
a 557 317 10
a 557 421 9
a 557 951 2
a 558 93 5
a 558 444 5
a 558 623 5
a 559 447 4
a 560 25 1
a 560 84 6
a 560 477 10
a 561 147 6
a 562 40 4
a 562 190 3
a 562 858 4
a 563 183 7
a 563 376 10
a 563 618 10
a 564 53 1
a 564 505 3
a 564 880 4
a 565 297 7
a 565 302 6
a 565 674 6
a 566 248 5
a 566 697 8
a 567 308 5
a 567 430 9
a 568 404 5
a 568 650 1
a 568 736 10
a 569 546 5
a 569 709 6
a 569 738 2
a 569 982 4
a 570 448 5
a 570 690 3
a 571 195 1
a 571 284 10
a 572 891 5
a 573 160 8
a 573 457 5
a 574 113 8
a 575 338 6
a 575 960 1
a 576 822 2
a 576 947 4
a 577 183 3
a 578 97 3
a 578 361 3
a 578 490 8
a 579 478 6
a 579 745 7
a 580 352 4
a 580 552 4
a 580 555 10
a 581 780 6
a 581 983 5
a 582 291 10
a 583 171 6
a 583 740 5
a 584 267 8
a 584 418 1
a 585 51 6
a 585 133 2
a 585 343 4
a 585 616 4
a 586 491 1
a 587 49 2
a 587 101 5
a 587 681 8
a 587 749 1
a 588 82 2
a 588 284 3
a 588 729 4
a 589 697 5
a 590 907 10
a 591 834 3
a 592 622 3
a 592 723 8
a 593 410 8
a 593 640 4
a 594 145 2
a 594 592 4
a 594 614 1
a 595 325 6
a 595 985 3
a 596 226 4
a 596 759 7
a 596 964 4
a 597 819 8
a 597 928 9
a 598 506 8
a 599 639 10
a 599 814 3
a 599 868 5
a 600 289 10
a 601 12 2
a 602 633 3
a 602 887 6
a 603 88 9
a 603 945 1
a 604 628 4
a 605 980 9
a 606 5 2
a 606 520 4
a 607 695 7
a 608 89 5
a 609 53 10
a 609 804 6
a 610 316 8
a 610 568 9
a 611 925 4
a 611 996 5
a 612 351 3
a 612 509 4
a 612 678 7
a 613 181 7
a 613 782 7
a 613 897 2
a 614 257 10
a 615 295 6
a 615 637 6
a 616 580 8
a 617 113 10
a 617 172 10
a 618 937 8
a 619 656 6
a 620 639 8
a 620 705 8
a 621 309 6
a 621 763 3
a 622 68 5
a 623 2 9
a 624 687 3
a 625 681 1
a 626 955 1
a 627 623 6
a 627 750 2
a 628 994 7
a 629 436 1
a 630 319 10
a 630 414 8
a 630 469 8
a 630 608 1
a 630 852 8
a 631 618 8
a 632 90 5
a 632 805 1
a 633 300 8
a 633 393 9
a 634 234 8
a 635 372 3
a 635 671 4
a 636 837 3
a 637 612 5
a 637 927 6
a 638 20 7
a 638 417 5
a 639 306 3
a 639 998 10
a 640 613 1
a 640 847 6
a 641 426 1
a 642 232 3
a 642 249 1
a 643 571 6
a 644 72 4
a 644 139 7
a 644 182 5
a 644 531 2
a 645 995 3
a 646 288 7
a 647 191 7
a 648 152 1
a 648 820 3
a 648 923 1
a 649 83 5
a 649 143 7
a 649 614 1
a 650 148 3
a 650 286 3
a 650 715 10
a 650 787 3
a 651 100 6
a 651 649 10
a 651 790 4
a 652 542 4
a 653 43 8
a 653 178 7
a 654 148 1
a 654 548 3
a 655 490 3
a 656 335 3
a 656 524 5
a 657 410 4
a 657 652 6
a 657 693 2
a 657 746 8
a 658 552 6
a 659 485 9
a 659 541 6
a 660 885 8
a 661 622 7
a 661 773 1
a 662 712 4
a 663 81 3
a 663 369 10
a 664 107 3
a 665 398 10
a 666 291 4
a 666 554 7
a 667 87 4
a 668 369 5
a 669 503 10
a 670 33 5
a 670 105 10
a 670 162 10
a 671 361 1
a 671 993 10
a 672 117 7
a 673 458 8
a 673 963 1
a 674 227 9
a 674 314 5
a 675 56 9
a 675 112 6
a 675 399 5
a 675 828 8
a 676 383 9
a 676 563 4
a 676 736 4
a 677 633 5
a 677 728 4
a 678 620 1
a 679 269 2
a 679 930 8
a 680 236 10
a 680 412 1
a 681 30 4
a 681 554 9
a 682 609 5
a 682 678 6
a 683 747 7
a 684 120 1
a 684 601 4
a 684 611 8
a 685 122 10
a 685 934 2
a 685 967 5
a 686 72 6
a 687 298 4
a 687 706 10
a 688 434 6
a 689 514 1
a 689 851 5
a 690 75 6
a 690 412 10
a 690 725 2
a 691 743 4
a 691 977 3
a 692 24 4
a 692 155 9
a 693 410 3
a 693 471 10
a 694 967 8
a 695 80 5
a 695 409 2
a 695 752 4
a 696 81 6
a 696 84 3
a 696 178 4
a 696 854 1
a 697 683 2
a 698 305 1
a 698 360 5
a 698 932 6
a 699 387 6
a 700 950 4
a 701 194 10
a 701 800 1
a 701 966 2
a 702 955 1
a 703 507 10
a 703 963 6
a 704 629 4
a 704 630 8
a 705 597 9
a 705 678 3
a 705 921 1
a 706 455 8
a 706 509 3
a 707 757 3
a 708 241 4
a 708 999 4
a 709 376 6
a 709 729 9
a 710 110 6
a 710 516 2
a 711 330 9
a 711 675 4
a 712 287 6
a 712 484 6
a 713 816 10
a 713 931 8
a 714 15 9
a 714 886 6
a 715 616 10
a 716 173 10
a 717 68 1
a 717 125 1
a 717 431 9
a 717 789 6
a 718 32 8
a 719 93 10
a 719 264 2
a 719 886 2
a 720 316 5
a 720 422 4
a 720 700 6
a 720 722 5
a 721 592 3
a 722 813 7
a 723 840 10
a 723 949 5
a 724 54 6
a 724 579 5
a 725 119 4
a 725 132 1
a 726 751 6
a 727 490 5
a 727 955 8
a 728 649 6
a 728 940 9
a 729 496 2
a 729 902 4
a 730 75 8
a 731 111 1
a 731 498 6
a 731 613 4
a 732 141 10
a 733 890 6
a 734 170 4
a 734 186 7
a 734 971 2
a 735 211 3
a 735 560 5
a 735 844 7
a 736 74 6
a 736 202 2
a 736 270 5
a 736 465 1
a 737 288 3
a 737 544 7
a 738 437 4
a 738 936 5
a 739 152 7
a 739 229 6
a 739 575 6
a 740 9 4
a 740 259 8
a 740 276 9
a 740 748 1
a 741 159 5
a 742 155 7
a 742 447 6
a 743 206 7
a 743 481 7
a 743 681 4
a 744 427 7
a 744 859 4
a 744 882 7
a 745 442 5
a 745 734 9
a 745 980 3
a 746 889 9
a 747 78 6
a 748 74 6
a 748 306 6
a 748 757 7
a 749 75 9
a 750 13 9
a 750 802 3
a 751 610 7
a 751 740 10
a 752 235 10
a 752 935 6
a 753 156 8
a 753 951 2
a 754 986 8
a 755 488 2
a 755 742 5
a 755 870 9
a 756 6 4
a 757 572 6
a 757 621 1
a 758 534 9
a 758 612 7
a 759 472 3
a 759 607 6
a 760 761 3
a 761 168 6
a 761 972 9
a 762 227 8
a 762 673 10
a 763 322 2
a 763 360 7
a 764 503 10
a 765 391 4
a 765 621 2
a 766 226 9
a 766 326 7
a 766 389 8
a 766 604 10
a 767 553 10
a 767 779 1
a 767 796 6
a 768 268 3
a 768 582 8
a 769 18 4
a 769 210 6
a 769 227 10
a 770 23 4
a 770 643 1
a 771 659 7
a 772 158 3
a 773 153 8
a 773 157 6
a 773 447 6
a 773 991 6
a 774 233 4
a 774 276 1
a 774 861 8
a 774 953 5
a 775 934 7
a 776 68 7
a 776 933 6
a 777 88 6
a 778 81 2
a 778 692 8
a 779 686 5
a 780 218 10
a 780 601 8
a 781 672 10
a 782 146 10
a 782 403 4
a 782 406 1
a 783 798 7
a 783 799 3
a 784 198 7
a 784 511 2
a 785 636 7
a 785 802 4
a 786 281 10
a 786 459 1
a 787 485 5
a 787 907 8
a 788 588 6
a 788 893 10
a 789 385 10
a 789 711 2
a 790 154 10
a 790 314 8
a 791 904 5
a 792 66 8
a 792 242 1
a 792 974 1
a 793 466 9
a 793 570 5
a 794 642 3
a 795 423 1
a 796 563 8
a 796 704 8
a 797 728 4
a 797 849 8
a 797 924 9
a 798 362 7
a 799 229 1
a 799 423 4
a 799 706 2
a 800 315 4
a 800 457 2
a 801 74 2
a 802 208 6
a 802 564 9
a 802 801 6
a 803 34 2
a 803 181 9
a 804 621 4
a 805 228 10
a 805 969 6
a 806 816 8
a 807 164 9
a 807 733 9
a 808 225 4
a 808 869 2
a 809 855 6
a 809 923 7
a 810 626 10
a 811 264 4
a 811 637 3
a 812 324 5
a 812 602 6
a 812 620 3
a 812 697 8
a 812 744 7
a 813 804 8
a 813 817 6
a 814 160 1
a 814 454 6
a 815 369 10
a 815 390 8
a 816 308 4
a 816 344 10
a 817 114 9
a 817 516 2
a 818 304 7
a 818 529 2
a 818 666 8
a 819 288 5
a 820 574 7
a 821 244 3
a 821 332 4
a 822 272 9
a 823 254 9
a 824 349 2
a 824 572 1
a 825 2 2
a 825 667 9
a 826 750 6
a 827 331 4
a 827 443 6
a 827 482 8
a 828 429 2
a 828 534 9
a 829 424 7
a 829 460 5
a 830 520 3
a 830 767 5
a 830 941 9
a 831 187 2
a 831 692 6
a 832 957 9
a 832 990 1
a 833 239 5
a 833 266 4
a 834 200 1
a 834 232 1
a 835 199 2
a 835 364 1
a 835 467 4
a 835 910 3
a 836 656 4
a 836 891 5
a 836 904 9
a 837 81 1
a 837 148 9
a 837 311 9
a 837 394 10
a 838 528 4
a 838 642 10
a 838 693 4
a 839 495 8
a 839 535 9
a 839 606 5
a 839 769 2
a 839 1000 9
a 840 483 10
a 841 154 1
a 841 213 10
a 842 37 2
a 843 168 8
a 844 14 8
a 844 876 10
a 845 545 6
a 845 612 9
a 846 289 9
a 847 192 1
a 847 731 2
a 848 924 7
a 849 296 3
a 850 209 7
a 850 282 7
a 850 640 8
a 851 335 8
a 851 649 6
a 852 130 9
a 852 348 8
a 852 864 9
a 853 295 4
a 854 497 5
a 854 901 3
a 855 829 2
a 856 655 5
a 856 803 7
a 857 346 9
a 857 991 9
a 858 304 6
a 858 850 9
a 859 63 2
a 859 549 9
a 860 462 9
a 860 887 6
a 860 913 8
a 861 624 3
a 861 965 8
a 862 409 4
a 863 630 3
a 863 638 6
a 863 834 1
a 864 688 10
a 864 697 10
a 865 45 7
a 865 87 1
a 866 58 8
a 866 329 7
a 866 501 7
a 866 872 4
a 867 182 8
a 867 205 3
a 868 308 7
a 868 517 7
a 869 158 6
a 869 235 2
a 869 427 2
a 869 981 8
a 869 1000 5
a 870 133 1
a 870 555 4
a 870 891 9
a 871 237 5
a 871 999 8
a 872 167 5
a 872 512 8
a 872 946 7
a 873 62 7
a 874 825 10
a 875 413 10
a 875 814 4
a 876 113 5
a 876 203 3
a 876 223 5
a 877 332 2
a 878 132 5
a 878 797 5
a 879 47 9
a 879 146 6
a 880 48 3
a 880 327 7
a 880 585 7
a 881 384 1
a 881 398 7
a 881 587 4
a 881 627 6
a 881 690 4
a 882 347 8
a 882 457 1
a 882 659 10
a 883 125 1
a 883 825 4
a 883 841 7
a 884 460 3
a 884 510 9
a 885 504 8
a 885 544 7
a 886 362 4
a 886 641 8
a 886 735 1
a 887 302 7
a 887 915 1
a 888 272 2
a 888 363 1
a 888 518 4
a 888 579 3
a 889 41 10
a 889 389 6
a 890 275 2
a 890 632 2
a 891 252 8
a 892 150 8
a 893 921 6
a 894 452 1
a 895 375 3
a 895 598 9
a 895 845 8
a 895 958 3
a 896 457 8
a 897 111 7
a 897 716 10
a 898 220 8
a 898 475 8
a 898 502 6
a 898 889 6
a 899 99 4
a 899 313 4
a 899 698 9
a 900 308 1
a 900 590 3
a 901 191 6
a 901 365 6
a 901 929 6
a 902 417 2
a 903 970 8
a 904 577 3
a 905 862 10
a 906 405 2
a 907 257 9
a 908 969 9
a 909 386 6
a 910 875 6
a 910 977 3
a 911 571 5
a 911 975 2
a 912 667 7
a 912 718 3
a 912 947 9
a 913 248 7
a 913 756 7
a 913 781 3
a 914 283 3
a 915 557 5
a 915 825 6
a 916 66 3
a 916 84 7
a 917 672 3
a 918 996 7
a 919 362 1
a 920 788 3
a 921 596 8
a 921 992 2
a 922 189 7
a 923 460 3
a 924 450 3
a 925 470 4
a 925 640 3
a 925 705 4
a 925 933 4
a 926 95 3
a 926 319 6
a 927 272 7
a 927 336 9
a 927 497 8
a 927 846 1
a 928 472 8
a 928 571 2
a 929 896 8
a 930 565 2
a 930 864 4
a 931 439 4
a 931 643 6
a 932 465 3
a 932 896 10
a 933 868 8
a 934 496 1
a 935 662 7
a 935 867 3
a 936 488 4
a 936 760 5
a 936 792 10
a 936 874 10
a 937 280 2
a 937 803 7
a 937 902 6
a 937 939 1
a 938 426 6
a 938 566 5
a 939 65 9
a 939 151 3
a 939 224 1
a 939 830 2
a 939 848 2
a 940 182 10
a 941 208 1
a 942 539 5
a 943 252 6
a 943 493 9
a 943 956 9
a 944 174 10
a 945 763 3
a 946 22 9
a 946 794 6
a 947 176 5
a 947 724 3
a 948 763 7
a 949 699 9
a 950 446 4
a 950 780 8
a 951 211 6
a 951 795 5
a 952 197 3
a 952 383 5
a 952 758 8
a 953 883 10
a 954 707 9
a 955 186 1
a 955 433 9
a 956 558 9
a 957 98 5
a 957 597 10
a 958 107 5
a 958 770 7
a 959 400 5
a 959 786 5
a 959 796 1
a 960 44 3
a 960 260 2
a 960 774 6
a 960 924 3
a 961 275 9
a 961 562 4
a 961 564 6
a 962 260 7
a 963 487 10
a 963 899 3
a 964 173 4
a 964 771 10
a 965 371 7
a 965 912 10
a 966 710 4
a 966 862 6
a 967 241 5
a 967 907 8
a 968 165 8
a 969 108 10
a 969 193 2
a 969 653 2
a 970 573 3
a 971 626 10
a 971 869 4
a 972 738 7
a 973 660 10
a 974 926 3
a 974 943 9
a 974 989 3
a 975 370 4
a 976 863 7
a 977 852 5
a 978 163 3
a 978 526 7
a 978 918 8
a 979 169 8
a 980 940 10
a 981 801 4
a 982 71 8
a 982 88 4
a 982 910 3
a 983 355 3
a 984 638 2
a 985 743 4
a 985 869 6
a 986 753 7
a 987 438 8
a 987 702 6
a 988 118 10
a 988 426 3
a 989 97 7
a 989 838 6
a 990 992 6
a 991 140 3
a 991 915 10
a 992 959 6
a 993 47 1
a 993 593 6
a 993 986 7
a 994 478 8
a 995 296 10
a 996 127 10
a 996 613 10
a 997 120 4
a 997 175 6
a 998 480 5
a 999 144 4
a 999 443 5
