p max 100 200
n 1 s
n 100 t
a 1 47 2
a 1 74 9
a 2 42 10
a 3 21 5
a 3 26 1
a 3 50 10
a 3 60 9
a 4 33 9
a 4 84 9
a 5 93 10
a 6 14 9
a 7 30 3
a 7 43 6
a 7 50 3
a 8 32 7
a 9 54 3
a 10 61 3
a 10 73 5
a 10 75 9
a 10 78 4
a 10 100 3
a 11 49 9
a 11 88 8
a 11 94 6
a 12 52 1
a 12 59 7
a 13 16 9
a 13 35 4
a 14 37 10
a 14 46 4
a 15 6 7
a 15 84 8
a 15 92 9
a 16 41 4
a 16 46 6
a 16 81 6
a 17 3 5
a 17 23 10
a 17 52 4
a 17 97 8
a 18 19 2
a 19 7 4
a 19 13 10
a 19 20 6
a 20 51 7
a 20 59 4
a 20 68 6
a 20 94 1
a 21 78 9
a 22 26 3
a 23 98 7
a 24 22 4
a 24 26 3
a 24 64 8
a 25 76 7
a 25 93 2
a 26 43 9
a 27 69 5
a 28 89 6
a 29 53 8
a 30 11 8
a 30 73 10
a 30 85 7
a 31 51 10
a 32 28 1
a 32 99 3
a 33 7 9
a 33 11 7
a 33 55 6
a 34 31 2
a 35 8 2
a 35 73 1
a 36 62 2
a 36 72 1
a 36 89 4
a 37 36 7
a 38 44 8
a 38 71 7
a 39 63 4
a 40 65 6
a 41 25 1
a 41 29 10
a 41 56 2
a 42 15 1
a 42 40 2
a 42 59 3
a 43 30 10
a 44 36 6
a 44 85 2
a 45 10 9
a 45 61 7
a 46 28 6
a 46 62 2
a 47 26 6
a 47 39 6
a 48 9 4
a 48 81 9
a 49 4 2
a 49 5 2
a 49 27 2
a 50 19 10
a 50 38 4
a 51 10 2
a 52 59 1
a 53 55 10
a 54 71 3
a 54 96 6
a 55 85 4
a 55 97 2
a 56 14 1
a 56 16 4
a 57 15 4
a 57 58 3
a 58 2 3
a 58 16 9
a 58 40 8
a 58 53 5
a 59 33 3
a 59 94 2
a 60 32 5
a 60 56 9
a 60 78 2
a 61 42 4
a 61 73 5
a 62 56 4
a 62 82 6
a 63 60 2
a 64 18 10
a 64 91 3
a 65 80 9
a 65 81 6
a 66 26 3
a 66 48 2
a 66 79 10
a 67 25 5
a 68 2 1
a 68 70 8
a 68 76 5
a 69 20 1
a 70 39 9
a 70 77 10
a 70 81 4
a 71 42 3
a 72 64 5
a 73 14 3
a 73 18 6
a 73 50 9
a 74 12 3
a 75 42 1
a 75 99 8
a 76 11 10
a 76 86 4
a 77 60 2
a 77 87 4
a 78 38 8
a 79 4 7
a 79 24 3
a 80 34 2
a 80 66 6
a 80 69 5
a 81 69 6
a 81 82 8
a 82 44 4
a 83 90 9
a 84 8 7
a 84 38 9
a 85 32 4
a 85 45 7
a 86 12 6
a 86 60 10
a 86 90 10
a 87 17 2
a 87 57 1
a 87 81 10
a 88 8 10
a 88 31 9
a 88 47 10
a 88 49 9
a 88 54 6
a 88 79 6
a 89 84 1
a 89 95 2
a 90 22 4
a 90 100 2
a 91 4 1
a 91 100 10
a 92 51 8
a 93 51 4
a 93 63 7
a 93 65 7
a 94 69 2
a 94 89 5
a 95 12 3
a 96 83 1
a 96 98 6
a 97 35 10
a 97 98 5
a 98 5 7
a 99 67 6
a 99 78 3
