p max 1000 2000
n 1 s
n 1000 t
a 1 388 2
a 2 166 5
a 2 256 5
a 2 597 5
a 3 37 6
a 3 326 3
a 3 386 8
a 3 603 4
a 4 150 3
a 4 469 6
a 4 726 4
a 5 399 3
a 5 640 9
a 6 462 7
a 6 514 9
a 6 973 8
a 7 483 9
a 7 673 4
a 8 407 9
a 8 932 4
a 8 979 8
a 9 718 4
a 10 663 1
a 11 628 1
a 11 677 10
a 12 724 5
a 13 538 6
a 14 715 1
a 14 772 9
a 14 911 2
a 15 437 9
a 16 122 8
a 16 219 2
a 17 58 6
a 17 356 8
a 17 749 10
a 18 631 7
a 19 12 6
a 19 355 6
a 19 643 7
a 20 880 6
a 21 73 5
a 21 385 7
a 22 59 9
a 23 289 4
a 24 423 5
a 24 438 7
a 25 52 1
a 26 97 3
a 26 129 6
a 26 140 5
a 26 660 2
a 26 823 9
a 27 356 1
a 27 908 5
a 28 549 3
a 29 66 8
a 29 415 7
a 29 760 4
a 30 903 2
a 30 958 1
a 31 397 3
a 32 108 6
a 33 938 9
a 33 992 3
a 34 895 6
a 35 172 3
a 35 900 3
a 36 329 2
a 36 465 5
a 36 967 4
a 37 519 2
a 37 694 1
a 37 717 9
a 38 444 8
a 38 960 1
a 38 989 2
a 39 32 9
a 39 124 5
a 39 658 5
a 40 212 2
a 40 443 8
a 41 121 5
a 42 102 3
a 42 149 4
a 42 965 3
a 43 693 9
a 44 836 8
a 45 360 4
a 45 740 5
a 46 276 4
a 46 396 2
a 47 639 9
a 47 679 7
a 48 154 9
a 49 381 5
a 50 871 1
a 51 462 9
a 52 325 9
a 52 892 9
a 53 141 10
a 53 728 1
a 54 895 3
a 55 46 5
a 56 72 6
a 56 270 6
a 56 398 5
a 56 968 4
a 57 456 8
a 57 458 6
a 58 651 4
a 58 757 1
a 58 941 10
a 59 125 8
a 60 230 3
a 60 875 2
a 61 436 2
a 62 218 9
a 63 708 7
a 63 842 10
a 63 968 10
a 64 206 2
a 64 254 1
a 64 485 7
a 64 999 7
a 65 556 6
a 65 962 2
a 66 761 6
a 67 992 2
a 68 115 3
a 68 674 9
a 68 722 3
a 69 94 4
a 69 376 2
a 70 327 7
a 70 655 7
a 71 911 6
a 72 670 10
a 73 64 8
a 73 427 8
a 74 258 1
a 74 891 9
a 75 880 2
a 76 266 8
a 76 366 7
a 76 650 4
a 76 678 7
a 77 464 7
a 77 618 7
a 78 56 10
a 78 584 3
a 79 632 5
a 80 61 6
a 80 841 8
a 81 31 8
a 81 168 4
a 81 339 8
a 81 532 1
a 81 533 2
a 81 622 9
a 82 281 9
a 82 380 1
a 83 648 8
a 84 562 3
a 84 639 1
a 85 56 7
a 85 818 5
a 86 655 4
a 86 864 3
a 86 888 8
a 87 73 2
a 88 278 9
a 88 866 1
a 89 512 3
a 90 778 3
a 91 95 7
a 92 289 10
a 92 701 4
a 92 820 8
a 93 512 2
a 94 227 10
a 94 923 4
a 95 172 5
a 95 612 5
a 96 642 7
a 97 4 2
a 97 501 10
a 98 146 8
a 98 316 4
a 99 317 9
a 100 156 9
a 100 304 4
a 100 373 6
a 100 616 2
a 101 163 7
a 101 494 2
a 102 699 6
a 102 809 3
a 103 286 9
a 103 729 6
a 104 583 5
a 105 407 8
a 106 350 2
a 106 771 4
a 107 123 5
a 107 331 6
a 107 707 6
a 108 651 10
a 109 378 5
a 109 395 9
a 110 347 6
a 110 594 10
a 110 774 7
a 111 661 10
a 111 808 3
a 111 970 7
a 112 652 7
a 113 28 3
a 113 715 7
a 114 118 4
a 114 285 2
a 114 560 10
a 115 55 6
a 115 392 2
a 115 435 7
a 116 526 7
a 117 963 5
a 118 84 5
a 118 530 2
a 119 636 6
a 119 814 7
a 120 505 7
a 120 680 8
a 120 983 5
a 121 495 8
a 121 525 6
a 121 825 8
a 122 903 9
a 123 671 3
a 123 848 6
a 124 903 10
a 125 261 3
a 125 515 6
a 126 338 9
a 127 468 8
a 127 933 6
a 128 526 10
a 129 131 1
a 129 204 4
a 129 358 9
a 129 978 2
a 130 185 1
a 130 474 8
a 131 610 5
a 132 98 7
a 132 301 6
a 132 365 9
a 133 219 1
a 134 404 3
a 135 312 10
a 135 514 2
a 136 98 8
a 136 962 2
a 137 987 8
a 138 18 4
a 138 165 1
a 138 278 1
a 139 167 2
a 139 351 8
a 140 945 8
a 141 209 3
a 141 377 4
a 142 902 9
a 143 228 7
a 143 281 7
a 143 399 6
a 144 233 2
a 144 625 6
a 145 921 2
a 146 488 7
a 147 229 3
a 147 426 5
a 148 10 2
a 148 223 6
a 148 703 3
a 149 95 1
a 149 141 1
a 149 957 1
a 150 652 6
a 150 810 2
a 151 384 9
a 151 874 7
a 152 330 9
a 152 392 1
a 152 943 1
a 153 139 6
a 153 875 5
a 153 990 5
a 154 508 2
a 154 840 8
a 154 949 5
a 154 953 5
a 155 275 8
a 155 747 3
a 155 856 3
a 156 562 2
a 157 16 6
a 157 247 3
a 157 251 5
a 157 334 2
a 157 559 1
a 157 891 2
a 158 340 10
a 158 631 3
a 159 253 10
a 159 521 6
a 159 863 1
a 159 924 9
a 160 424 10
a 160 617 6
a 161 241 5
a 161 841 3
a 162 342 4
a 163 700 5
a 164 345 5
a 164 987 4
a 165 652 8
a 165 720 10
a 166 165 3
a 166 951 2
a 167 107 6
a 167 133 4
a 168 319 4
a 168 877 8
a 169 989 9
a 170 197 10
a 170 682 7
a 171 861 5
a 172 433 6
a 172 454 7
a 173 613 3
a 174 371 10
a 175 869 8
a 176 20 8
a 176 584 6
a 176 743 7
a 177 144 1
a 177 202 10
a 177 260 7
a 177 445 2
a 177 462 6
a 178 563 9
a 178 758 7
a 179 302 1
a 180 376 7
a 181 225 4
a 182 20 9
a 182 504 3
a 183 59 3
a 184 65 10
a 184 721 8
a 185 557 9
a 186 242 7
a 186 878 5
a 187 186 6
a 187 864 10
a 188 658 4
a 189 304 10
a 189 750 7
a 190 730 5
a 191 108 4
a 191 734 4
a 191 785 4
a 192 71 9
a 192 620 10
a 193 331 6
a 194 377 7
a 194 846 10
a 195 293 5
a 195 590 3
a 195 686 10
a 196 434 10
a 196 498 10
a 197 454 1
a 198 360 6
a 198 436 6
a 199 475 7
a 199 564 8
a 199 718 3
a 200 347 9
a 200 642 4
a 200 766 2
a 201 230 5
a 201 975 3
a 202 436 10
a 203 19 7
a 203 210 3
a 203 539 9
a 204 732 5
a 205 477 5
a 205 707 9
a 206 923 7
a 207 148 9
a 207 269 9
a 207 322 10
a 208 368 5
a 208 500 10
a 208 542 1
a 208 556 9
a 209 732 1
a 210 505 5
a 211 261 7
a 211 427 1
a 212 316 4
a 212 841 10
a 212 849 4
a 213 318 8
a 213 463 4
a 214 241 9
a 214 423 6
a 214 696 6
a 214 971 10
a 215 522 2
a 216 459 3
a 216 874 2
a 217 2 4
a 217 371 4
a 218 180 7
a 218 540 5
a 219 669 6
a 219 918 7
a 220 403 5
a 220 882 3
a 220 963 2
a 221 838 4
a 222 524 2
a 223 284 8
a 224 618 5
a 225 332 6
a 225 382 3
a 225 466 6
a 226 778 4
a 227 117 2
a 227 252 9
a 228 916 2
a 229 152 1
a 229 689 7
a 230 250 4
a 230 512 3
a 231 166 6
a 231 652 9
a 232 64 5
a 232 265 9
a 232 853 7
a 232 967 4
a 233 537 8
a 233 574 10
a 233 947 4
a 234 659 10
a 235 790 10
a 236 157 9
a 236 463 7
a 236 599 5
a 236 626 5
a 236 955 1
a 237 677 1
a 238 652 1
a 239 349 4
a 239 543 2
a 239 596 1
a 240 69 7
a 241 686 8
a 242 379 10
a 243 49 3
a 243 69 6
a 243 371 5
a 244 15 9
a 245 474 1
a 245 678 2
a 246 491 9
a 246 883 1
a 247 138 2
a 248 788 10
a 249 82 6
a 249 393 2
a 249 834 3
a 249 989 1
a 250 645 5
a 251 117 7
a 252 696 6
a 253 610 7
a 253 782 1
a 254 571 4
a 254 579 4
a 254 720 1
a 254 904 9
a 255 503 9
a 255 869 1
a 256 622 1
a 256 728 9
a 256 865 3
a 257 18 9
a 257 154 5
a 258 190 4
a 258 552 9
a 258 763 7
a 259 511 1
a 259 602 4
a 260 959 1
a 261 546 8
a 261 780 9
a 262 28 1
a 262 460 8
a 262 620 6
a 263 426 2
a 263 552 2
a 263 662 5
a 264 91 8
a 264 466 7
a 264 868 10
a 264 949 6
a 265 280 8
a 266 676 4
a 266 930 4
a 267 493 6
a 268 573 1
a 268 692 2
a 269 61 9
a 269 467 6
a 269 719 5
a 270 350 7
a 270 738 10
a 271 760 10
a 272 347 7
a 272 730 5
a 273 33 1
a 273 381 8
a 273 395 5
a 274 9 2
a 274 817 4
a 275 615 9
a 276 440 4
a 277 238 6
a 278 711 4
a 278 765 7
a 279 227 10
a 280 127 5
a 280 915 6
a 281 712 4
a 281 745 3
a 282 479 9
a 282 773 8
a 283 174 3
a 284 30 6
a 284 374 10
a 284 520 2
a 284 524 5
a 284 871 2
a 285 252 6
a 286 388 10
a 286 838 7
a 287 660 3
a 288 300 9
a 289 466 9
a 289 913 7
a 290 381 10
a 291 306 7
a 291 993 9
a 292 361 4
a 292 897 4
a 293 264 3
a 293 897 6
a 294 112 10
a 295 238 10
a 295 684 7
a 295 868 3
a 296 775 2
a 297 292 6
a 297 703 9
a 298 52 3
a 298 86 5
a 298 933 6
a 299 192 6
a 299 605 9
a 300 454 2
a 300 676 6
a 300 797 8
a 301 951 4
a 302 60 2
a 302 65 1
a 302 997 2
a 303 54 8
a 303 482 3
a 304 511 5
a 304 725 10
a 305 7 3
a 305 43 2
a 305 289 9
a 306 208 2
a 306 321 5
a 306 840 4
a 307 543 2
a 308 184 2
a 309 313 4
a 310 538 9
a 311 165 7
a 311 175 1
a 311 344 8
a 311 896 8
a 312 573 10
a 313 346 2
a 313 778 7
a 314 981 8
a 315 309 4
a 315 350 8
a 316 627 10
a 317 382 3
a 317 405 10
a 317 737 8
a 318 1000 10
a 319 545 10
a 319 573 9
a 320 333 7
a 320 337 6
a 320 600 2
a 321 568 2
a 321 821 6
a 322 32 7
a 322 149 8
a 322 521 9
a 322 619 10
a 323 430 4
a 324 597 6
a 325 680 9
a 326 164 8
a 326 240 9
a 327 11 6
a 327 239 8
a 327 615 3
a 328 143 7
a 328 176 9
a 328 957 4
a 329 240 6
a 329 806 1
a 330 287 4
a 330 480 2
a 331 777 10
a 331 972 1
a 332 608 6
a 332 657 8
a 332 769 1
a 333 268 10
a 333 724 6
a 334 13 3
a 335 104 8
a 335 177 3
a 335 589 6
a 336 539 5
a 337 49 1
a 338 316 1
a 339 153 9
a 339 670 4
a 339 914 1
a 339 1000 6
a 340 12 4
a 340 146 2
a 340 555 4
a 341 104 5
a 341 199 2
a 341 506 5
a 341 735 7
a 342 121 6
a 342 205 5
a 342 400 8
a 342 629 4
a 342 996 9
a 343 473 2
a 343 511 9
a 343 642 8
a 343 917 6
a 344 145 7
a 344 911 9
a 345 306 7
a 346 123 5
a 347 548 10
a 348 10 5
a 348 731 7
a 349 140 10
a 349 182 10
a 349 549 1
a 350 214 8
a 350 707 6
a 350 832 5
a 351 371 4
a 351 582 8
a 352 425 3
a 353 761 8
a 354 979 3
a 355 688 1
a 355 948 4
a 356 208 6
a 356 324 4
a 356 608 9
a 357 139 2
a 357 891 3
a 358 323 9
a 358 711 3
a 359 83 1
a 359 277 7
a 359 873 8
a 360 450 1
a 361 203 10
a 361 370 4
a 361 577 1
a 362 510 2
a 363 48 10
a 364 67 4
a 365 55 10
a 365 343 9
a 365 675 5
a 365 888 5
a 366 921 9
a 367 46 1
a 368 558 6
a 368 789 2
a 369 696 3
a 370 750 1
a 371 932 6
a 372 358 4
a 372 746 2
a 373 915 10
a 374 658 8
a 375 291 2
a 375 410 9
a 375 446 1
a 375 502 10
a 376 24 1
a 376 468 1
a 376 604 3
a 377 259 5
a 378 170 4
a 378 189 6
a 378 666 1
a 379 47 6
a 379 595 8
a 379 842 3
a 380 240 9
a 381 695 7
a 382 583 5
a 383 414 4
a 384 317 3
a 384 483 9
a 385 464 3
a 386 113 9
a 387 282 4
a 388 13 10
a 388 79 7
a 389 621 2
a 390 73 8
a 390 220 1
a 391 276 4
a 392 287 4
a 392 892 9
a 393 993 9
a 394 635 6
a 395 263 10
a 395 476 8
a 395 478 9
a 395 857 5
a 396 263 5
a 396 297 8
a 397 2 10
a 398 365 3
a 399 926 5
a 399 971 9
a 400 114 3
a 400 232 9
a 400 404 4
a 400 920 6
a 401 222 9
a 401 482 8
a 402 270 2
a 403 192 2
a 403 283 3
a 403 516 2
a 403 695 7
a 403 724 7
a 403 767 10
a 403 826 6
a 404 769 9
a 405 423 6
a 406 719 7
a 407 73 2
a 407 345 2
a 407 401 5
a 407 598 1
a 407 628 6
a 407 977 6
a 408 348 8
a 408 556 4
a 409 788 8
a 410 245 9
a 410 497 6
a 411 681 10
a 412 11 1
a 413 296 9
a 413 956 8
a 414 842 4
a 415 27 9
a 415 783 5
a 416 678 8
a 416 839 3
a 416 918 2
a 417 258 7
a 417 909 5
a 418 68 8
a 418 509 2
a 418 531 4
a 418 603 5
a 419 66 8
a 420 118 4
a 420 886 7
a 421 105 8
a 422 125 4
a 422 485 6
a 423 732 6
a 424 334 9
a 425 367 1
a 426 171 7
a 426 391 8
a 426 467 3
a 426 697 7
a 427 374 4
a 428 820 8
a 428 920 6
a 429 722 3
a 429 782 3
a 430 236 1
a 430 352 9
a 431 523 4
a 431 784 5
a 432 843 6
a 433 29 5
a 433 294 9
a 433 750 1
a 433 843 10
a 434 280 3
a 434 409 5
a 434 885 6
a 435 431 10
a 435 554 1
a 435 653 7
a 436 297 1
a 437 627 2
a 438 113 1
a 438 439 10
a 439 814 7
a 440 283 4
a 441 8 2
a 441 375 10
a 441 656 3
a 441 814 2
a 442 460 5
a 442 912 7
a 442 994 1
a 443 360 5
a 444 380 9
a 444 927 1
a 445 379 7
a 445 700 1
a 446 703 9
a 447 467 2
a 448 586 7
a 449 307 1
a 449 925 6
a 450 475 4
a 450 494 8
a 451 191 9
a 451 228 4
a 452 279 5
a 452 293 3
a 452 644 9
a 453 708 4
a 454 529 8
a 454 602 3
a 454 840 9
a 455 940 1
a 456 732 2
a 457 974 9
a 458 643 8
a 459 416 9
a 460 85 3
a 460 240 4
a 461 553 9
a 461 588 6
a 462 220 3
a 462 754 5
a 463 371 5
a 464 329 1
a 464 621 6
a 464 789 10
a 464 819 3
a 464 898 9
a 465 410 6
a 465 543 8
a 466 519 7
a 466 895 8
a 466 990 3
a 467 181 6
a 467 439 7
a 468 171 5
a 468 246 6
a 468 817 3
a 468 829 1
a 469 705 7
a 470 135 2
a 470 317 10
a 470 893 3
a 471 849 2
a 472 940 7
a 473 327 6
a 474 836 6
a 474 867 7
a 474 942 3
a 474 948 8
a 475 459 8
a 476 212 2
a 476 280 2
a 476 800 5
a 476 980 10
a 477 87 2
a 477 290 2
a 477 690 3
a 478 179 7
a 478 795 8
a 479 127 8
a 480 128 5
a 480 788 4
a 480 926 3
a 481 614 5
a 481 761 1
a 482 704 2
a 483 18 5
a 483 587 10
a 484 929 5
a 485 236 10
a 485 555 3
a 485 708 2
a 486 85 8
a 487 504 3
a 487 777 1
a 488 108 3
a 488 546 5
a 488 665 10
a 489 231 5
a 489 591 1
a 490 171 8
a 490 430 8
a 490 437 1
a 491 653 1
a 492 70 8
a 492 941 5
a 493 466 9
a 493 802 4
a 494 997 1
a 495 159 6
a 495 341 6
a 495 383 4
a 496 370 10
a 497 394 1
a 497 501 3
a 497 774 1
a 498 219 8
a 499 267 10
a 499 431 8
a 499 836 8
a 500 678 9
a 501 666 4
a 502 884 4
a 503 716 6
a 504 178 5
a 504 603 1
a 505 557 8
a 506 72 1
a 506 215 8
a 506 624 1
a 506 745 7
a 507 628 2
a 507 803 1
a 508 432 5
a 508 544 5
a 508 557 7
a 508 569 8
a 509 8 10
a 509 748 6
a 510 732 2
a 511 450 9
a 512 118 2
a 512 894 4
a 512 975 1
a 513 780 2
a 514 943 5
a 515 44 8
a 516 24 9
a 517 384 3
a 517 791 10
a 518 89 5
a 518 112 3
a 518 816 5
a 519 148 8
a 519 778 2
a 519 807 9
a 520 30 10
a 521 283 10
a 522 489 9
a 522 525 7
a 523 440 4
a 524 281 7
a 525 461 2
a 525 530 5
a 526 45 5
a 526 181 6
a 526 483 5
a 526 488 2
a 526 768 5
a 527 14 6
a 527 80 8
a 527 477 2
a 528 300 7
a 528 432 9
a 528 761 5
a 529 134 4
a 529 264 7
a 530 531 6
a 531 105 5
a 531 486 10
a 531 551 10
a 531 621 2
a 531 858 7
a 531 902 6
a 532 987 8
a 533 702 3
a 534 683 4
a 535 40 3
a 536 421 2
a 536 586 3
a 537 17 8
a 537 932 9
a 538 637 3
a 538 852 5
a 539 326 6
a 539 607 10
a 540 50 8
a 540 760 5
a 540 932 2
a 541 897 4
a 541 929 9
a 542 18 1
a 542 522 9
a 542 879 6
a 543 5 6
a 543 758 2
a 543 792 10
a 544 447 9
a 544 835 9
a 545 858 3
a 546 12 5
a 546 272 10
a 546 659 2
a 546 969 8
a 547 224 10
a 547 231 5
a 548 283 1
a 549 925 1
a 549 982 8
a 550 914 3
a 551 547 2
a 551 621 10
a 552 136 1
a 552 587 3
a 552 824 5
a 552 872 3
a 553 902 6
a 553 974 2
a 554 539 2
a 555 693 10
a 556 173 5
a 556 492 8
a 557 3 7
a 557 927 1
a 558 643 4
a 558 805 2
a 558 855 4
a 559 318 5
a 560 451 1
a 560 725 10
a 560 782 2
a 560 857 7
a 561 75 2
a 561 390 9
a 562 482 8
a 563 286 2
a 563 877 2
a 564 18 5
a 564 142 2
a 565 14 4
a 565 548 8
a 565 713 7
a 566 403 4
a 566 501 6
a 566 911 4
a 567 111 4
a 567 588 6
a 568 570 2
a 568 641 4
a 568 857 10
a 569 733 7
a 570 655 5
a 570 881 5
a 571 16 7
a 571 25 9
a 571 99 6
a 572 148 10
a 573 100 1
a 573 804 3
a 573 830 8
a 574 314 7
a 574 417 9
a 574 535 2
a 574 714 3
a 574 916 4
a 575 796 1
a 575 848 10
a 576 274 7
a 576 710 2
a 576 771 6
a 577 526 6
a 577 959 8
a 578 454 1
a 578 827 8
a 579 461 9
a 579 487 4
a 580 950 8
a 581 506 1
a 581 698 8
a 581 812 5
a 582 41 6
a 582 637 10
a 583 6 6
a 583 191 4
a 583 451 10
a 584 40 5
a 584 384 2
a 584 420 5
a 585 578 3
a 585 689 6
a 586 492 2
a 586 673 8
a 586 889 4
a 587 300 2
a 588 244 3
a 588 740 7
a 588 784 1
a 589 575 10
a 589 919 5
a 590 38 6
a 591 413 9
a 591 840 6
a 592 569 10
a 593 949 7
a 594 823 8
a 595 81 5
a 595 493 6
a 595 566 5
a 596 891 7
a 597 878 10
a 598 918 1
a 599 220 5
a 599 887 8
a 600 354 10
a 600 505 3
a 600 899 1
a 601 152 10
a 601 705 2
a 602 161 5
a 602 338 4
a 603 100 8
a 604 367 10
a 604 661 7
a 604 833 3
a 605 89 1
a 605 693 9
a 605 991 5
a 606 887 10
a 607 233 8
a 607 844 2
a 607 914 2
a 608 666 6
a 609 70 10
a 609 525 1
a 610 502 3
a 610 907 5
a 611 354 7
a 611 851 3
a 612 118 2
a 613 647 7
a 613 680 10
a 614 845 6
a 614 899 4
a 615 218 8
a 615 584 6
a 615 775 4
a 616 479 2
a 616 675 4
a 617 43 10
a 617 554 2
a 617 861 2
a 618 188 1
a 618 440 9
a 618 756 10
a 619 437 2
a 620 896 2
a 621 569 1
a 621 879 5
a 621 968 2
a 622 631 10
a 623 299 8
a 623 609 10
a 624 782 7
a 624 808 10
a 625 314 5
a 626 751 5
a 626 946 3
a 627 956 7
a 628 195 7
a 628 408 5
a 628 581 9
a 628 722 5
a 629 865 10
a 630 484 9
a 630 731 2
a 631 583 6
a 631 700 7
a 631 877 4
a 632 414 4
a 632 922 8
a 632 946 8
a 633 603 8
a 633 630 7
a 633 828 6
a 634 536 8
a 634 794 4
a 634 862 10
a 635 468 1
a 635 528 1
a 635 749 9
a 636 67 10
a 636 436 7
a 636 937 6
a 637 41 4
a 637 739 9
a 638 313 2
a 639 38 2
a 640 586 7
a 640 950 4
a 641 197 3
a 641 310 10
a 641 764 2
a 642 9 9
a 642 429 9
a 643 779 2
a 644 163 5
a 644 298 4
a 645 243 10
a 646 994 5
a 647 429 8
a 647 617 4
a 648 298 7
a 648 389 10
a 648 831 8
a 649 517 10
a 649 780 3
a 650 276 6
a 650 397 9
a 651 128 9
a 652 691 2
a 652 942 6
a 653 352 1
a 653 409 1
a 654 245 7
a 654 978 6
a 655 309 6
a 655 472 8
a 655 527 2
a 656 450 8
a 657 46 8
a 657 382 1
a 658 242 1
a 658 862 3
a 658 927 7
a 659 333 7
a 659 779 3
a 660 585 5
a 661 27 2
a 661 196 9
a 661 390 2
a 661 609 5
a 661 744 8
a 662 591 3
a 662 710 8
a 663 320 6
a 663 585 6
a 663 627 9
a 663 815 6
a 663 847 7
a 664 484 3
a 665 32 7
a 665 449 3
a 666 382 8
a 667 723 8
a 668 562 9
a 668 567 4
a 668 646 4
a 669 269 6
a 669 561 4
a 670 451 8
a 671 951 6
a 672 115 7
a 673 406 6
a 673 506 3
a 673 854 5
a 674 91 4
a 674 613 1
a 675 441 9
a 675 848 7
a 676 297 2
a 677 78 5
a 677 187 5
a 677 606 5
a 677 684 10
a 678 231 7
a 678 663 8
a 679 123 2
a 679 237 10
a 679 425 6
a 679 704 4
a 680 110 8
a 680 255 5
a 680 337 2
a 680 691 8
a 681 554 10
a 681 603 3
a 682 216 3
a 682 598 7
a 683 182 7
a 684 21 6
a 684 25 7
a 684 422 2
a 684 469 3
a 684 806 8
a 685 288 8
a 685 473 6
a 686 401 9
a 686 754 6
a 686 961 6
a 686 964 3
a 687 163 9
a 687 285 3
a 688 119 6
a 688 341 3
a 688 459 1
a 689 243 10
a 689 326 1
a 689 601 3
a 689 649 1
a 689 843 10
a 690 116 1
a 690 290 6
a 691 109 6
a 691 225 7
a 691 507 1
a 692 420 5
a 693 132 3
a 693 389 3
a 693 798 4
a 694 63 2
a 694 88 8
a 695 183 6
a 695 519 9
a 696 179 2
a 696 245 2
a 697 813 7
a 698 192 10
a 699 235 9
a 699 937 5
a 700 501 9
a 700 538 5
a 700 755 7
a 701 224 5
a 702 510 1
a 702 918 3
a 703 231 5
a 703 611 2
a 704 7 9
a 705 531 2
a 706 363 1
a 707 48 10
a 707 859 2
a 708 213 4
a 708 250 5
a 709 560 2
a 709 780 2
a 710 239 10
a 711 251 3
a 711 594 3
a 712 117 6
a 712 125 9
a 712 201 8
a 713 161 5
a 713 319 3
a 714 18 5
a 714 928 6
a 715 351 2
a 715 651 5
a 716 140 9
a 716 193 5
a 717 529 5
a 717 749 6
a 718 346 1
a 718 365 9
a 718 375 6
a 719 177 2
a 719 852 10
a 720 173 10
a 720 966 4
a 721 200 1
a 721 209 3
a 722 205 4
a 722 815 1
a 723 359 1
a 723 518 2
a 724 5 5
a 724 264 7
a 725 448 8
a 725 992 10
a 726 158 2
a 726 415 8
a 726 672 6
a 726 731 5
a 727 133 9
a 727 211 6
a 727 253 6
a 728 35 4
a 728 233 10
a 729 342 4
a 729 741 4
a 730 499 4
a 730 859 4
a 730 969 10
a 731 453 6
a 732 194 1
a 732 496 9
a 733 17 6
a 733 747 2
a 734 566 4
a 734 588 3
a 734 621 7
a 734 813 8
a 735 619 3
a 735 779 2
a 736 285 5
a 737 25 4
a 738 761 4
a 738 905 8
a 739 87 8
a 739 387 9
a 739 940 3
a 740 77 2
a 741 18 4
a 741 790 9
a 742 21 10
a 742 393 10
a 743 73 4
a 744 184 2
a 744 363 8
a 744 585 10
a 745 232 5
a 745 315 4
a 745 372 9
a 746 709 9
a 746 995 5
a 747 165 3
a 747 709 8
a 748 469 7
a 748 835 2
a 749 53 2
a 749 137 4
a 749 759 9
a 750 349 10
a 750 638 1
a 750 681 1
a 751 586 9
a 751 850 9
a 752 38 3
a 752 362 8
a 752 911 3
a 752 918 4
a 753 442 3
a 753 448 10
a 754 548 10
a 754 718 10
a 755 185 4
a 755 773 9
a 756 648 9
a 756 849 6
a 756 959 3
a 757 250 9
a 758 23 10
a 758 264 5
a 758 934 2
a 759 455 3
a 759 521 3
a 759 870 1
a 760 975 7
a 761 942 6
a 762 166 4
a 763 248 5
a 763 491 5
a 764 264 9
a 764 353 1
a 765 364 9
a 765 671 1
a 765 850 1
a 766 299 10
a 766 412 2
a 766 939 7
a 767 147 1
a 767 405 1
a 767 634 2
a 767 753 6
a 768 583 2
a 769 417 8
a 769 884 10
a 770 473 1
a 771 541 9
a 771 681 7
a 772 194 2
a 772 225 4
a 773 42 9
a 773 323 9
a 773 564 2
a 774 602 4
a 775 2 7
a 775 94 6
a 775 289 4
a 775 565 8
a 776 149 8
a 776 534 10
a 776 575 3
a 777 185 8
a 777 311 1
a 777 512 7
a 777 860 7
a 777 920 4
a 778 52 1
a 779 703 6
a 780 418 1
a 780 759 1
a 781 725 10
a 782 86 7
a 782 416 2
a 783 585 10
a 783 633 6
a 784 163 5
a 784 187 2
a 785 15 2
a 785 220 8
a 786 710 8
a 787 802 9
a 788 938 3
a 789 347 9
a 790 456 1
a 790 806 4
a 791 342 2
a 791 833 10
a 792 516 6
a 792 668 3
a 793 736 4
a 793 801 1
a 793 946 6
a 793 981 7
a 794 744 7
a 795 35 6
a 795 313 1
a 796 426 1
a 796 448 9
a 796 609 8
a 797 14 5
a 798 361 8
a 798 610 5
a 798 631 9
a 798 838 3
a 799 259 4
a 799 566 6
a 799 876 9
a 800 513 7
a 800 576 8
a 800 765 7
a 801 934 5
a 802 145 6
a 803 635 4
a 804 978 3
a 805 180 9
a 805 793 8
a 805 880 2
a 806 670 9
a 806 822 4
a 807 738 4
a 808 182 9
a 809 401 6
a 810 736 1
a 811 180 6
a 812 133 7
a 813 26 10
a 813 338 9
a 813 549 5
a 814 120 4
a 814 737 4
a 815 415 9
a 815 532 2
a 816 723 9
a 816 727 9
a 817 53 2
a 817 226 8
a 818 438 4
a 818 910 1
a 819 758 1
a 820 219 3
a 820 503 5
a 820 873 6
a 821 544 5
a 822 883 3
a 822 956 9
a 823 898 6
a 824 137 7
a 825 279 6
a 826 366 10
a 827 177 10
a 827 809 7
a 828 464 5
a 828 931 3
a 829 306 5
a 829 411 2
a 829 984 8
a 830 101 9
a 830 127 9
a 830 130 8
a 830 169 8
a 830 268 9
a 830 776 10
a 831 663 7
a 832 763 7
a 833 35 9
a 833 308 1
a 834 835 6
a 834 986 10
a 835 687 7
a 835 762 8
a 835 786 8
a 835 950 8
a 836 11 9
a 836 68 4
a 837 369 10
a 837 702 9
a 837 706 2
a 837 988 8
a 838 170 5
a 838 523 8
a 839 629 9
a 840 755 8
a 841 701 2
a 842 66 10
a 842 262 9
a 842 295 8
a 842 419 1
a 843 808 8
a 844 995 4
a 845 701 1
a 846 93 3
a 847 844 1
a 848 57 9
a 848 286 10
a 848 885 10
a 849 203 9
a 849 688 3
a 850 243 1
a 851 727 6
a 852 65 9
a 852 678 5
a 853 469 10
a 854 283 7
a 854 827 4
a 855 96 3
a 855 179 8
a 856 336 10
a 856 796 5
a 857 739 4
a 858 99 6
a 858 535 5
a 859 571 8
a 859 768 3
a 860 303 7
a 860 533 2
a 860 793 3
a 860 814 3
a 860 936 10
a 861 217 3
a 861 811 3
a 861 873 5
a 862 357 3
a 862 470 2
a 862 874 10
a 862 954 10
a 863 234 3
a 863 694 9
a 864 93 3
a 864 548 7
a 865 92 7
a 865 138 6
a 865 305 7
a 866 43 4
a 866 174 10
a 866 282 9
a 867 22 9
a 867 615 8
a 868 51 2
a 868 79 1
a 869 434 6
a 870 90 10
a 870 103 6
a 870 528 9
a 871 458 4
a 872 177 10
a 872 273 1
a 873 112 5
a 873 220 7
a 873 452 1
a 873 706 4
a 874 528 5
a 874 890 5
a 875 414 5
a 875 977 4
a 876 335 1
a 876 339 10
a 877 451 10
a 878 161 3
a 878 378 4
a 878 799 1
a 878 944 4
a 878 998 6
a 879 689 8
a 880 121 1
a 880 801 7
a 880 945 9
a 881 430 7
a 882 318 6
a 883 117 9
a 883 325 7
a 883 397 4
a 883 693 5
a 884 328 1
a 884 835 1
a 885 343 10
a 885 770 7
a 886 120 10
a 886 958 4
a 886 982 8
a 887 241 10
a 887 906 3
a 888 838 5
a 889 308 10
a 889 837 4
a 890 718 1
a 891 276 1
a 891 874 10
a 892 490 5
a 892 655 10
a 893 277 2
a 894 915 7
a 895 564 9
a 896 106 5
a 896 452 7
a 897 249 6
a 897 771 9
a 898 404 9
a 898 457 5
a 898 654 5
a 899 59 7
a 900 207 5
a 900 275 8
a 900 934 1
a 901 809 6
a 902 112 1
a 903 215 4
a 903 923 1
a 903 952 7
a 904 682 5
a 905 111 7
a 906 939 8
a 907 26 8
a 907 221 3
a 908 88 3
a 908 393 4
a 909 524 2
a 909 997 4
a 910 288 6
a 911 518 2
a 911 899 3
a 912 454 6
a 913 509 5
a 913 573 8
a 913 586 2
a 914 151 7
a 914 231 4
a 914 537 6
a 915 579 1
a 915 771 2
a 915 994 5
a 916 442 7
a 917 634 10
a 918 244 8
a 918 284 10
a 918 623 9
a 919 440 1
a 919 985 7
a 920 44 5
a 920 84 1
a 920 567 10
a 920 612 10
a 920 758 10
a 920 781 6
a 920 1000 6
a 921 74 6
a 921 442 5
a 922 558 10
a 923 868 7
a 924 270 8
a 924 668 1
a 925 469 1
a 926 811 8
a 927 326 8
a 928 272 7
a 928 787 5
a 929 61 6
a 929 271 5
a 930 160 1
a 930 305 5
a 930 511 8
a 931 110 4
a 931 682 2
a 932 635 4
a 932 891 1
a 933 222 3
a 934 149 1
a 934 645 5
a 935 508 7
a 935 664 9
a 936 351 4
a 937 589 4
a 937 1000 9
a 938 53 3
a 938 131 1
a 939 611 6
a 940 453 2
a 940 481 1
a 940 670 9
a 941 507 9
a 941 761 3
a 942 593 9
a 942 911 6
a 943 222 8
a 943 445 6
a 944 371 10
a 944 428 3
a 945 126 1
a 945 539 10
a 945 660 7
a 946 491 9
a 946 704 5
a 947 127 10
a 947 632 1
a 948 830 2
a 949 198 9
a 949 556 5
a 950 682 7
a 951 302 10
a 951 402 1
a 951 523 6
a 952 290 4
a 952 514 9
a 953 70 2
a 953 322 5
a 953 720 5
a 954 76 9
a 954 125 10
a 954 543 9
a 955 36 7
a 955 575 2
a 956 32 6
a 956 434 2
a 957 257 6
a 957 906 7
a 958 28 10
a 959 77 5
a 959 392 4
a 960 859 5
a 961 155 10
a 961 568 9
a 961 875 3
a 962 83 4
a 962 437 10
a 963 683 4
a 963 928 10
a 964 235 7
a 965 521 10
a 966 517 2
a 967 497 8
a 967 590 5
a 967 871 1
a 968 317 2
a 969 696 1
a 970 81 6
a 970 727 6
a 970 791 8
a 971 606 4
a 972 152 6
a 972 357 5
a 972 618 1
a 973 572 2
a 974 507 5
a 975 804 1
a 975 946 10
a 976 742 7
a 976 749 2
a 977 572 1
a 977 620 2
a 977 716 7
a 978 59 5
a 978 751 4
a 979 137 7
a 979 921 7
a 980 911 8
a 981 54 2
a 981 218 6
a 982 457 6
a 983 306 6
a 983 450 7
a 983 685 9
a 984 639 9
a 984 809 4
a 985 169 10
a 985 358 9
a 985 667 7
a 986 67 9
a 986 206 4
a 986 901 10
a 986 935 9
a 987 51 9
a 987 518 8
a 987 592 1
a 987 985 6
a 988 886 5
a 989 863 10
a 990 62 3
a 990 336 8
a 990 773 4
a 990 955 9
a 991 434 8
a 991 685 8
a 992 580 6
a 992 672 6
a 992 752 10
a 992 976 9
a 993 34 6
a 993 244 4
a 993 592 6
a 994 513 7
a 995 296 1
a 996 39 6
a 996 54 1
a 996 733 2
a 997 163 1
a 997 448 6
a 998 471 1
a 998 550 3
a 998 554 1
a 998 720 4
a 998 846 5
a 999 162 9
a 999 939 8
