p max 1000 2000
n 1 s
n 1000 t
a 1 365 3
a 1 476 1
a 2 30 4
a 2 175 9
a 2 212 2
a 2 327 2
a 2 850 4
a 3 537 2
a 3 838 10
a 3 943 8
a 4 825 2
a 5 194 9
a 5 410 3
a 6 839 7
a 7 412 7
a 7 543 10
a 8 321 4
a 8 634 3
a 9 166 6
a 9 188 1
a 10 368 9
a 11 148 7
a 11 201 5
a 11 585 6
a 11 876 4
a 12 481 5
a 12 752 10
a 13 275 7
a 13 471 3
a 13 752 7
a 13 783 2
a 14 18 2
a 14 516 9
a 14 759 4
a 15 40 6
a 15 592 10
a 16 215 3
a 16 464 1
a 16 549 1
a 17 302 7
a 17 533 3
a 17 710 6
a 18 123 7
a 18 325 6
a 19 929 3
a 19 936 3
a 20 304 1
a 21 816 10
a 22 938 7
a 23 326 7
a 24 746 5
a 25 164 5
a 26 571 10
a 26 845 7
a 26 942 3
a 27 202 9
a 27 246 5
a 28 743 10
a 28 764 2
a 28 780 4
a 28 816 4
a 29 457 4
a 29 531 8
a 29 777 4
a 30 376 6
a 30 427 4
a 31 35 5
a 31 575 5
a 31 782 7
a 32 148 7
a 32 689 4
a 33 605 6
a 34 381 9
a 35 655 3
a 35 673 2
a 35 836 3
a 36 326 10
a 37 772 4
a 38 73 7
a 39 609 9
a 40 119 1
a 40 635 4
a 41 257 9
a 41 527 6
a 41 875 6
a 42 39 7
a 42 698 3
a 42 892 7
a 43 8 3
a 43 61 6
a 43 563 7
a 44 8 9
a 44 756 10
a 45 351 6
a 45 677 6
a 45 822 2
a 45 941 4
a 46 999 2
a 47 243 1
a 47 776 10
a 48 283 2
a 49 761 4
a 49 914 7
a 50 20 3
a 50 44 8
a 51 279 9
a 52 784 1
a 52 992 5
a 53 82 6
a 54 183 10
a 55 323 7
a 55 376 1
a 55 446 7
a 55 737 6
a 55 987 9
a 56 322 7
a 56 356 8
a 56 547 10
a 56 552 8
a 57 651 4
a 58 449 3
a 58 559 9
a 58 652 10
a 59 587 6
a 59 709 7
a 60 610 4
a 61 582 6
a 61 697 5
a 62 918 3
a 62 970 9
a 63 109 2
a 64 213 8
a 65 23 9
a 65 520 10
a 65 581 6
a 65 632 7
a 66 192 3
a 66 337 1
a 66 918 3
a 67 792 4
a 68 426 2
a 68 796 9
a 68 816 10
a 69 778 10
a 70 554 5
a 71 81 1
a 71 165 7
a 71 238 5
a 71 466 2
a 72 480 9
a 73 58 6
a 73 76 4
a 74 512 5
a 75 533 1
a 75 948 9
a 76 372 6
a 76 606 3
a 76 951 4
a 77 714 7
a 78 21 8
a 78 159 8
a 79 970 6
a 80 348 4
a 80 605 4
a 80 950 10
a 81 229 2
a 81 370 2
a 81 373 4
a 81 403 1
a 82 920 5
a 83 149 1
a 84 905 3
a 85 517 5
a 86 152 8
a 86 445 7
a 86 808 7
a 87 408 5
a 87 962 2
a 88 265 6
a 89 47 1
a 90 204 9
a 90 225 9
a 91 319 6
a 91 654 8
a 92 260 10
a 92 511 5
a 93 276 7
a 93 806 3
a 94 573 1
a 95 224 1
a 95 429 9
a 95 766 1
a 95 789 2
a 96 20 3
a 97 33 7
a 97 744 6
a 98 53 7
a 99 146 10
a 99 947 8
a 100 712 8
a 100 729 1
a 101 105 1
a 101 240 6
a 101 400 3
a 102 510 9
a 102 651 1
a 102 927 1
a 103 617 10
a 104 286 6
a 104 473 10
a 105 436 7
a 106 708 10
a 107 304 2
a 107 670 7
a 108 153 6
a 108 265 7
a 108 964 9
a 109 132 10
a 109 521 4
a 109 781 10
a 109 949 3
a 110 221 5
a 110 333 9
a 111 463 9
a 111 920 7
a 112 49 5
a 113 287 3
a 113 444 2
a 114 36 4
a 114 506 1
a 114 575 4
a 114 610 3
a 114 772 8
a 114 974 1
a 115 135 6
a 116 372 1
a 117 316 2
a 118 407 5
a 119 768 5
a 119 843 2
a 120 346 3
a 121 387 1
a 122 658 6
a 122 895 5
a 123 357 1
a 123 498 4
a 124 336 7
a 124 969 9
a 125 374 5
a 125 645 8
a 126 559 2
a 127 765 3
a 128 281 9
a 128 418 2
a 128 579 6
a 128 842 2
a 129 195 5
a 130 630 5
a 131 100 1
a 131 426 10
a 132 395 9
a 133 249 9
a 133 272 7
a 133 519 1
a 134 594 7
a 134 613 2
a 135 24 8
a 135 739 9
a 136 261 7
a 136 760 5
a 136 761 10
a 137 211 2
a 137 614 10
a 138 91 5
a 138 815 6
a 139 156 5
a 140 99 4
a 140 531 5
a 141 206 7
a 142 953 7
a 143 19 2
a 143 726 4
a 144 298 1
a 145 586 9
a 146 220 4
a 146 616 7
a 146 738 4
a 147 559 10
a 147 657 6
a 148 793 3
a 148 851 5
a 149 651 8
a 150 206 8
a 150 312 8
a 151 481 9
a 151 823 9
a 152 149 6
a 152 934 4
a 153 690 7
a 154 575 9
a 155 163 2
a 155 579 5
a 156 188 3
a 156 433 8
a 157 377 3
a 158 240 8
a 158 617 6
a 159 10 8
a 160 696 7
a 160 833 8
a 160 844 1
a 161 350 6
a 162 479 6
a 162 556 10
a 162 824 5
a 163 633 4
a 163 692 4
a 164 113 3
a 164 386 8
a 164 422 10
a 165 96 7
a 165 226 9
a 166 768 4
a 166 832 1
a 167 156 4
a 167 828 6
a 168 717 3
a 168 872 4
a 169 542 5
a 169 901 3
a 170 997 5
a 171 611 5
a 172 902 5
a 173 388 5
a 174 994 3
a 175 513 4
a 175 664 2
a 176 419 10
a 177 954 3
a 177 980 3
a 178 2 7
a 178 363 10
a 179 142 1
a 179 275 3
a 180 891 3
a 181 231 9
a 182 726 5
a 183 309 4
a 183 395 1
a 183 541 8
a 184 573 10
a 185 408 9
a 185 893 4
a 186 197 6
a 186 560 6
a 186 900 2
a 187 714 5
a 188 477 9
a 188 483 8
a 189 648 2
a 189 742 2
a 190 533 2
a 191 398 2
a 191 620 4
a 191 711 3
a 192 49 10
a 193 248 9
a 194 210 10
a 194 395 2
a 194 406 10
a 195 26 10
a 195 131 2
a 195 601 9
a 195 851 7
a 196 104 4
a 196 222 1
a 196 262 2
a 196 443 8
a 196 661 5
a 196 820 2
a 197 541 7
a 198 69 9
a 198 175 8
a 199 700 7
a 199 753 5
a 199 839 4
a 200 32 4
a 200 595 1
a 200 972 5
a 201 146 2
a 201 919 1
a 202 180 6
a 202 346 6
a 202 874 9
a 203 5 4
a 203 514 8
a 203 918 9
a 203 953 4
a 204 230 6
a 205 504 4
a 205 749 5
a 205 758 4
a 205 787 8
a 206 285 2
a 207 697 8
a 208 524 5
a 208 901 2
a 209 676 6
a 209 815 8
a 210 252 6
a 210 701 4
a 211 670 7
a 212 965 5
a 213 760 9
a 214 39 1
a 215 236 6
a 215 269 8
a 216 121 3
a 216 919 7
a 217 101 3
a 218 223 4
a 219 232 3
a 219 368 10
a 219 633 2
a 220 65 5
a 220 149 10
a 220 254 10
a 220 492 6
a 221 598 9
a 221 612 10
a 222 184 6
a 223 17 7
a 223 658 10
a 223 940 6
a 224 405 3
a 224 617 8
a 224 725 1
a 225 798 1
a 225 874 1
a 226 860 8
a 226 934 1
a 227 28 4
a 227 155 5
a 228 298 6
a 228 645 3
a 229 41 5
a 230 44 1
a 231 803 3
a 232 247 1
a 233 373 1
a 233 662 3
a 234 45 5
a 235 194 8
a 235 528 6
a 236 449 3
a 236 534 2
a 236 895 6
a 237 681 9
a 237 870 3
a 238 51 4
a 238 273 9
a 238 971 8
a 239 460 5
a 240 191 9
a 240 810 8
a 241 268 3
a 241 366 3
a 241 715 5
a 242 218 3
a 243 796 2
a 244 91 7
a 244 388 7
a 244 587 3
a 245 41 9
a 245 576 10
a 246 354 9
a 246 420 2
a 246 729 2
a 247 205 1
a 248 606 4
a 249 648 2
a 249 928 6
a 249 971 3
a 250 163 7
a 250 340 3
a 250 363 6
a 250 735 3
a 250 956 3
a 251 391 1
a 251 444 1
a 251 917 2
a 252 265 3
a 253 155 4
a 253 966 1
a 254 329 4
a 254 818 4
a 254 963 10
a 255 197 4
a 255 307 2
a 255 406 10
a 255 493 9
a 256 528 9
a 256 818 7
a 257 599 3
a 258 314 10
a 258 768 6
a 259 214 5
a 259 879 7
a 259 998 1
a 260 225 3
a 260 493 4
a 260 943 7
a 261 283 3
a 261 951 5
a 262 903 6
a 263 157 1
a 263 330 10
a 264 111 4
a 264 366 7
a 264 734 7
a 264 791 5
a 265 240 6
a 265 393 7
a 266 132 3
a 266 545 8
a 266 574 8
a 267 271 2
a 268 883 2
a 269 922 7
a 269 983 10
a 270 67 5
a 270 357 10
a 271 404 5
a 271 708 10
a 271 784 8
a 272 146 8
a 273 129 8
a 274 226 10
a 275 264 1
a 275 623 10
a 275 637 8
a 276 109 3
a 276 266 1
a 276 387 7
a 277 940 10
a 278 668 6
a 279 239 7
a 279 486 6
a 279 754 9
a 280 135 1
a 280 359 4
a 280 736 8
a 281 2 7
a 282 72 10
a 283 289 6
a 283 736 6
a 284 340 5
a 285 269 9
a 285 363 7
a 286 110 2
a 286 260 4
a 286 574 1
a 287 93 7
a 287 297 2
a 287 749 9
a 287 961 8
a 287 967 3
a 288 303 9
a 288 479 2
a 289 84 8
a 289 264 2
a 290 455 5
a 290 551 1
a 290 981 7
a 291 847 5
a 292 389 2
a 293 203 6
a 294 357 4
a 295 320 7
a 295 526 4
a 296 891 3
a 297 795 10
a 298 431 2
a 298 433 3
a 299 711 3
a 300 974 7
a 301 138 3
a 301 347 4
a 301 374 4
a 301 408 9
a 301 501 8
a 302 80 7
a 302 599 7
a 303 361 10
a 303 477 4
a 304 161 6
a 304 661 2
a 305 425 5
a 305 439 1
a 306 249 1
a 307 230 8
a 308 238 6
a 308 716 6
a 308 743 10
a 308 849 1
a 308 873 9
a 308 882 6
a 308 990 6
a 309 208 1
a 309 292 9
a 310 186 6
a 310 703 3
a 311 168 10
a 311 295 6
a 312 882 10
a 313 713 2
a 313 750 3
a 314 108 6
a 314 276 10
a 314 390 8
a 315 364 4
a 316 460 1
a 317 221 9
a 318 5 1
a 318 387 4
a 319 88 5
a 319 98 2
a 319 174 9
a 319 364 8
a 319 807 8
a 320 543 5
a 320 715 9
a 321 851 3
a 322 143 8
a 322 945 1
a 323 126 9
a 324 73 1
a 324 242 1
a 325 746 9
a 326 815 9
a 326 939 2
a 327 278 8
a 327 538 8
a 327 844 8
a 328 440 5
a 328 740 6
a 329 532 6
a 329 937 7
a 330 234 1
a 330 722 9
a 330 874 3
a 331 43 7
a 332 177 7
a 332 785 1
a 333 40 3
a 333 199 7
a 333 352 1
a 334 59 9
a 334 775 3
a 334 825 4
a 335 720 3
a 336 86 5
a 336 791 6
a 337 168 9
a 338 130 7
a 338 376 10
a 339 27 9
a 339 411 5
a 339 465 2
a 340 865 10
a 341 204 3
a 341 675 6
a 342 234 6
a 342 691 7
a 342 867 1
a 343 560 7
a 344 487 5
a 345 411 6
a 345 525 5
a 346 93 2
a 347 647 8
a 347 892 6
a 348 844 2
a 349 425 9
a 349 779 5
a 349 795 3
a 350 989 10
a 351 23 7
a 351 437 9
a 352 276 8
a 352 538 1
a 353 290 7
a 354 721 4
a 355 482 5
a 356 83 8
a 357 894 2
a 357 971 10
a 358 838 5
a 359 258 5
a 359 328 7
a 359 568 2
a 360 410 8
a 360 625 5
a 360 888 5
a 360 935 2
a 361 91 5
a 361 354 10
a 362 154 2
a 363 535 6
a 363 594 7
a 364 467 2
a 364 654 10
a 365 207 6
a 365 945 2
a 366 134 9
a 366 564 1
a 367 67 10
a 367 955 9
a 367 965 9
a 368 497 9
a 368 512 9
a 369 332 5
a 369 659 1
a 369 697 5
a 370 162 4
a 370 272 10
a 371 766 1
a 372 326 6
a 372 929 2
a 373 12 5
a 373 529 3
a 373 856 1
a 374 112 9
a 374 922 6
a 375 8 8
a 376 169 5
a 376 797 6
a 377 581 2
a 378 87 2
a 378 230 4
a 378 670 8
a 379 200 5
a 379 656 3
a 379 902 4
a 380 452 7
a 381 11 8
a 381 421 1
a 381 932 10
a 382 168 10
a 383 280 3
a 383 628 10
a 383 840 1
a 384 780 1
a 384 897 2
a 385 488 10
a 386 752 8
a 386 941 8
a 386 989 6
a 387 223 5
a 387 624 1
a 388 512 5
a 388 974 3
a 389 43 10
a 389 458 8
a 389 485 8
a 390 95 9
a 390 107 2
a 391 591 7
a 391 714 2
a 392 673 7
a 392 967 5
a 393 129 7
a 393 367 8
a 393 453 6
a 393 669 7
a 394 45 6
a 394 288 9
a 394 318 2
a 394 979 8
a 395 213 8
a 395 733 1
a 396 656 3
a 397 35 7
a 397 117 6
a 397 500 4
a 397 672 9
a 398 958 1
a 399 233 10
a 399 933 10
a 400 55 6
a 400 879 8
a 401 542 6
a 401 674 9
a 402 28 1
a 402 978 5
a 403 664 6
a 403 770 10
a 403 970 4
a 404 181 2
a 405 189 5
a 405 829 4
a 406 25 7
a 406 681 3
a 407 315 4
a 407 565 2
a 407 811 3
a 408 124 10
a 408 942 9
a 409 19 6
a 409 286 6
a 409 780 7
a 410 31 3
a 410 582 6
a 411 62 6
a 411 195 10
a 411 929 10
a 412 224 7
a 412 878 7
a 413 330 5
a 414 212 9
a 414 740 7
a 414 910 3
a 414 929 2
a 415 486 10
a 416 120 3
a 416 323 1
a 416 414 6
a 416 769 3
a 417 119 4
a 417 997 9
a 418 342 10
a 418 468 9
a 419 115 10
a 420 350 2
a 420 516 10
a 421 553 2
a 422 617 8
a 422 671 10
a 423 60 2
a 423 111 5
a 424 550 6
a 424 962 8
a 425 7 9
a 425 676 1
a 426 241 3
a 426 871 1
a 427 401 4
a 428 867 7
a 428 869 4
a 429 630 5
a 429 956 4
a 430 417 5
a 430 695 5
a 431 657 6
a 431 658 2
a 432 70 3
a 432 655 3
a 432 723 8
a 433 96 7
a 433 358 5
a 433 809 10
a 434 87 1
a 434 381 8
a 435 844 1
a 436 167 10
a 436 293 7
a 436 477 2
a 436 757 9
a 437 168 7
a 438 469 3
a 438 997 8
a 439 361 1
a 439 728 10
a 439 862 1
a 439 954 2
a 440 217 8
a 440 588 9
a 441 515 1
a 441 663 4
a 442 271 9
a 442 931 4
a 442 982 7
a 443 125 9
a 443 715 1
a 444 661 8
a 445 771 10
a 446 227 8
a 446 785 3
a 447 23 4
a 447 116 7
a 448 306 4
a 448 978 5
a 449 354 10
a 449 384 8
a 449 750 4
a 450 491 4
a 450 831 10
a 451 582 7
a 451 959 9
a 452 616 4
a 453 405 1
a 453 721 9
a 454 755 1
a 454 790 4
a 455 87 4
a 455 898 5
a 456 875 8
a 457 819 10
a 458 640 7
a 459 258 6
a 459 727 6
a 460 24 10
a 461 299 6
a 461 917 7
a 462 16 7
a 462 75 2
a 462 394 4
a 462 508 7
a 462 861 9
a 463 803 1
a 463 973 6
a 464 147 3
a 465 20 3
a 465 92 4
a 465 599 9
a 465 751 1
a 466 741 5
a 466 978 4
a 467 99 6
a 467 213 2
a 468 557 2
a 469 316 1
a 470 312 10
a 470 615 5
a 471 495 10
a 471 509 1
a 471 871 5
a 472 359 5
a 472 636 8
a 472 684 7
a 473 53 1
a 473 944 6
a 474 432 1
a 474 968 10
a 475 675 4
a 476 239 9
a 477 679 6
a 478 70 4
a 479 4 5
a 479 805 5
a 480 359 9
a 481 938 5
a 482 317 8
a 483 11 5
a 483 361 5
a 484 645 4
a 485 425 6
a 486 330 2
a 486 572 8
a 486 915 9
a 487 173 9
a 487 210 1
a 488 91 9
a 489 23 10
a 489 203 7
a 489 906 7
a 490 86 10
a 491 157 2
a 492 203 3
a 492 488 7
a 492 623 7
a 493 50 2
a 494 448 7
a 494 704 6
a 495 139 1
a 495 419 4
a 495 443 2
a 496 335 9
a 496 825 10
a 497 434 6
a 497 710 5
a 498 53 4
a 498 503 4
a 499 138 6
a 499 424 5
a 500 40 8
a 500 74 6
a 501 399 2
a 501 903 6
a 502 619 2
a 503 7 1
a 503 472 6
a 503 994 5
a 504 656 7
a 505 441 3
a 505 802 4
a 505 812 6
a 506 198 2
a 507 397 5
a 508 447 3
a 508 589 2
a 508 663 9
a 509 872 7
a 510 752 3
a 511 791 1
a 512 868 3
a 513 169 5
a 514 68 10
a 514 482 8
a 515 983 8
a 516 709 7
a 516 908 3
a 517 569 6
a 518 533 1
a 518 536 5
a 519 183 4
a 519 341 2
a 519 486 5
a 520 163 6
a 520 397 8
a 520 522 5
a 520 679 10
a 521 56 7
a 521 402 5
a 521 452 8
a 521 460 1
a 522 6 10
a 522 128 3
a 522 567 2
a 522 732 5
a 523 961 2
a 524 441 3
a 524 546 9
a 525 593 6
a 525 763 8
a 525 832 3
a 526 325 1
a 526 496 9
a 526 507 6
a 526 561 10
a 526 609 5
a 527 808 9
a 528 769 4
a 528 938 4
a 529 90 7
a 529 257 4
a 529 360 10
a 529 451 10
a 529 481 7
a 530 8 6
a 531 569 10
a 531 800 6
a 531 931 10
a 532 12 10
a 532 74 4
a 532 662 8
a 533 515 6
a 534 78 7
a 534 455 3
a 534 596 9
a 534 649 10
a 535 896 7
a 536 351 5
a 537 413 1
a 537 955 8
a 538 788 8
a 539 951 7
a 540 76 2
a 540 308 10
a 541 54 2
a 542 205 4
a 542 885 8
a 543 207 3
a 544 837 8
a 545 280 7
a 545 759 3
a 545 977 9
a 546 695 1
a 546 778 2
a 547 443 2
a 547 614 10
a 547 804 4
a 548 433 6
a 548 830 6
a 549 331 7
a 549 399 4
a 549 718 10
a 550 705 5
a 551 576 6
a 552 387 3
a 552 904 9
a 553 487 2
a 553 868 1
a 554 551 1
a 554 799 8
a 555 40 1
a 556 372 7
a 556 720 5
a 556 730 7
a 557 47 1
a 558 461 4
a 558 680 7
a 559 57 9
a 559 782 10
a 560 523 4
a 560 961 6
a 560 985 10
a 561 718 9
a 561 792 7
a 561 814 7
a 562 112 7
a 562 621 6
a 563 852 3
a 564 355 2
a 564 981 8
a 565 320 3
a 565 428 2
a 565 570 9
a 566 277 6
a 566 334 6
a 567 945 9
a 568 53 7
a 568 424 5
a 569 814 7
a 570 47 8
a 570 899 2
a 571 334 3
a 571 655 8
a 572 344 7
a 572 694 3
a 572 704 8
a 572 998 7
a 573 97 8
a 573 841 2
a 574 89 5
a 575 706 1
a 576 465 6
a 577 339 3
a 577 878 4
a 578 691 8
a 578 805 2
a 579 461 8
a 580 352 7
a 581 105 8
a 581 178 1
a 582 737 8
a 583 705 9
a 583 930 4
a 584 102 6
a 584 311 4
a 584 663 2
a 585 14 3
a 585 587 10
a 585 819 2
a 586 362 1
a 586 518 9
a 586 554 9
a 586 556 4
a 586 937 9
a 587 798 3
a 587 997 4
a 588 657 10
a 588 817 2
a 589 151 4
a 590 251 5
a 590 666 7
a 590 844 7
a 591 130 6
a 592 85 3
a 592 576 3
a 593 386 10
a 593 805 9
a 594 232 4
a 594 674 6
a 595 210 8
a 595 557 4
a 596 24 2
a 596 441 10
a 596 891 6
a 597 160 10
a 597 333 3
a 597 996 1
a 598 21 9
a 599 46 10
a 600 19 1
a 600 22 6
a 601 509 10
a 602 639 4
a 602 848 8
a 603 510 1
a 604 338 3
a 604 507 5
a 605 738 8
a 605 847 7
a 605 926 1
a 606 573 1
a 606 883 3
a 607 151 3
a 607 859 7
a 608 524 6
a 609 678 5
a 609 925 3
a 610 631 10
a 610 966 9
a 611 148 2
a 611 622 9
a 612 937 9
a 613 956 5
a 614 42 8
a 614 50 6
a 614 82 6
a 614 590 10
a 615 381 8
a 615 704 8
a 616 892 3
a 617 373 9
a 617 642 1
a 617 650 2
a 618 173 2
a 618 474 2
a 619 681 3
a 619 700 4
a 620 748 8
a 621 325 2
a 622 218 8
a 622 814 5
a 623 130 10
a 624 254 7
a 624 629 8
a 625 725 5
a 626 147 8
a 626 218 6
a 626 866 2
a 627 586 5
a 627 969 2
a 628 482 4
a 628 874 4
a 629 7 10
a 630 773 1
a 631 52 8
a 631 107 7
a 632 100 10
a 632 400 10
a 633 401 2
a 633 415 3
a 633 864 4
a 634 698 1
a 634 983 3
a 635 499 4
a 636 859 4
a 637 29 2
a 637 267 3
a 637 735 3
a 638 551 10
a 639 299 5
a 640 757 1
a 641 192 4
a 641 706 5
a 642 26 10
a 642 304 4
a 642 834 5
a 643 308 3
a 643 547 4
a 644 150 9
a 644 249 3
a 645 950 8
a 646 182 8
a 647 584 7
a 648 204 6
a 648 663 6
a 649 98 9
a 649 133 2
a 650 592 8
a 650 640 9
a 651 256 3
a 651 688 3
a 652 65 9
a 652 165 4
a 653 605 9
a 654 830 8
a 655 345 8
a 655 425 4
a 655 499 2
a 655 594 10
a 656 101 6
a 656 491 9
a 656 807 10
a 657 208 8
a 658 874 7
a 658 938 7
a 659 734 2
a 660 75 3
a 660 430 6
a 661 110 5
a 662 87 8
a 663 157 2
a 664 738 1
a 665 255 6
a 665 590 10
a 666 246 7
a 666 494 2
a 666 856 5
a 667 683 8
a 667 892 10
a 668 237 6
a 668 748 10
a 669 217 7
a 670 314 7
a 671 316 6
a 671 499 6
a 672 253 7
a 672 450 7
a 672 637 1
a 673 677 7
a 673 864 1
a 674 531 9
a 675 505 1
a 675 540 7
a 675 809 10
a 676 748 3
a 676 834 10
a 677 411 1
a 677 431 7
a 678 52 10
a 678 665 8
a 679 13 4
a 679 134 5
a 680 233 5
a 681 161 8
a 681 507 10
a 682 15 9
a 682 129 7
a 682 643 2
a 683 67 7
a 684 632 3
a 685 24 10
a 686 164 1
a 686 457 1
a 687 848 9
a 687 868 8
a 688 40 6
a 688 57 3
a 688 155 6
a 689 250 9
a 689 714 5
a 689 833 1
a 690 34 9
a 690 49 5
a 690 196 3
a 691 593 10
a 691 638 2
a 692 245 6
a 693 63 9
a 693 136 4
a 693 152 10
a 693 241 6
a 693 258 4
a 694 51 9
a 695 320 10
a 695 484 9
a 696 3 10
a 696 724 3
a 696 771 3
a 696 841 8
a 697 406 9
a 698 478 1
a 698 491 8
a 699 405 1
a 700 10 8
a 700 885 7
a 700 963 1
a 701 28 4
a 701 38 8
a 702 719 3
a 702 791 10
a 703 536 8
a 704 49 7
a 704 292 6
a 704 835 8
a 705 18 1
a 705 200 2
a 705 373 5
a 705 837 7
a 706 94 10
a 706 954 1
a 707 395 8
a 708 310 7
a 708 371 7
a 708 891 3
a 709 535 6
a 710 294 6
a 710 459 2
a 711 591 8
a 712 905 1
a 712 916 5
a 713 61 7
a 713 182 1
a 713 858 4
a 714 692 1
a 714 852 8
a 714 890 9
a 715 290 4
a 716 175 9
a 717 97 1
a 717 264 3
a 718 46 3
a 718 473 3
a 719 135 4
a 719 172 3
a 719 884 10
a 720 65 5
a 721 602 3
a 721 893 5
a 721 899 4
a 722 176 5
a 722 821 3
a 723 9 8
a 723 72 9
a 724 383 7
a 724 611 3
a 724 654 10
a 725 941 3
a 725 993 3
a 726 188 9
a 726 918 4
a 727 570 9
a 728 248 7
a 728 399 9
a 728 448 3
a 729 404 8
a 729 569 7
a 730 848 9
a 731 47 1
a 731 64 2
a 731 398 10
a 731 566 10
a 731 821 5
a 731 960 1
a 732 342 7
a 732 627 8
a 733 915 2
a 734 305 8
a 734 965 7
a 734 980 4
a 735 263 7
a 735 580 3
a 736 85 2
a 736 104 2
a 737 467 1
a 737 747 9
a 738 27 2
a 738 235 2
a 739 975 7
a 740 56 3
a 740 252 6
a 741 301 1
a 742 98 1
a 743 133 3
a 744 238 3
a 745 565 3
a 746 462 10
a 746 668 10
a 746 883 5
a 747 489 3
a 747 502 2
a 748 369 9
a 749 80 2
a 749 746 6
a 750 318 9
a 751 618 6
a 751 787 10
a 752 83 10
a 752 145 5
a 752 411 4
a 753 154 10
a 753 588 7
a 753 933 1
a 754 410 6
a 755 604 3
a 756 128 5
a 756 259 8
a 756 555 6
a 757 675 6
a 758 66 6
a 758 555 1
a 758 648 6
a 758 924 3
a 759 773 7
a 759 887 10
a 759 915 4
a 760 568 7
a 760 1000 5
a 761 912 8
a 762 158 3
a 762 819 1
a 763 723 7
a 763 921 5
a 764 517 6
a 764 710 3
a 764 774 7
a 765 678 4
a 766 93 9
a 766 460 6
a 766 538 8
a 766 790 1
a 767 8 6
a 767 322 6
a 767 357 2
a 767 686 8
a 768 509 4
a 768 667 6
a 769 104 7
a 769 610 8
a 769 778 2
a 770 731 3
a 770 882 2
a 771 891 8
a 772 626 10
a 772 657 3
a 773 101 8
a 773 459 5
a 773 544 3
a 773 786 10
a 773 983 2
a 774 731 10
a 775 657 4
a 775 785 10
a 776 220 7
a 776 913 2
a 776 968 8
a 777 548 7
a 777 556 8
a 777 794 7
a 778 583 9
a 778 753 4
a 778 948 1
a 779 182 4
a 779 300 10
a 780 209 5
a 780 335 5
a 780 385 5
a 780 614 5
a 780 788 6
a 781 281 2
a 781 454 10
a 781 826 7
a 781 975 3
a 782 848 3
a 783 187 5
a 783 863 9
a 784 244 8
a 784 375 5
a 785 47 3
a 785 843 4
a 786 223 10
a 786 419 2
a 787 265 5
a 787 427 5
a 787 606 1
a 788 726 2
a 789 65 6
a 790 40 6
a 790 171 1
a 791 967 8
a 792 207 6
a 792 600 4
a 793 377 5
a 793 386 4
a 794 298 7
a 794 603 2
a 794 841 2
a 794 855 3
a 795 249 5
a 796 122 3
a 796 432 10
a 796 859 10
a 797 150 5
a 797 270 4
a 797 679 8
a 798 863 8
a 799 866 5
a 800 103 6
a 800 523 6
a 801 427 4
a 801 780 3
a 802 891 5
a 803 924 9
a 804 347 2
a 805 976 8
a 806 4 7
a 806 285 9
a 806 312 4
a 806 767 10
a 807 317 1
a 807 352 1
a 808 245 8
a 808 489 6
a 808 877 3
a 809 554 6
a 810 32 4
a 810 219 3
a 810 867 9
a 811 110 8
a 811 369 4
a 811 613 4
a 811 745 6
a 811 969 6
a 812 187 9
a 812 233 7
a 812 392 4
a 813 134 2
a 814 6 10
a 815 132 10
a 815 135 8
a 815 563 10
a 815 810 8
a 816 157 8
a 816 335 7
a 816 801 10
a 817 324 2
a 817 430 5
a 817 988 3
a 818 791 8
a 819 39 10
a 819 48 9
a 819 885 2
a 820 414 6
a 820 440 6
a 821 556 5
a 821 975 2
a 822 185 2
a 822 680 5
a 823 302 2
a 823 441 5
a 824 380 4
a 824 870 2
a 825 598 3
a 825 938 4
a 826 106 4
a 826 119 10
a 826 185 4
a 826 868 1
a 827 540 3
a 828 470 1
a 828 881 10
a 829 21 3
a 829 144 5
a 830 273 8
a 830 577 9
a 831 137 1
a 831 810 4
a 832 570 10
a 832 703 5
a 833 417 4
a 833 685 5
a 834 222 9
a 835 255 8
a 835 480 2
a 836 623 4
a 837 99 3
a 838 571 10
a 838 891 10
a 839 42 8
a 839 896 8
a 840 165 7
a 841 121 1
a 841 329 9
a 842 63 3
a 843 247 4
a 843 288 6
a 843 445 10
a 843 805 10
a 843 1000 7
a 844 89 6
a 844 121 2
a 844 912 3
a 845 77 5
a 845 993 8
a 846 122 3
a 846 284 2
a 846 696 6
a 846 757 10
a 847 925 7
a 848 762 7
a 849 597 7
a 849 762 7
a 850 84 1
a 851 251 10
a 851 526 6
a 851 911 6
a 851 991 1
a 852 18 4
a 852 166 8
a 853 272 1
a 853 423 1
a 853 827 3
a 854 244 4
a 854 889 7
a 855 115 2
a 855 527 1
a 855 999 6
a 856 37 5
a 856 118 6
a 856 288 2
a 856 367 1
a 856 384 2
a 856 905 5
a 857 389 1
a 857 611 4
a 858 910 3
a 859 366 2
a 859 438 4
a 859 456 1
a 859 813 10
a 860 126 8
a 860 438 3
a 860 634 4
a 860 995 10
a 861 30 9
a 862 181 9
a 862 525 1
a 863 26 5
a 864 54 3
a 864 127 10
a 864 413 6
a 864 607 8
a 865 263 4
a 866 350 7
a 866 784 9
a 867 69 5
a 868 348 1
a 868 490 9
a 869 42 1
a 869 189 2
a 869 898 5
a 870 44 2
a 870 978 8
a 871 475 8
a 871 878 9
a 872 468 8
a 873 9 10
a 873 410 5
a 874 299 8
a 874 316 3
a 875 140 6
a 875 852 4
a 876 71 7
a 876 233 6
a 876 378 2
a 877 184 9
a 877 647 9
a 878 222 1
a 878 313 4
a 878 690 8
a 879 329 1
a 879 886 5
a 880 711 4
a 881 846 8
a 882 87 2
a 882 463 3
a 883 430 10
a 883 672 7
a 884 57 2
a 885 53 9
a 886 114 7
a 886 193 6
a 886 388 9
a 887 207 8
a 887 597 3
a 888 349 2
a 889 430 9
a 889 909 7
a 890 141 10
a 890 353 8
a 890 670 6
a 891 120 2
a 891 383 9
a 891 959 2
a 892 685 10
a 893 116 9
a 893 562 6
a 893 705 8
a 894 6 2
a 894 765 9
a 895 192 3
a 896 722 9
a 897 263 6
a 897 760 6
a 898 877 2
a 899 169 5
a 899 761 3
a 899 878 4
a 900 41 8
a 900 221 8
a 901 419 2
a 901 973 7
a 902 238 10
a 902 950 10
a 903 190 7
a 903 584 5
a 903 959 4
a 904 304 10
a 904 693 1
a 904 802 5
a 905 524 1
a 906 656 6
a 906 687 3
a 907 419 2
a 907 608 5
a 908 277 8
a 909 24 2
a 909 43 8
a 909 707 8
a 910 66 9
a 910 198 10
a 910 259 6
a 910 375 7
a 911 274 7
a 911 633 9
a 912 9 8
a 912 154 8
a 912 476 8
a 913 142 6
a 913 215 3
a 914 137 7
a 914 409 6
a 915 179 7
a 915 839 2
a 916 424 2
a 917 343 2
a 917 775 9
a 918 135 1
a 918 739 3
a 919 79 2
a 919 887 7
a 920 958 8
a 921 436 6
a 921 442 4
a 921 539 1
a 921 646 2
a 922 382 3
a 922 675 2
a 923 608 3
a 924 216 3
a 924 394 7
a 924 946 1
a 925 310 2
a 925 416 1
a 925 470 7
a 925 558 4
a 926 148 6
a 927 224 3
a 927 256 8
a 928 141 6
a 929 81 8
a 929 111 5
a 930 644 5
a 930 850 4
a 931 203 7
a 932 95 4
a 933 616 6
a 933 702 9
a 933 853 6
a 934 740 6
a 935 27 3
a 935 435 10
a 935 619 8
a 936 33 10
a 936 836 4
a 937 156 4
a 937 213 3
a 938 294 6
a 938 952 5
a 938 984 7
a 939 186 9
a 939 957 1
a 940 183 10
a 941 185 6
a 941 282 2
a 942 314 7
a 942 660 1
a 943 32 9
a 944 239 4
a 944 699 5
a 944 919 6
a 945 653 1
a 945 758 6
a 946 235 6
a 946 892 5
a 947 170 8
a 947 776 8
a 947 845 6
a 948 577 9
a 948 854 3
a 949 231 3
a 949 846 3
a 949 980 4
a 950 103 1
a 950 539 1
a 951 461 5
a 951 468 9
a 952 396 5
a 952 576 1
a 953 321 9
a 954 168 7
a 954 380 10
a 954 553 5
a 954 678 7
a 955 917 6
a 955 976 10
a 956 376 3
a 956 489 2
a 957 49 3
a 957 268 10
a 957 290 4
a 958 199 7
a 959 370 5
a 960 315 8
a 961 597 2
a 962 26 8
a 962 604 6
a 962 764 5
a 963 383 4
a 964 279 3
a 964 485 7
a 964 573 1
a 965 713 5
a 966 581 9
a 967 317 1
a 968 468 4
a 969 960 3
a 969 986 3
a 970 159 8
a 970 364 3
a 971 454 10
a 971 958 8
a 972 650 2
a 973 201 7
a 974 174 10
a 974 578 3
a 975 378 10
a 975 875 4
a 976 489 6
a 976 827 8
a 977 16 8
a 977 301 8
a 978 497 3
a 978 907 1
a 979 110 2
a 979 228 9
a 979 539 10
a 979 600 2
a 980 596 3
a 980 653 10
a 980 880 2
a 981 335 8
a 982 224 5
a 982 468 7
a 983 1000 6
a 984 315 3
a 984 927 9
a 984 940 2
a 985 291 10
a 985 451 9
a 986 707 1
a 987 49 2
a 987 349 4
a 987 585 8
a 987 665 2
a 988 329 6
a 988 332 7
a 988 641 5
a 988 761 7
a 988 857 6
a 989 379 4
a 989 526 6
a 990 73 1
a 990 99 2
a 990 253 8
a 991 225 6
a 991 674 8
a 991 865 2
a 992 261 9
a 992 515 2
a 993 296 1
a 993 923 3
a 993 949 1
a 994 96 1
a 994 530 2
a 994 841 6
a 995 134 2
a 995 593 2
a 996 205 9
a 996 872 8
a 997 628 5
a 998 879 8
a 999 407 1
a 999 682 10
a 999 761 2
a 999 962 3
