p max 1000 2000
n 1 s
n 1000 t
a 1 149 2
a 2 331 2
a 3 325 8
a 4 327 10
a 4 489 7
a 5 101 4
a 5 347 10
a 5 869 9
a 6 388 5
a 7 31 4
a 7 576 10
a 7 761 10
a 8 396 4
a 8 767 7
a 8 936 2
a 9 380 4
a 9 857 10
a 10 100 9
a 11 436 1
a 11 723 2
a 11 946 9
a 12 46 1
a 12 627 2
a 13 215 3
a 13 676 6
a 13 794 3
a 14 39 5
a 14 435 3
a 14 453 3
a 14 883 5
a 15 140 10
a 15 730 10
a 16 270 4
a 16 543 5
a 17 139 1
a 18 11 1
a 18 801 2
a 19 113 8
a 19 269 7
a 20 169 4
a 20 207 4
a 20 304 2
a 20 805 5
a 21 246 3
a 22 434 8
a 22 560 6
a 23 200 6
a 24 432 1
a 24 584 3
a 24 934 10
a 25 996 2
a 26 496 9
a 26 825 10
a 27 151 5
a 27 572 2
a 27 861 9
a 28 64 10
a 28 534 6
a 29 498 2
a 30 455 9
a 31 454 1
a 31 587 1
a 31 694 9
a 32 728 1
a 32 850 4
a 33 102 8
a 33 161 4
a 33 422 10
a 34 272 3
a 34 325 10
a 34 524 8
a 34 539 6
a 34 566 10
a 35 507 8
a 36 17 7
a 37 131 8
a 37 620 8
a 37 1000 10
a 38 482 4
a 38 575 5
a 38 633 9
a 39 31 2
a 39 221 1
a 39 740 10
a 40 717 9
a 40 969 2
a 41 89 1
a 41 888 9
a 42 433 1
a 43 498 8
a 43 627 9
a 44 57 10
a 44 370 8
a 44 865 10
a 45 23 9
a 46 74 9
a 46 271 7
a 46 658 10
a 47 313 5
a 47 881 7
a 48 623 4
a 49 425 1
a 49 796 1
a 50 294 3
a 51 216 5
a 52 523 3
a 52 528 10
a 52 870 5
a 52 904 5
a 53 115 9
a 54 567 1
a 54 676 8
a 55 592 7
a 56 39 4
a 56 238 6
a 57 196 4
a 58 649 2
a 58 719 7
a 59 338 4
a 59 468 9
a 60 197 3
a 60 491 6
a 60 858 7
a 61 88 4
a 61 452 9
a 61 625 8
a 61 703 1
a 62 762 4
a 62 924 7
a 63 126 1
a 64 304 8
a 64 634 10
a 65 164 3
a 65 954 3
a 66 25 7
a 66 133 5
a 67 242 8
a 67 397 8
a 67 621 8
a 68 922 7
a 69 489 3
a 69 892 3
a 70 106 9
a 70 150 2
a 70 898 7
a 71 64 1
a 71 839 4
a 71 931 9
a 72 88 2
a 72 288 3
a 72 382 5
a 73 589 1
a 74 754 10
a 75 580 10
a 75 683 10
a 75 685 10
a 76 629 5
a 76 680 6
a 76 879 6
a 77 222 7
a 78 162 9
a 78 600 9
a 79 504 6
a 79 564 9
a 80 91 1
a 81 579 10
a 82 553 5
a 82 625 4
a 83 592 6
a 83 705 8
a 83 819 6
a 84 965 5
a 85 15 1
a 85 397 2
a 85 827 10
a 86 196 3
a 87 422 3
a 87 886 7
a 87 943 3
a 88 368 2
a 88 621 1
a 88 965 5
a 89 686 9
a 89 972 6
a 90 95 1
a 90 577 10
a 90 846 5
a 91 315 4
a 92 49 3
a 92 476 1
a 92 872 3
a 93 351 5
a 94 440 1
a 95 379 9
a 95 560 1
a 95 963 8
a 96 40 7
a 97 130 9
a 97 299 4
a 97 748 3
a 98 39 2
a 98 191 7
a 98 385 6
a 98 742 5
a 99 453 1
a 100 178 7
a 100 721 9
a 100 817 1
a 101 110 3
a 101 682 8
a 102 342 10
a 102 600 6
a 103 745 7
a 104 643 10
a 104 835 6
a 104 880 5
a 105 990 2
a 106 892 1
a 107 664 2
a 107 747 1
a 108 734 3
a 109 858 1
a 109 899 5
a 110 15 2
a 110 147 4
a 111 138 10
a 111 727 6
a 112 739 5
a 112 774 3
a 112 916 4
a 112 921 2
a 113 80 6
a 114 122 1
a 114 301 7
a 115 206 6
a 116 153 6
a 116 559 10
a 117 296 6
a 117 473 1
a 117 701 1
a 118 7 10
a 118 26 1
a 118 638 5
a 118 873 3
a 118 945 1
a 119 499 6
a 119 710 5
a 120 71 10
a 120 480 8
a 120 875 6
a 121 54 5
a 121 797 5
a 122 23 5
a 123 168 10
a 123 568 3
a 123 673 3
a 124 902 1
a 125 119 8
a 126 220 1
a 126 477 4
a 127 6 7
a 127 68 3
a 127 293 5
a 128 876 2
a 129 171 8
a 129 364 3
a 130 488 2
a 130 821 1
a 131 510 6
a 132 330 7
a 132 438 4
a 132 776 5
a 132 982 2
a 133 594 10
a 134 258 5
a 134 348 7
a 134 864 2
a 135 94 7
a 136 562 5
a 136 697 4
a 136 877 6
a 137 923 3
a 138 262 5
a 138 357 7
a 138 878 8
a 139 769 9
a 139 933 6
a 140 52 7
a 140 61 4
a 140 172 1
a 140 564 8
a 141 176 7
a 141 645 1
a 142 975 5
a 143 285 6
a 144 514 1
a 144 950 1
a 145 208 8
a 145 505 10
a 146 672 5
a 146 724 2
a 147 847 3
a 147 996 3
a 148 13 2
a 148 213 3
a 149 373 8
a 149 686 6
a 149 969 9
a 150 816 3
a 151 240 10
a 151 318 3
a 151 371 3
a 151 526 6
a 151 621 8
a 151 646 3
a 152 740 1
a 152 999 5
a 153 207 9
a 154 130 8
a 154 515 7
a 155 310 2
a 156 8 5
a 156 223 9
a 156 425 1
a 157 92 4
a 157 716 9
a 158 184 7
a 158 369 5
a 158 554 8
a 158 555 5
a 159 312 2
a 159 577 4
a 159 779 1
a 160 204 1
a 161 393 8
a 161 485 2
a 161 988 4
a 162 460 4
a 162 770 4
a 162 941 1
a 163 28 2
a 164 216 1
a 164 232 6
a 164 422 7
a 165 83 2
a 165 326 8
a 165 488 7
a 165 674 8
a 165 912 7
a 166 993 4
a 167 693 10
a 168 443 5
a 169 32 6
a 170 233 5
a 170 618 6
a 171 379 3
a 172 99 8
a 172 728 1
a 173 569 9
a 174 67 4
a 174 95 7
a 174 359 6
a 175 727 8
a 176 313 10
a 176 672 4
a 177 292 3
a 177 334 8
a 177 451 9
a 177 540 4
a 177 660 10
a 178 243 4
a 178 932 7
a 179 779 7
a 180 50 4
a 180 394 1
a 180 520 7
a 181 383 5
a 181 747 5
a 182 78 5
a 182 348 1
a 182 630 2
a 183 189 3
a 183 207 9
a 183 797 9
a 184 166 2
a 185 363 7
a 185 605 7
a 185 723 3
a 185 959 2
a 186 450 1
a 186 530 6
a 187 108 8
a 188 405 5
a 188 555 4
a 188 710 8
a 189 585 5
a 190 736 3
a 191 365 10
a 191 755 9
a 192 916 4
a 193 440 7
a 194 67 10
a 194 316 5
a 195 24 2
a 195 157 6
a 195 403 1
a 195 700 2
a 196 630 4
a 196 829 7
a 197 164 2
a 198 59 3
a 198 101 9
a 198 322 7
a 199 611 6
a 199 651 4
a 200 611 9
a 200 803 8
a 201 340 10
a 201 652 3
a 202 638 6
a 202 860 9
a 203 245 3
a 203 285 7
a 203 445 6
a 204 224 7
a 204 242 7
a 205 21 5
a 206 599 4
a 206 750 4
a 206 991 10
a 207 785 6
a 207 960 2
a 208 341 6
a 209 192 4
a 209 572 3
a 210 762 6
a 211 760 3
a 212 451 9
a 213 519 2
a 213 606 4
a 214 230 9
a 214 859 10
a 215 623 9
a 216 139 1
a 217 650 10
a 217 757 10
a 218 562 6
a 218 822 10
a 219 190 4
a 219 551 5
a 220 68 8
a 220 787 1
a 221 406 5
a 221 900 7
a 222 944 3
a 223 360 4
a 223 523 3
a 224 376 10
a 225 394 3
a 225 799 6
a 226 320 4
a 226 675 2
a 227 768 3
a 227 901 9
a 228 856 9
a 228 985 5
a 229 760 8
a 230 63 2
a 231 729 4
a 231 792 3
a 232 687 9
a 232 990 3
a 233 357 7
a 234 188 1
a 234 680 10
a 235 621 8
a 236 308 6
a 236 369 3
a 236 486 2
a 237 213 10
a 238 158 4
a 239 55 2
a 239 260 3
a 240 492 3
a 241 672 2
a 241 739 9
a 241 975 5
a 242 172 1
a 243 500 9
a 243 642 6
a 244 127 2
a 244 291 5
a 245 9 2
a 245 388 5
a 246 382 8
a 246 787 5
a 246 845 4
a 247 208 6
a 247 276 9
a 248 185 4
a 248 968 6
a 248 997 2
a 249 194 5
a 249 466 8
a 249 565 10
a 250 357 2
a 250 851 7
a 251 354 5
a 251 624 5
a 251 768 8
a 252 87 8
a 252 115 5
a 252 363 1
a 253 176 1
a 253 782 9
a 254 121 8
a 254 915 9
a 255 86 7
a 255 862 8
a 256 192 6
a 256 265 10
a 257 297 9
a 257 983 9
a 258 411 1
a 258 432 10
a 258 591 5
a 259 102 10
a 259 713 2
a 260 703 6
a 261 405 3
a 261 970 6
a 262 961 6
a 263 10 10
a 263 121 8
a 264 120 9
a 264 961 4
a 265 352 7
a 265 976 1
a 266 841 6
a 267 359 4
a 267 395 9
a 267 749 2
a 268 594 4
a 268 950 4
a 268 995 3
a 269 517 2
a 270 73 10
a 270 122 2
a 270 146 7
a 270 383 5
a 270 905 5
a 271 335 10
a 271 688 5
a 272 97 8
a 272 325 4
a 272 474 1
a 272 617 1
a 273 2 1
a 273 922 3
a 274 107 5
a 274 802 9
a 275 467 1
a 276 33 6
a 277 41 4
a 277 149 9
a 278 263 4
a 278 387 8
a 278 390 5
a 279 437 5
a 279 448 9
a 279 483 4
a 279 737 10
a 280 187 9
a 280 278 7
a 280 996 3
a 281 125 9
a 282 207 5
a 282 820 1
a 283 610 3
a 283 839 7
a 284 123 5
a 284 557 9
a 285 253 2
a 285 812 7
a 286 172 6
a 286 400 10
a 287 7 3
a 287 731 9
a 287 923 6
a 288 863 10
a 289 503 10
a 289 614 4
a 289 689 5
a 289 948 7
a 290 587 8
a 290 945 5
a 291 862 6
a 292 669 3
a 292 850 9
a 293 793 5
a 293 992 3
a 294 479 1
a 295 226 9
a 295 517 9
a 295 564 3
a 296 17 7
a 296 884 7
a 297 173 7
a 297 426 4
a 298 293 9
a 298 384 7
a 299 677 3
a 300 491 3
a 301 151 7
a 302 179 4
a 303 684 1
a 304 550 8
a 304 624 10
a 305 254 9
a 305 332 9
a 305 439 4
a 306 103 7
a 306 406 9
a 306 450 5
a 307 268 3
a 307 960 2
a 307 997 3
a 308 167 6
a 308 348 6
a 309 955 10
a 310 70 6
a 311 197 1
a 312 10 9
a 312 908 1
a 313 218 8
a 314 763 4
a 315 96 4
a 315 995 10
a 316 234 7
a 317 143 4
a 317 718 2
a 317 804 10
a 318 589 3
a 319 355 5
a 320 211 9
a 321 300 6
a 321 738 8
a 321 753 6
a 322 656 3
a 323 838 1
a 324 396 10
a 325 350 7
a 326 928 8
a 327 196 10
a 328 54 2
a 329 6 8
a 329 500 8
a 329 728 2
a 329 902 3
a 330 150 10
a 331 168 1
a 331 338 3
a 332 431 9
a 332 463 6
a 332 759 5
a 332 852 6
a 333 122 8
a 334 675 10
a 335 117 4
a 335 671 2
a 336 240 5
a 337 441 7
a 337 717 2
a 338 48 8
a 338 816 5
a 338 943 7
a 339 16 8
a 339 375 7
a 340 175 2
a 340 536 7
a 341 343 9
a 342 944 5
a 342 962 3
a 343 54 5
a 344 491 3
a 345 158 4
a 345 181 3
a 345 287 5
a 345 581 5
a 346 501 2
a 346 583 1
a 347 337 3
a 347 957 1
a 348 138 9
a 348 558 5
a 348 709 7
a 348 790 3
a 348 940 9
a 349 710 9
a 349 967 2
a 350 91 2
a 351 395 5
a 351 404 3
a 352 245 3
a 352 309 4
a 353 461 5
a 354 35 1
a 354 895 3
a 355 66 9
a 355 124 6
a 355 644 5
a 356 305 10
a 356 748 1
a 357 27 2
a 357 635 2
a 357 994 10
a 358 442 10
a 358 606 5
a 359 279 5
a 359 432 3
a 360 407 7
a 360 698 1
a 361 233 5
a 361 538 7
a 362 284 8
a 362 643 3
a 362 815 2
a 362 838 7
a 363 430 1
a 363 621 1
a 364 135 5
a 364 773 2
a 364 841 4
a 365 615 4
a 365 620 4
a 366 506 2
a 367 610 1
a 368 756 9
a 369 64 7
a 369 605 8
a 370 334 2
a 370 836 6
a 371 450 5
a 372 83 8
a 373 720 5
a 373 959 3
a 374 25 4
a 374 49 3
a 374 194 4
a 374 366 3
a 374 552 1
a 375 659 1
a 376 221 6
a 377 509 6
a 377 791 5
a 377 842 6
a 378 601 7
a 378 885 10
a 379 825 1
a 380 609 5
a 380 659 2
a 381 325 6
a 381 666 9
a 381 720 4
a 382 401 9
a 383 78 6
a 383 429 3
a 384 422 10
a 384 653 7
a 385 246 8
a 385 294 6
a 386 420 2
a 386 636 2
a 386 886 6
a 387 629 9
a 388 190 8
a 389 277 5
a 389 391 10
a 389 899 7
a 390 471 2
a 390 484 2
a 390 799 7
a 391 343 5
a 391 537 1
a 391 861 8
a 392 796 6
a 393 99 1
a 393 163 10
a 393 196 5
a 394 186 7
a 394 388 2
a 394 421 10
a 395 174 9
a 396 52 6
a 397 126 5
a 397 144 2
a 398 272 9
a 399 72 3
a 399 559 7
a 400 630 2
a 400 948 3
a 401 52 3
a 401 832 9
a 402 93 10
a 402 268 9
a 402 467 4
a 403 184 7
a 403 645 7
a 404 876 10
a 405 265 2
a 405 498 6
a 406 535 9
a 406 830 5
a 407 559 5
a 408 238 9
a 408 428 5
a 408 547 6
a 409 360 4
a 409 786 9
a 410 708 1
a 410 874 3
a 411 185 3
a 412 765 5
a 413 680 4
a 413 771 6
a 414 422 2
a 414 532 6
a 415 386 8
a 415 542 4
a 416 464 10
a 416 691 2
a 416 863 1
a 417 44 2
a 417 310 4
a 417 423 9
a 417 512 4
a 417 837 5
a 418 101 7
a 418 484 3
a 418 535 5
a 419 94 2
a 419 707 9
a 420 369 5
a 420 521 1
a 421 34 5
a 421 128 5
a 421 913 7
a 422 345 9
a 422 894 1
a 422 896 5
a 423 299 2
a 424 5 7
a 424 231 7
a 424 776 2
a 425 380 3
a 425 882 8
a 426 85 3
a 426 89 2
a 426 800 5
a 427 570 6
a 427 807 8
a 427 831 10
a 428 966 8
a 429 493 7
a 430 249 9
a 431 77 10
a 431 255 7
a 432 33 6
a 432 439 10
a 432 507 2
a 432 734 10
a 433 435 5
a 433 693 9
a 434 579 3
a 434 788 4
a 434 850 2
a 435 298 6
a 435 361 10
a 435 803 2
a 436 821 10
a 437 4 1
a 437 287 3
a 437 482 3
a 438 948 8
a 439 371 8
a 440 117 6
a 440 795 6
a 441 320 8
a 442 319 8
a 443 238 5
a 443 248 5
a 444 29 8
a 444 183 2
a 444 544 8
a 444 792 2
a 445 132 5
a 445 371 4
a 445 766 10
a 446 114 1
a 446 417 7
a 447 58 4
a 447 620 6
a 448 171 5
a 448 174 6
a 449 525 5
a 449 972 10
a 450 321 3
a 450 616 9
a 450 684 4
a 451 587 8
a 451 898 2
a 452 286 10
a 452 307 10
a 452 550 1
a 453 926 2
a 454 401 4
a 454 740 3
a 454 778 9
a 455 402 10
a 455 608 2
a 456 418 8
a 457 135 7
a 457 564 8
a 457 700 7
a 458 542 5
a 459 360 7
a 460 533 2
a 460 661 7
a 460 708 10
a 460 836 3
a 461 139 4
a 461 826 3
a 461 878 9
a 462 750 5
a 462 855 1
a 463 830 8
a 464 300 10
a 464 457 7
a 465 115 5
a 466 805 5
a 467 102 3
a 468 233 6
a 468 893 2
a 468 930 6
a 469 451 4
a 469 692 5
a 469 834 6
a 470 872 1
a 470 916 1
a 471 91 6
a 471 730 3
a 472 149 2
a 472 274 6
a 472 942 10
a 473 896 4
a 474 466 9
a 475 119 10
a 475 630 7
a 475 715 6
a 475 968 7
a 476 94 4
a 477 134 3
a 477 244 7
a 477 752 3
a 478 406 2
a 478 546 2
a 478 1000 8
a 479 459 5
a 479 927 3
a 480 112 2
a 480 775 5
a 481 98 7
a 481 866 8
a 482 174 2
a 482 646 1
a 483 387 10
a 484 677 4
a 485 492 5
a 485 516 5
a 485 804 1
a 485 813 10
a 486 49 10
a 486 508 10
a 486 543 10
a 487 771 7
a 488 236 7
a 488 481 9
a 489 677 7
a 490 153 5
a 491 328 5
a 491 375 7
a 492 7 5
a 492 456 7
a 492 903 10
a 493 406 5
a 494 179 5
a 494 586 9
a 495 240 2
a 495 416 6
a 495 924 9
a 496 613 2
a 497 269 8
a 498 207 10
a 499 86 1
a 500 251 9
a 500 619 5
a 500 794 9
a 501 660 2
a 502 84 10
a 503 626 2
a 504 560 7
a 504 690 1
a 505 416 4
a 506 89 3
a 507 108 7
a 507 578 10
a 508 237 7
a 508 806 5
a 509 762 8
a 510 400 7
a 510 706 10
a 511 820 3
a 512 87 7
a 512 273 5
a 513 391 9
a 514 112 2
a 514 468 6
a 514 714 1
a 514 851 1
a 514 853 2
a 515 432 3
a 515 798 3
a 516 536 7
a 517 317 4
a 517 882 3
a 518 597 8
a 518 789 1
a 518 836 2
a 519 331 1
a 520 200 7
a 520 303 10
a 520 817 3
a 521 916 6
a 521 974 10
a 522 37 9
a 522 656 4
a 522 763 4
a 523 80 4
a 524 86 7
a 525 784 8
a 525 934 8
a 526 203 4
a 526 547 7
a 527 333 9
a 528 80 5
a 529 57 5
a 529 244 7
a 529 662 7
a 530 577 8
a 530 833 8
a 531 399 6
a 532 111 8
a 532 145 5
a 532 177 2
a 533 845 5
a 534 166 7
a 534 371 9
a 535 781 7
a 535 980 10
a 536 124 8
a 536 777 10
a 536 905 3
a 537 915 5
a 538 859 9
a 538 997 3
a 539 192 3
a 539 329 5
a 539 506 4
a 539 815 2
a 540 212 10
a 540 560 1
a 541 110 7
a 541 222 1
a 541 337 4
a 541 772 1
a 542 101 7
a 542 544 8
a 543 71 2
a 543 227 1
a 544 307 1
a 544 582 3
a 545 176 5
a 545 250 3
a 545 712 4
a 546 132 9
a 547 307 5
a 547 466 1
a 547 478 6
a 548 896 4
a 549 310 6
a 549 396 9
a 550 16 7
a 550 325 9
a 551 93 2
a 551 992 3
a 552 872 4
a 552 926 9
a 553 427 10
a 553 631 5
a 553 706 5
a 553 971 2
a 554 259 5
a 554 440 10
a 554 460 8
a 555 886 9
a 555 1000 2
a 556 244 9
a 557 887 6
a 558 572 5
a 558 997 4
a 559 234 4
a 559 429 5
a 560 74 7
a 560 413 1
a 561 81 5
a 561 123 6
a 561 144 4
a 561 407 10
a 562 681 4
a 562 919 8
a 563 489 3
a 564 257 9
a 565 517 7
a 565 640 7
a 566 854 3
a 567 210 5
a 567 213 10
a 568 39 6
a 569 192 8
a 569 496 5
a 570 49 6
a 570 220 9
a 571 744 4
a 572 117 4
a 572 855 1
a 573 160 4
a 574 469 5
a 574 999 10
a 575 53 6
a 575 951 6
a 576 609 7
a 576 711 8
a 576 962 9
a 577 206 4
a 577 260 2
a 577 595 2
a 577 820 4
a 578 136 9
a 578 449 9
a 578 488 7
a 579 552 5
a 580 311 9
a 580 668 7
a 580 827 4
a 580 993 10
a 581 227 6
a 582 406 3
a 582 529 5
a 583 810 5
a 583 977 10
a 584 3 9
a 584 619 10
a 585 511 5
a 586 147 7
a 586 214 1
a 587 486 10
a 587 561 3
a 587 801 5
a 588 69 3
a 588 282 7
a 588 513 8
a 588 759 3
a 589 190 5
a 589 337 3
a 590 107 3
a 590 187 3
a 591 339 9
a 592 957 7
a 593 956 5
a 594 760 5
a 594 861 5
a 595 152 3
a 595 417 10
a 595 480 6
a 595 936 9
a 596 76 2
a 596 141 7
a 596 699 10
a 597 65 2
a 597 596 3
a 597 657 4
a 597 817 10
a 598 173 10
a 598 302 4
a 598 678 9
a 598 732 5
a 598 894 4
a 598 909 6
a 599 275 10
a 599 824 5
a 599 839 4
a 600 215 7
a 600 628 5
a 601 42 5
a 602 447 3
a 602 596 5
a 603 320 5
a 603 961 6
a 604 336 5
a 605 730 4
a 606 36 2
a 606 216 3
a 607 236 7
a 607 641 2
a 608 408 8
a 608 888 8
a 609 449 7
a 610 22 5
a 610 339 6
a 611 637 6
a 611 758 6
a 612 95 5
a 612 143 1
a 613 449 7
a 613 733 8
a 614 688 9
a 614 794 2
a 615 295 8
a 615 542 8
a 615 750 8
a 616 417 10
a 616 643 1
a 617 8 6
a 618 200 10
a 618 410 6
a 618 494 8
a 619 222 6
a 619 493 5
a 620 328 6
a 620 522 10
a 621 142 9
a 621 144 5
a 622 714 1
a 623 612 6
a 623 776 5
a 624 320 6
a 624 708 4
a 625 476 5
a 626 534 3
a 626 663 4
a 627 347 8
a 627 722 1
a 628 927 6
a 629 315 2
a 629 962 6
a 630 490 5
a 630 891 9
a 630 955 10
a 630 967 7
a 631 654 3
a 632 616 4
a 632 683 10
a 632 992 7
a 633 952 3
a 634 268 2
a 635 652 10
a 635 953 10
a 636 536 10
a 636 996 8
a 637 305 6
a 638 140 4
a 638 326 4
a 638 549 2
a 638 988 5
a 639 501 10
a 639 802 1
a 640 90 8
a 640 691 1
a 640 890 3
a 641 366 3
a 641 806 1
a 642 648 4
a 642 772 6
a 643 246 3
a 644 195 4
a 644 519 8
a 644 623 3
a 644 818 3
a 645 577 7
a 646 617 1
a 646 956 7
a 647 577 7
a 648 209 1
a 648 855 10
a 649 748 8
a 650 98 6
a 651 161 2
a 651 570 1
a 652 552 6
a 653 880 7
a 654 658 7
a 654 903 9
a 655 422 6
a 655 840 6
a 656 598 4
a 656 725 3
a 657 344 8
a 657 441 10
a 658 271 4
a 659 566 4
a 660 708 8
a 661 626 1
a 662 563 3
a 663 342 5
a 664 330 7
a 665 255 10
a 665 659 4
a 666 582 1
a 667 114 6
a 667 608 9
a 667 950 2
a 668 443 2
a 668 848 3
a 668 863 2
a 669 257 4
a 669 739 2
a 670 204 2
a 670 358 6
a 670 391 2
a 670 455 7
a 671 308 8
a 671 699 5
a 671 735 5
a 671 736 2
a 671 849 4
a 672 840 10
a 673 949 4
a 674 652 7
a 674 958 10
a 675 173 9
a 675 423 5
a 676 40 10
a 676 366 4
a 677 56 4
a 678 843 7
a 678 876 9
a 678 904 2
a 679 619 3
a 680 177 5
a 680 828 3
a 681 300 3
a 681 726 1
a 682 177 1
a 683 18 7
a 684 319 3
a 684 579 8
a 685 83 1
a 685 280 3
a 686 627 5
a 687 895 1
a 688 63 6
a 688 436 9
a 689 168 6
a 690 332 10
a 690 361 7
a 690 655 2
a 691 319 9
a 691 395 9
a 691 795 7
a 692 164 7
a 692 192 2
a 692 434 10
a 692 696 10
a 693 31 2
a 694 665 6
a 694 986 6
a 695 253 7
a 695 259 8
a 695 356 1
a 696 567 5
a 696 719 2
a 697 955 1
a 698 319 1
a 699 235 6
a 699 613 9
a 699 953 8
a 700 820 1
a 700 962 3
a 701 31 4
a 702 551 4
a 703 865 10
a 704 505 10
a 704 632 8
a 704 702 3
a 705 241 10
a 705 920 1
a 706 367 7
a 706 988 1
a 707 927 4
a 707 941 2
a 708 414 6
a 708 642 7
a 709 102 1
a 710 465 6
a 710 997 9
a 711 683 6
a 711 700 8
a 712 23 4
a 713 520 2
a 714 92 6
a 714 481 9
a 714 889 1
a 715 389 10
a 715 774 5
a 716 225 4
a 716 998 4
a 717 624 1
a 718 744 5
a 718 964 5
a 719 147 9
a 719 990 8
a 720 304 1
a 721 679 1
a 722 86 10
a 722 585 6
a 722 677 2
a 723 511 7
a 723 533 6
a 724 589 4
a 724 772 4
a 725 279 5
a 725 510 8
a 725 716 10
a 726 604 9
a 727 128 6
a 727 928 6
a 727 929 7
a 728 218 7
a 728 309 4
a 729 179 9
a 730 202 2
a 730 706 5
a 731 629 2
a 732 501 9
a 733 634 5
a 733 754 2
a 734 874 3
a 734 925 3
a 735 220 5
a 735 362 5
a 736 247 8
a 736 419 10
a 737 162 10
a 737 541 4
a 737 898 2
a 738 256 4
a 738 347 2
a 738 679 1
a 738 978 10
a 739 228 5
a 739 263 5
a 739 704 1
a 739 832 7
a 739 938 8
a 740 239 6
a 740 966 8
a 740 987 7
a 741 165 5
a 741 710 5
a 741 811 3
a 742 59 6
a 743 622 6
a 744 364 4
a 744 466 1
a 744 498 6
a 744 588 9
a 745 62 10
a 745 657 1
a 746 203 1
a 746 968 1
a 747 462 5
a 747 599 7
a 748 45 1
a 748 51 9
a 749 178 4
a 749 920 5
a 750 90 2
a 750 159 7
a 751 653 6
a 752 160 3
a 753 671 9
a 754 355 7
a 754 897 6
a 754 919 10
a 755 725 10
a 755 887 3
a 756 346 3
a 756 520 6
a 757 831 1
a 758 742 2
a 759 135 10
a 759 201 5
a 759 424 1
a 760 179 7
a 760 223 1
a 760 224 1
a 761 915 4
a 762 118 2
a 762 458 7
a 762 565 2
a 762 714 9
a 763 320 2
a 763 489 3
a 764 53 10
a 764 110 3
a 764 844 7
a 765 109 9
a 766 791 4
a 766 870 5
a 767 562 9
a 768 124 1
a 768 681 9
a 768 983 2
a 769 341 8
a 769 518 1
a 770 398 3
a 770 834 8
a 771 620 6
a 771 701 8
a 771 814 5
a 772 562 7
a 772 617 4
a 772 738 8
a 773 20 4
a 773 217 10
a 773 553 5
a 774 207 6
a 774 780 10
a 775 60 2
a 775 626 6
a 775 910 10
a 775 922 1
a 776 108 1
a 776 698 2
a 777 126 10
a 778 207 3
a 778 882 5
a 779 571 8
a 779 988 1
a 780 771 5
a 780 973 4
a 781 558 5
a 781 789 7
a 782 862 1
a 783 109 3
a 783 392 1
a 784 887 8
a 784 967 10
a 785 90 6
a 786 791 4
a 786 985 1
a 787 165 5
a 787 440 7
a 787 937 5
a 788 128 3
a 788 448 6
a 788 478 4
a 788 751 3
a 789 756 2
a 789 759 2
a 790 597 1
a 791 5 6
a 791 808 6
a 792 340 2
a 793 83 10
a 793 152 7
a 794 362 6
a 794 989 4
a 795 661 8
a 796 171 4
a 796 264 8
a 797 30 4
a 797 333 4
a 798 936 10
a 799 667 6
a 799 917 1
a 799 972 3
a 800 5 6
a 800 51 8
a 800 56 1
a 801 474 3
a 802 439 4
a 803 130 4
a 803 545 8
a 803 590 6
a 804 17 7
a 805 516 9
a 806 526 9
a 807 416 8
a 808 19 7
a 808 100 4
a 808 458 3
a 808 933 10
a 809 333 7
a 810 327 9
a 810 889 8
a 811 675 4
a 812 156 5
a 812 305 4
a 812 755 4
a 813 415 5
a 814 306 9
a 814 308 8
a 815 376 7
a 815 564 6
a 816 722 2
a 816 984 4
a 817 47 4
a 817 167 1
a 817 871 2
a 818 246 2
a 818 247 8
a 818 576 8
a 819 145 1
a 819 865 2
a 820 61 8
a 821 676 8
a 821 707 10
a 822 55 9
a 822 967 1
a 822 977 1
a 823 178 4
a 824 82 1
a 824 531 1
a 824 915 4
a 825 315 6
a 825 916 8
a 826 289 9
a 826 548 5
a 826 616 10
a 827 690 4
a 828 350 6
a 828 844 1
a 829 85 2
a 829 939 1
a 830 913 7
a 831 58 3
a 831 573 5
a 831 594 2
a 832 64 10
a 833 99 4
a 833 809 2
a 834 653 4
a 835 148 7
a 836 65 4
a 837 5 8
a 837 615 2
a 838 27 10
a 838 126 10
a 839 345 5
a 839 648 6
a 840 211 1
a 841 549 1
a 842 877 9
a 843 129 9
a 843 879 6
a 843 908 2
a 843 915 8
a 844 490 9
a 845 237 5
a 845 667 5
a 845 671 8
a 845 695 8
a 846 824 1
a 847 102 4
a 847 986 6
a 848 14 4
a 848 732 5
a 849 672 1
a 850 153 1
a 850 745 9
a 851 155 10
a 851 592 9
a 851 701 6
a 852 161 3
a 853 455 1
a 853 666 3
a 854 160 1
a 854 380 6
a 855 278 10
a 855 495 8
a 855 854 6
a 856 182 4
a 856 733 5
a 856 930 9
a 857 657 9
a 857 842 9
a 858 121 1
a 859 348 3
a 859 351 9
a 859 603 2
a 860 73 4
a 860 113 4
a 860 502 8
a 861 859 8
a 862 102 7
a 863 276 5
a 863 873 10
a 864 219 3
a 864 745 3
a 865 370 6
a 866 205 7
a 866 269 3
a 867 718 4
a 868 363 10
a 868 527 6
a 868 765 6
a 869 198 10
a 869 229 9
a 869 841 7
a 870 170 7
a 870 650 2
a 870 964 9
a 871 180 10
a 871 351 9
a 872 130 10
a 872 587 4
a 873 768 4
a 874 252 3
a 875 28 9
a 875 274 7
a 876 106 5
a 876 981 2
a 877 23 3
a 877 193 8
a 877 998 4
a 878 72 7
a 878 972 10
a 879 478 6
a 879 575 4
a 880 348 7
a 881 79 2
a 882 30 5
a 882 221 8
a 882 281 6
a 883 636 5
a 884 760 5
a 885 490 2
a 886 217 7
a 886 867 5
a 887 9 8
a 887 62 5
a 888 21 10
a 888 392 6
a 889 204 8
a 890 881 6
a 891 199 2
a 891 722 10
a 892 949 7
a 893 470 9
a 893 976 8
a 894 279 4
a 895 410 5
a 896 495 4
a 896 911 7
a 897 312 5
a 897 781 3
a 898 541 2
a 899 574 7
a 899 680 9
a 900 698 4
a 901 336 5
a 901 588 8
a 902 762 2
a 902 939 1
a 903 461 5
a 903 613 3
a 903 743 2
a 904 384 6
a 905 148 9
a 905 358 1
a 906 710 8
a 907 632 9
a 907 677 7
a 908 75 1
a 908 211 3
a 908 973 2
a 909 210 6
a 909 249 10
a 909 285 3
a 909 378 2
a 910 235 9
a 910 631 7
a 911 180 5
a 912 54 1
a 913 657 9
a 914 380 6
a 914 885 9
a 915 914 9
a 916 32 8
a 916 84 7
a 916 105 1
a 916 281 4
a 917 73 6
a 918 939 10
a 919 208 9
a 920 104 7
a 920 234 1
a 920 756 8
a 921 444 8
a 922 986 4
a 923 21 3
a 923 742 8
a 924 699 5
a 925 18 5
a 925 266 8
a 925 503 5
a 925 952 7
a 926 154 6
a 926 604 1
a 926 914 3
a 926 935 2
a 926 984 2
a 927 125 5
a 927 650 9
a 928 132 2
a 929 415 10
a 929 737 8
a 930 475 6
a 930 575 1
a 931 341 5
a 931 798 7
a 932 42 8
a 932 530 8
a 933 390 7
a 934 61 9
a 934 252 5
a 934 907 10
a 935 42 10
a 935 607 6
a 935 746 4
a 935 947 10
a 936 384 3
a 937 181 4
a 937 290 3
a 937 439 8
a 937 472 7
a 937 694 8
a 938 381 9
a 938 446 5
a 938 783 8
a 939 658 3
a 940 38 8
a 940 353 7
a 940 622 10
a 940 871 2
a 941 461 3
a 941 691 5
a 941 889 1
a 942 485 9
a 943 128 7
a 944 185 5
a 944 670 2
a 945 433 10
a 945 479 1
a 945 770 2
a 945 816 9
a 946 446 5
a 946 486 4
a 946 654 6
a 947 323 3
a 947 660 1
a 947 676 10
a 948 563 2
a 948 646 2
a 948 979 5
a 949 177 1
a 949 372 8
a 949 457 7
a 949 593 1
a 950 70 1
a 950 349 4
a 950 353 2
a 950 641 3
a 950 994 8
a 951 639 7
a 952 463 6
a 952 556 1
a 953 22 7
a 953 601 9
a 954 471 6
a 955 79 3
a 955 687 8
a 955 823 10
a 956 81 5
a 956 297 8
a 956 314 7
a 957 598 4
a 957 639 8
a 957 910 9
a 957 987 8
a 958 150 8
a 958 412 3
a 958 602 4
a 959 147 7
a 960 219 1
a 960 608 8
a 961 454 7
a 962 115 9
a 962 213 10
a 962 758 7
a 963 419 1
a 964 12 6
a 964 635 2
a 965 722 4
a 966 978 10
a 967 328 4
a 967 947 8
a 968 550 3
a 969 622 10
a 969 679 4
a 970 245 3
a 971 41 8
a 971 203 7
a 971 764 9
a 972 43 3
a 972 116 7
a 972 623 3
a 972 755 1
a 973 117 1
a 974 170 6
a 974 399 2
a 974 762 3
a 975 261 9
a 975 871 10
a 975 918 8
a 976 741 7
a 976 959 8
a 977 37 10
a 977 57 7
a 977 175 6
a 977 283 10
a 978 418 4
a 978 569 6
a 978 696 1
a 979 496 7
a 979 497 10
a 980 35 7
a 980 109 6
a 981 226 4
a 981 267 9
a 982 800 4
a 983 225 4
a 983 409 7
a 983 760 1
a 984 479 9
a 985 837 9
a 986 80 3
a 986 95 2
a 986 324 6
a 987 443 4
a 988 131 4
a 988 377 5
a 988 518 8
a 988 786 10
a 988 868 3
a 988 884 6
a 989 865 1
a 989 949 2
a 989 999 7
a 990 137 7
a 990 374 6
a 990 730 4
a 991 265 4
a 991 444 5
a 992 292 8
a 993 291 3
a 993 331 4
a 993 383 3
a 993 906 9
a 994 939 4
a 995 28 6
a 996 243 4
a 996 785 1
a 997 647 5
a 997 850 7
a 998 44 9
a 998 487 6
a 998 866 8
a 999 865 5
