p max 100 200
n 1 s
n 100 t
a 1 13 9
a 1 42 1
a 2 35 7
a 2 57 9
a 2 75 5
a 3 10 5
a 3 29 2
a 3 50 8
a 3 51 10
a 3 56 3
a 4 48 1
a 5 28 2
a 6 60 7
a 6 61 10
a 6 97 8
a 7 43 4
a 8 46 1
a 8 87 7
a 9 38 10
a 9 47 10
a 9 66 6
a 10 30 4
a 10 53 5
a 10 85 7
a 11 37 5
a 11 38 1
a 11 78 1
a 11 85 1
a 12 17 1
a 12 22 9
a 13 82 2
a 14 27 3
a 14 79 10
a 15 44 5
a 15 50 10
a 16 100 4
a 17 5 2
a 17 87 2
a 18 88 10
a 19 5 4
a 19 6 9
a 20 3 8
a 20 25 5
a 20 31 1
a 21 33 4
a 22 15 3
a 22 25 10
a 23 33 4
a 23 64 2
a 23 81 8
a 24 19 5
a 24 44 7
a 25 24 8
a 25 40 10
a 26 77 6
a 26 91 7
a 26 98 10
a 27 22 8
a 28 67 4
a 28 88 5
a 28 93 9
a 29 89 5
a 30 7 10
a 30 43 2
a 31 18 3
a 31 89 4
a 32 59 1
a 32 60 4
a 33 12 7
a 33 36 5
a 33 39 8
a 34 74 3
a 34 86 4
a 35 44 10
a 36 14 7
a 36 34 4
a 36 62 1
a 36 77 8
a 37 47 7
a 37 62 9
a 38 35 1
a 38 94 10
a 39 86 3
a 40 77 5
a 41 74 6
a 42 82 6
a 42 100 10
a 43 20 5
a 43 31 9
a 44 16 4
a 44 45 4
a 45 40 7
a 45 55 6
a 46 5 6
a 46 56 2
a 46 83 6
a 47 32 4
a 47 65 6
a 48 84 1
a 48 95 7
a 49 42 8
a 49 73 10
a 50 4 1
a 50 83 8
a 51 67 3
a 52 17 3
a 52 25 5
a 53 36 7
a 54 97 4
a 55 2 1
a 55 5 9
a 55 40 7
a 56 21 7
a 56 48 7
a 56 72 4
a 56 92 9
a 57 7 8
a 57 72 7
a 58 20 6
a 58 68 7
a 59 41 6
a 59 46 1
a 60 14 7
a 61 47 5
a 62 11 5
a 62 12 5
a 62 69 9
a 63 93 1
a 63 96 1
a 64 79 3
a 65 2 3
a 65 63 6
a 66 34 10
a 66 82 8
a 67 41 1
a 68 77 6
a 69 37 4
a 69 54 4
a 69 57 5
a 70 20 6
a 71 18 2
a 71 46 8
a 72 92 10
a 73 10 4
a 74 67 7
a 74 86 7
a 75 19 3
a 76 62 7
a 76 93 1
a 77 58 9
a 77 69 10
a 77 71 5
a 77 80 2
a 78 8 6
a 78 10 7
a 78 26 3
a 78 90 9
a 78 99 8
a 79 52 6
a 79 55 4
a 80 52 3
a 80 76 8
a 81 28 4
a 81 90 8
a 82 37 2
a 82 73 5
a 83 29 6
a 83 32 4
a 83 33 2
a 83 97 7
a 84 27 1
a 84 28 7
a 85 49 8
a 85 89 7
a 86 23 1
a 86 80 3
a 87 62 3
a 87 100 4
a 88 48 8
a 88 69 6
a 88 70 5
a 88 74 9
a 89 76 8
a 90 26 8
a 90 57 2
a 91 12 1
a 92 75 7
a 93 67 2
a 94 28 9
a 95 9 1
a 95 23 4
a 95 53 10
a 96 100 9
a 97 16 10
a 97 90 7
a 98 74 5
a 99 20 4
a 99 55 9
a 99 81 7
a 99 84 10
