p max 100 200
n 1 s
n 100 t
a 1 28 10
a 1 75 2
a 2 27 8
a 2 42 1
a 2 55 7
a 3 60 7
a 4 30 2
a 4 76 8
a 4 83 9
a 5 35 8
a 5 70 8
a 6 19 4
a 7 50 8
a 7 86 4
a 8 14 4
a 9 69 9
a 9 75 1
a 10 62 7
a 10 89 9
a 11 5 3
a 11 14 8
a 11 27 6
a 12 69 10
a 13 7 4
a 13 40 6
a 13 43 8
a 13 89 7
a 14 58 3
a 14 78 10
a 15 47 4
a 16 34 7
a 16 80 6
a 17 3 1
a 17 80 6
a 18 35 2
a 19 51 10
a 19 68 3
a 20 10 10
a 20 42 3
a 21 3 1
a 21 13 8
a 22 17 2
a 22 67 3
a 23 48 7
a 23 79 6
a 24 2 6
a 24 38 5
a 24 41 8
a 24 53 8
a 24 98 5
a 25 61 10
a 26 43 4
a 27 15 10
a 28 19 3
a 28 95 3
a 28 98 3
a 29 45 6
a 30 26 1
a 30 68 4
a 31 30 4
a 31 50 2
a 31 63 5
a 31 87 4
a 32 70 4
a 32 81 3
a 32 91 6
a 33 12 10
a 33 91 7
a 34 18 1
a 34 57 10
a 35 38 1
a 36 52 10
a 36 69 5
a 36 88 1
a 37 64 7
a 37 73 2
a 38 80 3
a 39 38 6
a 39 40 9
a 39 60 8
a 39 99 10
a 40 23 9
a 41 61 4
a 41 70 8
a 42 35 5
a 42 56 1
a 43 98 5
a 44 83 7
a 45 13 7
a 45 46 1
a 46 14 1
a 46 26 10
a 47 40 4
a 48 36 8
a 48 67 4
a 49 33 5
a 49 74 2
a 49 85 3
a 50 18 10
a 50 39 6
a 50 97 5
a 50 100 6
a 51 7 1
a 51 45 5
a 52 49 2
a 52 60 3
a 52 71 3
a 53 55 6
a 53 94 8
a 54 44 9
a 54 51 2
a 55 24 4
a 55 74 9
a 56 89 4
a 57 11 2
a 57 17 6
a 57 39 5
a 58 32 6
a 58 52 1
a 59 22 4
a 59 77 3
a 60 23 4
a 60 49 2
a 61 29 3
a 61 75 3
a 62 27 4
a 62 94 10
a 62 96 5
a 63 22 8
a 63 56 5
a 64 26 3
a 64 84 8
a 65 14 9
a 66 53 4
a 67 7 10
a 67 20 3
a 67 21 2
a 68 4 4
a 68 55 4
a 69 25 8
a 69 75 2
a 70 71 10
a 71 65 10
a 72 16 6
a 72 28 9
a 73 80 7
a 73 100 4
a 74 79 7
a 74 97 9
a 75 65 2
a 76 52 8
a 77 65 6
a 77 99 3
a 78 77 9
a 79 29 8
a 79 80 10
a 80 15 6
a 80 47 5
a 80 92 9
a 81 8 8
a 81 27 1
a 81 64 7
a 82 87 4
a 83 57 3
a 83 78 9
a 83 85 10
a 84 48 9
a 84 95 5
a 85 22 3
a 85 57 5
a 86 4 3
a 87 78 3
a 87 86 7
a 88 11 4
a 88 61 4
a 89 99 6
a 90 77 9
a 91 29 4
a 91 93 7
a 92 49 8
a 93 2 6
a 93 47 3
a 93 90 3
a 94 8 7
a 94 66 4
a 95 78 6
a 96 37 10
a 96 48 5
a 96 59 5
a 96 75 8
a 97 6 8
a 97 31 10
a 97 59 3
a 97 72 1
a 98 9 7
a 98 54 1
a 98 68 6
a 98 82 6
a 98 87 10
a 99 6 10
