p max 1000 2000
n 1 s
n 1000 t
a 1 985 4
a 2 905 7
a 3 800 1
a 4 133 1
a 4 406 5
a 5 640 1
a 6 76 10
a 6 433 5
a 6 883 7
a 7 89 10
a 7 301 6
a 8 831 7
a 8 901 2
a 9 541 5
a 10 218 3
a 10 391 9
a 11 233 6
a 11 705 10
a 12 361 7
a 13 24 8
a 13 324 4
a 13 427 7
a 13 492 7
a 14 854 1
a 15 374 3
a 15 505 4
a 16 554 9
a 16 868 2
a 17 794 9
a 17 896 4
a 18 206 7
a 18 394 7
a 19 443 3
a 19 883 3
a 20 261 5
a 20 358 1
a 20 844 4
a 21 649 3
a 21 756 4
a 22 27 9
a 23 412 5
a 24 282 2
a 24 883 6
a 25 18 10
a 25 608 3
a 26 6 5
a 26 512 6
a 27 725 10
a 28 253 5
a 28 541 6
a 28 952 5
a 29 187 5
a 29 664 4
a 29 974 3
a 30 372 5
a 31 227 4
a 31 741 6
a 32 90 5
a 32 450 2
a 33 171 4
a 33 467 6
a 33 784 10
a 34 122 6
a 34 612 2
a 35 298 4
a 35 512 3
a 36 254 3
a 36 507 3
a 36 703 7
a 37 48 4
a 37 199 6
a 38 233 1
a 38 454 2
a 39 527 5
a 40 210 9
a 40 396 3
a 40 525 2
a 41 468 4
a 41 745 2
a 42 465 1
a 43 723 10
a 44 124 9
a 44 394 7
a 44 976 7
a 45 224 10
a 45 948 10
a 46 69 9
a 46 650 6
a 46 820 2
a 47 915 10
a 48 629 6
a 48 780 4
a 49 53 1
a 49 123 7
a 50 397 9
a 51 135 7
a 51 309 5
a 51 866 7
a 52 925 2
a 52 997 4
a 53 25 3
a 53 165 4
a 54 512 4
a 55 588 4
a 55 746 10
a 56 907 5
a 57 78 6
a 58 984 9
a 59 284 5
a 59 435 10
a 59 870 10
a 60 685 5
a 60 847 10
a 61 463 8
a 62 243 6
a 62 314 3
a 62 653 5
a 63 629 7
a 64 117 9
a 64 341 2
a 65 89 9
a 65 606 10
a 66 901 10
a 66 935 8
a 67 104 4
a 67 558 10
a 67 570 9
a 67 785 6
a 68 458 8
a 68 645 3
a 68 768 10
a 68 982 8
a 69 349 2
a 69 812 9
a 69 827 9
a 70 73 5
a 71 485 8
a 71 857 6
a 72 73 1
a 72 845 5
a 73 55 2
a 74 494 9
a 74 522 4
a 74 624 10
a 74 916 10
a 75 19 5
a 75 198 8
a 75 923 9
a 76 269 10
a 76 446 2
a 77 937 10
a 78 365 1
a 79 228 10
a 79 452 5
a 79 929 3
a 80 20 10
a 80 702 4
a 81 917 4
a 82 735 9
a 83 31 1
a 84 153 4
a 84 374 7
a 85 544 3
a 86 174 2
a 86 392 2
a 86 534 8
a 86 797 2
a 87 922 3
a 88 988 7
a 89 724 3
a 90 498 5
a 91 135 10
a 92 219 8
a 92 245 5
a 92 965 6
a 93 473 8
a 93 662 2
a 94 380 6
a 94 971 2
a 95 19 10
a 95 340 9
a 96 324 10
a 96 959 6
a 97 435 8
a 98 550 2
a 99 50 3
a 99 63 3
a 99 345 7
a 100 988 1
a 101 77 3
a 101 87 5
a 101 802 9
a 102 848 8
a 103 367 8
a 103 393 1
a 103 539 8
a 103 943 8
a 104 209 8
a 105 417 7
a 105 836 3
a 105 938 7
a 106 348 3
a 107 83 4
a 107 564 9
a 107 951 3
a 108 236 10
a 108 518 10
a 109 154 1
a 109 413 1
a 109 824 5
a 110 357 3
a 111 32 2
a 111 154 4
a 112 678 7
a 112 967 9
a 113 514 10
a 113 888 7
a 114 106 1
a 114 302 3
a 115 670 9
a 116 631 5
a 116 633 8
a 117 238 5
a 118 654 4
a 119 104 6
a 119 139 10
a 119 418 6
a 119 848 5
a 120 342 8
a 121 565 3
a 121 760 6
a 122 242 4
a 123 48 7
a 123 565 1
a 123 684 5
a 123 879 6
a 124 952 2
a 125 469 6
a 126 962 1
a 127 535 4
a 127 569 2
a 127 752 7
a 127 889 8
a 127 951 10
a 128 25 7
a 128 147 7
a 129 152 3
a 130 742 8
a 130 826 8
a 131 410 10
a 131 747 1
a 132 50 1
a 132 861 3
a 133 57 9
a 133 258 7
a 134 402 3
a 134 573 9
a 134 990 6
a 135 594 10
a 136 865 7
a 137 385 2
a 137 687 6
a 138 695 8
a 138 805 6
a 139 14 6
a 139 954 4
a 140 69 8
a 141 680 2
a 142 474 3
a 142 750 1
a 142 771 1
a 143 430 6
a 143 817 3
a 143 828 1
a 143 913 7
a 144 592 6
a 144 796 4
a 145 412 3
a 145 421 1
a 146 158 9
a 146 749 7
a 147 681 7
a 147 773 4
a 147 821 8
a 148 354 6
a 148 631 4
a 149 205 2
a 150 271 8
a 150 277 7
a 151 108 5
a 151 657 1
a 152 595 6
a 153 719 4
a 154 151 6
a 154 336 3
a 154 971 10
a 155 36 3
a 156 548 3
a 156 655 9
a 157 149 1
a 157 920 7
a 158 57 3
a 159 242 10
a 160 121 8
a 160 152 5
a 161 84 10
a 161 278 5
a 162 89 6
a 162 166 9
a 162 442 2
a 163 302 5
a 163 772 10
a 164 68 2
a 164 949 1
a 164 967 1
a 165 242 2
a 165 908 8
a 165 924 5
a 166 244 4
a 166 400 7
a 166 575 8
a 167 70 4
a 168 288 3
a 168 685 3
a 168 770 8
a 169 200 6
a 169 520 3
a 169 625 10
a 169 972 5
a 170 92 10
a 170 294 4
a 170 371 6
a 171 23 9
a 171 145 5
a 171 275 3
a 171 829 1
a 171 926 4
a 172 475 2
a 173 393 4
a 174 479 6
a 174 740 7
a 174 960 1
a 175 552 1
a 175 671 2
a 176 201 4
a 176 335 3
a 177 29 9
a 178 421 7
a 179 358 1
a 180 471 1
a 180 770 8
a 180 864 4
a 181 349 3
a 181 763 6
a 182 56 10
a 182 735 9
a 183 82 7
a 183 672 9
a 183 750 9
a 184 737 8
a 185 234 9
a 185 350 9
a 186 777 1
a 186 835 5
a 186 992 1
a 187 592 6
a 188 29 4
a 188 175 10
a 189 9 10
a 190 157 5
a 191 238 4
a 191 553 9
a 192 303 5
a 192 531 2
a 193 281 9
a 193 621 8
a 193 787 4
a 194 748 3
a 195 952 1
a 196 774 10
a 196 879 5
a 197 101 9
a 197 441 7
a 197 688 3
a 198 252 1
a 198 509 6
a 199 243 6
a 200 503 6
a 201 268 9
a 201 616 10
a 202 299 8
a 202 739 5
a 203 251 7
a 203 281 4
a 203 637 4
a 203 947 7
a 204 653 5
a 205 656 5
a 206 619 5
a 207 532 6
a 207 538 10
a 207 892 4
a 208 505 1
a 209 273 1
a 209 725 9
a 210 129 4
a 211 132 5
a 212 826 3
a 213 103 2
a 213 943 4
a 214 369 8
a 214 593 10
a 215 302 2
a 216 741 5
a 217 256 9
a 217 412 7
a 217 873 5
a 218 225 5
a 218 481 3
a 218 806 3
a 219 24 8
a 219 841 2
a 220 905 5
a 221 482 1
a 221 678 1
a 221 680 3
a 222 586 6
a 222 856 5
a 223 442 5
a 223 605 7
a 224 487 8
a 224 582 1
a 225 125 3
a 225 414 8
a 225 446 7
a 226 296 4
a 226 464 9
a 227 264 6
a 227 433 2
a 227 444 5
a 228 384 2
a 228 888 9
a 229 138 1
a 229 363 10
a 229 759 7
a 229 761 5
a 229 934 3
a 230 306 8
a 230 602 4
a 230 674 5
a 230 789 10
a 231 39 8
a 231 348 8
a 231 374 3
a 231 711 7
a 232 162 6
a 232 177 6
a 233 390 10
a 233 651 10
a 233 699 2
a 234 33 3
a 234 618 9
a 234 737 10
a 235 361 10
a 235 544 3
a 236 7 10
a 237 966 7
a 238 662 9
a 239 912 4
a 240 806 7
a 240 850 6
a 241 691 6
a 241 717 7
a 241 724 6
a 242 308 8
a 242 677 3
a 242 807 7
a 242 840 1
a 243 610 1
a 243 783 5
a 243 799 6
a 243 860 4
a 244 18 3
a 244 506 5
a 245 42 7
a 245 260 7
a 246 139 1
a 247 12 10
a 248 776 10
a 249 43 8
a 249 98 1
a 250 816 3
a 250 998 6
a 251 405 4
a 252 549 9
a 253 218 4
a 254 407 8
a 255 67 10
a 255 501 6
a 255 544 10
a 255 596 9
a 256 209 9
a 256 382 4
a 256 865 5
a 257 159 3
a 258 255 3
a 258 644 5
a 259 850 1
a 260 528 6
a 260 642 4
a 261 155 8
a 261 305 3
a 262 992 9
a 263 94 10
a 263 319 4
a 264 508 3
a 264 915 1
a 265 129 2
a 265 869 7
a 266 467 2
a 266 764 9
a 266 852 2
a 267 497 6
a 268 105 4
a 268 325 3
a 268 513 8
a 268 663 5
a 269 954 10
a 270 141 5
a 270 568 6
a 270 862 5
a 271 736 7
a 271 963 3
a 272 88 8
a 272 343 6
a 272 750 8
a 273 480 4
a 274 585 5
a 274 658 8
a 274 858 8
a 275 676 6
a 275 748 6
a 276 142 10
a 276 177 8
a 276 277 5
a 276 346 8
a 277 16 3
a 277 163 8
a 277 262 1
a 277 445 5
a 278 118 7
a 279 341 7
a 279 979 3
a 280 151 6
a 280 801 3
a 280 913 8
a 281 456 4
a 281 470 6
a 281 493 6
a 281 767 6
a 282 12 6
a 282 921 9
a 283 760 4
a 284 330 6
a 285 180 9
a 286 257 10
a 287 237 2
a 287 711 7
a 288 219 10
a 288 368 10
a 289 35 3
a 289 324 2
a 289 410 5
a 290 379 8
a 290 473 3
a 291 134 2
a 291 549 3
a 292 107 6
a 292 363 4
a 293 532 8
a 294 384 1
a 294 837 4
a 295 463 5
a 295 904 6
a 296 52 3
a 297 147 7
a 297 604 8
a 298 37 6
a 298 207 4
a 298 689 10
a 299 309 10
a 300 460 6
a 300 977 1
a 301 477 5
a 301 984 3
a 302 179 3
a 302 552 9
a 303 311 3
a 304 326 2
a 304 469 6
a 304 765 3
a 305 121 2
a 305 328 8
a 306 25 1
a 306 589 1
a 307 315 1
a 308 95 3
a 308 781 5
a 309 9 7
a 310 195 6
a 310 299 10
a 310 614 10
a 311 589 4
a 311 999 4
a 312 119 7
a 313 812 10
a 314 429 9
a 314 660 4
a 314 759 7
a 315 116 8
a 316 619 2
a 317 280 3
a 318 108 2
a 318 127 7
a 318 798 9
a 319 168 8
a 319 352 8
a 319 635 6
a 320 356 1
a 320 992 3
a 321 2 1
a 322 96 3
a 322 890 3
a 323 182 3
a 323 762 1
a 323 894 10
a 324 919 9
a 324 949 2
a 324 953 3
a 325 519 3
a 325 542 8
a 326 567 2
a 326 587 7
a 326 649 6
a 327 595 8
a 327 623 10
a 328 102 7
a 328 161 6
a 329 162 9
a 330 4 4
a 331 479 2
a 332 180 4
a 332 622 7
a 333 575 5
a 334 114 3
a 334 807 1
a 335 80 8
a 335 224 3
a 335 580 5
a 336 636 5
a 337 628 1
a 338 462 9
a 338 995 10
a 339 52 5
a 339 430 9
a 339 639 3
a 339 939 1
a 339 952 4
a 340 804 9
a 341 46 7
a 341 322 3
a 342 61 4
a 343 26 6
a 343 189 10
a 344 492 3
a 345 170 6
a 345 180 2
a 345 254 5
a 345 733 9
a 345 994 3
a 346 694 8
a 346 776 5
a 347 548 7
a 348 136 1
a 348 593 5
a 348 817 9
a 349 209 8
a 349 912 6
a 350 279 8
a 350 666 8
a 350 697 5
a 350 708 9
a 351 126 7
a 351 161 10
a 351 801 3
a 352 398 2
a 352 903 4
a 353 133 2
a 353 978 10
a 354 64 7
a 355 449 7
a 355 563 7
a 355 640 8
a 355 987 2
a 356 237 4
a 357 53 2
a 357 498 10
a 358 273 9
a 359 106 9
a 359 440 8
a 360 160 7
a 360 922 8
a 361 426 8
a 361 984 6
a 362 577 9
a 362 857 1
a 363 547 9
a 364 368 10
a 364 903 2
a 364 912 10
a 365 189 2
a 366 755 9
a 366 998 9
a 367 152 4
a 368 235 5
a 368 686 2
a 369 515 5
a 369 623 9
a 369 731 8
a 370 218 1
a 371 58 5
a 371 866 9
a 372 313 10
a 373 197 10
a 373 898 4
a 374 386 9
a 374 730 4
a 375 405 10
a 376 557 6
a 376 734 1
a 377 32 9
a 377 386 1
a 377 681 3
a 377 832 4
a 378 436 7
a 379 60 9
a 379 632 8
a 379 849 2
a 379 866 7
a 380 611 7
a 380 751 2
a 380 757 3
a 381 218 2
a 381 892 10
a 382 167 8
a 382 432 9
a 382 974 6
a 383 196 4
a 383 354 1
a 384 164 7
a 384 871 4
a 385 215 1
a 385 236 5
a 385 473 2
a 386 116 4
a 387 614 1
a 388 146 7
a 388 404 1
a 388 718 5
a 388 780 2
a 389 198 9
a 390 194 2
a 391 128 6
a 392 549 3
a 393 426 10
a 394 502 2
a 394 791 6
a 395 230 3
a 395 676 5
a 395 951 1
a 396 74 10
a 397 2 10
a 397 550 6
a 398 293 10
a 398 843 8
a 399 373 4
a 399 444 5
a 399 572 3
a 399 576 4
a 400 375 1
a 400 793 6
a 401 218 1
a 402 918 3
a 403 241 5
a 403 727 1
a 403 740 5
a 403 858 4
a 404 318 4
a 404 469 3
a 404 615 5
a 405 272 4
a 405 635 1
a 406 455 2
a 406 606 5
a 406 709 9
a 407 95 10
a 407 332 8
a 407 342 6
a 407 620 6
a 408 151 7
a 409 265 4
a 409 564 3
a 410 405 3
a 410 732 8
a 411 466 4
a 411 849 1
a 412 717 5
a 412 996 6
a 413 70 2
a 414 40 1
a 414 348 7
a 415 35 9
a 415 259 1
a 416 669 8
a 417 4 1
a 417 78 7
a 418 927 7
a 418 950 1
a 419 488 5
a 419 605 3
a 420 183 1
a 420 255 5
a 420 360 1
a 421 450 3
a 421 961 2
a 422 297 5
a 422 830 7
a 423 581 9
a 424 300 5
a 424 486 10
a 425 792 2
a 425 881 3
a 426 193 3
a 426 320 10
a 427 80 6
a 428 700 2
a 429 5 3
a 429 27 2
a 429 347 5
a 430 181 3
a 430 196 7
a 430 552 7
a 430 670 1
a 431 40 8
a 431 232 9
a 431 452 6
a 432 29 3
a 432 86 9
a 432 780 10
a 432 991 2
a 433 656 8
a 434 114 10
a 435 17 4
a 435 196 4
a 435 226 3
a 435 556 2
a 435 641 1
a 435 813 4
a 436 93 3
a 437 339 10
a 437 855 4
a 437 973 10
a 438 830 7
a 439 234 1
a 439 882 4
a 440 360 1
a 440 859 2
a 441 94 1
a 441 897 10
a 442 882 2
a 443 834 5
a 444 627 5
a 444 637 6
a 444 872 7
a 445 211 3
a 445 661 2
a 445 947 8
a 446 719 2
a 447 92 7
a 447 420 5
a 447 690 3
a 448 2 7
a 448 818 2
a 448 863 6
a 449 190 6
a 449 259 3
a 450 910 8
a 450 971 9
a 451 212 1
a 451 214 1
a 451 415 4
a 451 771 4
a 452 772 8
a 452 788 2
a 453 57 10
a 454 375 8
a 455 687 1
a 456 722 6
a 456 922 3
a 457 622 1
a 458 501 9
a 458 765 2
a 459 495 1
a 459 687 3
a 459 915 10
a 460 414 3
a 460 803 7
a 461 105 6
a 461 769 6
a 461 982 4
a 462 29 9
a 462 85 2
a 462 431 7
a 463 369 10
a 463 643 8
a 464 188 2
a 465 367 2
a 465 870 4
a 466 444 7
a 467 121 1
a 467 530 1
a 467 860 7
a 468 248 4
a 468 415 6
a 469 167 2
a 469 695 5
a 469 724 4
a 470 56 10
a 470 202 10
a 471 67 10
a 472 876 9
a 473 874 5
a 474 91 5
a 474 217 5
a 474 504 1
a 475 263 9
a 475 934 9
a 476 97 9
a 476 740 3
a 477 172 8
a 478 296 4
a 478 511 10
a 478 737 3
a 479 299 10
a 479 915 3
a 480 339 1
a 481 728 3
a 482 348 6
a 482 682 6
a 483 178 8
a 483 193 6
a 483 624 3
a 484 137 7
a 484 359 9
a 484 798 7
a 485 596 2
a 486 364 2
a 486 757 2
a 486 938 8
a 487 863 5
a 487 999 9
a 488 151 2
a 488 594 6
a 489 659 9
a 489 677 2
a 490 461 2
a 490 725 9
a 490 972 10
a 491 388 9
a 491 464 2
a 492 21 1
a 492 225 5
a 493 437 2
a 493 459 6
a 494 480 4
a 495 284 2
a 495 347 7
a 496 276 3
a 497 839 10
a 498 193 9
a 498 441 8
a 499 577 4
a 500 239 7
a 500 257 7
a 500 357 1
a 500 810 2
a 501 328 10
a 502 486 8
a 502 944 1
a 503 436 10
a 503 961 1
a 504 125 5
a 504 411 7
a 505 571 7
a 505 606 6
a 505 713 5
a 505 758 2
a 505 787 4
a 506 457 5
a 506 531 8
a 506 544 2
a 507 956 5
a 508 289 7
a 508 627 7
a 509 994 9
a 510 76 5
a 511 794 8
a 512 321 5
a 512 419 9
a 512 987 4
a 513 384 8
a 513 811 4
a 513 919 7
a 514 901 9
a 514 942 4
a 515 304 4
a 516 605 4
a 516 616 8
a 517 50 5
a 517 893 4
a 517 980 6
a 518 580 6
a 519 28 2
a 519 622 5
a 519 993 10
a 520 509 5
a 521 762 9
a 522 761 8
a 523 476 9
a 523 653 2
a 524 64 9
a 524 285 5
a 525 341 6
a 526 22 6
a 526 856 7
a 526 995 9
a 527 90 8
a 527 291 9
a 527 489 8
a 527 668 8
a 528 683 9
a 528 685 5
a 528 809 6
a 528 834 1
a 529 11 8
a 529 582 1
a 530 823 3
a 531 102 6
a 531 434 1
a 531 652 2
a 531 890 10
a 532 375 4
a 532 874 5
a 532 914 6
a 533 240 8
a 533 334 8
a 533 953 3
a 534 258 6
a 535 853 1
a 536 1000 6
a 537 372 7
a 537 408 1
a 537 895 3
a 538 692 10
a 539 12 6
a 539 516 1
a 540 749 8
a 541 389 3
a 541 415 5
a 541 694 5
a 542 558 8
a 543 118 7
a 543 280 2
a 543 446 10
a 544 22 1
a 545 562 1
a 546 981 6
a 547 662 3
a 548 335 3
a 548 383 8
a 548 647 9
a 549 430 5
a 550 600 10
a 550 775 5
a 551 777 6
a 551 830 2
a 551 869 7
a 552 555 3
a 553 490 6
a 553 572 4
a 553 590 9
a 553 628 10
a 553 822 4
a 554 157 10
a 554 327 7
a 555 113 9
a 556 112 5
a 556 545 6
a 556 546 10
a 556 655 9
a 557 338 1
a 558 849 7
a 559 223 8
a 559 956 7
a 560 137 10
a 560 728 3
a 560 860 1
a 561 213 2
a 562 26 9
a 562 65 10
a 563 85 5
a 563 180 4
a 563 764 2
a 563 876 2
a 564 333 10
a 564 726 9
a 564 850 2
a 565 307 5
a 565 675 10
a 565 775 2
a 566 213 5
a 566 562 6
a 567 819 4
a 568 613 8
a 568 925 8
a 569 78 2
a 569 654 1
a 569 753 9
a 569 941 3
a 570 162 1
a 570 719 8
a 571 425 4
a 571 582 4
a 572 173 1
a 572 278 8
a 572 977 8
a 573 479 10
a 573 744 2
a 573 956 1
a 574 81 10
a 574 200 7
a 574 472 7
a 574 597 1
a 574 634 2
a 575 204 9
a 575 316 7
a 575 399 8
a 575 885 8
a 576 98 1
a 576 293 8
a 576 715 3
a 577 353 4
a 577 598 8
a 578 209 8
a 578 376 3
a 579 650 7
a 579 676 8
a 579 884 9
a 579 981 7
a 580 194 2
a 580 270 3
a 581 38 6
a 581 497 3
a 582 346 7
a 582 730 6
a 583 233 9
a 583 258 10
a 584 172 1
a 585 105 2
a 585 150 9
a 585 555 3
a 586 667 7
a 586 766 6
a 586 808 8
a 587 130 1
a 587 483 8
a 587 966 3
a 588 60 3
a 588 231 6
a 588 358 7
a 588 466 9
a 589 192 3
a 590 353 1
a 590 424 5
a 590 583 6
a 591 265 3
a 592 728 6
a 593 153 8
a 593 941 2
a 594 578 10
a 594 958 1
a 595 122 3
a 596 42 3
a 596 716 10
a 597 91 1
a 597 792 6
a 598 605 4
a 599 27 4
a 599 55 10
a 599 266 5
a 600 286 5
a 600 488 5
a 601 822 2
a 602 194 7
a 602 311 8
a 602 529 3
a 602 825 8
a 603 62 7
a 603 140 6
a 604 306 9
a 605 257 9
a 605 266 4
a 605 485 1
a 605 833 2
a 606 510 4
a 607 374 2
a 607 720 1
a 608 845 3
a 609 475 8
a 610 518 5
a 610 656 8
a 610 665 1
a 610 754 5
a 610 854 7
a 611 34 1
a 612 889 9
a 613 70 2
a 613 94 5
a 614 585 5
a 614 930 5
a 614 954 6
a 614 983 4
a 615 157 1
a 616 817 9
a 617 795 9
a 618 272 1
a 618 990 9
a 619 432 4
a 619 690 5
a 620 519 6
a 620 601 10
a 621 59 8
a 621 169 10
a 621 470 2
a 621 635 2
a 622 693 10
a 622 825 8
a 623 191 8
a 623 716 7
a 624 845 10
a 624 962 1
a 625 210 4
a 626 907 3
a 627 295 5
a 627 395 9
a 627 504 6
a 627 792 1
a 627 814 4
a 628 456 8
a 629 303 7
a 630 49 7
a 630 173 7
a 631 35 9
a 631 362 3
a 632 683 2
a 633 102 5
a 633 551 7
a 634 601 6
a 635 831 8
a 636 590 1
a 637 249 10
a 637 819 7
a 637 853 7
a 638 15 10
a 638 945 1
a 639 259 2
a 639 285 4
a 639 537 2
a 640 155 6
a 640 165 5
a 641 247 9
a 641 607 6
a 642 222 9
a 642 765 2
a 643 180 6
a 643 370 1
a 644 92 8
a 644 778 9
a 645 75 7
a 645 378 5
a 645 411 6
a 645 957 7
a 646 243 5
a 646 773 1
a 647 292 10
a 647 878 8
a 648 501 6
a 648 502 8
a 649 439 7
a 650 206 1
a 651 48 4
a 651 598 10
a 652 9 10
a 652 160 5
a 652 551 5
a 653 403 7
a 653 737 9
a 653 940 10
a 654 14 9
a 654 62 6
a 655 992 6
a 656 482 2
a 656 789 2
a 657 72 9
a 657 485 8
a 658 5 5
a 659 656 9
a 660 2 10
a 661 381 9
a 661 536 9
a 662 100 3
a 662 700 9
a 662 743 8
a 663 998 6
a 664 721 4
a 665 484 5
a 665 562 6
a 666 475 7
a 667 397 2
a 667 929 1
a 668 287 8
a 668 402 3
a 669 10 1
a 669 185 1
a 669 350 8
a 669 438 8
a 670 95 3
a 671 421 10
a 671 545 3
a 672 799 9
a 673 51 7
a 673 667 7
a 674 558 6
a 674 673 1
a 674 723 1
a 675 315 9
a 675 904 1
a 676 939 6
a 677 543 3
a 677 645 3
a 677 734 4
a 677 786 8
a 678 554 3
a 679 238 9
a 680 365 3
a 680 442 2
a 680 524 6
a 680 698 10
a 681 176 7
a 681 738 8
a 681 900 7
a 682 327 6
a 683 69 9
a 684 241 5
a 684 699 4
a 685 325 8
a 686 2 9
a 686 336 10
a 687 30 1
a 687 759 8
a 687 997 5
a 688 451 3
a 688 582 7
a 689 13 3
a 689 203 1
a 689 349 7
a 689 566 9
a 690 251 4
a 691 15 6
a 691 447 9
a 691 991 2
a 692 437 5
a 692 937 9
a 693 41 4
a 693 372 8
a 693 482 9
a 693 534 3
a 694 964 1
a 694 969 8
a 695 110 2
a 695 407 2
a 695 523 2
a 696 36 6
a 696 746 7
a 696 923 4
a 697 344 10
a 698 111 9
a 698 405 8
a 698 554 7
a 698 911 9
a 699 958 3
a 700 483 6
a 700 800 2
a 701 366 2
a 702 243 2
a 702 938 8
a 703 64 1
a 704 478 8
a 704 829 10
a 705 120 8
a 705 763 4
a 706 226 1
a 706 877 2
a 707 611 1
a 707 641 4
a 708 200 1
a 709 237 10
a 709 437 9
a 709 917 6
a 710 92 2
a 710 227 4
a 710 299 9
a 711 901 6
a 712 888 2
a 713 491 10
a 713 699 5
a 714 530 9
a 715 609 6
a 715 842 2
a 716 297 8
a 717 310 9
a 717 433 1
a 718 30 9
a 719 913 3
a 720 47 1
a 720 128 1
a 720 358 5
a 721 61 1
a 722 880 2
a 722 956 3
a 723 54 8
a 723 940 1
a 724 275 8
a 724 969 3
a 725 189 7
a 725 707 1
a 725 731 4
a 726 638 1
a 727 138 7
a 727 540 10
a 728 282 9
a 728 575 3
a 729 261 1
a 730 474 7
a 731 323 5
a 731 331 9
a 731 538 10
a 732 321 2
a 733 6 5
a 734 144 5
a 734 574 6
a 735 21 4
a 736 108 10
a 737 158 5
a 737 549 7
a 738 122 9
a 739 109 3
a 739 411 9
a 739 568 7
a 740 222 7
a 741 445 3
a 741 455 3
a 742 100 7
a 742 149 6
a 742 337 10
a 742 648 9
a 743 941 3
a 744 649 9
a 745 788 2
a 746 585 9
a 747 250 6
a 747 317 4
a 747 581 9
a 747 592 6
a 747 793 8
a 748 877 1
a 748 921 10
a 749 723 8
a 750 217 5
a 751 409 2
a 751 457 5
a 751 484 4
a 751 527 8
a 752 208 7
a 752 277 4
a 753 983 7
a 754 504 5
a 755 500 5
a 756 277 6
a 757 862 9
a 758 187 4
a 758 222 8
a 759 827 9
a 760 159 4
a 760 245 8
a 760 793 2
a 761 533 3
a 761 792 8
a 762 603 5
a 762 756 9
a 763 772 3
a 764 179 9
a 764 252 1
a 765 344 6
a 765 800 1
a 766 138 8
a 767 452 8
a 768 214 1
a 769 3 1
a 769 959 8
a 770 537 3
a 771 510 2
a 771 743 2
a 772 314 4
a 772 526 4
a 773 341 1
a 773 463 9
a 773 911 10
a 773 948 2
a 774 46 8
a 774 970 10
a 775 142 5
a 775 517 9
a 775 532 6
a 776 259 10
a 776 729 9
a 777 528 5
a 778 312 2
a 778 706 10
a 778 709 7
a 779 672 5
a 779 850 8
a 780 581 8
a 781 490 7
a 781 607 7
a 781 779 2
a 781 889 3
a 782 661 5
a 783 74 1
a 783 288 5
a 784 143 2
a 785 292 7
a 785 592 2
a 786 267 2
a 786 346 1
a 787 267 10
a 788 20 7
a 788 839 7
a 788 969 3
a 789 450 4
a 790 186 9
a 790 497 4
a 790 924 8
a 791 307 2
a 791 963 9
a 792 301 3
a 793 779 3
a 794 270 10
a 794 579 9
a 794 599 7
a 795 14 6
a 796 119 8
a 796 358 6
a 796 646 4
a 797 218 9
a 797 401 5
a 797 968 7
a 798 786 1
a 799 480 10
a 799 529 9
a 799 692 7
a 800 79 5
a 801 851 9
a 802 132 8
a 802 398 4
a 802 503 7
a 803 230 3
a 804 656 6
a 805 439 2
a 806 247 3
a 807 367 3
a 807 521 9
a 808 401 3
a 809 210 9
a 809 372 5
a 809 887 2
a 810 685 1
a 811 212 2
a 812 130 1
a 812 172 6
a 812 496 8
a 812 547 8
a 813 802 9
a 814 116 1
a 814 475 3
a 814 813 5
a 815 104 7
a 815 185 10
a 815 433 8
a 815 630 10
a 816 76 6
a 816 522 2
a 816 932 3
a 816 975 1
a 817 315 5
a 817 523 4
a 818 283 8
a 818 930 5
a 819 290 5
a 819 438 8
a 819 620 9
a 819 642 5
a 819 793 10
a 820 679 5
a 820 998 6
a 821 561 8
a 822 558 10
a 823 273 1
a 823 586 7
a 823 897 4
a 823 1000 2
a 824 997 5
a 825 313 3
a 825 430 5
a 826 188 10
a 826 701 1
a 827 167 1
a 827 559 10
a 827 772 3
a 828 222 8
a 829 701 4
a 830 37 7
a 830 143 2
a 830 152 9
a 830 573 5
a 831 416 3
a 832 375 5
a 832 468 10
a 832 931 7
a 833 33 7
a 833 453 5
a 834 8 1
a 834 968 1
a 835 355 7
a 835 872 10
a 836 508 5
a 836 680 6
a 837 438 2
a 838 512 5
a 838 591 2
a 839 590 3
a 840 387 9
a 840 802 8
a 840 936 9
a 841 833 4
a 842 9 7
a 842 669 8
a 843 249 10
a 844 434 4
a 844 782 3
a 844 826 10
a 845 45 9
a 845 272 3
a 845 815 8
a 846 574 3
a 846 778 5
a 847 356 6
a 848 137 4
a 848 909 5
a 849 338 1
a 850 809 4
a 850 875 7
a 851 110 10
a 851 636 6
a 852 546 6
a 853 980 3
a 854 658 1
a 855 300 5
a 855 335 6
a 855 455 2
a 855 497 8
a 856 116 5
a 857 523 9
a 858 79 9
a 858 568 1
a 858 855 4
a 859 212 7
a 860 244 1
a 860 672 2
a 861 115 2
a 861 216 7
a 862 31 9
a 862 131 6
a 862 646 2
a 863 7 5
a 863 40 1
a 863 44 3
a 863 176 7
a 864 840 10
a 865 170 2
a 865 499 6
a 866 523 4
a 867 113 3
a 867 178 7
a 867 237 4
a 867 933 10
a 868 584 3
a 868 790 8
a 868 865 9
a 869 61 8
a 869 503 8
a 870 992 4
a 871 402 9
a 872 123 3
a 872 377 2
a 872 451 6
a 872 551 2
a 873 229 4
a 873 301 10
a 873 617 7
a 873 958 8
a 874 509 1
a 875 118 2
a 875 428 10
a 876 238 7
a 876 661 9
a 877 824 5
a 878 449 3
a 878 697 9
a 878 701 8
a 879 901 4
a 880 542 3
a 880 941 2
a 881 818 1
a 882 328 6
a 882 512 6
a 883 220 5
a 883 587 1
a 883 593 2
a 884 346 3
a 884 898 2
a 885 704 2
a 886 619 4
a 886 710 10
a 886 795 2
a 886 881 1
a 887 252 8
a 887 899 1
a 888 560 6
a 888 814 9
a 889 208 6
a 889 520 7
a 890 148 7
a 890 351 6
a 890 847 1
a 891 66 6
a 891 582 9
a 892 882 1
a 892 985 2
a 893 504 7
a 894 526 8
a 894 902 3
a 895 171 7
a 895 714 7
a 896 164 9
a 896 951 2
a 897 778 9
a 897 816 1
a 898 506 4
a 899 51 6
a 899 56 5
a 899 205 6
a 899 485 10
a 900 192 6
a 900 520 2
a 900 638 7
a 901 249 3
a 901 602 3
a 902 328 10
a 902 399 4
a 903 423 8
a 904 574 1
a 905 598 6
a 906 6 4
a 906 276 7
a 906 379 10
a 906 867 2
a 907 514 9
a 908 585 1
a 908 608 8
a 908 894 8
a 909 153 3
a 909 246 6
a 909 869 6
a 910 57 9
a 910 977 9
a 911 423 5
a 911 605 6
a 912 61 1
a 913 219 6
a 913 843 10
a 913 858 9
a 914 183 5
a 915 184 8
a 915 225 5
a 916 111 2
a 916 307 2
a 916 366 3
a 916 986 9
a 917 15 7
a 917 529 2
a 917 710 7
a 918 493 4
a 919 422 9
a 919 465 9
a 919 484 10
a 919 901 7
a 919 955 3
a 920 536 10
a 920 616 9
a 921 126 5
a 921 918 1
a 922 172 6
a 922 291 5
a 922 886 4
a 922 893 3
a 923 649 6
a 924 630 10
a 924 984 8
a 925 243 5
a 926 156 3
a 926 217 2
a 926 456 1
a 927 936 7
a 928 567 1
a 929 221 3
a 929 802 10
a 930 731 9
a 930 950 8
a 931 330 4
a 931 500 8
a 931 520 2
a 931 823 5
a 932 216 3
a 932 686 8
a 932 871 2
a 933 235 8
a 933 521 5
a 934 354 9
a 934 721 6
a 934 859 3
a 935 99 1
a 935 124 9
a 935 358 3
a 936 2 7
a 936 260 4
a 936 526 3
a 937 676 3
a 938 13 8
a 938 57 7
a 938 770 2
a 938 906 9
a 939 409 5
a 940 274 9
a 940 403 7
a 940 905 9
a 941 609 1
a 941 938 3
a 942 185 8
a 943 232 2
a 944 281 4
a 945 111 5
a 945 988 5
a 946 84 3
a 946 612 8
a 946 851 1
a 947 204 8
a 948 93 10
a 948 284 10
a 948 371 2
a 949 562 1
a 950 339 9
a 951 231 8
a 951 928 10
a 951 946 1
a 952 574 10
a 953 565 10
a 953 973 10
a 954 448 1
a 954 521 7
a 955 406 7
a 955 856 4
a 956 616 8
a 957 272 7
a 957 862 8
a 957 875 1
a 958 919 3
a 959 966 2
a 960 921 1
a 961 175 5
a 961 321 7
a 961 510 10
a 962 728 9
a 963 160 9
a 963 201 4
a 963 416 3
a 963 707 6
a 963 840 10
a 964 17 10
a 965 702 1
a 965 971 8
a 966 613 4
a 966 804 3
a 967 152 6
a 968 406 2
a 969 681 3
a 969 800 7
a 970 754 3
a 970 891 8
a 971 138 2
a 971 652 6
a 971 989 2
a 972 534 8
a 973 854 4
a 974 333 2
a 974 696 5
a 975 105 9
a 975 439 3
a 975 841 1
a 976 13 5
a 976 149 3
a 977 34 5
a 977 101 3
a 977 794 7
a 978 351 3
a 978 704 10
a 979 36 3
a 979 65 7
a 980 190 2
a 980 760 7
a 981 982 7
a 982 242 7
a 982 327 9
a 982 712 1
a 982 838 8
a 983 626 8
a 983 781 3
a 983 846 7
a 984 221 8
a 984 304 6
a 984 561 8
a 984 582 4
a 985 691 8
a 986 329 6
a 986 588 8
a 986 907 8
a 987 392 7
a 988 412 10
a 989 134 5
a 989 433 1
a 990 35 9
a 990 970 9
a 990 1000 7
a 991 986 10
a 992 77 10
a 992 712 1
a 993 33 8
a 993 782 2
a 994 73 4
a 994 290 9
a 995 194 2
a 995 546 3
a 996 83 10
a 997 391 7
a 997 465 1
a 998 253 1
a 999 71 2
a 999 338 7
a 999 875 3
a 999 887 5
