p max 1000 2000
n 1 s
n 1000 t
a 1 873 9
a 2 511 10
a 2 623 6
a 3 472 7
a 4 186 9
a 4 520 10
a 4 569 5
a 5 651 1
a 6 79 6
a 7 254 10
a 7 477 3
a 8 91 4
a 9 70 5
a 9 409 2
a 10 772 3
a 10 874 5
a 10 975 2
a 11 441 4
a 11 963 9
a 12 447 4
a 12 848 3
a 12 879 8
a 13 378 8
a 13 418 10
a 14 174 8
a 15 480 6
a 15 750 9
a 15 776 5
a 16 145 4
a 17 348 6
a 17 698 4
a 17 911 8
a 18 309 1
a 18 360 8
a 19 114 5
a 19 181 10
a 19 728 6
a 19 931 1
a 20 7 7
a 20 792 5
a 21 763 3
a 22 837 4
a 23 535 5
a 23 595 5
a 24 598 8
a 24 882 4
a 25 124 7
a 25 514 8
a 25 811 2
a 26 764 4
a 27 430 8
a 27 896 4
a 27 995 6
a 27 998 1
a 28 144 5
a 29 419 1
a 29 729 10
a 29 907 1
a 29 927 9
a 30 199 8
a 31 521 9
a 31 836 4
a 31 869 3
a 32 5 2
a 33 119 7
a 33 764 3
a 33 866 7
a 34 169 7
a 34 687 9
a 35 637 4
a 36 437 5
a 36 640 5
a 37 452 4
a 38 392 2
a 38 589 6
a 39 98 7
a 39 547 6
a 40 161 10
a 40 742 4
a 41 832 9
a 42 551 8
a 42 902 4
a 43 770 9
a 44 34 7
a 44 398 3
a 45 159 6
a 45 444 9
a 46 630 10
a 46 790 9
a 47 374 3
a 48 129 10
a 48 502 1
a 49 263 8
a 50 491 10
a 50 558 6
a 51 284 3
a 52 73 5
a 52 709 5
a 53 498 3
a 54 634 3
a 54 639 1
a 54 851 7
a 55 657 10
a 56 201 6
a 56 945 5
a 57 599 6
a 57 645 2
a 57 709 3
a 57 777 9
a 57 903 6
a 57 912 6
a 58 122 9
a 58 926 7
a 59 955 7
a 60 350 1
a 60 571 6
a 60 700 7
a 61 287 9
a 62 59 1
a 62 226 8
a 63 334 5
a 63 586 8
a 64 126 3
a 64 184 4
a 64 946 1
a 65 201 5
a 65 424 1
a 65 587 7
a 66 914 9
a 67 34 3
a 67 779 2
a 67 791 6
a 68 643 7
a 69 121 5
a 70 824 8
a 70 846 6
a 71 432 9
a 71 762 5
a 71 993 8
a 72 229 9
a 72 644 5
a 73 924 4
a 74 152 2
a 75 324 5
a 76 952 7
a 77 371 5
a 77 741 9
a 78 626 5
a 79 11 7
a 79 47 1
a 79 234 3
a 79 990 10
a 80 301 9
a 80 323 6
a 80 682 7
a 80 852 8
a 81 142 7
a 82 473 2
a 82 879 7
a 83 56 2
a 84 372 5
a 85 116 2
a 85 280 3
a 85 497 6
a 85 631 4
a 86 574 5
a 87 206 8
a 87 494 2
a 87 528 8
a 87 816 9
a 88 31 6
a 89 226 8
a 90 423 2
a 90 493 10
a 90 846 2
a 91 562 2
a 91 630 1
a 91 676 7
a 91 944 10
a 92 554 1
a 92 880 8
a 93 533 4
a 94 459 6
a 94 802 10
a 95 400 9
a 95 596 10
a 95 624 3
a 95 677 8
a 96 228 7
a 96 628 2
a 97 79 10
a 97 389 4
a 97 614 2
a 98 364 4
a 98 817 4
a 99 188 8
a 99 256 5
a 99 420 10
a 100 422 9
a 101 15 7
a 101 740 3
a 102 473 1
a 102 718 10
a 103 862 5
a 104 786 6
a 105 439 1
a 106 6 9
a 106 192 3
a 106 827 10
a 106 892 6
a 107 96 7
a 107 910 4
a 108 89 2
a 109 48 8
a 109 629 4
a 109 769 8
a 110 641 8
a 111 660 9
a 111 701 9
a 111 895 2
a 112 837 5
a 113 682 4
a 114 877 7
a 115 150 3
a 115 484 7
a 115 765 6
a 116 160 6
a 116 220 6
a 116 306 8
a 117 23 7
a 117 169 3
a 117 330 1
a 117 770 4
a 118 31 8
a 118 187 10
a 119 553 9
a 119 820 7
a 120 330 5
a 120 905 1
a 121 469 1
a 121 528 10
a 122 128 6
a 122 255 1
a 122 341 3
a 123 37 4
a 124 86 10
a 124 484 5
a 125 42 3
a 125 669 10
a 125 815 6
a 126 577 6
a 127 832 7
a 128 50 10
a 128 148 3
a 128 545 9
a 129 855 1
a 130 335 5
a 131 587 1
a 132 44 8
a 132 531 7
a 132 584 5
a 133 136 1
a 133 761 5
a 134 912 1
a 135 468 2
a 135 807 1
a 136 8 1
a 136 567 10
a 136 928 8
a 137 803 6
a 138 216 8
a 139 681 3
a 139 736 7
a 140 63 1
a 140 112 2
a 140 368 3
a 141 311 10
a 142 394 10
a 142 402 5
a 142 648 3
a 143 109 8
a 143 463 1
a 144 65 7
a 144 866 6
a 144 923 7
a 145 893 10
a 146 85 5
a 146 173 2
a 146 305 6
a 147 110 1
a 147 282 4
a 147 532 5
a 147 539 4
a 148 75 5
a 148 485 5
a 148 973 2
a 149 892 4
a 150 570 7
a 150 651 8
a 150 798 6
a 151 476 1
a 151 538 6
a 151 559 3
a 151 865 4
a 152 67 3
a 152 495 9
a 153 679 7
a 154 40 8
a 154 190 8
a 154 747 3
a 154 994 8
a 155 465 5
a 156 412 3
a 156 528 6
a 157 702 1
a 158 108 2
a 158 440 4
a 158 672 5
a 159 805 7
a 160 5 6
a 160 990 9
a 161 263 2
a 161 873 4
a 162 489 1
a 163 84 4
a 164 366 1
a 165 787 9
a 165 992 10
a 166 309 5
a 167 770 9
a 168 283 5
a 169 757 6
a 170 164 7
a 170 437 1
a 171 297 8
a 171 663 2
a 172 459 8
a 172 472 5
a 173 508 8
a 174 492 3
a 175 814 10
a 176 88 8
a 176 473 9
a 177 312 9
a 177 795 1
a 178 215 9
a 179 8 9
a 180 597 3
a 180 811 1
a 181 382 2
a 181 805 2
a 182 367 7
a 182 456 6
a 182 678 6
a 183 220 1
a 183 258 2
a 183 951 8
a 184 442 4
a 184 933 3
a 185 876 3
a 186 555 6
a 186 569 7
a 186 696 3
a 187 212 10
a 187 915 4
a 188 366 8
a 188 854 1
a 189 694 1
a 190 560 4
a 191 179 10
a 191 883 1
a 192 275 9
a 193 662 6
a 193 749 6
a 194 254 9
a 194 279 10
a 194 687 7
a 194 834 8
a 195 227 8
a 195 606 5
a 195 748 3
a 195 970 9
a 196 167 5
a 196 415 10
a 197 508 9
a 197 964 2
a 198 610 3
a 198 632 5
a 198 962 4
a 199 29 5
a 199 510 9
a 200 19 4
a 200 235 5
a 201 713 6
a 201 850 3
a 202 239 6
a 202 406 6
a 203 68 9
a 203 283 9
a 203 370 9
a 204 267 5
a 204 517 9
a 204 889 3
a 205 231 2
a 205 276 3
a 205 404 7
a 206 173 10
a 207 266 3
a 208 417 3
a 209 222 10
a 209 775 7
a 209 901 9
a 210 839 7
a 211 410 3
a 212 380 1
a 212 617 5
a 213 324 1
a 213 836 8
a 213 899 7
a 214 282 1
a 215 362 4
a 215 452 2
a 215 916 6
a 216 566 9
a 217 803 2
a 218 307 2
a 218 453 7
a 219 326 3
a 219 681 8
a 220 529 10
a 221 67 9
a 221 198 5
a 221 216 5
a 221 422 3
a 222 275 6
a 222 457 5
a 223 5 9
a 223 246 5
a 223 436 10
a 224 417 9
a 224 668 7
a 225 315 8
a 225 721 4
a 226 72 3
a 226 587 7
a 227 47 6
a 228 4 7
a 228 806 3
a 229 529 9
a 229 653 10
a 230 728 6
a 231 271 5
a 231 562 5
a 232 364 10
a 232 443 9
a 232 511 5
a 233 428 7
a 233 574 4
a 234 169 2
a 235 183 6
a 235 843 9
a 236 434 10
a 236 617 2
a 236 641 10
a 236 694 7
a 237 341 10
a 237 492 10
a 238 571 6
a 239 791 2
a 240 216 4
a 240 625 6
a 241 97 7
a 241 141 4
a 241 214 5
a 241 918 9
a 242 354 1
a 242 758 6
a 243 780 10
a 244 105 8
a 244 454 10
a 244 764 3
a 245 146 9
a 245 209 8
a 245 244 9
a 245 653 6
a 246 759 1
a 246 962 8
a 247 984 1
a 248 302 6
a 248 346 7
a 249 443 6
a 250 893 9
a 251 277 6
a 251 786 1
a 252 827 10
a 253 577 10
a 253 719 4
a 254 57 6
a 254 226 8
a 254 303 2
a 255 28 5
a 255 102 2
a 256 813 6
a 256 881 1
a 257 165 5
a 257 732 4
a 258 425 10
a 259 90 5
a 259 485 4
a 260 85 7
a 260 168 6
a 261 601 10
a 261 745 10
a 262 461 6
a 262 947 7
a 262 973 10
a 263 335 4
a 263 767 3
a 263 842 9
a 264 208 4
a 265 589 10
a 266 27 10
a 266 85 2
a 266 476 8
a 267 252 5
a 267 259 4
a 268 117 6
a 268 431 4
a 269 482 4
a 269 786 5
a 270 126 10
a 270 152 6
a 270 309 4
a 271 553 2
a 271 623 7
a 272 137 10
a 272 181 7
a 273 39 5
a 273 573 7
a 274 4 7
a 275 510 7
a 275 523 1
a 275 585 4
a 276 536 1
a 276 993 8
a 277 510 3
a 277 722 6
a 278 282 4
a 278 536 2
a 278 620 4
a 279 578 9
a 280 78 9
a 280 753 1
a 280 822 8
a 280 919 2
a 281 191 10
a 281 626 10
a 281 977 7
a 282 527 1
a 283 394 7
a 284 245 4
a 285 104 10
a 285 221 9
a 285 320 8
a 286 166 7
a 286 837 1
a 287 30 5
a 287 109 8
a 288 30 10
a 289 299 4
a 289 784 4
a 290 697 7
a 290 956 4
a 291 880 6
a 292 296 5
a 292 749 2
a 293 413 1
a 293 976 1
a 294 690 1
a 295 53 9
a 296 314 7
a 296 353 7
a 296 814 5
a 296 970 10
a 297 360 5
a 298 195 7
a 299 125 1
a 299 219 8
a 300 276 5
a 301 216 7
a 301 594 8
a 302 94 7
a 302 429 8
a 303 233 9
a 303 490 4
a 304 919 9
a 305 216 4
a 306 487 5
a 306 532 3
a 307 230 8
a 307 471 10
a 307 879 7
a 307 906 9
a 308 958 7
a 309 83 3
a 309 224 4
a 310 668 4
a 310 725 5
a 311 85 1
a 311 636 8
a 311 926 3
a 312 347 5
a 312 537 4
a 313 240 10
a 313 910 3
a 314 138 6
a 314 295 7
a 314 525 6
a 315 508 4
a 316 828 7
a 316 887 9
a 317 32 6
a 318 169 3
a 318 339 8
a 319 132 1
a 319 235 4
a 320 727 7
a 320 769 2
a 320 850 3
a 320 962 6
a 321 140 9
a 322 35 6
a 322 802 8
a 323 272 7
a 324 74 7
a 325 514 6
a 326 208 1
a 326 430 8
a 327 433 10
a 327 674 6
a 327 778 9
a 328 499 10
a 329 224 6
a 329 260 1
a 330 526 5
a 330 797 1
a 331 284 2
a 331 588 3
a 331 1000 3
a 332 303 9
a 333 250 9
a 333 504 9
a 334 243 4
a 334 328 9
a 334 347 9
a 334 735 5
a 335 527 7
a 336 500 2
a 336 730 4
a 337 38 1
a 337 374 2
a 337 924 5
a 338 199 1
a 339 428 7
a 340 149 3
a 341 142 7
a 342 125 10
a 342 560 7
a 342 956 10
a 343 462 5
a 343 821 2
a 343 948 1
a 344 253 1
a 344 744 9
a 345 35 2
a 345 243 5
a 346 17 2
a 346 643 9
a 347 32 5
a 347 247 10
a 347 348 4
a 347 858 2
a 347 948 9
a 348 7 3
a 348 944 9
a 348 945 5
a 349 401 7
a 349 580 10
a 350 220 5
a 350 221 5
a 350 766 7
a 351 291 9
a 351 358 2
a 351 457 8
a 351 878 6
a 351 900 2
a 352 78 4
a 352 141 9
a 352 368 4
a 352 586 6
a 353 66 3
a 353 835 5
a 354 419 3
a 355 24 10
a 355 527 4
a 355 742 5
a 356 560 7
a 356 654 1
a 357 361 9
a 357 864 6
a 358 879 10
a 359 160 4
a 359 922 2
a 360 891 5
a 361 597 2
a 362 135 3
a 362 263 3
a 362 314 4
a 362 410 6
a 363 669 4
a 364 935 5
a 365 195 4
a 366 466 5
a 366 981 1
a 367 407 8
a 368 756 5
a 368 780 7
a 368 982 10
a 369 490 3
a 370 509 4
a 370 879 7
a 371 619 10
a 372 351 6
a 373 460 2
a 373 622 4
a 373 803 10
a 374 259 7
a 374 708 6
a 374 829 6
a 375 66 10
a 376 698 3
a 377 75 8
a 377 561 5
a 377 572 6
a 378 349 6
a 378 827 4
a 379 146 7
a 379 415 8
a 380 163 7
a 381 316 10
a 382 102 5
a 383 705 2
a 383 989 1
a 384 66 3
a 384 230 2
a 384 427 6
a 384 612 10
a 385 830 5
a 386 471 9
a 387 414 9
a 387 482 2
a 388 13 10
a 388 14 2
a 388 269 3
a 388 849 7
a 388 851 4
a 389 505 4
a 389 801 8
a 389 967 6
a 390 725 3
a 391 123 3
a 392 196 2
a 392 366 3
a 393 645 3
a 394 392 7
a 394 688 6
a 395 607 6
a 395 838 1
a 395 899 5
a 395 965 6
a 396 2 7
a 396 470 10
a 396 743 3
a 396 972 10
a 397 134 2
a 397 177 6
a 397 882 10
a 398 385 7
a 399 46 8
a 399 474 4
a 399 592 3
a 399 857 10
a 400 359 2
a 400 593 6
a 401 154 2
a 401 363 3
a 401 475 8
a 402 833 7
a 403 182 5
a 403 446 2
a 403 516 9
a 403 832 7
a 404 261 2
a 404 740 9
a 405 313 4
a 405 798 2
a 405 905 2
a 406 506 7
a 407 71 9
a 408 565 1
a 408 661 8
a 409 552 9
a 409 624 9
a 410 757 8
a 410 939 9
a 411 388 3
a 411 706 6
a 412 242 4
a 412 731 3
a 413 106 4
a 413 153 2
a 413 268 5
a 413 465 8
a 413 656 1
a 414 399 8
a 414 733 3
a 415 33 3
a 415 809 3
a 416 785 9
a 416 991 4
a 417 142 2
a 417 852 5
a 418 134 1
a 419 442 8
a 419 785 4
a 420 696 9
a 421 506 6
a 421 773 2
a 422 381 6
a 422 568 8
a 422 749 8
a 423 937 8
a 423 945 4
a 424 626 3
a 425 629 4
a 425 828 7
a 426 8 10
a 426 289 5
a 427 21 1
a 427 120 2
a 427 194 9
a 427 287 10
a 428 504 7
a 428 819 2
a 428 821 6
a 429 143 2
a 429 623 3
a 429 878 5
a 430 138 8
a 430 336 6
a 430 655 5
a 430 813 1
a 431 70 8
a 431 102 5
a 432 74 7
a 432 413 8
a 432 575 3
a 432 614 8
a 433 403 7
a 433 498 8
a 433 507 7
a 433 707 5
a 434 542 9
a 435 743 6
a 436 245 1
a 436 449 4
a 436 601 9
a 436 605 2
a 437 197 10
a 437 667 4
a 438 240 2
a 438 799 8
a 439 827 6
a 439 942 8
a 440 436 2
a 440 969 6
a 441 151 5
a 441 266 9
a 441 331 2
a 442 621 5
a 442 662 5
a 443 213 9
a 443 256 6
a 444 205 9
a 444 659 3
a 445 345 1
a 445 379 6
a 446 126 10
a 447 468 7
a 447 629 10
a 448 3 6
a 448 398 5
a 448 711 1
a 449 438 1
a 449 686 10
a 449 732 4
a 450 310 3
a 451 778 8
a 451 904 7
a 452 515 1
a 453 743 2
a 453 998 9
a 454 770 3
a 455 610 7
a 455 809 5
a 456 752 4
a 457 20 10
a 458 591 7
a 458 920 4
a 458 938 7
a 459 791 7
a 460 476 6
a 461 375 2
a 461 467 3
a 461 719 10
a 461 997 3
a 462 494 2
a 463 438 7
a 464 233 3
a 464 354 5
a 464 671 10
a 464 897 10
a 465 236 2
a 466 760 8
a 466 833 4
a 467 162 3
a 467 221 2
a 467 321 1
a 467 403 7
a 467 426 3
a 467 443 6
a 468 370 4
a 469 408 3
a 469 724 9
a 469 962 6
a 470 724 1
a 471 51 5
a 472 16 10
a 472 684 8
a 473 123 5
a 473 171 10
a 473 521 5
a 473 541 6
a 473 805 8
a 474 439 10
a 474 450 9
a 474 582 9
a 474 640 7
a 474 971 7
a 475 253 8
a 475 366 1
a 476 265 9
a 476 830 4
a 476 974 2
a 477 185 1
a 477 588 8
a 478 10 8
a 478 113 3
a 478 128 9
a 478 295 6
a 478 734 4
a 479 261 4
a 479 631 5
a 480 513 5
a 480 629 2
a 480 950 2
a 481 247 5
a 481 876 8
a 481 916 6
a 482 14 5
a 482 542 5
a 483 761 7
a 483 866 10
a 484 130 9
a 484 369 2
a 485 623 2
a 485 932 4
a 486 665 2
a 487 60 7
a 487 278 4
a 487 884 5
a 488 535 6
a 488 784 6
a 489 566 8
a 490 384 7
a 490 706 10
a 490 842 2
a 490 996 2
a 491 642 6
a 492 601 3
a 492 864 1
a 492 876 2
a 493 921 10
a 494 179 5
a 495 351 8
a 495 852 9
a 496 25 8
a 496 137 7
a 497 392 6
a 497 967 6
a 498 149 6
a 498 546 8
a 499 398 3
a 499 914 5
a 500 111 10
a 500 260 3
a 500 717 2
a 500 889 9
a 501 564 9
a 501 649 1
a 502 16 2
a 503 422 1
a 503 927 10
a 504 212 9
a 504 946 2
a 505 194 8
a 505 964 9
a 506 131 9
a 506 964 6
a 507 64 7
a 507 692 7
a 507 733 9
a 507 944 10
a 508 327 5
a 508 491 4
a 508 642 1
a 508 986 1
a 509 655 9
a 509 751 2
a 509 756 8
a 509 955 5
a 510 356 9
a 510 505 10
a 511 810 7
a 512 23 8
a 513 60 1
a 513 763 7
a 514 230 3
a 514 978 2
a 515 199 2
a 515 264 1
a 515 668 6
a 515 985 9
a 516 190 4
a 517 853 6
a 518 14 6
a 519 582 8
a 520 429 9
a 520 729 9
a 520 752 9
a 520 870 10
a 520 901 9
a 521 984 1
a 522 303 2
a 523 343 5
a 523 877 7
a 524 691 10
a 524 749 10
a 525 103 9
a 525 293 3
a 525 483 1
a 526 867 6
a 527 211 5
a 527 755 10
a 528 10 1
a 528 355 8
a 528 984 1
a 529 77 3
a 529 241 7
a 530 114 4
a 530 489 9
a 530 953 9
a 531 840 7
a 531 877 7
a 532 373 1
a 532 913 2
a 533 257 4
a 533 519 7
a 533 649 8
a 534 669 4
a 535 956 10
a 536 741 10
a 536 804 6
a 537 20 3
a 537 136 7
a 537 187 9
a 537 617 9
a 538 481 7
a 538 679 3
a 538 952 9
a 539 74 6
a 539 223 7
a 539 334 9
a 540 565 4
a 540 907 5
a 541 341 3
a 542 92 8
a 542 191 5
a 543 149 7
a 544 344 3
a 544 553 9
a 545 544 6
a 545 559 10
a 546 470 4
a 546 721 10
a 547 189 5
a 547 593 4
a 547 855 4
a 548 14 4
a 548 530 6
a 549 56 10
a 549 90 2
a 550 627 3
a 551 808 5
a 551 948 4
a 552 44 2
a 553 88 10
a 553 857 7
a 554 401 2
a 554 516 9
a 555 2 2
a 556 91 10
a 556 682 2
a 557 327 7
a 558 53 7
a 558 588 9
a 559 465 5
a 559 595 8
a 560 32 9
a 560 197 1
a 561 106 8
a 562 821 10
a 563 61 3
a 563 478 4
a 563 957 2
a 564 358 8
a 565 415 10
a 565 640 7
a 565 987 9
a 566 720 3
a 567 252 7
a 567 273 5
a 568 496 1
a 568 604 7
a 569 189 1
a 569 203 1
a 570 51 8
a 570 351 3
a 570 396 10
a 571 129 4
a 571 251 1
a 571 257 5
a 571 619 1
a 571 793 9
a 572 319 5
a 572 357 3
a 572 900 4
a 573 318 3
a 573 683 1
a 574 25 10
a 575 286 5
a 576 144 6
a 576 193 3
a 576 867 7
a 577 94 8
a 578 117 2
a 578 350 2
a 578 886 10
a 578 983 10
a 579 411 7
a 579 492 1
a 580 680 7
a 581 383 8
a 581 560 7
a 582 464 4
a 583 406 5
a 583 481 5
a 583 637 9
a 584 947 7
a 585 176 1
a 586 422 5
a 587 129 8
a 588 609 7
a 589 870 5
a 590 606 2
a 590 641 3
a 591 178 7
a 591 369 5
a 591 771 4
a 592 514 3
a 593 191 10
a 593 756 2
a 594 117 5
a 594 774 6
a 594 979 4
a 595 572 4
a 596 537 2
a 597 355 7
a 597 478 4
a 597 959 8
a 598 672 7
a 599 41 5
a 599 172 1
a 599 391 2
a 599 872 2
a 599 988 6
a 600 684 6
a 600 878 9
a 601 326 4
a 602 748 3
a 603 237 4
a 603 283 7
a 603 984 5
a 604 486 3
a 605 157 5
a 606 310 1
a 606 519 3
a 606 556 9
a 606 861 1
a 607 448 5
a 608 127 3
a 608 329 2
a 609 91 3
a 609 158 2
a 609 859 3
a 610 249 4
a 610 624 4
a 611 358 5
a 612 70 9
a 612 393 10
a 612 550 4
a 612 761 9
a 613 489 4
a 614 78 5
a 614 823 6
a 615 129 10
a 616 667 4
a 616 783 9
a 617 55 7
a 617 587 8
a 618 881 10
a 619 593 1
a 619 688 3
a 619 968 1
a 619 1000 5
a 620 252 4
a 621 624 9
a 621 788 2
a 622 333 2
a 622 961 1
a 623 8 6
a 624 656 9
a 625 328 6
a 626 565 8
a 627 897 6
a 628 489 9
a 629 311 3
a 629 317 9
a 629 374 1
a 629 615 7
a 629 660 9
a 629 812 6
a 630 773 7
a 631 329 4
a 631 360 1
a 631 518 8
a 632 167 3
a 632 831 1
a 632 952 10
a 633 796 10
a 634 213 9
a 634 233 7
a 634 443 7
a 634 650 1
a 635 532 3
a 635 595 4
a 635 704 3
a 635 747 5
a 635 890 8
a 636 439 9
a 636 466 1
a 636 789 8
a 636 794 5
a 637 52 10
a 637 723 10
a 637 847 8
a 637 977 4
a 638 44 9
a 638 709 5
a 638 751 6
a 638 926 4
a 639 62 8
a 639 128 10
a 640 853 10
a 641 665 2
a 642 148 6
a 643 391 10
a 644 454 1
a 644 579 3
a 645 166 4
a 645 308 1
a 645 445 4
a 645 975 4
a 646 668 8
a 646 997 6
a 647 76 6
a 647 377 2
a 647 481 6
a 648 680 2
a 648 962 7
a 649 657 2
a 650 316 1
a 651 67 1
a 651 618 9
a 652 287 10
a 653 111 8
a 653 161 2
a 654 783 6
a 655 215 6
a 655 218 1
a 655 755 10
a 656 140 1
a 656 238 1
a 656 741 4
a 657 38 8
a 657 42 3
a 657 134 4
a 658 2 2
a 659 866 6
a 660 812 9
a 661 508 4
a 661 547 5
a 662 265 8
a 662 345 6
a 662 739 3
a 662 826 1
a 663 585 4
a 663 678 7
a 664 217 6
a 664 359 4
a 665 343 2
a 665 600 3
a 665 868 2
a 666 425 2
a 666 810 8
a 666 878 10
a 667 87 8
a 667 581 3
a 667 645 9
a 668 818 1
a 668 915 7
a 669 154 7
a 669 912 2
a 670 90 7
a 670 473 7
a 670 658 6
a 671 126 9
a 671 317 8
a 672 329 4
a 672 566 6
a 673 275 4
a 673 898 7
a 674 49 5
a 674 716 7
a 674 763 7
a 675 588 8
a 675 871 7
a 676 746 1
a 676 940 9
a 677 2 7
a 677 320 5
a 678 542 8
a 678 633 4
a 678 737 4
a 678 800 7
a 678 801 1
a 679 660 8
a 679 726 4
a 680 307 5
a 680 316 1
a 681 370 4
a 681 885 10
a 682 253 7
a 682 678 4
a 683 78 8
a 684 180 10
a 684 714 3
a 684 989 3
a 685 879 4
a 686 252 8
a 686 332 5
a 687 115 2
a 688 390 4
a 688 764 7
a 689 35 10
a 689 491 7
a 690 309 4
a 690 384 10
a 690 576 7
a 690 943 9
a 691 448 5
a 691 846 10
a 691 876 7
a 692 148 9
a 692 804 6
a 693 395 9
a 693 501 10
a 693 891 1
a 694 678 3
a 694 714 4
a 694 960 9
a 695 121 10
a 695 265 3
a 696 3 3
a 697 202 10
a 697 386 3
a 697 859 1
a 698 296 8
a 699 608 8
a 699 622 4
a 700 278 6
a 700 382 10
a 701 242 5
a 701 597 6
a 702 441 4
a 702 495 1
a 702 675 4
a 702 695 2
a 702 754 1
a 702 810 3
a 703 549 1
a 704 768 10
a 704 958 2
a 705 664 9
a 706 672 7
a 706 849 7
a 707 398 10
a 707 933 8
a 708 596 7
a 709 590 8
a 710 81 3
a 710 223 3
a 711 68 5
a 711 101 6
a 711 816 9
a 712 465 4
a 712 693 2
a 712 905 10
a 712 969 7
a 713 339 1
a 714 133 3
a 714 844 2
a 714 867 5
a 715 854 1
a 716 42 4
a 717 714 8
a 718 772 4
a 719 372 7
a 719 455 2
a 719 499 7
a 719 862 6
a 720 995 4
a 721 702 6
a 721 849 6
a 722 248 10
a 722 259 5
a 722 556 4
a 723 125 6
a 723 236 5
a 723 539 4
a 724 88 10
a 724 574 6
a 724 811 10
a 725 342 5
a 725 406 6
a 726 144 9
a 727 298 3
a 727 491 1
a 728 463 2
a 729 192 7
a 729 563 2
a 730 365 6
a 730 910 6
a 731 201 9
a 732 37 3
a 732 320 7
a 733 479 8
a 733 853 4
a 734 512 2
a 734 955 7
a 735 169 3
a 736 457 8
a 736 838 1
a 737 715 9
a 738 117 4
a 738 157 8
a 738 423 6
a 739 942 6
a 740 132 1
a 741 235 10
a 741 290 10
a 742 107 3
a 742 567 6
a 742 708 3
a 743 635 7
a 743 889 2
a 744 832 8
a 745 317 7
a 746 783 8
a 746 839 9
a 747 433 3
a 747 646 3
a 747 648 5
a 748 151 1
a 748 854 1
a 749 188 10
a 750 28 4
a 750 519 2
a 751 380 2
a 752 39 3
a 752 753 2
a 753 759 2
a 754 99 3
a 754 185 7
a 754 225 2
a 755 586 10
a 756 160 10
a 757 12 10
a 757 844 2
a 758 272 3
a 758 616 8
a 759 139 1
a 759 142 5
a 760 743 8
a 761 520 3
a 761 883 1
a 762 304 5
a 763 469 2
a 764 286 5
a 764 387 3
a 765 272 4
a 765 597 5
a 765 722 5
a 765 902 10
a 766 376 1
a 767 82 10
a 767 96 9
a 767 664 3
a 768 84 1
a 768 109 7
a 768 533 10
a 768 627 1
a 768 720 7
a 769 173 6
a 770 337 1
a 770 501 8
a 770 673 8
a 771 691 2
a 771 960 3
a 772 123 5
a 773 513 9
a 774 304 10
a 774 352 7
a 774 710 8
a 775 220 9
a 775 405 6
a 776 867 2
a 777 130 9
a 777 182 9
a 778 379 6
a 778 669 2
a 779 889 3
a 780 151 7
a 780 688 7
a 781 681 2
a 781 725 10
a 782 652 6
a 782 898 2
a 783 527 2
a 784 200 7
a 784 885 1
a 785 280 3
a 786 106 6
a 786 929 3
a 787 300 10
a 787 562 10
a 788 751 4
a 789 128 9
a 789 690 3
a 790 985 7
a 791 409 7
a 791 797 5
a 792 8 9
a 792 69 7
a 792 421 6
a 792 438 1
a 793 554 3
a 794 522 4
a 794 838 3
a 795 276 5
a 795 863 2
a 796 155 10
a 796 935 1
a 797 17 8
a 797 340 9
a 797 866 9
a 797 880 7
a 798 55 1
a 798 395 7
a 798 712 8
a 799 316 10
a 800 890 4
a 801 548 9
a 801 935 7
a 802 464 10
a 803 26 7
a 803 770 3
a 803 862 4
a 804 566 3
a 805 59 4
a 806 5 1
a 806 231 5
a 807 273 1
a 807 303 8
a 808 221 5
a 808 233 1
a 808 628 5
a 809 953 1
a 810 615 3
a 811 305 7
a 811 486 2
a 812 794 8
a 813 77 2
a 814 638 4
a 814 715 1
a 814 720 8
a 815 911 8
a 816 993 2
a 817 53 3
a 817 207 10
a 817 1000 7
a 818 80 8
a 818 716 8
a 819 182 1
a 820 80 3
a 820 281 10
a 821 12 3
a 821 378 7
a 821 506 9
a 821 684 7
a 822 195 7
a 822 216 10
a 822 755 10
a 823 493 2
a 824 645 9
a 825 629 10
a 826 50 3
a 826 699 3
a 827 342 7
a 828 69 4
a 829 163 5
a 829 849 7
a 830 416 4
a 830 670 8
a 830 914 6
a 831 563 9
a 832 308 4
a 832 591 10
a 833 370 9
a 834 3 7
a 835 324 5
a 835 860 8
a 835 949 10
a 836 435 6
a 836 900 10
a 837 972 4
a 838 333 10
a 838 594 7
a 838 884 2
a 839 398 9
a 840 292 10
a 840 728 2
a 841 546 9
a 841 843 7
a 842 75 10
a 843 701 8
a 844 831 4
a 845 547 4
a 845 738 9
a 846 918 6
a 847 105 5
a 847 176 5
a 847 549 6
a 847 711 10
a 848 710 9
a 848 988 3
a 849 315 10
a 849 923 2
a 850 262 4
a 850 546 7
a 851 154 10
a 851 666 4
a 852 506 2
a 853 76 2
a 853 308 1
a 854 296 10
a 855 20 4
a 856 611 8
a 856 926 10
a 857 391 10
a 858 37 7
a 858 627 3
a 859 543 2
a 859 790 4
a 860 609 7
a 861 3 7
a 861 966 5
a 862 114 10
a 862 672 7
a 863 277 2
a 863 549 4
a 864 685 2
a 864 703 2
a 864 833 5
a 865 232 9
a 865 310 4
a 865 407 9
a 865 635 8
a 866 371 5
a 867 336 7
a 868 613 3
a 868 771 6
a 869 388 10
a 870 82 10
a 870 318 6
a 870 590 4
a 870 863 6
a 871 4 4
a 871 433 9
a 872 370 2
a 872 580 8
a 872 796 3
a 872 917 5
a 873 468 10
a 874 113 2
a 874 451 1
a 875 463 1
a 875 941 1
a 876 32 10
a 877 299 10
a 878 659 6
a 879 204 6
a 879 874 6
a 880 71 7
a 880 97 8
a 880 615 7
a 881 282 9
a 881 360 4
a 881 608 8
a 882 365 3
a 882 757 2
a 883 15 5
a 883 893 4
a 884 118 10
a 884 635 8
a 884 657 4
a 885 222 5
a 886 95 9
a 886 285 9
a 886 648 1
a 887 509 1
a 888 36 6
a 888 212 2
a 888 488 3
a 888 540 5
a 889 247 10
a 890 463 6
a 890 980 7
a 891 288 8
a 892 13 6
a 892 496 4
a 893 744 5
a 894 195 5
a 895 58 7
a 895 86 4
a 895 583 1
a 895 782 3
a 895 973 3
a 896 338 6
a 896 687 9
a 897 298 2
a 898 308 7
a 898 517 3
a 898 689 6
a 899 145 1
a 899 469 2
a 900 151 1
a 900 174 2
a 900 397 2
a 901 18 6
a 901 316 4
a 902 892 10
a 903 756 2
a 904 437 3
a 904 856 6
a 905 139 4
a 905 692 5
a 905 875 7
a 906 294 10
a 907 115 1
a 908 390 6
a 908 954 8
a 909 810 8
a 910 147 6
a 910 285 7
a 910 346 3
a 910 503 6
a 911 242 3
a 911 603 2
a 912 155 9
a 912 760 3
a 912 787 10
a 913 602 2
a 913 790 5
a 914 210 1
a 914 582 4
a 915 710 4
a 915 714 6
a 916 156 3
a 916 701 2
a 916 746 5
a 916 853 4
a 917 801 5
a 918 286 10
a 919 829 1
a 920 274 2
a 920 385 1
a 920 841 6
a 921 22 6
a 921 659 9
a 921 991 10
a 922 663 1
a 922 742 5
a 923 939 8
a 924 325 8
a 924 699 3
a 925 797 8
a 925 908 3
a 926 803 7
a 926 921 4
a 927 622 6
a 928 793 2
a 929 54 1
a 929 568 10
a 930 198 3
a 931 572 2
a 931 888 5
a 931 936 8
a 932 566 1
a 932 644 3
a 933 322 5
a 933 790 2
a 934 125 7
a 934 295 1
a 935 731 5
a 935 787 6
a 936 733 8
a 936 930 9
a 937 929 10
a 938 596 4
a 938 632 10
a 939 461 4
a 940 52 1
a 941 376 2
a 941 775 3
a 942 527 10
a 943 798 1
a 944 503 3
a 945 638 2
a 946 246 5
a 946 368 10
a 946 665 9
a 946 825 10
a 947 829 6
a 948 21 9
a 948 503 2
a 949 132 6
a 949 352 7
a 950 695 8
a 951 9 3
a 951 641 1
a 952 149 6
a 952 524 5
a 952 552 4
a 953 15 8
a 953 16 1
a 953 306 8
a 953 845 1
a 954 772 8
a 955 968 5
a 956 654 3
a 957 115 7
a 957 852 2
a 958 510 3
a 959 464 7
a 959 500 1
a 959 589 6
a 960 295 8
a 960 999 5
a 961 669 9
a 962 49 6
a 963 89 9
a 963 795 9
a 963 840 9
a 964 956 4
a 965 647 4
a 965 696 10
a 965 892 8
a 965 909 9
a 966 43 9
a 966 175 6
a 966 975 9
a 967 609 3
a 968 387 8
a 968 444 8
a 968 958 10
a 969 515 2
a 969 748 2
a 970 952 8
a 971 231 8
a 971 563 6
a 971 913 3
a 972 270 2
a 973 453 5
a 973 519 2
a 974 76 7
a 974 89 4
a 975 50 8
a 975 294 1
a 975 534 3
a 975 971 4
a 976 264 2
a 976 291 8
a 976 578 7
a 976 925 5
a 977 100 8
a 977 288 10
a 977 292 1
a 977 356 10
a 978 45 7
a 978 101 8
a 978 480 9
a 978 781 5
a 978 841 6
a 979 967 10
a 980 93 9
a 980 255 3
a 980 624 6
a 981 64 5
a 981 77 6
a 981 371 2
a 982 270 6
a 982 790 4
a 982 818 3
a 983 493 9
a 984 656 6
a 985 387 1
a 985 786 8
a 985 934 6
a 986 526 5
a 987 648 6
a 988 559 9
a 989 618 9
a 990 42 10
a 991 732 3
a 991 894 1
a 992 323 2
a 993 430 3
a 993 472 5
a 994 362 3
a 994 456 8
a 995 183 7
a 996 194 7
a 996 557 1
a 996 795 8
a 997 458 10
a 997 932 8
a 998 718 9
a 999 170 3
a 999 975 1
