p max 200 400
n 1 s
n 200 t
a 1 191 9
a 2 94 8
a 2 115 3
a 2 122 7
a 2 186 2
a 3 23 9
a 3 126 5
a 4 117 5
a 4 169 4
a 5 128 5
a 5 190 8
a 6 12 3
a 6 58 2
a 6 64 5
a 6 76 1
a 6 160 6
a 7 59 6
a 7 191 3
a 8 167 3
a 9 8 6
a 10 15 8
a 10 94 1
a 10 146 4
a 11 71 9
a 11 80 10
a 12 93 5
a 13 158 2
a 14 49 10
a 14 157 6
a 15 52 8
a 15 61 9
a 15 80 2
a 16 34 8
a 16 196 4
a 16 200 4
a 17 164 10
a 17 165 3
a 18 17 6
a 18 60 7
a 18 172 2
a 19 137 3
a 20 13 7
a 20 195 3
a 21 24 1
a 21 51 3
a 22 73 10
a 22 152 3
a 23 14 2
a 23 155 1
a 24 38 3
a 25 6 2
a 25 101 6
a 26 140 10
a 27 118 9
a 27 145 2
a 28 5 1
a 28 48 7
a 28 111 4
a 29 73 1
a 29 96 4
a 30 87 10
a 30 196 10
a 31 23 3
a 31 82 10
a 32 113 3
a 32 184 6
a 32 188 5
a 33 97 5
a 34 138 3
a 34 195 3
a 35 106 9
a 35 141 7
a 36 106 8
a 37 108 2
a 37 110 2
a 38 27 9
a 38 172 6
a 38 187 4
a 39 36 2
a 40 141 8
a 41 75 10
a 41 191 5
a 42 13 9
a 42 19 7
a 43 85 1
a 43 170 5
a 43 181 10
a 44 126 7
a 45 78 3
a 45 192 5
a 45 195 9
a 46 162 6
a 46 163 1
a 47 85 6
a 47 165 1
a 48 33 9
a 48 150 1
a 49 35 3
a 50 125 5
a 50 160 4
a 51 35 9
a 51 36 8
a 51 74 9
a 51 103 8
a 51 121 6
a 51 173 6
a 52 92 5
a 52 117 9
a 52 158 6
a 53 13 10
a 53 132 5
a 54 7 3
a 54 78 6
a 54 89 2
a 55 43 8
a 56 160 2
a 56 171 2
a 56 198 1
a 57 80 7
a 57 87 2
a 58 4 7
a 59 48 2
a 59 149 6
a 60 23 5
a 60 26 6
a 60 38 5
a 61 138 6
a 61 166 1
a 62 66 9
a 63 101 5
a 63 171 10
a 64 194 6
a 65 10 2
a 66 2 1
a 66 5 2
a 66 29 10
a 67 79 4
a 67 80 5
a 68 75 1
a 68 79 5
a 68 130 10
a 68 139 1
a 69 3 1
a 69 184 3
a 70 4 4
a 70 32 6
a 70 75 7
a 70 151 6
a 71 133 2
a 72 95 3
a 72 97 5
a 73 196 7
a 74 39 2
a 75 199 6
a 76 119 1
a 76 167 1
a 77 27 4
a 78 100 4
a 78 133 10
a 79 66 10
a 79 113 8
a 80 110 6
a 80 197 2
a 81 120 7
a 81 164 9
a 81 189 9
a 82 97 1
a 83 116 10
a 84 63 1
a 84 159 1
a 85 67 10
a 86 44 3
a 86 139 1
a 87 50 3
a 87 72 6
a 87 140 7
a 88 155 8
a 88 184 7
a 89 46 2
a 89 91 4
a 89 110 1
a 90 65 7
a 90 179 3
a 91 151 9
a 92 111 5
a 93 9 7
a 93 86 8
a 93 105 1
a 94 43 10
a 94 164 1
a 95 56 5
a 95 142 5
a 95 178 1
a 96 102 3
a 97 48 7
a 98 114 9
a 99 29 1
a 99 126 4
a 100 40 10
a 100 127 10
a 100 138 1
a 101 53 6
a 101 81 5
a 101 168 1
a 101 169 2
a 102 145 2
a 102 159 1
a 103 172 6
a 104 142 6
a 105 119 8
a 106 162 5
a 106 176 8
a 107 16 7
a 107 57 1
a 107 152 10
a 107 164 8
a 108 75 2
a 109 22 1
a 109 60 10
a 109 100 1
a 110 116 5
a 110 169 7
a 111 20 8
a 111 143 2
a 112 27 4
a 113 89 5
a 113 90 5
a 113 116 3
a 114 42 3
a 114 136 7
a 114 157 8
a 115 8 10
a 115 67 3
a 116 21 2
a 116 33 6
a 116 88 3
a 117 78 9
a 118 55 2
a 118 59 1
a 118 77 6
a 119 11 6
a 120 119 10
a 120 128 10
a 120 182 1
a 121 75 3
a 122 72 7
a 122 88 2
a 123 43 1
a 123 124 4
a 123 154 8
a 124 25 8
a 124 80 5
a 124 175 7
a 125 54 5
a 125 98 7
a 126 105 7
a 126 156 8
a 127 160 2
a 128 74 8
a 128 187 8
a 128 195 1
a 129 10 5
a 129 28 4
a 129 200 3
a 130 112 5
a 130 122 4
a 130 147 5
a 130 151 2
a 131 160 10
a 132 93 4
a 132 99 7
a 132 102 5
a 132 180 4
a 133 109 3
a 133 136 7
a 134 24 10
a 134 141 6
a 135 78 8
a 136 10 1
a 136 12 8
a 136 155 4
a 137 41 8
a 137 71 7
a 137 162 3
a 138 27 9
a 139 37 6
a 139 67 1
a 140 22 5
a 141 18 4
a 141 99 10
a 142 69 9
a 142 93 6
a 143 89 5
a 144 77 2
a 145 171 3
a 146 108 6
a 147 181 3
a 148 32 4
a 148 47 3
a 148 166 8
a 149 160 9
a 149 199 2
a 150 89 6
a 150 104 3
a 151 181 5
a 151 189 2
a 152 19 5
a 152 144 1
a 152 193 1
a 153 84 8
a 153 159 9
a 154 60 2
a 155 13 2
a 155 21 5
a 156 70 10
a 156 150 1
a 157 77 2
a 157 161 10
a 158 60 5
a 158 83 6
a 158 185 3
a 159 23 2
a 159 106 10
a 159 131 1
a 160 8 5
a 160 40 3
a 161 53 10
a 161 68 5
a 162 30 1
a 163 53 5
a 163 129 3
a 163 134 5
a 164 157 7
a 164 178 1
a 164 194 5
a 165 96 8
a 166 3 6
a 167 116 6
a 168 106 7
a 168 137 8
a 169 45 10
a 169 135 4
a 170 33 8
a 170 179 7
a 171 34 3
a 172 29 7
a 172 62 7
a 173 107 10
a 173 111 6
a 173 178 3
a 174 40 8
a 175 11 5
a 175 148 3
a 175 193 7
a 176 45 6
a 176 174 9
a 177 122 3
a 177 183 1
a 178 54 7
a 178 64 10
a 178 153 4
a 179 54 10
a 180 39 1
a 180 45 10
a 180 77 9
a 181 128 10
a 181 169 3
a 182 84 4
a 182 139 4
a 183 33 3
a 184 91 9
a 184 114 8
a 185 131 7
a 186 55 6
a 187 153 5
a 188 12 1
a 189 20 1
a 189 24 4
a 189 156 5
a 189 197 10
a 190 108 8
a 191 18 10
a 191 30 8
a 191 31 2
a 191 59 2
a 191 115 6
a 192 27 9
a 192 177 10
a 193 28 10
a 193 123 5
a 194 72 3
a 195 105 10
a 195 109 5
a 196 46 8
a 196 95 6
a 197 47 9
a 197 171 4
a 198 174 2
a 198 193 6
a 199 165 6
