p max 200 400
n 1 s
n 200 t
a 1 52 3
a 1 104 2
a 2 115 10
a 2 118 6
a 3 20 4
a 3 118 2
a 3 125 2
a 3 175 10
a 4 62 9
a 4 69 7
a 5 31 3
a 5 136 7
a 6 136 3
a 7 196 7
a 8 61 9
a 8 139 9
a 9 164 5
a 10 57 1
a 10 79 8
a 10 97 4
a 10 195 1
a 11 39 4
a 11 47 1
a 11 113 1
a 11 176 5
a 12 10 8
a 12 97 3
a 12 138 4
a 12 159 7
a 13 149 2
a 14 177 10
a 15 62 6
a 16 46 5
a 16 130 6
a 17 146 3
a 18 63 9
a 18 149 7
a 19 142 7
a 20 161 1
a 20 169 3
a 20 195 9
a 21 119 5
a 21 160 6
a 22 8 7
a 22 18 5
a 22 38 10
a 22 53 5
a 23 118 8
a 24 62 10
a 24 174 8
a 25 26 3
a 26 16 5
a 26 68 9
a 27 9 6
a 27 99 5
a 28 197 1
a 29 80 3
a 29 127 4
a 30 154 5
a 30 166 6
a 31 59 4
a 31 149 8
a 32 109 6
a 33 125 3
a 33 130 1
a 33 146 6
a 33 196 1
a 34 36 4
a 34 70 6
a 34 102 5
a 34 106 8
a 35 185 1
a 36 39 3
a 36 94 8
a 37 96 7
a 38 153 4
a 39 56 6
a 39 131 9
a 40 132 1
a 41 172 10
a 42 161 1
a 43 21 9
a 43 104 3
a 43 156 1
a 44 112 2
a 45 55 7
a 46 6 4
a 46 123 1
a 47 165 5
a 47 167 6
a 47 180 9
a 48 110 3
a 49 86 1
a 49 191 7
a 50 15 8
a 50 65 6
a 51 44 6
a 51 139 5
a 52 12 1
a 52 88 10
a 53 11 9
a 54 191 4
a 55 161 6
a 55 199 3
a 56 95 2
a 56 157 2
a 57 105 8
a 57 139 8
a 58 67 10
a 58 122 4
a 58 134 4
a 59 75 7
a 59 116 5
a 60 11 5
a 61 12 4
a 61 106 4
a 62 92 3
a 63 6 9
a 64 77 10
a 64 153 5
a 64 170 4
a 65 16 2
a 65 22 6
a 66 88 7
a 66 121 4
a 67 41 2
a 68 126 1
a 68 159 3
a 69 162 9
a 69 170 8
a 70 6 7
a 70 197 5
a 71 54 2
a 71 92 9
a 71 187 8
a 72 73 7
a 73 182 10
a 73 184 5
a 74 90 8
a 74 134 1
a 74 191 10
a 75 31 3
a 75 50 8
a 75 183 2
a 76 22 10
a 76 128 5
a 76 190 8
a 77 115 9
a 77 130 5
a 78 196 9
a 79 25 9
a 79 104 9
a 80 14 3
a 80 74 1
a 81 97 10
a 82 7 6
a 82 59 3
a 82 107 4
a 82 141 4
a 83 33 2
a 84 157 3
a 84 184 6
a 85 26 4
a 85 111 8
a 85 195 4
a 86 109 9
a 86 120 10
a 87 92 4
a 88 34 4
a 88 103 8
a 89 2 8
a 90 68 2
a 91 6 2
a 91 35 4
a 91 87 1
a 91 148 6
a 91 179 7
a 92 11 10
a 92 122 6
a 93 9 10
a 93 129 5
a 93 183 10
a 94 18 4
a 94 91 9
a 95 3 4
a 95 36 10
a 95 49 4
a 95 97 10
a 96 33 1
a 96 35 7
a 97 132 9
a 97 189 1
a 98 32 10
a 98 37 3
a 99 38 9
a 99 176 2
a 100 104 8
a 100 173 2
a 100 176 5
a 101 84 2
a 101 198 2
a 102 21 6
a 103 124 8
a 104 6 2
a 104 172 3
a 105 145 7
a 106 19 2
a 106 169 4
a 107 17 7
a 107 98 10
a 107 198 10
a 108 11 2
a 108 114 6
a 108 151 8
a 109 33 4
a 109 188 4
a 110 70 3
a 111 10 7
a 111 44 9
a 111 65 5
a 112 24 3
a 112 75 1
a 112 81 3
a 113 34 6
a 113 60 9
a 114 41 7
a 114 71 1
a 115 45 9
a 115 66 10
a 115 152 2
a 115 183 7
a 116 98 9
a 117 55 6
a 118 26 1
a 118 34 8
a 118 135 1
a 119 44 5
a 119 56 8
a 120 68 2
a 120 177 3
a 121 5 9
a 121 27 10
a 121 188 10
a 122 119 6
a 123 22 9
a 124 110 8
a 125 152 1
a 125 188 1
a 126 69 6
a 126 185 2
a 127 59 7
a 127 153 4
a 127 168 7
a 128 148 4
a 129 117 2
a 129 119 10
a 129 151 1
a 129 164 10
a 130 40 10
a 130 41 1
a 130 86 2
a 131 117 4
a 131 167 10
a 132 192 9
a 133 28 10
a 133 78 10
a 134 16 10
a 135 165 1
a 136 25 4
a 136 100 3
a 136 127 7
a 136 191 5
a 137 3 3
a 138 54 2
a 138 200 9
a 139 5 9
a 140 30 10
a 140 186 4
a 141 194 5
a 142 23 3
a 142 179 3
a 143 111 10
a 143 186 5
a 144 29 10
a 144 58 3
a 145 93 8
a 145 163 8
a 146 60 2
a 147 9 3
a 147 11 5
a 147 45 5
a 147 182 3
a 148 83 7
a 148 112 6
a 149 62 3
a 149 142 7
a 149 191 8
a 150 76 9
a 150 85 2
a 150 110 1
a 151 150 7
a 152 137 7
a 152 143 9
a 152 179 8
a 153 13 9
a 153 108 8
a 154 107 6
a 154 155 8
a 155 12 7
a 155 200 7
a 156 74 10
a 156 158 6
a 157 29 1
a 157 101 3
a 158 29 1
a 158 169 6
a 158 181 10
a 159 97 8
a 160 58 2
a 161 132 4
a 161 150 1
a 161 162 2
a 162 25 1
a 162 28 4
a 162 96 3
a 163 77 6
a 163 143 9
a 164 2 7
a 164 51 8
a 164 89 8
a 165 112 7
a 165 128 1
a 165 132 7
a 166 39 3
a 166 116 6
a 166 124 2
a 167 80 8
a 168 120 4
a 169 121 2
a 170 31 7
a 170 42 3
a 171 73 3
a 171 84 6
a 172 64 7
a 172 181 3
a 173 76 4
a 173 133 5
a 174 4 10
a 175 19 5
a 175 85 9
a 176 18 3
a 177 94 3
a 178 71 7
a 179 100 9
a 180 10 3
a 181 72 5
a 181 85 8
a 182 178 6
a 182 180 4
a 183 37 7
a 183 84 2
a 184 109 4
a 184 154 10
a 185 14 8
a 185 98 8
a 185 163 5
a 186 82 5
a 186 99 4
a 187 48 4
a 187 54 5
a 187 109 1
a 187 120 6
a 187 171 1
a 188 13 6
a 188 156 3
a 188 194 5
a 189 45 10
a 189 55 4
a 190 141 4
a 191 159 5
a 191 192 3
a 192 106 8
a 192 139 2
a 192 140 2
a 193 124 10
a 194 29 5
a 194 160 2
a 195 4 8
a 195 89 4
a 195 173 8
a 196 20 9
a 196 43 6
a 196 144 3
a 197 56 7
a 197 145 8
a 198 138 6
a 198 147 8
a 199 98 3
a 199 161 3
a 199 193 7
