p max 200 400
n 1 s
n 200 t
a 1 135 8
a 2 181 5
a 3 180 6
a 3 188 2
a 4 51 3
a 4 147 10
a 5 14 7
a 5 19 2
a 6 18 2
a 7 157 3
a 7 186 7
a 8 102 3
a 8 165 6
a 9 43 10
a 9 171 3
a 10 22 10
a 10 137 10
a 10 184 3
a 11 6 9
a 11 56 4
a 11 64 1
a 11 181 2
a 11 197 3
a 12 5 8
a 12 103 9
a 12 104 5
a 13 65 1
a 13 79 5
a 13 87 7
a 13 154 8
a 13 172 2
a 14 167 9
a 15 13 2
a 15 70 2
a 16 130 3
a 16 167 8
a 17 38 10
a 17 45 3
a 17 87 8
a 18 80 1
a 19 38 5
a 20 140 7
a 21 65 8
a 22 2 5
a 23 72 3
a 23 163 6
a 24 169 1
a 25 15 5
a 25 26 6
a 26 53 10
a 26 81 4
a 27 102 8
a 28 44 9
a 28 48 8
a 29 40 10
a 29 59 9
a 29 67 1
a 29 71 4
a 29 113 4
a 29 141 2
a 29 189 2
a 30 25 9
a 30 114 3
a 31 150 10
a 32 128 10
a 33 90 2
a 33 91 3
a 33 100 9
a 34 77 2
a 34 84 3
a 34 145 10
a 34 198 3
a 35 6 3
a 35 174 8
a 36 24 2
a 36 81 4
a 36 152 2
a 36 176 10
a 37 121 3
a 38 188 4
a 39 117 1
a 39 165 6
a 40 192 8
a 41 50 8
a 42 31 7
a 42 148 9
a 43 119 4
a 43 141 4
a 44 145 7
a 44 185 3
a 45 20 4
a 45 117 6
a 46 67 1
a 47 27 7
a 47 30 2
a 47 62 10
a 47 77 9
a 47 165 2
a 48 191 4
a 49 18 1
a 49 121 9
a 50 57 5
a 50 162 2
a 50 188 10
a 51 167 9
a 52 46 3
a 52 191 1
a 53 18 1
a 53 116 6
a 54 140 1
a 54 143 3
a 55 163 10
a 56 7 2
a 56 47 1
a 57 37 4
a 57 94 1
a 57 142 4
a 58 114 1
a 58 168 5
a 59 40 8
a 59 61 9
a 60 59 2
a 60 171 8
a 60 179 1
a 61 28 1
a 62 69 4
a 62 82 4
a 63 94 4
a 63 111 2
a 63 190 8
a 64 197 8
a 65 29 2
a 65 56 6
a 65 107 6
a 66 46 9
a 67 130 10
a 67 156 6
a 68 146 5
a 68 187 4
a 69 3 2
a 69 75 10
a 69 105 5
a 70 158 7
a 71 125 5
a 71 178 8
a 72 143 5
a 72 175 7
a 72 196 4
a 73 105 3
a 74 174 1
a 75 65 10
a 75 122 8
a 76 37 4
a 76 41 4
a 76 136 6
a 77 146 8
a 78 165 8
a 78 169 10
a 79 34 3
a 79 91 10
a 80 164 8
a 81 14 10
a 81 52 7
a 82 2 3
a 82 4 3
a 83 66 5
a 83 95 6
a 83 137 3
a 83 160 4
a 84 93 3
a 84 95 2
a 85 36 5
a 85 133 1
a 86 148 10
a 87 127 6
a 87 147 7
a 88 140 2
a 89 147 9
a 90 18 9
a 90 51 5
a 90 149 1
a 91 191 4
a 92 66 4
a 93 182 1
a 94 175 2
a 95 29 10
a 96 125 7
a 97 12 6
a 97 21 8
a 98 113 1
a 98 125 5
a 98 184 1
a 98 199 2
a 99 110 3
a 99 123 10
a 99 124 1
a 100 62 8
a 100 182 6
a 101 88 10
a 101 138 7
a 102 28 9
a 102 30 5
a 102 101 8
a 103 60 7
a 103 93 4
a 103 106 2
a 104 20 3
a 104 195 2
a 105 26 7
a 106 83 6
a 106 145 2
a 107 114 3
a 107 166 5
a 108 23 7
a 109 138 10
a 110 72 6
a 110 156 2
a 111 120 1
a 111 163 10
a 112 16 5
a 112 19 10
a 112 58 3
a 113 173 1
a 114 141 2
a 114 186 1
a 115 153 10
a 115 185 3
a 116 112 8
a 116 180 7
a 117 100 6
a 118 96 9
a 118 159 4
a 119 51 9
a 119 193 9
a 120 78 3
a 120 178 6
a 121 54 6
a 121 126 8
a 121 198 7
a 122 12 6
a 122 97 8
a 123 45 6
a 124 16 9
a 124 159 6
a 125 5 8
a 125 200 8
a 126 105 7
a 126 139 3
a 126 177 5
a 127 35 2
a 128 76 2
a 128 137 4
a 129 99 2
a 129 182 7
a 130 74 5
a 131 13 4
a 132 92 9
a 132 171 1
a 132 174 10
a 133 197 7
a 134 13 5
a 135 153 4
a 135 194 5
a 136 166 1
a 137 42 2
a 137 118 5
a 138 193 10
a 139 89 10
a 139 156 1
a 140 71 1
a 140 127 6
a 141 27 6
a 142 15 9
a 142 23 10
a 142 150 3
a 142 170 4
a 142 182 6
a 143 9 1
a 143 36 9
a 143 68 7
a 143 173 6
a 144 67 4
a 144 115 10
a 145 23 1
a 146 58 2
a 146 69 3
a 147 82 10
a 147 105 2
a 147 131 8
a 147 155 6
a 148 187 4
a 149 5 8
a 149 41 5
a 149 44 10
a 150 33 3
a 150 49 10
a 150 73 7
a 150 100 2
a 151 4 4
a 151 132 7
a 152 85 1
a 152 146 7
a 153 158 5
a 153 183 7
a 154 5 1
a 154 10 9
a 155 38 8
a 156 70 9
a 156 80 10
a 156 111 9
a 156 130 10
a 157 8 1
a 157 50 9
a 157 52 4
a 157 139 1
a 158 57 6
a 159 83 4
a 159 187 1
a 160 44 5
a 160 46 10
a 160 144 7
a 161 56 8
a 162 71 8
a 162 120 6
a 163 4 6
a 163 12 1
a 163 65 1
a 163 148 8
a 164 103 1
a 164 108 6
a 164 112 3
a 165 7 7
a 165 45 7
a 166 152 4
a 166 157 6
a 166 173 8
a 167 11 1
a 167 157 5
a 168 3 8
a 168 39 4
a 168 128 4
a 168 192 10
a 169 4 4
a 169 81 6
a 169 166 3
a 169 175 4
a 170 125 3
a 171 102 4
a 172 36 4
a 173 95 5
a 174 2 2
a 175 63 2
a 175 178 5
a 176 86 8
a 176 183 9
a 177 44 8
a 178 35 5
a 178 128 4
a 178 135 5
a 179 199 10
a 180 130 4
a 181 25 8
a 181 31 10
a 181 32 2
a 181 41 8
a 182 160 6
a 183 195 3
a 184 23 9
a 184 134 4
a 185 68 5
a 185 129 8
a 186 137 2
a 187 109 9
a 187 141 1
a 188 161 3
a 188 164 10
a 188 191 10
a 189 42 8
a 189 106 10
a 190 55 6
a 190 200 3
a 191 49 7
a 191 115 4
a 192 17 5
a 192 30 8
a 193 146 9
a 194 28 1
a 194 55 10
a 194 98 6
a 195 125 4
a 195 151 6
a 195 160 7
a 196 74 9
a 196 158 9
a 197 121 3
a 197 138 6
a 198 12 6
a 198 123 5
a 198 183 9
a 199 104 7
