p max 200 400
n 1 s
n 200 t
a 1 106 6
a 1 127 7
a 1 138 4
a 2 71 6
a 2 141 9
a 3 87 1
a 4 21 9
a 4 61 2
a 5 3 10
a 6 43 5
a 7 53 4
a 7 138 6
a 8 39 1
a 8 47 10
a 8 196 3
a 9 98 8
a 10 86 6
a 10 200 4
a 11 35 3
a 11 108 1
a 12 16 3
a 12 98 10
a 12 187 2
a 13 65 6
a 14 28 6
a 15 97 7
a 15 111 10
a 15 179 10
a 16 64 10
a 17 24 5
a 17 102 4
a 17 155 2
a 18 147 9
a 19 80 6
a 20 76 9
a 20 178 9
a 21 10 5
a 21 158 8
a 22 135 1
a 22 155 7
a 23 34 3
a 24 64 2
a 25 45 1
a 25 136 6
a 26 17 2
a 26 161 8
a 27 18 4
a 27 89 3
a 27 105 9
a 28 58 5
a 28 96 2
a 29 11 7
a 29 47 5
a 29 116 10
a 29 126 8
a 30 67 6
a 30 87 8
a 30 105 9
a 30 175 8
a 31 65 1
a 31 177 6
a 32 68 4
a 32 74 8
a 32 150 3
a 33 120 3
a 34 91 2
a 34 141 6
a 35 59 3
a 35 172 6
a 35 174 4
a 36 130 10
a 36 191 5
a 37 79 2
a 38 34 3
a 38 121 5
a 38 169 7
a 39 104 4
a 40 28 1
a 41 55 1
a 41 177 9
a 42 40 10
a 42 183 10
a 43 32 2
a 43 93 9
a 43 109 2
a 43 118 10
a 44 8 3
a 44 110 6
a 45 172 4
a 46 94 8
a 46 119 10
a 47 3 6
a 48 97 8
a 48 195 3
a 49 84 4
a 49 200 10
a 50 22 10
a 51 81 5
a 51 111 8
a 52 48 4
a 52 137 10
a 53 148 7
a 53 182 2
a 53 183 6
a 54 15 4
a 54 28 1
a 54 121 4
a 54 162 3
a 55 133 9
a 56 85 7
a 56 178 9
a 57 55 5
a 57 142 4
a 58 22 5
a 58 118 9
a 58 123 6
a 58 146 7
a 58 181 7
a 59 121 5
a 59 158 6
a 60 84 8
a 60 159 1
a 60 171 5
a 61 5 4
a 61 137 2
a 62 139 6
a 63 156 7
a 64 188 3
a 64 191 9
a 65 36 4
a 66 3 2
a 67 31 5
a 67 57 2
a 67 186 7
a 68 2 2
a 68 104 5
a 69 160 7
a 70 5 5
a 70 46 6
a 71 62 3
a 71 78 8
a 71 190 5
a 72 170 10
a 73 89 8
a 73 185 2
a 74 51 9
a 74 103 5
a 74 145 6
a 75 58 6
a 75 76 9
a 75 119 4
a 75 189 2
a 76 41 10
a 76 135 1
a 77 107 7
a 77 176 9
a 77 184 10
a 78 52 4
a 78 153 8
a 79 6 7
a 79 17 7
a 79 90 3
a 80 107 3
a 81 35 10
a 82 26 4
a 82 38 7
a 82 130 10
a 83 99 8
a 83 172 8
a 83 182 9
a 84 115 1
a 85 115 7
a 85 189 1
a 86 13 10
a 87 80 5
a 87 120 8
a 87 164 9
a 88 36 5
a 89 26 3
a 89 70 7
a 89 132 5
a 89 199 4
a 90 14 5
a 90 21 1
a 90 107 4
a 91 50 1
a 91 188 4
a 92 154 1
a 92 185 1
a 93 13 4
a 93 36 5
a 93 132 1
a 94 62 3
a 94 121 7
a 95 189 2
a 96 85 1
a 97 88 7
a 97 153 3
a 98 74 2
a 99 72 10
a 99 104 2
a 99 198 4
a 100 138 2
a 101 130 7
a 102 143 5
a 102 172 1
a 103 135 7
a 103 162 9
a 104 21 5
a 104 131 6
a 105 9 9
a 105 75 7
a 105 165 1
a 106 68 1
a 106 77 6
a 107 82 6
a 107 101 4
a 107 173 4
a 108 155 1
a 109 15 7
a 110 49 2
a 110 172 2
a 111 89 7
a 111 184 2
a 112 159 7
a 112 166 3
a 112 167 9
a 113 25 4
a 113 35 7
a 113 192 10
a 114 104 9
a 114 128 2
a 115 16 3
a 115 145 3
a 115 163 4
a 115 194 5
a 116 77 4
a 116 112 4
a 116 166 6
a 117 83 9
a 118 60 8
a 119 14 10
a 119 27 1
a 120 197 4
a 121 101 3
a 122 25 2
a 123 9 6
a 124 115 5
a 124 189 1
a 125 96 4
a 126 4 4
a 126 14 9
a 126 55 2
a 126 73 6
a 127 57 6
a 128 52 6
a 129 136 5
a 129 165 2
a 130 23 8
a 131 20 3
a 131 79 10
a 131 122 9
a 131 195 10
a 132 80 5
a 132 128 6
a 132 165 1
a 132 192 10
a 133 39 9
a 133 129 8
a 134 38 7
a 134 100 9
a 135 7 10
a 136 66 8
a 136 124 10
a 136 151 6
a 136 168 2
a 136 191 1
a 137 139 5
a 137 156 10
a 137 193 10
a 138 131 8
a 139 5 7
a 139 21 8
a 140 7 10
a 140 95 3
a 140 125 1
a 140 126 5
a 140 133 1
a 140 141 10
a 141 73 2
a 141 110 1
a 141 195 8
a 142 94 3
a 143 56 1
a 143 199 3
a 144 3 9
a 144 92 9
a 144 140 1
a 144 176 7
a 145 117 4
a 145 157 10
a 146 175 9
a 147 50 5
a 148 119 6
a 148 157 1
a 149 121 10
a 150 19 9
a 150 46 4
a 150 138 8
a 151 188 5
a 152 100 4
a 153 162 1
a 153 199 2
a 154 165 9
a 155 110 5
a 156 35 6
a 156 128 10
a 157 23 6
a 157 131 4
a 158 70 8
a 158 157 3
a 158 180 4
a 159 35 3
a 160 41 6
a 160 166 2
a 161 63 1
a 161 152 7
a 162 50 1
a 162 163 1
a 163 18 2
a 163 109 7
a 164 91 1
a 165 14 2
a 165 43 1
a 166 30 7
a 166 84 8
a 167 81 2
a 168 85 8
a 169 44 1
a 170 39 3
a 170 52 9
a 171 94 10
a 172 14 3
a 172 52 10
a 172 174 10
a 173 134 1
a 173 161 3
a 174 37 7
a 174 48 9
a 175 60 8
a 175 64 8
a 175 129 4
a 176 57 3
a 176 82 4
a 177 42 1
a 177 151 7
a 178 3 10
a 178 197 7
a 179 36 5
a 179 48 3
a 180 63 9
a 180 155 1
a 181 140 8
a 182 113 4
a 182 114 10
a 182 165 5
a 183 18 5
a 183 149 2
a 184 36 6
a 184 83 9
a 185 63 4
a 185 193 1
a 185 194 7
a 186 199 1
a 187 6 4
a 187 144 1
a 188 15 4
a 189 69 2
a 189 194 10
a 190 43 8
a 191 101 3
a 191 119 4
a 191 171 9
a 191 200 10
a 192 137 8
a 193 19 10
a 193 29 3
a 194 33 8
a 194 54 7
a 194 142 2
a 194 160 3
a 195 103 6
a 196 44 2
a 196 146 8
a 196 147 5
a 197 91 2
a 198 12 6
a 198 135 2
a 199 131 3
a 199 170 8
