p max 200 400
n 1 s
n 200 t
a 1 43 8
a 1 58 1
a 2 32 7
a 2 124 8
a 3 51 6
a 4 127 3
a 5 115 6
a 6 96 9
a 6 164 3
a 7 35 8
a 7 59 3
a 7 61 10
a 7 88 5
a 7 150 9
a 8 53 1
a 8 161 1
a 9 45 3
a 10 4 10
a 10 9 6
a 10 25 9
a 10 44 8
a 10 179 5
a 11 6 1
a 11 9 3
a 12 94 2
a 13 182 1
a 14 153 7
a 14 185 4
a 15 123 1
a 16 54 4
a 16 170 5
a 16 188 10
a 17 159 2
a 17 184 1
a 18 45 1
a 18 107 9
a 19 172 5
a 20 155 4
a 21 30 6
a 21 34 1
a 21 38 6
a 22 176 7
a 23 84 2
a 24 39 10
a 25 20 1
a 25 126 1
a 25 148 6
a 26 43 7
a 26 198 5
a 27 68 9
a 27 101 1
a 28 41 3
a 28 157 5
a 29 125 10
a 29 200 7
a 30 37 6
a 30 67 2
a 30 145 3
a 31 150 10
a 32 62 7
a 32 109 10
a 32 130 6
a 32 139 1
a 32 145 7
a 32 153 7
a 33 116 6
a 34 95 3
a 34 194 3
a 34 196 7
a 35 130 3
a 35 157 3
a 36 31 5
a 36 35 8
a 36 98 2
a 37 100 7
a 38 76 10
a 39 42 8
a 39 87 1
a 40 153 8
a 41 166 9
a 42 4 6
a 42 32 9
a 43 75 3
a 43 131 10
a 43 138 8
a 43 166 3
a 43 169 2
a 44 92 9
a 44 140 8
a 45 180 1
a 45 194 5
a 46 84 9
a 47 154 6
a 48 130 2
a 48 152 8
a 48 193 2
a 49 83 4
a 49 93 7
a 50 22 9
a 51 41 10
a 51 177 6
a 52 37 5
a 52 191 8
a 53 90 10
a 53 106 7
a 53 181 5
a 54 38 9
a 55 52 3
a 55 84 1
a 55 132 3
a 56 40 10
a 56 200 9
a 57 44 10
a 57 69 2
a 57 200 2
a 58 82 10
a 58 136 8
a 59 93 10
a 59 196 2
a 60 13 3
a 60 74 8
a 60 144 4
a 60 189 5
a 61 15 1
a 62 63 8
a 63 17 9
a 63 94 8
a 63 103 9
a 63 162 3
a 64 194 10
a 65 2 2
a 65 53 5
a 65 101 3
a 66 105 6
a 66 112 9
a 67 137 9
a 68 109 9
a 69 126 7
a 69 151 5
a 70 129 4
a 71 16 7
a 72 28 3
a 72 47 7
a 73 5 6
a 74 134 8
a 75 28 8
a 76 41 4
a 77 126 8
a 77 154 3
a 77 180 10
a 78 165 2
a 78 168 4
a 79 136 5
a 80 121 7
a 80 162 8
a 81 3 8
a 81 89 10
a 81 102 3
a 81 163 3
a 81 192 2
a 82 133 9
a 82 170 5
a 83 57 2
a 83 136 2
a 83 149 7
a 84 32 4
a 84 42 10
a 85 55 8
a 85 88 6
a 86 65 4
a 86 160 5
a 87 93 4
a 87 143 10
a 88 50 5
a 88 96 6
a 89 119 10
a 89 171 7
a 89 176 3
a 90 150 3
a 91 125 2
a 91 126 10
a 92 165 3
a 93 135 3
a 93 200 3
a 94 49 9
a 94 92 7
a 95 11 5
a 95 167 1
a 96 34 3
a 96 121 2
a 97 2 1
a 97 47 6
a 98 170 9
a 99 152 8
a 100 76 10
a 100 199 9
a 101 86 4
a 102 71 6
a 103 78 9
a 103 81 7
a 104 169 3
a 105 10 9
a 105 24 4
a 105 110 4
a 106 8 3
a 106 54 1
a 107 33 9
a 107 45 4
a 107 134 4
a 108 199 4
a 109 22 2
a 109 83 6
a 110 93 5
a 110 122 5
a 111 180 3
a 112 36 5
a 112 59 1
a 112 158 9
a 113 11 2
a 113 81 2
a 113 82 10
a 114 74 5
a 115 104 4
a 115 137 6
a 116 120 4
a 116 143 1
a 117 130 9
a 118 7 8
a 118 161 3
a 119 167 3
a 119 195 1
a 120 50 2
a 120 70 7
a 120 184 2
a 121 34 7
a 121 39 8
a 121 84 10
a 122 71 7
a 123 33 2
a 123 134 6
a 124 79 4
a 124 109 7
a 124 118 7
a 125 9 6
a 126 88 3
a 127 63 6
a 128 181 2
a 128 198 2
a 129 9 4
a 129 117 2
a 130 36 3
a 130 186 1
a 131 94 5
a 132 141 5
a 132 150 2
a 133 73 7
a 133 96 8
a 133 113 2
a 133 123 10
a 133 130 2
a 134 18 8
a 134 79 9
a 135 5 6
a 135 116 7
a 135 199 6
a 136 65 9
a 136 99 2
a 137 56 2
a 137 91 8
a 137 127 3
a 137 166 4
a 138 2 10
a 138 6 10
a 138 197 5
a 139 71 8
a 139 110 10
a 139 182 6
a 140 19 6
a 140 21 10
a 140 52 1
a 140 171 3
a 141 114 8
a 142 79 10
a 142 111 6
a 143 193 6
a 144 156 1
a 145 176 7
a 146 41 6
a 146 52 5
a 146 108 8
a 147 16 7
a 147 172 10
a 148 132 9
a 148 141 1
a 149 47 3
a 149 184 8
a 150 11 10
a 150 72 7
a 151 104 8
a 151 148 8
a 152 12 4
a 152 147 4
a 153 8 3
a 153 171 6
a 153 187 7
a 154 116 1
a 154 156 8
a 155 61 9
a 155 80 5
a 155 115 1
a 156 49 8
a 156 51 9
a 156 53 5
a 157 98 10
a 158 66 9
a 158 99 8
a 158 143 8
a 158 178 4
a 159 5 8
a 159 60 8
a 159 144 6
a 159 146 1
a 160 37 2
a 161 83 4
a 161 175 4
a 162 2 10
a 162 15 9
a 162 58 7
a 162 186 10
a 163 90 10
a 164 19 10
a 164 27 6
a 164 97 2
a 165 83 1
a 165 119 10
a 165 129 4
a 166 48 3
a 166 140 7
a 166 182 2
a 166 183 3
a 167 77 4
a 167 112 9
a 168 46 1
a 168 108 9
a 169 138 1
a 169 155 2
a 169 190 4
a 170 192 7
a 171 102 9
a 171 186 8
a 172 100 7
a 172 101 9
a 172 114 1
a 173 75 9
a 173 142 6
a 174 4 2
a 174 14 5
a 174 26 3
a 174 127 1
a 175 187 10
a 175 188 6
a 176 112 7
a 176 198 5
a 177 7 10
a 177 12 3
a 178 86 7
a 178 115 5
a 179 164 2
a 180 9 2
a 181 118 5
a 182 85 4
a 182 116 4
a 183 113 9
a 183 116 7
a 184 29 7
a 184 122 4
a 184 173 1
a 185 63 6
a 185 177 1
a 186 194 8
a 187 100 3
a 188 128 10
a 188 131 9
a 189 24 6
a 189 174 4
a 190 127 10
a 191 184 1
a 192 23 4
a 192 78 7
a 192 125 1
a 193 46 7
a 194 131 4
a 195 25 1
a 196 64 6
a 196 117 2
a 197 185 5
a 198 70 4
a 198 125 5
a 199 16 9
a 199 186 5
