p max 200 400
n 1 s
n 200 t
a 1 22 5
a 1 111 8
a 1 154 7
a 2 34 10
a 2 160 5
a 3 10 10
a 3 140 4
a 4 73 2
a 4 139 1
a 5 95 9
a 5 104 2
a 6 130 3
a 7 20 1
a 7 192 9
a 8 125 4
a 9 27 2
a 9 182 6
a 10 57 5
a 10 93 4
a 10 180 3
a 10 181 3
a 10 192 3
a 11 16 3
a 12 132 7
a 12 158 4
a 13 24 1
a 14 51 2
a 15 8 4
a 15 109 3
a 16 7 5
a 16 65 4
a 16 139 1
a 16 192 8
a 17 25 9
a 17 134 8
a 17 179 4
a 18 15 4
a 19 114 5
a 19 142 1
a 20 11 4
a 21 17 6
a 21 43 5
a 21 59 2
a 22 75 8
a 22 187 4
a 23 4 3
a 23 77 7
a 23 161 3
a 24 97 8
a 24 144 5
a 25 50 9
a 25 81 4
a 26 60 3
a 26 69 6
a 26 102 4
a 26 107 6
a 27 10 6
a 27 77 4
a 27 133 3
a 28 90 9
a 28 177 3
a 29 153 5
a 29 155 10
a 30 2 10
a 30 100 8
a 30 174 10
a 31 135 6
a 32 85 8
a 32 105 2
a 33 114 4
a 33 125 5
a 33 186 10
a 34 80 9
a 34 112 3
a 35 26 2
a 35 137 1
a 35 155 4
a 36 137 1
a 37 16 7
a 38 27 6
a 39 57 3
a 40 61 5
a 41 124 5
a 42 56 4
a 42 98 4
a 42 173 7
a 43 34 7
a 43 196 1
a 44 188 4
a 45 62 4
a 45 64 2
a 45 66 10
a 46 88 9
a 46 113 3
a 46 119 2
a 46 199 5
a 47 21 7
a 48 100 10
a 49 76 9
a 49 103 8
a 49 148 9
a 50 5 10
a 50 11 1
a 50 142 9
a 51 56 1
a 52 96 7
a 52 189 2
a 53 55 3
a 53 108 8
a 54 153 3
a 54 172 10
a 55 37 1
a 55 176 7
a 56 101 2
a 57 6 7
a 57 80 4
a 57 94 1
a 57 135 2
a 58 42 8
a 58 70 4
a 58 175 4
a 58 187 7
a 59 14 6
a 59 101 5
a 59 165 3
a 59 200 1
a 60 13 2
a 60 105 4
a 60 118 2
a 60 147 3
a 60 178 4
a 61 48 9
a 61 105 1
a 62 120 8
a 63 68 9
a 63 94 8
a 64 27 4
a 64 195 10
a 65 90 6
a 65 115 9
a 65 127 6
a 65 141 3
a 66 109 5
a 67 52 4
a 68 69 5
a 68 121 2
a 69 185 6
a 70 110 2
a 70 143 9
a 71 36 2
a 72 89 6
a 73 13 1
a 73 29 9
a 73 165 2
a 74 53 8
a 74 159 9
a 74 168 8
a 75 95 8
a 75 194 5
a 76 33 2
a 76 35 6
a 77 64 7
a 78 61 2
a 78 72 7
a 78 117 6
a 78 172 4
a 79 17 5
a 79 84 2
a 80 141 5
a 81 48 9
a 81 166 8
a 82 118 3
a 82 149 3
a 83 16 1
a 83 143 8
a 83 156 7
a 84 50 3
a 84 97 5
a 84 120 2
a 84 187 1
a 85 39 10
a 85 199 8
a 86 3 9
a 86 23 1
a 86 92 9
a 86 160 3
a 87 102 7
a 88 45 2
a 89 45 3
a 89 91 1
a 89 146 7
a 90 139 5
a 91 48 4
a 91 193 3
a 92 96 9
a 93 36 5
a 93 42 7
a 93 83 1
a 94 24 6
a 94 126 2
a 94 195 10
a 95 22 8
a 95 24 4
a 95 107 10
a 95 164 10
a 96 9 8
a 97 15 3
a 97 168 3
a 98 122 4
a 99 104 2
a 100 46 10
a 100 99 10
a 101 21 9
a 102 156 8
a 102 167 7
a 103 197 9
a 104 6 7
a 104 113 9
a 104 176 3
a 105 88 8
a 106 157 5
a 106 188 4
a 107 83 3
a 107 102 3
a 108 86 6
a 108 103 1
a 108 136 8
a 109 71 8
a 109 124 9
a 109 151 1
a 110 150 4
a 110 178 1
a 111 192 4
a 112 67 6
a 112 97 1
a 112 152 1
a 113 144 1
a 114 35 3
a 114 91 3
a 115 15 9
a 115 123 3
a 116 124 4
a 117 110 8
a 118 67 2
a 118 79 5
a 119 31 6
a 119 87 8
a 119 91 4
a 119 120 4
a 120 174 6
a 120 188 10
a 121 200 5
a 122 16 2
a 122 34 9
a 122 82 4
a 123 5 7
a 123 196 9
a 124 45 6
a 125 65 3
a 125 146 6
a 126 3 8
a 126 58 7
a 126 183 2
a 127 38 3
a 127 52 5
a 127 77 6
a 128 6 8
a 128 127 10
a 128 131 7
a 129 64 6
a 129 70 8
a 130 2 10
a 131 71 6
a 131 88 8
a 132 41 10
a 132 114 6
a 132 134 6
a 132 191 8
a 133 23 7
a 133 198 3
a 134 30 3
a 134 163 9
a 134 168 9
a 135 148 8
a 135 189 4
a 136 121 6
a 136 162 5
a 137 55 8
a 137 175 4
a 138 12 5
a 139 36 7
a 139 169 3
a 140 6 1
a 140 129 6
a 141 63 6
a 141 171 9
a 142 108 5
a 143 95 6
a 143 171 6
a 143 172 9
a 144 13 2
a 144 122 7
a 145 137 6
a 146 128 5
a 146 159 7
a 147 152 10
a 148 20 3
a 148 185 7
a 148 189 1
a 149 112 6
a 149 184 6
a 150 89 6
a 150 140 4
a 151 165 5
a 151 200 7
a 152 47 8
a 152 125 4
a 153 168 4
a 153 196 5
a 154 182 9
a 155 32 10
a 155 78 6
a 155 132 5
a 156 12 3
a 156 119 7
a 157 144 10
a 158 14 6
a 158 44 1
a 159 45 1
a 159 52 9
a 160 130 4
a 160 143 3
a 161 114 8
a 161 173 2
a 162 26 4
a 162 174 2
a 163 118 10
a 164 84 5
a 164 168 10
a 165 54 9
a 166 113 6
a 166 138 9
a 167 40 2
a 167 87 6
a 167 196 7
a 168 9 4
a 168 19 5
a 168 49 5
a 168 54 3
a 169 53 2
a 170 104 5
a 171 145 9
a 171 186 2
a 172 18 9
a 172 145 2
a 172 184 8
a 173 60 9
a 173 78 8
a 173 190 8
a 173 195 2
a 174 196 9
a 175 109 8
a 175 179 6
a 176 6 9
a 176 51 9
a 177 176 5
a 177 193 5
a 178 116 8
a 178 167 1
a 179 60 3
a 180 153 7
a 180 154 1
a 181 116 10
a 182 21 8
a 182 74 3
a 182 126 6
a 183 198 1
a 184 139 1
a 185 141 7
a 186 60 1
a 187 112 3
a 187 197 5
a 188 70 4
a 188 99 10
a 189 4 10
a 190 82 5
a 191 188 1
a 192 6 8
a 193 11 10
a 193 28 7
a 193 159 8
a 194 142 6
a 195 160 2
a 196 29 1
a 196 49 6
a 196 170 8
a 197 85 5
a 198 106 1
a 198 175 10
a 199 108 2
