p max 200 400
n 1 s
n 200 t
a 1 31 2
a 2 46 3
a 2 72 7
a 3 102 3
a 3 187 7
a 4 131 2
a 5 147 9
a 5 167 6
a 6 132 9
a 7 35 6
a 7 90 2
a 7 160 2
a 8 63 4
a 8 102 6
a 9 107 7
a 9 167 9
a 10 18 8
a 10 40 2
a 11 84 1
a 11 164 10
a 12 23 9
a 12 116 10
a 12 143 2
a 12 159 8
a 13 99 8
a 13 184 2
a 14 113 6
a 14 195 7
a 15 73 9
a 15 110 9
a 15 160 2
a 15 169 4
a 16 88 10
a 17 57 9
a 18 43 2
a 18 100 10
a 19 24 1
a 19 34 2
a 20 65 7
a 20 83 7
a 20 162 5
a 21 127 3
a 21 196 4
a 22 121 1
a 22 188 8
a 23 65 7
a 23 92 9
a 24 104 3
a 24 132 1
a 25 16 9
a 25 119 1
a 25 168 3
a 26 89 4
a 26 119 2
a 27 124 7
a 27 147 3
a 27 196 8
a 28 192 1
a 29 19 4
a 30 123 5
a 30 162 8
a 31 46 3
a 31 50 1
a 31 175 6
a 32 62 7
a 32 176 2
a 33 92 8
a 34 110 4
a 34 197 1
a 35 75 4
a 35 87 10
a 36 52 9
a 36 76 7
a 37 28 9
a 37 84 6
a 38 39 1
a 38 42 2
a 38 115 3
a 39 28 4
a 39 35 6
a 39 200 8
a 40 54 5
a 40 112 9
a 41 47 6
a 41 50 8
a 42 9 8
a 42 128 5
a 43 14 5
a 43 109 3
a 44 189 6
a 45 126 9
a 45 179 2
a 45 200 7
a 46 12 9
a 46 59 7
a 47 78 7
a 48 87 10
a 48 191 3
a 49 4 4
a 49 77 2
a 50 57 6
a 50 69 3
a 51 23 3
a 52 117 1
a 52 122 2
a 52 177 3
a 53 25 3
a 53 140 10
a 54 120 9
a 54 146 5
a 55 21 6
a 55 112 9
a 55 185 3
a 56 48 2
a 56 109 6
a 56 190 8
a 57 44 6
a 57 159 10
a 57 182 8
a 58 101 6
a 58 137 3
a 59 198 6
a 60 14 2
a 61 9 1
a 61 131 6
a 61 158 1
a 62 86 3
a 63 4 1
a 63 62 6
a 64 53 8
a 64 199 6
a 65 18 3
a 65 133 8
a 66 19 8
a 67 21 10
a 67 25 1
a 68 15 7
a 68 61 2
a 68 101 10
a 68 147 1
a 69 168 9
a 70 6 6
a 71 10 2
a 71 27 9
a 71 115 5
a 72 5 8
a 72 8 4
a 72 31 9
a 72 195 1
a 73 38 4
a 74 6 5
a 74 82 9
a 74 105 4
a 74 183 2
a 75 37 9
a 75 94 7
a 75 97 2
a 75 181 10
a 76 86 3
a 76 153 1
a 77 26 8
a 77 194 1
a 78 20 8
a 79 128 10
a 80 29 7
a 80 74 6
a 80 179 6
a 81 197 4
a 82 65 8
a 83 31 7
a 83 49 9
a 83 119 1
a 84 66 7
a 84 166 3
a 85 92 7
a 86 38 6
a 86 41 2
a 87 17 10
a 87 96 6
a 87 141 10
a 88 63 1
a 89 79 1
a 89 142 4
a 89 155 6
a 90 194 6
a 91 99 2
a 91 169 6
a 92 38 3
a 93 133 6
a 94 30 5
a 94 195 2
a 95 129 3
a 95 136 2
a 95 171 9
a 95 195 2
a 96 41 9
a 97 178 10
a 98 108 9
a 98 119 2
a 99 131 3
a 100 8 8
a 100 12 4
a 100 70 7
a 101 41 2
a 102 95 9
a 102 143 3
a 103 29 4
a 103 55 10
a 103 84 5
a 103 151 2
a 103 156 9
a 104 26 9
a 104 160 6
a 105 79 1
a 105 99 1
a 105 148 7
a 106 78 6
a 107 163 6
a 107 193 7
a 108 103 10
a 108 158 4
a 108 170 5
a 109 6 1
a 109 41 1
a 110 24 7
a 110 171 10
a 111 64 9
a 111 83 2
a 111 129 7
a 112 120 2
a 112 173 9
a 113 99 4
a 114 19 10
a 114 22 9
a 114 104 4
a 114 136 6
a 114 192 7
a 115 193 4
a 115 199 3
a 116 80 2
a 117 7 3
a 117 60 7
a 118 68 7
a 119 39 7
a 119 173 10
a 120 101 8
a 120 102 1
a 120 172 4
a 121 146 5
a 121 157 4
a 122 96 2
a 122 136 6
a 122 154 9
a 123 34 10
a 123 177 7
a 123 181 2
a 124 33 7
a 124 45 9
a 124 125 9
a 124 185 3
a 125 12 2
a 125 114 1
a 125 139 9
a 126 181 7
a 127 31 5
a 128 19 6
a 128 177 5
a 129 119 6
a 129 178 1
a 130 23 2
a 130 145 5
a 131 40 3
a 132 111 3
a 133 132 3
a 134 110 8
a 134 196 8
a 135 54 2
a 136 109 3
a 137 109 4
a 138 53 5
a 138 181 3
a 139 190 4
a 139 197 1
a 140 32 8
a 140 62 9
a 140 75 3
a 141 20 6
a 141 40 7
a 141 78 4
a 141 186 9
a 142 105 9
a 143 62 8
a 143 68 2
a 144 106 2
a 144 165 2
a 144 197 7
a 145 2 3
a 145 32 8
a 146 14 4
a 147 51 1
a 147 56 3
a 147 166 5
a 148 86 10
a 148 120 6
a 149 98 5
a 149 111 9
a 149 177 4
a 150 188 7
a 151 18 2
a 151 93 7
a 152 5 9
a 152 36 4
a 152 189 9
a 153 130 7
a 153 138 7
a 154 15 9
a 155 102 9
a 156 67 5
a 156 88 6
a 156 113 6
a 157 46 9
a 157 180 10
a 158 13 6
a 158 19 9
a 159 142 8
a 160 150 4
a 160 197 9
a 161 56 10
a 162 58 10
a 162 115 5
a 163 27 3
a 163 50 3
a 163 174 8
a 164 196 6
a 165 146 5
a 165 156 2
a 166 67 6
a 167 15 7
a 167 38 5
a 167 118 10
a 168 135 6
a 168 157 2
a 169 75 7
a 169 144 1
a 170 33 7
a 171 80 4
a 171 144 2
a 171 152 1
a 172 25 3
a 173 48 5
a 173 145 4
a 174 24 4
a 174 57 7
a 175 189 8
a 176 160 2
a 177 71 9
a 177 83 1
a 178 72 2
a 179 78 9
a 179 127 6
a 180 91 1
a 180 148 5
a 181 7 3
a 181 81 4
a 181 141 6
a 182 21 2
a 183 111 10
a 183 134 10
a 184 106 6
a 184 140 7
a 184 161 9
a 185 17 9
a 185 76 8
a 186 88 1
a 186 188 3
a 186 198 9
a 187 119 4
a 188 33 2
a 188 85 7
a 189 3 6
a 189 149 2
a 189 161 3
a 190 49 7
a 190 130 10
a 191 19 6
a 191 112 1
a 191 170 1
a 192 116 10
a 193 122 2
a 194 38 1
a 195 11 2
a 195 67 7
a 195 129 6
a 196 113 9
a 197 51 6
a 197 146 9
a 197 185 8
a 198 62 2
a 198 185 2
a 199 14 1
