p max 200 400
n 1 s
n 200 t
a 1 54 8
a 1 177 7
a 2 33 5
a 3 119 9
a 4 156 4
a 4 184 2
a 5 36 6
a 5 113 3
a 5 136 8
a 6 66 8
a 6 147 8
a 6 152 7
a 7 49 5
a 7 200 6
a 8 135 3
a 9 35 3
a 9 53 7
a 9 71 1
a 10 44 9
a 10 80 8
a 10 108 2
a 10 170 3
a 11 18 9
a 11 40 5
a 11 141 9
a 12 42 2
a 12 172 2
a 13 171 1
a 14 88 2
a 14 108 6
a 15 37 10
a 15 161 1
a 15 181 5
a 15 183 7
a 16 33 2
a 16 34 10
a 16 74 2
a 16 113 9
a 16 115 3
a 17 97 10
a 17 107 7
a 17 111 10
a 18 157 2
a 18 176 2
a 19 26 6
a 19 82 8
a 19 153 10
a 20 197 1
a 21 171 9
a 22 30 9
a 22 122 6
a 22 161 2
a 22 195 8
a 23 89 9
a 24 116 2
a 24 139 6
a 25 39 3
a 25 106 8
a 26 18 3
a 27 48 2
a 27 119 3
a 28 7 4
a 28 198 1
a 29 83 1
a 29 117 1
a 30 6 5
a 30 112 8
a 30 126 6
a 31 49 10
a 31 63 3
a 31 118 8
a 32 106 7
a 32 194 6
a 33 37 5
a 33 173 8
a 34 50 3
a 34 155 6
a 34 177 7
a 35 121 10
a 35 125 6
a 36 98 3
a 37 119 10
a 37 143 9
a 38 84 3
a 39 8 1
a 39 42 9
a 39 89 10
a 39 190 7
a 40 133 6
a 40 136 1
a 41 89 4
a 41 103 3
a 41 148 9
a 42 3 1
a 42 116 1
a 42 178 10
a 43 154 8
a 43 167 4
a 43 191 3
a 44 2 5
a 44 50 3
a 45 193 8
a 46 124 5
a 46 149 8
a 47 69 5
a 47 161 5
a 47 164 8
a 48 143 7
a 48 171 6
a 49 41 10
a 49 66 2
a 49 185 1
a 50 8 7
a 50 43 8
a 50 81 3
a 50 109 3
a 50 180 9
a 50 191 10
a 51 61 1
a 51 114 3
a 52 117 1
a 53 46 8
a 54 12 10
a 54 85 9
a 54 111 8
a 55 64 8
a 55 176 8
a 56 5 4
a 57 74 6
a 57 101 10
a 57 144 3
a 58 28 10
a 59 49 5
a 59 114 5
a 60 139 9
a 61 50 10
a 61 110 10
a 62 28 10
a 62 31 6
a 62 32 4
a 62 66 9
a 62 67 6
a 62 198 9
a 63 60 2
a 63 157 8
a 64 192 4
a 65 24 9
a 66 18 1
a 66 182 9
a 67 25 8
a 68 97 2
a 69 13 2
a 69 151 3
a 69 152 1
a 70 162 4
a 70 174 2
a 71 16 10
a 71 68 6
a 71 150 5
a 72 77 3
a 72 90 5
a 72 163 10
a 73 58 4
a 73 143 5
a 73 150 5
a 73 189 3
a 74 71 8
a 74 87 1
a 75 57 8
a 76 14 9
a 76 17 2
a 76 74 9
a 76 170 4
a 77 94 1
a 78 142 6
a 79 46 8
a 79 186 9
a 79 194 7
a 80 4 9
a 80 46 5
a 81 10 5
a 81 167 3
a 82 132 1
a 83 170 2
a 84 44 7
a 84 149 8
a 85 9 8
a 85 21 10
a 86 44 3
a 87 115 6
a 88 28 8
a 88 128 1
a 89 52 7
a 89 122 2
a 89 157 10
a 90 37 4
a 91 86 2
a 91 135 3
a 92 7 4
a 92 191 2
a 93 90 1
a 94 83 1
a 95 6 10
a 95 22 1
a 95 166 4
a 96 38 1
a 97 156 5
a 98 68 6
a 99 15 4
a 99 93 9
a 99 166 4
a 100 74 6
a 101 40 8
a 102 59 1
a 102 133 3
a 103 106 2
a 103 142 3
a 103 188 7
a 104 66 10
a 104 132 4
a 105 188 10
a 106 195 9
a 107 103 9
a 107 174 1
a 108 7 7
a 108 53 6
a 108 94 7
a 109 45 3
a 109 137 2
a 110 126 9
a 111 149 2
a 112 124 2
a 113 105 5
a 113 126 8
a 113 160 2
a 114 93 2
a 115 40 7
a 116 188 3
a 117 56 3
a 117 150 7
a 118 38 8
a 118 86 4
a 119 78 8
a 119 108 8
a 120 106 8
a 120 170 4
a 121 139 5
a 122 24 1
a 123 187 4
a 124 62 1
a 124 113 10
a 125 63 8
a 125 78 7
a 125 160 8
a 126 58 6
a 127 138 6
a 128 166 1
a 129 20 5
a 129 73 2
a 129 145 1
a 130 101 4
a 130 134 10
a 131 19 9
a 131 134 2
a 132 5 5
a 132 149 4
a 132 197 6
a 133 2 7
a 133 20 5
a 133 21 5
a 133 65 2
a 134 23 9
a 134 76 1
a 134 120 3
a 135 25 7
a 135 77 7
a 135 134 4
a 136 22 5
a 137 88 4
a 137 143 5
a 137 168 9
a 137 200 5
a 138 30 3
a 138 57 7
a 139 12 6
a 140 55 5
a 141 70 3
a 141 91 1
a 141 118 6
a 142 155 5
a 143 71 4
a 143 104 7
a 144 123 3
a 145 158 2
a 146 125 1
a 147 47 5
a 148 131 6
a 149 50 9
a 149 138 9
a 149 146 9
a 150 16 3
a 150 69 2
a 151 45 7
a 151 140 1
a 152 53 1
a 153 119 8
a 154 23 4
a 154 79 5
a 155 79 6
a 156 195 6
a 156 199 8
a 157 29 3
a 157 40 1
a 157 96 4
a 157 159 3
a 157 193 4
a 158 159 2
a 158 169 10
a 159 38 4
a 159 75 8
a 159 80 3
a 160 47 2
a 160 127 10
a 160 182 3
a 160 191 7
a 161 13 9
a 161 83 4
a 162 23 6
a 162 129 3
a 163 140 1
a 164 53 10
a 165 131 7
a 166 109 3
a 166 111 3
a 167 11 6
a 167 93 1
a 167 100 3
a 168 50 10
a 169 56 8
a 170 168 7
a 170 182 6
a 171 24 5
a 171 58 3
a 172 153 4
a 172 165 3
a 173 38 1
a 173 45 5
a 173 158 2
a 174 176 2
a 175 135 6
a 176 26 5
a 176 175 1
a 176 179 7
a 177 172 5
a 178 41 4
a 178 51 4
a 179 112 8
a 179 165 9
a 180 72 7
a 180 76 6
a 180 84 2
a 180 125 9
a 180 187 3
a 181 23 10
a 181 108 2
a 182 102 10
a 182 147 8
a 183 4 8
a 183 192 9
a 184 21 2
a 185 159 9
a 186 173 7
a 187 68 4
a 187 146 10
a 187 156 3
a 187 196 2
a 188 27 6
a 188 66 9
a 189 16 9
a 190 66 7
a 191 33 1
a 191 123 10
a 192 55 8
a 192 61 2
a 192 130 10
a 193 3 7
a 193 101 1
a 194 66 3
a 194 78 10
a 194 95 6
a 194 136 3
a 195 92 9
a 195 99 2
a 195 162 10
a 196 76 6
a 197 68 4
a 198 6 2
a 198 98 9
a 199 101 1
a 199 131 3
