p max 200 400
n 1 s
n 200 t
a 1 87 3
a 2 179 3
a 2 183 1
a 3 192 6
a 3 200 7
a 4 78 9
a 5 97 8
a 5 102 7
a 6 162 4
a 7 37 2
a 7 53 8
a 8 58 4
a 9 153 2
a 10 61 6
a 11 42 10
a 11 95 2
a 11 111 3
a 11 114 1
a 11 124 10
a 11 169 2
a 11 187 9
a 12 147 4
a 13 48 9
a 13 188 8
a 14 35 10
a 14 175 7
a 15 19 10
a 15 86 8
a 15 115 2
a 15 139 3
a 15 198 2
a 16 22 10
a 16 70 6
a 17 134 8
a 17 147 10
a 18 49 4
a 18 133 10
a 19 85 9
a 20 92 2
a 20 129 4
a 20 173 2
a 21 56 5
a 21 149 5
a 22 115 3
a 22 162 2
a 23 31 9
a 24 94 8
a 25 3 7
a 25 62 5
a 25 80 10
a 25 160 4
a 26 48 3
a 27 9 7
a 27 101 1
a 28 94 3
a 28 121 3
a 28 122 6
a 29 105 10
a 29 109 6
a 30 22 3
a 30 104 1
a 30 170 3
a 30 194 1
a 31 91 5
a 31 123 1
a 31 188 9
a 32 56 4
a 33 98 10
a 33 103 9
a 33 163 9
a 34 84 1
a 34 131 3
a 35 29 2
a 35 77 3
a 35 158 7
a 35 178 10
a 36 56 10
a 36 180 9
a 37 140 2
a 37 177 7
a 38 60 10
a 38 83 5
a 39 34 2
a 39 118 5
a 40 8 9
a 40 38 1
a 40 42 2
a 40 172 2
a 41 62 5
a 42 32 3
a 42 130 3
a 43 108 6
a 43 120 6
a 43 182 9
a 44 92 7
a 45 63 10
a 46 150 10
a 46 159 9
a 47 21 2
a 47 109 6
a 47 154 3
a 48 132 9
a 49 11 4
a 49 44 3
a 49 159 7
a 50 2 4
a 50 37 7
a 50 149 3
a 51 37 2
a 51 160 7
a 51 181 8
a 52 47 4
a 52 165 9
a 53 92 4
a 53 153 7
a 54 46 9
a 54 103 4
a 55 157 7
a 56 137 1
a 57 72 10
a 57 79 3
a 58 141 2
a 58 184 10
a 59 56 1
a 59 69 9
a 60 93 7
a 61 80 10
a 62 40 1
a 62 193 10
a 63 33 1
a 63 148 9
a 63 151 2
a 64 27 5
a 64 118 1
a 64 131 2
a 65 109 5
a 65 132 1
a 65 200 1
a 66 73 10
a 66 154 4
a 66 178 3
a 67 149 10
a 68 188 2
a 69 129 4
a 69 182 4
a 70 152 6
a 71 41 6
a 71 79 2
a 71 137 1
a 71 191 8
a 72 51 6
a 72 176 7
a 73 59 8
a 74 59 7
a 74 103 8
a 75 63 7
a 76 88 10
a 76 100 5
a 76 115 2
a 76 164 8
a 77 65 6
a 77 151 2
a 78 128 7
a 78 181 2
a 79 48 10
a 79 72 7
a 79 113 4
a 80 138 5
a 81 44 1
a 81 52 8
a 81 92 8
a 82 152 9
a 82 154 4
a 83 171 4
a 84 65 5
a 85 13 9
a 85 117 1
a 86 71 10
a 87 61 9
a 87 95 10
a 88 45 3
a 89 20 9
a 89 24 3
a 90 128 5
a 91 107 4
a 91 121 2
a 92 33 9
a 93 142 1
a 93 144 7
a 93 175 7
a 94 127 7
a 94 155 6
a 95 3 8
a 95 102 7
a 96 175 8
a 97 125 4
a 98 72 4
a 98 90 2
a 99 79 6
a 99 193 6
a 100 169 10
a 101 84 1
a 102 145 6
a 102 154 10
a 103 10 5
a 103 25 9
a 103 65 7
a 104 172 9
a 105 182 7
a 106 16 10
a 106 82 1
a 107 55 3
a 107 127 10
a 107 146 6
a 108 74 6
a 108 96 9
a 108 179 9
a 109 125 6
a 109 177 9
a 110 27 2
a 110 93 3
a 111 135 8
a 112 6 9
a 112 22 6
a 112 89 4
a 112 99 2
a 113 13 10
a 113 176 5
a 113 188 7
a 114 70 10
a 115 32 8
a 115 49 8
a 115 54 10
a 115 109 9
a 116 103 4
a 116 172 6
a 116 184 5
a 117 87 7
a 117 183 2
a 118 5 5
a 118 110 5
a 119 5 8
a 119 128 7
a 120 111 3
a 121 151 8
a 122 142 4
a 123 136 10
a 124 95 4
a 124 161 1
a 125 61 2
a 125 90 5
a 125 186 1
a 126 28 10
a 126 94 5
a 127 19 6
a 127 24 4
a 128 64 8
a 128 81 4
a 129 126 5
a 130 114 8
a 130 165 2
a 131 54 9
a 132 64 1
a 133 161 6
a 134 109 7
a 135 50 5
a 136 17 6
a 136 46 3
a 136 115 2
a 137 69 2
a 137 145 10
a 138 99 9
a 139 2 1
a 139 7 7
a 139 126 10
a 140 127 1
a 140 136 5
a 141 29 10
a 142 104 1
a 143 67 7
a 143 82 4
a 143 197 10
a 144 97 9
a 145 68 4
a 146 30 2
a 146 168 3
a 146 180 5
a 147 15 9
a 147 19 9
a 147 78 4
a 147 112 2
a 148 3 9
a 148 18 5
a 148 195 1
a 149 23 6
a 149 33 2
a 149 94 7
a 150 12 1
a 150 111 2
a 150 174 1
a 151 39 3
a 151 75 9
a 152 25 1
a 152 75 5
a 152 167 5
a 153 55 3
a 153 106 6
a 154 32 9
a 155 23 5
a 155 50 6
a 156 58 4
a 156 141 6
a 157 36 2
a 157 107 6
a 158 57 4
a 158 107 2
a 158 196 5
a 159 54 7
a 159 135 2
a 159 171 5
a 160 89 1
a 161 143 3
a 162 187 6
a 163 3 2
a 164 100 2
a 164 116 9
a 165 31 5
a 165 128 5
a 166 69 6
a 166 143 4
a 167 94 7
a 168 58 9
a 168 101 9
a 168 199 6
a 169 68 2
a 169 87 1
a 169 101 8
a 169 157 10
a 170 34 3
a 170 44 6
a 171 118 8
a 172 14 6
a 172 184 7
a 173 61 5
a 173 119 9
a 174 43 2
a 174 112 3
a 175 146 5
a 176 41 1
a 177 23 2
a 177 57 8
a 177 156 4
a 178 132 6
a 179 38 5
a 180 54 1
a 181 63 9
a 181 132 8
a 182 55 6
a 182 91 4
a 182 96 10
a 183 74 10
a 183 76 9
a 184 60 7
a 184 64 9
a 185 4 6
a 185 58 5
a 185 71 7
a 186 35 8
a 186 45 9
a 186 85 2
a 186 177 5
a 187 26 9
a 187 64 6
a 187 93 7
a 187 95 3
a 188 90 10
a 189 75 4
a 190 60 6
a 191 117 3
a 192 93 2
a 192 138 10
a 193 16 5
a 193 48 4
a 193 185 2
a 194 87 4
a 194 166 8
a 194 190 1
a 195 3 8
a 195 147 3
a 195 168 1
a 195 189 1
a 195 200 7
a 196 137 1
a 197 4 4
a 197 66 5
a 197 105 1
a 198 111 9
a 198 140 4
a 199 27 8
a 199 51 10
