p max 200 400
n 1 s
n 200 t
a 1 86 3
a 1 192 1
a 2 114 4
a 2 178 4
a 3 54 10
a 3 95 10
a 4 20 9
a 4 65 4
a 4 73 2
a 4 114 1
a 5 120 5
a 6 134 3
a 7 67 3
a 7 83 5
a 8 65 1
a 8 75 6
a 8 87 6
a 9 118 7
a 9 194 8
a 10 141 8
a 11 182 9
a 12 51 2
a 12 126 2
a 12 173 9
a 13 102 1
a 14 54 6
a 14 79 7
a 14 111 6
a 14 130 5
a 14 168 5
a 14 169 6
a 15 23 4
a 15 147 5
a 16 121 9
a 16 144 1
a 17 26 8
a 18 64 5
a 18 128 10
a 18 199 6
a 19 71 9
a 19 134 7
a 20 78 6
a 21 181 7
a 21 198 8
a 22 171 7
a 23 106 6
a 23 116 8
a 23 178 7
a 24 151 9
a 25 103 2
a 26 91 6
a 27 2 7
a 27 192 10
a 28 163 2
a 29 142 5
a 29 163 4
a 29 171 4
a 30 175 3
a 31 101 5
a 31 114 5
a 31 135 3
a 31 180 4
a 32 24 2
a 33 170 9
a 34 31 6
a 34 131 9
a 35 64 9
a 35 180 9
a 36 35 7
a 36 145 8
a 37 26 5
a 37 58 2
a 37 104 10
a 37 136 3
a 38 157 2
a 39 174 10
a 39 194 7
a 40 63 9
a 40 158 8
a 41 15 8
a 41 57 6
a 41 172 2
a 42 32 6
a 42 41 3
a 43 45 8
a 43 198 1
a 44 14 2
a 44 77 5
a 44 172 5
a 45 60 4
a 45 195 2
a 46 57 8
a 46 127 10
a 46 149 9
a 46 182 7
a 47 160 1
a 47 195 2
a 48 197 6
a 49 122 7
a 50 9 7
a 50 145 5
a 50 152 1
a 51 96 3
a 51 105 3
a 52 27 7
a 52 188 7
a 53 7 9
a 53 79 3
a 53 85 8
a 54 51 9
a 55 176 7
a 56 36 2
a 56 89 7
a 57 13 1
a 57 20 6
a 57 43 10
a 58 192 1
a 59 10 8
a 59 56 6
a 59 141 5
a 60 35 8
a 60 85 5
a 61 30 8
a 61 191 7
a 62 116 8
a 62 151 9
a 63 50 8
a 63 94 5
a 63 118 3
a 64 62 5
a 64 155 2
a 65 37 3
a 65 112 2
a 65 148 5
a 66 118 3
a 66 137 9
a 67 179 3
a 68 64 1
a 69 88 10
a 69 125 6
a 69 156 10
a 69 191 8
a 70 35 3
a 71 29 1
a 71 49 9
a 71 110 1
a 71 164 1
a 71 183 7
a 71 184 8
a 72 119 4
a 72 121 1
a 72 197 4
a 73 2 5
a 73 66 6
a 74 37 8
a 74 185 10
a 75 39 10
a 75 105 1
a 76 58 1
a 77 39 5
a 77 106 10
a 77 162 8
a 78 28 9
a 78 47 6
a 79 126 3
a 80 79 7
a 80 152 7
a 81 187 2
a 82 135 7
a 83 9 10
a 83 72 2
a 84 56 9
a 84 129 10
a 85 51 3
a 85 145 9
a 86 79 8
a 87 19 7
a 87 72 9
a 87 82 10
a 88 193 10
a 89 20 3
a 90 80 3
a 90 144 8
a 91 90 5
a 91 164 9
a 92 157 7
a 92 190 3
a 93 188 6
a 94 98 9
a 94 108 6
a 94 149 10
a 95 21 5
a 96 92 5
a 96 97 1
a 96 163 6
a 97 27 5
a 98 42 4
a 98 72 8
a 99 69 10
a 100 64 2
a 100 140 4
a 101 40 1
a 101 179 7
a 102 45 4
a 102 200 5
a 103 28 10
a 103 69 5
a 103 81 6
a 103 115 10
a 103 117 6
a 103 124 6
a 104 5 5
a 104 44 3
a 104 58 7
a 104 147 7
a 105 4 2
a 105 50 1
a 105 61 8
a 106 84 6
a 106 150 4
a 107 101 7
a 108 165 3
a 108 174 1
a 108 193 9
a 109 34 5
a 110 4 1
a 110 144 6
a 111 33 4
a 111 43 4
a 112 146 3
a 113 87 10
a 114 56 10
a 114 126 9
a 114 139 5
a 115 108 3
a 116 121 2
a 117 12 10
a 117 183 7
a 118 117 8
a 118 147 2
a 119 22 2
a 119 125 7
a 120 126 5
a 120 167 7
a 121 155 2
a 122 119 7
a 122 182 10
a 123 147 1
a 123 185 8
a 124 181 6
a 125 25 9
a 125 126 3
a 125 127 7
a 125 170 1
a 126 109 9
a 127 45 8
a 127 186 3
a 128 33 1
a 128 189 9
a 129 76 10
a 130 176 6
a 130 177 9
a 131 182 9
a 132 23 8
a 133 119 6
a 134 98 9
a 135 8 2
a 135 123 5
a 136 96 6
a 136 164 2
a 137 74 1
a 137 120 5
a 137 169 4
a 138 18 4
a 138 153 1
a 138 195 8
a 139 91 9
a 139 190 7
a 140 48 6
a 140 103 4
a 141 18 2
a 141 63 6
a 142 49 3
a 143 78 10
a 143 145 8
a 144 188 2
a 145 117 4
a 145 136 8
a 146 3 1
a 146 70 7
a 146 176 9
a 147 154 1
a 148 101 10
a 148 102 2
a 148 138 10
a 148 159 4
a 149 92 6
a 149 199 2
a 150 65 2
a 150 166 7
a 150 187 2
a 151 115 1
a 152 97 5
a 153 157 1
a 154 9 10
a 154 16 8
a 155 6 9
a 156 79 6
a 156 91 10
a 157 94 6
a 157 113 9
a 157 200 5
a 158 24 1
a 158 103 9
a 158 109 10
a 159 127 9
a 159 161 10
a 159 189 3
a 160 7 9
a 161 131 4
a 162 43 3
a 162 67 2
a 163 107 10
a 163 162 9
a 164 38 8
a 164 146 7
a 164 152 9
a 164 154 8
a 165 163 9
a 166 6 9
a 166 15 3
a 167 40 6
a 167 52 10
a 167 101 4
a 168 161 1
a 169 55 8
a 169 126 8
a 170 101 8
a 170 103 3
a 170 153 8
a 171 76 6
a 171 132 2
a 171 138 1
a 172 23 8
a 172 32 8
a 172 150 9
a 173 31 5
a 173 71 8
a 174 37 3
a 174 53 7
a 174 143 10
a 175 105 7
a 176 57 2
a 177 17 8
a 177 28 5
a 178 99 3
a 178 155 2
a 178 188 5
a 179 164 2
a 180 135 10
a 180 196 5
a 181 54 3
a 182 20 2
a 183 164 2
a 184 13 1
a 184 34 6
a 185 142 5
a 186 36 9
a 186 70 3
a 186 125 1
a 187 11 10
a 187 68 4
a 188 38 7
a 189 13 1
a 189 21 3
a 189 51 5
a 189 59 5
a 190 46 4
a 190 68 4
a 190 189 1
a 191 132 5
a 192 8 5
a 192 59 2
a 193 36 6
a 193 116 10
a 194 33 1
a 195 2 3
a 195 177 6
a 196 50 5
a 196 93 7
a 196 99 2
a 196 100 8
a 196 122 9
a 196 198 5
a 197 20 6
a 197 71 4
a 198 89 5
a 199 133 9
a 199 175 7
a 199 187 10
