p max 200 400
n 1 s
n 200 t
a 1 16 10
a 1 122 8
a 2 18 1
a 2 154 1
a 3 61 2
a 4 109 5
a 5 30 5
a 6 69 6
a 6 125 1
a 7 12 1
a 7 38 1
a 8 131 2
a 9 74 5
a 10 76 4
a 10 159 2
a 11 49 2
a 12 68 4
a 12 112 6
a 13 79 9
a 13 187 2
a 14 17 7
a 14 115 9
a 15 113 7
a 16 46 3
a 16 82 2
a 16 88 10
a 16 198 1
a 17 90 9
a 17 168 4
a 18 54 5
a 18 56 5
a 19 119 3
a 19 160 4
a 20 128 2
a 21 11 6
a 21 37 9
a 22 42 10
a 22 45 6
a 22 48 9
a 23 75 5
a 24 48 9
a 24 94 1
a 24 106 8
a 24 113 10
a 25 72 7
a 25 102 10
a 25 175 2
a 26 126 8
a 27 38 4
a 27 124 7
a 28 185 5
a 29 44 2
a 30 20 2
a 30 161 5
a 31 39 10
a 31 52 6
a 31 116 2
a 31 118 7
a 32 14 2
a 32 128 10
a 32 170 9
a 32 184 6
a 33 40 4
a 33 138 4
a 33 174 5
a 34 52 7
a 35 151 2
a 36 15 3
a 36 103 2
a 37 171 7
a 38 17 7
a 38 30 8
a 38 131 6
a 39 19 1
a 39 192 7
a 40 43 5
a 40 61 2
a 40 125 8
a 40 148 2
a 41 99 5
a 41 123 4
a 41 190 7
a 42 73 1
a 42 105 10
a 43 126 9
a 43 150 3
a 43 199 5
a 44 25 5
a 45 90 9
a 45 103 10
a 46 52 5
a 46 77 6
a 46 155 9
a 46 185 2
a 47 9 1
a 47 24 10
a 47 26 6
a 47 153 4
a 48 78 4
a 48 106 4
a 49 133 8
a 49 182 4
a 50 142 1
a 51 37 6
a 51 91 1
a 51 95 7
a 52 30 2
a 52 188 6
a 53 20 5
a 53 152 9
a 53 157 2
a 54 168 7
a 54 177 5
a 55 7 9
a 55 60 3
a 56 92 6
a 56 147 10
a 57 11 5
a 57 22 10
a 57 86 9
a 57 119 2
a 57 196 6
a 58 36 10
a 59 27 8
a 59 31 10
a 59 137 1
a 60 108 8
a 61 43 8
a 62 48 9
a 62 49 9
a 63 26 2
a 63 64 9
a 63 105 9
a 63 120 4
a 63 186 2
a 63 200 6
a 64 6 4
a 64 56 6
a 65 23 10
a 65 33 7
a 65 96 2
a 66 65 6
a 66 200 3
a 67 50 5
a 67 192 2
a 68 53 2
a 68 65 4
a 68 87 9
a 68 179 1
a 69 107 4
a 69 127 4
a 70 173 6
a 71 122 7
a 71 162 10
a 72 35 2
a 73 82 8
a 74 86 6
a 75 69 7
a 76 48 8
a 76 193 9
a 77 36 1
a 77 189 10
a 78 168 4
a 78 190 5
a 79 65 3
a 80 51 10
a 80 59 10
a 80 197 7
a 81 93 6
a 82 70 7
a 82 92 1
a 83 54 3
a 84 121 9
a 85 57 8
a 85 118 4
a 85 135 4
a 86 77 9
a 86 104 5
a 87 21 1
a 87 34 7
a 87 110 9
a 88 21 6
a 88 181 2
a 89 124 1
a 90 98 3
a 91 137 5
a 91 151 2
a 92 200 6
a 93 60 1
a 94 191 4
a 95 186 1
a 96 29 6
a 96 57 1
a 96 75 3
a 96 187 7
a 97 176 1
a 98 14 3
a 98 194 3
a 99 31 6
a 99 115 10
a 100 41 2
a 101 13 3
a 101 51 6
a 101 122 3
a 101 136 9
a 101 143 4
a 102 112 3
a 102 154 3
a 103 87 7
a 104 8 1
a 104 31 10
a 104 171 3
a 105 28 5
a 105 50 8
a 106 54 8
a 107 6 4
a 107 62 3
a 107 186 10
a 108 93 4
a 108 194 6
a 108 199 3
a 109 115 8
a 109 161 2
a 110 158 1
a 110 194 2
a 111 48 5
a 111 130 5
a 112 71 8
a 113 22 8
a 113 72 6
a 113 85 4
a 113 89 10
a 114 45 10
a 115 9 4
a 115 60 9
a 116 11 2
a 116 46 7
a 117 58 2
a 117 164 3
a 117 176 3
a 118 16 3
a 118 67 5
a 118 146 2
a 119 90 4
a 120 8 7
a 121 186 1
a 122 4 2
a 122 17 2
a 122 166 7
a 123 33 9
a 123 162 6
a 124 16 6
a 125 18 6
a 126 95 5
a 127 191 1
a 128 57 7
a 128 70 8
a 128 92 2
a 128 145 5
a 129 142 9
a 129 181 9
a 130 28 8
a 130 80 2
a 131 79 2
a 131 133 10
a 132 174 10
a 133 146 2
a 134 98 9
a 135 48 8
a 136 23 5
a 137 22 3
a 137 44 4
a 138 41 6
a 138 121 7
a 138 149 4
a 139 5 7
a 139 84 2
a 140 66 4
a 140 181 6
a 141 128 7
a 142 178 6
a 143 170 7
a 144 37 3
a 145 71 3
a 145 135 10
a 146 70 6
a 147 35 4
a 147 55 6
a 147 58 4
a 148 62 8
a 149 38 2
a 150 87 7
a 150 108 8
a 151 7 2
a 151 196 7
a 152 69 4
a 153 82 10
a 154 67 7
a 154 141 2
a 155 163 4
a 155 175 9
a 156 100 3
a 156 141 8
a 157 172 6
a 157 190 6
a 158 18 8
a 158 107 9
a 158 167 6
a 159 59 4
a 159 129 1
a 160 18 2
a 160 114 9
a 160 173 10
a 161 191 3
a 161 200 3
a 162 47 3
a 162 83 10
a 162 144 5
a 162 169 6
a 163 77 6
a 164 2 7
a 164 67 8
a 164 81 2
a 165 35 5
a 165 101 7
a 165 140 8
a 165 196 5
a 166 83 3
a 167 153 3
a 168 115 5
a 168 117 8
a 168 130 4
a 169 64 6
a 169 195 6
a 170 25 9
a 170 184 10
a 171 36 2
a 171 59 6
a 171 165 1
a 171 191 8
a 172 70 9
a 173 6 6
a 173 47 3
a 173 53 7
a 174 131 7
a 175 12 3
a 175 47 6
a 176 63 3
a 176 93 9
a 176 112 1
a 177 16 4
a 177 192 1
a 178 145 8
a 179 11 1
a 179 189 1
a 180 111 10
a 180 177 1
a 180 197 9
a 181 43 9
a 181 109 7
a 182 86 5
a 182 132 6
a 183 89 10
a 184 97 6
a 184 145 10
a 184 180 8
a 185 3 7
a 185 40 6
a 185 125 5
a 186 20 1
a 186 134 10
a 186 154 3
a 187 10 10
a 187 43 9
a 187 122 9
a 187 159 2
a 188 90 10
a 189 21 3
a 189 85 1
a 190 98 6
a 190 150 9
a 191 142 6
a 192 32 5
a 192 83 10
a 192 84 2
a 192 139 1
a 192 156 8
a 193 115 2
a 194 89 6
a 194 178 8
a 195 41 2
a 195 163 6
a 196 51 6
a 196 74 3
a 197 46 3
a 198 109 7
a 198 151 9
a 198 183 7
a 199 25 2
a 199 184 4
