p max 200 400
n 1 s
n 200 t
a 1 29 7
a 1 72 10
a 1 79 8
a 1 103 10
a 1 181 8
a 2 12 7
a 2 36 7
a 2 142 2
a 3 62 4
a 3 87 4
a 3 106 8
a 3 179 7
a 3 196 3
a 4 27 9
a 5 132 1
a 6 116 10
a 7 171 8
a 8 81 7
a 9 8 1
a 9 98 9
a 9 138 2
a 9 159 5
a 10 18 2
a 10 97 7
a 10 155 4
a 10 172 4
a 11 3 6
a 11 97 8
a 11 115 3
a 11 164 3
a 12 138 10
a 13 183 9
a 14 28 9
a 14 169 6
a 15 124 4
a 15 177 9
a 16 6 1
a 16 19 4
a 16 186 2
a 17 77 1
a 18 4 6
a 18 126 6
a 18 128 5
a 19 52 10
a 19 148 3
a 20 154 5
a 21 20 7
a 22 127 10
a 23 80 9
a 23 113 6
a 23 119 1
a 23 189 10
a 24 48 3
a 24 194 6
a 25 117 2
a 25 132 8
a 25 134 3
a 25 191 7
a 26 37 3
a 26 107 6
a 27 75 6
a 27 105 4
a 28 56 4
a 29 61 2
a 29 65 5
a 29 88 10
a 29 187 2
a 30 83 4
a 30 145 5
a 30 190 8
a 31 111 7
a 32 90 4
a 32 116 6
a 32 140 5
a 32 189 9
a 33 9 6
a 33 86 4
a 33 161 2
a 34 123 8
a 35 151 9
a 36 79 9
a 36 146 3
a 37 136 10
a 38 91 2
a 38 118 9
a 38 177 10
a 39 34 7
a 40 14 4
a 40 102 1
a 41 160 9
a 41 175 4
a 42 22 1
a 42 32 10
a 42 101 10
a 42 174 2
a 43 64 5
a 43 121 1
a 43 200 1
a 44 104 1
a 45 118 5
a 45 164 7
a 46 33 9
a 46 41 9
a 46 130 1
a 47 49 4
a 48 187 5
a 49 95 3
a 49 139 9
a 50 107 5
a 50 191 9
a 51 54 3
a 52 153 9
a 53 51 10
a 53 76 7
a 54 173 6
a 55 108 2
a 55 146 5
a 56 38 3
a 56 127 2
a 56 153 1
a 57 130 7
a 58 71 3
a 58 118 3
a 58 152 4
a 59 149 9
a 60 84 2
a 60 101 6
a 61 7 6
a 61 162 7
a 62 68 3
a 62 137 7
a 62 191 1
a 63 36 3
a 63 49 3
a 63 76 10
a 64 120 4
a 65 14 1
a 65 31 5
a 65 110 2
a 66 33 4
a 66 70 2
a 66 74 8
a 67 150 7
a 67 171 5
a 67 176 2
a 68 156 7
a 69 114 1
a 69 141 2
a 70 150 7
a 71 5 7
a 71 126 10
a 72 69 7
a 72 70 4
a 73 98 5
a 74 82 1
a 74 91 6
a 75 39 6
a 75 145 8
a 76 122 3
a 76 150 9
a 76 194 8
a 77 64 4
a 78 100 1
a 78 165 8
a 79 52 7
a 79 166 6
a 80 6 2
a 80 133 1
a 80 158 10
a 81 22 5
a 82 80 9
a 82 93 7
a 82 147 1
a 83 15 5
a 83 54 9
a 83 185 4
a 84 55 10
a 84 99 10
a 84 200 6
a 85 182 10
a 86 46 3
a 86 94 1
a 86 132 8
a 87 16 9
a 88 16 6
a 88 52 10
a 88 186 1
a 89 40 6
a 90 121 8
a 91 43 8
a 91 56 1
a 91 169 1
a 92 13 1
a 92 81 3
a 92 104 3
a 92 130 4
a 93 60 5
a 93 72 3
a 93 129 10
a 94 8 4
a 95 167 1
a 95 174 4
a 96 85 9
a 97 76 7
a 98 2 1
a 98 104 2
a 98 112 3
a 98 173 9
a 98 188 8
a 99 63 8
a 99 107 8
a 100 17 10
a 100 28 7
a 101 97 7
a 101 185 5
a 102 54 6
a 102 131 9
a 102 156 4
a 102 193 3
a 102 199 9
a 103 13 1
a 103 42 9
a 104 160 5
a 105 95 8
a 106 107 7
a 106 163 7
a 107 17 9
a 108 49 1
a 108 53 4
a 109 92 1
a 109 170 2
a 110 56 10
a 111 162 2
a 112 33 9
a 113 100 8
a 113 165 9
a 114 68 5
a 115 75 8
a 116 103 5
a 117 86 10
a 118 169 4
a 119 78 9
a 120 60 4
a 120 184 5
a 120 192 5
a 120 198 7
a 121 100 6
a 122 12 7
a 122 168 1
a 122 176 1
a 123 105 8
a 124 30 10
a 124 34 9
a 124 162 5
a 125 87 5
a 126 58 5
a 127 11 6
a 127 89 2
a 128 135 8
a 128 170 8
a 129 61 8
a 130 63 3
a 130 143 4
a 131 141 4
a 131 175 2
a 132 14 7
a 132 38 2
a 132 96 3
a 133 56 1
a 133 178 7
a 133 195 10
a 134 55 2
a 134 102 5
a 135 11 9
a 136 137 1
a 137 21 6
a 137 29 8
a 137 164 10
a 138 97 3
a 139 53 2
a 140 68 8
a 141 10 4
a 141 187 7
a 141 193 9
a 142 195 10
a 143 104 1
a 143 114 2
a 143 149 4
a 144 9 3
a 145 22 1
a 145 58 6
a 146 19 6
a 146 157 1
a 147 85 5
a 147 108 1
a 148 44 5
a 148 125 2
a 149 47 9
a 149 108 3
a 149 131 2
a 149 145 1
a 150 155 5
a 151 92 7
a 152 73 4
a 152 87 6
a 153 154 3
a 153 167 4
a 154 27 1
a 154 121 5
a 155 136 7
a 156 105 2
a 157 4 7
a 157 94 6
a 158 50 10
a 158 67 9
a 159 67 9
a 159 84 2
a 160 33 2
a 160 66 1
a 160 150 9
a 161 4 1
a 161 180 7
a 162 7 10
a 162 136 5
a 163 20 5
a 163 154 1
a 164 77 4
a 164 95 9
a 164 109 10
a 164 151 4
a 165 40 6
a 165 69 4
a 165 93 3
a 166 25 6
a 166 134 1
a 167 69 9
a 168 65 3
a 168 78 1
a 168 170 7
a 169 86 4
a 170 32 3
a 171 99 6
a 171 133 2
a 172 24 4
a 172 120 5
a 173 110 9
a 173 120 9
a 173 159 6
a 173 197 2
a 174 23 9
a 174 26 10
a 174 111 2
a 175 132 7
a 175 135 8
a 175 169 7
a 176 138 4
a 177 7 1
a 177 11 6
a 177 64 3
a 178 93 5
a 178 130 5
a 179 131 5
a 180 163 7
a 181 163 8
a 182 30 3
a 183 195 5
a 184 170 7
a 185 44 1
a 185 45 3
a 185 59 4
a 185 105 9
a 186 85 1
a 186 125 1
a 187 123 10
a 187 199 10
a 188 140 5
a 188 182 3
a 189 83 6
a 190 90 9
a 191 35 10
a 191 139 6
a 191 194 5
a 192 31 6
a 192 57 1
a 192 58 1
a 192 144 1
a 193 62 8
a 193 139 3
a 193 183 10
a 194 3 8
a 194 154 6
a 195 81 9
a 196 26 7
a 196 127 10
a 197 89 10
a 197 118 5
a 198 86 8
a 198 99 9
a 199 9 10
a 199 83 3
