p max 200 400
n 1 s
n 200 t
a 1 70 5
a 2 27 4
a 2 59 7
a 2 81 1
a 3 49 3
a 3 61 8
a 4 95 7
a 4 157 2
a 5 18 7
a 5 174 4
a 6 86 1
a 7 10 9
a 8 35 7
a 9 22 7
a 9 134 2
a 10 111 1
a 11 2 6
a 11 19 3
a 11 115 6
a 11 194 3
a 12 43 8
a 12 157 3
a 13 4 9
a 13 91 9
a 13 155 9
a 14 93 1
a 14 115 5
a 14 156 10
a 14 197 3
a 15 171 9
a 16 3 6
a 17 48 10
a 17 145 7
a 18 140 1
a 18 168 9
a 19 164 8
a 20 52 1
a 20 118 6
a 21 37 10
a 21 67 1
a 21 84 2
a 21 138 5
a 22 36 5
a 22 141 10
a 23 57 10
a 23 110 9
a 24 123 6
a 24 134 10
a 24 139 3
a 24 167 8
a 25 24 8
a 25 38 3
a 25 111 8
a 25 170 5
a 26 78 10
a 26 190 10
a 27 3 6
a 27 16 2
a 28 145 9
a 29 32 8
a 29 131 1
a 30 181 5
a 31 34 4
a 31 96 6
a 32 42 2
a 32 64 1
a 32 74 2
a 32 109 6
a 32 160 8
a 33 65 3
a 33 75 9
a 33 176 9
a 34 66 4
a 35 13 3
a 36 99 2
a 36 163 9
a 37 184 5
a 38 108 5
a 38 173 7
a 38 193 10
a 39 14 5
a 39 69 4
a 40 147 10
a 40 173 4
a 41 50 1
a 41 135 6
a 42 77 1
a 42 120 4
a 43 85 1
a 44 101 7
a 45 64 10
a 45 191 1
a 46 45 9
a 46 128 3
a 47 175 9
a 48 180 9
a 49 122 2
a 49 163 2
a 49 169 7
a 49 185 7
a 49 195 9
a 50 13 7
a 51 96 3
a 52 78 1
a 52 95 6
a 52 168 8
a 53 6 3
a 53 135 5
a 54 7 6
a 54 144 6
a 54 147 3
a 55 50 6
a 55 51 1
a 55 103 3
a 55 146 2
a 56 23 3
a 56 101 3
a 57 58 10
a 58 42 2
a 58 46 9
a 59 149 10
a 60 25 6
a 60 130 4
a 61 72 8
a 61 188 8
a 62 37 1
a 62 85 1
a 62 183 5
a 63 17 1
a 63 106 7
a 63 125 4
a 63 148 2
a 64 5 2
a 65 73 5
a 65 120 1
a 66 9 3
a 66 129 7
a 67 61 1
a 68 100 1
a 69 115 1
a 70 141 10
a 70 151 8
a 71 10 10
a 71 162 4
a 72 35 9
a 72 82 6
a 72 176 6
a 73 187 6
a 74 188 7
a 75 31 7
a 75 157 1
a 76 33 8
a 76 133 5
a 77 123 5
a 77 152 4
a 77 153 10
a 77 198 5
a 78 152 9
a 79 11 10
a 79 62 6
a 79 84 5
a 80 29 2
a 80 134 5
a 81 52 5
a 81 182 4
a 81 184 10
a 82 46 1
a 82 200 8
a 83 55 10
a 84 51 5
a 85 42 6
a 85 56 6
a 86 104 4
a 86 139 3
a 87 90 2
a 87 145 3
a 88 75 6
a 88 87 8
a 88 116 6
a 88 171 1
a 89 112 2
a 90 97 1
a 90 174 8
a 91 102 9
a 91 164 7
a 92 187 4
a 93 9 9
a 93 121 7
a 93 127 3
a 93 153 6
a 94 70 2
a 94 140 8
a 95 37 2
a 95 181 10
a 96 44 2
a 96 116 1
a 97 26 10
a 97 132 4
a 98 27 9
a 98 158 2
a 99 8 7
a 99 48 10
a 99 178 5
a 99 189 7
a 100 10 7
a 100 56 5
a 101 81 3
a 102 75 1
a 102 81 5
a 102 142 10
a 102 200 6
a 103 71 9
a 103 149 5
a 104 136 3
a 104 182 4
a 105 9 2
a 105 17 6
a 105 58 9
a 105 170 9
a 105 177 9
a 106 66 2
a 106 76 7
a 107 80 5
a 108 36 3
a 109 41 5
a 109 133 6
a 110 90 6
a 111 20 5
a 111 113 8
a 111 141 1
a 112 21 2
a 112 61 6
a 112 79 2
a 113 43 3
a 113 47 1
a 114 28 6
a 114 117 9
a 115 49 8
a 116 65 3
a 117 42 6
a 117 51 9
a 117 54 10
a 117 55 2
a 118 22 6
a 119 107 10
a 119 131 2
a 119 180 3
a 120 6 1
a 120 66 8
a 120 122 7
a 121 40 6
a 121 158 4
a 122 154 2
a 122 180 3
a 123 52 9
a 123 60 3
a 124 11 8
a 124 89 7
a 124 114 3
a 125 5 1
a 125 12 9
a 125 153 9
a 126 37 8
a 127 101 8
a 128 161 4
a 129 36 2
a 129 169 3
a 130 43 5
a 130 92 3
a 131 74 5
a 131 126 7
a 132 16 5
a 132 31 6
a 133 26 10
a 133 69 3
a 134 88 4
a 134 164 4
a 134 199 5
a 135 110 6
a 135 119 8
a 135 157 6
a 136 141 5
a 137 15 9
a 137 81 8
a 137 150 6
a 138 71 2
a 139 20 9
a 140 30 5
a 140 74 3
a 140 191 7
a 141 86 8
a 142 34 4
a 142 81 6
a 142 86 3
a 143 120 8
a 144 83 5
a 144 97 8
a 144 152 9
a 145 124 6
a 145 137 9
a 145 146 8
a 146 50 8
a 146 68 1
a 146 102 4
a 146 155 2
a 147 112 7
a 147 175 2
a 148 77 3
a 149 65 8
a 150 27 9
a 151 48 4
a 152 35 1
a 152 45 10
a 152 63 7
a 152 130 6
a 153 97 3
a 154 21 10
a 154 72 9
a 155 91 3
a 156 150 5
a 157 26 9
a 157 107 3
a 157 143 1
a 157 169 3
a 158 165 4
a 158 189 7
a 159 120 9
a 159 150 1
a 160 98 9
a 160 189 5
a 161 102 1
a 162 119 9
a 163 97 6
a 163 104 10
a 164 166 6
a 164 184 10
a 164 187 8
a 165 28 1
a 165 78 2
a 166 163 4
a 167 148 6
a 167 196 9
a 168 199 1
a 169 115 4
a 169 145 3
a 170 7 3
a 170 11 4
a 170 161 4
a 171 122 6
a 172 39 10
a 172 67 5
a 173 100 4
a 173 115 6
a 173 172 8
a 173 199 9
a 174 183 4
a 174 187 4
a 175 105 4
a 175 148 8
a 176 13 7
a 176 53 6
a 176 93 3
a 177 163 8
a 177 192 7
a 178 73 2
a 178 94 10
a 179 112 1
a 179 162 4
a 180 7 4
a 180 113 6
a 181 62 4
a 182 115 4
a 183 85 8
a 183 87 5
a 184 119 9
a 184 138 4
a 185 51 10
a 186 20 5
a 187 2 6
a 188 58 5
a 188 163 10
a 189 133 8
a 189 142 2
a 189 186 4
a 190 172 7
a 191 8 7
a 191 80 4
a 191 179 4
a 192 197 7
a 193 101 3
a 193 138 6
a 194 79 2
a 194 106 1
a 195 30 8
a 195 159 4
a 196 46 3
a 197 59 8
a 197 154 6
a 198 13 3
a 199 192 1
