p max 200 400
n 1 s
n 200 t
a 1 159 3
a 2 150 8
a 2 175 7
a 3 37 7
a 3 93 5
a 4 80 2
a 5 43 9
a 5 61 9
a 5 139 6
a 5 169 4
a 5 190 7
a 6 63 9
a 7 152 4
a 8 77 2
a 9 6 6
a 9 89 10
a 9 132 4
a 9 139 1
a 10 19 2
a 10 192 5
a 11 22 6
a 11 33 2
a 11 86 6
a 11 122 2
a 12 145 4
a 12 195 9
a 12 198 7
a 13 94 2
a 13 112 1
a 14 48 3
a 14 59 7
a 14 167 4
a 15 110 4
a 15 162 7
a 15 192 3
a 16 97 9
a 16 188 6
a 17 7 9
a 17 40 3
a 17 126 7
a 18 32 1
a 18 47 6
a 18 62 5
a 18 92 3
a 19 44 8
a 20 53 5
a 21 126 4
a 21 134 7
a 22 28 3
a 23 117 7
a 23 138 2
a 23 179 2
a 24 110 6
a 24 193 9
a 25 23 2
a 25 109 10
a 26 69 4
a 26 70 3
a 26 105 2
a 26 140 1
a 26 194 6
a 27 28 1
a 28 125 6
a 28 136 2
a 29 2 7
a 29 102 1
a 30 92 3
a 30 130 4
a 31 157 2
a 31 199 2
a 32 88 1
a 32 99 5
a 33 86 9
a 34 191 2
a 35 81 7
a 35 174 10
a 36 31 2
a 36 50 3
a 36 177 2
a 37 5 6
a 37 29 5
a 37 127 5
a 37 133 8
a 38 159 1
a 39 21 4
a 39 95 8
a 39 176 1
a 39 181 4
a 40 179 5
a 41 4 10
a 41 154 1
a 42 12 10
a 43 38 9
a 43 42 8
a 43 73 3
a 44 58 9
a 44 118 5
a 44 190 8
a 45 122 10
a 46 6 2
a 46 121 7
a 46 142 7
a 47 162 3
a 48 170 2
a 49 63 9
a 49 141 2
a 50 32 9
a 51 13 3
a 51 120 4
a 52 117 3
a 52 135 10
a 52 155 5
a 53 21 1
a 53 178 2
a 54 10 1
a 54 78 5
a 54 101 6
a 54 112 7
a 55 64 6
a 56 15 8
a 56 84 7
a 56 200 3
a 57 40 10
a 57 47 9
a 58 88 8
a 59 29 6
a 59 144 9
a 60 24 1
a 60 172 7
a 61 183 3
a 62 111 9
a 63 42 6
a 64 93 4
a 65 129 7
a 66 68 3
a 66 70 10
a 66 151 2
a 67 79 6
a 67 127 1
a 67 147 5
a 67 182 1
a 68 53 8
a 68 95 10
a 68 127 4
a 68 173 5
a 69 82 1
a 70 64 2
a 70 71 10
a 70 164 2
a 71 19 1
a 71 52 4
a 71 80 5
a 71 115 9
a 72 79 1
a 72 141 8
a 73 183 10
a 73 186 10
a 74 100 9
a 75 165 2
a 76 9 2
a 77 50 6
a 77 59 4
a 77 68 5
a 78 179 4
a 79 163 8
a 80 57 1
a 80 106 4
a 80 159 6
a 81 111 2
a 81 185 8
a 82 190 7
a 83 52 8
a 83 72 3
a 84 18 2
a 85 28 1
a 85 39 2
a 86 61 1
a 87 142 7
a 88 16 4
a 88 17 10
a 88 85 6
a 89 172 6
a 89 180 4
a 90 196 3
a 91 14 7
a 91 175 10
a 92 91 4
a 92 112 6
a 93 51 4
a 93 113 3
a 93 117 2
a 94 189 2
a 95 41 6
a 95 161 3
a 96 120 7
a 97 30 4
a 97 54 3
a 98 88 2
a 98 131 2
a 99 84 7
a 99 166 3
a 100 77 7
a 100 154 2
a 101 123 5
a 101 181 4
a 102 136 8
a 103 169 10
a 104 96 7
a 105 15 4
a 106 25 4
a 106 100 3
a 107 65 10
a 107 85 3
a 107 87 2
a 107 162 6
a 108 97 9
a 109 114 5
a 110 25 2
a 110 54 8
a 110 103 4
a 111 114 7
a 111 170 10
a 112 27 4
a 112 83 9
a 112 165 3
a 112 183 7
a 113 14 1
a 113 87 7
a 114 46 7
a 114 160 9
a 114 164 5
a 115 4 3
a 115 197 3
a 116 29 2
a 117 154 9
a 117 171 4
a 118 7 7
a 118 63 7
a 118 109 6
a 119 195 8
a 120 90 2
a 120 128 9
a 120 132 7
a 120 173 10
a 121 136 3
a 122 17 9
a 123 5 4
a 124 146 7
a 124 149 8
a 124 164 7
a 125 45 2
a 125 145 4
a 125 159 8
a 125 172 2
a 126 44 10
a 126 113 10
a 127 20 1
a 127 117 7
a 127 184 6
a 128 55 7
a 128 57 10
a 129 96 1
a 130 74 2
a 131 29 1
a 131 34 9
a 131 102 7
a 131 170 8
a 132 133 8
a 133 41 4
a 133 74 2
a 134 103 10
a 134 159 7
a 135 54 9
a 136 185 9
a 137 158 5
a 138 86 6
a 138 119 5
a 138 142 5
a 139 172 1
a 140 42 7
a 140 121 2
a 141 120 7
a 141 168 2
a 141 174 2
a 142 35 7
a 142 100 4
a 142 130 3
a 143 146 2
a 144 117 2
a 145 116 4
a 146 40 10
a 147 80 5
a 148 67 6
a 148 98 7
a 148 143 4
a 149 3 10
a 149 98 7
a 149 122 4
a 149 131 4
a 150 132 7
a 151 56 4
a 151 162 9
a 152 86 10
a 153 26 4
a 153 154 9
a 153 166 8
a 154 38 1
a 154 152 4
a 155 15 1
a 155 49 8
a 155 111 1
a 155 153 10
a 155 164 5
a 155 174 3
a 156 23 5
a 157 93 3
a 157 129 1
a 157 156 8
a 158 11 6
a 158 61 1
a 158 96 9
a 159 81 5
a 160 11 1
a 160 68 7
a 160 187 3
a 161 82 1
a 161 151 5
a 162 36 5
a 162 76 10
a 163 9 6
a 163 124 1
a 163 200 7
a 164 84 3
a 165 2 8
a 165 76 6
a 166 195 6
a 167 80 10
a 168 60 9
a 168 63 1
a 169 8 10
a 169 18 2
a 169 137 5
a 169 142 7
a 170 28 6
a 170 87 10
a 171 66 8
a 171 199 5
a 172 173 9
a 172 196 4
a 173 33 8
a 173 48 8
a 174 75 7
a 174 93 2
a 175 41 5
a 176 49 3
a 176 148 9
a 177 52 7
a 177 124 8
a 178 157 2
a 178 188 4
a 179 98 6
a 180 12 10
a 180 52 6
a 180 75 9
a 181 69 9
a 182 18 5
a 183 147 6
a 184 7 6
a 184 107 3
a 185 101 1
a 185 189 3
a 186 61 8
a 186 93 3
a 186 189 1
a 187 163 5
a 187 195 1
a 188 9 3
a 188 125 10
a 189 110 6
a 189 158 10
a 190 138 9
a 191 111 3
a 192 20 6
a 192 41 3
a 192 108 9
a 192 116 7
a 193 97 10
a 193 111 8
a 194 62 8
a 195 196 10
a 196 104 3
a 197 60 7
a 197 135 6
a 197 183 5
a 197 191 7
a 198 49 7
a 198 104 4
a 198 128 2
a 198 167 1
a 199 83 5
