p max 200 400
n 1 s
n 200 t
a 1 80 2
a 1 149 2
a 2 82 3
a 2 100 3
a 3 41 6
a 3 100 8
a 4 144 6
a 5 31 3
a 6 109 7
a 7 57 2
a 7 62 5
a 8 19 2
a 8 139 2
a 9 2 4
a 9 101 2
a 9 121 7
a 10 49 5
a 10 133 4
a 11 93 3
a 12 27 8
a 12 136 3
a 13 84 1
a 13 132 6
a 14 65 6
a 14 120 10
a 15 173 5
a 16 45 3
a 16 79 6
a 16 84 3
a 16 87 1
a 17 56 9
a 17 141 3
a 17 179 9
a 18 19 2
a 18 94 7
a 19 39 9
a 19 67 1
a 20 192 6
a 21 50 1
a 21 179 3
a 22 60 10
a 22 83 5
a 22 169 7
a 23 121 9
a 23 145 8
a 24 103 2
a 24 135 5
a 25 31 5
a 25 126 4
a 26 22 1
a 26 123 8
a 27 127 8
a 27 143 3
a 28 7 1
a 28 114 2
a 29 101 3
a 30 174 2
a 31 57 2
a 31 136 5
a 32 131 7
a 32 195 5
a 33 174 5
a 34 150 5
a 34 199 1
a 35 12 3
a 35 18 6
a 36 169 6
a 37 146 2
a 38 73 2
a 38 101 2
a 39 186 7
a 40 13 1
a 40 135 6
a 41 115 2
a 42 58 4
a 42 79 5
a 42 91 8
a 42 129 3
a 43 10 9
a 43 104 1
a 43 144 1
a 43 174 8
a 43 200 7
a 44 11 9
a 44 26 7
a 44 59 2
a 44 91 10
a 45 24 7
a 45 55 10
a 45 129 10
a 46 139 2
a 47 34 2
a 47 35 9
a 47 54 8
a 48 49 8
a 48 90 4
a 48 133 9
a 49 125 7
a 50 24 2
a 51 180 5
a 52 16 7
a 52 47 10
a 52 53 4
a 53 123 1
a 53 152 9
a 54 88 7
a 54 134 8
a 54 200 5
a 55 50 4
a 55 95 2
a 56 51 9
a 57 111 4
a 58 112 2
a 58 166 6
a 59 159 3
a 60 107 5
a 60 125 6
a 60 162 2
a 61 3 1
a 61 185 1
a 62 88 2
a 63 163 8
a 63 180 10
a 64 79 9
a 65 20 7
a 65 76 9
a 65 118 1
a 65 181 8
a 66 115 4
a 67 117 6
a 67 184 8
a 68 74 8
a 68 126 2
a 69 19 8
a 69 171 1
a 69 193 10
a 70 151 8
a 70 160 9
a 70 182 6
a 71 143 10
a 71 167 10
a 72 103 8
a 72 111 5
a 72 143 3
a 73 133 9
a 74 23 10
a 74 85 5
a 74 111 9
a 75 58 2
a 75 197 1
a 76 138 3
a 76 186 4
a 77 128 6
a 77 162 10
a 78 29 9
a 79 200 10
a 80 167 9
a 81 69 7
a 81 132 2
a 81 153 7
a 82 118 5
a 83 162 10
a 84 45 1
a 85 144 5
a 86 7 1
a 86 180 8
a 87 90 10
a 88 91 1
a 89 66 2
a 89 140 10
a 90 103 10
a 91 37 4
a 91 39 6
a 92 121 8
a 93 160 1
a 93 173 2
a 94 78 5
a 94 101 7
a 95 80 8
a 95 190 4
a 96 28 2
a 97 183 10
a 98 34 7
a 98 63 6
a 99 76 3
a 99 108 1
a 99 141 4
a 99 155 1
a 100 92 8
a 101 70 4
a 101 135 6
a 102 24 9
a 102 38 9
a 102 186 1
a 103 21 9
a 103 137 8
a 104 187 9
a 105 102 1
a 105 172 1
a 106 109 9
a 107 79 10
a 107 133 7
a 108 137 1
a 109 89 10
a 109 102 9
a 110 77 2
a 110 121 7
a 111 89 6
a 111 113 1
a 112 126 10
a 112 163 5
a 113 5 1
a 113 59 9
a 113 142 4
a 114 9 7
a 114 105 9
a 114 124 4
a 115 98 1
a 115 170 7
a 116 16 8
a 116 64 6
a 117 18 1
a 117 159 3
a 117 168 8
a 118 133 5
a 119 61 3
a 119 68 9
a 119 148 7
a 120 197 3
a 120 198 3
a 121 138 2
a 121 161 3
a 122 62 3
a 122 191 1
a 123 63 8
a 123 110 2
a 124 2 3
a 124 48 6
a 124 147 8
a 125 15 1
a 125 116 1
a 125 176 4
a 126 114 7
a 127 169 3
a 128 18 10
a 128 196 3
a 129 34 6
a 129 93 10
a 130 29 8
a 130 53 8
a 131 14 9
a 131 83 10
a 132 133 5
a 133 87 6
a 133 95 2
a 133 188 6
a 134 121 7
a 135 6 7
a 135 187 1
a 136 155 2
a 137 124 4
a 137 162 4
a 137 177 2
a 138 152 5
a 139 35 5
a 139 66 8
a 140 31 2
a 140 196 1
a 141 27 3
a 142 44 10
a 142 65 10
a 142 71 10
a 142 152 8
a 143 23 5
a 143 51 2
a 143 75 3
a 143 139 6
a 144 25 1
a 144 176 6
a 144 199 10
a 145 34 8
a 145 189 7
a 146 3 9
a 146 59 2
a 146 67 8
a 146 72 2
a 147 85 3
a 148 171 7
a 149 94 9
a 150 122 5
a 150 152 3
a 151 41 4
a 151 114 9
a 151 121 1
a 152 43 10
a 152 46 5
a 153 16 7
a 153 66 5
a 153 157 9
a 153 192 6
a 154 9 5
a 155 106 7
a 156 30 2
a 156 117 5
a 156 159 7
a 157 96 9
a 157 121 3
a 158 4 7
a 158 125 2
a 159 47 10
a 159 165 10
a 160 64 1
a 160 81 8
a 160 158 7
a 161 40 4
a 161 47 1
a 161 183 3
a 162 80 8
a 162 102 3
a 163 72 7
a 163 92 5
a 164 130 3
a 164 143 4
a 165 97 8
a 165 100 1
a 165 164 8
a 166 2 5
a 167 36 9
a 167 195 8
a 168 160 1
a 168 178 1
a 168 200 2
a 169 68 5
a 170 66 7
a 170 135 4
a 171 28 2
a 171 79 10
a 171 105 9
a 171 127 9
a 171 156 7
a 171 181 2
a 172 110 2
a 172 146 7
a 173 119 5
a 173 171 6
a 174 8 9
a 174 41 7
a 174 85 4
a 174 194 2
a 175 145 5
a 176 112 6
a 176 154 2
a 177 109 6
a 177 142 10
a 177 174 8
a 178 24 9
a 178 106 2
a 179 117 5
a 179 173 2
a 179 193 1
a 180 143 8
a 181 60 10
a 181 131 10
a 182 94 7
a 182 148 5
a 183 29 5
a 184 102 4
a 184 166 4
a 185 6 1
a 185 33 4
a 185 86 6
a 185 112 8
a 185 165 1
a 186 17 5
a 186 32 7
a 186 46 3
a 186 180 5
a 187 42 8
a 187 129 7
a 188 57 5
a 188 168 2
a 189 193 1
a 190 101 1
a 191 104 8
a 191 115 3
a 192 52 3
a 192 156 6
a 193 90 9
a 194 54 8
a 194 175 3
a 195 15 7
a 195 41 4
a 195 99 5
a 195 146 10
a 196 21 3
a 197 131 4
a 197 144 10
a 198 147 4
a 198 170 5
a 199 105 10
