p max 200 400
n 1 s
n 200 t
a 1 151 2
a 1 169 2
a 2 180 9
a 2 194 3
a 3 15 3
a 3 176 5
a 4 128 6
a 4 182 3
a 5 74 2
a 6 195 2
a 6 200 1
a 7 36 2
a 7 89 8
a 7 121 10
a 8 96 9
a 8 155 3
a 8 166 4
a 9 140 7
a 10 46 2
a 10 157 7
a 11 12 1
a 11 71 8
a 12 90 1
a 12 187 6
a 13 41 2
a 13 193 8
a 14 3 10
a 14 170 8
a 15 5 8
a 16 78 2
a 16 87 8
a 16 192 6
a 17 47 5
a 17 142 1
a 18 21 9
a 18 150 1
a 19 80 8
a 20 40 6
a 21 46 6
a 21 58 4
a 21 115 2
a 22 15 8
a 23 75 6
a 23 154 5
a 24 12 7
a 24 21 3
a 24 179 9
a 25 49 1
a 25 159 3
a 26 54 3
a 26 137 7
a 27 53 3
a 28 16 1
a 29 50 5
a 29 143 9
a 30 126 8
a 31 10 1
a 31 113 10
a 32 107 6
a 33 30 5
a 33 56 6
a 33 186 10
a 34 167 10
a 35 77 5
a 35 125 7
a 36 101 10
a 36 160 1
a 37 42 8
a 37 89 7
a 38 173 10
a 39 134 8
a 40 33 4
a 40 65 8
a 41 21 3
a 42 59 1
a 42 96 10
a 43 106 7
a 44 60 10
a 44 65 3
a 44 89 7
a 44 91 1
a 44 113 10
a 44 136 5
a 45 77 1
a 45 82 4
a 45 86 7
a 45 170 6
a 46 31 6
a 46 72 8
a 47 27 5
a 48 4 4
a 48 181 7
a 49 19 1
a 49 166 5
a 50 9 1
a 50 121 4
a 50 183 1
a 51 131 1
a 52 171 3
a 52 175 9
a 52 200 7
a 53 100 6
a 53 106 4
a 54 170 7
a 55 29 8
a 55 40 10
a 55 82 1
a 56 53 7
a 56 72 1
a 56 74 4
a 57 28 5
a 57 100 10
a 57 180 5
a 57 199 5
a 58 37 1
a 58 127 4
a 58 173 1
a 59 35 6
a 59 89 6
a 60 7 7
a 60 11 5
a 60 103 9
a 61 31 9
a 61 44 1
a 62 122 6
a 62 167 5
a 63 95 10
a 63 185 4
a 64 164 10
a 65 128 5
a 66 34 2
a 66 39 8
a 67 22 10
a 67 196 2
a 68 14 1
a 68 127 7
a 68 132 9
a 69 5 8
a 69 14 10
a 69 47 9
a 69 134 4
a 69 177 1
a 69 200 2
a 70 95 3
a 71 4 8
a 71 30 9
a 71 43 3
a 71 165 7
a 71 198 6
a 72 112 3
a 73 119 4
a 73 145 2
a 73 156 10
a 74 18 3
a 74 41 2
a 74 122 1
a 74 168 5
a 75 18 4
a 75 129 6
a 75 168 7
a 76 185 3
a 77 90 2
a 77 99 10
a 78 36 8
a 78 94 4
a 79 93 5
a 79 178 2
a 80 32 7
a 80 64 6
a 80 120 9
a 81 102 9
a 82 195 10
a 83 184 2
a 84 6 4
a 84 92 7
a 84 182 6
a 85 117 4
a 85 171 7
a 86 22 6
a 87 15 9
a 87 57 5
a 88 132 5
a 89 17 1
a 89 55 6
a 89 62 5
a 89 65 4
a 90 165 4
a 91 79 8
a 91 83 10
a 91 145 7
a 91 168 6
a 92 28 10
a 92 88 3
a 92 124 3
a 93 76 9
a 93 116 9
a 93 140 2
a 94 147 10
a 95 165 3
a 96 114 8
a 97 112 2
a 97 141 9
a 98 49 7
a 98 63 5
a 98 101 9
a 98 126 9
a 98 140 10
a 99 143 7
a 100 77 6
a 101 47 6
a 101 58 5
a 101 135 7
a 102 74 3
a 102 141 8
a 103 48 8
a 103 117 4
a 103 125 1
a 104 16 2
a 104 47 6
a 105 95 8
a 106 93 2
a 107 127 9
a 108 71 7
a 108 73 2
a 108 155 10
a 109 150 1
a 110 68 1
a 111 92 10
a 112 110 7
a 112 137 6
a 113 8 4
a 113 191 10
a 114 178 3
a 114 190 7
a 115 31 8
a 116 151 7
a 117 147 1
a 117 187 3
a 118 22 3
a 118 31 4
a 118 180 7
a 119 48 9
a 120 76 3
a 120 81 3
a 120 138 7
a 121 111 3
a 121 129 2
a 122 102 2
a 123 84 5
a 123 149 6
a 123 165 5
a 124 30 9
a 125 20 8
a 125 163 4
a 126 41 7
a 127 64 4
a 127 97 5
a 127 98 4
a 128 18 3
a 129 102 1
a 129 161 6
a 129 181 8
a 130 42 3
a 131 91 1
a 132 91 8
a 132 143 10
a 132 165 8
a 133 123 1
a 133 184 7
a 133 192 8
a 134 45 4
a 134 70 3
a 135 144 6
a 136 135 9
a 137 129 1
a 138 83 4
a 139 86 6
a 140 47 9
a 140 151 7
a 141 37 1
a 141 66 6
a 141 176 4
a 142 24 4
a 143 104 1
a 144 72 7
a 145 42 9
a 145 152 10
a 145 154 7
a 146 2 2
a 146 22 4
a 146 32 2
a 146 71 5
a 147 140 2
a 148 85 1
a 148 158 7
a 149 13 2
a 149 137 8
a 150 23 9
a 150 32 1
a 150 60 10
a 150 151 1
a 150 172 2
a 150 188 4
a 151 42 8
a 152 34 6
a 153 20 2
a 153 25 4
a 153 68 4
a 153 93 9
a 154 13 3
a 155 25 4
a 155 185 8
a 156 176 4
a 157 11 6
a 157 45 9
a 157 80 2
a 158 16 5
a 158 107 5
a 159 104 5
a 159 182 1
a 159 192 9
a 160 50 10
a 160 174 10
a 161 88 7
a 161 130 4
a 161 189 8
a 162 27 4
a 162 30 10
a 162 109 6
a 162 158 2
a 163 35 3
a 164 32 6
a 164 67 1
a 165 63 8
a 165 153 1
a 166 24 2
a 166 130 7
a 166 164 1
a 167 85 8
a 168 84 4
a 169 109 3
a 169 116 4
a 170 34 10
a 171 29 7
a 172 90 10
a 172 96 3
a 173 5 4
a 173 52 3
a 174 23 1
a 175 70 8
a 176 26 3
a 176 117 6
a 176 139 4
a 177 51 6
a 178 119 7
a 178 197 8
a 179 52 5
a 179 118 4
a 180 34 3
a 180 131 3
a 180 179 2
a 181 109 10
a 182 28 2
a 183 41 10
a 184 51 7
a 184 66 2
a 184 200 3
a 185 139 7
a 186 75 9
a 186 95 7
a 187 18 10
a 187 90 4
a 187 128 3
a 188 61 10
a 188 106 8
a 188 162 9
a 189 11 1
a 189 38 8
a 189 141 10
a 190 8 3
a 190 32 9
a 191 10 5
a 192 193 1
a 193 14 2
a 193 108 6
a 193 114 6
a 194 35 2
a 195 144 8
a 195 166 8
a 196 69 5
a 196 118 2
a 197 70 10
a 197 146 9
a 198 93 3
a 199 54 8
a 199 61 9
a 199 105 9
a 199 111 4
a 199 133 7
a 199 148 9
