p max 200 400
n 1 s
n 200 t
a 1 58 10
a 1 136 7
a 2 71 10
a 2 171 5
a 3 134 2
a 4 89 8
a 4 93 8
a 5 10 2
a 5 42 8
a 5 71 7
a 6 12 7
a 6 38 2
a 6 66 3
a 6 86 3
a 7 3 4
a 7 145 4
a 8 3 2
a 8 21 10
a 8 77 3
a 8 99 1
a 8 172 9
a 9 86 3
a 9 139 9
a 10 79 9
a 10 184 1
a 11 63 4
a 11 96 3
a 11 107 9
a 11 123 10
a 12 44 6
a 12 172 1
a 13 134 9
a 13 197 3
a 14 78 10
a 15 169 5
a 16 91 4
a 17 137 2
a 18 126 10
a 19 87 7
a 19 123 2
a 19 179 3
a 20 50 7
a 21 194 7
a 22 115 6
a 22 195 10
a 23 169 7
a 23 182 7
a 23 193 10
a 24 57 1
a 25 2 8
a 26 2 7
a 26 200 10
a 27 124 1
a 27 148 3
a 28 47 3
a 28 155 10
a 29 97 3
a 29 156 9
a 30 5 3
a 30 59 9
a 30 140 6
a 31 124 4
a 31 155 5
a 32 29 5
a 32 151 5
a 32 185 10
a 33 38 2
a 33 69 9
a 34 122 9
a 35 89 10
a 35 152 9
a 35 161 8
a 36 185 2
a 37 4 8
a 37 81 3
a 38 183 10
a 39 85 7
a 40 137 1
a 41 67 7
a 41 94 10
a 41 104 4
a 41 108 4
a 41 131 4
a 41 141 2
a 42 11 2
a 42 175 1
a 42 198 1
a 43 60 3
a 43 88 6
a 43 95 7
a 44 137 7
a 45 32 8
a 45 177 4
a 46 43 1
a 46 111 6
a 47 188 4
a 48 180 6
a 48 200 3
a 49 146 7
a 50 71 8
a 50 110 2
a 51 7 4
a 51 39 5
a 51 82 3
a 51 120 4
a 51 150 7
a 51 154 9
a 52 54 1
a 52 65 2
a 53 8 5
a 53 126 1
a 53 165 8
a 53 174 10
a 54 180 9
a 55 32 3
a 56 51 9
a 56 116 2
a 56 177 1
a 57 29 3
a 58 6 1
a 58 64 5
a 59 94 9
a 60 76 3
a 60 92 3
a 60 97 7
a 61 90 10
a 62 4 5
a 62 199 4
a 63 133 9
a 63 144 2
a 64 53 7
a 65 72 10
a 65 128 10
a 65 164 4
a 65 169 6
a 66 48 8
a 67 177 7
a 67 194 1
a 68 32 10
a 68 47 4
a 68 98 2
a 69 172 3
a 70 9 5
a 70 128 7
a 71 157 5
a 71 176 6
a 72 115 7
a 72 118 4
a 72 125 5
a 73 25 10
a 73 143 3
a 74 138 1
a 75 89 1
a 75 168 8
a 76 181 2
a 77 16 4
a 77 142 3
a 78 10 4
a 79 125 8
a 79 179 5
a 80 194 6
a 81 25 8
a 81 57 1
a 81 71 3
a 82 130 7
a 82 152 1
a 83 25 8
a 84 33 9
a 84 36 3
a 84 48 3
a 84 105 2
a 85 14 5
a 85 33 5
a 85 158 1
a 85 160 6
a 86 122 6
a 87 13 6
a 87 15 8
a 87 78 8
a 87 170 10
a 87 178 4
a 88 133 6
a 89 80 10
a 90 110 10
a 90 173 3
a 91 50 1
a 91 116 6
a 91 180 6
a 92 77 4
a 92 106 4
a 93 68 6
a 94 125 7
a 94 129 8
a 94 135 5
a 94 187 7
a 95 30 2
a 95 114 9
a 95 192 8
a 96 22 4
a 96 68 10
a 96 142 7
a 96 166 3
a 97 63 1
a 97 183 7
a 98 74 8
a 99 143 6
a 100 68 4
a 100 185 7
a 101 64 1
a 101 151 5
a 102 163 2
a 102 185 10
a 103 59 10
a 103 91 4
a 104 66 8
a 105 121 9
a 105 124 6
a 106 31 8
a 106 196 10
a 107 185 1
a 108 194 8
a 109 74 10
a 109 141 5
a 110 122 1
a 110 140 6
a 111 30 5
a 111 86 7
a 112 59 4
a 112 84 2
a 113 74 3
a 113 101 5
a 114 49 8
a 114 188 8
a 115 128 10
a 116 55 10
a 116 161 9
a 117 130 2
a 117 167 6
a 117 200 9
a 118 36 2
a 118 157 9
a 119 123 5
a 120 119 3
a 120 178 10
a 121 17 1
a 121 54 10
a 121 61 5
a 121 106 10
a 122 17 5
a 123 162 2
a 124 94 3
a 125 26 7
a 126 200 3
a 127 179 9
a 127 190 3
a 128 26 6
a 128 43 3
a 128 113 4
a 129 30 6
a 130 46 9
a 130 124 3
a 131 24 6
a 131 40 7
a 132 16 7
a 132 162 1
a 133 44 4
a 133 147 2
a 134 22 4
a 134 55 8
a 134 56 8
a 134 138 4
a 135 174 9
a 136 29 4
a 136 58 8
a 137 4 2
a 137 107 8
a 138 53 3
a 139 81 9
a 140 115 2
a 140 189 6
a 141 28 3
a 141 150 10
a 142 127 1
a 143 192 6
a 144 27 1
a 144 184 9
a 144 186 4
a 145 198 9
a 146 200 1
a 147 153 6
a 147 158 7
a 148 75 6
a 148 175 7
a 149 169 5
a 150 129 10
a 151 41 9
a 151 80 7
a 151 148 5
a 152 60 5
a 153 137 10
a 153 140 8
a 153 181 2
a 154 36 6
a 154 65 4
a 155 196 9
a 156 57 10
a 156 165 5
a 157 89 5
a 158 29 10
a 158 57 5
a 159 13 7
a 159 35 6
a 159 43 3
a 159 91 6
a 160 45 3
a 160 179 8
a 161 87 8
a 161 127 9
a 162 18 4
a 162 49 3
a 162 194 9
a 163 17 6
a 163 19 6
a 163 88 4
a 164 108 6
a 164 177 9
a 165 115 4
a 165 164 2
a 166 196 2
a 167 70 6
a 167 187 3
a 168 4 6
a 168 37 5
a 168 133 5
a 168 147 7
a 168 152 10
a 169 69 6
a 169 159 4
a 170 53 8
a 171 52 9
a 171 150 3
a 172 3 1
a 173 145 1
a 174 71 2
a 175 147 8
a 176 7 4
a 176 149 8
a 176 158 8
a 176 191 9
a 177 97 4
a 177 170 8
a 178 99 10
a 179 88 5
a 180 45 9
a 180 82 2
a 181 177 4
a 182 90 10
a 182 196 6
a 183 109 1
a 183 180 2
a 184 11 2
a 184 34 4
a 184 62 9
a 184 146 9
a 185 83 5
a 185 96 6
a 185 192 7
a 186 112 3
a 186 122 6
a 186 156 7
a 187 79 10
a 187 85 7
a 187 89 5
a 188 102 2
a 188 196 6
a 189 36 7
a 189 134 7
a 189 147 10
a 190 20 10
a 190 24 10
a 190 194 10
a 191 34 8
a 191 53 7
a 192 23 7
a 192 25 9
a 193 121 3
a 194 138 6
a 195 103 7
a 195 153 1
a 196 28 9
a 196 73 2
a 196 102 1
a 196 132 8
a 197 28 1
a 198 12 7
a 198 174 5
a 199 65 5
a 199 100 6
a 199 117 4
a 199 198 9
