p max 200 400
n 1 s
n 200 t
a 1 46 6
a 1 47 9
a 2 179 3
a 3 68 8
a 3 149 8
a 4 33 3
a 5 59 6
a 5 75 8
a 5 160 6
a 6 112 10
a 7 95 8
a 7 137 6
a 7 183 4
a 8 183 6
a 9 104 10
a 9 177 5
a 9 178 4
a 10 8 9
a 11 170 6
a 11 187 7
a 12 36 2
a 12 69 4
a 13 161 9
a 13 179 2
a 14 162 2
a 14 166 1
a 15 3 6
a 16 66 1
a 16 193 8
a 17 12 10
a 17 139 8
a 18 168 10
a 19 196 6
a 20 82 4
a 21 31 7
a 22 128 6
a 22 191 5
a 23 82 3
a 23 139 9
a 24 72 8
a 25 41 9
a 25 157 2
a 26 24 2
a 26 33 5
a 27 23 6
a 27 197 4
a 28 114 3
a 28 132 8
a 29 137 8
a 30 44 10
a 30 94 5
a 30 163 7
a 31 55 9
a 31 182 10
a 31 199 6
a 32 47 9
a 32 154 2
a 32 196 3
a 33 103 9
a 33 166 9
a 34 33 1
a 34 187 8
a 35 31 10
a 35 115 10
a 35 134 10
a 35 137 10
a 36 124 4
a 37 17 7
a 37 70 6
a 37 74 7
a 37 99 5
a 37 146 3
a 38 148 2
a 39 37 5
a 39 90 3
a 39 116 8
a 39 175 4
a 40 90 10
a 41 39 5
a 41 103 1
a 42 200 2
a 43 77 6
a 44 18 9
a 44 128 5
a 45 57 2
a 45 200 2
a 46 65 3
a 47 16 10
a 47 23 1
a 48 94 9
a 48 99 2
a 49 91 2
a 50 64 7
a 50 122 9
a 50 150 5
a 51 96 4
a 51 190 7
a 52 13 3
a 52 58 8
a 53 10 10
a 53 51 9
a 54 27 7
a 54 76 5
a 55 129 7
a 55 166 5
a 56 27 10
a 57 64 6
a 58 175 4
a 58 190 1
a 58 193 9
a 59 92 9
a 59 193 1
a 60 91 4
a 61 37 5
a 62 93 6
a 63 121 4
a 64 56 2
a 64 75 9
a 65 30 6
a 65 186 10
a 66 52 6
a 66 126 10
a 66 144 5
a 67 15 7
a 67 25 3
a 67 29 6
a 68 22 1
a 68 195 9
a 69 4 8
a 70 30 2
a 70 93 7
a 70 130 8
a 70 180 6
a 71 28 2
a 71 108 4
a 72 134 8
a 72 185 5
a 73 3 4
a 73 54 9
a 73 116 3
a 74 183 6
a 75 195 7
a 76 2 10
a 76 48 4
a 76 87 9
a 77 78 2
a 77 136 3
a 78 57 9
a 78 60 3
a 78 141 6
a 79 32 6
a 79 106 7
a 79 142 9
a 80 34 4
a 80 136 4
a 80 138 9
a 80 193 4
a 81 109 3
a 81 123 7
a 81 194 3
a 82 67 3
a 82 198 1
a 83 47 6
a 83 73 6
a 83 156 7
a 84 36 7
a 84 160 8
a 84 161 6
a 85 114 1
a 85 167 8
a 86 9 10
a 86 166 3
a 87 39 9
a 88 38 1
a 88 145 1
a 88 195 8
a 89 117 6
a 89 156 7
a 90 110 3
a 91 16 5
a 91 97 8
a 91 109 3
a 92 35 5
a 93 38 1
a 93 63 4
a 93 133 2
a 94 157 9
a 94 182 5
a 95 45 3
a 95 173 5
a 96 150 6
a 96 169 10
a 97 8 1
a 98 7 9
a 98 171 6
a 98 176 7
a 99 12 9
a 99 167 4
a 100 4 4
a 101 21 6
a 101 117 2
a 102 194 10
a 103 166 10
a 104 38 8
a 104 67 5
a 104 138 3
a 105 22 7
a 105 107 6
a 106 17 4
a 106 111 1
a 106 148 5
a 106 184 6
a 107 71 3
a 107 156 10
a 107 193 5
a 108 14 3
a 108 77 8
a 108 97 2
a 109 14 9
a 109 76 5
a 109 158 5
a 110 195 5
a 111 179 10
a 112 178 2
a 113 13 1
a 113 66 4
a 114 44 2
a 115 137 5
a 115 171 3
a 116 38 4
a 116 141 2
a 117 133 3
a 118 127 7
a 118 128 4
a 119 156 3
a 120 101 3
a 120 134 4
a 120 172 7
a 121 35 10
a 122 32 2
a 122 121 3
a 122 143 5
a 122 151 2
a 122 174 8
a 123 19 8
a 123 118 5
a 123 147 3
a 124 6 5
a 124 51 8
a 124 109 6
a 125 132 3
a 126 168 10
a 127 82 6
a 127 98 8
a 128 90 7
a 129 56 9
a 129 173 3
a 130 8 1
a 130 11 6
a 130 40 6
a 130 118 6
a 130 144 8
a 131 156 1
a 131 164 7
a 131 170 1
a 132 189 9
a 133 91 7
a 133 101 4
a 134 164 8
a 135 48 6
a 135 140 3
a 135 166 1
a 136 5 8
a 137 120 5
a 137 131 3
a 138 181 2
a 139 142 4
a 140 12 8
a 141 129 5
a 142 4 2
a 142 124 5
a 142 177 8
a 143 39 10
a 143 200 3
a 144 18 8
a 144 195 5
a 145 2 1
a 146 86 7
a 146 88 6
a 146 102 3
a 146 183 7
a 147 34 6
a 147 89 3
a 147 131 9
a 148 28 1
a 148 65 9
a 148 165 9
a 149 168 3
a 149 188 7
a 150 20 9
a 150 79 5
a 151 72 7
a 151 158 8
a 152 63 9
a 152 120 3
a 153 9 9
a 154 152 4
a 155 43 9
a 155 109 5
a 155 148 5
a 155 180 4
a 156 115 5
a 157 77 7
a 157 83 8
a 157 107 8
a 158 28 6
a 159 66 4
a 160 56 5
a 160 63 4
a 161 132 10
a 161 147 10
a 162 80 1
a 162 124 10
a 162 166 1
a 163 22 2
a 163 125 4
a 164 2 2
a 164 35 8
a 165 27 9
a 165 100 7
a 166 53 1
a 167 151 10
a 167 189 10
a 167 197 7
a 168 155 5
a 168 199 10
a 169 179 5
a 170 61 5
a 170 84 4
a 171 26 6
a 171 49 8
a 171 113 4
a 172 47 6
a 172 53 2
a 173 96 5
a 174 31 5
a 175 84 6
a 175 85 2
a 175 191 1
a 176 29 1
a 176 62 7
a 176 145 6
a 177 75 1
a 178 79 8
a 178 145 9
a 179 184 6
a 180 24 10
a 180 50 3
a 180 162 8
a 181 105 9
a 181 110 2
a 181 119 1
a 181 166 7
a 182 3 3
a 182 39 7
a 182 152 10
a 183 38 6
a 183 41 4
a 183 42 1
a 183 147 8
a 184 28 1
a 184 103 10
a 184 188 1
a 185 7 8
a 185 68 2
a 185 147 3
a 185 192 5
a 186 131 10
a 187 112 1
a 187 191 10
a 188 5 8
a 188 24 10
a 188 81 8
a 188 84 10
a 189 153 3
a 190 110 7
a 191 153 4
a 191 195 6
a 192 138 6
a 193 29 7
a 193 159 4
a 194 132 10
a 195 122 3
a 195 135 9
a 195 177 2
a 196 49 2
a 196 197 4
a 197 59 5
a 198 108 6
a 199 116 6
