p max 200 400
n 1 s
n 200 t
a 1 170 9
a 2 20 3
a 2 55 4
a 3 11 1
a 4 121 3
a 5 35 4
a 5 124 10
a 6 104 5
a 6 115 5
a 6 160 3
a 7 122 8
a 7 133 2
a 8 50 4
a 8 164 8
a 9 51 2
a 9 89 5
a 9 196 2
a 10 44 8
a 11 22 5
a 11 110 2
a 12 21 7
a 12 46 5
a 13 58 4
a 13 171 4
a 13 190 10
a 14 26 4
a 15 77 7
a 15 130 1
a 16 108 2
a 17 26 8
a 17 192 2
a 18 148 5
a 19 110 8
a 20 56 10
a 20 59 5
a 20 114 1
a 20 183 3
a 21 107 7
a 21 135 8
a 21 153 3
a 22 72 3
a 22 135 8
a 23 184 2
a 23 195 9
a 24 68 2
a 25 197 6
a 26 102 10
a 26 134 5
a 27 44 4
a 28 11 2
a 28 75 5
a 28 83 4
a 29 153 2
a 29 159 6
a 30 100 7
a 30 165 1
a 31 121 1
a 31 190 3
a 32 122 6
a 33 77 7
a 33 98 8
a 34 35 9
a 34 91 8
a 35 7 9
a 35 18 4
a 35 136 6
a 36 94 6
a 36 160 8
a 37 38 8
a 37 118 5
a 37 185 3
a 38 6 3
a 38 19 8
a 38 47 5
a 38 88 3
a 39 41 2
a 39 149 4
a 40 155 7
a 40 160 8
a 41 8 10
a 41 10 7
a 42 69 1
a 43 74 1
a 43 97 10
a 43 138 10
a 44 12 2
a 44 127 10
a 44 146 6
a 44 180 9
a 45 55 6
a 45 84 4
a 46 123 7
a 46 124 10
a 46 149 7
a 47 42 9
a 47 143 3
a 47 181 2
a 48 13 3
a 49 4 1
a 49 125 3
a 50 79 3
a 50 182 7
a 51 5 6
a 51 66 2
a 52 2 7
a 52 31 6
a 52 35 2
a 53 16 6
a 53 160 10
a 54 63 5
a 54 114 1
a 55 7 8
a 55 17 9
a 56 139 5
a 57 163 9
a 58 131 1
a 59 188 6
a 59 194 1
a 60 45 4
a 60 142 9
a 61 159 4
a 62 84 8
a 63 44 9
a 63 186 6
a 64 22 8
a 64 108 1
a 65 13 5
a 65 32 10
a 66 48 1
a 66 96 7
a 67 188 6
a 68 113 2
a 68 131 6
a 69 30 6
a 69 50 3
a 69 153 2
a 70 52 5
a 71 18 2
a 71 99 9
a 71 139 5
a 71 169 9
a 72 130 6
a 72 137 9
a 72 140 6
a 72 149 6
a 73 85 8
a 73 123 2
a 73 193 7
a 74 33 4
a 74 171 3
a 74 178 2
a 74 187 3
a 75 47 1
a 75 112 8
a 76 65 5
a 76 71 5
a 77 174 1
a 78 69 4
a 78 89 7
a 79 8 6
a 79 20 5
a 80 189 10
a 81 78 6
a 81 179 3
a 82 28 4
a 82 70 5
a 82 89 1
a 82 171 2
a 83 82 1
a 83 111 1
a 83 159 1
a 84 107 3
a 84 188 3
a 85 38 2
a 86 53 8
a 86 177 8
a 87 60 8
a 88 169 9
a 89 90 6
a 89 123 9
a 90 24 1
a 90 65 1
a 91 135 2
a 92 163 2
a 93 81 4
a 93 131 1
a 94 159 9
a 95 4 4
a 95 21 10
a 96 88 4
a 97 15 2
a 97 51 3
a 97 147 6
a 98 13 10
a 99 10 7
a 99 93 1
a 99 117 9
a 99 172 9
a 100 26 6
a 100 39 2
a 101 47 10
a 101 105 10
a 101 125 9
a 102 39 2
a 102 161 5
a 103 80 2
a 103 157 6
a 104 34 1
a 105 34 6
a 105 46 6
a 105 49 4
a 105 120 9
a 106 12 3
a 106 109 4
a 107 68 9
a 107 173 7
a 108 60 3
a 108 114 2
a 109 142 8
a 110 92 4
a 111 50 7
a 112 37 2
a 113 99 10
a 113 139 10
a 113 150 9
a 114 24 7
a 114 101 1
a 114 157 9
a 114 163 7
a 115 145 9
a 116 151 3
a 116 172 10
a 117 152 6
a 118 27 1
a 118 89 8
a 119 40 9
a 119 197 8
a 120 29 2
a 120 33 6
a 120 67 1
a 120 122 1
a 121 172 8
a 122 131 6
a 123 54 3
a 123 187 3
a 123 191 4
a 124 82 9
a 124 198 4
a 125 144 2
a 125 199 9
a 126 53 4
a 127 38 8
a 128 9 4
a 128 68 10
a 129 142 10
a 130 84 9
a 130 134 5
a 131 16 2
a 131 96 9
a 131 141 2
a 132 75 4
a 133 108 4
a 133 138 1
a 134 73 2
a 134 74 9
a 134 92 8
a 134 145 6
a 134 148 2
a 135 89 6
a 135 175 10
a 136 49 10
a 137 60 7
a 137 83 4
a 138 108 6
a 139 3 7
a 139 43 10
a 139 44 4
a 140 55 5
a 140 184 1
a 141 155 9
a 141 191 2
a 142 4 9
a 142 62 3
a 143 124 6
a 143 176 2
a 144 159 1
a 145 41 5
a 145 170 10
a 145 198 3
a 145 200 3
a 146 18 10
a 147 60 5
a 147 78 4
a 148 3 8
a 149 57 7
a 149 68 4
a 149 166 8
a 150 87 1
a 150 175 9
a 151 42 4
a 151 154 2
a 152 17 8
a 152 186 5
a 153 52 5
a 153 106 10
a 153 120 3
a 154 179 9
a 155 42 8
a 156 192 1
a 157 25 8
a 157 145 10
a 158 179 10
a 159 42 7
a 159 98 8
a 159 126 3
a 160 27 3
a 161 88 6
a 161 162 6
a 162 194 5
a 163 26 6
a 163 51 8
a 164 61 2
a 164 128 4
a 164 186 4
a 165 45 8
a 165 152 5
a 165 167 3
a 166 141 8
a 167 67 4
a 167 84 8
a 168 119 2
a 168 154 3
a 169 68 1
a 169 106 3
a 169 116 2
a 170 72 7
a 170 79 5
a 170 167 5
a 171 21 10
a 171 32 8
a 171 131 8
a 171 198 9
a 172 14 10
a 172 64 10
a 172 82 6
a 173 185 5
a 173 200 3
a 174 72 6
a 174 154 4
a 175 16 6
a 176 36 4
a 176 170 6
a 176 180 5
a 177 149 6
a 178 67 6
a 179 193 1
a 180 71 6
a 181 194 5
a 182 75 6
a 183 53 4
a 184 62 3
a 184 132 5
a 184 158 7
a 185 26 8
a 186 53 2
a 186 84 2
a 186 124 2
a 187 77 5
a 188 60 7
a 188 107 10
a 189 5 7
a 189 23 8
a 189 40 5
a 190 76 10
a 190 86 10
a 190 100 8
a 191 71 4
a 191 168 5
a 191 197 3
a 192 61 3
a 192 189 10
a 193 3 2
a 193 74 2
a 193 103 3
a 193 129 10
a 193 200 10
a 194 3 9
a 194 37 8
a 194 92 1
a 194 156 6
a 194 199 9
a 195 76 2
a 196 50 5
a 196 101 4
a 197 188 8
a 198 86 10
a 198 95 10
a 198 141 6
a 198 174 7
a 199 90 9
