p max 200 400
n 1 s
n 200 t
a 1 43 6
a 1 163 3
a 2 42 3
a 2 52 8
a 2 53 9
a 2 87 9
a 2 116 8
a 3 138 2
a 4 151 5
a 4 165 1
a 5 173 4
a 6 17 3
a 7 41 5
a 7 125 4
a 8 90 2
a 9 29 3
a 9 140 3
a 9 171 4
a 10 124 6
a 10 184 4
a 11 7 5
a 12 173 10
a 13 18 5
a 13 41 1
a 14 155 5
a 14 182 6
a 15 37 3
a 15 58 6
a 15 101 5
a 15 121 3
a 15 129 4
a 15 155 9
a 16 95 3
a 16 180 4
a 17 40 6
a 17 57 4
a 17 167 1
a 18 3 8
a 18 39 8
a 19 91 7
a 20 14 2
a 20 164 8
a 21 11 4
a 21 184 3
a 22 151 3
a 23 113 7
a 24 88 7
a 25 110 7
a 25 159 10
a 26 51 5
a 26 99 3
a 26 108 3
a 27 18 6
a 27 144 5
a 28 14 3
a 28 64 1
a 28 174 8
a 29 43 7
a 29 138 3
a 29 183 2
a 30 43 3
a 31 80 4
a 32 59 1
a 33 44 4
a 33 94 8
a 34 83 5
a 34 197 9
a 35 84 8
a 36 57 9
a 36 149 2
a 37 60 5
a 38 133 8
a 39 144 7
a 40 84 5
a 41 34 7
a 41 190 7
a 41 200 1
a 42 35 9
a 42 139 9
a 43 3 3
a 43 25 7
a 43 75 7
a 43 175 2
a 44 120 9
a 45 21 8
a 45 106 3
a 45 187 5
a 46 8 3
a 46 154 4
a 47 10 5
a 47 99 9
a 47 156 2
a 48 156 6
a 49 200 8
a 50 54 1
a 50 76 3
a 50 131 3
a 50 148 8
a 51 123 5
a 51 139 7
a 52 53 1
a 52 60 3
a 53 39 4
a 53 118 4
a 54 155 9
a 54 196 3
a 55 154 2
a 56 6 1
a 56 165 7
a 56 191 2
a 57 164 8
a 58 52 3
a 59 130 5
a 60 80 7
a 60 127 9
a 60 147 4
a 61 36 2
a 61 93 10
a 61 96 2
a 61 176 1
a 62 57 2
a 63 140 6
a 63 162 8
a 63 169 2
a 64 27 3
a 64 134 5
a 65 135 1
a 66 24 1
a 66 47 1
a 66 92 4
a 66 105 7
a 66 150 10
a 66 157 5
a 67 132 4
a 67 185 7
a 68 145 4
a 69 169 7
a 69 200 7
a 70 131 1
a 71 30 2
a 71 120 6
a 71 132 4
a 72 19 4
a 73 42 8
a 73 50 1
a 74 82 7
a 75 71 2
a 75 112 5
a 76 74 6
a 76 128 8
a 76 187 6
a 77 26 10
a 78 46 6
a 78 125 6
a 79 38 9
a 79 71 2
a 79 193 7
a 80 68 6
a 80 75 7
a 80 94 2
a 81 112 3
a 81 135 5
a 81 150 9
a 82 90 1
a 82 120 7
a 82 161 8
a 83 22 5
a 83 77 1
a 83 88 10
a 83 195 1
a 83 199 3
a 84 22 2
a 85 17 9
a 85 66 1
a 86 19 9
a 86 92 1
a 87 160 6
a 88 7 8
a 88 17 3
a 88 37 9
a 89 10 9
a 89 179 1
a 90 100 2
a 90 181 7
a 91 25 10
a 91 145 8
a 92 186 2
a 93 32 2
a 93 49 1
a 93 63 4
a 93 73 1
a 94 143 2
a 94 168 1
a 95 2 2
a 95 55 6
a 96 7 8
a 96 85 6
a 96 126 9
a 97 28 6
a 97 53 10
a 98 73 2
a 99 56 4
a 99 148 5
a 99 200 5
a 100 5 2
a 100 16 10
a 100 97 2
a 100 177 4
a 101 114 7
a 101 180 6
a 101 181 3
a 102 123 7
a 103 7 10
a 103 12 6
a 103 65 6
a 103 79 8
a 104 31 10
a 104 152 6
a 105 61 9
a 105 146 8
a 106 104 5
a 106 109 1
a 106 124 4
a 106 139 10
a 107 44 7
a 107 82 9
a 108 110 7
a 109 59 3
a 109 114 5
a 109 136 5
a 110 107 2
a 111 46 1
a 111 138 6
a 111 159 9
a 112 40 10
a 112 118 7
a 112 135 6
a 112 173 4
a 112 192 2
a 113 172 8
a 114 153 9
a 115 2 2
a 115 48 1
a 115 98 1
a 116 23 7
a 116 78 3
a 116 188 10
a 116 198 5
a 117 173 8
a 118 158 10
a 119 74 3
a 119 196 3
a 120 34 3
a 120 107 2
a 121 84 3
a 121 89 4
a 121 133 3
a 122 59 3
a 122 178 7
a 123 131 6
a 124 103 6
a 125 89 7
a 125 194 8
a 126 120 4
a 127 91 1
a 127 176 9
a 128 113 4
a 128 170 5
a 128 192 9
a 129 5 7
a 129 197 1
a 130 45 10
a 130 164 3
a 131 32 10
a 131 137 6
a 131 142 5
a 132 5 10
a 132 60 8
a 132 102 4
a 132 130 5
a 133 119 1
a 133 135 9
a 133 158 2
a 134 122 5
a 134 166 2
a 135 180 7
a 136 67 4
a 137 20 2
a 137 50 3
a 137 185 7
a 138 149 10
a 139 160 10
a 140 53 3
a 141 45 2
a 141 48 8
a 142 75 6
a 143 85 8
a 144 154 1
a 145 154 10
a 146 67 10
a 146 179 7
a 147 4 9
a 147 88 9
a 148 19 5
a 148 70 3
a 149 4 6
a 149 8 3
a 149 168 1
a 150 111 8
a 151 81 3
a 151 192 1
a 152 77 8
a 152 137 9
a 153 69 3
a 154 19 6
a 155 20 1
a 156 6 1
a 156 9 2
a 157 6 2
a 157 89 6
a 157 122 5
a 158 18 10
a 159 117 8
a 160 60 9
a 160 111 4
a 161 23 6
a 161 103 8
a 161 141 2
a 162 146 10
a 162 186 5
a 163 150 7
a 163 152 6
a 164 23 8
a 164 153 10
a 164 176 4
a 165 41 3
a 165 144 2
a 166 180 3
a 167 85 5
a 167 115 10
a 168 70 2
a 169 33 7
a 169 102 6
a 170 47 2
a 171 138 2
a 171 149 9
a 172 188 8
a 173 172 7
a 173 191 9
a 174 47 10
a 175 157 2
a 176 13 9
a 176 72 1
a 176 148 3
a 176 184 3
a 177 59 7
a 178 99 1
a 178 134 4
a 179 60 8
a 179 163 1
a 179 171 5
a 179 181 5
a 180 13 7
a 180 89 8
a 180 104 2
a 181 83 8
a 181 160 5
a 182 78 9
a 183 30 9
a 183 127 9
a 184 126 10
a 185 37 9
a 185 189 7
a 186 93 1
a 186 134 8
a 187 101 2
a 188 44 10
a 189 32 5
a 189 86 5
a 189 128 1
a 190 195 10
a 191 36 5
a 191 62 3
a 191 75 2
a 191 89 10
a 191 117 9
a 192 121 1
a 193 26 4
a 193 67 7
a 194 174 10
a 194 186 8
a 195 50 2
a 195 106 9
a 195 164 10
a 196 15 8
a 196 181 8
a 197 103 6
a 198 69 7
a 198 145 10
a 199 160 1
