p max 200 400
n 1 s
n 200 t
a 1 40 7
a 1 163 4
a 2 143 4
a 3 137 3
a 4 20 5
a 4 74 5
a 5 12 10
a 5 31 9
a 5 126 8
a 6 137 6
a 6 174 7
a 7 63 9
a 8 31 6
a 9 53 8
a 9 169 7
a 10 20 8
a 10 84 8
a 10 98 6
a 10 138 3
a 11 80 4
a 11 92 8
a 11 162 2
a 11 183 7
a 12 156 3
a 12 190 1
a 13 33 5
a 13 177 7
a 14 13 3
a 14 63 5
a 14 98 3
a 15 26 8
a 15 154 7
a 16 111 3
a 16 153 1
a 16 163 9
a 17 176 7
a 17 179 2
a 17 191 8
a 18 131 2
a 19 133 10
a 19 159 7
a 20 79 7
a 20 161 10
a 21 134 7
a 21 156 10
a 22 193 6
a 23 66 1
a 23 79 5
a 24 117 6
a 25 111 3
a 26 11 6
a 26 42 6
a 27 43 8
a 27 107 1
a 28 87 2
a 29 108 2
a 29 115 4
a 29 121 5
a 30 75 8
a 30 93 1
a 31 135 7
a 31 185 7
a 32 50 6
a 32 97 6
a 32 129 5
a 33 39 8
a 33 85 9
a 34 124 5
a 34 161 7
a 34 182 2
a 35 11 8
a 36 11 2
a 36 30 7
a 36 57 10
a 36 132 10
a 37 104 8
a 37 176 10
a 38 15 7
a 38 196 7
a 39 41 9
a 40 85 1
a 40 175 3
a 41 56 5
a 41 127 5
a 41 153 10
a 41 168 4
a 42 18 8
a 42 89 3
a 42 103 6
a 42 110 4
a 42 171 1
a 43 35 6
a 44 2 3
a 44 157 2
a 45 64 3
a 45 101 6
a 46 60 2
a 47 91 8
a 47 147 1
a 47 165 3
a 48 25 1
a 48 36 3
a 49 110 4
a 50 14 9
a 50 125 7
a 50 173 1
a 50 200 10
a 51 178 4
a 52 102 6
a 53 80 7
a 54 5 4
a 54 27 8
a 55 46 2
a 55 69 3
a 55 91 5
a 55 152 3
a 56 82 7
a 57 9 1
a 58 34 7
a 58 166 8
a 58 184 7
a 59 28 9
a 59 188 8
a 60 6 3
a 60 87 10
a 60 193 1
a 61 5 6
a 61 161 8
a 62 135 6
a 62 170 3
a 63 90 6
a 63 139 4
a 63 143 10
a 64 53 5
a 64 148 8
a 65 19 4
a 65 119 7
a 65 121 9
a 66 33 9
a 66 102 9
a 67 42 8
a 67 55 1
a 67 113 1
a 68 31 4
a 68 131 6
a 69 88 10
a 70 39 6
a 70 88 3
a 71 77 5
a 71 111 5
a 71 147 1
a 72 54 3
a 72 112 2
a 72 140 8
a 72 148 1
a 73 21 7
a 73 71 6
a 74 22 7
a 75 39 6
a 75 59 3
a 75 177 6
a 76 34 8
a 76 52 10
a 76 93 8
a 76 136 10
a 77 74 5
a 77 197 9
a 78 130 4
a 79 143 10
a 80 16 9
a 80 22 4
a 81 69 6
a 82 148 8
a 83 61 6
a 83 100 9
a 83 104 2
a 83 195 10
a 84 5 10
a 84 45 2
a 84 67 5
a 84 94 3
a 85 6 10
a 85 47 8
a 85 178 8
a 86 47 2
a 87 129 5
a 88 131 6
a 88 155 5
a 89 155 7
a 90 36 7
a 90 38 8
a 90 164 5
a 91 113 6
a 92 18 6
a 92 167 5
a 93 7 3
a 93 41 7
a 93 90 5
a 94 34 8
a 94 158 2
a 94 185 10
a 95 154 7
a 95 198 6
a 96 184 4
a 97 46 10
a 98 145 10
a 99 17 8
a 99 150 6
a 99 200 10
a 100 33 9
a 101 32 8
a 101 163 1
a 102 57 1
a 103 15 10
a 103 151 5
a 104 154 1
a 105 124 1
a 106 105 3
a 107 95 8
a 108 194 7
a 109 50 9
a 109 130 7
a 110 32 7
a 110 95 9
a 111 34 2
a 112 26 8
a 112 58 2
a 113 46 4
a 114 24 8
a 114 47 7
a 114 65 3
a 115 146 6
a 115 169 9
a 116 29 1
a 116 176 10
a 117 133 6
a 118 23 1
a 118 151 5
a 119 159 10
a 119 161 6
a 120 77 6
a 121 5 1
a 121 8 5
a 121 72 4
a 122 32 6
a 122 49 3
a 122 164 1
a 123 192 7
a 124 169 5
a 125 8 1
a 125 53 2
a 126 145 10
a 126 146 9
a 127 62 7
a 127 71 5
a 127 82 2
a 128 10 4
a 128 96 6
a 128 105 9
a 128 132 7
a 129 195 6
a 130 160 8
a 131 137 2
a 131 144 4
a 132 49 9
a 133 43 6
a 134 120 9
a 135 7 5
a 135 128 1
a 136 103 1
a 136 171 8
a 137 95 7
a 138 133 2
a 139 194 6
a 140 120 7
a 140 161 6
a 141 99 8
a 141 194 10
a 142 116 9
a 142 125 8
a 142 156 6
a 143 17 10
a 144 12 2
a 144 90 1
a 144 119 2
a 145 119 9
a 145 153 1
a 145 187 1
a 146 44 10
a 146 64 3
a 146 104 3
a 147 4 7
a 147 61 9
a 147 94 10
a 147 142 7
a 147 154 7
a 147 181 5
a 147 187 10
a 148 114 9
a 148 171 10
a 149 159 4
a 150 75 4
a 151 15 10
a 151 101 3
a 151 177 6
a 152 85 6
a 153 44 10
a 154 86 8
a 154 199 10
a 155 164 6
a 156 28 8
a 156 145 5
a 157 144 3
a 157 174 6
a 158 50 9
a 158 157 9
a 158 178 5
a 159 100 5
a 160 148 3
a 161 199 5
a 162 191 10
a 163 68 8
a 163 194 6
a 164 9 9
a 164 106 10
a 164 123 7
a 165 21 8
a 165 51 8
a 165 156 8
a 165 158 1
a 166 9 7
a 166 69 7
a 167 3 3
a 167 37 5
a 168 100 6
a 168 141 4
a 169 73 1
a 169 76 4
a 170 113 1
a 171 35 2
a 171 78 1
a 171 112 9
a 172 74 5
a 172 109 8
a 173 63 3
a 173 69 1
a 173 117 4
a 174 114 5
a 175 82 10
a 176 84 4
a 176 99 5
a 177 122 2
a 178 78 7
a 179 3 5
a 179 189 10
a 180 117 7
a 180 150 9
a 181 122 10
a 181 190 6
a 182 37 6
a 182 149 7
a 182 190 1
a 183 38 1
a 183 86 2
a 183 186 7
a 184 51 3
a 184 81 2
a 184 125 2
a 184 129 2
a 184 180 5
a 185 16 10
a 185 60 8
a 185 148 8
a 186 70 10
a 186 108 5
a 187 181 7
a 187 192 1
a 188 136 2
a 188 172 2
a 189 11 6
a 189 83 2
a 189 142 1
a 190 126 9
a 191 2 6
a 191 132 4
a 192 86 9
a 192 196 5
a 193 69 1
a 193 73 9
a 194 7 1
a 195 10 9
a 196 48 3
a 196 105 10
a 197 99 10
a 197 118 5
a 198 31 10
a 198 107 2
a 198 160 2
a 199 183 1
a 199 184 4
