p max 200 400
n 1 s
n 200 t
a 1 143 4
a 2 92 8
a 2 193 7
a 3 9 6
a 3 140 3
a 3 199 7
a 4 79 3
a 4 133 8
a 5 35 9
a 5 177 7
a 6 151 7
a 7 16 8
a 7 181 9
a 8 159 6
a 9 108 5
a 9 188 10
a 10 13 2
a 10 20 6
a 11 8 9
a 11 191 6
a 12 49 10
a 13 3 10
a 13 119 1
a 13 144 8
a 13 161 5
a 13 169 1
a 13 190 9
a 14 55 3
a 14 110 7
a 14 113 3
a 15 96 9
a 15 117 7
a 16 172 10
a 17 55 4
a 17 78 9
a 18 57 1
a 18 90 3
a 19 92 1
a 19 111 7
a 19 143 5
a 20 185 10
a 21 19 2
a 22 147 9
a 22 170 5
a 23 84 6
a 23 153 10
a 24 51 8
a 24 93 2
a 25 152 3
a 26 178 8
a 27 84 7
a 27 92 1
a 27 182 10
a 28 19 8
a 28 152 8
a 29 44 9
a 30 91 5
a 31 151 1
a 31 154 6
a 31 167 1
a 31 174 10
a 32 118 2
a 33 179 8
a 34 50 10
a 34 162 4
a 35 82 5
a 35 103 6
a 35 131 3
a 35 195 5
a 36 17 5
a 37 29 3
a 37 168 5
a 38 192 9
a 39 27 5
a 39 74 4
a 39 149 8
a 40 102 10
a 40 126 1
a 41 115 5
a 41 117 4
a 42 90 4
a 43 31 5
a 43 54 7
a 43 138 3
a 43 154 2
a 44 91 3
a 45 116 6
a 45 128 5
a 45 146 9
a 46 12 10
a 46 175 6
a 47 21 6
a 47 114 5
a 48 23 1
a 48 91 4
a 49 109 7
a 50 32 6
a 50 117 7
a 51 41 10
a 51 158 1
a 52 108 10
a 52 135 3
a 52 145 10
a 53 30 5
a 54 36 4
a 54 119 3
a 55 20 10
a 55 46 5
a 55 130 8
a 56 3 5
a 57 28 10
a 57 75 5
a 58 30 1
a 58 181 5
a 59 122 3
a 60 77 8
a 61 29 9
a 61 56 6
a 61 149 1
a 62 160 10
a 63 16 3
a 63 93 6
a 63 97 3
a 63 129 5
a 64 176 8
a 65 25 10
a 65 34 5
a 66 59 1
a 67 39 9
a 67 61 1
a 67 141 5
a 67 186 9
a 68 43 5
a 69 142 2
a 69 158 4
a 70 44 4
a 71 108 3
a 72 26 7
a 72 75 6
a 72 119 2
a 73 106 5
a 74 44 2
a 74 94 1
a 75 71 4
a 75 107 7
a 75 114 2
a 76 87 4
a 77 64 9
a 77 103 7
a 78 86 3
a 78 123 9
a 79 59 7
a 79 72 6
a 80 122 7
a 81 9 1
a 81 107 4
a 81 116 9
a 81 187 6
a 82 17 8
a 82 23 2
a 83 85 9
a 83 129 10
a 84 52 8
a 84 53 6
a 84 167 8
a 85 37 10
a 85 51 5
a 85 122 7
a 86 64 7
a 86 150 5
a 87 4 1
a 87 124 5
a 88 47 1
a 88 105 4
a 88 173 10
a 88 197 7
a 89 14 10
a 89 94 2
a 89 198 1
a 90 76 4
a 90 93 3
a 91 58 8
a 91 162 6
a 92 35 5
a 92 165 7
a 93 33 3
a 93 99 10
a 93 184 3
a 94 102 7
a 94 148 4
a 95 10 6
a 95 78 1
a 96 42 1
a 96 56 4
a 96 132 5
a 96 200 10
a 97 89 1
a 97 120 6
a 98 35 6
a 98 150 7
a 99 24 10
a 100 3 6
a 100 15 9
a 101 34 7
a 102 172 2
a 103 42 1
a 103 183 1
a 104 61 3
a 104 101 10
a 105 22 5
a 105 119 4
a 106 53 1
a 106 148 2
a 106 178 8
a 107 2 8
a 107 40 3
a 107 47 4
a 108 74 9
a 108 116 2
a 108 175 4
a 109 145 7
a 110 68 6
a 110 137 7
a 110 179 3
a 111 46 9
a 112 35 3
a 112 81 7
a 113 18 3
a 113 42 8
a 114 163 5
a 114 166 7
a 115 60 3
a 115 65 6
a 116 180 4
a 116 188 6
a 117 29 9
a 117 104 7
a 118 13 7
a 118 83 1
a 118 150 6
a 119 123 9
a 119 182 1
a 120 111 5
a 121 136 5
a 122 45 10
a 122 157 1
a 123 24 2
a 123 56 1
a 124 67 2
a 124 158 3
a 124 172 7
a 125 41 10
a 126 80 6
a 126 185 5
a 127 56 4
a 127 92 4
a 127 191 10
a 127 194 8
a 128 69 3
a 128 155 4
a 129 98 7
a 130 185 2
a 131 44 9
a 131 176 10
a 132 4 4
a 132 120 10
a 132 187 1
a 133 89 3
a 134 3 4
a 135 67 8
a 136 118 8
a 136 180 7
a 137 21 3
a 137 112 2
a 138 87 4
a 138 197 8
a 139 23 2
a 140 194 2
a 141 189 7
a 142 51 4
a 142 134 5
a 142 152 4
a 143 133 5
a 144 49 8
a 145 31 8
a 145 95 7
a 145 112 8
a 145 135 7
a 146 29 3
a 147 7 3
a 147 27 4
a 147 59 6
a 148 52 9
a 149 111 8
a 150 5 5
a 150 116 1
a 151 13 5
a 151 57 9
a 151 98 3
a 151 185 10
a 152 66 9
a 152 176 5
a 153 10 3
a 154 13 9
a 154 75 1
a 154 104 6
a 154 126 4
a 155 74 7
a 155 142 4
a 156 6 5
a 156 34 4
a 156 192 2
a 157 11 3
a 157 131 8
a 157 156 9
a 157 163 8
a 157 183 2
a 158 50 7
a 159 69 5
a 159 121 6
a 160 71 10
a 161 38 3
a 161 48 4
a 161 127 9
a 161 198 3
a 162 157 6
a 163 121 7
a 163 137 3
a 164 110 8
a 165 39 6
a 165 106 7
a 165 192 2
a 166 38 4
a 166 189 9
a 167 117 10
a 168 19 5
a 168 200 4
a 169 145 8
a 170 69 5
a 170 121 8
a 171 21 2
a 172 87 10
a 173 79 8
a 173 109 2
a 173 113 3
a 173 125 9
a 174 26 5
a 174 129 4
a 174 139 7
a 175 27 7
a 176 46 10
a 176 62 6
a 176 100 6
a 176 148 8
a 176 196 9
a 177 43 1
a 177 70 9
a 177 86 7
a 178 13 9
a 179 129 3
a 179 136 4
a 180 159 4
a 180 172 5
a 181 73 7
a 181 142 7
a 182 22 3
a 182 171 2
a 183 85 9
a 184 150 8
a 185 139 8
a 185 164 4
a 186 179 9
a 187 45 10
a 188 86 1
a 188 175 9
a 189 99 10
a 189 158 9
a 190 186 8
a 191 88 7
a 191 157 10
a 191 193 2
a 192 58 5
a 192 77 6
a 192 121 4
a 193 25 10
a 193 188 2
a 194 182 10
a 195 173 3
a 196 49 10
a 196 125 1
a 196 163 4
a 196 170 5
a 197 160 10
a 197 188 10
a 198 44 5
a 198 141 5
a 199 15 3
a 199 47 4
a 199 63 10
a 199 65 9
