p max 200 400
n 1 s
n 200 t
a 1 11 10
a 1 42 7
a 2 69 1
a 2 91 1
a 3 10 7
a 4 18 4
a 4 59 9
a 5 175 5
a 6 7 9
a 6 8 10
a 6 15 5
a 6 117 3
a 6 136 4
a 6 186 10
a 7 105 7
a 7 113 3
a 7 172 7
a 8 103 4
a 9 66 4
a 9 134 8
a 10 79 5
a 10 115 3
a 11 28 9
a 11 168 6
a 11 197 10
a 12 90 2
a 12 196 3
a 13 199 4
a 14 42 9
a 14 145 10
a 15 51 8
a 15 101 5
a 16 144 7
a 16 173 10
a 17 101 6
a 18 68 10
a 18 73 6
a 18 86 5
a 19 91 8
a 19 163 4
a 19 178 5
a 20 23 4
a 21 55 9
a 21 112 10
a 21 172 4
a 22 175 1
a 23 87 10
a 23 148 4
a 24 26 7
a 24 98 1
a 25 109 2
a 26 9 10
a 26 35 4
a 26 175 7
a 27 76 10
a 28 34 7
a 28 51 4
a 28 85 10
a 28 176 2
a 29 93 4
a 30 3 7
a 30 103 9
a 30 198 6
a 31 89 8
a 31 97 3
a 31 123 7
a 32 15 2
a 32 31 1
a 33 116 2
a 33 154 4
a 34 84 4
a 34 94 3
a 35 17 4
a 35 42 1
a 36 49 6
a 36 174 10
a 37 104 3
a 37 109 3
a 37 125 3
a 38 82 4
a 38 140 1
a 39 8 4
a 39 92 10
a 39 180 3
a 40 77 7
a 41 12 4
a 41 46 6
a 42 60 2
a 42 128 9
a 43 120 4
a 43 141 4
a 44 55 6
a 45 133 3
a 46 8 2
a 46 77 3
a 46 155 8
a 47 88 8
a 47 149 5
a 47 162 7
a 48 122 9
a 48 175 4
a 49 174 8
a 50 64 4
a 51 183 9
a 52 85 6
a 52 134 4
a 53 49 3
a 53 81 4
a 54 64 5
a 54 142 3
a 54 151 2
a 55 41 4
a 55 54 9
a 56 24 1
a 56 62 10
a 56 75 10
a 57 192 4
a 58 95 9
a 59 191 10
a 60 105 5
a 60 150 9
a 61 26 9
a 62 133 10
a 62 157 10
a 63 130 10
a 63 197 8
a 64 36 3
a 65 20 9
a 65 71 4
a 66 38 3
a 66 91 8
a 67 11 1
a 68 152 5
a 69 33 8
a 69 60 7
a 69 102 4
a 70 45 1
a 70 108 5
a 70 182 4
a 71 111 2
a 71 120 2
a 72 56 9
a 72 151 7
a 73 35 10
a 73 52 10
a 74 33 5
a 74 143 8
a 75 57 3
a 75 146 7
a 75 189 10
a 76 72 10
a 76 152 3
a 77 23 3
a 77 50 9
a 78 3 9
a 78 46 1
a 78 106 3
a 78 174 7
a 79 29 5
a 80 71 8
a 80 110 5
a 81 18 6
a 81 131 2
a 81 200 7
a 82 114 1
a 82 162 9
a 83 130 9
a 83 132 9
a 84 12 10
a 85 29 3
a 85 118 1
a 86 137 4
a 86 149 2
a 87 5 2
a 88 72 6
a 88 78 6
a 88 140 5
a 88 165 1
a 89 119 9
a 89 120 9
a 89 192 10
a 90 30 2
a 90 151 1
a 91 120 8
a 91 160 8
a 92 54 4
a 92 84 5
a 92 110 1
a 92 179 8
a 93 9 3
a 94 7 2
a 94 36 10
a 94 138 5
a 95 163 8
a 96 58 7
a 96 63 3
a 96 80 7
a 96 195 7
a 97 45 5
a 98 52 1
a 98 149 5
a 99 62 5
a 100 10 4
a 100 13 3
a 100 38 4
a 100 95 6
a 101 176 3
a 101 177 3
a 102 26 5
a 102 129 8
a 102 144 4
a 102 164 9
a 103 48 2
a 103 200 7
a 104 133 3
a 104 186 1
a 105 16 3
a 105 38 3
a 105 46 3
a 106 89 4
a 107 67 10
a 107 150 6
a 108 147 9
a 108 180 4
a 109 58 5
a 109 61 6
a 110 32 3
a 110 168 5
a 111 19 2
a 111 164 10
a 112 23 9
a 113 97 1
a 113 121 10
a 113 153 1
a 113 193 7
a 114 184 8
a 114 195 7
a 115 186 8
a 115 194 3
a 116 107 6
a 116 142 2
a 116 190 2
a 117 131 5
a 118 34 4
a 118 127 7
a 118 170 9
a 119 99 1
a 119 191 4
a 120 29 9
a 121 2 10
a 121 64 10
a 122 16 7
a 123 57 10
a 123 153 6
a 123 187 6
a 124 182 2
a 124 184 8
a 125 105 10
a 126 37 7
a 126 155 9
a 126 165 1
a 127 114 8
a 128 103 10
a 128 199 10
a 129 27 10
a 130 29 2
a 131 39 4
a 131 135 5
a 132 28 4
a 133 102 3
a 134 14 10
a 134 132 4
a 135 68 6
a 136 73 10
a 137 5 6
a 137 60 10
a 138 21 9
a 138 27 7
a 139 167 6
a 140 119 8
a 141 34 3
a 141 47 2
a 142 17 10
a 142 181 4
a 143 2 9
a 143 16 6
a 143 148 5
a 144 127 9
a 145 48 9
a 145 183 2
a 146 46 1
a 146 100 6
a 146 158 1
a 147 47 10
a 148 138 10
a 149 125 7
a 149 167 8
a 150 21 1
a 151 65 6
a 152 77 10
a 153 117 9
a 154 116 7
a 155 70 4
a 155 136 7
a 155 161 10
a 156 31 7
a 157 74 4
a 157 76 3
a 157 83 6
a 157 86 10
a 157 184 7
a 158 197 4
a 158 198 10
a 159 50 2
a 159 164 6
a 159 183 4
a 160 62 7
a 160 120 2
a 161 123 8
a 162 83 2
a 163 64 4
a 164 139 4
a 164 167 6
a 165 21 8
a 165 56 2
a 165 189 10
a 166 5 1
a 167 22 8
a 167 83 6
a 168 54 1
a 168 94 6
a 168 126 4
a 169 90 10
a 169 115 3
a 169 175 1
a 170 83 2
a 170 185 3
a 171 44 6
a 171 54 1
a 171 188 6
a 172 41 3
a 172 171 3
a 173 10 7
a 174 129 9
a 175 33 5
a 175 118 9
a 175 200 8
a 176 74 5
a 176 149 7
a 177 58 8
a 177 65 8
a 177 95 5
a 178 18 10
a 178 53 6
a 178 85 6
a 179 38 3
a 179 50 10
a 179 159 3
a 180 134 3
a 181 34 3
a 181 96 6
a 182 67 6
a 183 43 3
a 183 56 10
a 183 130 1
a 184 40 3
a 184 44 9
a 184 156 4
a 185 93 8
a 185 178 5
a 186 14 2
a 186 154 3
a 187 112 6
a 187 148 2
a 187 191 2
a 188 35 1
a 188 81 6
a 189 6 4
a 189 117 2
a 190 11 9
a 190 23 8
a 190 24 4
a 191 8 1
a 191 139 2
a 191 145 9
a 192 25 4
a 192 64 6
a 192 166 6
a 192 177 6
a 193 39 5
a 193 74 4
a 194 119 10
a 195 28 10
a 196 79 7
a 197 4 6
a 197 87 2
a 198 197 1
a 199 124 1
a 199 140 7
a 199 169 10
