p max 200 400
n 1 s
n 200 t
a 1 183 6
a 2 79 9
a 2 161 3
a 3 33 3
a 4 114 8
a 5 85 3
a 5 98 6
a 6 57 5
a 6 78 3
a 7 24 3
a 8 86 7
a 9 48 2
a 9 105 4
a 10 35 2
a 10 82 8
a 10 84 6
a 10 139 7
a 11 4 4
a 11 15 3
a 11 90 6
a 12 6 2
a 13 53 8
a 13 122 5
a 14 55 5
a 14 153 3
a 14 199 10
a 15 49 9
a 15 113 7
a 15 133 5
a 15 134 4
a 15 177 10
a 16 193 9
a 17 124 7
a 17 191 1
a 18 68 2
a 18 138 4
a 18 194 5
a 19 33 2
a 19 66 3
a 20 17 1
a 20 83 9
a 20 142 2
a 20 150 6
a 20 187 9
a 21 36 1
a 21 179 7
a 22 88 7
a 23 15 10
a 24 160 2
a 25 116 8
a 26 135 8
a 27 94 3
a 28 83 6
a 28 104 4
a 28 127 10
a 29 112 3
a 29 185 4
a 30 4 3
a 30 128 4
a 31 9 2
a 31 104 3
a 32 33 9
a 33 39 1
a 33 115 5
a 34 123 10
a 34 128 5
a 35 192 3
a 36 103 1
a 37 145 9
a 37 156 3
a 38 145 4
a 39 191 4
a 40 17 4
a 40 76 3
a 41 112 7
a 41 198 7
a 42 65 3
a 42 89 5
a 42 141 9
a 43 141 3
a 43 200 3
a 44 88 4
a 45 23 4
a 45 55 9
a 45 101 2
a 46 27 9
a 46 114 9
a 46 118 10
a 47 18 2
a 47 105 1
a 48 60 7
a 49 107 7
a 50 23 6
a 51 2 10
a 51 62 4
a 51 67 6
a 52 30 3
a 53 49 6
a 54 2 6
a 54 88 4
a 54 169 1
a 55 37 10
a 55 100 1
a 56 116 3
a 57 30 4
a 57 35 4
a 58 46 7
a 58 80 9
a 59 52 3
a 59 119 4
a 59 173 5
a 59 182 1
a 60 69 4
a 60 163 4
a 61 13 3
a 62 33 2
a 63 131 1
a 63 140 6
a 64 54 3
a 64 112 7
a 64 189 7
a 65 60 9
a 65 117 2
a 65 126 1
a 66 86 5
a 66 115 5
a 66 120 6
a 66 160 4
a 67 48 5
a 68 5 7
a 68 61 9
a 69 12 10
a 69 83 6
a 69 104 5
a 70 115 5
a 70 148 3
a 71 49 9
a 72 182 2
a 73 48 4
a 74 14 1
a 74 118 4
a 74 151 3
a 75 28 6
a 75 128 5
a 76 4 2
a 76 8 8
a 76 143 10
a 77 163 8
a 77 170 7
a 77 176 10
a 78 106 1
a 79 42 10
a 79 48 1
a 80 111 5
a 80 120 7
a 81 9 4
a 81 78 7
a 81 144 8
a 81 193 10
a 82 3 4
a 82 62 9
a 83 58 3
a 83 167 10
a 84 195 7
a 85 61 8
a 85 106 10
a 86 63 4
a 86 68 3
a 86 69 2
a 86 113 10
a 87 155 5
a 87 195 2
a 88 20 3
a 89 51 1
a 89 67 10
a 89 92 1
a 90 171 4
a 90 183 4
a 91 73 4
a 91 170 4
a 91 180 2
a 92 13 2
a 92 50 8
a 92 102 5
a 93 23 7
a 93 33 8
a 93 110 8
a 93 116 4
a 93 149 6
a 94 105 5
a 95 25 4
a 95 77 7
a 95 119 1
a 95 196 10
a 96 22 3
a 96 81 7
a 96 85 6
a 97 140 2
a 97 163 10
a 98 75 10
a 99 7 3
a 99 32 5
a 99 147 6
a 99 168 6
a 99 174 9
a 100 181 10
a 101 58 7
a 101 82 1
a 101 200 3
a 102 154 1
a 102 160 2
a 102 182 9
a 103 21 9
a 103 157 7
a 103 168 6
a 104 84 5
a 104 91 10
a 104 178 4
a 105 138 4
a 106 148 3
a 107 19 3
a 108 160 7
a 108 163 6
a 108 196 4
a 109 5 7
a 109 43 2
a 109 51 9
a 109 117 8
a 110 54 7
a 111 125 3
a 111 145 5
a 111 147 6
a 112 16 2
a 112 135 3
a 112 139 4
a 113 72 9
a 114 76 9
a 115 9 2
a 115 34 5
a 116 13 8
a 116 72 2
a 116 76 8
a 116 200 10
a 117 16 10
a 117 71 10
a 117 183 1
a 118 136 4
a 118 183 8
a 119 42 7
a 119 53 2
a 119 90 2
a 120 10 3
a 120 132 9
a 121 38 4
a 121 41 2
a 121 109 8
a 122 155 7
a 123 44 2
a 124 21 6
a 124 87 6
a 125 27 7
a 126 137 10
a 127 55 3
a 127 79 4
a 128 53 9
a 128 197 3
a 129 45 7
a 129 79 6
a 129 94 2
a 130 103 3
a 130 175 4
a 131 91 6
a 132 74 6
a 132 121 4
a 132 188 7
a 133 151 8
a 133 188 10
a 134 33 2
a 134 64 7
a 135 74 1
a 136 50 1
a 137 97 6
a 137 165 10
a 138 19 1
a 138 61 6
a 138 97 7
a 139 26 5
a 139 146 1
a 139 150 1
a 140 27 2
a 141 81 9
a 142 144 4
a 143 40 3
a 143 98 4
a 144 106 9
a 144 192 5
a 145 134 1
a 146 76 9
a 146 153 8
a 147 75 8
a 147 124 1
a 147 137 8
a 147 139 6
a 148 74 2
a 148 167 7
a 149 150 3
a 149 162 1
a 149 165 8
a 150 103 3
a 150 146 3
a 151 7 3
a 152 34 1
a 153 47 7
a 153 88 7
a 154 31 3
a 155 150 7
a 155 186 9
a 156 29 4
a 156 31 3
a 156 129 1
a 157 88 4
a 157 190 2
a 158 99 9
a 158 176 7
a 159 107 7
a 159 171 1
a 160 10 6
a 161 84 4
a 162 101 4
a 162 128 10
a 163 132 4
a 164 77 1
a 164 95 6
a 165 11 7
a 165 31 9
a 165 181 2
a 166 56 3
a 166 59 9
a 166 174 6
a 167 62 9
a 167 130 1
a 168 28 2
a 168 155 5
a 169 137 7
a 169 198 4
a 170 80 3
a 170 184 6
a 170 185 9
a 171 51 3
a 171 158 1
a 172 21 1
a 173 3 2
a 173 179 1
a 174 41 3
a 174 90 4
a 175 179 3
a 176 93 9
a 176 137 1
a 176 157 8
a 176 164 4
a 176 166 2
a 177 43 2
a 178 172 8
a 179 6 7
a 179 100 4
a 179 153 9
a 180 89 1
a 180 96 6
a 181 29 1
a 181 44 3
a 181 50 1
a 182 30 9
a 182 87 4
a 182 159 5
a 183 156 7
a 184 13 6
a 184 24 1
a 185 10 3
a 185 20 1
a 185 44 8
a 186 48 1
a 187 37 3
a 188 38 3
a 188 98 10
a 189 70 10
a 189 97 5
a 190 130 10
a 191 10 2
a 191 108 8
a 191 172 1
a 192 179 10
a 192 185 1
a 193 27 3
a 194 25 10
a 195 85 4
a 196 172 2
a 197 170 7
a 198 33 1
a 199 41 3
a 199 152 10
