p max 200 400
n 1 s
n 200 t
a 1 126 10
a 2 28 8
a 2 190 8
a 3 18 1
a 3 178 2
a 3 187 2
a 4 50 6
a 4 70 6
a 5 32 6
a 5 61 4
a 5 91 3
a 6 105 4
a 6 164 7
a 7 23 5
a 7 62 6
a 8 104 6
a 9 76 7
a 9 91 5
a 10 96 10
a 10 159 1
a 11 8 2
a 11 54 2
a 12 69 7
a 13 144 5
a 14 37 6
a 14 48 2
a 14 93 2
a 15 43 10
a 16 119 3
a 17 91 10
a 17 123 7
a 18 72 3
a 19 131 5
a 20 37 6
a 20 67 6
a 21 125 4
a 21 163 9
a 22 42 9
a 22 86 4
a 22 88 5
a 23 30 2
a 23 42 3
a 24 83 10
a 24 106 4
a 24 181 4
a 25 47 10
a 26 59 3
a 26 131 10
a 26 133 5
a 27 18 5
a 27 136 6
a 27 143 5
a 27 172 7
a 28 121 6
a 29 5 6
a 29 118 5
a 30 8 7
a 31 172 8
a 32 68 3
a 32 71 5
a 32 90 3
a 32 170 5
a 32 185 7
a 33 3 4
a 33 29 6
a 33 135 7
a 34 32 4
a 35 46 3
a 35 62 5
a 36 126 8
a 36 187 10
a 37 52 3
a 38 89 10
a 38 116 7
a 39 138 9
a 39 199 6
a 40 90 5
a 40 120 4
a 41 12 2
a 41 15 6
a 41 36 10
a 41 166 7
a 42 63 3
a 42 155 2
a 43 44 10
a 43 69 7
a 43 103 8
a 44 28 1
a 44 173 4
a 45 75 9
a 46 26 3
a 46 78 10
a 46 142 2
a 47 94 6
a 48 34 3
a 48 79 9
a 48 130 10
a 48 158 6
a 49 4 10
a 49 73 6
a 49 81 5
a 49 94 6
a 50 165 7
a 50 191 4
a 51 29 1
a 51 151 3
a 52 152 1
a 52 188 9
a 53 52 2
a 53 110 3
a 53 140 9
a 53 197 7
a 54 48 2
a 54 87 9
a 54 136 8
a 54 177 3
a 55 198 7
a 56 10 4
a 56 57 8
a 56 80 2
a 56 124 5
a 56 163 8
a 57 9 7
a 57 156 1
a 58 98 2
a 58 113 7
a 59 51 5
a 59 81 1
a 60 26 1
a 60 53 10
a 61 94 2
a 62 194 4
a 63 17 7
a 63 43 5
a 63 105 8
a 64 37 5
a 64 100 7
a 64 118 9
a 64 162 3
a 65 13 1
a 65 131 6
a 66 21 2
a 66 180 8
a 67 2 5
a 67 7 9
a 68 59 10
a 69 89 4
a 69 95 2
a 69 198 2
a 70 64 7
a 71 196 4
a 72 7 7
a 72 112 4
a 73 9 10
a 73 104 6
a 73 119 5
a 74 27 9
a 75 2 10
a 76 46 8
a 76 82 4
a 76 103 10
a 77 102 1
a 77 171 9
a 78 29 10
a 79 24 4
a 80 98 3
a 80 165 6
a 81 41 10
a 82 25 4
a 82 30 5
a 82 125 8
a 82 134 1
a 83 159 1
a 83 194 3
a 84 129 1
a 84 143 2
a 84 197 4
a 85 64 6
a 85 138 9
a 85 167 7
a 86 45 1
a 86 60 2
a 87 83 8
a 87 148 5
a 88 8 2
a 88 55 3
a 88 171 8
a 89 23 3
a 90 68 6
a 91 41 7
a 91 129 7
a 92 139 7
a 93 5 10
a 93 11 3
a 93 108 5
a 94 12 8
a 94 146 4
a 94 173 3
a 95 142 3
a 96 113 2
a 96 174 1
a 97 74 10
a 97 88 10
a 97 164 2
a 98 72 4
a 98 90 10
a 99 41 6
a 99 77 6
a 99 148 9
a 100 56 8
a 100 177 10
a 101 53 10
a 101 92 5
a 102 22 9
a 102 31 1
a 102 97 9
a 102 110 5
a 103 111 1
a 103 153 5
a 104 46 4
a 105 156 1
a 106 179 9
a 107 12 10
a 107 130 1
a 107 139 4
a 108 115 6
a 109 60 5
a 109 75 4
a 109 85 6
a 110 24 2
a 110 54 2
a 110 90 9
a 111 48 5
a 111 164 7
a 112 6 6
a 112 99 1
a 112 122 1
a 112 168 6
a 112 174 3
a 113 18 10
a 113 145 2
a 114 57 7
a 115 4 3
a 115 9 1
a 115 45 8
a 115 160 7
a 116 186 6
a 117 82 4
a 118 60 8
a 119 20 3
a 120 181 7
a 120 182 7
a 121 143 5
a 121 195 4
a 122 89 7
a 122 115 4
a 123 81 1
a 124 3 9
a 125 107 9
a 126 141 8
a 126 169 2
a 127 26 1
a 128 47 4
a 128 142 8
a 128 161 1
a 129 89 6
a 130 141 7
a 131 29 6
a 132 50 3
a 132 68 8
a 132 149 9
a 132 153 7
a 133 19 4
a 133 184 2
a 133 196 2
a 134 71 2
a 134 84 7
a 135 91 8
a 135 129 9
a 136 64 1
a 136 96 1
a 137 84 8
a 137 116 9
a 138 30 8
a 139 11 8
a 139 16 2
a 140 126 7
a 141 33 4
a 141 107 1
a 142 22 2
a 142 145 6
a 142 200 7
a 143 28 10
a 143 68 3
a 143 193 8
a 144 84 4
a 144 200 5
a 145 65 2
a 145 135 6
a 145 138 6
a 146 56 6
a 146 99 2
a 146 180 9
a 147 39 7
a 147 115 4
a 147 152 9
a 148 94 2
a 149 34 8
a 149 35 2
a 150 123 1
a 151 126 4
a 152 40 9
a 152 49 7
a 153 83 7
a 154 31 3
a 154 137 9
a 154 157 8
a 155 177 10
a 156 144 7
a 157 180 1
a 157 192 5
a 158 90 8
a 158 144 4
a 159 20 9
a 159 99 2
a 160 82 9
a 161 9 2
a 161 188 1
a 162 58 10
a 162 195 2
a 163 119 10
a 164 66 8
a 164 91 3
a 164 121 7
a 165 63 2
a 165 77 1
a 166 114 4
a 166 117 4
a 167 38 6
a 168 11 9
a 168 69 8
a 168 89 9
a 169 33 5
a 169 141 4
a 170 14 6
a 170 150 7
a 171 13 2
a 172 100 8
a 172 176 5
a 173 162 7
a 174 131 10
a 174 136 6
a 174 175 10
a 174 186 9
a 175 172 8
a 176 100 5
a 176 127 10
a 177 33 4
a 177 61 8
a 178 24 6
a 178 127 7
a 179 76 2
a 179 183 6
a 180 7 4
a 180 17 6
a 180 150 7
a 181 47 9
a 182 49 10
a 182 101 8
a 182 181 9
a 183 19 9
a 183 78 4
a 184 93 4
a 185 195 7
a 186 117 1
a 186 179 6
a 187 87 8
a 187 189 8
a 188 166 9
a 189 109 3
a 190 64 10
a 190 147 2
a 191 46 10
a 192 27 2
a 192 83 7
a 193 79 6
a 193 128 9
a 194 11 5
a 194 117 7
a 195 94 5
a 196 88 1
a 196 142 9
a 197 72 3
a 197 132 8
a 197 154 10
a 197 159 2
a 198 87 2
a 198 109 10
a 199 38 3
a 199 48 7
