p max 200 400
n 1 s
n 200 t
a 1 193 9
a 2 45 8
a 3 107 2
a 3 197 5
a 4 70 4
a 5 7 10
a 5 118 4
a 5 147 4
a 5 149 9
a 6 14 8
a 7 197 5
a 8 6 5
a 8 132 6
a 9 15 8
a 9 69 1
a 10 107 10
a 10 148 5
a 11 20 6
a 11 80 4
a 12 3 7
a 13 96 9
a 14 181 8
a 15 14 5
a 16 59 5
a 16 61 7
a 16 127 10
a 16 154 2
a 17 99 9
a 17 119 5
a 18 58 4
a 18 73 8
a 18 143 4
a 19 169 3
a 20 144 4
a 20 180 7
a 21 84 3
a 21 100 5
a 22 17 5
a 22 73 3
a 22 135 6
a 23 133 6
a 24 176 1
a 25 99 7
a 25 112 10
a 26 145 8
a 26 174 10
a 27 61 6
a 27 82 10
a 28 126 6
a 28 152 5
a 28 200 4
a 29 119 10
a 29 173 6
a 30 62 2
a 30 65 7
a 31 14 7
a 31 119 7
a 32 59 7
a 32 95 8
a 32 196 7
a 33 123 4
a 33 129 3
a 33 142 2
a 34 60 3
a 34 98 1
a 34 117 6
a 34 167 8
a 35 64 1
a 35 186 9
a 35 192 7
a 36 9 3
a 36 121 10
a 36 160 1
a 37 31 5
a 37 47 6
a 37 158 5
a 37 199 6
a 38 63 3
a 38 102 8
a 38 193 1
a 39 157 10
a 40 32 1
a 40 39 1
a 40 181 1
a 41 179 3
a 42 80 7
a 43 49 10
a 43 111 4
a 43 153 8
a 43 175 7
a 43 192 1
a 44 5 9
a 44 37 4
a 44 120 9
a 45 154 9
a 46 58 10
a 46 98 2
a 46 146 9
a 47 123 8
a 48 174 2
a 49 151 7
a 49 169 8
a 50 58 5
a 50 133 7
a 51 80 10
a 52 93 1
a 52 108 10
a 53 171 6
a 53 186 8
a 54 32 2
a 55 133 6
a 56 18 6
a 57 81 1
a 58 140 5
a 58 197 5
a 59 36 9
a 59 179 10
a 60 13 10
a 60 200 2
a 61 30 7
a 61 156 7
a 61 163 6
a 62 51 5
a 62 58 2
a 62 116 8
a 63 78 9
a 64 34 2
a 64 87 4
a 65 86 1
a 65 116 9
a 66 23 1
a 66 31 10
a 66 54 2
a 67 144 5
a 68 11 8
a 68 123 10
a 68 124 3
a 68 182 6
a 69 139 4
a 69 193 1
a 70 155 9
a 71 48 9
a 71 150 8
a 71 151 9
a 72 18 1
a 72 43 2
a 73 106 9
a 73 152 8
a 74 113 6
a 75 21 5
a 76 16 7
a 76 50 9
a 76 97 9
a 76 123 1
a 76 179 1
a 77 113 3
a 78 54 8
a 79 135 5
a 80 57 4
a 80 123 1
a 80 183 5
a 81 56 8
a 82 111 9
a 82 188 8
a 83 19 4
a 83 64 10
a 84 73 7
a 84 170 10
a 85 98 8
a 85 138 6
a 86 21 7
a 86 75 2
a 86 76 8
a 86 144 5
a 87 29 3
a 87 30 3
a 87 136 8
a 88 27 1
a 88 151 3
a 89 3 5
a 89 40 7
a 89 82 1
a 90 74 7
a 91 8 8
a 91 56 10
a 92 53 2
a 92 70 2
a 92 168 8
a 93 118 5
a 94 54 3
a 94 122 5
a 95 47 9
a 95 184 10
a 96 55 3
a 96 126 10
a 97 159 7
a 98 115 5
a 99 48 6
a 99 70 4
a 99 162 1
a 99 189 3
a 100 44 5
a 100 175 9
a 101 176 7
a 102 7 4
a 102 155 10
a 103 150 8
a 104 140 4
a 105 109 1
a 106 22 10
a 106 77 6
a 106 101 3
a 107 13 10
a 107 140 9
a 108 7 3
a 108 164 4
a 108 195 4
a 109 79 7
a 109 100 2
a 109 108 5
a 110 52 9
a 111 65 5
a 111 71 3
a 112 137 7
a 113 99 5
a 113 111 6
a 113 159 8
a 114 74 9
a 114 89 8
a 114 142 5
a 115 45 2
a 115 128 10
a 115 129 4
a 115 166 9
a 116 182 1
a 117 46 6
a 118 158 7
a 119 4 2
a 119 178 10
a 120 75 9
a 121 147 3
a 122 177 3
a 122 187 7
a 123 38 7
a 123 61 4
a 123 83 3
a 123 91 7
a 124 44 9
a 125 114 2
a 125 174 3
a 126 13 4
a 126 182 10
a 126 185 5
a 127 26 10
a 128 104 5
a 128 141 4
a 129 105 6
a 129 195 4
a 130 170 3
a 131 11 3
a 131 30 1
a 131 85 7
a 132 142 3
a 133 46 10
a 133 71 4
a 133 134 5
a 133 139 6
a 134 92 1
a 134 106 2
a 135 40 5
a 135 91 4
a 136 24 2
a 136 41 10
a 136 55 5
a 136 68 5
a 136 90 6
a 136 123 1
a 137 80 7
a 137 85 2
a 137 144 3
a 137 198 2
a 138 13 6
a 138 50 6
a 139 5 2
a 139 94 3
a 140 109 2
a 140 161 3
a 141 173 6
a 142 87 5
a 143 94 6
a 143 172 10
a 143 190 5
a 143 194 9
a 143 200 10
a 144 50 1
a 145 68 7
a 146 26 1
a 146 33 4
a 146 104 1
a 146 110 7
a 147 16 8
a 148 100 6
a 148 157 1
a 149 88 4
a 149 131 2
a 150 22 4
a 150 164 5
a 151 138 7
a 151 173 6
a 152 135 8
a 153 61 9
a 154 142 9
a 155 56 1
a 155 93 10
a 156 77 4
a 156 102 2
a 157 11 1
a 158 38 7
a 158 52 9
a 159 56 9
a 159 131 8
a 160 23 5
a 160 66 5
a 160 72 2
a 160 93 1
a 160 103 5
a 161 23 6
a 161 115 6
a 162 166 6
a 163 191 3
a 163 192 6
a 164 42 9
a 164 199 7
a 165 134 6
a 165 177 5
a 166 104 8
a 166 178 4
a 167 22 5
a 167 113 10
a 168 110 2
a 169 53 1
a 169 165 10
a 169 185 7
a 170 23 2
a 170 35 5
a 170 96 4
a 171 42 5
a 172 10 1
a 172 112 5
a 173 25 1
a 173 71 1
a 173 178 10
a 174 2 7
a 174 62 2
a 175 170 3
a 176 166 10
a 177 134 3
a 177 176 3
a 178 36 9
a 178 137 9
a 179 26 8
a 179 122 7
a 180 154 9
a 181 16 2
a 181 81 4
a 181 130 9
a 182 161 5
a 182 191 1
a 183 30 1
a 184 15 7
a 184 108 6
a 184 119 6
a 185 3 8
a 185 28 9
a 186 67 2
a 186 117 8
a 187 125 7
a 187 170 4
a 187 192 3
a 188 139 10
a 189 43 4
a 189 82 5
a 189 132 1
a 190 78 10
a 190 122 5
a 190 181 6
a 191 198 1
a 192 12 8
a 192 87 1
a 192 164 3
a 193 13 4
a 194 88 3
a 194 145 1
a 195 76 4
a 196 161 10
a 197 69 4
a 198 27 3
a 198 160 10
a 199 2 3
a 199 121 4
