p max 200 400
n 1 s
n 200 t
a 1 76 10
a 2 59 7
a 2 162 3
a 3 4 8
a 4 45 6
a 4 95 1
a 4 101 6
a 5 120 9
a 6 142 4
a 6 144 1
a 7 48 8
a 7 67 6
a 8 48 3
a 8 154 8
a 9 157 10
a 9 166 3
a 10 47 3
a 10 75 2
a 10 103 2
a 11 145 4
a 11 197 5
a 12 50 9
a 12 59 5
a 12 63 4
a 12 113 9
a 13 3 4
a 13 15 6
a 13 170 8
a 14 129 9
a 15 158 6
a 16 40 6
a 16 92 8
a 17 97 1
a 17 112 9
a 17 173 3
a 17 183 10
a 18 112 9
a 19 61 5
a 20 179 3
a 21 45 3
a 21 152 6
a 21 183 1
a 22 71 6
a 22 199 4
a 23 83 2
a 23 181 8
a 24 27 9
a 24 102 1
a 24 121 7
a 24 190 7
a 25 157 4
a 26 3 5
a 26 52 5
a 26 84 2
a 26 172 10
a 27 136 5
a 27 140 10
a 28 86 7
a 28 179 10
a 29 71 5
a 29 96 3
a 30 112 5
a 31 18 4
a 31 197 4
a 32 18 2
a 32 154 1
a 33 77 3
a 33 122 3
a 33 127 2
a 34 82 4
a 35 46 3
a 35 194 4
a 36 184 4
a 37 23 10
a 37 157 3
a 38 6 8
a 38 51 9
a 39 86 3
a 40 90 10
a 41 90 9
a 41 125 7
a 41 191 4
a 42 14 5
a 42 32 2
a 42 130 2
a 43 100 8
a 44 141 10
a 44 185 5
a 45 14 6
a 45 110 8
a 45 165 4
a 46 82 7
a 46 101 9
a 47 173 5
a 48 37 9
a 48 79 5
a 49 91 10
a 50 41 9
a 50 139 4
a 51 12 9
a 51 148 8
a 52 156 6
a 52 176 4
a 53 87 7
a 54 62 8
a 54 119 1
a 54 149 1
a 55 86 2
a 56 108 2
a 57 198 7
a 58 199 3
a 59 15 5
a 59 63 4
a 60 120 9
a 60 139 9
a 61 39 10
a 62 5 10
a 62 17 4
a 62 63 4
a 62 64 2
a 63 100 4
a 63 178 1
a 64 83 4
a 64 101 7
a 65 106 3
a 65 151 7
a 65 158 2
a 66 64 6
a 67 61 2
a 67 111 2
a 68 40 7
a 69 40 2
a 69 186 7
a 69 189 2
a 70 3 9
a 70 6 7
a 70 80 7
a 71 98 3
a 71 132 2
a 72 9 10
a 72 43 1
a 73 14 4
a 74 43 1
a 74 99 10
a 74 116 8
a 74 176 3
a 75 58 9
a 75 94 9
a 76 108 2
a 76 160 9
a 77 63 9
a 77 93 6
a 78 24 8
a 78 133 6
a 79 91 6
a 80 102 4
a 80 159 6
a 81 31 7
a 82 186 3
a 83 164 1
a 83 188 3
a 84 35 3
a 84 112 9
a 85 89 4
a 85 129 4
a 86 73 7
a 87 65 8
a 87 142 8
a 87 193 4
a 88 74 10
a 89 94 7
a 89 181 4
a 90 26 1
a 90 63 5
a 91 37 3
a 91 128 6
a 92 34 4
a 92 39 9
a 93 115 4
a 93 129 2
a 94 44 8
a 94 104 9
a 94 171 3
a 95 7 4
a 95 14 4
a 96 49 5
a 97 35 7
a 98 13 4
a 98 141 9
a 99 58 8
a 99 78 10
a 100 26 1
a 100 187 7
a 101 105 8
a 101 168 1
a 102 159 2
a 103 108 10
a 103 178 9
a 104 4 5
a 104 162 6
a 105 96 2
a 106 179 1
a 106 195 8
a 107 40 1
a 107 72 7
a 107 182 7
a 108 42 9
a 109 24 7
a 109 92 1
a 109 114 7
a 109 135 7
a 110 37 10
a 110 123 7
a 111 28 10
a 111 161 9
a 112 131 9
a 112 164 1
a 113 14 10
a 113 107 5
a 113 161 5
a 114 39 10
a 114 94 7
a 114 134 1
a 115 10 6
a 115 25 10
a 115 36 1
a 116 140 2
a 117 52 3
a 117 194 10
a 118 81 8
a 118 133 2
a 119 9 7
a 119 10 4
a 119 97 1
a 119 175 1
a 119 200 7
a 120 72 8
a 121 74 10
a 121 77 7
a 122 48 9
a 122 179 9
a 123 57 8
a 123 102 2
a 123 138 4
a 124 30 7
a 124 47 2
a 125 62 7
a 125 86 9
a 125 185 4
a 126 27 6
a 126 77 3
a 126 168 6
a 126 184 2
a 127 37 5
a 128 51 10
a 129 45 8
a 129 126 9
a 130 22 7
a 130 23 3
a 131 88 2
a 132 89 10
a 132 106 10
a 132 198 8
a 133 89 8
a 133 177 10
a 134 49 10
a 134 165 10
a 135 70 1
a 135 117 6
a 135 123 9
a 135 124 7
a 136 81 5
a 136 120 3
a 137 136 9
a 138 11 9
a 138 50 2
a 138 109 6
a 139 19 1
a 139 122 10
a 140 108 9
a 140 192 2
a 141 69 5
a 141 127 6
a 141 142 4
a 142 54 3
a 143 20 7
a 143 32 5
a 144 47 5
a 144 88 8
a 144 148 3
a 144 188 8
a 145 4 7
a 145 7 4
a 145 55 2
a 145 180 8
a 146 76 2
a 146 87 4
a 146 186 8
a 146 199 5
a 147 70 5
a 147 153 10
a 147 186 8
a 148 44 3
a 148 45 8
a 148 62 3
a 148 143 6
a 149 26 3
a 150 91 4
a 150 92 8
a 151 8 8
a 151 70 4
a 152 165 4
a 153 73 2
a 153 85 10
a 154 115 4
a 155 51 1
a 155 174 6
a 156 78 3
a 157 44 3
a 157 66 7
a 158 180 2
a 159 171 4
a 160 2 2
a 160 60 9
a 160 159 10
a 160 169 9
a 161 85 10
a 161 169 1
a 161 200 1
a 162 147 6
a 162 184 7
a 163 28 7
a 164 101 10
a 164 137 10
a 164 146 10
a 165 115 10
a 165 163 10
a 166 7 4
a 166 16 9
a 167 42 8
a 167 94 9
a 168 33 1
a 168 111 5
a 169 97 9
a 169 113 9
a 170 160 3
a 171 176 7
a 172 103 10
a 172 164 3
a 172 186 6
a 173 58 7
a 173 150 1
a 174 98 4
a 174 104 8
a 175 21 2
a 175 173 2
a 176 83 9
a 177 101 5
a 177 176 8
a 178 57 4
a 178 108 3
a 179 31 3
a 179 67 6
a 179 90 10
a 179 118 3
a 180 22 10
a 180 54 2
a 180 151 5
a 181 38 5
a 181 131 8
a 182 54 1
a 182 65 2
a 183 16 9
a 184 82 7
a 185 99 7
a 186 53 2
a 186 111 5
a 186 158 7
a 186 192 6
a 187 119 2
a 187 136 7
a 188 43 6
a 189 2 4
a 190 101 2
a 191 29 10
a 191 157 1
a 192 81 6
a 192 167 1
a 193 43 9
a 193 155 2
a 194 2 10
a 195 56 1
a 196 68 7
a 197 56 1
a 197 152 3
a 197 196 9
a 198 68 4
a 198 181 3
a 199 53 9
a 199 170 3
