p max 200 400
n 1 s
n 200 t
a 1 129 9
a 2 55 10
a 2 69 7
a 2 166 7
a 3 15 9
a 3 147 10
a 4 65 9
a 5 114 9
a 6 122 2
a 6 137 8
a 6 186 7
a 7 29 4
a 7 110 4
a 7 135 8
a 8 149 4
a 9 103 10
a 9 155 1
a 10 173 4
a 11 106 2
a 11 111 10
a 12 165 7
a 13 39 4
a 13 131 4
a 13 160 8
a 14 88 9
a 14 183 5
a 15 72 4
a 15 122 9
a 16 105 7
a 17 57 9
a 17 180 3
a 17 191 6
a 18 135 3
a 19 32 5
a 19 67 4
a 20 35 1
a 20 81 2
a 21 62 2
a 21 142 5
a 22 6 10
a 22 63 6
a 22 85 3
a 23 83 7
a 23 115 2
a 24 15 5
a 24 105 8
a 24 119 7
a 25 171 2
a 26 9 1
a 26 75 9
a 27 60 6
a 27 66 8
a 27 161 7
a 28 134 5
a 28 163 8
a 29 6 7
a 29 21 1
a 29 147 7
a 30 34 1
a 31 7 9
a 32 42 7
a 33 71 1
a 33 75 4
a 34 70 4
a 34 173 9
a 35 126 6
a 36 33 1
a 37 106 8
a 38 15 4
a 39 153 7
a 40 13 7
a 40 133 6
a 41 91 7
a 41 130 5
a 41 195 10
a 42 128 5
a 43 105 7
a 43 136 6
a 43 200 7
a 44 102 7
a 44 145 8
a 44 163 3
a 45 128 3
a 46 44 6
a 46 123 2
a 46 127 9
a 47 59 4
a 47 94 10
a 47 97 5
a 47 125 2
a 47 171 7
a 48 5 6
a 48 20 3
a 48 21 5
a 48 197 3
a 49 200 8
a 50 109 8
a 50 172 6
a 51 28 4
a 51 67 3
a 52 89 1
a 52 149 3
a 52 162 4
a 53 100 3
a 53 159 1
a 53 194 4
a 54 73 1
a 55 19 1
a 55 120 4
a 55 128 8
a 55 182 4
a 56 134 1
a 56 140 5
a 57 118 6
a 58 76 6
a 58 114 4
a 58 167 1
a 59 41 8
a 60 32 8
a 60 141 5
a 61 22 4
a 61 53 7
a 62 43 5
a 63 59 7
a 64 155 2
a 65 56 1
a 65 129 6
a 65 168 7
a 66 68 1
a 66 101 7
a 67 53 3
a 67 112 10
a 67 153 6
a 68 46 5
a 68 57 5
a 68 143 1
a 69 76 1
a 69 135 3
a 70 103 3
a 70 190 3
a 71 57 8
a 71 104 7
a 72 129 3
a 72 180 3
a 73 26 2
a 73 64 9
a 73 68 1
a 73 105 9
a 74 187 8
a 75 2 6
a 75 74 7
a 75 80 8
a 76 55 3
a 77 113 10
a 77 121 2
a 77 184 9
a 78 50 8
a 79 6 4
a 80 12 4
a 81 110 3
a 82 85 10
a 82 199 4
a 83 2 7
a 84 130 1
a 84 160 2
a 85 56 10
a 86 176 10
a 87 7 1
a 87 44 10
a 87 79 9
a 88 102 10
a 89 36 1
a 89 85 6
a 89 98 5
a 89 182 9
a 90 97 8
a 90 164 4
a 91 9 2
a 92 20 4
a 93 14 5
a 94 11 4
a 94 124 4
a 95 44 5
a 95 62 9
a 95 77 2
a 95 117 4
a 96 31 3
a 96 47 8
a 96 57 3
a 97 39 7
a 98 15 4
a 99 86 3
a 99 130 3
a 100 167 2
a 101 43 7
a 101 130 2
a 101 181 5
a 102 11 7
a 103 73 1
a 103 170 3
a 104 132 8
a 105 118 5
a 105 132 8
a 105 149 8
a 106 24 5
a 106 71 7
a 106 200 9
a 107 116 7
a 107 121 8
a 108 102 1
a 109 66 7
a 110 188 3
a 111 3 5
a 111 7 8
a 111 61 4
a 111 108 3
a 112 27 6
a 112 140 6
a 112 187 2
a 113 58 6
a 113 121 7
a 114 6 3
a 114 96 2
a 115 74 2
a 116 69 7
a 117 14 4
a 117 51 10
a 117 192 7
a 118 163 6
a 119 21 5
a 119 115 10
a 119 146 5
a 120 181 5
a 120 195 1
a 121 144 8
a 121 153 10
a 121 169 7
a 122 115 9
a 123 58 8
a 123 78 3
a 124 133 6
a 125 32 1
a 126 3 10
a 127 73 6
a 127 174 9
a 128 28 2
a 128 29 10
a 128 30 8
a 128 126 8
a 129 152 5
a 129 165 7
a 130 15 7
a 131 9 4
a 132 70 6
a 132 148 2
a 133 77 6
a 133 117 5
a 134 88 3
a 135 160 10
a 136 124 9
a 136 194 10
a 137 2 4
a 137 12 8
a 137 140 10
a 138 103 2
a 138 198 8
a 139 30 9
a 140 13 8
a 140 87 8
a 140 165 1
a 141 89 2
a 142 73 2
a 143 73 3
a 144 101 2
a 145 92 6
a 145 125 9
a 145 172 3
a 146 123 4
a 147 59 10
a 148 52 5
a 148 79 6
a 149 2 5
a 149 42 1
a 150 16 1
a 150 157 4
a 150 175 1
a 151 82 8
a 151 140 3
a 152 47 1
a 153 23 3
a 153 33 1
a 153 120 8
a 154 85 1
a 154 95 2
a 154 193 9
a 155 4 1
a 155 194 6
a 156 179 6
a 156 186 3
a 156 189 7
a 157 51 7
a 158 50 2
a 158 82 7
a 158 121 3
a 159 116 9
a 159 197 5
a 160 6 3
a 161 187 1
a 162 36 1
a 162 154 10
a 163 59 9
a 163 73 6
a 164 4 10
a 164 25 10
a 164 83 10
a 165 10 10
a 165 25 6
a 165 38 5
a 165 152 5
a 165 178 4
a 166 29 4
a 167 97 7
a 168 24 1
a 168 37 7
a 168 130 10
a 168 162 3
a 169 66 1
a 170 16 9
a 170 55 3
a 170 138 3
a 170 177 8
a 171 91 2
a 171 156 7
a 171 158 7
a 172 23 2
a 172 116 10
a 172 157 3
a 173 81 2
a 174 124 4
a 175 33 6
a 176 120 5
a 177 40 6
a 177 106 5
a 177 115 10
a 177 129 7
a 178 48 2
a 178 68 7
a 178 99 5
a 178 103 2
a 178 151 7
a 179 29 7
a 179 93 1
a 179 139 3
a 179 196 1
a 180 32 4
a 180 73 3
a 180 114 9
a 180 161 6
a 181 90 10
a 182 81 1
a 182 91 10
a 182 176 2
a 183 116 8
a 183 173 10
a 184 14 6
a 184 45 7
a 184 150 8
a 184 154 1
a 185 18 9
a 185 49 7
a 185 188 3
a 185 191 4
a 186 65 3
a 186 133 4
a 186 153 1
a 187 190 5
a 188 8 8
a 188 54 8
a 188 97 9
a 188 107 6
a 189 90 9
a 189 120 2
a 189 137 4
a 190 41 10
a 190 192 5
a 191 84 7
a 191 159 7
a 192 17 2
a 192 193 10
a 193 34 3
a 193 110 9
a 193 185 2
a 194 15 3
a 195 7 8
a 196 130 5
a 197 41 4
a 198 105 8
a 198 106 4
a 199 135 4
a 199 183 3
