p max 200 400
n 1 s
n 200 t
a 1 80 2
a 1 141 8
a 2 3 6
a 2 15 3
a 2 29 8
a 3 34 5
a 3 187 9
a 4 5 6
a 5 176 1
a 6 57 1
a 6 130 3
a 7 50 8
a 7 118 1
a 8 4 4
a 8 121 4
a 9 21 2
a 10 57 8
a 10 119 7
a 10 177 6
a 11 8 9
a 12 178 7
a 13 136 9
a 13 155 4
a 14 178 2
a 15 21 9
a 15 98 4
a 15 160 9
a 16 56 3
a 16 132 3
a 17 157 6
a 18 16 1
a 19 148 8
a 19 166 10
a 20 156 6
a 21 128 2
a 21 152 10
a 22 98 7
a 23 143 4
a 23 147 1
a 23 168 9
a 24 38 9
a 24 60 8
a 25 64 2
a 25 76 8
a 26 69 2
a 26 125 1
a 27 135 7
a 27 189 1
a 28 106 8
a 28 137 9
a 28 144 10
a 29 85 10
a 29 122 9
a 29 179 5
a 30 65 2
a 30 116 3
a 31 112 9
a 32 96 1
a 33 13 10
a 33 72 4
a 33 76 10
a 34 62 7
a 35 66 2
a 35 89 1
a 35 137 10
a 36 118 4
a 37 80 3
a 37 133 3
a 38 61 4
a 38 155 1
a 39 48 10
a 39 70 3
a 39 81 6
a 39 138 1
a 39 162 4
a 39 192 8
a 40 187 6
a 41 14 7
a 41 122 2
a 42 73 2
a 42 94 7
a 42 151 4
a 42 165 2
a 43 96 5
a 44 71 8
a 45 24 8
a 45 76 3
a 45 109 6
a 45 114 3
a 45 182 3
a 45 188 1
a 46 26 4
a 46 101 6
a 47 29 6
a 47 107 7
a 48 9 9
a 48 22 1
a 49 97 5
a 49 158 6
a 50 51 8
a 50 176 9
a 50 178 7
a 51 147 10
a 51 156 7
a 51 200 6
a 52 22 4
a 52 195 5
a 53 8 1
a 53 34 10
a 53 184 5
a 54 20 6
a 54 160 7
a 55 34 10
a 55 42 10
a 55 47 7
a 55 90 4
a 56 106 7
a 56 164 10
a 57 37 4
a 57 53 4
a 57 95 10
a 57 151 8
a 58 132 5
a 59 23 10
a 59 26 10
a 59 30 2
a 59 67 1
a 59 183 9
a 60 118 10
a 61 128 6
a 61 167 6
a 61 196 9
a 62 5 2
a 62 151 5
a 63 175 3
a 64 51 9
a 65 52 10
a 66 19 9
a 66 120 10
a 67 4 2
a 68 18 4
a 68 164 10
a 69 200 4
a 70 38 6
a 71 134 8
a 71 194 8
a 72 92 9
a 72 111 4
a 73 129 4
a 73 137 5
a 73 161 7
a 74 31 1
a 74 46 6
a 74 173 2
a 75 172 6
a 76 145 4
a 77 168 4
a 78 23 3
a 78 82 7
a 79 141 7
a 79 178 7
a 80 102 10
a 80 113 5
a 81 142 10
a 82 25 10
a 82 58 10
a 82 81 4
a 83 4 6
a 84 125 3
a 85 33 7
a 85 112 9
a 86 32 5
a 86 93 8
a 87 7 2
a 87 190 1
a 88 52 10
a 88 173 2
a 89 132 6
a 89 196 5
a 90 44 10
a 90 62 5
a 90 86 10
a 90 160 4
a 91 79 1
a 92 6 7
a 92 120 9
a 92 197 2
a 93 39 3
a 93 69 8
a 93 150 7
a 94 19 7
a 94 78 4
a 94 100 3
a 95 18 6
a 95 104 4
a 95 136 10
a 96 19 4
a 96 142 8
a 97 175 3
a 98 165 8
a 99 50 7
a 99 61 3
a 100 60 1
a 100 134 6
a 100 152 6
a 101 45 3
a 101 175 6
a 102 115 7
a 102 200 2
a 103 26 10
a 104 33 7
a 104 63 1
a 104 82 8
a 105 18 2
a 105 99 6
a 105 198 9
a 106 74 2
a 106 88 9
a 107 27 6
a 107 137 9
a 108 124 9
a 109 147 2
a 110 154 6
a 111 189 2
a 111 191 9
a 112 120 6
a 112 179 2
a 113 20 9
a 113 91 1
a 114 135 3
a 114 177 6
a 115 95 3
a 115 101 7
a 116 150 2
a 117 43 7
a 117 144 6
a 118 162 1
a 118 186 5
a 119 68 5
a 119 96 10
a 119 127 10
a 119 170 6
a 119 182 10
a 120 48 9
a 121 64 6
a 122 16 4
a 122 182 3
a 123 116 6
a 123 131 6
a 124 149 7
a 124 150 8
a 125 42 9
a 125 108 2
a 126 115 2
a 127 106 6
a 128 187 4
a 129 51 3
a 129 82 6
a 130 8 1
a 130 105 2
a 130 181 9
a 131 148 6
a 131 171 4
a 132 110 10
a 132 117 6
a 133 107 3
a 134 24 7
a 135 36 10
a 135 142 6
a 136 4 4
a 136 10 2
a 137 41 5
a 137 70 3
a 137 180 10
a 138 41 4
a 139 49 9
a 139 54 6
a 139 59 4
a 139 159 9
a 139 185 4
a 140 40 3
a 140 111 3
a 140 189 6
a 141 31 10
a 142 8 7
a 142 146 7
a 143 14 7
a 143 139 6
a 143 175 5
a 144 127 2
a 144 154 9
a 145 59 5
a 145 115 5
a 145 123 2
a 146 137 3
a 147 104 2
a 148 2 2
a 148 22 8
a 148 199 10
a 149 4 4
a 150 69 9
a 150 97 5
a 150 153 4
a 150 174 5
a 151 75 3
a 151 86 2
a 152 12 7
a 152 163 4
a 153 35 9
a 153 87 6
a 153 140 2
a 153 164 4
a 153 180 7
a 154 42 6
a 154 55 2
a 155 76 6
a 156 21 2
a 157 128 5
a 158 156 6
a 158 170 2
a 158 184 9
a 158 189 7
a 159 102 10
a 160 9 6
a 160 96 9
a 161 12 10
a 161 131 10
a 162 12 3
a 163 79 6
a 163 171 8
a 164 135 8
a 165 17 5
a 165 103 3
a 165 166 5
a 166 68 10
a 167 108 6
a 168 27 1
a 169 47 2
a 169 60 9
a 169 172 4
a 170 166 7
a 170 193 3
a 171 89 1
a 172 155 10
a 173 66 6
a 173 131 1
a 174 124 9
a 174 128 1
a 174 172 6
a 175 27 9
a 175 51 3
a 176 56 1
a 176 200 4
a 177 180 9
a 178 145 5
a 179 15 8
a 179 126 5
a 180 166 1
a 181 10 1
a 181 143 5
a 182 154 10
a 182 157 9
a 183 51 2
a 184 84 1
a 184 115 1
a 184 153 10
a 185 71 9
a 186 15 9
a 186 71 10
a 186 83 10
a 186 194 2
a 187 24 8
a 187 145 3
a 188 90 7
a 188 93 10
a 189 40 1
a 190 21 2
a 190 194 3
a 191 29 7
a 191 88 3
a 191 190 7
a 192 77 7
a 192 97 6
a 193 6 2
a 193 30 3
a 193 102 8
a 194 6 7
a 194 28 1
a 194 117 2
a 195 30 1
a 195 39 8
a 195 169 3
a 195 172 7
a 196 193 1
a 197 52 6
a 197 108 8
a 197 148 10
a 198 11 3
a 198 194 10
a 199 56 9
