p max 200 400
n 1 s
n 200 t
a 1 44 5
a 1 192 9
a 2 47 3
a 2 87 10
a 2 139 9
a 3 74 4
a 3 90 1
a 4 59 4
a 4 143 4
a 5 13 1
a 5 76 7
a 6 119 3
a 7 49 4
a 7 70 1
a 7 84 2
a 7 129 7
a 7 148 6
a 7 198 3
a 8 19 4
a 8 199 9
a 9 8 4
a 10 22 4
a 10 150 8
a 10 159 10
a 11 84 10
a 11 121 6
a 12 93 5
a 13 42 5
a 13 54 2
a 13 72 2
a 14 118 7
a 14 143 6
a 15 68 8
a 15 114 5
a 15 123 3
a 16 140 9
a 17 22 8
a 17 32 8
a 17 200 1
a 18 109 9
a 18 145 8
a 19 77 4
a 20 141 3
a 21 61 7
a 22 5 10
a 22 37 7
a 22 54 2
a 22 67 5
a 23 12 6
a 23 26 2
a 23 144 7
a 24 7 7
a 24 142 8
a 25 154 1
a 25 194 1
a 26 42 8
a 26 92 7
a 27 152 9
a 28 111 10
a 29 88 10
a 30 112 2
a 30 141 6
a 30 163 4
a 31 33 6
a 31 110 1
a 31 119 1
a 31 127 9
a 31 133 8
a 31 166 8
a 32 155 2
a 33 50 3
a 33 107 9
a 33 186 8
a 34 25 7
a 35 60 4
a 35 137 9
a 36 199 7
a 37 121 6
a 38 125 8
a 39 24 5
a 39 140 3
a 40 87 9
a 40 131 5
a 41 96 10
a 41 149 9
a 42 148 6
a 42 167 1
a 43 16 10
a 43 21 2
a 43 100 6
a 44 19 3
a 45 33 8
a 45 142 2
a 46 31 5
a 46 66 5
a 47 159 6
a 48 4 9
a 48 106 10
a 48 110 6
a 48 187 1
a 49 94 5
a 49 181 2
a 50 49 4
a 51 84 1
a 52 95 5
a 53 8 6
a 53 34 2
a 53 159 3
a 54 25 2
a 54 43 7
a 54 117 5
a 54 182 1
a 55 53 9
a 56 9 9
a 56 60 2
a 56 99 4
a 57 104 8
a 57 135 9
a 58 66 1
a 58 144 8
a 59 6 9
a 59 11 2
a 59 155 9
a 60 7 10
a 60 8 3
a 61 132 9
a 62 97 6
a 62 158 7
a 62 164 7
a 63 2 6
a 64 179 1
a 64 196 1
a 65 10 2
a 66 19 7
a 66 169 6
a 67 13 2
a 67 76 4
a 67 181 6
a 68 83 5
a 69 91 4
a 69 97 3
a 69 164 6
a 70 112 6
a 71 108 5
a 71 173 10
a 72 192 4
a 73 88 2
a 74 96 5
a 74 185 1
a 74 192 8
a 75 113 10
a 75 161 9
a 76 94 8
a 76 126 2
a 76 132 7
a 76 153 6
a 77 29 3
a 78 131 6
a 79 116 6
a 79 118 10
a 80 90 5
a 81 86 9
a 81 126 1
a 82 27 2
a 82 29 3
a 82 59 7
a 83 39 3
a 83 73 6
a 83 194 8
a 84 19 4
a 84 123 3
a 85 66 4
a 86 48 8
a 86 79 2
a 86 168 10
a 86 175 4
a 87 127 5
a 88 11 5
a 88 19 8
a 88 45 5
a 88 184 8
a 89 170 4
a 89 189 2
a 90 27 9
a 91 128 9
a 91 173 10
a 92 59 3
a 92 200 9
a 93 60 5
a 93 74 3
a 93 129 2
a 94 80 8
a 95 96 9
a 95 125 4
a 96 164 6
a 97 101 3
a 97 171 1
a 98 162 10
a 98 187 9
a 98 188 7
a 99 160 9
a 100 78 7
a 100 147 6
a 101 21 6
a 101 53 5
a 101 55 3
a 101 61 8
a 102 93 10
a 102 147 5
a 103 121 8
a 103 178 3
a 104 3 9
a 104 19 7
a 105 42 10
a 106 116 5
a 107 156 7
a 108 58 1
a 108 169 8
a 109 148 10
a 110 82 7
a 110 104 9
a 110 122 8
a 110 169 8
a 111 75 4
a 111 112 7
a 112 103 6
a 112 183 5
a 113 17 1
a 113 99 7
a 113 161 1
a 114 182 6
a 115 109 3
a 116 28 5
a 116 189 2
a 116 195 3
a 117 38 4
a 117 63 9
a 117 151 5
a 118 12 5
a 118 130 5
a 118 138 1
a 118 145 2
a 119 22 8
a 119 57 8
a 119 151 8
a 120 52 5
a 120 122 10
a 120 152 7
a 120 174 3
a 120 189 3
a 121 9 8
a 122 69 7
a 122 115 6
a 123 65 4
a 123 71 9
a 124 65 9
a 124 160 3
a 125 30 5
a 125 48 2
a 126 21 9
a 127 59 6
a 127 64 9
a 128 14 8
a 128 62 8
a 128 85 8
a 128 95 1
a 129 111 7
a 129 124 4
a 130 2 10
a 130 46 1
a 130 157 9
a 131 102 10
a 131 146 6
a 131 161 6
a 132 26 10
a 133 62 5
a 133 177 2
a 133 195 5
a 134 40 10
a 134 142 4
a 134 179 6
a 135 104 2
a 135 181 8
a 136 134 3
a 136 139 10
a 136 160 4
a 137 64 6
a 138 161 7
a 138 190 5
a 139 20 3
a 139 150 4
a 140 24 2
a 140 25 4
a 140 115 5
a 141 2 7
a 141 172 7
a 141 191 5
a 142 65 5
a 142 156 2
a 142 186 5
a 143 31 1
a 143 87 7
a 144 75 10
a 144 145 4
a 144 170 3
a 145 32 10
a 146 97 3
a 146 98 8
a 146 133 7
a 147 160 7
a 148 27 6
a 149 122 7
a 150 119 9
a 151 132 5
a 152 66 5
a 152 78 1
a 153 91 2
a 153 197 2
a 154 23 2
a 154 113 8
a 154 188 8
a 155 149 7
a 156 9 3
a 156 27 1
a 157 39 9
a 158 19 2
a 159 45 8
a 159 171 4
a 160 161 10
a 160 165 1
a 161 18 1
a 161 120 6
a 162 15 4
a 162 35 10
a 163 52 9
a 163 89 5
a 164 10 8
a 164 30 7
a 165 92 3
a 166 9 2
a 166 35 3
a 166 81 3
a 166 105 1
a 167 152 3
a 168 51 1
a 168 95 4
a 169 16 8
a 169 73 9
a 170 191 10
a 171 77 7
a 171 88 7
a 171 103 2
a 172 94 5
a 172 193 10
a 173 128 8
a 173 182 3
a 174 36 7
a 174 80 7
a 174 123 10
a 175 116 1
a 175 185 7
a 176 59 9
a 177 163 7
a 178 41 3
a 178 59 2
a 178 172 7
a 179 73 3
a 180 113 1
a 181 51 5
a 182 125 10
a 183 103 10
a 184 82 8
a 185 124 9
a 185 154 4
a 186 70 8
a 186 155 9
a 187 80 5
a 187 136 9
a 188 9 7
a 189 13 1
a 190 58 3
a 190 140 7
a 191 18 5
a 192 3 2
a 193 64 1
a 193 83 9
a 193 98 5
a 193 176 2
a 194 72 2
a 194 189 4
a 195 15 10
a 195 120 3
a 196 117 4
a 196 154 4
a 197 48 8
a 197 56 2
a 197 194 7
a 198 178 1
a 198 180 3
a 199 174 10
