p max 300 600
n 1 s
n 300 t
a 1 71 3
a 1 278 4
a 2 39 10
a 2 48 9
a 2 141 7
a 2 213 5
a 3 79 3
a 3 293 4
a 4 22 7
a 4 66 2
a 4 85 8
a 5 56 3
a 5 109 1
a 5 208 2
a 5 284 10
a 6 12 7
a 6 44 5
a 7 156 1
a 7 200 1
a 8 110 10
a 8 238 6
a 9 103 2
a 9 148 10
a 10 265 7
a 10 276 3
a 11 146 3
a 11 179 10
a 12 209 8
a 12 288 5
a 13 175 4
a 13 228 7
a 13 265 2
a 13 294 10
a 14 112 1
a 14 211 10
a 15 161 5
a 15 164 4
a 16 223 9
a 17 65 1
a 17 225 6
a 18 39 3
a 18 300 10
a 19 37 5
a 19 204 9
a 20 64 7
a 20 221 7
a 20 268 6
a 21 33 1
a 21 156 2
a 22 195 4
a 23 16 1
a 23 109 7
a 24 105 6
a 25 27 2
a 25 63 9
a 25 229 9
a 26 151 10
a 26 177 5
a 26 180 8
a 26 293 7
a 27 61 7
a 27 157 9
a 28 160 4
a 29 161 4
a 29 224 1
a 30 171 10
a 30 260 1
a 31 30 4
a 31 117 8
a 31 124 5
a 31 281 3
a 32 56 10
a 32 239 7
a 33 106 3
a 34 70 5
a 35 244 7
a 35 289 6
a 36 120 9
a 37 9 7
a 37 133 3
a 38 174 6
a 38 203 7
a 39 84 4
a 39 159 3
a 40 220 10
a 41 183 9
a 42 29 2
a 42 220 2
a 42 243 7
a 43 71 8
a 43 242 1
a 44 201 6
a 45 8 2
a 45 171 9
a 45 240 8
a 46 219 8
a 47 182 8
a 47 242 1
a 47 252 10
a 48 51 9
a 48 211 9
a 49 114 9
a 49 252 7
a 50 2 8
a 50 161 10
a 50 279 8
a 51 247 10
a 51 269 1
a 52 91 3
a 52 182 7
a 53 138 8
a 54 81 10
a 54 187 3
a 55 13 10
a 56 12 2
a 57 195 10
a 58 126 2
a 59 32 2
a 59 138 5
a 59 174 9
a 60 47 4
a 60 248 6
a 61 183 7
a 62 132 10
a 62 257 2
a 63 75 1
a 63 241 7
a 64 73 7
a 64 80 8
a 64 258 7
a 64 280 10
a 65 126 4
a 65 162 6
a 65 164 8
a 65 291 4
a 66 189 2
a 66 220 6
a 67 103 10
a 68 24 8
a 68 31 6
a 68 33 7
a 69 62 2
a 69 272 4
a 69 285 7
a 70 69 1
a 70 226 5
a 71 188 10
a 71 232 8
a 72 111 4
a 72 152 5
a 72 169 7
a 73 234 6
a 74 30 7
a 75 18 10
a 75 90 6
a 76 116 4
a 76 135 1
a 77 11 1
a 77 162 7
a 78 51 2
a 78 185 3
a 79 23 5
a 79 77 4
a 80 262 9
a 81 141 6
a 82 124 3
a 82 277 5
a 83 25 9
a 83 70 5
a 84 255 7
a 84 259 10
a 85 53 9
a 85 54 10
a 85 252 8
a 86 278 4
a 87 83 1
a 88 50 8
a 88 163 9
a 89 23 3
a 90 38 5
a 90 112 3
a 91 23 7
a 91 115 9
a 91 168 6
a 92 41 6
a 92 130 10
a 93 108 4
a 93 232 7
a 93 249 2
a 93 282 6
a 94 16 7
a 95 94 2
a 95 238 10
a 96 184 8
a 97 80 5
a 97 196 8
a 98 184 3
a 98 186 3
a 99 93 3
a 100 115 4
a 101 208 5
a 102 28 1
a 102 131 6
a 102 249 6
a 103 196 1
a 104 22 5
a 105 47 3
a 105 192 3
a 106 36 9
a 106 255 7
a 107 28 7
a 107 160 1
a 108 74 9
a 108 100 1
a 109 14 1
a 109 34 5
a 109 112 2
a 109 260 1
a 110 241 7
a 110 284 9
a 110 296 4
a 111 122 3
a 111 136 8
a 112 270 10
a 113 10 1
a 113 39 2
a 113 182 4
a 114 7 2
a 114 19 9
a 114 292 2
a 115 122 1
a 115 142 4
a 115 158 7
a 116 33 6
a 116 177 9
a 116 287 7
a 117 262 1
a 118 63 2
a 118 173 2
a 119 232 9
a 120 97 3
a 121 98 6
a 121 195 6
a 122 150 6
a 123 240 8
a 124 142 10
a 124 198 7
a 125 49 9
a 125 56 8
a 126 38 9
a 126 181 2
a 127 96 6
a 127 104 6
a 128 140 8
a 128 278 5
a 129 154 10
a 129 178 2
a 129 221 7
a 130 132 5
a 130 169 10
a 131 2 3
a 132 101 9
a 132 297 9
a 133 207 4
a 134 273 1
a 134 286 1
a 135 13 1
a 135 92 5
a 135 129 6
a 135 197 1
a 135 234 8
a 136 30 3
a 136 65 10
a 137 37 7
a 138 90 8
a 138 150 6
a 138 155 9
a 139 212 4
a 140 39 4
a 140 113 2
a 140 194 4
a 141 125 4
a 141 157 5
a 142 138 5
a 142 200 8
a 143 56 8
a 143 57 10
a 143 97 10
a 143 121 9
a 144 150 4
a 145 36 1
a 145 96 10
a 145 254 2
a 146 45 3
a 146 82 10
a 146 108 2
a 146 193 9
a 147 129 9
a 148 90 2
a 148 103 6
a 148 264 4
a 149 180 9
a 149 181 7
a 150 34 4
a 150 154 1
a 150 249 5
a 151 251 7
a 152 186 1
a 153 20 10
a 153 195 9
a 154 224 7
a 155 10 2
a 156 98 3
a 156 236 2
a 156 256 5
a 157 218 10
a 157 236 1
a 158 286 6
a 159 168 3
a 159 286 3
a 160 200 10
a 161 215 10
a 161 242 7
a 162 183 6
a 162 236 2
a 162 280 10
a 163 137 3
a 164 36 8
a 164 205 3
a 164 246 3
a 165 107 5
a 166 65 1
a 166 84 6
a 167 166 7
a 167 233 2
a 168 152 10
a 169 201 10
a 169 238 6
a 170 24 4
a 170 199 4
a 170 270 8
a 171 223 3
a 171 295 9
a 172 16 9
a 172 91 1
a 173 19 9
a 173 91 6
a 174 26 4
a 174 60 10
a 174 202 8
a 175 270 8
a 176 4 7
a 176 143 7
a 176 164 4
a 177 43 5
a 177 296 9
a 178 95 5
a 178 208 3
a 179 76 2
a 179 149 5
a 179 204 7
a 180 192 5
a 181 20 5
a 181 173 9
a 182 97 7
a 182 133 2
a 183 271 8
a 184 174 2
a 184 283 4
a 185 179 1
a 186 130 4
a 186 238 5
a 186 242 10
a 187 58 4
a 188 165 6
a 188 295 10
a 189 99 10
a 189 217 9
a 190 197 10
a 190 250 5
a 191 26 2
a 191 47 5
a 191 70 8
a 192 87 9
a 192 113 7
a 193 261 9
a 194 23 7
a 194 67 10
a 194 134 2
a 194 219 7
a 195 102 1
a 195 168 1
a 195 216 9
a 195 281 3
a 196 70 2
a 196 190 10
a 197 127 5
a 197 282 7
a 198 74 6
a 199 154 7
a 199 210 1
a 200 32 6
a 201 280 10
a 202 221 9
a 203 40 2
a 203 269 6
a 204 45 7
a 204 207 5
a 204 243 2
a 205 265 8
a 206 48 4
a 206 265 8
a 207 4 7
a 207 80 2
a 208 69 7
a 208 81 6
a 209 31 7
a 210 198 10
a 210 226 1
a 210 267 10
a 211 147 5
a 211 198 9
a 211 227 10
a 212 67 3
a 212 123 8
a 213 230 7
a 213 244 7
a 214 15 6
a 215 36 5
a 215 289 7
a 216 44 8
a 216 47 3
a 216 106 8
a 216 140 7
a 216 298 2
a 217 248 1
a 218 4 3
a 218 214 3
a 219 193 5
a 219 227 6
a 220 118 5
a 220 179 7
a 220 227 4
a 221 219 5
a 222 242 3
a 223 15 3
a 223 105 6
a 223 126 5
a 224 37 3
a 225 119 7
a 226 123 9
a 226 263 2
a 226 294 3
a 227 209 2
a 227 279 1
a 227 290 7
a 228 2 2
a 228 275 1
a 229 172 6
a 229 213 5
a 229 300 1
a 230 14 3
a 231 156 7
a 232 42 10
a 232 154 5
a 233 77 3
a 234 278 10
a 235 81 7
a 235 207 1
a 236 247 6
a 237 261 10
a 237 275 5
a 238 59 3
a 238 91 3
a 238 251 4
a 239 28 10
a 240 46 5
a 240 119 4
a 240 266 4
a 241 169 9
a 242 128 1
a 242 134 1
a 242 176 4
a 243 13 6
a 243 187 8
a 243 259 7
a 244 120 4
a 244 226 2
a 245 137 7
a 245 291 6
a 246 88 1
a 246 96 5
a 247 162 8
a 248 35 10
a 249 120 10
a 249 222 2
a 250 55 6
a 250 166 6
a 250 167 9
a 251 59 6
a 251 78 4
a 252 107 9
a 253 245 9
a 253 248 10
a 254 55 10
a 254 146 8
a 255 212 10
a 255 297 7
a 256 213 6
a 257 212 8
a 257 214 7
a 258 214 5
a 259 21 4
a 259 62 7
a 259 246 8
a 260 37 2
a 260 190 6
a 261 54 8
a 261 61 8
a 261 89 3
a 261 93 10
a 262 216 6
a 263 152 2
a 264 17 9
a 264 114 7
a 265 52 1
a 265 57 3
a 265 191 3
a 266 209 1
a 266 235 1
a 267 72 6
a 267 212 8
a 268 83 9
a 268 111 3
a 269 35 2
a 269 107 10
a 269 236 6
a 270 74 7
a 270 231 9
a 271 71 10
a 272 141 1
a 272 266 1
a 273 244 8
a 274 3 9
a 274 230 9
a 275 25 7
a 276 116 7
a 276 261 1
a 277 102 7
a 278 115 5
a 278 247 5
a 279 155 4
a 279 252 9
a 280 106 8
a 281 5 4
a 281 145 7
a 281 167 9
a 282 179 5
a 283 78 7
a 283 206 1
a 284 74 8
a 284 144 7
a 284 256 10
a 284 257 3
a 285 86 2
a 285 89 5
a 285 93 4
a 285 99 7
a 286 209 5
a 287 6 4
a 287 21 7
a 287 31 10
a 287 85 6
a 288 86 3
a 289 88 8
a 289 295 8
a 290 163 1
a 290 214 8
a 290 253 2
a 291 104 5
a 291 170 2
a 291 237 6
a 291 271 4
a 292 173 6
a 293 124 7
a 293 274 2
a 294 153 5
a 294 210 1
a 295 121 10
a 295 275 9
a 296 125 10
a 296 262 3
a 297 68 5
a 297 75 6
a 297 281 8
a 298 43 5
a 298 58 7
a 298 139 3
a 298 299 8
a 299 115 1
