p max 300 600
n 1 s
n 300 t
a 1 9 1
a 1 74 4
a 1 113 5
a 1 124 2
a 1 165 4
a 2 181 6
a 2 219 6
a 3 123 10
a 4 24 7
a 4 72 2
a 4 232 1
a 5 15 8
a 5 131 5
a 5 175 6
a 6 8 8
a 6 244 7
a 6 286 6
a 7 196 3
a 8 187 5
a 8 289 1
a 9 168 9
a 9 185 2
a 9 290 3
a 10 117 5
a 10 121 8
a 11 178 8
a 11 243 2
a 12 89 8
a 12 134 3
a 13 101 9
a 14 70 6
a 14 245 8
a 15 7 5
a 16 147 8
a 16 180 2
a 16 234 9
a 17 34 6
a 17 224 2
a 18 96 5
a 18 281 8
a 19 255 4
a 20 163 4
a 20 289 6
a 21 291 8
a 22 112 2
a 22 119 8
a 23 220 7
a 24 211 3
a 25 129 9
a 25 275 2
a 26 16 9
a 26 50 9
a 27 170 9
a 27 235 5
a 28 6 7
a 28 13 6
a 29 39 9
a 30 68 6
a 30 214 5
a 31 39 1
a 32 16 1
a 32 111 9
a 33 17 3
a 33 90 3
a 33 208 5
a 34 139 2
a 35 207 9
a 35 270 6
a 36 62 3
a 36 269 4
a 37 96 1
a 38 133 9
a 39 102 2
a 40 164 1
a 40 297 7
a 41 168 4
a 42 44 5
a 43 191 10
a 44 207 6
a 45 196 3
a 45 285 4
a 46 291 1
a 47 292 2
a 48 287 8
a 49 84 2
a 49 186 6
a 50 151 2
a 50 246 1
a 51 27 6
a 51 109 6
a 51 174 4
a 51 197 10
a 52 263 7
a 53 242 6
a 54 215 10
a 55 64 4
a 56 57 7
a 56 73 6
a 56 77 1
a 56 296 9
a 57 166 5
a 58 172 7
a 59 272 7
a 60 126 3
a 61 174 4
a 61 203 7
a 61 232 7
a 61 300 9
a 62 75 3
a 63 45 7
a 63 72 2
a 64 105 9
a 65 146 1
a 66 20 1
a 66 240 10
a 67 148 5
a 68 168 2
a 68 195 1
a 68 279 6
a 69 137 5
a 70 192 1
a 71 68 8
a 72 59 4
a 72 92 4
a 73 91 1
a 74 147 3
a 74 163 6
a 75 188 3
a 75 235 7
a 76 48 2
a 76 122 8
a 76 251 7
a 77 207 3
a 77 222 7
a 78 129 10
a 79 35 7
a 79 217 3
a 80 132 7
a 81 59 9
a 81 89 7
a 81 160 3
a 81 200 3
a 81 211 2
a 81 273 2
a 82 52 1
a 82 137 10
a 82 150 2
a 83 81 10
a 84 19 1
a 84 62 8
a 84 122 1
a 85 37 8
a 85 223 5
a 85 265 4
a 86 71 5
a 87 6 4
a 87 129 3
a 87 238 10
a 88 23 1
a 88 150 6
a 89 63 8
a 89 64 5
a 89 76 5
a 89 91 1
a 89 93 10
a 89 120 1
a 90 69 5
a 90 144 2
a 90 291 2
a 91 186 9
a 92 77 3
a 93 70 5
a 93 221 3
a 94 106 3
a 95 17 6
a 95 88 9
a 95 229 10
a 96 28 9
a 96 255 5
a 97 10 10
a 97 32 10
a 97 206 4
a 98 220 3
a 98 272 4
a 99 2 6
a 99 25 1
a 99 65 2
a 99 274 2
a 100 18 4
a 100 78 3
a 100 136 4
a 100 141 4
a 100 272 5
a 101 203 5
a 102 196 3
a 103 13 4
a 104 171 7
a 104 184 4
a 105 23 4
a 105 43 4
a 105 241 10
a 106 191 8
a 106 200 2
a 106 259 4
a 107 33 6
a 107 192 3
a 108 10 4
a 108 284 9
a 108 287 5
a 109 178 3
a 110 276 9
a 111 4 4
a 111 108 5
a 111 182 2
a 112 8 3
a 112 103 6
a 112 294 3
a 113 22 5
a 113 86 4
a 113 227 7
a 114 10 7
a 114 124 1
a 115 31 7
a 115 126 7
a 115 251 3
a 116 256 2
a 117 135 3
a 117 163 6
a 117 261 7
a 118 146 2
a 118 216 4
a 119 50 10
a 119 71 6
a 120 40 8
a 120 42 10
a 120 54 9
a 120 101 10
a 120 228 7
a 121 248 10
a 121 277 9
a 122 44 7
a 123 126 3
a 123 277 10
a 123 288 7
a 124 35 3
a 124 65 8
a 124 204 3
a 124 213 5
a 125 30 10
a 125 58 4
a 125 271 3
a 125 289 6
a 126 39 1
a 126 238 10
a 127 73 3
a 127 85 5
a 127 292 10
a 128 225 6
a 129 135 4
a 129 215 1
a 130 292 7
a 131 297 6
a 132 286 5
a 133 113 4
a 133 155 6
a 134 98 1
a 134 172 1
a 134 258 6
a 134 278 10
a 134 286 10
a 135 36 10
a 135 100 10
a 135 202 2
a 135 239 9
a 136 67 6
a 136 123 9
a 137 33 1
a 137 98 6
a 137 105 10
a 137 192 8
a 138 3 2
a 138 4 7
a 138 97 1
a 138 236 4
a 139 81 10
a 139 102 10
a 139 263 5
a 139 290 8
a 139 294 4
a 140 113 4
a 141 53 7
a 141 56 8
a 141 190 10
a 142 20 9
a 143 189 7
a 143 249 4
a 143 270 10
a 144 273 7
a 145 133 10
a 145 263 10
a 146 7 10
a 146 212 9
a 147 10 6
a 147 79 9
a 147 114 4
a 147 116 10
a 148 255 3
a 149 11 7
a 149 96 6
a 150 53 5
a 150 253 6
a 151 83 8
a 151 174 2
a 152 288 1
a 153 92 2
a 153 145 4
a 154 237 7
a 154 248 2
a 155 41 1
a 155 66 2
a 155 266 7
a 156 18 8
a 156 174 2
a 157 295 6
a 158 146 4
a 158 173 5
a 158 193 10
a 159 158 1
a 160 6 3
a 160 166 6
a 160 169 3
a 161 92 8
a 161 183 7
a 161 264 10
a 162 12 8
a 162 44 9
a 163 11 8
a 163 53 5
a 163 130 1
a 164 170 6
a 165 71 8
a 165 231 10
a 165 297 7
a 166 178 3
a 167 50 10
a 167 175 3
a 168 218 5
a 168 242 10
a 169 210 10
a 170 178 7
a 171 29 8
a 172 130 8
a 173 53 9
a 173 107 6
a 173 157 10
a 174 34 5
a 174 247 5
a 175 13 6
a 175 107 3
a 176 67 1
a 176 214 10
a 177 45 6
a 178 241 9
a 178 268 2
a 179 18 1
a 179 84 7
a 180 273 9
a 181 161 10
a 181 166 6
a 181 191 3
a 181 242 5
a 182 167 2
a 182 196 8
a 182 278 5
a 182 296 10
a 183 162 3
a 184 284 1
a 185 236 6
a 186 190 6
a 187 141 9
a 188 152 9
a 189 49 5
a 189 76 4
a 189 267 9
a 190 155 6
a 191 179 2
a 192 139 9
a 192 164 8
a 193 20 7
a 193 47 9
a 194 43 6
a 195 52 10
a 195 55 2
a 196 277 7
a 197 23 8
a 197 117 4
a 198 20 9
a 198 142 9
a 199 127 6
a 199 248 10
a 200 65 1
a 200 93 6
a 200 155 5
a 200 299 4
a 201 5 1
a 201 196 9
a 202 112 2
a 202 182 4
a 202 197 6
a 203 125 1
a 203 266 2
a 204 154 3
a 204 256 10
a 205 16 10
a 205 24 10
a 206 196 7
a 207 174 4
a 208 90 6
a 209 17 10
a 209 211 3
a 209 250 4
a 210 115 10
a 210 158 7
a 211 48 4
a 211 65 10
a 212 95 8
a 212 255 9
a 213 177 1
a 214 9 8
a 214 61 5
a 214 143 8
a 215 140 7
a 215 153 1
a 215 230 8
a 215 238 7
a 216 11 3
a 216 194 6
a 217 56 5
a 218 248 4
a 218 257 8
a 218 279 8
a 219 142 1
a 219 254 8
a 219 293 10
a 220 20 7
a 220 51 6
a 220 250 9
a 221 33 9
a 222 155 3
a 223 78 3
a 224 10 8
a 225 123 6
a 226 47 7
a 226 162 10
a 227 184 3
a 227 280 1
a 227 295 5
a 228 271 3
a 229 151 8
a 229 289 8
a 230 284 9
a 231 14 8
a 231 209 8
a 232 152 5
a 233 99 7
a 233 176 7
a 233 274 4
a 234 145 2
a 235 122 6
a 235 152 5
a 235 184 5
a 236 13 7
a 236 28 9
a 237 114 5
a 237 149 1
a 238 159 2
a 238 201 4
a 238 245 4
a 239 104 8
a 239 255 7
a 240 189 4
a 241 21 10
a 241 232 10
a 241 300 8
a 242 108 3
a 243 151 5
a 244 128 6
a 244 197 9
a 245 167 7
a 245 183 4
a 246 26 3
a 246 248 7
a 247 22 10
a 247 44 2
a 247 80 6
a 247 177 1
a 248 61 4
a 248 94 5
a 249 105 1
a 250 95 9
a 251 236 10
a 252 102 9
a 253 146 8
a 253 155 5
a 254 29 6
a 254 74 2
a 255 144 6
a 255 225 10
a 256 134 4
a 256 188 10
a 256 247 6
a 257 46 7
a 257 115 3
a 258 259 10
a 259 118 3
a 259 156 4
a 259 245 10
a 260 38 6
a 260 106 7
a 260 252 3
a 260 278 5
a 261 220 6
a 261 282 4
a 262 138 4
a 262 168 6
a 262 172 8
a 262 298 4
a 263 206 4
a 264 187 5
a 265 86 5
a 266 143 3
a 266 289 8
a 267 94 8
a 267 210 6
a 267 265 10
a 268 164 1
a 268 283 1
a 269 118 2
a 269 119 5
a 269 181 10
a 270 217 1
a 271 53 6
a 272 125 10
a 272 260 9
a 272 261 4
a 273 60 5
a 274 165 5
a 275 34 3
a 276 132 2
a 276 292 1
a 277 43 5
a 277 51 9
a 278 42 2
a 278 239 4
a 279 102 6
a 280 65 2
a 280 154 7
a 281 46 7
a 281 86 10
a 281 254 9
a 282 253 1
a 283 54 5
a 283 178 9
a 283 190 7
a 284 9 4
a 284 82 3
a 285 25 8
a 285 75 10
a 285 87 4
a 286 171 10
a 286 199 1
a 286 300 6
a 287 164 9
a 287 198 5
a 288 100 3
a 289 54 7
a 289 66 1
a 290 172 2
a 290 205 4
a 290 209 9
a 291 233 10
a 291 239 2
a 292 89 1
a 292 270 5
a 293 146 9
a 294 179 5
a 294 262 3
a 295 187 4
a 296 179 8
a 296 226 3
a 296 227 9
a 297 68 9
a 297 75 6
a 297 148 6
a 298 59 4
a 298 110 10
a 298 212 6
a 298 276 2
a 299 60 9
a 299 206 4
