p max 300 600
n 1 s
n 300 t
a 1 200 10
a 2 119 10
a 3 41 3
a 3 57 5
a 3 64 1
a 3 76 8
a 3 195 4
a 3 299 10
a 4 85 1
a 4 275 3
a 5 93 7
a 5 281 1
a 6 77 8
a 6 232 7
a 7 10 3
a 7 30 6
a 7 66 4
a 8 16 6
a 9 16 4
a 10 25 3
a 10 162 3
a 11 26 9
a 11 83 10
a 12 228 4
a 13 89 3
a 14 69 4
a 15 205 5
a 16 95 1
a 16 202 7
a 17 138 4
a 18 19 8
a 19 32 6
a 19 50 8
a 20 79 2
a 20 89 4
a 21 61 4
a 21 192 1
a 22 141 8
a 22 216 7
a 23 128 1
a 23 234 3
a 24 29 5
a 24 169 9
a 24 176 4
a 25 33 1
a 25 67 4
a 26 220 4
a 27 80 2
a 28 9 5
a 28 175 1
a 28 274 8
a 29 75 10
a 30 195 10
a 31 6 10
a 31 92 6
a 31 264 9
a 32 106 5
a 32 248 1
a 33 107 6
a 34 72 9
a 34 101 7
a 34 153 4
a 34 182 4
a 35 68 4
a 36 15 5
a 36 145 5
a 36 272 3
a 37 21 2
a 38 27 8
a 39 10 3
a 39 109 1
a 40 294 3
a 41 81 6
a 41 194 9
a 41 246 6
a 42 65 7
a 43 39 1
a 43 54 9
a 43 149 7
a 43 218 3
a 44 121 4
a 44 225 6
a 44 247 5
a 44 266 10
a 45 236 10
a 46 125 9
a 46 147 2
a 47 158 4
a 47 177 5
a 47 270 4
a 48 115 3
a 49 219 7
a 49 289 10
a 50 35 3
a 50 116 9
a 51 75 5
a 51 228 10
a 52 47 8
a 52 143 4
a 53 78 5
a 53 112 9
a 53 167 3
a 54 93 2
a 55 17 9
a 56 18 10
a 56 63 4
a 56 223 3
a 57 6 5
a 58 32 4
a 58 79 2
a 58 291 4
a 59 226 8
a 60 227 1
a 61 57 1
a 62 263 3
a 63 140 4
a 63 249 4
a 64 181 7
a 65 116 2
a 65 229 9
a 65 233 3
a 66 8 1
a 66 244 4
a 67 193 2
a 68 101 2
a 68 134 8
a 69 211 5
a 70 12 9
a 70 29 5
a 70 180 10
a 71 16 9
a 71 299 3
a 72 81 10
a 72 227 10
a 73 67 3
a 74 29 5
a 74 97 10
a 74 136 6
a 75 40 3
a 76 147 3
a 77 70 4
a 78 19 6
a 78 179 7
a 78 195 8
a 79 16 9
a 79 261 1
a 79 278 6
a 80 289 2
a 81 190 7
a 82 65 10
a 82 90 6
a 82 109 3
a 82 300 8
a 83 300 4
a 84 175 9
a 85 2 6
a 85 130 9
a 85 260 9
a 86 45 10
a 86 140 4
a 86 186 7
a 86 277 5
a 87 118 6
a 87 183 3
a 88 19 10
a 88 173 7
a 89 226 9
a 90 15 6
a 90 237 7
a 90 250 6
a 91 86 2
a 91 102 9
a 91 121 1
a 91 245 9
a 92 165 6
a 92 269 2
a 93 111 6
a 94 45 4
a 95 111 4
a 95 138 7
a 95 149 8
a 95 263 3
a 95 273 3
a 96 203 9
a 96 281 1
a 97 105 6
a 97 139 10
a 98 2 5
a 98 260 4
a 99 242 7
a 99 277 1
a 99 288 6
a 100 295 9
a 101 60 7
a 101 206 3
a 102 58 2
a 102 136 6
a 102 193 8
a 103 228 2
a 104 196 10
a 105 27 3
a 105 82 8
a 105 132 7
a 105 152 7
a 105 185 4
a 106 123 9
a 106 290 2
a 106 298 2
a 107 74 2
a 107 254 4
a 108 126 10
a 108 270 5
a 108 297 2
a 109 26 9
a 109 203 9
a 110 251 5
a 111 3 1
a 111 68 3
a 112 24 5
a 112 115 4
a 112 129 8
a 112 249 6
a 112 276 1
a 113 124 3
a 113 259 7
a 114 213 9
a 114 261 7
a 115 120 7
a 116 80 5
a 116 296 7
a 117 276 2
a 118 222 3
a 118 264 1
a 119 99 6
a 119 210 10
a 120 237 3
a 121 42 9
a 121 163 2
a 121 243 5
a 121 271 2
a 122 14 8
a 122 56 1
a 123 13 8
a 123 77 1
a 123 189 4
a 123 214 6
a 124 70 7
a 124 290 1
a 125 6 4
a 126 87 2
a 126 127 7
a 127 59 7
a 127 70 6
a 128 41 1
a 128 190 5
a 129 252 2
a 129 267 1
a 130 220 2
a 130 258 9
a 131 88 10
a 131 293 1
a 132 167 10
a 132 172 6
a 133 228 4
a 134 70 7
a 134 197 7
a 135 157 9
a 136 4 4
a 136 68 9
a 136 237 2
a 137 10 7
a 137 160 3
a 137 208 3
a 138 22 2
a 138 33 2
a 138 165 1
a 139 69 7
a 140 142 9
a 140 178 4
a 141 98 4
a 141 205 8
a 141 207 9
a 141 257 4
a 142 204 1
a 142 209 10
a 142 271 8
a 143 109 1
a 143 123 9
a 144 138 4
a 145 170 5
a 145 200 6
a 146 31 1
a 146 69 6
a 147 69 7
a 147 122 3
a 148 165 3
a 148 277 10
a 148 284 5
a 149 183 5
a 150 34 8
a 150 299 5
a 151 91 4
a 151 113 1
a 151 159 5
a 152 163 2
a 153 179 2
a 154 24 7
a 154 119 3
a 154 223 8
a 155 148 1
a 155 174 8
a 155 201 9
a 155 297 6
a 156 59 3
a 157 168 4
a 157 239 8
a 158 44 8
a 158 126 5
a 158 178 6
a 158 235 5
a 159 47 4
a 159 85 6
a 159 157 10
a 159 176 7
a 160 14 5
a 160 52 9
a 161 256 9
a 162 27 1
a 162 181 10
a 163 166 1
a 163 183 3
a 163 287 4
a 164 55 7
a 164 230 1
a 164 256 10
a 164 270 4
a 165 213 7
a 166 133 8
a 166 265 9
a 167 190 2
a 168 13 4
a 168 286 5
a 169 82 5
a 169 110 5
a 170 128 3
a 170 168 8
a 170 268 7
a 171 145 1
a 171 242 9
a 172 52 4
a 172 119 10
a 173 83 1
a 173 115 4
a 174 134 3
a 174 298 9
a 175 37 9
a 175 81 5
a 175 82 6
a 176 199 1
a 176 251 10
a 177 90 2
a 177 155 3
a 178 167 5
a 178 240 2
a 179 70 5
a 179 241 10
a 180 171 2
a 180 175 4
a 181 79 8
a 182 199 1
a 182 228 1
a 182 270 4
a 183 45 5
a 184 176 4
a 185 108 1
a 185 252 2
a 186 65 8
a 187 40 10
a 188 24 10
a 188 49 1
a 189 136 2
a 190 139 2
a 190 236 6
a 191 75 1
a 192 26 3
a 193 84 3
a 193 133 6
a 193 283 4
a 194 21 3
a 194 140 6
a 194 259 4
a 195 38 5
a 195 137 1
a 195 191 6
a 195 229 1
a 196 43 8
a 196 91 9
a 197 274 1
a 198 86 10
a 198 297 1
a 198 298 4
a 199 61 6
a 199 224 3
a 199 287 1
a 200 252 9
a 201 94 4
a 201 130 7
a 202 89 7
a 202 144 3
a 202 294 10
a 203 70 9
a 203 188 7
a 204 26 5
a 204 278 4
a 205 14 6
a 205 162 8
a 206 2 2
a 207 210 10
a 207 220 5
a 208 34 2
a 209 196 7
a 210 134 8
a 210 296 4
a 211 291 1
a 212 221 8
a 213 147 9
a 213 150 4
a 213 273 5
a 214 263 1
a 215 88 7
a 215 280 1
a 215 282 2
a 216 14 5
a 216 175 2
a 216 300 7
a 217 81 10
a 217 144 4
a 217 183 8
a 218 50 7
a 219 178 9
a 220 12 1
a 221 140 1
a 222 114 10
a 222 141 5
a 222 143 1
a 223 170 8
a 223 176 1
a 224 27 10
a 224 43 8
a 225 187 7
a 225 289 8
a 226 103 1
a 226 128 4
a 227 11 7
a 227 170 1
a 228 69 7
a 228 226 7
a 228 261 4
a 229 267 8
a 230 51 3
a 230 53 5
a 230 94 9
a 230 106 5
a 230 154 7
a 231 210 6
a 231 300 9
a 232 133 1
a 232 191 7
a 232 212 3
a 233 156 6
a 233 161 2
a 234 108 4
a 234 258 8
a 234 270 10
a 235 184 7
a 235 219 7
a 235 248 5
a 236 62 6
a 236 96 7
a 236 117 4
a 236 131 10
a 236 182 8
a 237 172 4
a 237 180 4
a 237 231 10
a 238 89 9
a 238 151 10
a 238 156 3
a 239 180 7
a 240 58 9
a 240 295 1
a 241 103 10
a 241 135 3
a 242 31 2
a 243 175 8
a 244 264 2
a 245 25 9
a 246 36 6
a 246 221 9
a 247 5 7
a 247 167 3
a 247 211 10
a 248 23 7
a 248 198 3
a 248 238 6
a 248 280 7
a 248 285 8
a 249 196 5
a 250 169 1
a 251 48 4
a 251 104 4
a 251 214 1
a 252 32 5
a 252 107 9
a 253 58 7
a 253 100 10
a 254 218 2
a 254 236 3
a 254 292 4
a 255 146 1
a 255 236 10
a 256 230 3
a 257 156 5
a 257 164 8
a 257 204 9
a 258 140 1
a 259 230 4
a 260 139 8
a 260 206 2
a 261 205 7
a 262 203 1
a 263 28 3
a 263 46 9
a 263 207 3
a 263 227 8
a 264 72 4
a 265 20 4
a 265 23 8
a 265 85 3
a 265 93 7
a 266 70 2
a 267 31 2
a 268 202 5
a 268 221 10
a 268 222 1
a 269 194 9
a 269 255 7
a 270 285 10
a 271 299 7
a 272 122 1
a 272 128 10
a 272 152 10
a 272 218 10
a 273 12 6
a 273 253 5
a 273 289 8
a 274 73 9
a 274 113 2
a 275 231 1
a 276 87 1
a 276 215 5
a 276 251 4
a 277 71 7
a 277 293 8
a 278 104 5
a 278 217 9
a 278 255 1
a 279 200 1
a 280 217 5
a 281 121 4
a 281 254 3
a 282 266 1
a 282 283 6
a 283 71 10
a 283 229 7
a 284 41 4
a 285 205 5
a 286 61 2
a 286 279 10
a 287 107 6
a 288 7 4
a 288 241 10
a 289 17 2
a 289 82 6
a 290 297 3
a 291 105 2
a 291 196 6
a 292 180 3
a 293 258 9
a 294 58 4
a 295 247 3
a 296 103 8
a 297 40 7
a 297 120 8
a 297 262 7
a 297 272 5
a 298 6 5
a 298 165 7
a 299 243 4
a 299 244 1
