p max 300 600
n 1 s
n 300 t
a 1 12 5
a 1 54 6
a 1 269 7
a 2 20 5
a 3 101 4
a 3 132 9
a 3 297 10
a 4 41 9
a 4 106 2
a 4 300 8
a 5 128 2
a 5 129 10
a 5 275 7
a 5 297 8
a 6 32 10
a 6 227 2
a 6 228 9
a 7 60 2
a 7 163 2
a 8 133 9
a 8 199 5
a 9 106 1
a 9 249 7
a 10 17 6
a 10 38 9
a 10 135 1
a 10 299 8
a 11 25 1
a 11 60 5
a 12 163 8
a 13 139 3
a 13 230 7
a 14 22 3
a 14 171 4
a 15 136 2
a 16 43 8
a 16 278 4
a 17 67 8
a 17 213 9
a 18 98 8
a 18 120 3
a 18 138 8
a 19 17 2
a 20 87 10
a 21 111 3
a 22 12 1
a 22 34 1
a 22 296 7
a 23 189 9
a 24 177 1
a 24 231 7
a 25 47 4
a 26 68 1
a 26 103 9
a 27 42 5
a 27 179 2
a 27 297 7
a 28 295 5
a 29 26 4
a 29 205 10
a 30 11 8
a 30 165 4
a 31 118 1
a 32 202 3
a 33 12 8
a 34 225 9
a 35 237 3
a 36 146 1
a 36 252 7
a 37 114 1
a 37 212 7
a 38 99 1
a 38 113 10
a 39 112 6
a 39 115 5
a 39 128 5
a 40 31 7
a 40 36 10
a 41 74 10
a 41 123 3
a 41 191 5
a 42 24 1
a 42 55 2
a 42 104 3
a 43 238 1
a 44 51 1
a 44 79 9
a 44 298 7
a 45 72 9
a 45 86 6
a 45 228 10
a 46 42 8
a 46 66 4
a 47 32 6
a 47 153 8
a 48 161 4
a 48 197 8
a 49 168 8
a 49 194 1
a 50 17 10
a 50 253 3
a 51 32 8
a 51 258 6
a 52 92 10
a 52 174 6
a 52 206 3
a 53 113 6
a 53 147 7
a 53 164 8
a 54 144 1
a 54 239 6
a 55 15 1
a 56 6 7
a 56 108 6
a 57 74 5
a 57 161 3
a 58 42 10
a 58 55 10
a 58 127 5
a 58 287 1
a 59 4 8
a 59 32 3
a 59 252 6
a 60 44 9
a 60 152 10
a 60 248 2
a 61 137 10
a 62 15 9
a 62 23 3
a 63 27 2
a 64 178 9
a 65 163 1
a 66 125 7
a 67 10 5
a 67 95 3
a 67 121 2
a 68 153 9
a 69 53 3
a 69 280 1
a 69 300 8
a 70 105 1
a 70 194 2
a 70 218 8
a 71 179 2
a 72 136 1
a 72 228 8
a 73 137 9
a 73 283 6
a 74 143 7
a 75 116 7
a 76 154 1
a 77 71 1
a 77 200 10
a 78 134 2
a 78 141 2
a 79 61 4
a 79 222 5
a 79 283 1
a 80 254 4
a 81 19 7
a 81 40 5
a 81 261 2
a 82 157 1
a 82 216 5
a 83 180 4
a 84 59 8
a 84 70 1
a 84 130 6
a 84 156 8
a 85 275 3
a 86 37 5
a 86 223 6
a 87 147 2
a 87 271 4
a 88 111 3
a 88 238 4
a 89 58 3
a 89 189 10
a 89 201 9
a 89 224 3
a 90 56 7
a 90 268 6
a 91 196 10
a 91 222 6
a 92 30 7
a 92 67 10
a 92 143 10
a 93 79 4
a 93 155 5
a 94 87 5
a 94 136 4
a 94 144 4
a 95 180 5
a 95 215 4
a 96 35 7
a 97 65 4
a 97 122 3
a 97 219 6
a 98 27 10
a 98 133 6
a 99 203 8
a 99 263 2
a 100 46 7
a 100 186 5
a 101 85 5
a 102 83 6
a 102 231 1
a 103 91 1
a 103 155 4
a 103 263 10
a 104 35 9
a 105 218 3
a 106 31 8
a 106 204 4
a 106 292 5
a 107 175 3
a 108 215 2
a 109 46 6
a 109 207 10
a 109 295 3
a 110 152 2
a 110 158 8
a 111 35 7
a 111 265 10
a 112 105 6
a 113 52 1
a 114 56 7
a 114 169 10
a 115 84 4
a 115 140 10
a 115 188 6
a 116 175 5
a 117 46 3
a 118 90 3
a 118 276 10
a 119 26 3
a 119 43 4
a 119 193 1
a 119 195 6
a 120 16 6
a 120 262 3
a 121 88 6
a 122 176 6
a 123 115 7
a 124 37 2
a 125 47 9
a 125 171 10
a 126 248 1
a 127 71 10
a 128 182 10
a 128 219 4
a 128 226 5
a 129 21 3
a 129 75 8
a 129 139 10
a 130 21 7
a 130 279 9
a 131 107 9
a 131 222 5
a 131 251 10
a 131 266 6
a 132 42 5
a 132 49 8
a 132 180 4
a 132 210 2
a 133 189 6
a 133 244 5
a 134 88 3
a 134 122 2
a 135 292 5
a 136 5 8
a 136 29 3
a 136 102 2
a 136 148 3
a 137 159 6
a 137 166 10
a 138 11 10
a 138 273 4
a 139 85 3
a 139 103 9
a 139 285 6
a 140 48 8
a 140 56 5
a 140 154 6
a 141 111 9
a 141 278 1
a 142 17 4
a 142 50 9
a 142 202 1
a 142 292 4
a 143 64 10
a 143 172 6
a 144 6 2
a 144 46 6
a 144 67 2
a 144 126 8
a 144 171 7
a 145 100 1
a 145 167 10
a 146 52 10
a 147 135 3
a 148 257 8
a 148 284 9
a 149 20 9
a 149 295 3
a 150 265 9
a 150 290 7
a 151 117 9
a 152 51 1
a 153 277 1
a 154 159 4
a 155 16 5
a 155 203 9
a 156 8 3
a 156 173 10
a 157 8 5
a 158 15 5
a 158 121 8
a 158 241 6
a 158 273 7
a 158 279 3
a 159 133 3
a 159 191 7
a 159 247 2
a 160 229 2
a 160 289 2
a 161 8 10
a 161 92 1
a 161 183 3
a 162 224 1
a 162 291 2
a 163 93 1
a 164 100 4
a 164 252 6
a 165 19 2
a 165 63 6
a 165 84 8
a 166 97 1
a 167 288 4
a 168 34 2
a 168 93 9
a 169 266 10
a 170 69 7
a 170 127 6
a 170 135 9
a 171 268 6
a 171 294 9
a 172 45 2
a 173 103 1
a 173 276 10
a 174 7 1
a 174 181 8
a 174 274 1
a 175 94 2
a 175 281 4
a 176 108 8
a 177 76 5
a 177 149 8
a 178 168 3
a 179 24 2
a 179 82 2
a 180 81 9
a 180 235 9
a 181 218 2
a 181 274 5
a 182 80 10
a 182 272 3
a 183 33 10
a 183 234 4
a 184 71 8
a 184 82 7
a 184 170 4
a 184 286 5
a 185 98 9
a 186 73 6
a 186 217 10
a 186 243 5
a 187 236 2
a 187 252 3
a 188 45 5
a 189 131 3
a 189 286 7
a 190 36 4
a 191 51 4
a 191 256 3
a 192 9 9
a 193 228 6
a 194 178 3
a 194 215 4
a 195 88 7
a 195 223 1
a 195 230 9
a 196 11 8
a 197 55 6
a 197 264 5
a 198 239 8
a 199 13 2
a 199 191 3
a 200 8 10
a 200 185 5
a 201 203 3
a 201 237 2
a 201 278 3
a 202 178 3
a 202 207 6
a 203 58 6
a 203 109 9
a 204 268 3
a 205 94 5
a 205 185 2
a 206 103 5
a 207 6 5
a 207 124 8
a 207 235 3
a 208 18 10
a 208 204 5
a 208 270 8
a 209 52 4
a 209 299 9
a 210 5 8
a 210 55 6
a 210 96 3
a 211 2 10
a 211 9 8
a 211 105 1
a 211 294 8
a 212 45 5
a 212 281 6
a 213 70 7
a 213 232 1
a 214 90 3
a 214 233 8
a 215 52 5
a 215 78 8
a 215 135 4
a 215 267 1
a 216 77 9
a 216 233 8
a 217 149 7
a 217 179 2
a 218 208 10
a 219 190 6
a 219 260 10
a 220 33 4
a 220 120 1
a 220 161 9
a 220 198 2
a 221 211 4
a 221 293 5
a 222 177 7
a 222 214 8
a 223 146 6
a 223 232 7
a 224 222 8
a 225 270 4
a 226 185 3
a 227 12 6
a 227 209 6
a 228 192 7
a 229 85 2
a 230 117 9
a 230 222 4
a 231 89 3
a 231 142 2
a 231 175 7
a 231 259 9
a 232 242 3
a 233 115 7
a 233 229 9
a 233 273 8
a 234 261 9
a 235 219 8
a 236 234 7
a 237 167 1
a 237 252 3
a 238 246 1
a 239 145 4
a 239 192 7
a 240 7 2
a 240 145 7
a 240 254 9
a 241 97 6
a 242 28 3
a 242 97 2
a 242 111 1
a 243 221 7
a 243 225 6
a 244 19 8
a 244 212 1
a 245 150 1
a 246 166 1
a 246 203 5
a 247 196 3
a 247 225 8
a 247 235 3
a 248 91 1
a 248 168 10
a 249 161 4
a 250 71 9
a 251 80 6
a 251 212 9
a 252 3 3
a 252 13 2
a 253 185 10
a 253 250 10
a 254 129 8
a 254 177 8
a 255 208 7
a 256 40 10
a 257 52 6
a 258 255 7
a 258 296 1
a 259 80 8
a 259 150 6
a 260 118 1
a 260 153 9
a 261 257 1
a 261 269 8
a 261 277 10
a 262 117 7
a 262 160 9
a 262 190 10
a 263 17 4
a 263 141 2
a 263 220 3
a 263 242 9
a 264 129 9
a 264 249 7
a 264 262 7
a 265 163 8
a 265 300 8
a 266 14 5
a 266 143 2
a 267 27 2
a 267 282 8
a 268 92 7
a 268 149 5
a 269 150 2
a 270 134 8
a 270 187 5
a 271 27 10
a 271 116 6
a 272 120 9
a 273 162 4
a 273 287 8
a 274 53 5
a 274 84 3
a 274 288 7
a 275 62 2
a 275 75 3
a 276 242 8
a 277 175 5
a 277 249 4
a 278 90 1
a 278 297 10
a 279 142 4
a 280 38 3
a 280 110 6
a 280 246 5
a 281 29 9
a 281 242 9
a 282 27 3
a 282 222 10
a 283 39 8
a 283 49 10
a 283 114 8
a 283 119 6
a 283 211 5
a 284 143 2
a 284 157 5
a 284 263 1
a 285 15 6
a 286 166 1
a 287 92 8
a 288 236 10
a 288 269 4
a 289 57 9
a 289 117 6
a 289 184 9
a 289 265 2
a 290 208 4
a 290 243 8
a 291 19 7
a 291 172 10
a 291 208 10
a 291 245 5
a 292 109 8
a 292 240 1
a 293 283 7
a 294 97 8
a 294 125 10
a 295 45 6
a 296 299 2
a 297 23 2
a 298 208 3
a 299 16 2
a 299 71 5
a 299 151 5
a 299 176 8
a 299 271 6
