p max 300 600
n 1 s
n 300 t
a 1 91 5
a 2 114 7
a 2 206 4
a 3 86 7
a 3 112 7
a 3 193 9
a 3 282 6
a 4 24 9
a 4 60 9
a 5 184 9
a 6 4 9
a 6 37 9
a 7 40 10
a 7 139 5
a 8 104 4
a 8 251 2
a 8 261 1
a 9 53 6
a 10 19 4
a 10 104 5
a 10 131 4
a 10 182 4
a 10 223 5
a 11 24 5
a 11 84 1
a 12 271 6
a 13 278 6
a 14 250 9
a 15 34 3
a 15 62 4
a 15 134 5
a 16 153 6
a 16 165 4
a 17 84 1
a 18 78 6
a 19 168 10
a 20 3 9
a 20 136 10
a 20 298 3
a 21 186 7
a 22 59 9
a 23 73 8
a 23 235 7
a 24 35 8
a 25 59 9
a 26 116 1
a 27 135 8
a 27 148 1
a 27 155 4
a 27 226 7
a 28 68 10
a 28 143 5
a 29 235 9
a 30 135 1
a 31 110 1
a 31 196 6
a 32 124 6
a 33 140 5
a 33 243 10
a 34 36 7
a 34 224 1
a 35 11 7
a 35 73 10
a 35 126 3
a 35 202 9
a 35 211 2
a 35 276 7
a 36 3 6
a 36 177 1
a 36 245 2
a 36 278 10
a 37 122 3
a 37 154 6
a 37 165 9
a 37 202 7
a 38 22 3
a 38 71 9
a 38 242 5
a 39 43 10
a 39 77 1
a 39 281 10
a 40 14 6
a 40 98 3
a 40 163 8
a 40 249 3
a 41 60 7
a 41 130 2
a 42 204 4
a 43 276 5
a 44 256 9
a 44 297 5
a 44 300 1
a 45 41 4
a 45 89 1
a 45 108 1
a 45 258 3
a 45 263 9
a 46 218 8
a 47 164 10
a 47 261 2
a 48 49 9
a 48 146 6
a 49 68 7
a 50 93 10
a 50 111 8
a 50 231 3
a 51 293 1
a 52 13 4
a 53 10 3
a 53 101 10
a 53 174 10
a 54 55 8
a 54 156 7
a 55 12 10
a 55 162 2
a 55 175 8
a 56 23 1
a 56 216 8
a 57 152 3
a 57 250 2
a 58 15 5
a 58 38 10
a 58 201 3
a 58 230 1
a 58 274 8
a 59 99 3
a 59 104 1
a 59 216 6
a 60 178 10
a 60 253 2
a 61 185 9
a 61 289 4
a 62 57 4
a 63 34 1
a 63 74 10
a 64 106 4
a 64 192 7
a 65 125 3
a 65 228 4
a 66 59 5
a 66 65 5
a 66 67 6
a 66 130 2
a 67 213 6
a 68 70 4
a 68 219 1
a 68 299 3
a 69 28 4
a 69 217 8
a 69 296 7
a 70 101 8
a 70 215 10
a 71 291 3
a 72 27 4
a 72 95 1
a 72 238 5
a 73 2 4
a 73 64 4
a 73 173 1
a 74 69 4
a 75 74 3
a 76 77 2
a 76 181 5
a 77 30 4
a 77 44 2
a 77 272 8
a 78 50 2
a 79 265 7
a 80 35 5
a 80 77 10
a 81 117 2
a 81 170 9
a 81 266 4
a 82 63 4
a 83 170 2
a 84 2 10
a 84 120 2
a 84 213 3
a 84 265 7
a 85 5 4
a 86 46 1
a 86 268 3
a 87 216 9
a 88 4 4
a 88 91 5
a 89 163 2
a 90 129 3
a 90 158 8
a 90 237 7
a 90 243 1
a 91 259 4
a 92 120 2
a 93 160 5
a 93 287 1
a 94 143 4
a 95 118 2
a 96 83 3
a 96 146 5
a 96 164 7
a 97 21 4
a 97 264 3
a 97 283 1
a 98 47 1
a 98 280 9
a 99 10 10
a 99 144 9
a 99 180 4
a 99 248 7
a 100 155 5
a 101 6 3
a 101 233 4
a 102 88 10
a 103 31 3
a 103 244 9
a 104 26 9
a 104 139 3
a 105 62 2
a 105 115 8
a 105 194 4
a 106 175 8
a 107 256 2
a 108 26 3
a 108 67 5
a 108 79 4
a 108 254 3
a 109 145 1
a 110 96 7
a 110 126 6
a 111 95 1
a 111 203 7
a 112 85 4
a 112 171 10
a 112 204 5
a 113 210 2
a 113 247 8
a 114 290 4
a 115 31 9
a 115 217 10
a 116 4 2
a 116 106 7
a 117 179 4
a 118 25 6
a 118 201 10
a 118 285 10
a 119 16 5
a 120 22 8
a 120 94 9
a 120 241 5
a 121 176 3
a 122 141 5
a 122 283 7
a 123 133 4
a 123 160 8
a 124 47 7
a 124 175 10
a 124 198 6
a 125 6 6
a 125 94 10
a 126 172 10
a 126 184 10
a 127 159 10
a 128 227 4
a 129 212 4
a 130 36 4
a 130 140 10
a 130 173 10
a 131 80 2
a 132 152 5
a 133 81 5
a 133 131 10
a 134 55 5
a 135 26 5
a 135 68 5
a 136 55 1
a 136 203 10
a 137 275 7
a 137 292 7
a 138 167 7
a 138 282 5
a 139 224 10
a 140 13 2
a 140 113 2
a 141 43 1
a 141 152 5
a 142 6 8
a 143 93 4
a 144 24 6
a 145 190 8
a 146 267 7
a 147 104 7
a 147 292 7
a 148 142 5
a 148 221 9
a 149 138 9
a 149 188 1
a 149 226 5
a 150 54 6
a 151 102 2
a 151 161 2
a 152 109 10
a 152 225 9
a 152 247 9
a 153 225 6
a 154 7 9
a 154 39 10
a 154 294 4
a 155 17 7
a 155 19 4
a 155 151 10
a 155 259 6
a 156 176 1
a 156 177 8
a 157 5 1
a 157 223 6
a 158 73 3
a 159 37 8
a 159 57 5
a 159 260 5
a 160 47 1
a 160 127 5
a 160 246 8
a 161 272 6
a 162 212 5
a 162 252 4
a 163 182 6
a 163 271 1
a 164 132 6
a 164 204 3
a 165 66 5
a 165 184 3
a 166 202 3
a 167 103 1
a 167 236 9
a 168 52 5
a 168 149 5
a 168 150 9
a 168 174 1
a 169 73 2
a 169 257 9
a 170 16 8
a 170 76 7
a 170 287 9
a 171 80 3
a 171 103 3
a 171 165 6
a 171 191 4
a 172 163 3
a 173 18 3
a 173 49 2
a 173 159 5
a 173 273 8
a 174 197 4
a 174 245 3
a 175 33 10
a 175 136 3
a 176 100 1
a 177 99 2
a 178 194 10
a 178 205 9
a 179 48 8
a 179 83 5
a 180 66 3
a 180 189 3
a 181 46 8
a 181 78 1
a 181 275 8
a 182 53 7
a 182 189 6
a 183 29 3
a 183 200 4
a 183 258 8
a 183 286 6
a 184 288 2
a 185 50 3
a 185 130 3
a 185 255 9
a 186 290 10
a 187 199 5
a 187 247 1
a 188 97 10
a 188 221 7
a 188 236 10
a 189 13 6
a 190 55 5
a 191 42 5
a 191 259 4
a 192 112 3
a 192 250 10
a 193 21 2
a 193 48 7
a 193 232 7
a 194 20 10
a 194 207 2
a 194 239 10
a 194 281 7
a 195 55 7
a 196 226 8
a 197 98 7
a 197 137 7
a 197 295 9
a 198 241 7
a 199 61 10
a 199 183 10
a 199 197 5
a 200 191 9
a 201 56 5
a 202 8 2
a 202 273 3
a 202 293 10
a 203 93 5
a 203 252 9
a 203 290 6
a 204 107 1
a 204 116 9
a 205 112 10
a 205 300 3
a 206 152 1
a 206 274 8
a 207 93 8
a 207 229 4
a 208 87 6
a 208 112 6
a 209 187 7
a 209 190 2
a 209 274 7
a 210 92 9
a 210 125 1
a 211 118 3
a 211 192 3
a 212 3 9
a 213 139 3
a 214 283 9
a 215 192 2
a 215 256 8
a 215 267 7
a 216 20 1
a 216 209 8
a 216 277 8
a 217 77 10
a 217 273 4
a 218 85 4
a 218 195 5
a 218 242 2
a 219 132 6
a 220 28 5
a 220 193 8
a 221 5 4
a 221 74 1
a 221 116 9
a 221 208 10
a 222 96 3
a 223 16 5
a 223 69 3
a 223 147 3
a 223 215 1
a 224 135 3
a 225 110 4
a 225 136 3
a 226 208 10
a 227 168 6
a 228 40 5
a 228 135 10
a 229 140 2
a 229 262 8
a 230 234 1
a 231 105 2
a 231 141 6
a 231 240 4
a 232 77 3
a 232 82 10
a 232 291 7
a 233 222 9
a 233 269 10
a 233 274 9
a 234 248 10
a 235 144 10
a 236 43 4
a 237 10 9
a 237 13 7
a 237 288 10
a 238 100 7
a 238 170 7
a 238 218 7
a 238 239 4
a 239 289 9
a 239 295 9
a 240 28 5
a 240 54 5
a 241 229 8
a 242 119 5
a 243 58 1
a 243 134 2
a 244 155 4
a 245 179 4
a 245 220 1
a 245 270 4
a 246 280 4
a 247 245 6
a 248 85 8
a 248 128 1
a 249 66 7
a 249 88 10
a 249 238 1
a 250 89 9
a 251 60 5
a 252 226 5
a 253 29 4
a 253 142 3
a 254 125 7
a 254 267 9
a 255 186 6
a 255 199 1
a 255 242 2
a 256 185 4
a 256 284 7
a 257 6 4
a 257 63 4
a 258 101 8
a 259 45 9
a 259 70 5
a 259 123 1
a 260 239 8
a 261 100 6
a 261 111 2
a 262 22 2
a 263 14 9
a 263 75 6
a 263 115 3
a 263 157 8
a 264 153 5
a 264 178 5
a 265 118 1
a 266 25 8
a 266 90 2
a 266 166 9
a 266 227 9
a 267 153 3
a 268 75 3
a 269 30 10
a 269 121 10
a 269 206 6
a 269 279 7
a 269 290 10
a 270 96 1
a 271 75 7
a 272 153 8
a 273 129 3
a 273 155 10
a 274 96 5
a 275 65 6
a 275 168 10
a 276 168 10
a 276 234 4
a 277 87 6
a 277 214 3
a 278 161 1
a 278 165 7
a 278 270 10
a 279 126 7
a 279 156 1
a 279 284 6
a 280 131 3
a 280 166 5
a 280 169 10
a 281 260 4
a 282 151 8
a 283 167 1
a 283 224 6
a 284 45 1
a 284 47 9
a 285 29 1
a 285 119 6
a 286 146 1
a 286 238 3
a 287 160 8
a 288 124 6
a 288 161 8
a 289 3 3
a 289 32 3
a 290 72 3
a 290 113 4
a 290 183 5
a 290 204 8
a 291 9 7
a 291 149 1
a 291 171 9
a 292 56 7
a 292 86 9
a 293 161 7
a 294 7 9
a 294 180 10
a 295 51 8
a 295 202 6
a 296 118 4
a 296 259 4
a 297 146 1
a 297 200 10
a 298 63 9
a 298 175 4
a 299 39 8
