p max 300 600
n 1 s
n 300 t
a 1 154 1
a 1 288 6
a 2 60 2
a 3 193 9
a 4 26 5
a 4 103 10
a 4 185 7
a 4 266 6
a 4 282 1
a 5 91 1
a 5 270 6
a 6 129 2
a 7 21 10
a 8 197 4
a 9 26 3
a 9 115 6
a 9 200 7
a 9 248 6
a 9 292 9
a 10 275 1
a 10 300 7
a 11 48 6
a 12 120 8
a 12 193 10
a 13 94 7
a 14 157 6
a 14 180 4
a 15 10 1
a 15 132 4
a 16 37 4
a 16 50 10
a 17 66 3
a 18 143 7
a 19 258 2
a 20 285 7
a 21 32 5
a 21 33 10
a 21 202 2
a 22 130 9
a 22 241 6
a 23 196 3
a 23 249 8
a 24 3 3
a 24 8 3
a 25 35 5
a 25 109 3
a 25 195 1
a 26 106 10
a 26 241 10
a 27 50 6
a 27 252 7
a 28 19 1
a 28 242 10
a 29 241 4
a 30 100 3
a 30 110 1
a 30 126 4
a 31 170 9
a 32 44 8
a 32 139 2
a 32 150 9
a 33 135 4
a 33 256 5
a 34 282 8
a 35 134 1
a 36 74 8
a 36 101 10
a 36 127 5
a 36 155 10
a 37 36 8
a 37 87 3
a 37 174 1
a 38 293 2
a 39 233 9
a 40 284 6
a 41 30 10
a 41 197 4
a 41 250 5
a 42 136 10
a 43 2 3
a 43 183 3
a 44 29 7
a 44 56 1
a 44 117 9
a 45 141 5
a 45 272 9
a 46 65 4
a 46 208 4
a 46 244 5
a 47 234 8
a 48 22 3
a 48 217 8
a 48 255 5
a 49 104 6
a 49 155 7
a 49 233 9
a 50 202 4
a 51 249 3
a 51 294 3
a 52 33 8
a 52 157 6
a 52 191 7
a 52 234 1
a 52 267 2
a 53 270 6
a 53 285 4
a 54 185 6
a 55 82 1
a 55 192 7
a 55 271 10
a 56 65 10
a 57 77 7
a 57 131 8
a 58 169 3
a 59 5 9
a 59 120 5
a 59 165 1
a 59 170 8
a 60 26 1
a 60 134 7
a 60 179 5
a 61 101 4
a 62 131 1
a 62 139 5
a 62 287 3
a 63 12 2
a 63 86 4
a 64 167 3
a 65 216 7
a 66 53 3
a 67 185 8
a 67 239 4
a 68 134 6
a 69 48 3
a 69 115 1
a 70 40 10
a 70 90 10
a 70 189 7
a 70 234 1
a 71 162 10
a 72 209 4
a 72 254 3
a 73 265 1
a 74 299 2
a 75 145 8
a 75 242 9
a 76 10 5
a 76 23 7
a 76 41 5
a 76 102 8
a 77 25 10
a 78 149 9
a 78 211 8
a 79 158 2
a 79 248 9
a 80 274 2
a 81 20 4
a 81 260 2
a 82 276 10
a 83 14 8
a 83 49 1
a 84 246 1
a 85 36 8
a 85 116 1
a 86 7 5
a 86 89 7
a 86 214 7
a 87 42 9
a 87 70 2
a 87 172 10
a 88 261 4
a 89 145 7
a 89 287 7
a 90 107 10
a 90 264 8
a 91 61 4
a 92 34 6
a 92 123 9
a 92 215 7
a 93 67 8
a 93 72 3
a 93 112 8
a 93 193 8
a 93 291 5
a 94 39 7
a 95 69 6
a 96 76 1
a 96 211 6
a 96 223 7
a 97 37 5
a 98 123 2
a 98 175 2
a 99 16 9
a 100 70 2
a 100 137 1
a 101 69 10
a 101 245 8
a 102 19 1
a 103 232 9
a 103 253 6
a 104 252 2
a 105 20 2
a 106 122 2
a 106 284 4
a 107 24 4
a 107 146 10
a 108 162 4
a 108 295 7
a 109 281 1
a 109 286 5
a 110 95 3
a 111 167 5
a 111 181 2
a 112 252 6
a 113 14 5
a 113 140 6
a 114 51 8
a 114 102 2
a 114 258 9
a 115 111 7
a 116 97 6
a 116 146 3
a 117 137 2
a 117 201 5
a 118 229 3
a 118 256 6
a 118 273 4
a 118 277 10
a 119 97 4
a 119 268 7
a 120 6 1
a 121 11 4
a 121 55 6
a 121 178 5
a 121 218 8
a 121 278 10
a 122 188 1
a 123 47 6
a 124 20 2
a 125 5 8
a 125 140 9
a 125 285 7
a 126 80 10
a 126 125 3
a 126 300 6
a 127 174 10
a 127 224 4
a 128 108 5
a 128 168 1
a 128 228 7
a 129 29 6
a 130 8 4
a 131 31 3
a 131 72 8
a 132 230 4
a 133 243 9
a 134 29 2
a 134 207 3
a 135 50 8
a 135 169 7
a 136 22 3
a 136 25 7
a 136 111 6
a 136 159 7
a 136 190 8
a 136 251 4
a 136 283 9
a 137 15 3
a 137 252 4
a 138 107 7
a 139 154 8
a 140 92 10
a 140 122 5
a 141 100 4
a 141 124 2
a 142 143 10
a 142 187 1
a 142 199 5
a 143 124 4
a 144 6 6
a 144 221 3
a 145 138 6
a 145 192 6
a 145 193 7
a 146 55 9
a 146 132 3
a 147 21 4
a 147 97 7
a 147 161 5
a 147 204 7
a 148 205 8
a 148 250 3
a 149 71 3
a 149 257 9
a 149 293 6
a 150 89 4
a 150 106 4
a 151 262 8
a 152 12 8
a 152 107 10
a 153 160 7
a 153 263 3
a 154 96 1
a 154 283 4
a 155 180 10
a 156 176 4
a 157 30 6
a 157 269 6
a 158 81 6
a 158 289 1
a 159 3 2
a 159 17 3
a 159 85 2
a 159 213 6
a 160 294 5
a 161 240 2
a 162 195 5
a 163 161 6
a 163 168 7
a 164 83 4
a 164 220 9
a 165 20 7
a 165 121 2
a 165 124 7
a 165 126 2
a 165 222 3
a 166 112 3
a 167 135 1
a 168 6 10
a 168 185 7
a 169 34 10
a 169 197 9
a 169 278 6
a 170 15 8
a 170 283 8
a 171 118 7
a 172 38 1
a 172 43 7
a 172 272 7
a 173 27 9
a 173 53 5
a 174 179 3
a 174 217 8
a 175 206 8
a 176 2 9
a 176 49 10
a 176 99 3
a 176 152 1
a 176 219 3
a 177 78 9
a 177 136 4
a 177 295 9
a 178 28 1
a 178 163 7
a 179 40 6
a 180 67 10
a 180 141 1
a 181 121 6
a 181 212 10
a 181 276 5
a 182 274 5
a 183 176 4
a 184 68 5
a 184 273 1
a 185 279 4
a 186 243 10
a 186 296 2
a 187 107 3
a 187 153 8
a 187 216 9
a 188 28 2
a 188 240 9
a 189 52 8
a 189 86 10
a 190 94 7
a 190 123 8
a 190 149 6
a 191 61 6
a 191 147 1
a 191 249 5
a 192 215 7
a 192 247 1
a 193 98 2
a 193 142 9
a 193 296 5
a 194 8 7
a 194 97 9
a 194 128 1
a 195 158 10
a 196 152 6
a 197 73 9
a 197 208 10
a 197 230 5
a 198 12 5
a 198 103 9
a 198 129 6
a 199 233 5
a 200 32 8
a 201 58 1
a 201 276 7
a 202 256 4
a 202 290 2
a 203 226 1
a 204 178 1
a 205 13 7
a 205 220 5
a 206 17 4
a 206 111 1
a 206 113 2
a 206 122 2
a 206 262 1
a 207 42 6
a 208 47 10
a 208 238 10
a 209 35 8
a 209 249 3
a 209 253 1
a 210 142 2
a 211 87 3
a 212 153 10
a 212 275 2
a 213 248 5
a 213 279 4
a 214 137 4
a 214 186 9
a 214 225 5
a 215 27 10
a 215 270 3
a 216 16 9
a 216 103 9
a 216 177 4
a 217 258 7
a 218 71 8
a 218 133 5
a 218 238 2
a 219 193 4
a 220 114 1
a 220 189 2
a 220 279 10
a 221 84 2
a 221 164 3
a 221 253 1
a 222 236 10
a 222 271 1
a 223 45 9
a 223 83 4
a 223 159 4
a 223 206 4
a 224 88 9
a 224 130 2
a 224 281 1
a 225 243 5
a 226 7 6
a 227 14 8
a 227 172 2
a 227 294 10
a 228 149 7
a 229 56 9
a 229 198 3
a 230 161 4
a 231 170 2
a 232 36 5
a 233 28 6
a 233 289 9
a 234 94 6
a 235 216 1
a 236 66 9
a 236 82 5
a 236 207 3
a 237 93 6
a 237 175 7
a 237 280 5
a 238 95 3
a 239 69 6
a 239 114 5
a 239 297 8
a 240 142 5
a 241 297 3
a 242 18 4
a 242 175 5
a 243 69 8
a 243 254 10
a 244 184 7
a 244 257 10
a 245 41 2
a 245 63 2
a 245 237 10
a 246 160 8
a 246 287 8
a 247 249 6
a 248 62 9
a 248 123 7
a 248 298 2
a 249 188 7
a 249 229 2
a 249 267 5
a 250 4 10
a 250 122 9
a 251 10 10
a 252 95 9
a 252 118 1
a 252 119 8
a 252 140 8
a 253 50 6
a 253 60 5
a 254 144 7
a 254 148 5
a 255 64 3
a 255 235 5
a 256 9 7
a 256 232 4
a 257 15 4
a 257 39 4
a 258 88 7
a 258 231 9
a 259 105 1
a 259 195 3
a 260 88 8
a 261 57 2
a 261 121 4
a 261 156 2
a 262 64 5
a 262 171 1
a 263 78 8
a 263 146 7
a 263 182 10
a 263 210 2
a 264 214 1
a 265 203 4
a 266 290 5
a 267 154 5
a 267 242 9
a 268 22 9
a 268 173 3
a 269 237 4
a 270 203 6
a 271 115 3
a 271 246 5
a 272 46 10
a 272 261 10
a 272 277 9
a 273 7 6
a 273 57 5
a 273 80 5
a 273 87 7
a 274 235 3
a 275 36 1
a 275 120 1
a 276 47 7
a 276 73 2
a 277 217 3
a 278 189 6
a 279 269 8
a 280 166 7
a 280 205 10
a 281 159 4
a 281 244 4
a 282 59 3
a 282 289 9
a 283 91 4
a 283 144 8
a 283 194 1
a 284 171 9
a 284 262 6
a 285 84 5
a 285 155 1
a 286 79 8
a 286 249 7
a 286 250 4
a 287 75 3
a 287 177 8
a 287 227 9
a 287 265 1
a 287 299 1
a 288 102 2
a 289 139 7
a 290 203 2
a 290 264 1
a 290 274 9
a 291 4 7
a 291 54 4
a 291 151 10
a 291 259 5
a 291 296 2
a 292 294 7
a 293 48 9
a 294 206 3
a 295 181 8
a 295 226 7
a 295 250 6
a 295 288 10
a 296 275 1
a 297 93 8
a 297 163 3
a 297 188 8
a 297 259 5
a 298 13 10
a 298 176 10
a 298 199 9
a 299 96 2
