p max 300 600
n 1 s
n 300 t
a 1 3 4
a 2 275 3
a 3 83 4
a 4 169 1
a 4 255 1
a 5 250 8
a 6 43 1
a 7 79 10
a 8 90 4
a 8 275 7
a 8 288 9
a 9 147 7
a 9 271 9
a 10 27 10
a 10 61 9
a 10 146 1
a 11 264 8
a 12 56 6
a 12 77 8
a 13 279 5
a 14 19 10
a 14 80 9
a 15 154 1
a 16 111 5
a 16 148 2
a 16 252 2
a 16 300 7
a 17 39 3
a 18 110 4
a 18 126 5
a 18 192 5
a 19 134 5
a 19 166 4
a 20 114 10
a 20 244 4
a 21 33 6
a 21 282 2
a 21 297 9
a 22 59 8
a 23 55 9
a 23 186 10
a 24 55 2
a 25 248 7
a 25 283 9
a 26 99 7
a 26 109 7
a 26 183 6
a 27 67 1
a 28 108 10
a 28 217 4
a 28 264 7
a 29 34 2
a 29 184 6
a 30 102 9
a 30 193 8
a 30 272 6
a 31 99 2
a 31 100 6
a 32 17 6
a 32 166 8
a 32 211 7
a 33 120 8
a 34 7 2
a 34 18 10
a 34 263 1
a 35 92 6
a 35 172 7
a 36 80 6
a 37 16 7
a 38 103 10
a 38 253 4
a 39 154 5
a 40 35 1
a 40 139 3
a 40 247 8
a 41 86 10
a 41 250 2
a 42 9 7
a 42 268 9
a 43 105 1
a 43 218 7
a 44 57 2
a 44 158 9
a 45 50 9
a 45 82 5
a 45 151 1
a 46 75 4
a 46 199 3
a 46 295 8
a 47 2 10
a 47 153 7
a 48 20 6
a 49 38 10
a 49 299 5
a 50 18 6
a 50 110 9
a 51 2 4
a 51 17 2
a 52 26 3
a 52 74 10
a 52 161 4
a 52 186 2
a 53 189 8
a 54 40 7
a 54 192 6
a 55 39 10
a 55 52 4
a 55 174 6
a 56 33 8
a 56 100 9
a 56 238 7
a 56 285 9
a 57 25 4
a 57 218 8
a 57 231 3
a 58 160 4
a 59 172 10
a 60 19 8
a 61 166 8
a 61 208 6
a 62 162 6
a 63 109 10
a 63 261 5
a 64 137 7
a 64 168 1
a 65 190 4
a 66 102 1
a 67 40 3
a 68 286 2
a 69 96 4
a 69 127 7
a 70 299 10
a 71 14 7
a 71 83 4
a 72 27 3
a 72 285 2
a 73 82 7
a 73 89 9
a 74 86 7
a 74 276 5
a 75 141 7
a 76 283 1
a 77 106 7
a 77 167 4
a 77 281 2
a 78 100 3
a 79 73 1
a 79 182 1
a 79 265 9
a 80 62 3
a 80 188 9
a 80 215 1
a 80 294 8
a 81 63 6
a 81 154 10
a 82 269 9
a 83 17 7
a 84 147 9
a 84 152 2
a 84 279 6
a 85 45 4
a 85 116 4
a 86 287 9
a 87 281 2
a 88 203 9
a 88 230 7
a 89 240 10
a 89 244 5
a 90 72 8
a 90 232 5
a 91 42 4
a 91 102 5
a 91 128 6
a 91 132 5
a 91 188 9
a 92 176 10
a 93 57 4
a 93 117 3
a 94 187 9
a 94 225 5
a 95 140 3
a 95 272 7
a 96 161 4
a 97 213 3
a 98 119 8
a 98 223 4
a 98 226 5
a 98 228 10
a 99 142 6
a 99 182 6
a 99 230 2
a 99 289 2
a 100 19 6
a 101 44 5
a 101 47 1
a 101 49 6
a 102 87 1
a 102 159 8
a 102 181 8
a 102 213 4
a 103 65 7
a 103 71 3
a 103 220 1
a 104 40 3
a 104 164 6
a 104 256 2
a 105 75 9
a 105 292 5
a 106 146 2
a 107 31 1
a 107 238 3
a 108 31 4
a 109 3 10
a 110 137 8
a 111 283 1
a 111 287 9
a 112 161 8
a 112 284 8
a 113 24 5
a 113 258 6
a 114 8 3
a 114 54 7
a 115 106 3
a 116 39 8
a 116 191 8
a 117 101 2
a 117 111 7
a 117 115 7
a 118 133 9
a 118 178 2
a 119 181 6
a 120 65 4
a 121 45 6
a 121 48 6
a 121 155 9
a 122 5 8
a 122 63 10
a 122 120 10
a 122 156 5
a 122 283 3
a 123 36 10
a 123 54 4
a 123 156 4
a 123 259 1
a 124 181 5
a 125 53 5
a 125 170 10
a 126 136 9
a 126 207 9
a 127 196 3
a 127 224 8
a 128 144 3
a 128 192 2
a 129 148 6
a 129 237 4
a 129 298 6
a 130 20 8
a 130 66 2
a 130 194 5
a 131 95 6
a 131 266 5
a 132 177 8
a 132 270 8
a 133 94 8
a 133 190 8
a 134 151 4
a 134 244 2
a 135 32 3
a 135 198 10
a 135 220 3
a 136 216 5
a 137 222 2
a 138 163 6
a 138 191 5
a 139 146 5
a 140 165 6
a 140 243 5
a 141 288 8
a 142 25 2
a 142 148 10
a 143 232 4
a 144 17 1
a 144 253 4
a 145 8 5
a 146 210 1
a 147 89 1
a 148 134 7
a 149 181 8
a 150 29 5
a 150 49 4
a 151 164 5
a 152 175 2
a 152 205 7
a 152 238 3
a 152 242 3
a 153 216 10
a 154 25 6
a 155 194 2
a 155 277 7
a 156 6 7
a 156 198 1
a 157 6 8
a 157 214 5
a 158 65 2
a 159 292 10
a 160 70 5
a 160 196 9
a 160 294 10
a 161 218 8
a 161 234 5
a 162 36 3
a 163 21 8
a 163 65 7
a 163 267 2
a 164 37 8
a 164 62 7
a 165 206 10
a 166 253 8
a 166 263 9
a 167 97 2
a 167 107 8
a 168 79 6
a 168 288 5
a 169 249 6
a 169 274 3
a 170 61 9
a 171 71 6
a 171 129 3
a 172 134 9
a 172 226 3
a 173 34 6
a 173 238 7
a 174 8 6
a 174 236 3
a 175 110 9
a 175 112 1
a 175 178 7
a 175 249 3
a 176 3 9
a 176 197 9
a 176 201 7
a 176 213 7
a 177 35 1
a 177 104 7
a 177 111 9
a 177 125 9
a 177 237 2
a 177 290 9
a 178 203 9
a 179 106 6
a 179 162 5
a 180 16 1
a 180 294 9
a 181 228 4
a 181 293 3
a 182 64 5
a 182 87 2
a 182 198 3
a 182 253 7
a 183 107 10
a 183 141 10
a 184 46 5
a 184 127 4
a 184 209 9
a 184 210 5
a 185 41 8
a 185 165 9
a 185 228 8
a 186 78 8
a 186 81 3
a 186 296 2
a 187 60 2
a 187 66 7
a 187 236 2
a 187 271 7
a 187 292 6
a 188 231 2
a 188 280 7
a 189 72 5
a 189 86 3
a 189 143 2
a 189 217 1
a 189 225 1
a 190 127 6
a 190 239 7
a 190 284 8
a 191 198 7
a 191 286 8
a 192 180 6
a 192 261 5
a 193 76 3
a 193 300 1
a 194 280 2
a 195 144 2
a 195 209 9
a 196 43 1
a 196 44 4
a 197 56 2
a 197 117 2
a 198 18 9
a 198 23 6
a 199 54 5
a 199 136 4
a 199 207 8
a 200 144 9
a 201 297 2
a 202 85 10
a 202 227 6
a 202 235 5
a 202 247 2
a 203 7 10
a 203 266 2
a 204 116 1
a 204 245 3
a 204 251 7
a 205 68 8
a 205 118 5
a 206 86 9
a 206 130 8
a 206 161 1
a 207 53 6
a 208 116 2
a 209 84 1
a 209 155 5
a 210 133 2
a 211 4 6
a 212 10 8
a 212 118 7
a 212 169 3
a 213 122 4
a 213 174 10
a 214 170 7
a 215 35 10
a 215 113 4
a 215 166 9
a 215 185 9
a 216 59 2
a 216 154 6
a 217 245 6
a 217 270 2
a 218 163 6
a 219 241 8
a 219 262 5
a 220 58 6
a 220 118 3
a 221 118 4
a 221 179 9
a 221 216 7
a 222 44 8
a 222 232 1
a 223 184 1
a 223 204 6
a 224 46 7
a 225 234 10
a 225 269 7
a 226 102 3
a 227 91 7
a 227 95 4
a 227 123 6
a 227 258 4
a 228 124 1
a 228 168 3
a 228 254 5
a 229 230 3
a 230 161 1
a 230 206 2
a 231 122 3
a 231 212 7
a 232 154 5
a 233 14 5
a 233 53 3
a 233 94 9
a 233 290 1
a 234 76 7
a 234 195 1
a 235 295 9
a 236 101 8
a 236 149 3
a 237 14 2
a 238 22 4
a 238 222 7
a 239 76 2
a 239 135 5
a 239 230 4
a 240 3 5
a 241 97 7
a 241 236 10
a 242 98 2
a 242 255 2
a 243 175 3
a 244 67 5
a 245 219 1
a 246 28 3
a 246 160 2
a 246 222 6
a 247 67 3
a 247 69 4
a 247 176 1
a 248 15 3
a 248 145 4
a 248 265 2
a 249 88 8
a 249 202 7
a 249 241 3
a 249 251 1
a 250 12 7
a 251 12 2
a 251 121 1
a 251 165 7
a 252 254 4
a 252 270 6
a 253 93 5
a 253 106 8
a 253 176 3
a 253 274 9
a 254 47 7
a 255 46 7
a 256 78 1
a 256 114 3
a 256 242 3
a 257 14 3
a 258 151 4
a 258 229 3
a 259 98 9
a 259 131 7
a 259 288 6
a 260 214 8
a 260 273 8
a 261 52 5
a 261 235 9
a 262 270 2
a 263 222 6
a 264 172 1
a 264 222 3
a 265 168 9
a 266 77 10
a 266 140 4
a 267 121 7
a 268 73 3
a 268 246 8
a 269 69 9
a 269 285 6
a 270 189 6
a 270 300 1
a 271 22 9
a 272 175 4
a 272 241 9
a 273 110 4
a 273 157 5
a 273 257 4
a 274 56 1
a 275 115 9
a 275 221 9
a 276 145 5
a 277 98 9
a 278 18 7
a 278 118 7
a 278 171 5
a 279 234 8
a 280 256 1
a 281 144 9
a 281 299 2
a 282 16 3
a 282 200 5
a 282 244 2
a 283 4 2
a 283 69 1
a 284 242 4
a 285 20 3
a 285 233 2
a 286 51 9
a 286 125 8
a 287 268 7
a 288 215 10
a 289 90 6
a 289 219 5
a 289 278 5
a 290 150 10
a 290 234 4
a 291 105 8
a 291 173 7
a 292 11 4
a 292 138 6
a 292 270 8
a 293 125 1
a 293 222 1
a 294 9 6
a 294 10 6
a 294 16 10
a 294 193 7
a 294 291 3
a 295 182 6
a 296 135 2
a 297 13 3
a 297 224 10
a 298 171 2
a 298 260 5
a 299 30 4
a 299 203 8
a 299 243 4
