p max 300 600
n 1 s
n 300 t
a 1 188 7
a 1 267 2
a 2 129 8
a 2 193 9
a 3 50 1
a 3 147 10
a 3 158 3
a 4 79 9
a 4 155 3
a 5 225 3
a 5 283 6
a 6 20 7
a 6 93 9
a 6 96 10
a 6 178 8
a 6 228 8
a 7 59 4
a 7 200 3
a 8 82 8
a 8 145 9
a 8 274 7
a 9 98 7
a 9 152 3
a 9 292 1
a 10 17 9
a 10 64 3
a 11 143 10
a 11 215 10
a 12 193 9
a 13 26 9
a 13 178 9
a 13 300 4
a 14 54 2
a 14 129 5
a 14 136 8
a 14 253 4
a 15 59 4
a 15 281 3
a 16 222 3
a 17 76 5
a 17 171 5
a 17 221 2
a 18 124 3
a 19 62 1
a 19 226 4
a 20 148 1
a 21 28 3
a 21 101 3
a 21 156 7
a 21 194 1
a 22 21 3
a 23 218 1
a 24 21 10
a 24 103 9
a 24 292 6
a 25 130 8
a 25 252 6
a 26 227 5
a 27 29 8
a 28 49 7
a 29 7 9
a 29 9 9
a 29 168 5
a 30 19 5
a 30 92 7
a 31 251 1
a 32 88 8
a 32 104 6
a 33 144 1
a 33 148 1
a 34 65 2
a 34 106 4
a 34 216 8
a 35 280 7
a 36 134 3
a 36 280 6
a 37 47 10
a 37 271 8
a 38 48 3
a 38 134 9
a 39 34 1
a 39 124 2
a 40 67 5
a 40 172 10
a 41 122 5
a 41 258 7
a 42 108 5
a 42 187 1
a 43 96 2
a 43 224 1
a 43 259 10
a 44 64 9
a 44 141 3
a 45 144 9
a 45 219 3
a 46 121 8
a 47 121 8
a 47 253 3
a 48 52 1
a 48 87 10
a 49 164 8
a 50 33 8
a 50 206 4
a 50 251 2
a 51 72 7
a 51 76 9
a 51 94 5
a 52 65 2
a 52 281 6
a 53 145 4
a 54 80 4
a 54 255 10
a 54 283 9
a 55 215 9
a 56 184 7
a 57 127 1
a 57 221 8
a 57 284 2
a 58 62 4
a 58 294 5
a 59 297 1
a 60 50 9
a 61 77 5
a 61 265 2
a 62 63 4
a 62 140 5
a 63 14 6
a 63 61 5
a 64 24 8
a 64 81 2
a 64 85 10
a 65 205 6
a 66 101 7
a 67 129 3
a 67 199 5
a 68 201 3
a 69 126 3
a 70 110 8
a 70 300 1
a 71 74 7
a 71 86 4
a 71 96 8
a 71 113 2
a 72 176 10
a 72 284 3
a 73 198 8
a 74 5 1
a 74 149 3
a 75 189 8
a 75 192 10
a 75 261 10
a 76 150 6
a 77 158 7
a 77 182 10
a 77 249 1
a 77 252 4
a 78 180 4
a 78 240 5
a 79 184 10
a 79 198 1
a 79 256 1
a 80 49 3
a 80 286 1
a 81 5 2
a 81 246 8
a 82 61 5
a 82 174 4
a 83 286 3
a 83 291 5
a 84 142 1
a 85 197 1
a 85 228 1
a 86 233 1
a 87 47 7
a 87 286 9
a 88 22 2
a 88 75 4
a 88 181 9
a 89 87 8
a 90 102 6
a 90 275 2
a 91 57 7
a 92 245 6
a 93 251 1
a 93 279 2
a 94 12 4
a 94 180 3
a 95 83 10
a 95 102 10
a 95 261 8
a 96 170 2
a 96 257 2
a 97 15 10
a 97 43 6
a 97 260 10
a 98 71 6
a 98 270 1
a 98 282 1
a 99 117 5
a 100 212 5
a 100 237 1
a 101 164 1
a 101 208 3
a 101 269 4
a 102 147 9
a 103 51 5
a 104 132 3
a 104 151 1
a 105 137 10
a 106 46 2
a 107 228 5
a 108 172 8
a 108 252 4
a 108 295 8
a 109 97 7
a 109 159 6
a 110 192 9
a 111 201 3
a 112 27 4
a 112 65 10
a 112 261 3
a 113 132 7
a 114 2 2
a 115 25 5
a 115 170 8
a 115 282 8
a 116 5 6
a 116 36 7
a 116 68 3
a 116 252 10
a 117 269 10
a 118 53 2
a 119 284 5
a 120 117 7
a 120 220 3
a 121 38 1
a 121 115 8
a 121 212 2
a 122 15 4
a 122 277 7
a 123 126 4
a 124 2 8
a 124 16 10
a 124 165 6
a 124 167 6
a 124 184 2
a 124 233 10
a 125 123 8
a 125 272 3
a 126 85 4
a 126 230 9
a 126 258 7
a 127 99 9
a 127 248 8
a 128 87 8
a 129 157 5
a 130 154 5
a 130 216 10
a 131 83 9
a 132 100 9
a 132 144 4
a 133 46 9
a 134 141 7
a 135 41 4
a 135 134 6
a 135 285 6
a 136 41 8
a 136 64 3
a 137 76 3
a 138 150 3
a 139 56 7
a 139 99 1
a 139 211 2
a 140 89 4
a 141 6 5
a 141 111 10
a 141 177 4
a 142 14 8
a 142 207 5
a 142 264 8
a 143 9 2
a 143 114 8
a 144 38 7
a 145 113 7
a 145 155 3
a 145 166 6
a 145 277 8
a 146 40 1
a 146 156 10
a 147 206 8
a 147 283 4
a 148 74 8
a 148 132 9
a 148 164 4
a 149 134 4
a 149 141 10
a 150 81 5
a 150 119 1
a 150 135 8
a 151 45 5
a 152 71 5
a 152 188 2
a 152 232 7
a 152 233 9
a 153 18 8
a 153 157 7
a 153 167 6
a 154 84 2
a 154 173 5
a 155 238 6
a 155 276 10
a 156 60 5
a 157 67 1
a 157 179 4
a 158 79 4
a 158 231 4
a 159 95 2
a 159 149 8
a 160 87 10
a 160 133 8
a 160 181 10
a 161 31 9
a 161 214 1
a 161 223 8
a 162 47 10
a 162 88 5
a 162 296 3
a 163 185 9
a 163 258 4
a 164 94 9
a 164 195 4
a 165 223 2
a 165 274 4
a 165 300 10
a 166 162 7
a 166 255 10
a 166 272 10
a 167 57 9
a 167 227 8
a 168 8 5
a 168 76 6
a 169 97 2
a 169 212 1
a 170 47 5
a 171 69 8
a 171 77 4
a 171 182 7
a 171 273 6
a 172 4 1
a 172 70 10
a 172 268 9
a 172 299 5
a 173 90 6
a 173 107 3
a 173 146 2
a 174 206 9
a 175 31 2
a 175 108 6
a 176 35 9
a 176 44 7
a 176 204 5
a 176 270 7
a 177 15 3
a 177 153 3
a 178 92 8
a 178 228 4
a 179 60 4
a 180 292 3
a 181 76 7
a 181 131 2
a 182 225 7
a 183 115 10
a 183 200 3
a 184 196 5
a 185 138 8
a 185 242 8
a 186 198 5
a 186 222 3
a 187 246 4
a 188 34 9
a 188 161 7
a 189 129 10
a 190 225 7
a 191 58 9
a 191 128 8
a 191 230 10
a 192 168 3
a 193 54 10
a 194 139 1
a 195 266 4
a 195 290 4
a 196 116 1
a 196 218 10
a 197 124 6
a 197 268 9
a 197 272 3
a 198 249 10
a 198 277 9
a 198 293 10
a 199 32 1
a 199 63 3
a 200 72 8
a 200 86 5
a 200 219 6
a 201 79 1
a 201 236 7
a 201 287 3
a 202 111 6
a 202 176 8
a 202 223 9
a 203 138 1
a 203 229 10
a 204 69 10
a 205 51 3
a 205 175 5
a 205 196 5
a 205 294 3
a 206 232 4
a 207 69 7
a 207 120 8
a 207 242 4
a 208 243 1
a 208 248 9
a 209 59 5
a 209 256 2
a 210 60 7
a 210 147 3
a 210 164 10
a 210 234 10
a 211 59 4
a 212 276 4
a 213 83 4
a 213 289 1
a 214 203 9
a 214 216 7
a 215 135 3
a 216 205 3
a 216 248 8
a 217 53 4
a 217 208 3
a 218 111 4
a 218 240 4
a 219 118 9
a 219 129 1
a 220 209 3
a 220 227 2
a 220 245 9
a 221 186 9
a 221 217 6
a 222 118 5
a 223 66 6
a 223 170 1
a 224 257 3
a 225 98 4
a 225 118 1
a 226 6 2
a 226 209 8
a 227 3 1
a 227 116 4
a 227 142 10
a 227 215 1
a 228 82 9
a 228 183 6
a 229 50 10
a 230 78 1
a 231 101 7
a 231 173 2
a 232 73 3
a 232 146 5
a 233 112 7
a 233 238 6
a 234 101 4
a 234 197 10
a 235 78 5
a 235 298 10
a 236 29 1
a 236 139 2
a 237 217 8
a 237 218 4
a 237 278 9
a 238 87 8
a 238 160 7
a 239 299 6
a 240 241 2
a 240 251 3
a 241 109 6
a 241 153 5
a 242 39 2
a 242 65 5
a 242 250 8
a 243 42 3
a 243 146 8
a 243 159 10
a 244 45 3
a 244 89 5
a 244 153 7
a 245 7 5
a 245 37 3
a 245 160 6
a 245 208 3
a 246 56 5
a 246 139 4
a 246 235 5
a 247 202 9
a 247 232 7
a 248 238 1
a 249 16 10
a 249 288 6
a 250 105 3
a 250 187 1
a 251 116 10
a 251 264 4
a 252 11 10
a 252 91 5
a 253 173 6
a 253 205 9
a 253 225 8
a 253 239 10
a 254 3 4
a 255 150 7
a 256 266 7
a 257 41 1
a 258 178 10
a 259 125 1
a 260 247 5
a 260 271 9
a 261 13 10
a 261 30 1
a 262 78 3
a 262 137 6
a 262 201 4
a 262 277 8
a 263 13 7
a 263 23 9
a 263 91 1
a 263 254 6
a 264 120 1
a 265 172 5
a 266 184 1
a 267 7 1
a 267 63 4
a 267 190 9
a 267 266 9
a 268 196 6
a 268 256 6
a 269 10 5
a 269 121 4
a 270 25 2
a 270 253 10
a 271 285 2
a 272 51 5
a 272 193 8
a 273 182 6
a 274 99 8
a 274 150 7
a 274 154 7
a 275 22 9
a 275 169 6
a 275 266 2
a 276 206 10
a 277 20 8
a 277 227 5
a 278 263 9
a 278 294 4
a 279 299 3
a 280 183 6
a 281 41 10
a 281 238 9
a 282 11 2
a 282 46 1
a 282 117 10
a 282 213 2
a 282 235 1
a 283 262 3
a 283 300 9
a 284 126 8
a 284 232 4
a 285 53 10
a 286 152 2
a 286 163 3
a 287 70 10
a 288 268 9
a 289 249 6
a 290 51 8
a 290 94 8
a 291 128 9
a 291 203 7
a 292 300 7
a 293 226 7
a 294 55 1
a 294 125 7
a 294 292 2
a 295 253 5
a 296 179 2
a 296 191 4
a 297 209 3
a 297 210 1
a 298 261 1
a 299 113 2
a 299 244 4
