p max 300 600
n 1 s
n 300 t
a 1 42 1
a 1 297 2
a 1 298 4
a 2 4 3
a 2 109 4
a 3 230 3
a 3 234 10
a 4 127 6
a 4 166 1
a 5 144 2
a 6 189 8
a 6 253 2
a 7 40 3
a 7 252 9
a 8 180 4
a 9 27 6
a 9 159 8
a 9 289 1
a 9 299 1
a 10 120 1
a 10 158 2
a 11 220 10
a 12 252 6
a 13 108 2
a 13 113 3
a 13 173 4
a 14 105 2
a 15 291 7
a 16 138 4
a 16 194 3
a 17 138 10
a 17 284 3
a 18 201 10
a 19 177 3
a 20 98 2
a 21 52 4
a 21 88 4
a 21 119 2
a 21 241 1
a 22 243 6
a 22 244 8
a 23 289 8
a 24 67 5
a 24 137 4
a 24 144 6
a 25 214 2
a 26 277 8
a 27 52 9
a 27 184 4
a 28 67 1
a 28 209 1
a 29 81 5
a 30 118 9
a 30 150 6
a 30 206 5
a 31 105 6
a 31 181 4
a 31 214 1
a 32 140 3
a 32 190 8
a 33 211 4
a 34 104 10
a 35 43 7
a 36 227 8
a 37 12 9
a 37 211 4
a 38 215 7
a 38 217 10
a 38 222 7
a 39 49 1
a 40 15 6
a 40 168 9
a 41 273 10
a 42 119 8
a 42 135 3
a 43 53 9
a 43 161 1
a 43 229 7
a 44 45 7
a 44 246 10
a 45 87 4
a 45 213 7
a 46 126 3
a 46 165 3
a 46 198 1
a 47 37 2
a 47 111 5
a 47 167 10
a 47 203 8
a 48 159 1
a 48 258 6
a 49 151 1
a 50 20 7
a 50 33 7
a 50 93 2
a 50 103 2
a 50 268 6
a 51 111 6
a 51 147 1
a 52 71 1
a 52 92 2
a 52 199 3
a 53 133 2
a 53 212 4
a 53 229 4
a 53 264 1
a 54 19 8
a 54 260 2
a 55 36 7
a 56 23 8
a 56 257 2
a 57 164 3
a 57 282 9
a 58 155 7
a 58 242 5
a 59 17 3
a 59 279 9
a 60 11 1
a 61 18 6
a 61 52 8
a 62 63 5
a 62 288 1
a 63 7 7
a 64 240 9
a 65 193 1
a 66 32 1
a 66 44 1
a 66 59 1
a 67 185 7
a 67 273 5
a 68 111 8
a 68 132 2
a 68 275 10
a 69 108 4
a 70 181 7
a 71 34 3
a 71 94 10
a 71 113 6
a 71 261 1
a 72 27 8
a 73 141 2
a 74 221 4
a 75 29 1
a 75 85 10
a 75 176 2
a 75 178 3
a 75 271 2
a 76 151 2
a 76 195 10
a 77 18 5
a 77 155 9
a 77 226 2
a 78 64 7
a 78 197 4
a 79 10 6
a 79 129 8
a 79 225 1
a 80 142 6
a 80 234 10
a 81 69 7
a 81 80 10
a 81 221 6
a 82 39 7
a 82 144 6
a 83 215 2
a 84 10 4
a 85 45 9
a 85 300 6
a 86 172 6
a 87 130 4
a 87 219 10
a 88 174 9
a 88 240 3
a 89 37 7
a 89 191 7
a 90 166 6
a 91 143 5
a 91 207 4
a 92 292 5
a 93 136 2
a 93 236 2
a 94 287 5
a 95 46 2
a 95 254 1
a 96 300 4
a 97 169 7
a 97 228 10
a 98 45 4
a 98 113 5
a 99 12 6
a 99 60 5
a 99 172 1
a 100 27 3
a 101 39 5
a 101 71 3
a 102 74 1
a 102 100 10
a 103 174 2
a 104 48 10
a 104 167 7
a 104 273 5
a 105 137 8
a 105 205 5
a 105 283 9
a 106 65 1
a 106 77 2
a 106 179 1
a 107 141 3
a 108 35 8
a 108 145 9
a 108 197 9
a 108 234 4
a 108 297 8
a 109 73 9
a 109 280 10
a 109 282 6
a 110 3 3
a 110 22 6
a 110 84 4
a 110 127 10
a 111 69 6
a 111 74 9
a 112 144 2
a 113 183 8
a 113 266 3
a 114 288 8
a 115 238 4
a 115 300 4
a 116 52 6
a 116 255 10
a 117 9 9
a 117 182 3
a 118 114 1
a 119 51 10
a 119 107 3
a 120 36 10
a 120 274 4
a 121 183 3
a 122 21 2
a 122 156 5
a 122 227 4
a 123 19 10
a 123 141 2
a 123 247 10
a 124 136 4
a 124 262 3
a 125 53 6
a 126 163 1
a 126 200 3
a 127 150 6
a 128 20 6
a 128 25 2
a 129 160 5
a 129 223 1
a 129 282 2
a 130 41 4
a 131 54 8
a 132 206 4
a 132 257 2
a 132 300 3
a 133 86 7
a 133 131 3
a 133 256 7
a 133 270 10
a 133 290 1
a 134 137 3
a 135 152 7
a 135 269 5
a 136 86 6
a 136 180 7
a 136 208 10
a 137 226 10
a 138 186 1
a 138 237 5
a 138 287 9
a 139 26 3
a 139 187 9
a 140 284 4
a 141 203 7
a 141 244 4
a 142 145 8
a 142 252 2
a 143 37 1
a 143 98 2
a 144 23 3
a 144 130 10
a 145 63 3
a 145 104 1
a 145 254 2
a 146 12 9
a 147 171 2
a 147 248 6
a 147 278 7
a 148 251 6
a 149 121 2
a 150 50 5
a 150 239 6
a 151 202 4
a 152 227 9
a 153 7 4
a 153 101 1
a 153 170 10
a 154 224 6
a 155 33 7
a 156 171 5
a 156 257 9
a 157 58 10
a 157 75 7
a 157 158 4
a 158 117 7
a 158 152 2
a 158 263 4
a 159 62 6
a 159 89 9
a 160 50 6
a 160 95 5
a 161 116 1
a 161 210 7
a 161 274 9
a 162 16 3
a 162 196 2
a 163 26 8
a 163 197 2
a 163 259 5
a 164 154 7
a 164 190 2
a 165 35 4
a 165 81 2
a 166 134 10
a 167 40 5
a 167 146 10
a 168 28 9
a 168 148 5
a 168 208 3
a 169 258 7
a 170 68 2
a 170 201 4
a 171 95 5
a 172 30 2
a 172 50 6
a 173 5 8
a 173 82 2
a 173 175 3
a 173 205 5
a 173 269 1
a 174 82 9
a 174 190 6
a 174 235 7
a 175 83 4
a 175 194 7
a 176 116 9
a 176 134 8
a 177 286 6
a 178 33 7
a 179 14 8
a 179 103 5
a 179 267 2
a 180 54 5
a 181 61 5
a 181 68 10
a 181 141 2
a 182 143 8
a 183 76 9
a 183 220 2
a 184 214 8
a 185 90 3
a 185 170 10
a 185 202 10
a 186 91 6
a 187 106 1
a 187 231 8
a 188 87 9
a 188 102 6
a 188 245 8
a 189 16 3
a 189 272 9
a 190 10 5
a 190 44 8
a 191 160 10
a 192 173 2
a 192 254 3
a 192 289 5
a 193 296 7
a 194 6 6
a 194 31 1
a 194 139 9
a 194 266 7
a 195 49 7
a 195 107 1
a 196 90 7
a 196 99 1
a 196 280 7
a 196 284 5
a 197 144 9
a 197 295 5
a 198 205 2
a 199 6 4
a 200 106 2
a 200 163 5
a 200 273 4
a 201 147 10
a 201 181 6
a 202 86 5
a 203 22 9
a 203 114 9
a 203 157 3
a 203 216 2
a 204 145 10
a 204 177 4
a 204 249 9
a 205 84 3
a 205 169 6
a 206 138 10
a 206 230 5
a 207 130 8
a 208 51 8
a 208 263 6
a 209 55 1
a 209 251 6
a 209 277 8
a 210 195 1
a 210 227 7
a 211 262 2
a 212 76 7
a 212 114 3
a 212 121 2
a 213 41 4
a 213 83 10
a 214 116 5
a 214 160 4
a 214 188 7
a 215 35 9
a 215 110 4
a 215 114 2
a 216 165 10
a 216 233 8
a 217 195 10
a 217 227 8
a 218 47 5
a 218 189 7
a 218 262 8
a 219 162 1
a 219 167 6
a 219 218 4
a 220 48 2
a 221 25 3
a 221 123 9
a 222 44 3
a 223 151 10
a 224 229 10
a 225 45 10
a 226 119 7
a 226 294 7
a 227 55 5
a 227 82 6
a 228 104 6
a 228 143 5
a 229 5 2
a 229 193 9
a 230 143 8
a 231 285 7
a 232 51 4
a 233 67 5
a 233 296 9
a 234 236 8
a 234 279 7
a 235 75 9
a 235 204 7
a 236 62 1
a 236 112 9
a 236 193 10
a 237 181 6
a 237 215 4
a 238 256 3
a 239 6 8
a 239 57 9
a 239 291 4
a 240 38 5
a 240 280 4
a 241 13 3
a 241 177 2
a 242 36 10
a 242 122 10
a 243 284 8
a 243 299 5
a 244 43 7
a 245 32 7
a 245 65 9
a 246 30 2
a 246 66 6
a 246 117 6
a 246 128 1
a 247 4 4
a 247 115 10
a 247 122 2
a 247 124 6
a 248 97 10
a 248 144 2
a 249 188 10
a 249 244 1
a 250 14 2
a 250 43 3
a 251 8 7
a 252 78 4
a 253 2 1
a 254 80 10
a 254 231 8
a 255 6 5
a 255 149 3
a 255 189 5
a 256 225 4
a 256 292 1
a 256 299 4
a 257 145 1
a 257 162 1
a 257 164 5
a 258 109 5
a 258 133 3
a 258 224 1
a 258 293 4
a 259 16 5
a 259 91 4
a 260 70 1
a 260 83 8
a 261 194 2
a 261 232 3
a 262 45 3
a 262 54 4
a 262 240 9
a 263 20 2
a 263 77 4
a 263 211 7
a 264 61 4
a 265 96 8
a 266 127 10
a 267 220 8
a 268 90 9
a 269 153 8
a 269 206 5
a 269 280 8
a 270 271 10
a 271 192 9
a 271 286 5
a 272 44 9
a 273 193 1
a 274 14 10
a 275 24 9
a 275 213 10
a 275 247 1
a 276 25 4
a 276 125 4
a 276 154 7
a 277 198 4
a 277 230 4
a 277 294 9
a 278 163 10
a 278 250 8
a 279 2 7
a 279 166 1
a 280 33 7
a 280 265 9
a 281 58 8
a 281 242 5
a 281 271 2
a 282 121 8
a 283 11 2
a 283 78 2
a 283 263 1
a 284 195 8
a 284 281 6
a 285 8 3
a 285 44 5
a 285 168 3
a 286 96 3
a 286 146 3
a 286 247 4
a 287 149 7
a 287 160 4
a 288 238 3
a 288 287 3
a 289 290 4
a 290 72 10
a 290 185 3
a 291 106 3
a 291 272 7
a 292 151 3
a 293 56 5
a 293 194 1
a 293 285 7
a 294 65 5
a 294 79 1
a 294 182 9
a 295 62 4
a 296 103 10
a 296 276 3
a 297 198 3
a 298 42 6
a 298 208 6
a 299 8 4
a 299 286 6
