p max 300 600
n 1 s
n 300 t
a 1 2 9
a 2 45 7
a 2 89 8
a 3 245 3
a 4 147 5
a 4 187 8
a 4 237 9
a 4 296 8
a 5 252 5
a 6 235 5
a 6 254 7
a 7 223 9
a 8 167 10
a 8 196 3
a 9 35 5
a 9 156 8
a 9 163 3
a 10 67 4
a 11 34 10
a 11 152 5
a 12 10 8
a 12 28 4
a 12 153 9
a 13 193 5
a 13 284 3
a 14 188 4
a 14 189 6
a 15 163 10
a 15 253 3
a 16 66 8
a 16 129 4
a 16 246 4
a 17 10 2
a 17 150 9
a 17 198 4
a 17 266 9
a 18 204 2
a 18 238 9
a 19 299 3
a 20 11 9
a 20 27 4
a 21 69 10
a 21 103 1
a 22 13 4
a 23 89 5
a 24 103 6
a 24 209 4
a 25 31 10
a 26 114 1
a 27 63 10
a 27 80 7
a 27 119 2
a 28 170 9
a 29 150 8
a 29 201 4
a 30 108 2
a 30 170 7
a 31 182 2
a 32 260 3
a 33 22 2
a 33 181 9
a 33 196 9
a 33 271 9
a 33 292 5
a 34 12 1
a 34 170 2
a 34 195 4
a 34 254 1
a 35 255 3
a 36 39 8
a 36 85 6
a 36 267 4
a 37 158 8
a 37 264 10
a 37 283 5
a 38 133 4
a 38 243 3
a 39 210 6
a 40 142 2
a 40 153 6
a 40 252 9
a 41 70 3
a 42 71 10
a 42 186 6
a 42 279 2
a 43 29 6
a 43 63 8
a 43 218 6
a 44 32 8
a 45 70 10
a 46 16 8
a 46 101 10
a 46 150 5
a 46 224 2
a 47 111 5
a 47 157 8
a 47 231 4
a 47 293 6
a 48 87 4
a 48 222 9
a 49 54 2
a 49 137 7
a 50 46 8
a 50 68 4
a 51 37 8
a 51 118 6
a 51 199 2
a 51 255 4
a 52 65 8
a 52 77 7
a 52 281 4
a 53 32 3
a 53 42 4
a 53 99 5
a 53 148 7
a 54 56 5
a 54 210 2
a 54 286 6
a 55 40 6
a 55 226 2
a 56 46 10
a 57 83 1
a 57 254 2
a 58 120 4
a 59 109 5
a 59 149 9
a 59 173 3
a 59 236 6
a 60 4 4
a 61 4 2
a 61 145 5
a 62 88 7
a 62 255 9
a 63 56 4
a 63 219 5
a 64 247 2
a 65 68 9
a 65 76 6
a 66 68 6
a 67 21 10
a 67 85 2
a 67 248 1
a 68 213 10
a 68 269 7
a 69 11 10
a 69 92 4
a 70 35 6
a 70 60 4
a 71 160 7
a 72 77 7
a 72 287 1
a 73 19 9
a 73 96 5
a 73 244 6
a 74 53 6
a 74 171 1
a 75 98 5
a 75 287 5
a 76 90 10
a 76 188 7
a 77 34 9
a 77 169 8
a 78 97 8
a 79 143 4
a 79 148 1
a 79 298 6
a 79 299 4
a 80 75 9
a 80 211 5
a 80 292 1
a 81 255 1
a 81 285 1
a 82 49 2
a 83 113 3
a 83 132 10
a 83 251 10
a 83 285 6
a 84 214 1
a 85 90 5
a 85 230 3
a 86 88 7
a 87 47 5
a 87 81 5
a 87 225 3
a 88 120 9
a 88 248 4
a 89 57 8
a 90 25 3
a 90 192 10
a 91 82 4
a 91 133 1
a 92 250 2
a 92 251 9
a 93 84 4
a 93 150 6
a 93 197 3
a 94 51 6
a 94 143 5
a 95 259 1
a 96 132 7
a 97 66 7
a 97 284 1
a 98 208 6
a 99 161 8
a 100 35 3
a 100 72 1
a 101 172 2
a 101 238 1
a 102 67 9
a 103 40 7
a 103 57 4
a 103 174 4
a 104 229 7
a 105 14 1
a 106 157 7
a 107 86 8
a 107 93 5
a 107 144 1
a 108 76 10
a 108 117 10
a 108 234 6
a 109 58 4
a 109 192 8
a 109 221 9
a 110 271 7
a 111 29 3
a 111 175 5
a 112 71 3
a 113 16 7
a 113 74 7
a 114 214 1
a 115 235 4
a 116 234 5
a 117 203 9
a 118 131 2
a 118 300 6
a 119 180 9
a 119 300 7
a 120 106 9
a 120 192 6
a 120 232 7
a 121 251 4
a 122 33 7
a 122 94 2
a 122 105 9
a 122 165 6
a 122 249 10
a 122 256 5
a 123 17 1
a 123 58 8
a 123 226 4
a 124 61 3
a 125 45 4
a 125 263 9
a 126 63 9
a 127 143 2
a 128 73 8
a 128 149 9
a 128 276 2
a 129 277 8
a 130 25 3
a 130 153 10
a 130 173 8
a 130 270 10
a 131 95 1
a 131 203 9
a 132 218 3
a 133 35 1
a 134 136 4
a 134 242 5
a 135 41 9
a 135 177 5
a 136 6 5
a 136 59 7
a 137 81 1
a 138 79 10
a 138 229 3
a 139 115 9
a 139 134 10
a 140 90 3
a 141 24 7
a 141 100 9
a 141 130 9
a 141 136 8
a 141 140 9
a 141 154 8
a 141 234 3
a 142 191 1
a 143 173 6
a 144 61 7
a 145 176 1
a 145 283 4
a 146 51 3
a 147 59 8
a 147 102 8
a 147 277 5
a 148 166 9
a 148 262 10
a 149 195 7
a 149 216 10
a 150 111 8
a 150 245 6
a 151 281 9
a 152 110 2
a 152 211 7
a 153 38 6
a 153 146 3
a 153 214 8
a 154 9 8
a 154 183 4
a 154 272 10
a 155 241 4
a 155 269 6
a 156 126 8
a 156 141 2
a 156 186 9
a 156 274 7
a 157 14 7
a 157 116 4
a 157 148 3
a 157 159 2
a 157 183 2
a 158 78 2
a 158 126 9
a 159 70 8
a 159 138 7
a 160 20 3
a 160 199 6
a 160 206 4
a 161 15 8
a 161 244 8
a 161 260 4
a 162 113 3
a 162 152 5
a 163 89 10
a 164 133 6
a 165 67 3
a 166 85 8
a 167 91 2
a 167 137 6
a 167 205 2
a 168 8 9
a 168 93 7
a 168 154 3
a 169 31 10
a 169 294 4
a 170 265 10
a 171 278 9
a 172 237 4
a 173 131 7
a 173 263 1
a 174 55 10
a 174 217 10
a 174 265 7
a 175 89 10
a 176 53 1
a 176 209 10
a 176 225 10
a 177 289 8
a 177 297 3
a 178 279 2
a 179 124 2
a 179 135 6
a 179 156 5
a 180 48 3
a 180 120 2
a 181 42 1
a 181 240 3
a 181 261 2
a 182 50 7
a 182 83 6
a 183 87 8
a 184 84 4
a 184 196 10
a 184 219 1
a 185 288 3
a 185 289 8
a 186 2 8
a 186 233 3
a 186 267 5
a 187 123 5
a 187 251 7
a 188 4 8
a 188 196 10
a 189 294 10
a 190 113 3
a 191 79 6
a 191 280 5
a 192 80 3
a 192 98 8
a 193 162 4
a 194 36 8
a 194 241 7
a 195 79 7
a 195 189 2
a 196 34 7
a 196 233 7
a 197 165 8
a 197 222 10
a 198 115 5
a 198 121 5
a 198 200 3
a 198 260 9
a 199 119 5
a 199 198 2
a 200 28 2
a 201 125 8
a 201 295 9
a 202 289 6
a 203 68 5
a 203 141 8
a 204 30 3
a 204 31 1
a 204 139 4
a 205 42 10
a 205 202 3
a 206 58 6
a 206 257 1
a 207 22 4
a 207 26 2
a 208 184 10
a 208 266 7
a 209 61 2
a 209 164 7
a 209 237 10
a 210 23 10
a 210 207 2
a 211 128 8
a 211 190 3
a 211 272 10
a 212 93 9
a 212 275 9
a 213 206 2
a 214 185 1
a 214 222 1
a 215 70 10
a 215 239 8
a 216 102 9
a 217 161 4
a 217 273 3
a 218 86 9
a 218 215 9
a 218 245 5
a 218 262 5
a 219 168 8
a 220 289 7
a 220 290 8
a 220 300 1
a 221 77 6
a 222 159 7
a 222 162 2
a 222 238 5
a 223 247 7
a 223 286 6
a 224 155 1
a 224 171 4
a 225 104 10
a 225 257 3
a 226 28 8
a 226 300 7
a 227 32 2
a 228 81 5
a 229 26 1
a 229 64 5
a 229 122 7
a 229 146 2
a 230 90 4
a 230 226 2
a 230 245 1
a 231 27 5
a 231 218 10
a 232 152 4
a 232 258 8
a 233 3 3
a 233 182 4
a 234 184 9
a 235 49 5
a 235 67 10
a 235 107 5
a 236 20 1
a 236 223 8
a 237 89 9
a 237 283 10
a 238 206 5
a 239 139 7
a 239 256 6
a 240 263 1
a 241 170 4
a 242 75 6
a 243 207 7
a 244 52 2
a 244 211 8
a 244 264 4
a 245 178 6
a 245 282 4
a 246 82 9
a 246 239 10
a 246 255 6
a 246 297 5
a 247 285 10
a 248 35 3
a 248 107 3
a 248 296 5
a 249 300 2
a 250 28 6
a 251 294 7
a 252 9 5
a 252 59 9
a 253 56 1
a 253 282 6
a 254 234 2
a 255 107 8
a 255 141 9
a 256 276 1
a 256 291 9
a 257 80 8
a 257 191 3
a 258 30 9
a 258 161 4
a 259 226 10
a 260 202 10
a 261 207 9
a 262 259 10
a 262 282 10
a 263 13 10
a 263 129 7
a 264 24 1
a 265 194 5
a 265 212 4
a 266 123 3
a 267 159 4
a 267 182 3
a 267 217 5
a 268 37 9
a 268 291 3
a 269 102 9
a 269 168 1
a 270 111 7
a 271 62 2
a 271 177 9
a 271 253 6
a 272 89 1
a 272 97 1
a 273 23 4
a 273 127 2
a 274 49 3
a 274 179 5
a 275 38 2
a 275 112 10
a 276 54 10
a 276 152 1
a 277 149 2
a 277 157 7
a 278 194 3
a 278 265 2
a 279 226 1
a 279 227 6
a 280 5 6
a 281 114 1
a 281 297 8
a 282 139 1
a 283 47 7
a 283 112 1
a 283 138 7
a 283 160 5
a 284 104 10
a 284 278 6
a 285 181 7
a 286 7 8
a 286 9 10
a 287 18 4
a 287 151 7
a 287 178 1
a 287 220 4
a 288 45 1
a 288 50 3
a 288 203 7
a 289 5 6
a 289 125 6
a 289 127 3
a 289 170 9
a 290 165 4
a 290 228 7
a 290 268 6
a 291 143 9
a 291 147 9
a 291 284 10
a 292 202 7
a 293 278 4
a 294 208 9
a 294 240 5
a 295 43 1
a 295 130 10
a 296 38 3
a 297 44 10
a 297 213 7
a 297 239 9
a 298 192 2
a 299 41 3
a 299 244 4
