p max 300 600
n 1 s
n 300 t
a 1 88 7
a 2 68 1
a 2 236 5
a 3 94 2
a 3 279 1
a 4 26 5
a 4 91 1
a 4 209 6
a 4 286 6
a 5 181 7
a 5 243 10
a 6 74 6
a 6 120 9
a 7 11 2
a 7 240 7
a 8 89 10
a 8 113 10
a 8 151 7
a 8 289 4
a 9 184 7
a 10 2 5
a 11 79 5
a 11 249 7
a 12 281 9
a 13 55 4
a 14 24 1
a 14 270 2
a 15 6 3
a 15 67 8
a 15 286 8
a 16 32 6
a 16 197 1
a 17 114 5
a 17 135 5
a 17 247 4
a 18 171 3
a 18 291 4
a 19 100 2
a 20 77 10
a 20 272 3
a 20 277 6
a 21 89 9
a 21 195 2
a 22 281 7
a 23 207 9
a 23 287 4
a 24 30 1
a 24 121 4
a 25 34 9
a 26 191 2
a 26 241 2
a 26 250 5
a 27 116 5
a 27 136 8
a 27 266 1
a 28 129 9
a 28 188 10
a 29 10 2
a 29 28 2
a 29 111 1
a 29 213 10
a 30 76 6
a 30 90 2
a 30 220 3
a 31 281 10
a 32 22 6
a 32 146 6
a 32 214 5
a 33 254 9
a 34 135 7
a 34 295 10
a 35 55 6
a 35 71 9
a 36 9 5
a 37 236 8
a 38 43 4
a 38 45 1
a 39 152 4
a 40 57 4
a 40 267 6
a 41 100 8
a 41 218 3
a 41 296 8
a 42 256 1
a 42 280 1
a 42 281 2
a 43 134 10
a 43 138 10
a 43 146 10
a 44 7 2
a 44 18 3
a 44 32 7
a 44 96 9
a 45 295 2
a 46 203 5
a 47 48 3
a 47 93 6
a 47 278 4
a 48 65 7
a 48 86 4
a 48 213 5
a 49 116 4
a 49 203 8
a 50 230 9
a 51 119 8
a 52 54 6
a 53 255 4
a 54 56 3
a 54 113 7
a 54 142 8
a 54 184 6
a 55 193 1
a 56 6 5
a 56 106 4
a 56 264 1
a 57 49 9
a 57 217 10
a 57 258 9
a 58 136 4
a 58 167 3
a 58 275 8
a 59 227 1
a 59 273 9
a 59 293 4
a 60 30 9
a 60 34 10
a 60 42 5
a 61 163 6
a 61 223 8
a 61 242 5
a 62 194 1
a 63 78 6
a 63 272 7
a 64 154 5
a 65 21 8
a 65 150 8
a 65 233 9
a 66 4 2
a 66 9 5
a 66 17 3
a 66 84 10
a 66 88 6
a 66 298 10
a 67 169 4
a 68 285 3
a 69 166 5
a 70 90 1
a 71 50 6
a 71 173 5
a 72 10 10
a 72 245 4
a 73 230 3
a 74 210 1
a 74 259 2
a 75 101 2
a 75 244 1
a 76 124 1
a 76 225 9
a 77 69 2
a 77 87 9
a 77 215 7
a 78 32 7
a 79 41 2
a 79 58 1
a 79 125 2
a 79 210 3
a 79 288 3
a 80 33 9
a 80 161 3
a 80 188 3
a 80 223 6
a 81 256 10
a 82 53 9
a 83 9 3
a 83 271 8
a 84 107 5
a 84 130 5
a 84 143 1
a 84 247 4
a 85 288 4
a 86 150 8
a 86 200 6
a 87 15 1
a 87 47 8
a 87 51 8
a 88 98 4
a 89 226 7
a 90 91 7
a 91 273 5
a 92 183 5
a 92 289 2
a 93 106 10
a 93 229 5
a 94 141 9
a 94 252 7
a 95 73 4
a 95 243 7
a 96 25 5
a 97 236 1
a 98 52 1
a 98 73 7
a 98 255 9
a 99 80 2
a 99 103 9
a 100 277 6
a 101 112 4
a 101 142 4
a 102 20 5
a 102 297 1
a 103 123 9
a 104 119 2
a 104 299 3
a 105 165 8
a 105 186 2
a 106 138 7
a 106 260 5
a 107 244 1
a 108 102 4
a 108 265 7
a 109 104 8
a 110 161 1
a 110 164 3
a 111 119 2
a 112 44 7
a 113 81 3
a 114 61 8
a 114 226 9
a 114 235 10
a 115 40 3
a 115 154 9
a 115 200 7
a 115 230 8
a 116 15 7
a 116 217 2
a 117 233 8
a 118 44 6
a 118 236 3
a 119 16 4
a 119 25 5
a 119 130 2
a 120 7 6
a 121 254 2
a 121 293 6
a 122 45 5
a 123 87 6
a 123 142 7
a 123 253 2
a 124 190 8
a 125 216 9
a 126 84 6
a 126 257 2
a 127 23 5
a 127 174 2
a 127 184 9
a 128 45 4
a 129 54 5
a 129 82 2
a 129 92 1
a 129 99 6
a 130 43 10
a 130 62 2
a 130 194 1
a 131 19 10
a 132 157 9
a 133 199 5
a 133 225 3
a 134 198 1
a 134 219 8
a 135 44 5
a 135 262 8
a 136 280 3
a 137 218 1
a 138 26 9
a 138 122 9
a 139 295 7
a 140 47 7
a 140 185 7
a 141 128 8
a 141 180 1
a 142 85 9
a 142 237 1
a 142 285 8
a 143 75 2
a 143 109 4
a 143 128 6
a 143 222 4
a 144 278 7
a 144 298 10
a 145 186 8
a 146 125 10
a 146 148 6
a 147 140 9
a 147 187 10
a 147 282 9
a 148 135 10
a 149 12 4
a 150 209 3
a 151 297 6
a 152 76 1
a 152 272 10
a 153 285 1
a 154 11 1
a 154 239 6
a 155 80 8
a 155 237 4
a 156 109 5
a 156 196 10
a 156 235 6
a 157 87 6
a 157 212 3
a 158 32 3
a 158 177 1
a 158 241 8
a 159 217 7
a 159 279 7
a 160 128 3
a 161 81 8
a 161 221 7
a 162 130 1
a 162 189 8
a 163 101 10
a 164 80 9
a 164 260 6
a 165 4 5
a 165 29 1
a 165 175 2
a 165 216 1
a 166 106 10
a 166 175 6
a 166 241 7
a 167 3 10
a 167 127 10
a 168 135 8
a 168 160 2
a 168 191 1
a 168 205 8
a 169 32 4
a 169 64 10
a 169 156 4
a 170 281 4
a 171 221 5
a 171 232 9
a 172 38 4
a 172 63 1
a 173 132 10
a 173 262 2
a 174 95 5
a 174 212 4
a 174 234 9
a 175 77 4
a 175 263 4
a 176 77 4
a 177 8 6
a 177 97 10
a 177 264 5
a 177 274 10
a 178 3 6
a 178 284 3
a 179 47 9
a 179 124 2
a 179 231 5
a 180 81 10
a 180 192 1
a 181 133 1
a 181 155 1
a 181 244 10
a 182 4 7
a 182 66 1
a 183 152 7
a 184 139 5
a 184 143 4
a 185 285 6
a 186 152 5
a 186 286 5
a 187 211 1
a 188 31 10
a 188 148 9
a 189 36 7
a 190 119 3
a 191 268 5
a 191 272 7
a 192 57 9
a 192 168 3
a 193 122 9
a 193 198 4
a 194 160 10
a 195 37 4
a 195 120 9
a 195 128 2
a 195 192 3
a 196 82 7
a 196 248 1
a 197 280 6
a 198 248 4
a 199 24 4
a 199 134 9
a 199 239 3
a 200 137 7
a 200 228 5
a 201 98 3
a 201 108 5
a 201 132 7
a 202 205 5
a 203 172 2
a 203 252 7
a 204 242 10
a 205 5 7
a 205 27 7
a 205 70 3
a 205 72 9
a 205 105 7
a 206 12 2
a 206 104 6
a 207 74 8
a 207 83 2
a 207 167 9
a 208 272 3
a 209 247 9
a 210 32 9
a 211 284 4
a 212 57 8
a 212 108 6
a 212 145 7
a 212 166 8
a 213 205 8
a 214 169 8
a 214 232 6
a 214 300 2
a 215 102 4
a 215 120 3
a 215 200 5
a 215 230 8
a 215 283 1
a 216 57 4
a 217 202 9
a 217 264 10
a 218 177 7
a 218 265 5
a 219 126 1
a 219 211 2
a 219 288 8
a 220 6 8
a 220 46 8
a 220 183 2
a 221 179 9
a 221 180 9
a 221 299 6
a 222 274 8
a 223 249 1
a 224 53 2
a 224 130 2
a 225 36 9
a 225 190 6
a 226 59 1
a 226 174 7
a 227 213 9
a 228 157 1
a 228 178 5
a 228 238 2
a 229 258 10
a 230 31 10
a 230 129 4
a 231 82 4
a 232 165 9
a 232 188 5
a 233 219 4
a 234 13 5
a 234 95 9
a 235 12 9
a 235 85 2
a 235 86 7
a 235 124 4
a 235 208 9
a 236 26 9
a 237 120 9
a 238 120 5
a 239 62 10
a 239 231 9
a 239 291 3
a 240 183 4
a 241 55 3
a 241 60 4
a 241 149 8
a 241 183 10
a 242 34 9
a 242 131 3
a 243 19 4
a 243 172 7
a 244 2 5
a 245 54 6
a 245 263 7
a 246 282 7
a 246 296 10
a 247 121 5
a 247 173 2
a 247 276 8
a 248 166 2
a 248 219 3
a 249 87 4
a 249 182 3
a 249 190 1
a 249 293 2
a 250 31 8
a 250 41 6
a 250 117 4
a 251 20 8
a 251 36 3
a 251 269 5
a 252 68 3
a 253 147 3
a 253 149 9
a 253 276 10
a 254 73 5
a 254 94 10
a 255 38 6
a 256 29 1
a 256 118 10
a 257 49 8
a 258 98 4
a 258 115 1
a 258 176 4
a 259 65 8
a 260 157 5
a 260 257 2
a 261 97 10
a 261 123 2
a 262 5 8
a 262 252 8
a 263 99 2
a 264 162 7
a 264 270 7
a 265 14 6
a 265 48 2
a 265 244 4
a 265 299 4
a 266 47 5
a 267 2 9
a 267 236 9
a 267 296 2
a 268 61 4
a 268 292 6
a 269 206 9
a 270 117 8
a 270 204 9
a 270 300 8
a 271 27 8
a 271 89 1
a 271 170 7
a 272 87 4
a 273 164 9
a 274 245 2
a 275 136 4
a 275 206 10
a 276 5 6
a 276 224 4
a 277 38 8
a 277 144 9
a 277 152 10
a 278 131 3
a 279 15 5
a 279 81 5
a 279 158 1
a 279 228 9
a 280 275 4
a 281 271 7
a 282 39 3
a 282 153 4
a 282 252 10
a 283 79 4
a 283 126 7
a 283 159 4
a 283 201 9
a 283 246 1
a 284 93 4
a 284 261 3
a 285 176 10
a 286 193 5
a 286 205 4
a 286 284 9
a 287 108 1
a 287 281 4
a 288 250 4
a 289 187 8
a 290 70 5
a 290 251 2
a 291 89 8
a 292 35 4
a 292 53 8
a 292 272 5
a 293 50 7
a 294 207 7
a 294 272 9
a 295 110 2
a 295 127 10
a 295 294 6
a 296 20 3
a 297 286 1
a 297 290 8
a 298 261 7
a 299 52 4
