p max 300 600
n 1 s
n 300 t
a 1 250 2
a 2 138 9
a 2 169 5
a 2 239 10
a 3 13 3
a 3 65 8
a 3 247 10
a 4 173 10
a 5 239 1
a 6 86 3
a 7 192 7
a 8 46 4
a 8 95 6
a 8 231 4
a 8 263 8
a 8 296 7
a 9 18 5
a 10 124 4
a 11 43 10
a 11 243 8
a 12 299 9
a 12 300 8
a 13 65 5
a 14 275 6
a 15 276 5
a 16 166 1
a 16 197 10
a 17 270 5
a 18 213 8
a 18 221 3
a 19 109 9
a 20 4 1
a 20 193 10
a 21 150 10
a 22 253 10
a 23 125 4
a 23 132 7
a 23 148 3
a 23 284 10
a 24 182 6
a 24 214 4
a 25 54 9
a 25 128 2
a 25 275 7
a 26 220 3
a 27 30 3
a 27 244 5
a 28 200 3
a 28 252 1
a 29 35 1
a 29 179 10
a 29 251 3
a 29 254 7
a 30 3 5
a 30 230 5
a 30 250 3
a 31 298 1
a 32 300 4
a 33 160 3
a 34 2 7
a 34 93 3
a 34 149 10
a 35 79 1
a 35 280 1
a 35 288 7
a 36 103 3
a 36 233 8
a 37 255 5
a 38 52 7
a 38 208 4
a 38 245 9
a 38 266 2
a 39 198 2
a 39 275 1
a 39 281 2
a 40 94 6
a 41 212 6
a 42 100 1
a 43 203 4
a 43 225 3
a 44 75 5
a 45 32 3
a 45 63 5
a 45 99 7
a 45 178 7
a 46 56 4
a 46 212 10
a 47 16 3
a 47 291 1
a 48 292 5
a 49 291 6
a 50 132 3
a 51 109 6
a 52 36 9
a 52 60 10
a 52 133 5
a 53 6 9
a 53 150 5
a 53 205 6
a 53 241 3
a 54 57 7
a 54 74 10
a 54 132 4
a 55 64 5
a 55 206 10
a 56 49 1
a 57 223 3
a 57 276 6
a 58 212 5
a 59 133 2
a 59 222 10
a 59 256 9
a 59 298 8
a 60 26 4
a 60 172 3
a 61 295 10
a 62 78 1
a 62 150 7
a 62 181 5
a 62 187 3
a 63 130 8
a 63 154 1
a 63 188 9
a 64 59 7
a 64 104 9
a 65 144 4
a 66 115 6
a 66 263 4
a 67 90 3
a 67 180 2
a 67 300 9
a 68 58 3
a 69 14 7
a 69 25 9
a 70 176 3
a 71 173 10
a 71 247 1
a 71 249 9
a 72 216 6
a 73 152 1
a 74 119 7
a 74 172 9
a 75 81 2
a 75 161 5
a 76 27 9
a 76 208 1
a 77 286 2
a 78 69 5
a 79 96 6
a 79 265 2
a 79 277 3
a 80 294 5
a 81 90 9
a 82 11 7
a 82 267 3
a 83 38 8
a 83 244 9
a 84 147 7
a 85 10 6
a 85 185 8
a 86 89 3
a 86 120 9
a 87 101 4
a 88 71 9
a 88 133 1
a 88 137 4
a 88 161 6
a 89 16 9
a 89 57 1
a 90 84 10
a 90 91 3
a 90 240 5
a 91 139 4
a 91 155 2
a 91 165 8
a 92 24 6
a 92 26 10
a 92 122 4
a 93 129 6
a 93 208 9
a 94 132 5
a 94 141 7
a 94 178 3
a 94 237 8
a 95 263 8
a 96 97 10
a 96 167 1
a 97 191 9
a 97 260 2
a 98 202 8
a 98 289 1
a 99 299 5
a 100 45 4
a 100 117 7
a 100 142 8
a 101 185 10
a 102 242 1
a 103 31 8
a 104 58 2
a 104 83 3
a 104 217 7
a 104 273 4
a 105 170 4
a 105 220 2
a 106 82 9
a 106 98 2
a 107 104 6
a 108 4 10
a 108 194 10
a 109 224 10
a 110 184 4
a 111 100 1
a 112 231 3
a 113 55 5
a 113 234 4
a 114 11 3
a 115 107 5
a 115 203 10
a 116 32 8
a 117 167 1
a 118 216 7
a 118 239 6
a 119 168 1
a 119 257 2
a 120 206 2
a 120 264 9
a 121 32 8
a 122 29 1
a 122 210 8
a 123 141 5
a 123 255 1
a 124 179 3
a 124 199 2
a 125 19 7
a 125 33 1
a 125 227 1
a 126 79 1
a 126 160 9
a 126 292 7
a 127 244 2
a 128 122 6
a 128 159 8
a 128 226 5
a 129 49 6
a 129 62 1
a 129 180 5
a 129 245 5
a 129 261 6
a 130 116 7
a 130 256 7
a 131 190 10
a 131 230 6
a 132 87 3
a 132 164 3
a 132 187 1
a 133 9 6
a 133 61 8
a 133 258 8
a 134 9 3
a 134 39 9
a 134 92 3
a 134 300 4
a 135 72 3
a 135 232 2
a 135 233 5
a 136 114 7
a 136 131 3
a 136 260 2
a 137 10 8
a 137 162 7
a 137 183 10
a 138 56 1
a 138 61 6
a 139 110 1
a 139 147 1
a 140 184 9
a 140 218 5
a 140 249 8
a 141 77 6
a 141 260 8
a 142 34 4
a 143 55 1
a 144 288 4
a 145 158 9
a 145 199 3
a 146 113 1
a 146 221 10
a 147 61 3
a 147 207 5
a 148 40 6
a 148 177 4
a 148 288 3
a 149 154 5
a 150 20 4
a 150 217 10
a 150 264 3
a 151 50 4
a 151 201 9
a 151 219 10
a 151 249 7
a 152 159 7
a 152 286 1
a 153 196 6
a 154 19 1
a 154 50 7
a 155 80 1
a 155 291 9
a 156 48 6
a 156 60 2
a 156 175 3
a 157 204 2
a 157 279 4
a 158 233 1
a 159 38 3
a 159 119 10
a 160 36 1
a 161 164 10
a 162 7 7
a 162 187 6
a 163 32 4
a 163 153 7
a 164 53 5
a 164 126 1
a 164 149 8
a 165 55 2
a 165 177 7
a 166 8 10
a 167 28 3
a 167 92 9
a 168 86 6
a 168 167 3
a 169 121 8
a 169 145 7
a 170 184 10
a 171 260 5
a 171 290 2
a 171 297 7
a 172 134 2
a 172 168 8
a 172 238 1
a 173 69 2
a 173 73 4
a 173 109 1
a 174 21 5
a 174 259 3
a 175 30 3
a 175 211 6
a 176 18 5
a 176 44 10
a 176 47 3
a 176 166 3
a 176 224 6
a 177 92 7
a 177 118 1
a 177 213 5
a 178 74 7
a 179 298 6
a 180 97 9
a 180 98 1
a 180 152 4
a 180 238 7
a 181 8 3
a 181 83 6
a 181 111 1
a 182 111 9
a 182 252 1
a 183 72 9
a 183 171 5
a 184 245 6
a 185 68 9
a 186 275 3
a 187 152 1
a 188 205 5
a 189 59 7
a 189 101 3
a 189 250 5
a 190 259 10
a 190 272 4
a 191 130 4
a 192 148 4
a 192 285 7
a 193 140 4
a 193 143 7
a 194 54 8
a 194 68 4
a 194 180 5
a 194 243 10
a 195 88 6
a 195 95 9
a 196 66 10
a 197 108 6
a 198 206 4
a 199 17 10
a 199 196 1
a 199 293 9
a 200 243 5
a 201 168 5
a 202 74 3
a 203 23 6
a 203 49 7
a 203 88 3
a 203 246 2
a 204 132 4
a 204 236 7
a 205 224 8
a 206 259 6
a 207 200 4
a 207 220 10
a 208 94 3
a 208 166 9
a 208 193 10
a 208 270 4
a 209 7 10
a 210 114 6
a 210 145 1
a 211 12 6
a 211 71 4
a 211 135 8
a 212 81 4
a 212 113 1
a 212 209 1
a 212 217 1
a 213 184 10
a 213 228 10
a 214 124 4
a 214 279 10
a 215 82 8
a 215 114 4
a 216 135 9
a 216 172 6
a 216 210 1
a 217 195 4
a 217 205 5
a 218 121 10
a 219 26 3
a 220 34 3
a 221 230 7
a 221 266 10
a 222 210 6
a 223 229 4
a 223 300 8
a 224 88 10
a 225 270 8
a 226 102 1
a 226 268 5
a 227 127 4
a 227 146 7
a 227 171 3
a 227 222 3
a 228 35 5
a 228 54 2
a 229 68 9
a 229 139 6
a 229 154 4
a 229 242 3
a 230 37 8
a 230 66 2
a 230 192 1
a 230 198 4
a 231 102 9
a 231 108 1
a 231 123 4
a 232 83 5
a 232 174 7
a 232 225 8
a 232 239 10
a 233 87 6
a 233 90 10
a 234 136 10
a 234 151 6
a 234 248 3
a 235 290 7
a 236 42 5
a 236 260 8
a 237 258 2
a 238 106 10
a 238 156 8
a 238 205 3
a 239 67 3
a 239 204 7
a 239 289 2
a 240 110 10
a 240 120 6
a 241 202 10
a 242 17 9
a 242 22 7
a 243 297 4
a 244 51 6
a 244 98 5
a 244 217 2
a 245 85 3
a 246 107 3
a 246 217 2
a 247 103 4
a 247 170 8
a 248 262 1
a 249 189 10
a 249 203 3
a 250 83 1
a 251 31 5
a 251 267 1
a 252 9 2
a 252 25 4
a 253 15 3
a 253 186 10
a 253 262 6
a 254 69 4
a 255 22 4
a 255 169 9
a 256 152 6
a 256 265 5
a 256 282 8
a 257 73 10
a 257 142 9
a 257 157 8
a 257 176 4
a 258 193 4
a 258 199 4
a 259 225 7
a 259 294 10
a 260 130 10
a 260 274 8
a 261 76 10
a 261 144 1
a 261 196 4
a 261 236 8
a 262 100 6
a 262 280 8
a 262 295 10
a 263 40 5
a 263 293 7
a 264 33 1
a 264 71 1
a 264 253 7
a 265 10 2
a 265 91 7
a 265 204 5
a 266 75 4
a 266 93 8
a 266 184 4
a 266 214 6
a 266 287 10
a 267 129 4
a 268 6 6
a 269 275 9
a 270 110 6
a 270 232 5
a 271 42 10
a 272 114 10
a 272 263 4
a 273 216 2
a 274 70 7
a 274 157 9
a 274 204 9
a 275 36 5
a 275 262 5
a 276 21 9
a 276 41 8
a 276 97 1
a 276 105 7
a 276 112 5
a 276 248 2
a 277 256 4
a 278 114 5
a 279 45 3
a 280 68 3
a 280 269 7
a 281 94 2
a 282 30 10
a 283 84 2
a 283 163 1
a 283 223 5
a 284 31 2
a 285 224 1
a 285 283 10
a 286 145 9
a 287 128 6
a 287 215 1
a 287 260 10
a 287 271 9
a 288 240 8
a 289 155 6
a 289 278 9
a 289 296 7
a 290 10 8
a 291 298 5
a 292 102 10
a 292 290 9
a 293 89 6
a 293 143 4
a 294 85 10
a 294 165 1
a 295 288 6
a 296 134 7
a 296 235 8
a 297 195 6
a 297 240 6
a 298 5 5
a 298 43 10
a 299 250 10
