p max 300 600
n 1 s
n 300 t
a 1 274 10
a 2 127 5
a 2 168 9
a 2 272 8
a 3 72 1
a 3 266 9
a 4 64 8
a 5 148 7
a 6 162 3
a 7 232 6
a 8 160 7
a 8 186 3
a 8 188 5
a 9 80 5
a 9 275 4
a 10 60 7
a 10 293 1
a 11 72 5
a 11 103 5
a 11 148 3
a 11 293 9
a 12 294 8
a 13 43 9
a 14 140 8
a 14 141 9
a 15 12 6
a 16 271 10
a 16 294 8
a 17 161 7
a 18 177 9
a 18 182 3
a 19 255 7
a 20 105 3
a 20 135 9
a 21 19 3
a 21 85 7
a 21 239 9
a 22 259 1
a 22 300 1
a 23 27 6
a 23 142 1
a 23 251 3
a 24 28 9
a 25 6 10
a 25 149 5
a 25 150 8
a 25 164 5
a 25 217 2
a 26 22 7
a 26 185 10
a 27 179 4
a 27 278 10
a 28 161 3
a 28 168 1
a 29 56 5
a 29 126 5
a 29 270 4
a 29 277 8
a 30 91 5
a 31 87 4
a 31 176 5
a 32 223 10
a 33 12 2
a 33 22 5
a 33 119 9
a 33 208 8
a 33 224 4
a 34 202 2
a 34 273 7
a 35 79 2
a 35 279 4
a 36 178 3
a 36 242 7
a 37 16 4
a 37 243 3
a 37 257 4
a 38 162 3
a 38 260 2
a 39 14 1
a 39 91 10
a 39 215 4
a 39 268 10
a 40 71 1
a 40 297 6
a 41 216 6
a 42 72 7
a 43 144 4
a 44 255 6
a 45 17 6
a 46 63 9
a 46 107 2
a 46 191 7
a 47 96 9
a 47 106 1
a 47 256 7
a 48 87 4
a 48 237 5
a 49 17 8
a 49 28 1
a 50 114 8
a 50 254 3
a 51 113 10
a 51 123 4
a 51 197 8
a 52 289 2
a 53 89 2
a 53 117 6
a 53 251 9
a 54 248 6
a 55 34 5
a 55 144 10
a 55 263 3
a 56 39 1
a 56 204 3
a 57 148 3
a 57 260 1
a 58 42 8
a 58 61 3
a 58 215 1
a 58 278 9
a 59 40 5
a 60 48 5
a 60 119 10
a 60 159 7
a 60 164 5
a 61 35 2
a 61 169 10
a 61 283 5
a 62 104 10
a 63 139 10
a 63 248 2
a 64 252 1
a 65 92 9
a 65 151 1
a 66 253 6
a 67 130 9
a 67 159 8
a 67 213 1
a 67 226 6
a 67 244 4
a 68 238 7
a 69 14 8
a 69 155 4
a 69 250 1
a 70 204 5
a 71 76 5
a 71 245 3
a 72 193 5
a 73 103 7
a 74 45 4
a 74 170 3
a 75 84 2
a 76 52 2
a 76 268 8
a 76 288 6
a 77 233 6
a 77 296 8
a 78 79 9
a 79 186 3
a 80 53 10
a 80 113 9
a 80 136 7
a 81 296 6
a 82 134 2
a 82 154 5
a 82 184 4
a 83 87 5
a 84 289 5
a 85 239 2
a 85 278 4
a 85 281 3
a 86 47 4
a 86 261 5
a 87 239 10
a 87 257 2
a 87 284 8
a 88 15 4
a 88 110 5
a 88 202 7
a 88 289 5
a 89 141 9
a 89 282 3
a 90 82 3
a 90 197 9
a 91 233 6
a 92 108 5
a 92 231 4
a 93 31 3
a 93 106 10
a 93 210 10
a 94 166 8
a 94 287 10
a 95 140 10
a 96 300 9
a 97 44 7
a 97 122 8
a 98 148 7
a 98 200 5
a 99 127 10
a 99 252 3
a 100 52 9
a 100 274 9
a 101 205 7
a 102 114 9
a 102 238 5
a 103 8 7
a 104 237 2
a 104 238 1
a 105 36 6
a 105 208 9
a 106 107 8
a 106 115 9
a 107 165 6
a 108 33 5
a 109 36 2
a 109 221 2
a 109 236 3
a 110 79 1
a 111 64 6
a 111 255 5
a 111 279 3
a 112 6 10
a 112 81 6
a 112 109 5
a 112 280 2
a 113 119 4
a 113 209 8
a 114 286 10
a 115 128 10
a 115 195 5
a 116 247 2
a 117 94 9
a 117 116 4
a 117 216 8
a 117 277 3
a 118 44 2
a 119 49 9
a 119 246 7
a 120 93 5
a 120 187 9
a 121 141 5
a 122 9 8
a 122 190 9
a 122 227 8
a 123 186 3
a 124 89 9
a 125 138 8
a 125 208 1
a 126 275 6
a 127 10 2
a 127 73 8
a 128 230 5
a 128 281 5
a 129 196 5
a 130 39 7
a 130 40 3
a 130 47 7
a 130 149 8
a 131 196 8
a 131 249 5
a 132 194 2
a 133 67 5
a 133 202 1
a 133 234 2
a 134 5 8
a 135 26 9
a 135 107 7
a 135 124 10
a 136 87 10
a 137 140 8
a 137 295 8
a 138 170 5
a 139 176 2
a 140 102 2
a 141 7 2
a 141 120 5
a 142 93 4
a 142 181 9
a 142 219 4
a 143 19 3
a 144 48 6
a 144 291 10
a 145 257 7
a 146 138 8
a 147 118 6
a 147 192 10
a 148 32 6
a 148 41 10
a 148 153 7
a 148 190 8
a 148 254 7
a 149 251 5
a 150 27 5
a 151 79 6
a 151 102 2
a 151 269 8
a 152 133 7
a 152 258 3
a 153 65 7
a 153 228 1
a 153 264 9
a 154 35 7
a 154 49 5
a 154 142 8
a 154 166 7
a 154 173 3
a 154 290 3
a 155 46 3
a 155 173 5
a 156 111 2
a 156 265 6
a 157 29 4
a 158 54 9
a 158 208 6
a 159 99 8
a 159 146 3
a 159 201 5
a 160 27 6
a 160 145 8
a 160 231 2
a 161 7 5
a 161 64 10
a 162 193 10
a 162 272 8
a 163 97 2
a 163 162 6
a 164 154 4
a 165 189 10
a 165 277 9
a 166 184 1
a 167 21 9
a 167 62 2
a 168 260 5
a 169 88 4
a 169 125 9
a 169 199 7
a 169 240 4
a 170 188 1
a 170 253 8
a 171 184 4
a 171 209 9
a 172 3 4
a 173 240 10
a 174 194 1
a 175 271 3
a 176 59 6
a 176 78 5
a 177 122 6
a 177 211 1
a 178 129 9
a 179 190 8
a 180 48 3
a 180 223 9
a 181 151 2
a 182 104 7
a 183 83 10
a 183 146 7
a 183 264 8
a 184 70 4
a 184 86 2
a 184 132 3
a 184 194 10
a 185 153 3
a 185 212 2
a 186 152 6
a 186 267 9
a 186 294 7
a 187 122 1
a 187 194 1
a 187 296 2
a 188 246 2
a 188 279 6
a 189 130 6
a 190 281 6
a 191 273 5
a 192 146 7
a 193 210 1
a 194 118 5
a 194 128 2
a 194 209 5
a 194 235 6
a 194 262 4
a 195 140 1
a 195 147 10
a 195 203 6
a 196 3 10
a 196 57 9
a 196 214 1
a 196 257 10
a 197 138 5
a 198 76 8
a 198 135 10
a 198 165 6
a 199 166 4
a 200 147 1
a 200 165 4
a 201 158 5
a 201 172 2
a 202 23 7
a 202 156 7
a 203 122 4
a 204 279 4
a 205 228 4
a 206 120 1
a 207 90 4
a 207 233 6
a 208 91 1
a 208 292 10
a 209 51 7
a 209 60 4
a 209 104 5
a 209 211 8
a 210 74 6
a 210 298 9
a 211 28 10
a 211 218 3
a 212 223 5
a 212 232 4
a 212 295 7
a 213 38 1
a 213 107 10
a 213 132 4
a 213 171 8
a 214 126 3
a 215 149 4
a 216 174 2
a 217 17 10
a 217 75 7
a 218 19 5
a 218 173 1
a 218 222 5
a 219 158 3
a 219 216 7
a 219 293 8
a 220 68 4
a 221 35 4
a 221 196 9
a 222 220 2
a 223 129 7
a 223 193 8
a 223 198 9
a 224 54 9
a 224 59 8
a 224 286 8
a 225 36 6
a 225 252 4
a 226 139 3
a 226 243 9
a 227 99 7
a 227 112 5
a 227 299 8
a 228 182 9
a 228 278 6
a 229 212 1
a 230 29 9
a 230 104 5
a 230 157 1
a 230 180 6
a 231 271 8
a 232 262 5
a 233 131 1
a 233 218 3
a 234 14 9
a 235 157 9
a 236 12 10
a 237 20 5
a 237 149 7
a 237 167 4
a 238 77 7
a 238 219 8
a 239 66 6
a 239 68 3
a 239 71 9
a 240 249 6
a 241 24 2
a 241 163 10
a 241 229 6
a 241 300 3
a 242 35 10
a 243 101 5
a 243 113 7
a 243 152 8
a 243 298 1
a 244 100 6
a 244 237 5
a 245 285 9
a 245 299 5
a 246 4 8
a 246 137 1
a 246 229 10
a 246 234 9
a 246 300 10
a 247 13 3
a 247 135 8
a 248 143 5
a 248 229 9
a 249 31 8
a 249 34 2
a 249 139 3
a 250 132 4
a 250 205 7
a 251 176 6
a 251 216 4
a 252 109 3
a 252 174 6
a 253 151 9
a 254 95 4
a 254 103 8
a 254 183 4
a 255 277 2
a 256 110 2
a 257 67 8
a 258 55 6
a 258 212 4
a 258 288 10
a 259 178 10
a 260 30 4
a 260 285 10
a 261 151 7
a 262 124 9
a 262 258 1
a 263 25 2
a 263 43 3
a 264 7 5
a 264 25 6
a 264 28 10
a 264 141 8
a 265 43 4
a 266 58 6
a 266 91 10
a 267 44 5
a 268 45 10
a 268 143 10
a 268 263 5
a 269 55 9
a 270 138 7
a 270 267 5
a 271 122 1
a 271 207 1
a 271 236 5
a 272 145 9
a 272 290 3
a 273 38 7
a 274 8 5
a 274 213 7
a 275 11 6
a 275 17 2
a 275 133 7
a 275 175 7
a 275 247 5
a 276 18 3
a 276 66 2
a 276 114 4
a 276 247 6
a 277 5 1
a 277 101 5
a 278 257 1
a 279 140 4
a 280 61 4
a 280 276 2
a 281 129 7
a 282 33 7
a 282 69 6
a 282 172 7
a 282 225 5
a 282 228 5
a 283 260 5
a 284 21 9
a 284 295 8
a 285 121 8
a 285 263 3
a 286 57 8
a 286 93 2
a 287 139 4
a 288 2 7
a 288 174 5
a 288 220 8
a 289 50 1
a 289 265 2
a 290 37 6
a 290 98 3
a 290 275 5
a 291 122 8
a 292 188 4
a 292 206 1
a 293 84 3
a 293 150 8
a 294 181 7
a 294 241 3
a 295 186 8
a 295 206 2
a 296 10 7
a 296 293 9
a 297 50 8
a 297 156 4
a 297 178 6
a 297 191 1
a 297 199 9
a 298 55 8
a 299 152 9
