p max 300 600
n 1 s
n 300 t
a 1 8 7
a 1 125 9
a 1 167 4
a 2 57 3
a 3 120 5
a 3 293 1
a 4 221 6
a 5 47 1
a 5 154 10
a 5 215 6
a 5 249 2
a 6 65 1
a 6 300 3
a 7 25 5
a 7 196 4
a 8 13 6
a 8 20 7
a 9 73 4
a 9 244 3
a 10 135 9
a 10 205 2
a 11 108 7
a 11 296 1
a 12 28 6
a 12 172 3
a 12 200 2
a 13 129 10
a 14 75 6
a 14 196 9
a 14 198 7
a 15 70 9
a 16 173 7
a 16 225 2
a 17 7 6
a 17 166 10
a 18 9 10
a 18 109 6
a 18 130 3
a 19 24 1
a 19 37 5
a 19 111 4
a 19 187 3
a 20 46 5
a 20 275 2
a 21 69 10
a 21 96 10
a 22 52 3
a 22 212 9
a 22 227 7
a 23 39 7
a 24 2 10
a 24 130 9
a 24 150 1
a 25 76 4
a 25 129 6
a 25 219 9
a 26 17 10
a 27 112 3
a 28 161 9
a 29 67 7
a 30 244 4
a 31 239 10
a 32 77 6
a 32 89 7
a 33 52 9
a 33 164 2
a 33 183 7
a 34 83 1
a 34 253 4
a 34 287 1
a 35 12 5
a 35 300 9
a 36 136 8
a 37 18 1
a 38 106 7
a 38 189 4
a 39 275 5
a 39 288 2
a 40 44 8
a 40 45 6
a 40 116 8
a 41 28 4
a 41 171 8
a 41 197 9
a 42 118 8
a 43 232 3
a 43 243 8
a 43 256 7
a 44 30 1
a 44 231 8
a 45 9 5
a 46 98 4
a 46 245 7
a 47 77 8
a 47 154 1
a 48 187 4
a 49 202 2
a 49 298 7
a 50 59 4
a 50 83 9
a 50 131 3
a 51 120 4
a 51 208 7
a 52 254 10
a 53 22 4
a 54 238 4
a 54 269 4
a 55 176 7
a 55 184 2
a 56 251 10
a 56 291 8
a 57 91 1
a 58 146 2
a 58 250 1
a 58 264 9
a 58 268 6
a 59 160 6
a 59 267 8
a 60 254 4
a 60 281 7
a 61 29 5
a 61 122 6
a 62 21 6
a 62 159 7
a 63 54 1
a 63 258 1
a 64 5 5
a 64 150 4
a 64 199 8
a 65 114 1
a 65 125 4
a 65 142 2
a 65 272 9
a 66 216 9
a 67 17 2
a 67 278 3
a 68 97 6
a 68 110 3
a 69 278 5
a 70 177 1
a 70 194 6
a 70 248 6
a 71 171 3
a 71 270 5
a 72 52 9
a 73 136 8
a 73 153 6
a 74 15 3
a 74 30 2
a 75 161 10
a 75 276 6
a 75 297 1
a 76 174 9
a 76 234 1
a 76 263 4
a 77 78 1
a 77 162 1
a 78 53 10
a 79 83 3
a 80 228 1
a 81 98 6
a 81 242 6
a 82 32 1
a 82 247 2
a 82 278 3
a 83 56 7
a 83 129 2
a 83 149 10
a 84 206 2
a 85 24 1
a 85 208 7
a 86 31 1
a 87 282 4
a 88 143 7
a 89 98 2
a 89 115 4
a 89 192 4
a 90 17 6
a 90 144 5
a 91 11 4
a 91 46 10
a 91 113 8
a 91 288 3
a 92 118 9
a 93 163 7
a 94 169 10
a 95 271 8
a 95 285 5
a 96 287 7
a 97 211 7
a 98 212 4
a 99 153 9
a 99 255 4
a 100 138 4
a 100 273 8
a 101 272 10
a 102 153 4
a 103 151 8
a 103 239 10
a 104 47 10
a 104 152 4
a 105 177 6
a 106 174 1
a 106 246 4
a 107 72 2
a 108 18 6
a 108 201 9
a 109 26 4
a 109 62 2
a 110 226 8
a 111 43 5
a 111 178 7
a 112 71 3
a 113 196 5
a 113 240 6
a 113 299 4
a 114 113 4
a 115 192 2
a 116 47 5
a 116 169 9
a 116 194 7
a 116 260 5
a 117 218 7
a 117 269 10
a 118 206 1
a 119 226 1
a 119 238 1
a 120 96 9
a 121 143 7
a 122 132 9
a 123 185 1
a 123 260 5
a 124 160 6
a 124 282 9
a 125 61 2
a 125 155 2
a 125 163 2
a 125 265 5
a 126 121 2
a 126 124 1
a 126 129 4
a 127 198 8
a 128 64 7
a 128 72 10
a 128 140 3
a 128 221 8
a 129 53 6
a 129 62 9
a 129 84 7
a 130 13 4
a 131 254 3
a 132 128 4
a 133 40 4
a 133 168 8
a 134 145 7
a 134 164 5
a 135 5 8
a 135 134 8
a 135 141 8
a 135 229 4
a 136 39 8
a 136 54 2
a 136 93 8
a 136 133 6
a 137 79 5
a 137 276 4
a 138 74 3
a 138 179 3
a 138 262 3
a 138 285 3
a 139 240 4
a 139 276 6
a 140 237 1
a 141 254 8
a 142 132 1
a 143 227 4
a 144 22 10
a 144 291 9
a 145 102 2
a 145 143 4
a 145 207 3
a 146 155 5
a 147 40 5
a 147 84 6
a 148 182 1
a 148 189 4
a 149 128 5
a 149 227 2
a 149 295 1
a 150 226 5
a 151 258 1
a 152 169 5
a 153 257 10
a 153 295 7
a 154 63 4
a 154 279 4
a 155 18 1
a 155 27 7
a 155 89 9
a 155 246 10
a 156 210 8
a 156 254 9
a 156 266 10
a 157 38 7
a 157 69 5
a 157 143 4
a 157 263 10
a 158 147 2
a 158 295 10
a 159 29 3
a 159 236 2
a 159 253 4
a 160 127 3
a 160 183 9
a 161 66 2
a 161 90 7
a 161 220 2
a 161 252 10
a 162 5 7
a 163 61 8
a 163 244 2
a 164 19 2
a 164 156 5
a 164 170 6
a 165 60 6
a 165 87 6
a 165 210 6
a 166 57 9
a 166 94 8
a 167 180 3
a 168 61 9
a 169 54 10
a 170 24 2
a 170 51 10
a 170 123 3
a 170 237 8
a 171 36 8
a 172 14 6
a 172 35 6
a 173 143 6
a 173 234 4
a 174 163 3
a 175 6 6
a 176 157 7
a 177 123 6
a 177 142 10
a 177 233 5
a 178 7 7
a 178 62 3
a 179 11 10
a 179 156 6
a 179 209 8
a 180 87 3
a 181 28 8
a 181 165 5
a 182 153 1
a 182 191 3
a 183 184 2
a 184 100 6
a 184 118 5
a 184 216 4
a 185 236 7
a 185 286 9
a 186 109 2
a 186 110 4
a 186 281 9
a 187 31 9
a 187 89 5
a 188 90 5
a 188 208 6
a 188 277 8
a 189 151 5
a 189 266 4
a 190 56 7
a 191 52 3
a 191 80 5
a 191 135 7
a 192 121 2
a 192 222 6
a 193 20 7
a 194 77 7
a 195 27 10
a 196 231 3
a 197 201 9
a 198 19 4
a 198 231 10
a 199 31 9
a 199 84 10
a 199 147 7
a 200 34 8
a 200 49 4
a 200 196 3
a 200 283 4
a 201 78 10
a 202 22 1
a 202 33 1
a 202 154 4
a 203 176 7
a 203 214 6
a 204 98 1
a 204 218 1
a 205 78 7
a 206 225 6
a 206 283 5
a 207 218 7
a 208 32 9
a 208 280 8
a 209 108 5
a 209 119 5
a 209 289 7
a 210 54 10
a 210 82 1
a 211 81 6
a 211 274 7
a 212 55 7
a 212 151 9
a 213 276 7
a 214 68 5
a 215 120 4
a 216 140 7
a 216 206 9
a 216 211 1
a 217 99 9
a 217 119 9
a 217 156 9
a 217 160 1
a 218 108 3
a 218 230 10
a 218 284 8
a 218 294 5
a 219 214 1
a 220 180 5
a 221 113 3
a 222 120 5
a 222 135 7
a 222 213 8
a 223 63 2
a 223 94 3
a 223 195 7
a 224 3 5
a 224 103 7
a 224 164 10
a 225 10 3
a 225 17 9
a 225 58 5
a 225 211 2
a 226 86 5
a 226 280 7
a 227 91 3
a 227 105 4
a 227 137 5
a 227 212 1
a 228 16 10
a 228 104 6
a 228 120 6
a 228 132 3
a 229 85 10
a 229 137 7
a 229 167 5
a 230 124 10
a 230 151 8
a 230 178 8
a 231 124 9
a 231 202 5
a 231 203 9
a 231 259 10
a 232 126 10
a 232 186 9
a 233 54 2
a 233 285 7
a 234 19 9
a 235 97 9
a 236 49 4
a 237 224 10
a 237 259 8
a 238 101 4
a 238 158 2
a 238 163 7
a 239 85 1
a 240 13 8
a 240 189 8
a 240 191 9
a 241 21 8
a 241 38 3
a 241 41 1
a 241 138 4
a 241 204 7
a 242 238 3
a 243 131 9
a 243 186 4
a 244 42 9
a 244 121 1
a 244 184 5
a 244 276 5
a 245 143 8
a 246 228 1
a 246 256 10
a 247 199 7
a 248 7 6
a 248 175 7
a 248 188 1
a 248 292 3
a 249 116 7
a 249 148 4
a 249 188 6
a 250 82 1
a 250 243 7
a 251 42 7
a 252 14 1
a 252 88 6
a 252 203 9
a 253 11 7
a 253 274 4
a 254 67 9
a 254 107 3
a 254 235 10
a 255 123 2
a 255 147 8
a 256 92 4
a 257 18 7
a 258 50 7
a 258 70 1
a 258 139 9
a 258 239 2
a 259 14 5
a 259 23 4
a 259 100 6
a 260 113 9
a 260 138 4
a 261 63 6
a 262 115 6
a 263 41 2
a 264 4 6
a 264 199 2
a 264 270 4
a 265 68 10
a 265 218 10
a 266 17 8
a 266 157 9
a 267 237 6
a 268 177 5
a 268 181 1
a 269 167 10
a 269 290 6
a 270 53 9
a 270 235 7
a 271 13 10
a 272 2 8
a 273 143 4
a 274 217 9
a 274 293 10
a 275 223 9
a 275 266 9
a 276 39 10
a 276 151 3
a 277 16 10
a 277 241 9
a 278 131 5
a 278 263 6
a 279 95 2
a 280 36 9
a 280 205 10
a 281 78 7
a 281 284 6
a 282 71 5
a 283 95 4
a 283 117 2
a 283 203 6
a 284 35 2
a 284 185 6
a 285 30 4
a 286 63 9
a 286 189 1
a 287 73 7
a 288 97 3
a 289 171 7
a 290 23 8
a 290 261 10
a 291 47 7
a 291 61 10
a 291 71 2
a 291 180 6
a 291 193 3
a 292 6 5
a 292 91 9
a 292 92 6
a 292 190 1
a 293 151 9
a 294 219 9
a 295 12 9
a 295 202 1
a 296 37 5
a 297 91 3
a 297 112 5
a 297 242 8
a 298 265 5
a 298 300 1
a 299 48 6
a 299 64 5
a 299 219 6
