p max 300 600
n 1 s
n 300 t
a 1 203 3
a 2 28 10
a 2 59 4
a 2 185 4
a 2 229 1
a 2 280 10
a 3 176 10
a 4 73 1
a 4 193 3
a 4 211 1
a 4 251 1
a 5 165 3
a 5 199 2
a 6 158 8
a 7 87 7
a 8 97 8
a 8 127 1
a 8 272 7
a 9 164 6
a 10 191 1
a 10 223 8
a 10 249 2
a 11 28 10
a 11 218 3
a 12 163 8
a 13 22 6
a 13 226 6
a 14 24 9
a 14 80 8
a 14 90 4
a 15 35 9
a 15 46 10
a 16 298 2
a 17 14 4
a 17 255 2
a 17 286 3
a 18 2 8
a 18 101 10
a 18 234 10
a 18 278 2
a 19 100 3
a 19 125 8
a 20 132 9
a 20 141 9
a 20 222 8
a 21 57 2
a 22 207 8
a 23 3 7
a 24 33 2
a 24 36 3
a 24 137 8
a 24 255 4
a 25 79 3
a 25 89 7
a 26 16 1
a 26 70 10
a 27 91 3
a 27 106 1
a 27 179 9
a 28 211 7
a 29 10 5
a 29 135 4
a 30 22 9
a 31 115 10
a 32 181 4
a 33 111 9
a 34 37 9
a 35 154 8
a 36 80 2
a 37 3 10
a 37 43 9
a 37 174 3
a 38 272 10
a 39 113 1
a 39 257 1
a 40 21 9
a 40 116 6
a 40 188 5
a 41 64 4
a 41 288 7
a 42 154 6
a 42 214 7
a 42 232 1
a 42 257 3
a 43 23 7
a 43 283 2
a 44 11 9
a 44 50 10
a 44 78 4
a 45 25 3
a 45 46 8
a 46 266 10
a 47 120 10
a 47 171 4
a 47 295 9
a 48 140 7
a 48 243 3
a 48 263 7
a 49 141 4
a 49 269 6
a 50 114 2
a 51 171 3
a 51 240 7
a 51 285 4
a 52 216 6
a 53 126 10
a 53 243 9
a 53 290 8
a 54 2 7
a 54 58 6
a 55 166 8
a 55 265 10
a 55 275 8
a 56 251 5
a 57 74 3
a 57 172 3
a 58 265 8
a 59 17 4
a 59 147 2
a 59 227 7
a 60 110 3
a 60 201 8
a 60 292 10
a 61 110 6
a 61 191 8
a 62 165 9
a 62 180 8
a 62 239 3
a 63 73 4
a 63 256 1
a 63 262 3
a 64 216 1
a 65 48 7
a 65 274 1
a 66 127 3
a 66 132 5
a 67 189 10
a 67 194 4
a 68 80 8
a 68 258 5
a 68 273 10
a 69 117 7
a 69 271 7
a 69 276 4
a 70 256 1
a 71 45 7
a 71 202 3
a 72 115 9
a 72 130 3
a 73 118 5
a 74 76 2
a 74 220 2
a 75 31 1
a 75 61 3
a 75 207 10
a 75 248 6
a 76 70 2
a 76 107 7
a 77 8 2
a 78 85 2
a 78 146 8
a 79 135 5
a 80 201 2
a 81 37 5
a 81 51 7
a 81 67 10
a 81 84 10
a 82 144 3
a 83 109 4
a 83 224 4
a 84 95 4
a 84 129 8
a 84 245 3
a 84 246 9
a 84 284 1
a 85 197 7
a 85 293 2
a 86 5 7
a 86 249 8
a 87 139 6
a 87 145 4
a 88 24 1
a 88 71 5
a 89 104 6
a 89 141 1
a 90 271 5
a 90 279 4
a 91 118 2
a 91 168 6
a 92 187 10
a 92 279 1
a 93 121 4
a 93 123 10
a 93 205 9
a 94 136 5
a 94 231 1
a 95 141 5
a 96 83 5
a 97 72 6
a 97 196 8
a 98 236 2
a 99 44 2
a 99 259 10
a 100 164 9
a 100 278 1
a 101 178 2
a 101 190 5
a 102 56 10
a 102 247 3
a 102 297 7
a 103 71 5
a 103 157 10
a 104 26 8
a 104 124 4
a 104 198 7
a 105 26 5
a 105 245 9
a 106 136 10
a 106 182 1
a 107 104 7
a 107 159 3
a 108 30 10
a 108 66 8
a 108 172 7
a 109 16 4
a 109 192 10
a 109 287 3
a 110 268 1
a 111 274 4
a 112 189 3
a 112 248 6
a 112 252 6
a 113 268 4
a 114 13 7
a 114 26 8
a 114 233 6
a 115 172 10
a 116 261 3
a 117 178 9
a 118 240 2
a 118 264 8
a 119 39 7
a 119 115 10
a 120 258 10
a 121 184 4
a 121 193 8
a 122 118 10
a 122 250 5
a 123 7 4
a 124 183 3
a 124 289 5
a 125 22 3
a 125 48 2
a 125 68 1
a 125 213 3
a 125 215 3
a 126 37 8
a 126 291 8
a 127 76 9
a 128 34 3
a 128 37 3
a 128 170 1
a 129 185 7
a 130 14 9
a 131 125 10
a 131 179 10
a 131 217 1
a 132 30 2
a 132 299 8
a 133 182 3
a 134 104 7
a 135 133 5
a 136 86 1
a 136 220 6
a 137 159 10
a 138 126 2
a 138 181 3
a 139 287 9
a 140 147 6
a 140 169 5
a 141 115 7
a 141 216 2
a 142 180 5
a 143 237 2
a 144 287 8
a 145 203 5
a 145 228 6
a 146 152 8
a 147 287 10
a 148 222 7
a 149 66 4
a 150 8 3
a 150 130 7
a 150 232 10
a 150 283 2
a 151 94 10
a 152 81 2
a 152 211 9
a 152 236 8
a 153 21 3
a 154 79 5
a 154 135 7
a 154 282 3
a 155 29 10
a 155 299 4
a 156 236 2
a 157 21 3
a 157 126 4
a 157 148 6
a 158 224 4
a 159 54 5
a 159 142 4
a 159 148 8
a 159 162 7
a 159 195 4
a 159 249 10
a 159 296 10
a 160 149 3
a 160 177 5
a 161 175 3
a 161 187 9
a 162 280 10
a 163 175 1
a 164 70 5
a 164 128 5
a 164 169 5
a 165 67 1
a 165 152 1
a 165 205 5
a 165 267 8
a 166 15 5
a 166 222 5
a 167 52 8
a 167 216 6
a 168 22 7
a 168 198 10
a 169 270 7
a 170 217 9
a 171 25 4
a 171 209 3
a 172 47 10
a 172 230 2
a 173 216 6
a 174 56 9
a 174 133 8
a 174 140 5
a 174 281 1
a 175 49 6
a 175 109 4
a 175 224 5
a 175 238 4
a 176 15 9
a 177 270 5
a 178 115 5
a 178 221 7
a 178 261 10
a 179 14 8
a 180 80 10
a 180 92 5
a 181 86 7
a 181 119 10
a 181 202 8
a 182 231 6
a 183 45 8
a 183 179 4
a 184 142 10
a 184 276 1
a 184 294 8
a 184 298 6
a 185 62 3
a 185 135 1
a 185 136 6
a 186 16 8
a 186 32 9
a 186 124 1
a 187 201 7
a 188 3 1
a 188 103 6
a 188 112 9
a 188 180 4
a 189 42 8
a 189 254 8
a 190 36 8
a 190 71 1
a 190 134 4
a 190 195 9
a 191 35 8
a 191 102 7
a 192 9 2
a 192 77 4
a 192 114 1
a 192 204 6
a 193 158 3
a 193 273 6
a 194 73 2
a 195 19 10
a 195 199 7
a 196 45 4
a 196 293 9
a 197 226 3
a 198 138 9
a 198 281 6
a 199 62 6
a 199 99 5
a 200 113 1
a 200 228 2
a 201 65 10
a 201 159 1
a 202 209 1
a 203 2 2
a 203 149 6
a 203 242 3
a 204 87 9
a 205 12 3
a 206 53 7
a 206 89 6
a 206 253 4
a 207 61 4
a 207 63 10
a 208 169 1
a 208 190 3
a 209 60 3
a 209 108 3
a 209 156 2
a 210 93 2
a 210 206 9
a 211 71 8
a 211 83 8
a 212 237 4
a 213 81 7
a 213 151 10
a 214 275 5
a 215 200 9
a 216 208 4
a 216 281 2
a 217 234 3
a 217 258 1
a 218 34 2
a 219 19 3
a 219 150 2
a 220 48 10
a 220 116 8
a 220 300 8
a 221 59 4
a 221 77 4
a 221 78 1
a 222 44 4
a 222 212 2
a 223 110 7
a 223 122 4
a 224 44 5
a 224 75 3
a 225 195 10
a 226 297 1
a 227 271 6
a 228 41 5
a 228 244 8
a 229 67 4
a 229 275 3
a 230 18 7
a 230 227 4
a 231 76 9
a 232 66 2
a 232 206 2
a 233 104 2
a 234 199 2
a 235 69 5
a 236 82 10
a 236 284 3
a 237 186 5
a 237 238 10
a 238 167 9
a 239 187 5
a 240 11 7
a 241 42 3
a 241 121 3
a 241 168 5
a 241 230 3
a 242 228 8
a 243 74 9
a 243 143 3
a 243 255 10
a 243 266 10
a 243 300 8
a 244 81 3
a 244 120 2
a 245 63 4
a 246 167 10
a 246 267 8
a 247 145 1
a 248 146 5
a 248 150 4
a 249 44 10
a 250 13 3
a 251 163 2
a 251 291 10
a 252 7 9
a 252 59 2
a 252 87 3
a 252 100 5
a 252 200 7
a 253 295 8
a 254 72 10
a 254 145 10
a 255 6 10
a 256 44 9
a 256 55 1
a 256 161 6
a 257 82 2
a 257 219 2
a 257 288 5
a 258 225 8
a 259 20 7
a 259 27 8
a 259 37 5
a 259 270 3
a 260 106 5
a 260 257 2
a 261 176 10
a 261 259 4
a 262 209 5
a 262 293 9
a 263 171 2
a 264 111 7
a 264 242 8
a 264 262 1
a 265 134 2
a 265 155 6
a 266 220 7
a 267 111 8
a 268 196 6
a 268 202 6
a 269 69 1
a 269 77 9
a 269 92 6
a 269 277 9
a 270 94 7
a 270 226 2
a 271 153 8
a 271 203 4
a 272 44 2
a 272 83 3
a 272 159 8
a 273 63 1
a 273 173 7
a 274 147 4
a 275 4 2
a 275 12 2
a 275 101 8
a 275 260 6
a 276 57 7
a 276 78 7
a 276 105 10
a 277 24 7
a 277 179 7
a 278 6 4
a 278 89 1
a 278 113 6
a 278 144 1
a 279 289 8
a 279 297 4
a 280 38 10
a 280 189 8
a 281 235 5
a 281 270 6
a 282 131 3
a 282 156 9
a 283 64 5
a 283 268 5
a 284 135 5
a 285 135 2
a 285 168 4
a 285 225 2
a 286 31 6
a 286 137 6
a 287 220 3
a 288 17 7
a 288 230 6
a 289 31 8
a 289 88 8
a 289 237 5
a 289 239 10
a 290 203 5
a 291 211 5
a 292 98 2
a 292 115 8
a 293 277 1
a 294 27 8
a 295 96 6
a 295 127 1
a 296 182 10
a 297 156 3
a 297 210 2
a 297 241 9
a 297 244 8
a 297 281 10
a 298 74 2
a 299 40 7
a 299 160 3
a 299 237 5
