p max 300 600
n 1 s
n 300 t
a 1 106 7
a 2 93 1
a 2 161 5
a 2 197 1
a 3 73 8
a 3 137 8
a 3 179 7
a 4 81 9
a 4 185 9
a 4 216 5
a 4 289 3
a 5 120 6
a 5 198 8
a 5 275 7
a 6 23 4
a 6 97 5
a 6 195 10
a 7 71 6
a 8 37 7
a 9 150 9
a 9 219 2
a 9 222 10
a 10 265 8
a 11 71 4
a 11 160 1
a 12 182 4
a 13 29 6
a 13 289 8
a 14 73 6
a 14 117 1
a 15 219 2
a 16 295 3
a 17 45 4
a 17 157 3
a 17 270 5
a 18 192 9
a 19 22 3
a 20 35 5
a 20 260 2
a 21 174 8
a 22 5 10
a 22 25 4
a 22 65 7
a 23 179 1
a 23 298 4
a 24 28 10
a 25 27 4
a 25 109 1
a 25 274 1
a 26 169 1
a 26 209 3
a 27 86 7
a 27 100 9
a 27 137 2
a 28 27 1
a 29 30 4
a 29 209 7
a 29 212 1
a 29 244 7
a 30 17 5
a 30 20 9
a 30 132 9
a 31 129 2
a 31 176 6
a 31 239 3
a 32 171 5
a 32 226 9
a 33 74 10
a 33 192 1
a 34 250 4
a 34 269 1
a 35 275 3
a 36 168 5
a 37 21 5
a 38 48 3
a 38 50 6
a 39 52 6
a 39 73 3
a 39 249 3
a 40 3 1
a 40 147 6
a 40 227 10
a 41 97 4
a 41 164 5
a 41 202 3
a 42 141 9
a 42 152 4
a 43 125 8
a 44 244 4
a 44 299 8
a 45 43 7
a 45 191 8
a 46 239 8
a 47 54 3
a 48 9 5
a 49 289 3
a 50 226 6
a 51 25 10
a 51 43 1
a 51 215 2
a 52 17 9
a 53 43 1
a 53 239 3
a 54 61 1
a 54 273 5
a 55 4 6
a 55 66 2
a 56 238 9
a 57 166 2
a 57 204 7
a 57 237 10
a 57 265 3
a 57 277 10
a 58 12 10
a 58 51 2
a 58 134 8
a 58 189 10
a 59 39 1
a 59 125 2
a 59 189 4
a 60 120 10
a 60 259 3
a 61 75 6
a 61 180 2
a 62 183 5
a 62 261 4
a 62 287 7
a 63 128 4
a 63 132 8
a 64 96 8
a 64 114 2
a 64 227 3
a 65 123 8
a 66 168 10
a 67 140 3
a 67 175 8
a 68 237 6
a 69 196 6
a 70 63 6
a 70 148 10
a 70 192 9
a 71 237 4
a 72 126 8
a 72 173 9
a 72 207 4
a 72 213 4
a 73 275 3
a 74 13 2
a 74 242 3
a 75 27 6
a 75 263 9
a 76 177 9
a 76 248 7
a 77 35 6
a 77 151 7
a 77 249 3
a 78 10 3
a 78 179 3
a 79 123 5
a 79 224 5
a 79 254 9
a 80 47 1
a 80 174 5
a 80 300 9
a 81 118 2
a 81 124 7
a 82 89 1
a 83 246 5
a 84 102 4
a 85 172 9
a 85 174 10
a 86 67 10
a 86 294 8
a 87 59 5
a 88 56 1
a 88 138 2
a 89 148 6
a 89 203 4
a 90 7 1
a 90 175 3
a 90 288 1
a 91 78 2
a 91 203 6
a 91 280 1
a 91 300 5
a 92 115 1
a 92 270 10
a 93 15 6
a 93 31 7
a 93 110 6
a 94 276 2
a 95 113 5
a 95 230 2
a 95 292 7
a 96 71 6
a 96 99 9
a 96 131 8
a 97 96 2
a 97 187 2
a 98 53 1
a 98 158 6
a 99 171 1
a 99 201 6
a 100 150 9
a 101 19 10
a 101 208 6
a 102 285 9
a 103 26 5
a 103 217 3
a 103 240 7
a 104 129 9
a 105 44 6
a 105 120 10
a 106 78 9
a 107 127 7
a 107 276 9
a 108 139 9
a 108 221 1
a 108 291 7
a 109 20 1
a 109 21 6
a 109 120 1
a 110 217 8
a 111 127 2
a 112 14 7
a 112 62 5
a 112 281 6
a 113 224 3
a 114 92 9
a 114 263 3
a 115 60 4
a 115 87 2
a 116 75 2
a 116 124 5
a 116 218 5
a 116 232 5
a 117 9 8
a 118 83 2
a 118 177 2
a 118 235 10
a 118 262 1
a 119 53 6
a 119 177 1
a 120 11 8
a 120 53 5
a 121 8 9
a 121 28 5
a 121 64 1
a 121 202 4
a 122 113 6
a 122 240 5
a 123 69 4
a 124 51 8
a 125 113 1
a 126 199 6
a 127 85 8
a 127 108 5
a 128 138 6
a 128 186 8
a 129 101 6
a 129 144 8
a 129 155 10
a 129 275 6
a 130 31 6
a 131 3 4
a 131 243 2
a 132 102 6
a 132 167 3
a 133 61 8
a 134 260 8
a 135 9 6
a 136 149 4
a 137 261 4
a 138 149 9
a 138 173 4
a 139 109 8
a 139 241 5
a 140 33 1
a 140 68 5
a 140 71 3
a 140 253 1
a 141 14 2
a 142 276 2
a 143 146 2
a 144 64 4
a 144 234 1
a 145 76 1
a 146 243 1
a 146 278 4
a 147 225 6
a 147 245 10
a 147 287 6
a 148 184 1
a 149 160 6
a 149 286 1
a 150 77 5
a 150 182 5
a 151 89 3
a 151 144 5
a 151 300 5
a 152 51 8
a 152 85 9
a 152 204 8
a 153 180 4
a 154 199 10
a 155 2 4
a 155 45 2
a 155 272 2
a 156 54 6
a 156 243 5
a 157 85 7
a 157 153 10
a 157 165 10
a 158 42 4
a 158 166 7
a 159 66 4
a 160 16 6
a 160 64 8
a 160 231 1
a 161 36 8
a 161 169 6
a 161 233 3
a 162 141 10
a 163 237 5
a 164 94 10
a 164 117 3
a 165 209 5
a 166 243 9
a 167 152 8
a 168 279 6
a 169 146 3
a 169 150 2
a 170 24 4
a 170 180 2
a 171 87 8
a 171 162 3
a 171 210 10
a 172 22 2
a 172 50 2
a 172 221 1
a 173 264 3
a 174 243 3
a 175 11 10
a 175 129 7
a 176 41 10
a 176 206 9
a 176 258 2
a 177 233 3
a 178 59 6
a 178 270 10
a 179 252 1
a 179 295 8
a 180 298 2
a 181 280 4
a 182 86 7
a 182 295 3
a 183 54 1
a 183 95 4
a 184 24 6
a 185 232 10
a 185 268 4
a 186 43 1
a 186 98 7
a 187 229 7
a 188 140 4
a 188 170 9
a 189 6 10
a 189 120 4
a 189 136 3
a 190 29 6
a 190 77 4
a 190 196 2
a 191 30 3
a 191 95 7
a 191 181 2
a 191 267 1
a 192 78 8
a 193 192 1
a 194 49 1
a 194 76 1
a 194 77 9
a 194 106 3
a 194 269 2
a 194 282 8
a 195 4 7
a 195 57 4
a 196 238 2
a 196 264 8
a 197 124 3
a 197 200 6
a 198 51 10
a 199 156 9
a 200 91 6
a 200 121 6
a 200 140 10
a 200 157 2
a 201 89 5
a 201 194 9
a 202 24 9
a 203 130 5
a 203 236 5
a 204 53 8
a 204 55 6
a 205 61 4
a 205 135 3
a 205 172 6
a 206 116 3
a 206 194 7
a 206 216 4
a 206 257 6
a 207 132 6
a 208 242 2
a 209 13 2
a 209 58 10
a 209 169 1
a 209 296 1
a 210 9 3
a 210 203 4
a 211 168 5
a 211 248 7
a 211 279 6
a 212 229 4
a 213 106 10
a 213 228 8
a 214 106 4
a 215 50 10
a 215 90 4
a 215 122 10
a 215 163 5
a 216 152 10
a 216 264 6
a 217 173 5
a 218 94 7
a 219 55 9
a 220 257 3
a 221 262 5
a 222 90 5
a 223 290 2
a 224 84 8
a 224 190 9
a 224 215 9
a 224 240 5
a 225 107 10
a 225 130 1
a 226 118 6
a 227 44 3
a 227 256 6
a 228 100 7
a 229 219 8
a 230 146 9
a 231 20 9
a 231 166 5
a 231 247 6
a 232 148 2
a 233 194 2
a 234 14 1
a 234 62 10
a 234 127 4
a 235 46 8
a 235 84 2
a 236 111 1
a 236 154 1
a 236 282 7
a 237 47 5
a 237 211 1
a 238 18 9
a 238 63 8
a 238 135 4
a 238 223 4
a 238 263 5
a 239 80 7
a 239 107 3
a 239 236 3
a 240 116 2
a 241 65 6
a 242 281 3
a 243 68 9
a 243 224 9
a 243 297 4
a 244 115 4
a 244 159 10
a 244 197 6
a 245 4 3
a 245 24 7
a 246 143 9
a 246 178 8
a 246 179 10
a 246 274 5
a 247 122 10
a 247 258 2
a 248 51 1
a 248 177 10
a 249 167 9
a 249 293 2
a 250 119 9
a 250 253 9
a 250 271 8
a 251 42 7
a 251 181 4
a 252 145 10
a 252 165 3
a 253 35 8
a 253 37 2
a 253 72 5
a 253 251 1
a 253 290 4
a 254 109 7
a 254 261 6
a 255 228 10
a 255 293 2
a 256 89 5
a 256 112 10
a 256 294 7
a 257 104 4
a 258 69 10
a 258 162 8
a 258 195 6
a 258 283 8
a 259 261 3
a 260 63 3
a 261 34 9
a 261 223 7
a 261 297 1
a 262 238 8
a 262 288 7
a 263 78 5
a 263 193 3
a 264 83 2
a 264 104 5
a 264 220 6
a 265 85 4
a 266 116 3
a 267 131 6
a 267 184 2
a 268 13 6
a 268 38 9
a 268 285 5
a 269 138 3
a 269 226 7
a 269 294 7
a 270 42 3
a 271 4 7
a 272 184 2
a 273 96 7
a 273 114 5
a 273 199 9
a 274 35 1
a 275 105 7
a 275 106 7
a 276 60 8
a 277 32 6
a 277 40 4
a 277 88 4
a 277 271 6
a 278 33 5
a 279 218 10
a 279 284 6
a 280 4 7
a 280 142 2
a 280 229 1
a 281 31 2
a 281 133 3
a 281 246 1
a 282 90 1
a 282 127 4
a 283 177 1
a 283 201 2
a 284 8 9
a 284 79 2
a 285 83 2
a 285 157 8
a 286 168 2
a 287 33 10
a 287 208 2
a 288 81 1
a 288 156 8
a 289 20 9
a 290 72 8
a 290 133 5
a 291 112 2
a 291 231 4
a 291 255 9
a 291 266 1
a 292 188 6
a 292 205 3
a 292 242 7
a 293 57 7
a 293 70 7
a 293 82 1
a 294 105 9
a 295 131 6
a 295 214 9
a 296 103 6
a 296 173 9
a 296 243 1
a 297 200 6
a 298 250 9
a 299 80 3
a 299 101 4
a 299 219 4
