p max 300 600
n 1 s
n 300 t
a 1 195 9
a 2 142 2
a 3 57 1
a 3 109 6
a 3 251 10
a 3 279 7
a 4 257 4
a 4 273 1
a 5 204 2
a 6 128 5
a 6 229 7
a 7 8 9
a 7 93 4
a 8 108 3
a 9 29 1
a 10 168 9
a 10 254 7
a 11 240 1
a 12 23 2
a 12 47 10
a 12 70 6
a 12 235 3
a 13 208 9
a 13 231 8
a 13 266 3
a 14 150 4
a 15 256 4
a 15 261 9
a 16 42 8
a 16 267 10
a 17 53 10
a 17 220 10
a 17 282 7
a 18 102 7
a 18 206 7
a 18 216 4
a 19 5 4
a 19 135 5
a 20 93 6
a 20 119 8
a 20 170 1
a 20 265 2
a 21 26 2
a 21 29 8
a 21 111 10
a 21 271 4
a 22 83 7
a 22 88 7
a 22 98 10
a 23 214 3
a 24 141 1
a 24 179 1
a 24 268 5
a 25 155 5
a 25 178 2
a 26 114 10
a 27 126 7
a 28 136 6
a 29 229 3
a 30 112 7
a 31 7 6
a 32 16 2
a 32 57 4
a 32 65 9
a 33 12 8
a 33 136 9
a 34 83 1
a 35 146 7
a 35 284 1
a 36 252 7
a 36 275 10
a 37 108 2
a 37 139 5
a 37 229 4
a 38 229 5
a 39 144 8
a 39 236 9
a 39 237 4
a 40 140 6
a 40 142 9
a 41 86 5
a 41 274 3
a 42 236 8
a 43 42 6
a 43 288 2
a 44 92 5
a 45 155 8
a 46 96 10
a 46 280 2
a 47 28 7
a 48 147 4
a 49 55 10
a 49 234 9
a 50 194 1
a 51 105 6
a 51 290 5
a 52 174 10
a 53 93 8
a 53 271 6
a 54 71 1
a 55 281 1
a 56 240 4
a 57 251 9
a 58 99 6
a 58 190 6
a 59 225 5
a 60 116 9
a 60 205 1
a 61 121 8
a 62 58 4
a 62 164 8
a 63 30 6
a 63 221 7
a 64 66 1
a 64 165 1
a 64 218 8
a 65 45 10
a 65 256 4
a 65 269 4
a 66 78 9
a 67 73 8
a 67 225 5
a 68 78 6
a 68 169 9
a 69 116 9
a 69 259 9
a 70 121 3
a 71 274 3
a 72 163 5
a 73 71 1
a 73 83 8
a 73 181 5
a 73 285 3
a 73 287 6
a 74 79 10
a 74 95 3
a 74 102 10
a 75 89 9
a 75 112 10
a 76 10 10
a 76 19 3
a 76 188 7
a 77 166 8
a 77 213 3
a 78 67 9
a 78 184 2
a 79 261 9
a 80 58 7
a 80 290 9
a 81 60 2
a 81 124 6
a 82 70 6
a 83 64 5
a 83 230 10
a 83 287 9
a 84 33 4
a 84 186 4
a 85 8 7
a 85 63 9
a 85 86 5
a 85 97 5
a 86 217 9
a 87 25 2
a 87 80 6
a 88 295 2
a 89 78 1
a 90 130 3
a 90 133 5
a 90 161 3
a 90 211 2
a 90 234 2
a 91 14 10
a 91 41 4
a 91 114 4
a 92 23 5
a 92 209 10
a 93 43 10
a 93 90 6
a 93 231 6
a 94 93 10
a 95 254 4
a 95 295 10
a 96 4 1
a 97 159 10
a 97 202 8
a 98 7 8
a 98 106 4
a 98 201 7
a 99 15 4
a 99 238 4
a 99 299 10
a 100 220 1
a 101 141 4
a 101 256 2
a 101 284 10
a 101 286 4
a 102 289 10
a 103 57 8
a 103 77 3
a 103 264 6
a 104 125 9
a 104 186 4
a 104 222 8
a 104 249 6
a 105 232 5
a 106 68 4
a 106 274 9
a 107 21 1
a 107 36 4
a 108 73 9
a 108 164 4
a 109 143 3
a 110 233 3
a 111 117 9
a 111 192 7
a 111 289 6
a 112 60 4
a 112 149 8
a 112 161 9
a 113 135 8
a 113 203 1
a 113 223 2
a 114 67 3
a 114 177 1
a 115 47 3
a 116 55 3
a 116 146 8
a 116 162 8
a 117 96 8
a 117 121 2
a 118 17 8
a 118 70 5
a 119 22 9
a 119 103 8
a 119 191 4
a 120 160 8
a 120 228 1
a 121 281 2
a 121 282 10
a 122 69 5
a 122 230 2
a 123 128 8
a 123 145 2
a 124 185 1
a 124 241 9
a 124 285 7
a 125 126 7
a 125 165 2
a 126 37 9
a 126 83 8
a 126 145 2
a 127 67 6
a 128 113 4
a 129 121 1
a 130 142 5
a 131 156 4
a 132 70 6
a 132 231 4
a 132 237 6
a 132 292 2
a 133 79 7
a 134 91 4
a 134 152 3
a 135 74 10
a 135 123 9
a 135 237 8
a 136 11 2
a 136 147 7
a 136 167 7
a 136 276 4
a 137 18 1
a 137 159 8
a 138 82 8
a 139 120 2
a 139 217 10
a 140 53 8
a 140 99 4
a 140 124 3
a 141 20 5
a 141 227 6
a 142 52 6
a 142 225 1
a 143 55 5
a 143 290 5
a 144 14 8
a 144 38 1
a 145 81 3
a 145 119 10
a 145 272 5
a 145 299 9
a 146 15 3
a 146 263 10
a 146 297 10
a 147 27 10
a 147 93 3
a 147 296 6
a 147 300 1
a 148 32 7
a 148 140 9
a 148 157 7
a 148 215 5
a 149 210 7
a 150 46 9
a 150 248 2
a 151 206 7
a 152 35 3
a 152 210 9
a 152 259 8
a 153 173 6
a 153 221 10
a 154 21 4
a 154 56 5
a 154 86 2
a 155 78 7
a 156 278 3
a 157 100 5
a 157 173 1
a 157 199 3
a 158 6 1
a 158 112 10
a 158 138 10
a 158 219 10
a 159 174 3
a 160 173 8
a 160 247 9
a 160 283 2
a 161 28 5
a 161 184 8
a 162 189 5
a 162 273 9
a 163 82 7
a 163 225 3
a 164 118 3
a 165 50 10
a 165 68 7
a 165 166 4
a 166 5 8
a 167 293 6
a 168 9 9
a 168 173 2
a 169 109 9
a 169 212 10
a 169 232 8
a 170 13 1
a 170 137 4
a 171 87 6
a 171 294 4
a 172 161 8
a 173 295 8
a 174 184 1
a 174 225 10
a 175 110 10
a 175 163 4
a 175 165 6
a 176 3 10
a 176 13 5
a 177 36 4
a 177 204 1
a 178 68 10
a 178 202 7
a 178 212 10
a 179 223 10
a 180 3 3
a 180 192 5
a 180 240 1
a 181 57 10
a 181 214 3
a 182 78 7
a 182 148 10
a 183 156 4
a 183 169 8
a 183 176 5
a 183 196 3
a 184 90 1
a 185 165 6
a 185 192 7
a 185 278 2
a 186 74 6
a 186 226 2
a 187 167 5
a 187 226 2
a 188 95 8
a 188 153 1
a 189 7 10
a 189 55 2
a 190 107 8
a 190 271 10
a 191 203 3
a 192 12 1
a 192 213 7
a 193 34 9
a 193 185 6
a 194 179 7
a 195 109 7
a 196 110 8
a 196 113 7
a 196 242 6
a 197 62 6
a 197 199 2
a 197 297 2
a 198 62 4
a 198 244 4
a 198 277 8
a 199 44 5
a 199 92 10
a 200 25 8
a 201 94 1
a 201 144 6
a 202 137 10
a 202 252 4
a 203 100 5
a 203 143 6
a 203 298 1
a 204 172 10
a 204 224 10
a 205 31 10
a 205 257 2
a 206 227 2
a 206 239 6
a 207 25 1
a 208 186 9
a 209 69 7
a 210 92 8
a 210 259 1
a 210 297 2
a 211 188 7
a 212 175 2
a 212 218 1
a 213 61 3
a 213 80 6
a 213 101 3
a 214 179 6
a 215 184 4
a 215 273 7
a 215 295 2
a 216 54 7
a 216 85 9
a 216 178 6
a 216 224 3
a 216 254 2
a 216 293 8
a 217 32 2
a 217 152 4
a 217 154 6
a 218 39 9
a 218 150 2
a 219 48 7
a 219 254 8
a 220 98 2
a 221 233 7
a 221 270 1
a 222 230 2
a 223 244 8
a 224 115 1
a 224 194 10
a 224 195 5
a 225 164 4
a 226 40 7
a 226 56 3
a 226 131 5
a 227 75 4
a 227 284 10
a 228 44 8
a 228 59 10
a 228 219 10
a 228 258 6
a 229 242 5
a 230 127 7
a 230 129 4
a 230 198 9
a 231 246 2
a 231 259 2
a 232 132 1
a 232 286 8
a 233 24 10
a 233 130 6
a 234 140 10
a 235 51 10
a 235 161 5
a 236 15 5
a 236 40 2
a 236 153 7
a 237 86 9
a 237 180 5
a 237 196 7
a 237 224 8
a 238 108 10
a 239 250 7
a 239 275 6
a 240 68 5
a 240 150 1
a 241 263 7
a 242 15 7
a 242 186 6
a 243 8 1
a 243 157 5
a 243 253 8
a 244 92 2
a 244 207 3
a 244 209 5
a 245 151 5
a 245 298 7
a 246 25 9
a 246 103 5
a 246 239 9
a 247 39 6
a 247 243 9
a 248 90 7
a 248 255 6
a 249 198 5
a 249 213 1
a 250 228 3
a 251 102 7
a 252 128 1
a 252 280 9
a 253 83 7
a 254 69 6
a 254 125 2
a 254 135 10
a 254 171 6
a 255 76 9
a 255 178 2
a 255 291 2
a 256 122 2
a 256 266 3
a 257 61 2
a 257 103 7
a 257 187 4
a 258 281 3
a 259 33 3
a 259 118 2
a 260 4 9
a 260 204 4
a 260 300 7
a 261 75 4
a 262 49 8
a 262 286 9
a 262 288 6
a 263 40 7
a 263 120 4
a 263 188 8
a 264 95 8
a 265 161 8
a 266 2 8
a 266 77 9
a 267 235 10
a 268 40 2
a 269 66 10
a 270 119 4
a 271 114 5
a 271 191 2
a 271 262 10
a 272 171 9
a 273 244 1
a 274 68 10
a 274 158 5
a 275 175 1
a 276 156 5
a 277 116 4
a 278 7 1
a 278 182 5
a 279 225 6
a 279 260 1
a 280 137 3
a 280 284 7
a 281 104 6
a 281 114 7
a 281 183 3
a 282 176 9
a 283 278 1
a 284 87 9
a 284 147 3
a 284 233 8
a 285 21 8
a 285 174 1
a 286 4 2
a 287 72 8
a 287 269 4
a 288 225 1
a 288 228 2
a 289 46 5
a 289 194 6
a 289 197 7
a 289 224 2
a 289 258 7
a 290 9 1
a 291 120 4
a 292 58 5
a 292 245 1
a 293 66 9
a 294 134 9
a 294 141 5
a 294 193 1
a 295 282 2
a 296 130 7
a 297 10 8
a 297 200 3
a 298 287 10
a 299 84 2
a 299 182 8
