p max 300 600
n 1 s
n 300 t
a 1 43 9
a 1 145 10
a 1 200 9
a 1 277 1
a 2 149 3
a 2 154 7
a 3 134 10
a 4 17 1
a 4 50 7
a 4 94 9
a 5 48 6
a 6 108 1
a 7 120 4
a 7 230 2
a 7 265 4
a 8 255 9
a 8 257 2
a 8 300 9
a 9 256 3
a 10 11 10
a 10 237 7
a 11 15 6
a 12 31 1
a 12 63 10
a 12 97 8
a 13 23 9
a 14 114 5
a 14 247 7
a 15 101 2
a 15 143 9
a 16 91 6
a 16 163 3
a 17 229 2
a 18 15 7
a 18 121 4
a 18 197 10
a 19 118 2
a 19 196 1
a 19 285 3
a 20 111 8
a 20 179 7
a 20 219 8
a 21 27 2
a 21 148 6
a 22 30 10
a 23 199 8
a 23 299 2
a 24 101 4
a 24 203 7
a 25 6 1
a 25 269 5
a 26 216 2
a 26 234 2
a 27 154 4
a 28 175 9
a 29 221 6
a 30 23 5
a 30 56 6
a 30 283 3
a 31 44 4
a 31 56 7
a 32 41 3
a 32 228 10
a 33 9 2
a 34 75 2
a 34 91 7
a 34 268 4
a 35 96 6
a 35 216 5
a 36 110 4
a 36 131 10
a 36 135 8
a 36 273 10
a 37 275 1
a 38 55 5
a 38 135 2
a 39 150 4
a 39 167 6
a 39 186 7
a 40 75 4
a 40 145 2
a 40 256 4
a 41 33 3
a 41 59 2
a 41 163 5
a 42 241 10
a 43 137 5
a 44 212 5
a 45 162 6
a 46 192 9
a 47 271 9
a 47 288 8
a 48 174 2
a 49 189 10
a 49 211 1
a 49 249 2
a 50 37 9
a 50 190 3
a 50 264 6
a 51 121 1
a 52 118 8
a 52 291 5
a 53 287 1
a 54 65 5
a 55 45 2
a 55 72 4
a 55 140 9
a 55 212 7
a 56 55 5
a 56 118 5
a 56 158 9
a 57 103 9
a 57 222 10
a 57 230 3
a 58 117 1
a 59 168 9
a 60 3 5
a 60 159 7
a 60 226 4
a 61 35 1
a 61 132 9
a 62 35 3
a 63 176 2
a 63 204 8
a 63 253 7
a 64 133 4
a 64 227 2
a 65 149 1
a 65 182 8
a 66 162 10
a 66 191 4
a 67 22 8
a 67 128 8
a 67 218 10
a 68 291 2
a 69 53 4
a 69 63 4
a 69 109 7
a 69 183 10
a 69 286 4
a 70 106 4
a 70 293 5
a 71 61 3
a 71 292 5
a 72 89 5
a 72 235 1
a 73 34 1
a 73 38 3
a 73 76 8
a 73 153 7
a 74 4 1
a 74 58 6
a 74 141 2
a 74 175 5
a 75 122 6
a 75 240 1
a 76 175 1
a 77 177 3
a 77 291 1
a 78 26 6
a 78 69 6
a 79 87 2
a 79 274 8
a 79 280 9
a 80 174 4
a 81 77 1
a 81 98 1
a 81 288 2
a 82 148 7
a 82 285 1
a 83 19 8
a 83 147 1
a 84 5 7
a 84 243 10
a 85 253 3
a 86 105 8
a 86 251 2
a 87 256 1
a 88 126 2
a 89 99 6
a 89 173 7
a 90 25 7
a 91 54 7
a 92 218 10
a 92 227 4
a 93 141 7
a 94 239 2
a 95 195 5
a 96 78 5
a 97 82 7
a 97 243 7
a 98 52 10
a 98 60 2
a 98 221 1
a 98 259 6
a 99 30 7
a 99 96 2
a 99 203 6
a 99 232 3
a 99 246 8
a 100 73 10
a 100 280 2
a 101 59 9
a 101 74 2
a 102 92 2
a 103 18 4
a 103 222 5
a 104 46 6
a 104 177 4
a 105 92 7
a 105 255 10
a 106 290 3
a 107 207 10
a 107 252 10
a 108 42 7
a 109 83 10
a 109 111 1
a 110 47 5
a 110 191 9
a 110 238 2
a 111 65 9
a 112 289 5
a 113 289 5
a 114 111 2
a 115 14 3
a 115 266 4
a 116 144 2
a 116 160 4
a 116 258 4
a 117 85 9
a 117 128 10
a 117 216 1
a 117 230 10
a 118 127 7
a 118 136 4
a 118 300 3
a 119 92 6
a 120 20 1
a 120 24 2
a 120 56 1
a 121 145 3
a 122 89 4
a 122 96 8
a 123 141 4
a 123 142 1
a 124 12 10
a 124 159 7
a 124 217 9
a 125 117 6
a 125 156 1
a 125 159 6
a 126 215 5
a 126 223 10
a 126 225 3
a 126 233 7
a 127 168 1
a 128 271 4
a 129 270 9
a 130 68 4
a 130 157 8
a 131 14 10
a 131 266 9
a 132 188 6
a 133 15 6
a 133 104 6
a 134 8 1
a 134 137 8
a 134 147 5
a 135 147 9
a 136 103 9
a 136 165 2
a 137 253 6
a 138 113 10
a 138 248 1
a 139 161 3
a 140 283 10
a 141 213 5
a 142 199 4
a 143 169 6
a 144 248 7
a 145 20 2
a 145 264 2
a 146 61 5
a 146 78 7
a 146 127 5
a 147 96 9
a 147 116 9
a 148 7 6
a 148 250 8
a 149 201 8
a 149 224 6
a 150 144 9
a 150 210 9
a 150 298 5
a 151 29 10
a 151 176 10
a 152 28 4
a 152 95 3
a 152 117 8
a 153 65 10
a 153 207 5
a 153 296 3
a 154 135 10
a 155 211 10
a 156 188 1
a 156 244 7
a 156 262 10
a 157 122 9
a 157 286 3
a 158 112 2
a 158 182 6
a 159 92 3
a 160 295 5
a 161 198 1
a 161 228 8
a 162 199 4
a 163 121 10
a 164 80 10
a 164 155 10
a 165 168 9
a 166 13 6
a 166 79 8
a 166 93 1
a 166 142 10
a 167 86 1
a 167 157 1
a 167 237 5
a 168 104 8
a 169 34 10
a 170 37 7
a 171 38 9
a 171 139 8
a 171 293 4
a 172 296 1
a 173 90 8
a 173 284 6
a 174 139 1
a 175 82 5
a 175 247 5
a 176 66 4
a 176 258 9
a 177 62 7
a 177 121 5
a 177 238 3
a 178 40 9
a 178 150 7
a 179 102 1
a 180 94 3
a 181 123 5
a 181 130 6
a 182 71 7
a 182 129 9
a 183 216 1
a 184 49 9
a 185 152 9
a 185 199 2
a 185 214 10
a 185 287 9
a 186 132 4
a 187 52 4
a 187 241 1
a 188 107 10
a 189 136 2
a 189 229 3
a 189 236 6
a 190 27 7
a 190 137 8
a 191 124 8
a 191 142 5
a 192 103 2
a 192 211 1
a 193 265 10
a 194 44 9
a 194 92 10
a 194 281 8
a 195 45 5
a 195 159 4
a 196 33 7
a 197 251 3
a 197 287 9
a 198 54 1
a 198 79 8
a 198 194 5
a 198 245 3
a 199 43 4
a 199 220 4
a 199 269 10
a 199 289 4
a 200 74 6
a 200 77 2
a 200 132 5
a 201 170 1
a 201 228 10
a 202 114 1
a 202 166 5
a 203 180 8
a 203 260 3
a 204 136 9
a 205 65 1
a 205 206 1
a 206 169 8
a 206 230 10
a 207 39 7
a 207 196 9
a 208 113 1
a 208 273 8
a 209 70 3
a 209 104 3
a 209 244 7
a 209 249 10
a 210 251 1
a 211 48 1
a 211 177 3
a 211 258 10
a 211 263 1
a 212 38 5
a 212 129 6
a 213 100 8
a 213 205 9
a 214 101 2
a 214 174 8
a 214 297 1
a 215 195 2
a 215 214 5
a 216 64 5
a 216 194 3
a 217 254 1
a 218 272 5
a 219 98 1
a 220 164 3
a 220 233 7
a 220 276 2
a 221 138 5
a 221 156 5
a 222 66 7
a 222 215 5
a 222 272 2
a 223 184 2
a 224 170 5
a 224 299 1
a 225 99 9
a 226 24 10
a 226 278 5
a 227 36 2
a 227 162 2
a 227 295 7
a 228 119 1
a 228 218 6
a 229 192 9
a 229 274 5
a 230 213 2
a 231 173 10
a 231 191 1
a 231 262 4
a 232 48 8
a 232 53 4
a 232 129 7
a 232 185 1
a 232 194 9
a 233 117 6
a 234 24 6
a 234 267 6
a 235 102 4
a 235 273 5
a 236 138 3
a 237 131 2
a 238 172 5
a 239 77 10
a 239 279 4
a 240 26 3
a 240 126 7
a 240 273 2
a 240 282 7
a 241 215 4
a 242 235 9
a 243 128 8
a 243 149 1
a 243 236 1
a 244 178 9
a 244 201 7
a 245 59 7
a 245 107 4
a 246 239 5
a 247 103 7
a 248 17 10
a 248 242 2
a 249 85 1
a 250 34 1
a 251 34 5
a 251 161 1
a 251 239 3
a 251 254 9
a 252 35 9
a 252 209 3
a 253 125 8
a 253 171 9
a 254 150 4
a 254 253 2
a 255 176 4
a 256 16 9
a 256 103 8
a 256 210 7
a 257 68 8
a 257 286 6
a 258 25 1
a 258 108 4
a 258 134 6
a 259 65 8
a 259 115 9
a 259 169 4
a 260 88 7
a 260 275 6
a 261 269 4
a 262 67 6
a 262 90 3
a 262 107 3
a 262 290 8
a 263 57 1
a 263 88 8
a 263 155 10
a 263 206 10
a 264 287 9
a 264 294 8
a 265 5 10
a 265 9 6
a 265 40 1
a 265 107 4
a 265 134 4
a 266 44 3
a 267 2 9
a 267 51 3
a 267 181 9
a 267 247 9
a 268 12 3
a 269 62 10
a 269 251 4
a 270 84 1
a 270 130 7
a 271 67 3
a 271 193 6
a 272 33 1
a 273 49 7
a 273 270 2
a 273 292 1
a 274 155 8
a 274 231 3
a 275 53 3
a 276 172 3
a 276 186 10
a 277 125 9
a 277 184 10
a 277 215 5
a 278 47 8
a 278 187 10
a 279 62 6
a 279 151 3
a 280 21 7
a 280 50 5
a 281 248 7
a 282 9 2
a 282 10 7
a 282 81 6
a 282 242 8
a 282 255 6
a 283 49 1
a 283 100 4
a 283 202 2
a 284 168 2
a 284 267 1
a 285 160 2
a 286 109 7
a 286 260 5
a 287 192 10
a 287 266 7
a 288 32 3
a 288 60 4
a 288 137 7
a 289 85 2
a 289 111 1
a 290 189 6
a 291 145 2
a 292 67 10
a 292 146 2
a 292 195 2
a 293 234 2
a 294 162 4
a 295 7 6
a 295 213 4
a 295 261 5
a 296 29 7
a 296 123 9
a 296 208 9
a 296 217 4
a 297 46 9
a 297 232 1
a 298 201 9
a 298 246 6
a 299 81 10
a 299 213 2
a 299 225 7
