p max 300 600
n 1 s
n 300 t
a 1 52 9
a 1 87 10
a 2 82 4
a 2 86 2
a 3 170 4
a 4 55 9
a 4 81 2
a 4 202 8
a 4 210 10
a 4 255 7
a 5 70 8
a 6 131 1
a 6 182 2
a 7 96 1
a 8 153 8
a 9 91 8
a 9 189 9
a 10 126 8
a 10 173 1
a 10 204 4
a 10 254 3
a 11 71 1
a 11 275 3
a 12 56 8
a 12 292 9
a 13 26 5
a 14 155 7
a 14 280 3
a 15 4 6
a 16 46 5
a 16 60 5
a 17 163 9
a 17 183 10
a 18 32 1
a 18 172 5
a 19 34 3
a 19 283 8
a 20 261 6
a 21 101 6
a 21 159 9
a 22 24 6
a 22 70 2
a 22 258 4
a 23 7 4
a 23 149 8
a 24 113 9
a 24 276 7
a 25 98 10
a 26 96 5
a 26 272 9
a 27 242 1
a 27 272 8
a 28 29 1
a 28 115 3
a 28 177 1
a 29 196 3
a 29 284 5
a 30 17 9
a 30 54 9
a 30 79 2
a 30 151 7
a 31 247 1
a 32 296 7
a 33 127 2
a 33 140 1
a 33 170 1
a 33 232 10
a 33 239 2
a 34 154 6
a 35 158 1
a 36 60 2
a 36 258 9
a 37 9 9
a 37 94 10
a 38 117 4
a 38 200 2
a 39 7 5
a 39 105 6
a 39 171 6
a 40 65 9
a 40 163 7
a 40 246 8
a 41 28 7
a 41 67 7
a 41 83 2
a 42 39 4
a 42 110 1
a 42 131 7
a 42 268 9
a 43 77 1
a 43 206 4
a 43 269 9
a 44 37 10
a 44 182 6
a 45 9 8
a 45 69 5
a 45 74 6
a 45 152 1
a 46 150 6
a 47 153 8
a 48 148 6
a 48 225 4
a 49 160 3
a 49 260 6
a 50 187 1
a 50 248 10
a 50 261 1
a 51 245 9
a 51 258 1
a 52 114 3
a 53 27 1
a 53 90 1
a 53 133 4
a 54 221 9
a 54 236 3
a 54 248 10
a 55 185 2
a 55 299 5
a 56 6 2
a 56 222 4
a 57 107 10
a 57 171 9
a 57 186 5
a 58 5 3
a 59 196 10
a 60 287 3
a 60 289 1
a 61 50 1
a 61 126 10
a 61 244 1
a 61 290 1
a 62 85 1
a 62 116 7
a 62 292 5
a 63 171 4
a 64 107 3
a 64 154 10
a 64 297 6
a 65 31 1
a 65 85 3
a 65 105 4
a 65 150 3
a 65 219 6
a 66 121 1
a 66 261 2
a 67 75 9
a 67 228 9
a 68 285 3
a 69 74 2
a 70 288 10
a 70 295 7
a 71 157 7
a 72 174 4
a 72 279 1
a 73 225 2
a 74 124 5
a 74 268 1
a 74 293 5
a 75 226 6
a 75 228 6
a 76 201 7
a 76 242 6
a 77 79 7
a 77 270 8
a 78 174 9
a 79 179 4
a 80 207 8
a 81 135 6
a 81 194 6
a 81 209 6
a 81 267 2
a 82 258 6
a 83 97 7
a 84 182 8
a 84 193 3
a 85 166 8
a 85 215 7
a 86 290 6
a 87 277 8
a 87 281 4
a 88 138 5
a 88 209 8
a 88 224 8
a 88 237 5
a 89 14 3
a 89 99 6
a 89 285 10
a 90 88 5
a 90 114 3
a 90 234 5
a 90 247 7
a 91 138 4
a 92 151 6
a 92 273 2
a 93 72 5
a 93 101 10
a 93 121 3
a 94 33 5
a 94 253 2
a 94 262 2
a 95 14 9
a 95 74 2
a 95 92 6
a 96 189 10
a 97 45 8
a 97 57 9
a 97 126 3
a 98 266 1
a 98 284 10
a 99 237 4
a 100 216 2
a 101 108 4
a 101 161 1
a 102 138 10
a 102 192 1
a 102 208 4
a 103 173 2
a 103 249 8
a 104 204 10
a 105 275 9
a 106 241 4
a 107 16 3
a 107 76 1
a 107 235 4
a 107 245 1
a 108 22 6
a 108 85 4
a 109 21 3
a 110 45 1
a 110 278 10
a 111 47 2
a 111 222 5
a 111 233 2
a 112 166 5
a 113 50 1
a 113 146 10
a 113 160 9
a 113 287 2
a 114 40 7
a 114 98 2
a 115 16 8
a 115 51 9
a 115 113 8
a 115 185 10
a 116 295 7
a 117 153 3
a 117 157 2
a 117 203 10
a 118 270 4
a 119 266 6
a 120 2 4
a 120 42 3
a 120 296 3
a 121 97 10
a 121 174 10
a 122 71 5
a 122 191 3
a 122 251 9
a 122 271 10
a 123 91 3
a 123 166 7
a 123 177 4
a 124 212 1
a 124 257 2
a 125 290 6
a 126 25 3
a 126 80 3
a 126 178 7
a 126 267 5
a 127 72 7
a 127 110 6
a 128 121 1
a 129 165 1
a 130 15 5
a 130 241 6
a 131 130 3
a 131 298 10
a 132 172 2
a 133 195 3
a 133 248 2
a 134 129 9
a 134 184 9
a 134 228 7
a 134 250 9
a 135 109 10
a 135 141 9
a 136 140 6
a 137 13 6
a 137 96 9
a 138 147 9
a 139 68 2
a 139 172 2
a 140 45 9
a 140 139 2
a 141 41 8
a 141 64 10
a 141 88 5
a 141 281 6
a 142 63 3
a 142 176 2
a 142 217 8
a 143 257 5
a 143 300 7
a 144 129 9
a 145 226 9
a 145 279 9
a 146 244 9
a 147 221 5
a 148 26 3
a 148 87 6
a 149 108 1
a 150 89 2
a 150 112 8
a 150 117 6
a 150 184 2
a 151 135 10
a 151 218 1
a 151 227 3
a 151 275 7
a 152 241 1
a 152 263 3
a 153 41 4
a 153 53 6
a 153 59 9
a 154 54 4
a 155 53 6
a 155 186 6
a 156 257 5
a 157 144 4
a 157 199 4
a 157 260 10
a 158 92 1
a 159 10 6
a 159 82 8
a 159 102 4
a 160 98 4
a 161 111 3
a 161 216 10
a 162 47 6
a 162 78 7
a 163 35 6
a 164 28 2
a 164 223 2
a 164 240 9
a 165 19 3
a 165 175 9
a 166 61 8
a 166 64 10
a 166 138 2
a 167 20 6
a 167 153 10
a 168 134 3
a 169 23 5
a 169 52 7
a 170 194 5
a 171 96 1
a 171 109 5
a 172 5 7
a 172 197 10
a 172 209 2
a 173 289 4
a 174 5 9
a 175 52 3
a 175 248 4
a 176 35 6
a 176 96 6
a 177 221 3
a 178 133 5
a 178 201 4
a 179 123 9
a 179 125 10
a 179 190 1
a 179 242 3
a 180 280 6
a 181 136 4
a 181 169 4
a 182 11 5
a 182 143 4
a 182 237 3
a 183 40 7
a 183 142 1
a 183 156 4
a 184 278 9
a 185 142 1
a 186 84 7
a 186 256 6
a 187 46 9
a 187 164 2
a 187 181 2
a 188 7 7
a 188 68 7
a 188 126 9
a 189 83 10
a 189 225 4
a 190 174 8
a 191 173 10
a 192 203 4
a 192 217 5
a 193 176 9
a 194 131 3
a 194 145 7
a 195 137 2
a 195 165 10
a 196 137 10
a 197 211 10
a 197 225 2
a 197 283 3
a 198 281 10
a 198 296 1
a 199 82 5
a 200 11 3
a 200 238 8
a 200 256 6
a 201 138 2
a 201 220 4
a 202 8 3
a 202 107 2
a 203 100 5
a 203 126 8
a 203 205 2
a 204 124 10
a 205 79 8
a 206 64 9
a 207 73 3
a 207 205 2
a 208 292 6
a 209 198 5
a 210 207 3
a 211 36 10
a 211 78 7
a 211 82 2
a 211 87 2
a 211 93 8
a 211 179 6
a 211 284 3
a 212 99 6
a 212 188 3
a 212 265 2
a 213 70 5
a 213 170 4
a 213 179 10
a 213 259 3
a 214 254 1
a 215 118 9
a 215 157 4
a 215 267 1
a 216 118 9
a 216 300 1
a 217 288 4
a 218 69 6
a 218 83 5
a 219 188 6
a 219 241 1
a 220 4 5
a 220 198 1
a 220 269 9
a 221 31 10
a 221 158 10
a 221 169 6
a 222 206 10
a 222 231 8
a 223 134 6
a 223 193 3
a 224 165 2
a 225 106 4
a 226 147 6
a 226 239 8
a 227 40 1
a 227 240 1
a 228 66 9
a 228 230 9
a 229 38 7
a 229 216 7
a 229 254 6
a 230 122 4
a 230 145 9
a 230 175 10
a 231 109 1
a 231 209 10
a 232 69 4
a 232 95 6
a 232 295 10
a 233 21 10
a 233 109 9
a 233 120 3
a 234 114 10
a 234 158 3
a 235 119 2
a 235 161 10
a 236 32 6
a 237 249 8
a 238 220 8
a 239 27 8
a 239 169 8
a 240 287 8
a 241 90 10
a 242 163 8
a 243 179 2
a 244 49 3
a 245 154 7
a 246 234 1
a 246 286 1
a 247 126 10
a 248 39 6
a 248 48 9
a 248 161 5
a 249 222 4
a 249 225 4
a 250 120 8
a 251 257 7
a 252 179 4
a 252 210 9
a 252 250 10
a 253 69 3
a 254 246 1
a 254 272 1
a 255 12 4
a 255 87 1
a 256 30 5
a 256 76 1
a 257 173 8
a 258 175 5
a 259 145 6
a 259 252 4
a 260 240 3
a 260 257 4
a 261 155 5
a 261 210 1
a 262 126 10
a 263 57 1
a 263 264 6
a 264 50 9
a 264 79 2
a 265 187 3
a 265 213 4
a 266 104 1
a 266 293 2
a 267 107 2
a 267 167 9
a 268 49 3
a 268 257 7
a 269 99 2
a 269 230 1
a 270 145 4
a 271 65 2
a 272 2 5
a 272 282 3
a 273 18 2
a 273 114 7
a 274 137 7
a 275 44 4
a 275 113 7
a 275 121 7
a 276 8 3
a 276 207 9
a 277 103 5
a 277 175 2
a 278 27 8
a 278 274 5
a 279 58 1
a 279 62 9
a 279 63 7
a 280 62 2
a 280 298 4
a 281 18 1
a 282 130 1
a 282 262 4
a 283 3 1
a 283 22 1
a 283 189 8
a 283 243 5
a 284 162 7
a 284 223 5
a 285 128 1
a 285 180 8
a 285 275 10
a 285 291 1
a 286 36 4
a 287 14 5
a 288 10 6
a 288 231 9
a 289 28 10
a 289 165 8
a 290 162 6
a 290 214 2
a 291 187 6
a 291 229 10
a 292 136 10
a 293 63 8
a 293 132 10
a 293 168 8
a 293 294 4
a 294 43 2
a 294 106 3
a 294 183 2
a 295 27 1
a 296 142 7
a 297 285 4
a 298 97 2
a 299 204 10
