p max 300 600
n 1 s
n 300 t
a 1 93 8
a 2 164 10
a 2 204 5
a 3 108 1
a 4 57 9
a 4 209 6
a 5 200 3
a 5 231 9
a 6 138 2
a 7 92 7
a 7 239 1
a 8 286 6
a 9 59 4
a 9 141 3
a 9 176 7
a 10 37 1
a 10 126 6
a 11 155 10
a 11 285 5
a 12 3 2
a 12 100 3
a 12 206 4
a 13 46 2
a 13 256 2
a 14 24 6
a 14 227 6
a 15 61 3
a 16 233 4
a 17 21 1
a 17 289 7
a 18 262 7
a 19 40 2
a 20 60 6
a 20 106 6
a 20 281 2
a 21 58 3
a 21 112 9
a 22 113 6
a 23 163 8
a 23 258 7
a 24 54 7
a 24 271 2
a 25 220 3
a 25 221 2
a 26 197 1
a 26 202 5
a 27 163 7
a 27 234 6
a 27 289 9
a 28 73 9
a 28 291 1
a 29 11 4
a 30 104 3
a 30 109 7
a 31 296 7
a 32 202 5
a 33 12 2
a 33 240 7
a 34 38 8
a 34 124 1
a 35 23 10
a 35 47 3
a 35 201 3
a 35 273 2
a 36 138 4
a 36 239 10
a 37 257 6
a 38 98 2
a 38 209 1
a 39 38 2
a 40 234 5
a 41 63 10
a 42 123 9
a 42 196 2
a 42 240 10
a 43 190 8
a 44 11 5
a 44 114 2
a 45 68 7
a 45 223 6
a 45 234 1
a 45 261 10
a 45 293 4
a 46 193 8
a 47 239 1
a 47 246 3
a 48 176 8
a 49 56 9
a 49 90 3
a 49 184 1
a 50 149 5
a 51 177 2
a 52 143 4
a 52 291 5
a 53 83 3
a 53 97 3
a 53 226 4
a 54 63 5
a 54 81 2
a 54 99 9
a 55 59 2
a 56 208 9
a 56 277 5
a 57 177 10
a 57 187 1
a 57 266 4
a 57 267 2
a 58 15 1
a 59 148 8
a 59 171 1
a 59 258 7
a 60 154 9
a 60 257 4
a 61 223 10
a 62 2 1
a 62 180 5
a 63 192 7
a 64 44 3
a 64 162 8
a 65 50 3
a 65 252 8
a 65 289 10
a 66 274 3
a 67 200 4
a 68 256 1
a 68 271 1
a 69 168 1
a 69 272 1
a 69 296 4
a 70 72 4
a 71 153 10
a 71 226 3
a 71 294 2
a 72 263 8
a 72 297 7
a 73 111 8
a 74 32 10
a 74 55 9
a 75 14 10
a 75 17 6
a 76 71 6
a 76 258 6
a 77 12 2
a 77 141 3
a 77 172 3
a 78 205 7
a 78 213 2
a 79 37 9
a 79 206 10
a 80 246 1
a 81 235 5
a 82 41 7
a 82 137 3
a 83 46 2
a 83 71 5
a 83 174 3
a 84 66 3
a 84 156 7
a 85 16 10
a 85 105 6
a 86 15 6
a 86 194 8
a 87 135 6
a 88 244 8
a 89 235 10
a 89 287 4
a 90 181 1
a 90 219 9
a 91 154 7
a 92 86 6
a 92 212 5
a 93 38 5
a 93 80 7
a 93 137 1
a 93 186 6
a 94 4 6
a 94 15 8
a 94 30 4
a 94 61 5
a 95 65 3
a 95 203 3
a 96 42 9
a 96 289 2
a 97 103 10
a 97 136 6
a 97 159 2
a 97 278 1
a 98 159 1
a 99 121 4
a 99 154 8
a 100 121 10
a 100 189 8
a 101 166 10
a 102 9 4
a 102 88 1
a 102 254 1
a 103 153 4
a 103 197 3
a 104 18 5
a 104 20 8
a 105 109 10
a 106 207 8
a 107 45 10
a 107 260 6
a 108 82 7
a 108 155 2
a 108 166 2
a 109 120 8
a 109 145 2
a 109 224 1
a 110 29 9
a 110 114 3
a 110 299 9
a 111 80 8
a 112 16 1
a 112 118 8
a 112 152 5
a 112 157 3
a 112 169 9
a 112 255 7
a 113 2 10
a 114 222 3
a 114 296 3
a 115 6 8
a 116 82 2
a 117 291 9
a 118 97 6
a 118 134 10
a 118 249 10
a 119 241 7
a 120 242 9
a 120 271 8
a 121 108 8
a 121 112 8
a 122 2 10
a 122 41 8
a 122 287 4
a 123 157 3
a 124 74 2
a 124 291 6
a 125 64 10
a 125 188 4
a 126 95 5
a 127 204 6
a 128 24 7
a 128 195 9
a 128 204 3
a 129 118 1
a 130 27 6
a 130 34 8
a 131 108 8
a 132 144 7
a 133 49 7
a 133 72 3
a 133 125 3
a 133 190 6
a 133 300 3
a 134 236 4
a 135 182 5
a 135 189 10
a 136 102 2
a 136 218 2
a 137 36 3
a 137 44 4
a 137 283 5
a 138 142 6
a 138 151 2
a 139 84 3
a 139 178 8
a 140 97 8
a 141 217 3
a 141 251 1
a 141 290 5
a 142 18 10
a 142 196 7
a 142 253 9
a 143 134 9
a 143 243 4
a 144 153 4
a 145 39 8
a 145 53 5
a 145 178 7
a 146 54 8
a 146 87 8
a 146 264 7
a 147 161 4
a 148 128 6
a 149 66 5
a 149 69 6
a 149 76 4
a 149 85 5
a 149 212 2
a 149 231 1
a 150 43 1
a 150 210 10
a 151 67 5
a 151 129 7
a 151 219 2
a 152 236 5
a 152 287 7
a 153 18 2
a 154 110 2
a 155 29 3
a 156 51 7
a 156 94 9
a 156 181 7
a 157 89 7
a 157 230 9
a 158 73 4
a 158 286 2
a 158 292 8
a 159 63 4
a 159 128 3
a 159 257 2
a 160 249 10
a 161 119 2
a 161 224 6
a 162 42 9
a 162 113 4
a 162 250 10
a 163 7 5
a 163 162 6
a 163 195 5
a 164 170 8
a 164 245 9
a 164 290 8
a 165 269 4
a 166 21 7
a 167 93 4
a 167 132 1
a 167 207 9
a 168 99 5
a 169 5 6
a 170 79 5
a 170 147 5
a 170 276 10
a 171 44 3
a 172 26 3
a 172 140 7
a 172 150 4
a 172 162 7
a 173 36 3
a 173 167 3
a 174 216 8
a 174 217 5
a 174 237 6
a 175 133 4
a 175 296 6
a 175 298 5
a 176 111 4
a 176 131 6
a 177 6 1
a 178 148 9
a 179 119 6
a 179 122 3
a 179 248 6
a 180 178 6
a 180 269 5
a 181 142 3
a 181 245 7
a 181 262 9
a 182 205 2
a 182 229 2
a 182 265 10
a 183 286 4
a 184 279 3
a 185 151 2
a 185 177 3
a 186 13 7
a 186 61 2
a 186 87 10
a 186 185 4
a 187 105 9
a 188 35 1
a 189 264 3
a 190 115 3
a 190 128 4
a 190 166 5
a 191 29 5
a 191 297 2
a 192 25 5
a 192 138 10
a 192 247 1
a 193 210 4
a 194 89 4
a 194 106 1
a 194 270 7
a 195 117 9
a 195 251 7
a 196 19 2
a 196 58 1
a 197 202 10
a 198 102 5
a 198 202 1
a 199 78 4
a 199 97 1
a 200 187 8
a 201 94 5
a 201 284 10
a 202 138 5
a 202 254 5
a 202 292 4
a 203 28 5
a 203 133 8
a 203 238 4
a 204 268 3
a 204 290 2
a 205 52 9
a 205 228 8
a 205 233 3
a 205 277 5
a 206 5 3
a 206 29 6
a 206 283 6
a 207 29 3
a 208 127 1
a 209 228 9
a 210 49 1
a 210 143 7
a 210 158 4
a 210 241 5
a 210 288 3
a 211 27 6
a 211 175 9
a 212 135 9
a 212 191 2
a 213 280 3
a 214 71 4
a 214 89 7
a 214 135 1
a 215 58 1
a 215 203 1
a 215 244 10
a 215 285 5
a 216 226 8
a 217 186 7
a 218 15 7
a 218 232 5
a 219 56 10
a 219 57 7
a 219 136 2
a 220 79 10
a 220 93 2
a 220 261 3
a 221 111 6
a 221 112 2
a 221 159 2
a 222 124 5
a 223 208 7
a 224 208 2
a 224 289 5
a 225 166 7
a 226 94 6
a 226 274 10
a 227 38 2
a 227 184 1
a 227 190 4
a 228 197 8
a 228 211 5
a 229 297 2
a 230 8 2
a 230 118 9
a 230 179 4
a 231 70 6
a 231 108 10
a 231 129 10
a 232 149 6
a 232 291 9
a 232 300 7
a 233 40 7
a 233 202 2
a 233 295 9
a 234 291 5
a 235 58 8
a 236 181 7
a 237 282 3
a 238 74 10
a 238 225 10
a 239 57 1
a 240 53 4
a 241 47 1
a 241 82 8
a 241 199 8
a 242 249 6
a 243 221 3
a 244 56 7
a 244 183 1
a 245 10 4
a 246 26 1
a 246 201 4
a 247 225 1
a 248 2 8
a 248 142 5
a 248 259 10
a 249 51 6
a 249 107 1
a 249 173 4
a 250 55 7
a 250 95 8
a 250 225 6
a 251 192 6
a 252 75 8
a 252 104 2
a 253 8 7
a 253 101 2
a 254 173 4
a 254 275 5
a 255 229 8
a 256 159 10
a 257 280 1
a 258 12 9
a 258 27 6
a 258 31 4
a 258 177 5
a 258 282 3
a 259 110 1
a 259 229 5
a 260 17 8
a 260 43 5
a 260 286 1
a 261 28 3
a 261 48 6
a 261 291 4
a 262 21 10
a 262 116 9
a 262 188 6
a 263 30 3
a 263 161 8
a 264 153 5
a 264 215 8
a 264 262 10
a 265 45 3
a 265 70 4
a 265 73 5
a 266 165 10
a 266 236 7
a 266 257 2
a 267 87 7
a 268 144 7
a 268 208 8
a 269 96 10
a 269 166 1
a 269 198 10
a 270 43 4
a 270 91 3
a 270 116 9
a 270 165 1
a 271 62 7
a 271 160 3
a 271 199 9
a 272 6 4
a 272 169 5
a 272 255 4
a 273 243 8
a 274 125 7
a 275 128 6
a 276 8 8
a 276 10 7
a 276 220 5
a 276 248 1
a 277 33 9
a 277 120 4
a 278 174 3
a 279 52 4
a 279 214 2
a 280 69 5
a 280 75 7
a 280 208 8
a 281 246 7
a 282 41 4
a 283 276 9
a 284 35 9
a 284 77 7
a 284 202 4
a 285 113 9
a 285 229 3
a 286 146 7
a 286 265 8
a 287 130 10
a 287 257 1
a 288 37 2
a 288 232 2
a 288 280 3
a 289 154 1
a 290 16 4
a 291 254 2
a 292 152 7
a 293 22 2
a 293 127 1
a 293 133 1
a 294 78 10
a 295 17 5
a 295 53 6
a 295 139 2
a 296 167 2
a 296 193 9
a 297 105 8
a 298 69 1
a 298 192 9
a 299 205 6
