p max 300 600
n 1 s
n 300 t
a 1 87 4
a 1 290 9
a 2 123 10
a 2 183 5
a 3 8 1
a 3 60 7
a 3 296 1
a 4 274 3
a 5 120 6
a 5 283 7
a 6 39 1
a 7 91 2
a 7 156 8
a 7 285 6
a 8 49 6
a 8 195 9
a 8 300 5
a 9 59 1
a 9 81 3
a 10 17 10
a 11 88 2
a 11 152 8
a 11 280 7
a 12 207 3
a 12 279 10
a 13 117 2
a 14 32 8
a 15 72 10
a 15 122 4
a 15 260 5
a 16 200 1
a 17 265 2
a 18 79 8
a 18 230 4
a 19 30 6
a 20 232 7
a 21 30 4
a 22 57 6
a 22 103 8
a 23 36 3
a 23 55 5
a 24 110 10
a 24 256 8
a 25 61 7
a 26 16 2
a 26 93 3
a 26 150 9
a 27 23 9
a 27 151 8
a 27 208 4
a 28 99 6
a 29 139 5
a 29 197 2
a 29 294 2
a 30 184 10
a 31 176 9
a 31 273 2
a 32 113 5
a 33 297 1
a 34 63 2
a 34 116 8
a 34 150 9
a 34 267 2
a 35 39 1
a 35 216 8
a 35 274 9
a 36 228 8
a 37 142 5
a 38 268 2
a 39 32 4
a 39 167 5
a 40 33 7
a 40 227 10
a 40 271 8
a 41 78 5
a 41 101 3
a 41 142 5
a 42 172 3
a 43 287 8
a 44 116 5
a 44 248 5
a 44 272 7
a 45 131 8
a 45 247 8
a 46 101 7
a 47 286 9
a 48 218 10
a 49 96 8
a 49 295 7
a 50 86 9
a 50 144 10
a 50 156 2
a 51 79 8
a 51 145 10
a 52 69 3
a 52 238 4
a 53 219 4
a 53 254 9
a 53 265 8
a 54 122 3
a 54 279 5
a 55 152 2
a 55 165 8
a 56 288 7
a 56 300 1
a 57 217 7
a 58 199 6
a 58 299 4
a 59 135 2
a 59 172 2
a 59 211 7
a 60 24 3
a 60 162 2
a 60 205 8
a 60 292 5
a 61 27 5
a 61 201 8
a 61 251 5
a 62 99 3
a 62 178 6
a 63 87 1
a 63 156 2
a 63 228 7
a 64 175 10
a 64 187 2
a 64 227 7
a 65 210 10
a 66 51 9
a 67 272 7
a 68 200 6
a 68 264 1
a 69 126 1
a 69 184 3
a 70 34 10
a 70 105 2
a 71 48 10
a 71 53 5
a 71 117 2
a 71 141 7
a 71 227 4
a 71 262 1
a 72 184 1
a 72 295 7
a 73 192 3
a 73 214 3
a 74 271 3
a 75 60 3
a 75 84 3
a 76 115 9
a 77 41 6
a 77 48 4
a 78 139 6
a 79 3 6
a 79 66 6
a 79 114 6
a 79 133 9
a 79 177 10
a 80 155 5
a 80 249 8
a 81 13 8
a 82 172 6
a 83 5 2
a 84 42 1
a 84 278 8
a 85 9 2
a 85 13 5
a 85 92 7
a 85 146 7
a 85 194 6
a 86 130 1
a 86 270 4
a 87 241 4
a 87 265 1
a 87 291 9
a 88 244 6
a 89 119 9
a 89 223 7
a 90 149 3
a 91 71 5
a 92 127 5
a 92 129 7
a 93 168 4
a 93 247 6
a 93 250 7
a 94 90 5
a 94 212 6
a 95 52 2
a 96 54 1
a 96 225 6
a 96 231 6
a 97 120 6
a 97 235 6
a 97 239 5
a 97 256 10
a 98 39 6
a 98 63 10
a 98 201 8
a 98 270 1
a 99 165 5
a 100 52 8
a 100 190 6
a 101 49 9
a 101 143 1
a 101 217 1
a 101 289 7
a 102 73 1
a 102 98 7
a 103 97 1
a 104 12 8
a 104 97 2
a 104 109 5
a 105 62 9
a 105 153 10
a 105 199 2
a 106 212 4
a 106 240 7
a 107 31 7
a 107 257 10
a 107 293 9
a 108 155 6
a 108 222 10
a 109 112 1
a 110 4 7
a 110 83 10
a 111 132 6
a 112 43 5
a 112 148 8
a 112 203 2
a 112 278 9
a 113 67 5
a 113 115 6
a 113 281 9
a 114 286 3
a 114 298 1
a 115 77 3
a 116 3 4
a 116 15 1
a 116 229 2
a 117 17 10
a 118 21 5
a 118 74 10
a 119 77 4
a 120 50 6
a 120 166 6
a 121 89 10
a 121 261 5
a 122 24 3
a 123 100 5
a 123 190 3
a 124 277 8
a 125 27 6
a 125 136 5
a 126 70 5
a 127 123 10
a 128 41 7
a 129 266 4
a 130 47 5
a 130 226 9
a 131 26 9
a 132 11 1
a 132 159 3
a 132 215 4
a 133 47 1
a 133 80 3
a 133 272 5
a 134 56 7
a 134 113 1
a 134 137 6
a 134 194 2
a 134 224 9
a 135 163 1
a 136 89 1
a 137 46 1
a 137 138 4
a 137 279 5
a 138 118 6
a 138 119 6
a 138 287 9
a 139 144 7
a 140 172 5
a 140 238 1
a 141 288 2
a 142 203 10
a 143 165 10
a 143 167 9
a 143 171 2
a 143 252 8
a 144 33 8
a 144 121 5
a 145 5 3
a 145 138 6
a 146 134 1
a 146 249 6
a 146 275 2
a 147 217 5
a 147 234 1
a 148 104 10
a 148 139 4
a 149 235 4
a 150 257 9
a 151 224 3
a 152 65 10
a 152 75 9
a 152 244 1
a 152 299 3
a 153 58 6
a 154 277 6
a 154 282 9
a 155 187 2
a 156 55 7
a 156 67 8
a 156 106 2
a 157 7 5
a 157 196 5
a 157 210 5
a 158 153 8
a 158 277 8
a 159 257 4
a 160 108 6
a 160 139 6
a 160 186 10
a 161 2 2
a 161 162 4
a 162 26 6
a 162 202 9
a 163 115 9
a 164 4 6
a 164 63 1
a 164 266 8
a 165 132 1
a 165 280 2
a 166 25 4
a 166 58 4
a 166 127 8
a 166 209 4
a 167 215 7
a 168 66 10
a 169 39 4
a 169 269 1
a 170 73 9
a 170 77 10
a 170 240 1
a 170 253 9
a 171 300 6
a 172 51 4
a 172 99 6
a 173 18 2
a 173 97 2
a 174 9 8
a 174 145 3
a 175 157 8
a 176 147 10
a 176 163 5
a 177 180 8
a 177 223 7
a 177 300 4
a 178 91 4
a 178 154 10
a 179 51 5
a 179 81 10
a 179 91 9
a 180 125 10
a 180 241 1
a 180 273 4
a 181 98 9
a 182 188 6
a 183 132 10
a 184 18 1
a 184 204 2
a 185 81 1
a 185 89 4
a 185 114 8
a 186 159 2
a 186 178 5
a 187 102 6
a 187 233 10
a 188 45 1
a 188 105 4
a 188 296 3
a 189 193 6
a 189 227 3
a 189 283 6
a 190 72 4
a 190 161 6
a 190 185 4
a 191 237 5
a 191 290 6
a 192 57 6
a 192 123 6
a 193 68 4
a 194 50 5
a 194 124 4
a 195 259 8
a 196 29 6
a 196 51 3
a 196 71 6
a 196 117 10
a 196 204 5
a 196 206 9
a 197 19 3
a 197 100 6
a 197 141 7
a 198 39 10
a 199 268 5
a 200 28 5
a 200 61 7
a 200 274 4
a 201 172 8
a 201 293 6
a 202 48 1
a 202 95 8
a 202 195 3
a 202 281 2
a 203 232 9
a 203 276 7
a 203 289 7
a 204 227 4
a 205 41 5
a 205 277 10
a 206 66 7
a 207 285 4
a 208 57 5
a 208 107 5
a 209 280 3
a 210 181 7
a 211 228 5
a 212 80 10
a 212 198 4
a 213 298 1
a 214 85 6
a 214 192 5
a 214 286 8
a 215 18 6
a 215 188 5
a 215 263 10
a 216 140 9
a 216 260 9
a 217 26 7
a 217 46 10
a 217 160 2
a 217 258 3
a 218 14 6
a 218 297 1
a 219 10 6
a 220 79 7
a 221 108 8
a 221 198 1
a 222 68 1
a 222 220 4
a 223 140 9
a 223 152 5
a 224 128 6
a 224 157 4
a 225 232 5
a 226 220 7
a 227 243 5
a 228 194 6
a 228 200 5
a 228 259 8
a 229 76 3
a 230 25 10
a 230 78 10
a 230 97 6
a 230 174 2
a 230 242 9
a 231 9 4
a 232 78 6
a 233 166 4
a 234 159 10
a 235 112 4
a 235 158 5
a 235 168 5
a 236 54 5
a 236 123 5
a 237 287 10
a 238 297 8
a 239 203 10
a 239 240 2
a 239 245 4
a 240 135 2
a 241 12 10
a 241 158 3
a 241 208 2
a 242 197 6
a 243 250 2
a 244 6 8
a 244 213 1
a 245 10 9
a 245 102 5
a 245 124 10
a 245 182 6
a 246 230 8
a 247 128 4
a 248 187 4
a 249 226 2
a 250 111 6
a 250 236 1
a 251 31 1
a 251 85 6
a 251 295 2
a 252 70 10
a 252 292 5
a 253 27 4
a 253 64 8
a 253 214 1
a 254 6 3
a 254 217 9
a 254 246 1
a 255 37 8
a 255 137 9
a 256 30 9
a 256 270 4
a 256 275 9
a 257 240 9
a 257 284 3
a 258 120 8
a 258 162 3
a 258 255 2
a 258 260 4
a 259 163 8
a 259 202 7
a 260 222 4
a 261 20 1
a 261 79 5
a 261 115 9
a 261 181 2
a 262 40 4
a 262 190 10
a 263 174 7
a 264 3 7
a 264 173 6
a 264 189 1
a 265 101 7
a 265 164 5
a 266 76 10
a 266 299 6
a 267 35 8
a 267 38 3
a 267 44 4
a 268 8 8
a 268 273 10
a 269 98 3
a 270 145 6
a 270 209 6
a 270 210 5
a 271 140 2
a 271 157 5
a 271 170 6
a 271 220 5
a 272 77 5
a 273 157 5
a 274 28 6
a 274 268 2
a 274 296 6
a 275 284 9
a 276 200 1
a 277 127 5
a 277 179 5
a 278 21 2
a 278 207 5
a 279 278 1
a 280 169 7
a 280 258 5
a 281 90 2
a 282 149 10
a 282 157 8
a 283 271 4
a 284 55 5
a 284 107 7
a 285 82 6
a 285 296 5
a 286 123 5
a 286 243 4
a 287 65 3
a 288 22 8
a 288 221 2
a 288 270 3
a 289 112 4
a 289 171 2
a 290 132 2
a 290 218 3
a 291 94 5
a 291 193 5
a 292 201 5
a 292 297 8
a 293 17 6
a 293 191 8
a 293 299 10
a 294 30 8
a 294 42 1
a 294 236 6
a 295 102 8
a 295 208 5
a 296 14 4
a 296 44 6
a 296 300 5
a 297 110 1
a 298 71 4
a 299 193 5
a 299 273 9
