p max 300 600
n 1 s
n 300 t
a 1 84 1
a 2 139 1
a 2 272 9
a 3 18 6
a 3 169 2
a 4 74 8
a 4 133 6
a 4 188 3
a 5 57 6
a 5 80 8
a 6 255 3
a 7 67 5
a 7 293 8
a 8 20 10
a 9 290 8
a 10 23 1
a 10 110 5
a 11 215 1
a 12 219 4
a 13 33 5
a 13 166 8
a 13 200 3
a 14 37 10
a 14 178 7
a 14 284 9
a 15 240 8
a 15 255 6
a 16 79 2
a 16 181 9
a 16 257 6
a 17 42 6
a 17 243 1
a 18 226 7
a 19 54 6
a 19 233 8
a 20 52 8
a 20 143 5
a 21 110 5
a 21 145 2
a 22 161 9
a 22 238 10
a 22 251 6
a 22 264 8
a 23 39 3
a 24 71 7
a 25 79 6
a 26 111 1
a 26 267 3
a 27 63 8
a 27 148 6
a 27 169 4
a 27 219 7
a 28 116 3
a 28 209 7
a 29 85 6
a 30 218 1
a 31 2 6
a 31 171 9
a 32 225 6
a 33 36 10
a 34 23 7
a 35 217 4
a 36 43 3
a 37 180 6
a 38 296 6
a 39 16 2
a 39 57 2
a 40 62 9
a 41 80 6
a 41 286 4
a 42 164 8
a 42 205 3
a 43 119 6
a 43 157 6
a 43 245 1
a 43 297 10
a 44 37 10
a 44 39 5
a 44 240 8
a 45 48 5
a 45 103 3
a 45 167 6
a 46 120 2
a 47 4 8
a 47 12 2
a 48 153 9
a 48 234 10
a 49 133 4
a 49 212 10
a 50 141 2
a 51 69 6
a 52 252 2
a 52 269 9
a 52 275 2
a 53 9 9
a 53 108 8
a 53 114 2
a 54 56 5
a 54 113 6
a 54 149 2
a 54 168 5
a 54 291 7
a 55 213 9
a 56 23 2
a 56 34 3
a 56 217 7
a 57 115 10
a 58 207 2
a 58 242 6
a 58 283 2
a 59 55 6
a 59 247 5
a 60 35 7
a 61 262 7
a 62 160 3
a 63 132 1
a 63 276 7
a 63 296 10
a 64 52 5
a 64 144 2
a 65 111 3
a 65 243 1
a 66 28 9
a 66 84 9
a 67 206 1
a 68 176 8
a 69 47 9
a 69 182 9
a 70 155 4
a 70 273 3
a 71 7 10
a 71 99 1
a 71 119 9
a 72 222 3
a 73 101 2
a 73 128 3
a 74 246 2
a 74 250 3
a 75 67 2
a 75 89 2
a 75 91 3
a 76 42 6
a 76 50 10
a 77 67 9
a 78 79 6
a 79 7 7
a 79 100 1
a 80 175 3
a 80 232 3
a 80 267 5
a 81 298 10
a 82 102 8
a 83 183 3
a 83 231 3
a 84 49 5
a 84 136 4
a 85 102 1
a 85 130 6
a 86 35 1
a 86 92 7
a 86 270 1
a 87 21 1
a 87 48 4
a 87 122 5
a 87 168 9
a 88 177 9
a 89 31 10
a 89 208 6
a 89 267 3
a 90 215 5
a 90 241 8
a 91 39 1
a 92 60 6
a 92 271 8
a 93 254 2
a 94 192 9
a 95 245 10
a 96 193 9
a 96 210 10
a 96 221 9
a 97 177 8
a 97 275 5
a 97 282 9
a 98 73 1
a 98 174 10
a 99 194 1
a 99 295 6
a 100 154 4
a 100 160 3
a 101 96 3
a 101 246 6
a 101 263 7
a 102 236 3
a 102 261 1
a 103 115 2
a 104 126 4
a 104 216 3
a 105 84 4
a 105 87 2
a 106 214 8
a 107 259 1
a 107 261 2
a 108 93 10
a 109 242 9
a 110 2 5
a 110 225 9
a 110 259 7
a 111 174 7
a 112 148 4
a 113 3 1
a 113 119 10
a 114 31 1
a 114 272 10
a 115 118 6
a 115 194 6
a 116 74 9
a 116 266 4
a 117 211 6
a 118 185 2
a 118 271 7
a 119 82 10
a 119 131 4
a 120 210 7
a 121 92 6
a 121 123 5
a 122 135 3
a 123 194 4
a 123 273 1
a 124 28 1
a 124 225 2
a 124 251 3
a 125 90 3
a 126 252 2
a 126 270 5
a 127 264 7
a 128 59 1
a 128 244 6
a 129 62 4
a 129 131 9
a 130 95 9
a 130 127 1
a 130 226 3
a 130 235 3
a 131 101 7
a 131 233 5
a 132 213 2
a 133 258 1
a 134 83 3
a 134 112 1
a 135 208 7
a 136 7 3
a 136 246 7
a 137 50 10
a 137 116 2
a 137 279 9
a 138 84 1
a 138 198 6
a 139 15 1
a 139 299 6
a 140 146 9
a 140 195 5
a 141 106 10
a 141 230 8
a 142 12 7
a 142 60 6
a 142 69 4
a 142 105 4
a 143 33 6
a 143 123 7
a 143 152 3
a 143 228 7
a 143 239 5
a 144 106 9
a 144 248 10
a 145 13 6
a 145 149 3
a 145 214 6
a 146 192 3
a 146 252 2
a 147 173 3
a 147 220 7
a 147 234 6
a 148 110 7
a 148 274 4
a 149 165 1
a 149 253 4
a 150 126 9
a 151 97 10
a 151 231 7
a 151 239 5
a 152 27 10
a 152 145 7
a 153 94 10
a 153 109 3
a 153 120 2
a 154 5 10
a 154 52 10
a 155 98 1
a 155 108 2
a 155 184 7
a 155 203 3
a 156 256 2
a 156 294 4
a 157 102 6
a 158 151 5
a 158 210 5
a 159 105 4
a 159 120 5
a 159 229 7
a 160 217 2
a 161 10 1
a 161 80 4
a 161 90 7
a 162 142 9
a 162 168 2
a 163 162 4
a 163 246 10
a 163 251 7
a 164 26 3
a 164 147 10
a 164 278 6
a 165 178 7
a 166 8 5
a 166 73 8
a 166 133 3
a 167 126 1
a 167 199 7
a 168 31 9
a 168 136 7
a 169 130 8
a 169 180 1
a 169 204 6
a 169 248 7
a 170 242 5
a 170 287 3
a 171 200 10
a 172 183 6
a 172 292 9
a 173 66 5
a 173 185 5
a 173 196 10
a 174 202 1
a 174 249 4
a 174 250 3
a 175 286 10
a 176 81 5
a 176 138 6
a 176 219 5
a 177 181 3
a 178 29 7
a 178 168 5
a 178 187 8
a 179 278 4
a 180 238 8
a 181 78 5
a 182 100 7
a 182 115 7
a 182 213 8
a 183 68 4
a 183 263 3
a 184 210 7
a 185 129 9
a 186 299 7
a 187 120 5
a 187 124 3
a 187 273 10
a 188 140 8
a 188 155 4
a 189 212 10
a 190 76 1
a 190 145 5
a 190 147 4
a 191 53 6
a 191 105 1
a 191 247 8
a 192 170 7
a 193 121 8
a 194 38 5
a 194 222 7
a 194 287 4
a 195 33 7
a 196 285 1
a 197 40 5
a 197 107 3
a 197 280 3
a 197 294 9
a 197 298 4
a 198 65 4
a 198 289 10
a 198 292 2
a 199 20 6
a 199 173 10
a 200 158 9
a 200 218 4
a 201 236 2
a 202 163 1
a 202 235 2
a 203 284 7
a 203 285 5
a 204 28 2
a 205 104 9
a 205 129 8
a 205 218 2
a 206 44 1
a 206 88 7
a 206 137 6
a 206 234 10
a 207 269 5
a 208 277 6
a 209 280 7
a 210 19 3
a 210 78 8
a 210 89 2
a 210 218 1
a 210 269 10
a 211 6 2
a 211 41 3
a 211 59 3
a 212 171 9
a 212 294 9
a 213 264 10
a 214 38 9
a 214 209 2
a 215 158 4
a 216 24 8
a 216 237 8
a 216 277 2
a 217 72 2
a 217 91 1
a 217 220 1
a 218 170 2
a 218 173 7
a 218 201 7
a 219 206 7
a 219 282 5
a 220 181 6
a 220 213 8
a 221 197 7
a 221 199 1
a 222 176 2
a 222 186 5
a 222 210 10
a 223 64 3
a 223 205 8
a 223 252 10
a 224 48 5
a 224 93 6
a 225 88 5
a 225 214 10
a 226 72 9
a 227 187 6
a 227 223 10
a 228 69 6
a 229 36 10
a 229 178 10
a 229 258 9
a 230 75 10
a 230 300 5
a 231 32 4
a 231 191 2
a 231 285 10
a 232 175 4
a 233 123 10
a 234 220 8
a 235 73 5
a 235 259 3
a 236 14 2
a 236 159 4
a 236 180 5
a 237 292 6
a 238 140 2
a 239 102 5
a 239 174 7
a 240 211 2
a 240 292 9
a 241 45 10
a 241 239 2
a 241 290 4
a 242 224 7
a 242 269 1
a 243 22 4
a 243 35 9
a 244 52 7
a 245 125 8
a 245 272 1
a 246 24 10
a 246 135 6
a 247 60 8
a 247 61 2
a 248 243 8
a 249 80 9
a 249 81 8
a 249 132 4
a 250 86 4
a 250 151 9
a 250 280 5
a 251 76 4
a 251 296 9
a 252 191 1
a 252 227 7
a 252 281 1
a 253 51 5
a 253 128 10
a 253 252 8
a 254 277 1
a 255 42 2
a 256 121 7
a 256 268 3
a 256 280 10
a 257 2 4
a 257 210 4
a 257 260 2
a 258 62 8
a 259 4 5
a 259 5 7
a 259 71 2
a 259 114 4
a 260 39 2
a 260 80 6
a 261 72 3
a 261 172 4
a 261 247 1
a 262 41 10
a 262 50 6
a 262 150 2
a 262 259 8
a 263 57 7
a 264 90 3
a 265 220 8
a 266 205 3
a 267 50 2
a 267 70 4
a 267 288 6
a 268 82 9
a 268 196 5
a 269 169 9
a 269 190 5
a 270 77 4
a 270 182 2
a 271 11 7
a 271 58 4
a 271 179 1
a 271 278 3
a 271 293 1
a 272 146 5
a 272 151 8
a 273 42 2
a 273 85 6
a 273 199 7
a 273 253 8
a 274 289 9
a 275 153 1
a 276 43 10
a 276 226 10
a 276 300 7
a 277 19 10
a 277 117 5
a 278 10 2
a 278 141 6
a 279 15 5
a 279 161 9
a 280 46 1
a 280 241 2
a 280 255 3
a 281 136 7
a 281 237 8
a 281 247 10
a 282 108 5
a 282 134 2
a 283 25 5
a 283 77 4
a 283 130 7
a 283 156 7
a 284 231 9
a 285 160 2
a 285 210 9
a 286 59 2
a 286 262 5
a 287 73 9
a 288 162 8
a 288 189 3
a 289 180 1
a 290 199 1
a 291 201 5
a 292 30 8
a 292 75 10
a 292 110 4
a 292 227 7
a 293 17 3
a 293 287 8
a 294 59 2
a 294 83 8
a 294 127 9
a 294 236 7
a 295 29 5
a 296 261 8
a 296 265 3
a 297 6 1
a 298 276 4
a 299 219 1
