p max 300 600
n 1 s
n 300 t
a 1 23 2
a 1 50 8
a 2 35 9
a 2 231 10
a 3 150 2
a 3 190 3
a 4 131 5
a 4 147 8
a 5 33 6
a 6 42 8
a 6 87 2
a 7 22 3
a 7 104 3
a 8 186 6
a 8 189 1
a 9 59 3
a 10 101 4
a 10 219 2
a 11 31 4
a 11 126 8
a 12 38 5
a 12 167 6
a 12 171 2
a 12 216 9
a 13 15 7
a 13 146 10
a 13 151 10
a 14 155 10
a 14 293 2
a 15 160 2
a 15 201 2
a 16 256 9
a 17 53 1
a 17 93 5
a 17 140 7
a 17 246 1
a 18 13 10
a 18 199 2
a 18 288 2
a 19 52 1
a 19 185 2
a 20 270 6
a 21 117 2
a 22 47 10
a 22 179 8
a 22 182 6
a 23 110 10
a 24 225 7
a 25 79 4
a 26 53 3
a 26 62 3
a 26 197 8
a 27 37 8
a 27 191 4
a 28 77 4
a 29 203 7
a 30 96 6
a 31 48 4
a 32 48 7
a 32 282 10
a 33 170 2
a 33 200 4
a 34 163 4
a 35 95 5
a 36 121 2
a 37 119 8
a 38 264 10
a 38 284 3
a 39 58 4
a 39 275 3
a 40 42 6
a 41 49 5
a 41 71 3
a 42 26 5
a 42 257 2
a 42 266 4
a 43 7 7
a 43 11 5
a 43 63 1
a 43 100 5
a 43 128 4
a 44 212 5
a 45 19 8
a 45 166 6
a 45 232 6
a 46 66 10
a 46 142 6
a 47 223 4
a 48 121 1
a 49 59 7
a 49 233 10
a 50 41 1
a 51 123 5
a 52 9 6
a 52 114 8
a 52 241 4
a 53 67 2
a 53 291 1
a 54 125 2
a 54 249 4
a 55 18 9
a 55 29 4
a 55 229 10
a 56 58 4
a 56 162 5
a 56 297 7
a 57 144 8
a 57 218 9
a 58 87 9
a 58 224 5
a 59 141 8
a 59 186 9
a 60 269 1
a 60 287 8
a 61 182 1
a 62 164 8
a 63 3 9
a 64 120 1
a 65 114 9
a 66 30 6
a 67 59 1
a 68 2 8
a 68 46 9
a 68 208 5
a 69 133 3
a 69 161 7
a 69 273 1
a 70 60 10
a 71 5 9
a 71 205 3
a 71 242 4
a 71 284 3
a 72 213 9
a 73 118 2
a 73 209 4
a 73 300 3
a 74 25 10
a 75 29 6
a 76 180 5
a 77 236 2
a 78 114 6
a 78 136 4
a 79 230 5
a 79 266 7
a 79 299 4
a 80 235 2
a 81 73 6
a 81 193 9
a 82 34 1
a 82 263 4
a 82 290 9
a 83 261 7
a 84 27 6
a 84 28 2
a 84 48 4
a 85 35 8
a 85 96 2
a 85 185 5
a 86 195 8
a 86 289 4
a 87 174 10
a 87 200 10
a 88 69 3
a 89 110 8
a 90 105 9
a 90 178 9
a 91 202 6
a 91 229 5
a 92 41 1
a 92 258 7
a 92 277 9
a 93 86 7
a 93 286 5
a 94 44 4
a 94 107 4
a 94 213 4
a 94 218 1
a 95 179 7
a 95 190 9
a 96 275 3
a 97 7 5
a 97 88 1
a 97 108 4
a 98 33 3
a 98 104 10
a 99 111 4
a 99 121 9
a 99 129 7
a 100 142 7
a 100 282 8
a 101 71 8
a 101 106 4
a 101 289 7
a 102 111 7
a 103 64 9
a 103 172 2
a 103 228 5
a 103 254 6
a 103 267 4
a 104 75 2
a 104 253 9
a 105 212 4
a 105 263 3
a 106 292 2
a 107 91 9
a 107 227 9
a 108 110 3
a 109 269 2
a 110 95 1
a 110 181 2
a 110 269 2
a 111 287 1
a 112 231 9
a 113 172 7
a 114 34 6
a 114 72 10
a 114 116 2
a 115 145 6
a 115 172 3
a 115 240 8
a 115 261 8
a 116 81 10
a 116 242 5
a 116 254 6
a 117 240 7
a 118 198 1
a 118 236 1
a 118 277 1
a 119 17 4
a 119 173 8
a 119 215 7
a 120 57 9
a 120 70 9
a 120 84 1
a 120 293 8
a 121 237 9
a 121 252 9
a 122 66 5
a 123 253 8
a 124 134 8
a 124 291 4
a 125 39 2
a 125 148 6
a 125 213 2
a 126 30 3
a 127 69 8
a 128 227 9
a 128 300 3
a 129 275 6
a 130 13 9
a 131 12 10
a 131 29 4
a 131 74 3
a 131 98 5
a 132 92 7
a 132 102 6
a 133 110 5
a 134 106 7
a 134 109 5
a 135 293 3
a 136 54 6
a 136 92 6
a 137 253 6
a 138 107 2
a 138 153 5
a 139 256 4
a 140 69 7
a 140 274 5
a 140 289 9
a 141 79 4
a 141 219 8
a 141 235 4
a 142 77 7
a 142 94 5
a 142 240 5
a 143 44 6
a 144 95 1
a 144 169 10
a 144 298 6
a 145 249 3
a 145 265 1
a 146 16 6
a 146 51 5
a 146 232 7
a 147 84 5
a 148 277 1
a 148 298 6
a 149 165 6
a 150 19 5
a 150 135 10
a 150 151 1
a 151 127 4
a 152 127 5
a 153 70 8
a 153 137 8
a 153 283 6
a 154 132 8
a 155 120 7
a 156 15 6
a 156 144 3
a 157 181 3
a 158 45 4
a 158 150 6
a 158 244 9
a 159 86 1
a 159 143 10
a 159 163 9
a 159 221 10
a 160 141 9
a 160 149 9
a 161 38 4
a 162 234 10
a 163 37 7
a 164 93 5
a 165 43 1
a 165 159 9
a 165 168 2
a 166 169 3
a 167 86 6
a 167 132 3
a 168 113 4
a 168 116 5
a 169 89 4
a 170 8 10
a 170 155 7
a 170 225 10
a 171 39 7
a 171 91 1
a 172 52 1
a 172 197 3
a 172 253 8
a 173 294 6
a 174 103 10
a 174 267 1
a 174 283 6
a 175 78 7
a 176 289 7
a 177 27 3
a 177 257 5
a 178 87 2
a 178 89 1
a 178 259 1
a 178 285 8
a 179 58 10
a 179 139 2
a 179 159 5
a 179 176 7
a 179 211 6
a 180 93 3
a 180 234 6
a 181 63 10
a 182 57 6
a 182 127 8
a 182 281 4
a 183 29 8
a 183 157 3
a 184 88 1
a 185 24 9
a 185 65 1
a 185 257 8
a 186 28 2
a 186 46 9
a 186 149 6
a 187 38 3
a 187 102 9
a 188 203 6
a 189 195 6
a 189 239 3
a 190 291 6
a 191 207 7
a 191 240 3
a 192 56 10
a 192 119 10
a 193 188 1
a 193 268 9
a 194 57 1
a 194 278 2
a 195 82 3
a 196 269 9
a 197 21 3
a 198 59 5
a 198 129 2
a 199 126 2
a 199 172 2
a 200 44 3
a 201 91 9
a 201 136 5
a 202 57 6
a 202 177 9
a 203 158 8
a 204 109 3
a 205 138 2
a 205 177 8
a 206 131 2
a 206 143 10
a 207 30 10
a 207 152 8
a 208 139 10
a 209 164 5
a 209 245 3
a 210 196 3
a 211 54 6
a 211 104 3
a 211 178 3
a 211 295 8
a 212 234 6
a 213 184 7
a 213 249 3
a 214 32 1
a 214 42 4
a 214 101 2
a 214 123 10
a 214 217 1
a 214 282 6
a 215 32 6
a 215 132 6
a 216 33 6
a 216 175 1
a 217 122 8
a 218 69 10
a 218 105 7
a 218 121 2
a 218 245 7
a 219 26 7
a 220 118 1
a 220 193 5
a 221 152 10
a 222 115 6
a 222 132 6
a 223 37 8
a 223 97 6
a 223 238 10
a 224 56 1
a 224 96 3
a 224 156 3
a 224 187 8
a 225 240 5
a 226 96 2
a 226 214 10
a 227 138 10
a 228 181 1
a 228 185 1
a 228 296 2
a 229 21 6
a 229 192 8
a 230 213 3
a 231 122 8
a 231 208 3
a 232 236 1
a 233 199 10
a 234 174 8
a 235 168 6
a 235 210 5
a 235 279 2
a 236 226 8
a 236 257 2
a 237 206 4
a 237 264 6
a 238 165 4
a 238 218 7
a 239 250 3
a 240 78 10
a 240 274 10
a 241 247 3
a 241 260 9
a 242 285 3
a 243 288 1
a 244 99 5
a 244 148 2
a 245 59 9
a 245 159 9
a 245 273 5
a 246 25 8
a 246 147 10
a 247 42 5
a 247 85 9
a 247 174 4
a 247 243 3
a 248 3 10
a 248 70 2
a 249 120 9
a 249 196 9
a 250 258 4
a 250 265 4
a 250 292 6
a 251 174 8
a 252 36 5
a 252 83 9
a 252 89 7
a 252 124 4
a 252 203 8
a 252 229 10
a 252 262 8
a 252 289 9
a 252 294 3
a 253 47 3
a 254 6 2
a 254 17 3
a 254 20 2
a 254 272 2
a 255 118 4
a 255 297 3
a 256 237 8
a 257 110 5
a 257 194 2
a 257 239 4
a 257 270 1
a 258 262 10
a 259 10 7
a 259 84 3
a 259 112 10
a 259 252 9
a 260 154 9
a 260 212 9
a 260 291 7
a 261 27 6
a 261 112 8
a 261 256 6
a 262 110 7
a 263 111 3
a 263 268 6
a 264 224 2
a 265 149 5
a 266 132 5
a 267 152 3
a 267 282 6
a 268 114 1
a 268 180 4
a 269 14 6
a 269 183 5
a 269 298 4
a 270 24 7
a 270 51 6
a 270 53 8
a 271 54 3
a 271 238 7
a 271 272 1
a 272 50 10
a 273 32 7
a 273 40 9
a 274 4 8
a 274 46 9
a 274 80 9
a 274 220 10
a 274 251 7
a 274 288 5
a 275 162 3
a 276 55 10
a 276 103 6
a 276 222 1
a 276 250 1
a 277 42 1
a 277 120 2
a 277 247 5
a 278 77 10
a 279 110 7
a 280 82 10
a 280 204 9
a 281 158 8
a 282 82 10
a 282 130 3
a 282 210 6
a 282 223 6
a 283 61 10
a 283 160 7
a 283 230 4
a 284 259 3
a 285 88 2
a 285 255 8
a 285 271 10
a 285 277 8
a 286 76 8
a 286 276 5
a 286 300 6
a 287 117 6
a 287 221 1
a 287 252 3
a 288 205 8
a 288 290 8
a 289 50 8
a 289 128 4
a 289 280 3
a 290 154 7
a 291 22 10
a 292 185 3
a 292 248 6
a 293 33 9
a 293 45 1
a 294 68 8
a 294 90 10
a 295 98 4
a 296 126 4
a 296 220 4
a 297 14 2
a 297 21 9
a 298 51 5
a 298 90 6
a 298 163 10
a 299 60 3
a 299 182 7
