p max 300 600
n 1 s
n 300 t
a 1 158 9
a 2 116 5
a 2 145 1
a 3 8 8
a 3 76 7
a 4 155 9
a 4 287 3
a 5 191 1
a 6 209 1
a 7 43 1
a 7 190 7
a 8 137 8
a 8 138 5
a 9 162 3
a 10 92 3
a 11 8 5
a 11 29 3
a 12 6 9
a 12 66 10
a 13 203 5
a 14 179 3
a 14 188 4
a 15 19 2
a 16 90 10
a 16 161 3
a 16 254 5
a 17 159 3
a 18 61 10
a 18 127 7
a 19 130 6
a 19 296 4
a 20 181 5
a 21 2 3
a 21 152 3
a 21 171 4
a 22 46 5
a 22 240 2
a 22 266 3
a 23 7 4
a 23 31 6
a 23 122 6
a 24 4 7
a 24 34 2
a 24 187 4
a 25 27 3
a 25 240 5
a 25 256 9
a 26 41 8
a 26 188 5
a 27 208 8
a 28 29 1
a 28 64 2
a 28 109 6
a 29 136 1
a 29 178 6
a 29 196 6
a 29 202 3
a 29 253 6
a 30 143 9
a 30 225 8
a 31 14 7
a 31 54 7
a 32 37 5
a 32 61 6
a 32 209 2
a 33 73 3
a 34 147 9
a 34 172 2
a 34 189 3
a 35 194 9
a 35 265 6
a 36 84 10
a 37 207 9
a 38 85 8
a 38 139 9
a 38 140 3
a 39 100 6
a 39 194 9
a 40 129 2
a 40 233 3
a 41 110 3
a 41 145 10
a 42 160 7
a 42 200 10
a 43 147 4
a 43 217 1
a 44 234 9
a 45 60 4
a 45 214 7
a 46 236 9
a 47 59 2
a 47 131 1
a 47 256 9
a 48 115 4
a 48 133 8
a 48 150 2
a 48 263 10
a 49 11 7
a 49 117 4
a 50 75 2
a 51 12 2
a 52 11 10
a 52 97 7
a 52 282 4
a 53 40 7
a 54 238 9
a 55 131 4
a 56 45 9
a 56 112 1
a 56 216 4
a 56 220 7
a 57 40 6
a 57 148 2
a 58 85 1
a 58 235 7
a 59 30 6
a 60 14 9
a 60 65 3
a 61 136 7
a 62 121 1
a 62 198 3
a 63 16 5
a 63 127 1
a 64 27 9
a 64 46 7
a 65 151 10
a 66 80 1
a 66 229 8
a 66 242 10
a 67 86 3
a 68 36 4
a 69 275 6
a 70 159 9
a 70 216 2
a 71 98 4
a 71 126 5
a 71 160 4
a 71 173 10
a 71 300 1
a 72 114 9
a 72 285 4
a 73 198 5
a 73 284 7
a 74 164 3
a 74 225 3
a 75 169 3
a 75 294 5
a 76 86 5
a 76 108 6
a 77 175 4
a 78 16 5
a 78 48 4
a 78 218 4
a 79 77 4
a 79 115 4
a 79 150 8
a 80 5 6
a 80 207 10
a 80 224 5
a 80 277 8
a 81 100 8
a 81 180 10
a 81 188 8
a 81 252 8
a 82 83 3
a 82 94 6
a 83 163 1
a 84 10 9
a 85 130 3
a 85 145 10
a 86 56 6
a 86 156 7
a 87 6 3
a 87 89 5
a 87 93 1
a 87 113 5
a 88 33 5
a 88 91 5
a 88 243 9
a 89 92 8
a 90 58 4
a 90 185 6
a 91 196 9
a 91 289 6
a 92 88 3
a 92 116 10
a 93 128 5
a 93 188 3
a 94 39 10
a 95 159 8
a 96 249 2
a 97 194 8
a 98 63 7
a 98 287 8
a 99 52 7
a 99 199 9
a 99 227 6
a 99 228 9
a 100 107 7
a 100 299 4
a 101 134 9
a 101 157 1
a 101 222 6
a 102 233 7
a 103 31 8
a 104 17 9
a 104 143 4
a 105 24 3
a 105 134 5
a 106 19 8
a 106 20 4
a 107 46 4
a 108 4 3
a 108 24 8
a 109 197 1
a 109 290 5
a 109 291 9
a 110 272 3
a 111 142 6
a 111 247 7
a 111 265 2
a 112 11 7
a 112 107 8
a 112 270 8
a 113 40 1
a 114 177 9
a 114 267 3
a 115 12 7
a 115 257 7
a 116 247 5
a 116 250 3
a 117 44 2
a 117 69 8
a 117 125 10
a 118 41 8
a 118 125 8
a 118 254 3
a 119 18 7
a 119 42 3
a 119 162 8
a 119 206 8
a 120 37 9
a 121 239 8
a 122 251 3
a 123 3 1
a 123 87 5
a 123 119 1
a 123 211 1
a 124 2 3
a 124 25 6
a 125 217 5
a 126 192 7
a 126 269 5
a 126 293 6
a 127 215 8
a 127 284 1
a 128 231 4
a 128 268 6
a 129 111 1
a 129 157 1
a 129 176 6
a 130 49 1
a 130 57 5
a 130 144 1
a 131 81 8
a 131 186 6
a 131 226 4
a 131 260 3
a 132 93 5
a 132 197 5
a 133 128 7
a 134 18 3
a 134 98 2
a 135 65 3
a 135 219 2
a 136 13 1
a 136 118 2
a 136 204 1
a 136 214 10
a 136 225 6
a 137 75 7
a 137 293 1
a 137 300 1
a 138 144 1
a 138 193 4
a 138 213 10
a 139 77 4
a 139 87 1
a 139 91 4
a 140 9 1
a 141 10 6
a 141 32 6
a 142 150 6
a 142 168 2
a 143 209 3
a 143 212 7
a 144 154 4
a 144 261 1
a 145 60 9
a 145 101 8
a 145 249 6
a 146 80 1
a 146 271 6
a 147 63 1
a 147 203 9
a 148 4 6
a 149 145 5
a 150 199 10
a 150 258 1
a 151 132 4
a 151 233 9
a 152 28 5
a 152 149 7
a 153 219 1
a 153 246 10
a 153 262 3
a 154 179 10
a 155 183 7
a 156 12 5
a 156 102 6
a 157 10 5
a 158 13 3
a 159 23 10
a 159 228 8
a 159 260 3
a 159 279 1
a 160 214 2
a 161 2 4
a 161 29 10
a 161 67 8
a 161 68 4
a 161 191 6
a 162 253 5
a 162 298 4
a 163 11 8
a 164 231 10
a 165 8 10
a 165 63 2
a 165 129 5
a 166 185 9
a 166 205 4
a 167 65 10
a 168 55 3
a 168 79 3
a 168 259 7
a 169 146 10
a 169 151 1
a 170 262 7
a 171 199 6
a 171 223 4
a 171 264 4
a 172 218 6
a 172 267 8
a 173 163 2
a 173 234 9
a 174 141 9
a 174 294 8
a 175 5 8
a 175 276 8
a 175 286 2
a 176 236 8
a 177 217 7
a 178 3 8
a 178 96 6
a 179 249 7
a 180 119 1
a 180 165 9
a 181 72 7
a 182 185 6
a 182 267 7
a 183 20 2
a 183 174 8
a 183 232 9
a 183 274 8
a 184 72 1
a 185 57 9
a 186 234 7
a 187 53 9
a 187 234 3
a 187 252 1
a 187 280 6
a 188 153 5
a 189 82 5
a 190 153 3
a 190 187 3
a 191 56 6
a 191 92 5
a 191 219 1
a 191 241 7
a 192 275 3
a 193 46 9
a 194 43 6
a 195 22 3
a 195 211 1
a 195 278 5
a 196 117 9
a 196 275 10
a 197 205 9
a 198 138 10
a 198 210 6
a 199 88 3
a 199 213 1
a 200 105 5
a 200 139 7
a 201 174 9
a 201 238 6
a 202 70 1
a 202 173 2
a 202 180 5
a 203 286 2
a 204 282 8
a 205 38 5
a 205 57 6
a 206 155 4
a 207 21 2
a 207 84 10
a 207 231 8
a 208 90 3
a 208 103 10
a 208 158 3
a 209 227 6
a 210 157 3
a 211 13 8
a 211 74 3
a 211 159 10
a 211 251 1
a 211 283 9
a 212 54 8
a 212 292 2
a 213 133 10
a 213 167 10
a 214 2 10
a 214 28 7
a 214 107 3
a 214 245 10
a 215 169 6
a 216 60 3
a 216 237 3
a 217 4 1
a 217 9 5
a 217 272 10
a 218 137 8
a 218 194 9
a 219 132 8
a 220 85 9
a 220 103 1
a 220 151 5
a 221 106 6
a 221 144 2
a 221 272 5
a 222 102 5
a 223 290 1
a 224 153 6
a 224 239 10
a 225 71 3
a 226 35 6
a 226 78 1
a 226 154 5
a 227 73 6
a 227 173 9
a 228 259 8
a 229 260 8
a 229 288 10
a 230 72 6
a 230 296 1
a 231 285 2
a 232 94 7
a 232 120 4
a 232 202 8
a 232 229 5
a 233 90 4
a 234 16 6
a 234 147 6
a 235 40 5
a 235 95 7
a 235 134 8
a 235 218 3
a 236 9 3
a 236 114 8
a 237 26 3
a 237 142 4
a 237 244 6
a 238 10 7
a 238 182 4
a 239 15 7
a 239 229 8
a 239 230 6
a 240 125 3
a 241 150 5
a 242 100 3
a 242 175 10
a 243 203 7
a 244 12 4
a 244 231 5
a 244 278 7
a 244 297 9
a 245 236 2
a 246 173 10
a 246 182 2
a 247 107 10
a 247 135 2
a 247 169 2
a 248 288 3
a 249 200 7
a 250 104 8
a 250 201 7
a 251 210 10
a 252 34 5
a 252 124 9
a 253 67 9
a 254 19 10
a 254 91 10
a 255 288 5
a 256 283 2
a 257 101 8
a 258 181 6
a 259 245 5
a 260 16 7
a 261 174 6
a 262 225 3
a 262 255 8
a 262 273 7
a 262 298 5
a 263 30 4
a 263 36 10
a 263 43 1
a 263 47 10
a 263 67 1
a 264 195 10
a 264 272 6
a 265 109 4
a 266 215 1
a 267 24 8
a 268 159 6
a 268 170 9
a 269 100 9
a 270 18 9
a 271 189 9
a 272 19 8
a 272 76 3
a 272 150 4
a 273 63 5
a 273 201 3
a 274 166 6
a 274 197 6
a 275 6 5
a 275 51 8
a 275 106 5
a 276 144 3
a 277 35 8
a 277 195 1
a 277 198 6
a 277 248 2
a 277 281 1
a 278 32 2
a 278 221 1
a 279 71 9
a 280 68 2
a 280 123 1
a 281 284 6
a 281 293 3
a 282 24 3
a 282 73 2
a 282 170 7
a 283 79 8
a 283 231 9
a 284 14 7
a 284 122 4
a 284 258 1
a 285 21 10
a 285 71 1
a 286 56 10
a 286 208 5
a 287 105 3
a 287 295 8
a 288 181 6
a 288 237 1
a 288 295 8
a 289 30 5
a 290 28 8
a 290 82 5
a 290 236 10
a 291 117 4
a 291 184 4
a 292 14 9
a 292 52 10
a 292 86 10
a 293 183 8
a 293 251 5
a 294 127 1
a 294 277 2
a 295 99 4
a 295 189 5
a 296 87 6
a 297 50 1
a 297 201 9
a 298 62 2
a 298 264 1
a 299 39 6
a 299 86 9
