p max 300 600
n 1 s
n 300 t
a 1 9 6
a 1 66 4
a 1 79 4
a 1 295 5
a 2 42 3
a 2 129 9
a 2 274 6
a 3 266 4
a 4 11 2
a 4 73 2
a 4 185 9
a 5 139 7
a 6 82 1
a 7 179 7
a 7 242 10
a 8 199 5
a 9 168 2
a 10 166 3
a 10 299 10
a 11 47 2
a 11 180 1
a 12 127 10
a 12 146 7
a 12 177 2
a 13 172 1
a 14 185 1
a 14 242 10
a 15 193 1
a 16 57 6
a 17 31 2
a 17 67 6
a 18 104 9
a 18 176 1
a 18 206 8
a 18 281 1
a 19 48 3
a 19 164 7
a 19 222 8
a 20 73 5
a 21 178 6
a 21 200 7
a 22 130 10
a 22 181 4
a 23 150 10
a 24 184 1
a 24 203 4
a 24 268 7
a 25 3 5
a 25 36 1
a 25 50 2
a 25 105 3
a 26 162 3
a 27 236 2
a 28 136 2
a 29 119 3
a 29 274 9
a 30 95 9
a 31 160 7
a 32 55 5
a 33 127 8
a 33 241 3
a 34 289 7
a 35 114 7
a 36 97 4
a 37 145 9
a 37 274 6
a 38 90 6
a 39 91 10
a 39 210 6
a 39 291 10
a 40 39 7
a 40 195 9
a 40 221 1
a 41 56 2
a 41 156 8
a 42 17 6
a 42 259 5
a 42 286 3
a 43 124 5
a 43 156 10
a 43 163 8
a 43 169 4
a 44 230 10
a 45 100 2
a 45 208 5
a 45 251 4
a 46 43 4
a 46 108 6
a 46 223 2
a 46 245 5
a 47 276 5
a 48 283 1
a 49 10 1
a 49 137 1
a 49 280 10
a 50 147 8
a 51 146 8
a 51 286 3
a 52 57 3
a 52 70 4
a 53 32 3
a 53 231 1
a 54 89 3
a 54 140 4
a 54 275 1
a 55 193 4
a 55 226 8
a 55 248 10
a 56 65 1
a 56 130 4
a 57 205 7
a 58 131 1
a 58 190 4
a 59 194 6
a 59 213 10
a 60 265 9
a 60 267 5
a 61 18 3
a 61 150 10
a 61 286 10
a 62 157 5
a 62 212 3
a 62 292 10
a 62 294 8
a 63 44 2
a 63 144 10
a 64 49 4
a 64 123 5
a 64 262 9
a 65 176 3
a 66 22 7
a 67 29 4
a 67 96 7
a 68 212 10
a 69 291 6
a 70 36 4
a 70 128 8
a 71 6 9
a 71 31 9
a 71 186 3
a 71 208 6
a 72 47 8
a 73 8 9
a 74 202 3
a 75 134 2
a 75 239 7
a 76 56 5
a 76 90 5
a 76 285 5
a 77 42 1
a 78 248 10
a 79 93 10
a 79 208 6
a 80 16 4
a 80 41 9
a 80 121 2
a 81 227 1
a 81 242 7
a 82 162 9
a 82 191 1
a 83 200 8
a 83 228 3
a 84 45 3
a 84 72 8
a 84 101 10
a 84 197 3
a 84 199 8
a 85 204 4
a 86 46 9
a 87 177 8
a 88 135 9
a 89 64 9
a 89 114 10
a 89 123 3
a 89 256 5
a 90 53 9
a 90 202 4
a 91 44 7
a 91 293 2
a 92 292 10
a 93 174 6
a 93 201 5
a 94 12 2
a 94 14 6
a 95 75 6
a 95 190 8
a 95 221 7
a 96 200 7
a 97 271 10
a 97 296 5
a 98 37 10
a 98 267 9
a 99 186 10
a 100 81 6
a 100 198 2
a 101 34 9
a 101 102 4
a 101 122 8
a 101 132 10
a 101 230 4
a 101 255 9
a 101 273 2
a 101 299 4
a 102 37 3
a 102 258 2
a 103 46 7
a 103 170 5
a 104 166 4
a 105 115 2
a 106 16 5
a 106 225 7
a 106 232 3
a 107 64 1
a 107 74 9
a 108 43 5
a 108 201 2
a 108 207 3
a 109 5 6
a 109 213 6
a 109 284 9
a 110 87 3
a 111 62 9
a 112 66 10
a 112 77 7
a 112 93 4
a 112 263 2
a 113 210 6
a 114 24 3
a 114 160 1
a 114 259 1
a 115 215 8
a 115 258 7
a 116 65 4
a 116 268 9
a 117 191 2
a 118 290 9
a 119 173 8
a 120 254 10
a 121 84 7
a 121 289 10
a 121 296 8
a 122 44 6
a 122 144 9
a 122 183 10
a 123 168 9
a 123 194 3
a 124 122 2
a 125 21 10
a 125 249 8
a 125 292 2
a 126 38 1
a 127 185 1
a 127 239 1
a 128 109 6
a 128 147 9
a 128 231 2
a 129 31 2
a 130 110 3
a 130 166 7
a 131 237 5
a 132 135 8
a 132 137 6
a 133 279 8
a 134 52 4
a 134 232 2
a 135 4 4
a 135 237 6
a 135 246 2
a 135 260 9
a 136 163 10
a 137 211 4
a 138 73 5
a 138 244 7
a 139 201 7
a 140 103 5
a 141 31 8
a 142 81 1
a 142 107 5
a 142 238 9
a 143 150 2
a 143 286 4
a 144 90 4
a 144 209 6
a 145 136 5
a 145 226 5
a 146 125 4
a 146 220 5
a 146 250 3
a 146 264 6
a 147 52 2
a 148 43 6
a 148 142 3
a 149 89 4
a 150 99 5
a 150 201 10
a 151 147 3
a 151 174 10
a 151 211 9
a 152 25 4
a 152 88 10
a 152 133 4
a 152 171 10
a 153 71 2
a 154 15 7
a 154 113 3
a 154 189 4
a 155 242 9
a 155 247 3
a 156 258 5
a 157 240 2
a 158 165 1
a 159 59 4
a 159 229 4
a 160 81 8
a 160 85 9
a 161 16 2
a 161 81 6
a 161 217 5
a 161 252 1
a 162 116 5
a 162 143 5
a 162 214 7
a 163 33 2
a 163 253 7
a 164 61 2
a 164 63 1
a 164 205 1
a 164 246 6
a 165 67 8
a 166 53 3
a 166 88 3
a 166 115 2
a 167 287 5
a 167 290 3
a 168 13 9
a 168 54 10
a 168 287 9
a 169 83 9
a 169 126 3
a 169 300 7
a 170 69 7
a 170 209 1
a 170 256 4
a 170 276 5
a 171 231 5
a 172 78 7
a 172 238 9
a 173 176 3
a 173 188 10
a 174 193 1
a 175 196 1
a 176 102 10
a 176 159 2
a 176 297 9
a 177 36 9
a 178 38 3
a 178 257 4
a 178 278 10
a 179 29 9
a 179 267 9
a 180 118 9
a 180 176 7
a 180 266 2
a 181 41 1
a 181 96 9
a 181 266 1
a 182 13 1
a 182 62 5
a 182 112 5
a 183 217 6
a 184 157 4
a 185 48 8
a 185 87 5
a 186 201 10
a 186 282 7
a 187 113 1
a 187 126 4
a 187 153 10
a 188 7 7
a 188 22 10
a 189 117 6
a 190 46 1
a 190 253 9
a 191 139 8
a 191 182 2
a 191 236 2
a 192 257 2
a 193 114 3
a 194 52 1
a 195 139 10
a 195 175 7
a 196 283 6
a 197 86 2
a 197 118 8
a 198 15 10
a 198 47 3
a 199 121 7
a 199 233 9
a 200 41 1
a 200 240 10
a 201 152 2
a 201 221 3
a 202 3 6
a 202 271 10
a 203 76 7
a 203 118 5
a 203 129 4
a 204 128 3
a 204 173 4
a 205 258 3
a 206 39 2
a 206 40 7
a 206 277 4
a 207 9 1
a 208 148 2
a 208 203 6
a 208 287 9
a 209 5 9
a 209 167 3
a 210 216 5
a 211 120 9
a 211 121 5
a 211 248 9
a 212 235 6
a 213 2 5
a 213 235 2
a 213 249 5
a 214 159 8
a 214 270 10
a 215 258 2
a 216 66 7
a 216 269 8
a 217 121 9
a 218 36 2
a 219 68 2
a 219 257 10
a 219 283 8
a 220 232 10
a 221 246 10
a 222 67 4
a 222 92 7
a 223 117 4
a 223 218 6
a 224 159 4
a 224 192 6
a 225 16 5
a 226 242 6
a 226 267 6
a 227 35 2
a 227 294 7
a 228 32 4
a 228 82 9
a 228 106 10
a 228 185 3
a 229 109 2
a 229 149 5
a 229 151 4
a 229 216 1
a 230 46 3
a 231 101 3
a 231 213 10
a 231 267 7
a 232 107 8
a 232 218 2
a 233 9 3
a 234 28 10
a 234 288 2
a 235 80 3
a 235 116 5
a 235 276 5
a 235 300 2
a 236 212 1
a 237 33 8
a 237 187 10
a 238 48 6
a 238 199 5
a 239 68 5
a 240 237 2
a 241 178 2
a 242 222 4
a 242 228 7
a 243 71 7
a 243 135 4
a 244 214 8
a 245 65 9
a 245 208 10
a 245 235 6
a 245 254 6
a 245 260 4
a 246 204 5
a 247 234 5
a 248 22 2
a 249 182 5
a 250 20 1
a 250 97 5
a 251 188 4
a 252 133 6
a 252 204 1
a 253 130 9
a 253 234 1
a 253 235 9
a 254 127 3
a 255 297 2
a 256 23 1
a 256 165 8
a 256 220 6
a 257 55 6
a 257 183 10
a 257 196 5
a 258 175 4
a 258 207 8
a 259 30 6
a 259 102 5
a 259 153 2
a 259 270 10
a 260 59 6
a 260 153 4
a 261 51 5
a 261 157 3
a 262 23 3
a 262 295 1
a 263 245 3
a 264 94 7
a 265 208 5
a 266 74 4
a 266 79 10
a 266 252 8
a 267 37 3
a 267 71 3
a 267 261 4
a 268 97 7
a 268 111 10
a 268 173 3
a 268 277 2
a 269 33 8
a 269 220 2
a 270 141 9
a 270 172 7
a 270 178 5
a 271 83 5
a 272 26 9
a 272 228 1
a 273 161 5
a 273 226 7
a 273 296 3
a 274 89 9
a 274 103 5
a 274 258 9
a 275 154 5
a 275 244 4
a 276 19 6
a 276 70 5
a 276 86 7
a 277 292 10
a 278 7 10
a 278 27 5
a 278 98 4
a 278 202 8
a 278 292 5
a 279 105 4
a 280 222 6
a 280 267 6
a 281 148 9
a 281 155 5
a 281 279 5
a 281 298 3
a 282 159 6
a 283 101 4
a 284 60 5
a 284 283 4
a 285 114 5
a 286 297 8
a 287 8 5
a 287 58 3
a 287 117 1
a 287 272 3
a 288 19 1
a 289 137 10
a 290 104 2
a 290 210 1
a 291 116 5
a 291 138 8
a 291 158 4
a 292 240 4
a 293 60 3
a 294 151 1
a 294 219 5
a 294 231 2
a 295 14 3
a 295 99 2
a 295 243 8
a 295 288 10
a 296 275 4
a 297 94 5
a 297 135 1
a 298 95 1
a 298 224 5
a 298 282 5
a 299 162 10
a 299 291 3
