p max 300 600
n 1 s
n 300 t
a 1 19 10
a 1 130 4
a 1 282 9
a 2 118 8
a 2 194 3
a 3 11 1
a 3 54 7
a 3 154 6
a 4 178 10
a 5 135 10
a 6 58 10
a 6 63 2
a 7 71 10
a 7 85 6
a 8 6 3
a 9 100 3
a 9 154 4
a 9 157 2
a 9 283 10
a 10 144 3
a 11 153 7
a 11 168 1
a 11 221 8
a 12 64 8
a 12 187 10
a 12 221 4
a 13 15 8
a 13 25 4
a 13 60 6
a 13 120 9
a 13 176 8
a 14 193 8
a 14 255 4
a 15 161 3
a 15 291 3
a 16 165 2
a 17 6 7
a 17 166 1
a 18 52 9
a 18 191 10
a 19 216 9
a 19 266 5
a 20 54 7
a 20 112 8
a 20 264 3
a 21 132 3
a 21 243 6
a 22 32 9
a 22 141 5
a 22 237 4
a 23 276 8
a 24 122 2
a 24 239 8
a 25 45 7
a 25 88 5
a 26 18 6
a 26 115 3
a 27 128 10
a 28 206 8
a 29 196 3
a 29 208 8
a 29 214 4
a 29 270 6
a 30 58 8
a 31 285 9
a 32 284 3
a 33 135 1
a 34 124 2
a 35 100 1
a 36 37 2
a 36 114 1
a 36 299 7
a 37 13 4
a 37 291 8
a 38 252 5
a 39 77 3
a 40 2 4
a 41 113 6
a 41 146 10
a 41 298 3
a 42 15 5
a 42 175 4
a 43 255 4
a 44 224 6
a 45 121 10
a 46 67 3
a 46 73 2
a 47 89 5
a 48 222 6
a 49 46 3
a 49 105 3
a 50 291 9
a 51 45 2
a 51 97 3
a 51 158 5
a 52 239 1
a 53 81 4
a 54 79 3
a 54 83 7
a 54 294 4
a 55 46 3
a 55 98 3
a 55 181 9
a 56 17 7
a 56 138 5
a 57 39 9
a 57 97 10
a 57 114 4
a 57 217 9
a 58 108 5
a 58 150 10
a 58 256 2
a 59 87 7
a 59 167 1
a 60 113 2
a 61 85 9
a 62 225 5
a 63 69 7
a 63 255 3
a 64 59 3
a 64 225 6
a 65 18 3
a 65 173 9
a 66 29 1
a 66 171 8
a 66 279 1
a 67 74 2
a 68 230 2
a 68 299 2
a 69 218 6
a 70 19 6
a 70 132 4
a 71 12 2
a 71 155 2
a 71 201 5
a 72 125 2
a 72 284 5
a 73 141 8
a 73 238 10
a 73 280 6
a 74 132 5
a 75 28 4
a 75 49 10
a 75 86 6
a 76 87 8
a 77 4 3
a 77 127 9
a 77 263 9
a 77 285 10
a 78 186 5
a 79 117 2
a 79 153 4
a 79 188 1
a 80 65 1
a 80 151 1
a 80 240 7
a 80 271 2
a 81 179 8
a 82 174 9
a 82 218 5
a 83 10 5
a 83 48 5
a 84 73 7
a 84 251 1
a 85 264 3
a 86 214 8
a 86 254 8
a 87 169 9
a 87 227 4
a 88 32 2
a 88 90 4
a 88 94 10
a 89 131 6
a 89 152 5
a 89 215 10
a 90 283 1
a 91 234 4
a 92 113 8
a 92 131 8
a 92 259 10
a 93 30 3
a 93 295 4
a 94 5 6
a 94 41 5
a 95 83 5
a 95 148 6
a 96 14 6
a 96 185 4
a 97 94 1
a 97 245 10
a 98 126 7
a 98 274 3
a 98 275 4
a 99 161 6
a 100 300 1
a 101 156 9
a 102 125 9
a 102 163 9
a 102 296 8
a 103 124 3
a 103 179 6
a 103 261 1
a 104 51 1
a 104 102 7
a 104 268 6
a 104 273 3
a 105 130 7
a 105 220 5
a 106 13 10
a 106 206 9
a 107 134 2
a 108 83 3
a 108 226 2
a 109 48 2
a 109 96 9
a 110 178 9
a 110 246 6
a 110 266 7
a 110 271 8
a 111 97 9
a 111 145 7
a 112 40 4
a 112 51 8
a 113 99 1
a 113 188 4
a 114 87 3
a 114 139 6
a 115 287 9
a 116 7 1
a 116 84 7
a 116 169 7
a 116 192 10
a 116 253 5
a 117 179 10
a 118 173 10
a 119 103 6
a 119 131 5
a 119 239 6
a 120 49 5
a 121 61 2
a 121 74 7
a 121 200 2
a 122 205 1
a 123 146 8
a 123 177 10
a 124 29 8
a 124 210 1
a 124 270 2
a 125 222 7
a 125 232 10
a 125 295 1
a 126 292 8
a 127 34 8
a 127 190 3
a 127 193 8
a 128 71 2
a 128 209 7
a 129 209 2
a 130 70 3
a 130 207 5
a 130 236 8
a 130 281 1
a 131 19 7
a 131 93 5
a 132 18 10
a 132 66 3
a 133 28 9
a 133 141 10
a 133 244 2
a 134 96 6
a 134 111 4
a 135 107 10
a 135 165 4
a 136 142 8
a 136 159 2
a 137 2 5
a 137 201 5
a 137 211 4
a 138 178 2
a 139 36 7
a 139 46 1
a 140 165 5
a 140 261 10
a 141 144 3
a 141 170 1
a 142 245 4
a 142 272 10
a 143 203 3
a 143 254 10
a 143 286 6
a 144 82 4
a 144 160 9
a 145 58 5
a 145 71 9
a 146 80 7
a 146 258 3
a 147 107 10
a 147 148 2
a 147 220 2
a 148 116 1
a 148 122 6
a 149 22 8
a 149 277 7
a 150 42 8
a 150 69 4
a 151 73 7
a 151 117 4
a 152 72 5
a 152 193 5
a 153 55 3
a 153 189 2
a 154 13 2
a 155 186 5
a 156 162 7
a 157 96 4
a 157 105 2
a 158 225 8
a 158 293 7
a 159 241 8
a 160 12 8
a 160 23 9
a 161 172 2
a 161 261 10
a 162 55 8
a 162 85 7
a 163 18 9
a 163 234 2
a 164 116 8
a 164 248 1
a 165 3 1
a 165 12 1
a 165 119 3
a 165 289 10
a 165 297 6
a 166 40 4
a 167 259 6
a 168 16 7
a 168 161 1
a 169 108 4
a 169 190 4
a 170 24 1
a 170 39 7
a 171 121 9
a 171 268 1
a 172 231 8
a 172 290 7
a 173 105 7
a 174 61 4
a 174 89 1
a 174 149 5
a 174 256 2
a 175 59 7
a 175 129 7
a 176 20 1
a 176 222 4
a 176 236 4
a 177 184 4
a 177 208 4
a 178 144 5
a 179 32 10
a 179 38 7
a 180 111 4
a 180 257 7
a 181 256 4
a 182 49 7
a 183 62 8
a 183 112 2
a 183 138 7
a 183 139 3
a 184 225 8
a 185 233 7
a 186 49 5
a 186 185 10
a 186 212 5
a 186 241 8
a 186 249 5
a 187 188 5
a 188 298 8
a 189 50 6
a 190 95 4
a 191 133 9
a 191 172 4
a 192 163 5
a 193 69 9
a 193 194 3
a 194 209 6
a 195 9 8
a 195 15 1
a 195 47 4
a 196 137 10
a 196 297 7
a 197 10 9
a 197 157 1
a 198 26 2
a 198 228 6
a 199 247 9
a 199 276 2
a 200 110 2
a 201 160 8
a 201 202 10
a 201 273 5
a 202 82 6
a 202 205 4
a 203 137 4
a 204 195 2
a 204 210 3
a 205 108 7
a 206 88 6
a 207 200 10
a 208 56 6
a 208 197 7
a 208 224 6
a 209 232 8
a 210 116 6
a 210 190 6
a 211 139 3
a 211 217 6
a 211 276 7
a 212 134 3
a 212 225 7
a 213 163 9
a 213 201 6
a 214 114 9
a 215 50 6
a 215 204 3
a 215 213 5
a 216 104 2
a 216 263 1
a 217 56 2
a 218 31 8
a 218 148 1
a 219 22 1
a 220 290 9
a 221 35 5
a 222 49 4
a 223 237 5
a 224 269 8
a 224 297 1
a 225 21 3
a 225 41 3
a 226 122 9
a 226 245 2
a 226 278 3
a 227 8 5
a 227 233 9
a 228 101 7
a 228 222 7
a 228 233 3
a 229 226 6
a 230 91 4
a 230 262 10
a 231 2 9
a 232 157 10
a 232 164 3
a 233 183 2
a 233 244 3
a 234 114 6
a 235 144 7
a 235 156 4
a 235 186 8
a 236 128 4
a 236 135 8
a 236 174 3
a 237 233 6
a 238 136 10
a 239 23 4
a 239 123 10
a 239 265 3
a 240 136 7
a 240 272 3
a 241 43 5
a 241 44 1
a 241 121 9
a 241 158 4
a 241 182 9
a 242 40 4
a 242 225 5
a 243 179 7
a 244 22 7
a 244 70 4
a 244 224 3
a 244 263 9
a 245 116 9
a 245 225 3
a 246 65 5
a 246 98 5
a 246 223 3
a 247 41 1
a 247 250 1
a 248 254 3
a 249 284 3
a 250 166 6
a 251 17 5
a 251 144 5
a 251 287 4
a 252 110 2
a 252 176 4
a 253 80 8
a 253 239 1
a 253 262 10
a 254 123 3
a 254 198 4
a 254 213 6
a 254 235 2
a 255 107 8
a 256 183 4
a 256 242 5
a 257 82 2
a 257 143 9
a 257 202 7
a 258 27 2
a 258 128 7
a 259 42 1
a 259 208 7
a 260 75 10
a 260 89 2
a 260 107 2
a 261 18 10
a 262 50 7
a 262 192 10
a 263 106 10
a 264 191 8
a 265 53 10
a 265 209 3
a 266 16 9
a 267 219 10
a 267 252 5
a 268 56 1
a 268 57 10
a 268 92 10
a 269 115 2
a 269 175 3
a 269 221 4
a 269 291 1
a 270 21 4
a 270 202 6
a 270 300 5
a 271 70 9
a 271 88 10
a 271 229 9
a 271 260 3
a 272 9 7
a 273 63 10
a 273 147 5
a 274 246 5
a 275 162 4
a 275 180 2
a 275 244 6
a 276 29 9
a 276 191 6
a 276 267 2
a 277 259 5
a 278 77 3
a 278 135 1
a 279 81 3
a 279 85 10
a 279 292 5
a 280 14 9
a 281 125 7
a 282 23 8
a 282 33 4
a 282 164 2
a 283 96 8
a 283 109 7
a 283 135 9
a 283 140 4
a 283 209 8
a 283 231 2
a 283 288 3
a 284 159 3
a 285 136 4
a 286 68 10
a 286 235 4
a 287 95 8
a 287 242 9
a 288 20 10
a 288 180 8
a 289 142 1
a 289 158 5
a 289 274 1
a 290 119 2
a 290 252 1
a 291 42 2
a 291 300 6
a 292 76 10
a 292 78 10
a 292 161 2
a 292 179 2
a 293 50 10
a 294 122 10
a 294 199 8
a 295 41 9
a 295 106 10
a 295 187 2
a 296 244 4
a 297 209 9
a 297 249 2
a 298 35 2
a 298 192 5
a 299 268 10
