p max 300 600
n 1 s
n 300 t
a 1 60 7
a 1 61 2
a 1 77 6
a 1 181 6
a 1 186 9
a 1 251 3
a 1 260 5
a 2 33 9
a 2 50 2
a 2 231 10
a 3 36 4
a 3 158 1
a 3 166 1
a 4 256 4
a 4 257 1
a 5 56 1
a 5 184 8
a 6 93 2
a 6 102 9
a 6 202 4
a 6 205 6
a 7 87 8
a 8 182 10
a 9 51 6
a 9 299 3
a 10 230 4
a 10 268 10
a 11 4 3
a 11 165 1
a 11 193 8
a 12 86 10
a 12 104 6
a 13 129 8
a 13 273 1
a 14 289 10
a 15 62 10
a 16 127 8
a 17 276 5
a 17 277 6
a 18 13 5
a 18 27 9
a 18 102 5
a 18 133 3
a 18 143 8
a 18 168 4
a 18 227 3
a 18 241 7
a 19 72 8
a 19 293 4
a 20 112 1
a 20 177 10
a 21 24 10
a 21 175 3
a 21 288 4
a 22 205 3
a 22 215 5
a 23 153 9
a 24 191 7
a 24 193 9
a 24 201 6
a 25 78 1
a 26 177 2
a 27 263 3
a 28 286 2
a 29 211 1
a 29 212 5
a 29 249 2
a 30 92 4
a 30 120 8
a 31 18 10
a 32 117 3
a 32 243 2
a 32 284 5
a 33 180 10
a 33 224 6
a 34 19 3
a 34 142 9
a 35 3 5
a 35 114 2
a 35 244 8
a 36 6 7
a 36 67 5
a 37 121 1
a 37 255 8
a 37 281 4
a 38 112 3
a 39 117 1
a 40 148 6
a 41 45 2
a 42 10 8
a 42 148 8
a 42 196 2
a 42 223 10
a 43 121 3
a 43 159 10
a 44 251 7
a 45 17 1
a 45 35 1
a 45 120 3
a 45 131 4
a 45 138 3
a 45 175 2
a 46 194 9
a 47 28 2
a 47 99 5
a 47 271 7
a 48 13 7
a 48 262 4
a 49 136 5
a 49 216 2
a 50 25 7
a 50 200 6
a 51 80 5
a 51 120 8
a 52 139 2
a 52 179 4
a 52 275 4
a 53 13 9
a 53 204 6
a 54 61 6
a 54 97 1
a 55 276 7
a 56 224 9
a 57 186 9
a 58 38 3
a 58 101 2
a 58 180 4
a 58 186 10
a 59 58 6
a 59 90 7
a 59 213 2
a 60 239 4
a 61 40 9
a 62 127 2
a 63 149 2
a 63 155 9
a 64 84 6
a 64 239 3
a 65 227 8
a 66 138 6
a 66 252 8
a 66 253 9
a 67 33 6
a 67 103 8
a 67 108 10
a 68 50 4
a 68 110 4
a 68 149 3
a 69 122 5
a 69 176 4
a 69 201 6
a 69 261 3
a 70 35 6
a 70 154 4
a 71 281 8
a 72 215 8
a 73 40 6
a 73 83 6
a 73 124 5
a 73 139 9
a 74 11 5
a 74 76 1
a 74 142 9
a 75 298 2
a 76 103 8
a 76 183 4
a 77 208 4
a 77 282 8
a 78 126 6
a 78 127 5
a 79 105 3
a 79 271 2
a 80 189 9
a 80 268 9
a 81 31 1
a 82 73 3
a 82 99 2
a 82 214 3
a 83 248 9
a 84 136 7
a 84 166 4
a 84 258 4
a 84 266 6
a 85 146 3
a 85 203 3
a 86 79 8
a 87 113 3
a 87 166 3
a 88 124 4
a 89 38 7
a 90 215 7
a 91 219 8
a 91 270 8
a 92 49 4
a 92 77 7
a 93 120 1
a 94 64 1
a 94 190 8
a 95 159 7
a 96 12 4
a 96 66 2
a 97 272 3
a 98 124 9
a 99 130 6
a 100 291 7
a 101 117 6
a 101 240 3
a 102 118 8
a 102 233 4
a 103 256 6
a 103 297 2
a 104 73 5
a 105 98 1
a 105 274 1
a 106 132 8
a 107 172 10
a 108 41 7
a 108 178 9
a 108 299 4
a 109 54 7
a 109 248 7
a 110 174 9
a 110 236 8
a 110 276 10
a 111 116 7
a 111 192 5
a 112 44 1
a 112 150 8
a 113 61 9
a 113 126 7
a 113 199 6
a 113 235 9
a 114 238 10
a 114 259 4
a 115 264 6
a 116 137 10
a 116 144 7
a 116 283 6
a 117 37 7
a 117 198 1
a 118 82 4
a 118 128 4
a 119 12 10
a 119 26 6
a 119 103 5
a 120 238 9
a 121 5 1
a 121 75 8
a 121 105 5
a 121 244 9
a 121 259 4
a 122 38 5
a 122 125 8
a 122 290 2
a 123 52 4
a 123 246 5
a 124 244 10
a 124 300 7
a 125 68 1
a 126 11 8
a 127 219 9
a 127 225 2
a 127 236 8
a 128 294 10
a 129 132 4
a 130 167 10
a 130 292 3
a 130 296 3
a 131 70 1
a 131 216 10
a 132 159 4
a 133 33 9
a 134 21 5
a 134 64 1
a 135 129 5
a 135 211 7
a 136 10 4
a 136 285 9
a 137 267 10
a 137 269 8
a 138 289 9
a 139 89 7
a 139 185 2
a 139 202 3
a 140 63 7
a 140 172 10
a 140 263 10
a 140 271 9
a 141 21 10
a 142 18 8
a 142 252 6
a 142 253 1
a 143 59 9
a 144 139 2
a 144 232 6
a 144 289 3
a 145 91 9
a 145 239 3
a 146 7 10
a 146 283 7
a 147 246 2
a 147 280 2
a 148 271 3
a 149 229 4
a 150 43 3
a 150 97 3
a 150 248 8
a 151 103 3
a 151 203 3
a 151 287 3
a 152 30 7
a 152 164 1
a 153 212 9
a 154 85 4
a 154 235 3
a 155 21 10
a 155 45 7
a 155 206 9
a 156 171 1
a 156 233 5
a 157 202 10
a 158 34 6
a 158 89 2
a 158 237 9
a 158 250 8
a 159 207 9
a 159 300 5
a 160 220 6
a 160 275 1
a 161 2 6
a 161 182 4
a 161 198 8
a 162 121 8
a 162 169 1
a 163 4 4
a 164 23 9
a 164 130 10
a 164 218 10
a 165 9 1
a 165 19 6
a 165 242 2
a 166 160 3
a 166 209 3
a 167 176 7
a 167 222 9
a 168 218 7
a 169 170 9
a 170 245 4
a 171 19 3
a 171 87 10
a 172 293 7
a 173 34 7
a 173 195 4
a 173 229 10
a 174 83 10
a 174 207 10
a 175 95 1
a 175 114 7
a 176 179 10
a 177 69 4
a 177 139 4
a 178 195 10
a 179 48 4
a 179 140 7
a 179 243 9
a 179 250 8
a 180 2 4
a 180 76 3
a 181 15 9
a 181 111 9
a 181 152 3
a 181 237 10
a 182 54 6
a 182 210 2
a 182 265 7
a 183 46 5
a 183 94 7
a 183 254 10
a 184 252 1
a 185 57 1
a 186 71 8
a 186 73 9
a 187 10 6
a 187 39 2
a 188 7 7
a 188 287 4
a 189 20 5
a 189 109 6
a 189 114 8
a 190 207 5
a 191 35 2
a 191 53 1
a 191 151 6
a 192 6 7
a 192 167 10
a 193 14 9
a 193 115 5
a 193 289 7
a 193 294 10
a 194 156 3
a 194 248 3
a 194 257 8
a 194 286 6
a 195 112 6
a 195 164 3
a 195 296 8
a 196 96 2
a 196 261 9
a 197 139 3
a 197 196 9
a 197 248 5
a 198 164 2
a 199 16 4
a 199 32 6
a 199 200 4
a 200 56 4
a 200 142 7
a 200 249 10
a 201 42 10
a 201 189 9
a 201 225 9
a 201 230 3
a 202 119 3
a 202 216 3
a 203 259 8
a 204 268 9
a 205 106 3
a 205 237 2
a 206 184 1
a 207 19 6
a 207 197 6
a 208 63 7
a 209 109 3
a 210 190 6
a 210 267 6
a 211 59 1
a 211 200 6
a 212 17 5
a 212 270 6
a 213 69 5
a 213 118 8
a 214 12 6
a 214 47 10
a 214 74 7
a 215 13 9
a 215 147 2
a 215 245 1
a 216 100 10
a 217 23 6
a 217 94 1
a 218 194 9
a 218 221 2
a 219 81 3
a 219 82 10
a 219 136 4
a 219 182 7
a 220 31 3
a 221 217 10
a 222 279 8
a 223 39 9
a 224 227 3
a 225 89 10
a 226 236 9
a 227 280 10
a 227 295 6
a 228 63 2
a 228 173 1
a 229 82 10
a 230 100 10
a 230 132 7
a 231 109 9
a 232 162 10
a 233 162 5
a 233 187 8
a 234 298 10
a 235 16 1
a 235 99 2
a 236 9 2
a 236 187 8
a 237 121 9
a 237 247 2
a 237 274 1
a 238 216 7
a 239 102 4
a 239 165 5
a 239 278 1
a 240 123 7
a 241 242 3
a 242 35 1
a 243 22 3
a 243 150 3
a 243 188 8
a 244 115 2
a 244 298 6
a 245 68 9
a 245 133 7
a 246 56 4
a 247 161 3
a 247 200 6
a 247 226 3
a 248 110 2
a 249 91 7
a 249 118 8
a 250 153 1
a 251 29 6
a 251 135 2
a 251 229 3
a 252 290 8
a 253 52 1
a 253 167 9
a 253 228 8
a 254 31 3
a 254 78 10
a 254 107 2
a 255 74 6
a 256 106 1
a 256 157 9
a 256 254 10
a 256 272 7
a 257 62 2
a 257 178 8
a 258 95 9
a 258 255 1
a 258 269 2
a 259 8 2
a 259 208 9
a 259 219 6
a 260 132 10
a 260 133 4
a 260 145 5
a 261 110 9
a 261 153 1
a 262 90 3
a 262 155 7
a 263 55 6
a 263 65 10
a 263 297 7
a 264 136 9
a 265 139 7
a 265 192 1
a 266 74 6
a 266 163 7
a 267 246 4
a 268 273 6
a 268 279 4
a 269 84 4
a 270 82 8
a 270 108 6
a 270 136 4
a 271 160 4
a 271 194 7
a 271 266 3
a 272 261 9
a 272 291 6
a 273 107 6
a 273 255 3
a 273 293 6
a 274 226 9
a 275 191 3
a 276 114 9
a 276 234 9
a 277 102 2
a 277 299 6
a 278 215 9
a 279 230 4
a 280 231 1
a 281 46 6
a 281 81 5
a 281 264 5
a 282 45 3
a 282 196 7
a 283 86 4
a 283 100 3
a 284 38 3
a 285 259 4
a 286 134 7
a 286 253 4
a 287 73 7
a 287 217 8
a 288 151 1
a 289 6 7
a 290 123 6
a 290 236 8
a 291 281 6
a 292 72 3
a 293 71 4
a 294 69 7
a 295 44 4
a 295 79 10
a 295 97 4
a 295 141 2
a 295 185 1
a 295 228 5
a 296 229 10
a 297 177 2
a 298 88 5
a 298 155 5
a 299 57 4
a 299 170 1
a 299 187 3
