p max 300 600
n 1 s
n 300 t
a 1 173 8
a 1 226 10
a 2 94 8
a 2 199 4
a 2 210 10
a 3 192 4
a 3 193 3
a 3 196 1
a 4 24 8
a 4 193 10
a 4 286 1
a 5 36 4
a 5 82 1
a 6 15 7
a 6 38 6
a 7 205 6
a 8 201 9
a 9 184 8
a 10 37 4
a 10 285 2
a 11 56 7
a 11 140 3
a 11 265 7
a 12 85 9
a 13 103 10
a 13 263 9
a 13 295 8
a 14 118 3
a 15 58 6
a 15 181 7
a 16 266 2
a 17 68 5
a 18 6 9
a 18 43 6
a 19 53 2
a 19 58 8
a 19 60 9
a 19 105 10
a 20 120 7
a 20 174 7
a 20 193 9
a 21 67 1
a 21 149 4
a 22 117 3
a 22 165 7
a 23 21 10
a 23 27 2
a 23 137 8
a 24 37 9
a 25 70 9
a 25 140 5
a 26 288 3
a 27 14 4
a 27 141 8
a 27 143 7
a 28 15 3
a 28 298 5
a 29 196 9
a 29 226 5
a 30 101 10
a 30 155 5
a 31 200 5
a 31 249 9
a 32 5 10
a 32 93 7
a 32 166 8
a 32 215 7
a 32 272 9
a 32 300 5
a 33 137 10
a 34 127 3
a 35 138 2
a 36 160 5
a 36 193 9
a 37 35 3
a 37 245 4
a 38 16 5
a 38 265 1
a 39 224 7
a 40 86 1
a 40 106 3
a 41 55 3
a 41 187 6
a 42 35 10
a 42 295 4
a 43 166 7
a 43 253 8
a 44 10 1
a 44 195 6
a 45 133 7
a 46 3 6
a 46 272 4
a 47 8 10
a 47 133 8
a 48 54 1
a 48 162 5
a 48 191 10
a 49 183 9
a 49 197 10
a 50 55 6
a 50 205 3
a 51 100 9
a 52 120 2
a 52 122 10
a 53 67 2
a 53 108 6
a 53 231 3
a 54 45 2
a 54 113 4
a 55 219 1
a 55 232 9
a 56 215 1
a 57 152 1
a 58 89 2
a 58 178 7
a 59 134 4
a 59 149 5
a 60 17 9
a 60 237 9
a 61 66 1
a 61 84 9
a 61 213 2
a 61 281 7
a 62 161 9
a 62 230 3
a 62 244 8
a 63 94 4
a 63 204 6
a 64 117 2
a 65 79 4
a 65 245 5
a 66 89 5
a 66 241 5
a 67 19 4
a 67 247 10
a 68 226 2
a 69 130 8
a 69 260 2
a 70 129 5
a 70 206 1
a 70 278 10
a 71 95 10
a 71 136 8
a 72 23 5
a 72 51 2
a 72 70 6
a 72 164 10
a 72 235 7
a 72 274 2
a 73 34 9
a 73 135 2
a 73 271 9
a 74 104 5
a 75 16 7
a 75 254 9
a 76 82 9
a 77 107 3
a 77 177 9
a 78 20 4
a 78 144 1
a 78 279 6
a 79 132 10
a 79 133 8
a 79 187 10
a 79 197 7
a 80 136 9
a 80 233 4
a 80 274 8
a 81 229 1
a 82 148 5
a 82 271 2
a 82 288 5
a 83 274 6
a 84 41 4
a 84 88 5
a 84 206 2
a 85 163 10
a 86 175 3
a 87 189 4
a 88 248 1
a 89 81 9
a 89 157 5
a 90 61 8
a 90 78 5
a 90 92 5
a 91 18 10
a 91 180 4
a 91 215 6
a 92 17 2
a 93 54 10
a 93 240 6
a 94 35 6
a 94 299 4
a 95 129 7
a 95 257 7
a 96 158 10
a 96 260 8
a 97 61 8
a 97 84 1
a 97 163 6
a 98 144 4
a 98 217 4
a 99 252 1
a 100 17 4
a 100 63 6
a 100 259 8
a 101 44 2
a 101 100 5
a 101 211 5
a 101 293 2
a 102 269 1
a 103 15 10
a 103 44 5
a 104 22 8
a 104 72 8
a 104 80 1
a 104 165 5
a 105 130 5
a 105 158 6
a 105 179 4
a 105 203 3
a 105 261 1
a 106 238 9
a 107 59 3
a 107 183 5
a 108 203 9
a 108 276 4
a 109 14 8
a 109 147 1
a 110 85 10
a 110 284 6
a 111 128 2
a 112 184 3
a 112 225 6
a 112 231 9
a 113 140 7
a 113 150 4
a 114 24 10
a 114 57 8
a 115 121 8
a 115 187 5
a 115 198 2
a 116 66 2
a 116 110 6
a 116 238 7
a 117 229 10
a 118 49 5
a 118 103 10
a 118 296 3
a 119 19 10
a 119 151 6
a 119 250 6
a 120 44 2
a 121 196 2
a 121 243 6
a 122 43 1
a 122 90 8
a 123 71 1
a 123 119 2
a 123 272 8
a 124 104 8
a 124 114 6
a 125 9 10
a 125 176 9
a 126 95 1
a 127 189 4
a 127 236 4
a 127 244 1
a 127 255 3
a 128 201 8
a 128 284 1
a 128 294 4
a 129 116 1
a 130 13 3
a 130 180 5
a 131 109 10
a 131 256 4
a 131 275 4
a 132 77 1
a 132 119 10
a 133 18 3
a 133 63 7
a 133 85 3
a 133 191 1
a 134 15 7
a 135 29 8
a 136 226 1
a 137 127 8
a 137 189 1
a 138 31 2
a 138 106 4
a 138 298 7
a 139 172 9
a 139 241 4
a 139 294 8
a 140 282 8
a 141 86 4
a 141 212 1
a 141 288 3
a 142 87 5
a 142 252 7
a 142 270 8
a 143 26 2
a 143 48 2
a 143 199 5
a 144 110 8
a 145 81 5
a 145 190 6
a 145 298 4
a 146 158 1
a 146 224 8
a 147 118 8
a 148 81 4
a 149 96 10
a 149 213 2
a 149 216 10
a 149 295 7
a 150 241 3
a 151 201 7
a 152 204 3
a 153 50 3
a 153 152 9
a 154 37 8
a 154 134 8
a 155 112 8
a 155 211 7
a 156 15 7
a 156 80 6
a 156 194 10
a 157 4 7
a 157 25 8
a 157 34 9
a 158 42 7
a 159 133 7
a 160 134 8
a 160 242 1
a 161 77 4
a 161 264 7
a 162 76 1
a 162 204 8
a 163 39 10
a 163 74 8
a 164 200 10
a 165 168 3
a 165 250 1
a 166 116 6
a 166 131 2
a 166 185 8
a 166 262 9
a 167 289 7
a 168 26 7
a 169 102 5
a 169 111 8
a 169 190 7
a 169 277 7
a 170 165 9
a 171 212 7
a 172 4 4
a 173 52 7
a 173 82 10
a 174 11 9
a 174 234 7
a 174 266 10
a 174 271 6
a 175 58 1
a 175 177 7
a 176 9 8
a 176 46 2
a 176 139 2
a 176 262 1
a 176 297 6
a 177 114 8
a 178 13 4
a 178 268 7
a 179 32 9
a 179 299 10
a 180 6 5
a 180 54 4
a 180 222 7
a 181 180 6
a 181 209 4
a 182 265 7
a 183 5 3
a 184 47 4
a 184 199 5
a 185 231 6
a 186 294 8
a 187 43 10
a 187 104 1
a 187 186 3
a 188 107 7
a 188 153 9
a 188 291 4
a 189 101 4
a 189 146 10
a 189 156 2
a 190 17 8
a 190 153 4
a 191 123 1
a 191 253 2
a 192 95 2
a 192 246 6
a 193 52 6
a 194 29 1
a 194 128 3
a 195 183 8
a 195 280 3
a 196 185 8
a 196 187 7
a 196 200 2
a 197 7 6
a 197 40 10
a 197 189 2
a 197 232 8
a 198 91 2
a 198 164 10
a 199 99 9
a 199 218 4
a 199 230 4
a 200 64 2
a 200 108 1
a 201 74 5
a 202 232 1
a 203 205 1
a 204 188 10
a 204 265 5
a 205 118 5
a 206 300 7
a 207 119 7
a 207 229 7
a 208 30 9
a 208 174 5
a 208 217 4
a 209 70 8
a 210 149 5
a 211 248 5
a 212 257 1
a 213 154 6
a 213 202 9
a 213 274 3
a 214 53 1
a 214 68 2
a 215 97 1
a 215 183 2
a 215 283 5
a 216 252 10
a 217 287 5
a 218 31 5
a 218 36 3
a 219 107 3
a 219 227 9
a 220 149 1
a 221 213 10
a 222 249 2
a 223 226 10
a 224 101 10
a 224 137 3
a 225 166 9
a 226 125 10
a 226 182 1
a 226 280 1
a 227 115 1
a 227 256 10
a 228 60 8
a 228 142 2
a 229 176 8
a 230 46 5
a 231 12 9
a 231 270 9
a 231 275 10
a 232 167 1
a 232 260 2
a 233 180 1
a 234 159 7
a 234 171 3
a 234 220 10
a 235 43 1
a 235 107 8
a 235 173 2
a 236 38 10
a 236 258 9
a 237 66 4
a 238 91 4
a 238 216 9
a 239 186 7
a 240 69 3
a 240 81 10
a 240 270 7
a 241 275 3
a 242 74 9
a 242 140 8
a 242 220 1
a 242 282 8
a 243 75 9
a 243 79 8
a 244 41 1
a 245 88 4
a 245 195 9
a 245 247 6
a 246 65 2
a 246 138 7
a 246 180 2
a 247 21 2
a 247 42 4
a 247 143 2
a 248 252 1
a 249 73 10
a 249 190 6
a 250 223 2
a 251 28 6
a 251 129 4
a 252 114 8
a 253 101 4
a 253 269 3
a 253 288 9
a 254 138 3
a 255 99 2
a 256 129 8
a 256 248 7
a 256 271 5
a 257 52 6
a 258 106 9
a 258 204 5
a 259 27 10
a 259 33 7
a 260 246 9
a 261 214 7
a 261 239 4
a 261 292 1
a 262 83 4
a 263 158 9
a 263 169 6
a 264 46 2
a 265 264 8
a 266 297 2
a 267 126 8
a 267 159 8
a 267 223 6
a 268 148 9
a 269 27 1
a 269 145 1
a 269 196 5
a 270 92 10
a 271 204 9
a 271 208 1
a 272 290 2
a 273 276 2
a 273 287 7
a 274 185 1
a 274 207 8
a 274 281 6
a 275 50 6
a 275 157 5
a 275 273 4
a 276 3 7
a 276 128 1
a 277 62 3
a 277 175 10
a 277 227 9
a 278 98 6
a 278 147 9
a 279 2 2
a 279 32 1
a 279 48 9
a 279 124 4
a 279 242 10
a 280 56 1
a 281 209 3
a 282 103 6
a 282 300 7
a 283 59 8
a 283 289 8
a 284 45 9
a 284 288 4
a 285 9 9
a 285 118 10
a 285 214 1
a 285 221 8
a 286 98 1
a 287 191 9
a 288 62 10
a 288 244 6
a 289 197 2
a 289 267 8
a 289 290 8
a 290 132 5
a 290 170 5
a 291 282 7
a 292 92 6
a 292 204 5
a 293 233 3
a 294 108 7
a 294 228 4
a 295 90 7
a 295 251 9
a 296 83 6
a 296 223 1
a 297 267 3
a 298 75 5
a 299 140 5
