p max 300 600
n 1 s
n 300 t
a 1 298 9
a 2 25 6
a 3 78 4
a 3 79 8
a 3 259 10
a 4 252 4
a 5 72 4
a 5 79 8
a 5 241 6
a 6 2 5
a 6 95 3
a 6 274 8
a 7 18 8
a 8 221 5
a 8 300 5
a 9 16 5
a 9 136 4
a 9 236 2
a 10 278 2
a 11 75 8
a 11 261 10
a 12 122 4
a 13 172 8
a 13 181 6
a 13 193 10
a 14 224 7
a 15 149 3
a 16 200 3
a 16 237 6
a 17 290 5
a 18 10 6
a 18 162 8
a 18 282 8
a 19 229 6
a 19 248 8
a 20 100 5
a 21 89 1
a 21 191 7
a 22 72 9
a 22 252 10
a 23 184 4
a 23 262 7
a 24 275 9
a 25 209 8
a 25 257 9
a 26 52 7
a 26 148 5
a 26 239 8
a 27 28 1
a 27 44 5
a 27 174 2
a 28 3 5
a 28 34 8
a 28 217 10
a 29 13 1
a 29 118 7
a 29 134 8
a 30 84 6
a 30 139 3
a 30 288 8
a 30 289 9
a 31 10 2
a 32 255 10
a 33 215 7
a 34 99 8
a 34 129 10
a 34 229 7
a 35 66 10
a 35 120 7
a 36 182 1
a 36 220 1
a 37 106 7
a 37 254 5
a 38 6 4
a 38 269 8
a 39 228 6
a 40 147 10
a 41 88 3
a 41 193 10
a 42 97 1
a 42 160 10
a 42 294 8
a 43 32 10
a 43 162 2
a 43 270 2
a 44 31 6
a 44 93 5
a 45 216 5
a 45 219 6
a 46 9 10
a 46 89 2
a 46 265 10
a 47 33 8
a 47 153 6
a 47 179 6
a 47 249 7
a 48 12 6
a 48 127 2
a 49 74 3
a 49 176 8
a 50 51 2
a 51 49 8
a 51 70 4
a 51 261 4
a 52 177 7
a 52 224 8
a 53 40 2
a 54 256 7
a 55 163 10
a 56 73 10
a 56 140 3
a 57 73 10
a 57 89 4
a 58 21 1
a 58 275 3
a 59 24 5
a 59 27 9
a 59 180 10
a 59 236 9
a 59 251 7
a 60 226 6
a 61 70 9
a 61 277 2
a 62 125 2
a 62 204 8
a 63 116 2
a 63 152 2
a 63 292 9
a 64 60 7
a 64 67 1
a 65 137 9
a 65 232 6
a 66 38 8
a 66 147 4
a 67 87 2
a 67 245 6
a 68 100 2
a 68 101 4
a 68 171 9
a 69 86 7
a 70 281 2
a 71 7 3
a 71 131 10
a 71 238 5
a 72 236 3
a 73 114 9
a 73 122 1
a 74 209 2
a 74 254 6
a 75 72 1
a 75 102 10
a 76 48 5
a 77 29 5
a 77 125 7
a 77 246 4
a 77 262 1
a 78 58 10
a 78 90 1
a 78 159 9
a 78 192 5
a 79 273 10
a 79 276 7
a 80 189 10
a 80 285 2
a 80 290 5
a 81 191 7
a 82 91 2
a 82 196 2
a 82 213 2
a 82 231 5
a 83 227 6
a 83 228 9
a 83 274 10
a 84 17 5
a 84 39 4
a 84 286 9
a 85 220 8
a 86 92 10
a 86 274 5
a 87 143 7
a 87 279 7
a 88 43 3
a 89 31 4
a 89 103 5
a 89 123 1
a 89 234 5
a 90 100 7
a 91 100 7
a 92 110 4
a 92 217 9
a 93 104 8
a 93 115 1
a 93 214 10
a 94 204 3
a 94 285 7
a 95 30 1
a 95 141 10
a 96 21 7
a 96 136 3
a 97 3 10
a 97 18 6
a 97 145 3
a 98 145 9
a 99 69 4
a 99 109 6
a 100 164 9
a 101 273 10
a 102 25 1
a 102 186 2
a 102 250 7
a 103 8 8
a 103 46 5
a 103 111 3
a 104 145 8
a 104 192 8
a 105 53 5
a 105 148 5
a 106 99 6
a 106 263 9
a 107 151 3
a 107 200 10
a 108 201 10
a 109 266 10
a 110 10 7
a 110 299 10
a 111 184 3
a 111 250 3
a 112 20 7
a 112 45 3
a 112 125 9
a 113 83 7
a 113 242 8
a 114 101 5
a 114 135 10
a 115 49 4
a 115 96 8
a 116 5 8
a 116 154 8
a 116 267 3
a 117 251 6
a 118 117 2
a 118 220 4
a 118 226 8
a 119 248 2
a 120 246 7
a 120 248 3
a 121 180 2
a 122 52 1
a 122 55 4
a 122 62 8
a 122 187 5
a 123 175 10
a 124 189 1
a 125 83 6
a 125 300 1
a 126 283 3
a 127 106 9
a 128 63 7
a 129 11 1
a 129 166 1
a 130 103 5
a 131 79 5
a 131 86 4
a 131 150 8
a 131 279 10
a 132 135 3
a 132 187 2
a 133 119 7
a 134 175 10
a 134 209 2
a 135 77 4
a 136 8 7
a 136 47 8
a 136 73 5
a 137 35 4
a 137 59 1
a 137 258 2
a 138 24 5
a 139 39 4
a 139 218 4
a 140 76 4
a 141 299 5
a 142 170 7
a 142 216 7
a 143 113 8
a 144 112 4
a 144 113 10
a 144 217 6
a 145 14 10
a 145 93 2
a 146 185 6
a 146 245 9
a 147 232 5
a 148 126 2
a 148 269 5
a 149 166 10
a 149 240 8
a 149 288 3
a 150 52 5
a 150 203 10
a 151 70 5
a 151 82 5
a 151 132 5
a 152 231 10
a 153 105 2
a 154 56 10
a 154 63 3
a 155 68 4
a 155 238 8
a 156 147 3
a 156 215 2
a 157 69 2
a 157 228 10
a 158 123 9
a 159 32 1
a 159 57 1
a 159 233 10
a 159 298 4
a 160 107 10
a 160 242 7
a 161 71 8
a 162 71 7
a 162 85 9
a 162 255 2
a 163 147 4
a 164 2 7
a 164 146 9
a 165 282 10
a 166 173 7
a 166 225 8
a 166 268 2
a 167 15 6
a 167 204 3
a 168 38 6
a 168 77 10
a 168 291 1
a 169 66 6
a 169 197 8
a 169 278 4
a 170 94 3
a 170 233 4
a 171 47 3
a 171 147 5
a 171 161 4
a 172 54 6
a 173 127 5
a 173 190 7
a 174 21 8
a 175 5 6
a 175 98 10
a 175 268 4
a 176 5 2
a 176 101 6
a 177 57 10
a 177 131 3
a 177 253 6
a 178 27 7
a 178 133 6
a 178 149 9
a 178 223 6
a 178 280 8
a 179 42 6
a 179 144 10
a 179 189 7
a 179 201 8
a 180 145 1
a 181 50 5
a 181 194 4
a 182 18 9
a 182 281 4
a 183 263 4
a 183 286 6
a 184 159 5
a 184 190 1
a 185 37 4
a 185 50 10
a 185 210 9
a 185 261 9
a 186 23 9
a 186 55 1
a 186 223 5
a 187 138 3
a 187 196 6
a 188 45 9
a 188 230 5
a 189 167 4
a 190 153 9
a 191 67 7
a 191 130 7
a 191 244 5
a 192 108 7
a 193 93 10
a 193 222 10
a 194 195 4
a 194 205 6
a 195 187 9
a 196 8 3
a 196 249 1
a 197 90 1
a 197 203 10
a 197 221 4
a 198 15 4
a 199 107 7
a 199 295 3
a 200 84 1
a 200 231 4
a 201 176 10
a 201 235 7
a 202 40 5
a 203 94 10
a 203 177 5
a 204 121 1
a 204 177 9
a 204 271 5
a 205 251 5
a 205 268 10
a 206 48 3
a 206 97 2
a 207 36 3
a 207 64 4
a 207 166 3
a 207 182 8
a 207 212 2
a 208 284 8
a 209 19 7
a 209 202 10
a 209 210 2
a 210 65 10
a 210 171 5
a 210 205 8
a 210 293 2
a 211 114 3
a 211 254 10
a 212 75 10
a 212 254 3
a 213 48 8
a 213 261 9
a 214 108 6
a 214 232 6
a 215 31 6
a 215 272 5
a 216 62 7
a 216 141 6
a 216 156 9
a 217 70 8
a 218 205 4
a 218 243 4
a 219 26 6
a 219 134 5
a 219 163 2
a 219 169 10
a 220 99 4
a 221 109 9
a 222 194 7
a 223 51 5
a 223 174 9
a 224 169 1
a 224 200 6
a 224 206 8
a 225 31 3
a 226 188 1
a 226 189 2
a 227 31 9
a 227 124 2
a 227 152 10
a 228 74 7
a 229 202 2
a 229 227 1
a 229 255 9
a 230 75 6
a 231 67 1
a 231 175 1
a 231 181 6
a 232 81 7
a 232 165 3
a 232 226 4
a 233 157 4
a 233 225 7
a 234 256 4
a 234 269 9
a 235 22 7
a 235 189 4
a 236 73 8
a 237 83 3
a 237 178 6
a 237 259 3
a 238 15 1
a 238 56 9
a 239 93 6
a 240 105 8
a 240 124 3
a 240 167 5
a 241 29 9
a 242 22 8
a 242 76 2
a 242 115 3
a 242 139 9
a 243 271 1
a 243 273 10
a 244 164 4
a 244 247 7
a 244 266 1
a 245 41 1
a 245 44 7
a 245 165 1
a 246 43 5
a 246 164 8
a 246 191 5
a 247 214 8
a 247 294 2
a 248 237 4
a 249 26 3
a 249 119 3
a 250 211 8
a 250 278 10
a 250 297 4
a 251 2 9
a 251 287 8
a 252 128 9
a 252 144 5
a 253 5 9
a 253 87 9
a 254 92 9
a 255 249 3
a 256 100 1
a 257 108 6
a 257 220 10
a 257 260 2
a 258 140 8
a 258 155 6
a 259 173 9
a 260 140 8
a 260 183 5
a 261 41 6
a 262 82 1
a 263 3 9
a 263 197 5
a 264 11 1
a 265 125 8
a 265 296 5
a 266 279 1
a 267 195 6
a 268 78 3
a 269 61 5
a 269 102 10
a 269 168 5
a 269 200 2
a 270 253 1
a 271 220 7
a 272 159 4
a 273 216 6
a 274 207 8
a 275 93 1
a 276 198 7
a 276 228 2
a 276 284 9
a 277 208 2
a 277 246 3
a 278 231 5
a 279 174 5
a 279 199 4
a 280 19 9
a 280 40 3
a 280 54 3
a 280 138 2
a 281 219 5
a 281 256 3
a 282 146 2
a 283 74 6
a 283 91 4
a 283 94 9
a 283 182 7
a 284 135 3
a 285 220 3
a 286 131 6
a 286 161 9
a 287 19 5
a 287 35 9
a 288 294 5
a 289 5 10
a 290 92 5
a 291 41 4
a 291 80 2
a 291 102 2
a 291 158 1
a 292 236 4
a 293 287 8
a 294 31 1
a 294 64 5
a 294 207 2
a 295 126 6
a 295 223 8
a 295 264 5
a 296 200 9
a 297 4 1
a 297 164 7
a 298 51 6
a 299 50 5
a 299 142 7
a 299 283 8
