p max 300 600
n 1 s
n 300 t
a 1 266 6
a 2 19 7
a 2 54 2
a 2 197 5
a 2 260 8
a 3 123 4
a 3 254 7
a 4 99 6
a 4 250 4
a 5 40 8
a 5 118 10
a 5 134 3
a 5 181 9
a 6 80 10
a 6 191 1
a 6 217 8
a 7 67 9
a 7 112 10
a 8 96 3
a 9 123 7
a 10 165 8
a 11 169 7
a 11 252 5
a 11 277 3
a 12 238 6
a 12 239 2
a 13 76 8
a 13 182 3
a 13 233 2
a 14 32 3
a 14 120 10
a 14 224 5
a 15 99 8
a 15 172 9
a 16 32 5
a 17 147 3
a 17 213 8
a 18 122 4
a 18 228 4
a 18 284 9
a 19 67 9
a 19 146 2
a 20 113 4
a 20 230 8
a 20 271 6
a 21 15 6
a 22 79 9
a 23 258 7
a 23 298 5
a 24 81 3
a 24 204 10
a 24 284 7
a 25 142 5
a 26 199 10
a 26 285 5
a 27 132 8
a 28 53 5
a 28 68 9
a 29 229 2
a 30 14 6
a 30 210 3
a 30 214 4
a 31 81 2
a 32 9 7
a 32 62 3
a 32 133 8
a 32 153 5
a 33 49 9
a 33 172 10
a 33 283 2
a 34 3 10
a 34 124 4
a 34 149 5
a 34 155 10
a 35 101 10
a 35 130 10
a 35 280 5
a 36 13 6
a 37 131 2
a 37 253 9
a 38 215 4
a 38 234 1
a 39 65 10
a 40 198 2
a 40 268 5
a 41 56 5
a 42 179 3
a 42 221 1
a 43 257 7
a 43 284 3
a 43 287 7
a 44 5 8
a 44 12 6
a 45 18 6
a 45 67 7
a 46 37 1
a 47 37 5
a 47 83 7
a 47 163 6
a 48 140 10
a 48 300 8
a 49 29 2
a 49 154 7
a 50 202 1
a 50 267 2
a 51 5 6
a 51 33 10
a 51 71 3
a 51 97 6
a 52 72 6
a 52 219 1
a 52 245 2
a 52 280 3
a 53 108 10
a 53 133 4
a 54 56 5
a 54 59 2
a 54 86 1
a 54 197 7
a 55 7 9
a 56 62 9
a 56 256 4
a 57 77 5
a 57 145 6
a 58 18 9
a 58 29 9
a 58 119 7
a 59 41 10
a 59 119 10
a 60 104 9
a 60 117 10
a 60 237 6
a 61 82 5
a 61 242 8
a 62 79 5
a 62 281 5
a 63 97 10
a 64 143 4
a 65 107 8
a 66 198 8
a 66 240 6
a 67 88 7
a 68 17 3
a 68 24 10
a 68 212 5
a 68 229 5
a 69 216 8
a 69 232 4
a 70 38 8
a 70 127 3
a 70 162 3
a 70 197 5
a 71 287 4
a 72 69 2
a 72 200 9
a 72 221 2
a 73 100 4
a 74 182 6
a 75 119 7
a 75 225 3
a 76 159 6
a 77 250 2
a 78 73 4
a 79 9 4
a 79 37 9
a 79 244 5
a 80 27 1
a 80 214 5
a 81 141 6
a 81 266 3
a 82 80 3
a 82 187 7
a 82 274 10
a 83 11 2
a 83 23 7
a 83 285 6
a 84 154 9
a 85 147 9
a 86 34 7
a 86 150 8
a 87 84 9
a 87 85 3
a 87 281 7
a 88 179 5
a 89 9 8
a 89 60 1
a 90 23 1
a 91 107 9
a 92 21 1
a 92 246 8
a 92 289 8
a 93 82 3
a 93 94 7
a 94 176 4
a 94 229 2
a 95 114 8
a 96 62 4
a 96 116 1
a 97 297 2
a 98 185 7
a 99 40 6
a 99 192 5
a 100 36 8
a 100 247 6
a 101 211 9
a 101 243 8
a 102 30 6
a 102 125 9
a 103 85 8
a 103 160 9
a 104 91 6
a 104 167 7
a 104 189 3
a 105 160 9
a 106 97 3
a 106 138 10
a 106 193 5
a 107 64 8
a 107 77 8
a 107 126 3
a 107 132 6
a 107 175 3
a 108 41 10
a 108 103 10
a 109 102 6
a 109 140 1
a 110 287 9
a 111 22 2
a 111 255 4
a 112 111 7
a 112 147 8
a 112 159 8
a 112 243 1
a 112 295 10
a 113 100 9
a 113 200 8
a 114 43 2
a 114 211 2
a 115 204 10
a 116 86 6
a 117 189 4
a 118 44 7
a 118 60 7
a 118 263 3
a 119 240 5
a 120 57 5
a 120 168 9
a 121 277 3
a 122 193 6
a 123 117 10
a 124 42 3
a 125 14 7
a 126 98 6
a 127 168 3
a 128 261 5
a 129 13 10
a 129 17 4
a 129 77 4
a 129 164 7
a 129 215 8
a 130 134 8
a 130 257 5
a 130 259 9
a 131 43 2
a 131 128 5
a 132 260 6
a 133 57 5
a 133 163 9
a 134 196 10
a 135 156 6
a 135 226 1
a 136 60 10
a 137 30 2
a 137 109 6
a 138 55 10
a 138 242 3
a 138 279 7
a 139 211 10
a 140 118 8
a 140 194 1
a 141 176 5
a 142 21 1
a 142 188 9
a 143 185 8
a 144 288 4
a 145 45 7
a 145 115 1
a 145 146 8
a 145 147 1
a 145 218 4
a 146 108 5
a 146 110 2
a 146 170 3
a 146 209 7
a 147 9 9
a 147 173 4
a 148 73 5
a 148 89 8
a 149 107 1
a 149 238 4
a 150 4 6
a 150 154 8
a 150 221 4
a 150 253 1
a 151 83 3
a 151 208 10
a 152 145 6
a 152 230 6
a 153 130 5
a 153 152 2
a 154 26 5
a 154 67 1
a 154 109 8
a 155 103 3
a 156 231 4
a 157 279 2
a 158 15 8
a 158 70 8
a 159 40 9
a 160 290 4
a 160 295 9
a 161 63 7
a 161 231 1
a 161 255 3
a 162 126 8
a 163 50 8
a 163 186 8
a 164 100 10
a 164 240 1
a 164 269 9
a 164 293 2
a 165 70 2
a 166 84 7
a 166 123 1
a 167 278 9
a 168 142 4
a 168 255 10
a 169 70 10
a 169 198 6
a 169 261 8
a 170 171 2
a 170 174 4
a 170 188 2
a 171 146 10
a 172 9 3
a 172 50 5
a 173 289 1
a 174 166 5
a 175 46 6
a 175 139 7
a 176 181 6
a 177 20 2
a 177 259 10
a 178 105 5
a 178 221 10
a 179 34 6
a 179 246 10
a 179 249 1
a 179 279 2
a 180 87 4
a 180 109 8
a 181 28 3
a 182 207 7
a 182 241 2
a 183 25 9
a 183 290 2
a 184 119 2
a 184 235 7
a 185 61 10
a 185 151 4
a 185 177 3
a 185 195 9
a 186 19 6
a 187 58 8
a 188 58 5
a 188 108 10
a 188 190 4
a 189 51 4
a 189 80 2
a 190 157 1
a 190 248 2
a 190 252 6
a 191 51 9
a 192 10 3
a 192 42 3
a 192 252 7
a 193 181 8
a 194 42 8
a 194 179 8
a 195 24 5
a 196 160 7
a 196 173 8
a 196 197 10
a 197 57 10
a 198 33 3
a 199 39 9
a 199 275 7
a 200 85 9
a 201 195 5
a 202 165 7
a 202 243 3
a 203 33 3
a 203 96 8
a 203 143 1
a 203 156 1
a 204 53 5
a 204 107 3
a 204 276 7
a 204 292 3
a 205 246 9
a 206 6 5
a 206 47 6
a 206 107 9
a 206 202 6
a 206 217 7
a 207 28 8
a 207 47 3
a 207 52 6
a 208 165 3
a 209 120 2
a 209 185 9
a 210 2 9
a 210 163 3
a 211 156 7
a 212 15 2
a 213 107 4
a 213 158 6
a 214 121 3
a 215 206 2
a 216 203 6
a 216 239 4
a 216 264 4
a 217 268 10
a 217 288 10
a 217 297 6
a 218 144 8
a 219 23 6
a 220 42 6
a 221 116 4
a 221 183 9
a 222 282 3
a 223 142 6
a 223 216 5
a 223 231 9
a 224 160 10
a 225 110 9
a 225 137 6
a 226 8 4
a 226 256 10
a 227 74 3
a 227 90 2
a 227 105 1
a 227 196 9
a 228 101 1
a 229 116 7
a 230 275 2
a 231 186 1
a 232 178 8
a 232 205 10
a 233 8 4
a 234 92 5
a 234 228 2
a 235 136 10
a 235 229 9
a 235 299 6
a 236 44 9
a 237 6 10
a 237 78 7
a 237 219 7
a 238 89 6
a 238 166 1
a 238 220 4
a 238 255 2
a 238 270 4
a 239 66 5
a 239 210 8
a 240 121 5
a 240 142 9
a 240 178 2
a 240 195 3
a 240 266 10
a 240 282 4
a 241 136 10
a 241 278 3
a 241 296 4
a 242 238 3
a 242 286 7
a 243 246 1
a 244 95 5
a 244 252 7
a 245 141 4
a 245 206 9
a 246 23 5
a 246 32 5
a 246 128 7
a 246 135 3
a 247 31 4
a 247 300 10
a 248 93 8
a 248 222 5
a 249 36 1
a 249 70 3
a 250 129 2
a 251 107 2
a 252 144 10
a 252 166 8
a 252 289 6
a 253 9 10
a 253 46 3
a 253 148 7
a 253 241 2
a 254 20 4
a 254 118 3
a 254 210 3
a 254 262 5
a 255 42 4
a 256 180 3
a 257 134 3
a 257 300 1
a 258 16 5
a 258 51 2
a 258 272 3
a 259 98 9
a 259 233 9
a 259 241 5
a 260 62 4
a 260 155 6
a 261 106 7
a 261 276 6
a 262 89 5
a 262 91 2
a 262 114 1
a 262 265 3
a 263 201 6
a 263 216 2
a 263 223 2
a 264 6 10
a 264 160 1
a 265 163 5
a 266 142 6
a 266 156 3
a 267 4 4
a 267 291 4
a 268 129 10
a 268 151 3
a 269 110 1
a 270 69 9
a 271 88 4
a 271 193 7
a 272 153 2
a 273 102 2
a 273 227 2
a 274 64 8
a 275 7 8
a 275 184 1
a 275 240 2
a 276 35 4
a 276 251 5
a 276 280 8
a 277 12 2
a 277 75 6
a 278 62 9
a 278 258 4
a 279 269 1
a 280 12 9
a 280 237 9
a 281 284 4
a 282 65 1
a 282 201 7
a 282 227 6
a 283 254 1
a 283 273 10
a 284 87 1
a 284 236 1
a 285 236 10
a 286 48 3
a 286 161 5
a 286 240 8
a 287 106 7
a 288 49 5
a 288 87 1
a 288 248 3
a 288 294 10
a 289 44 8
a 289 93 10
a 289 180 6
a 290 80 1
a 290 164 10
a 290 291 8
a 291 93 2
a 292 119 6
a 293 211 6
a 293 230 5
a 294 39 8
a 294 257 2
a 295 207 4
a 296 83 1
a 297 113 10
a 298 74 10
a 299 252 4
