p max 400 800
n 1 s
n 400 t
a 1 11 7
a 1 142 3
a 1 190 3
a 2 206 3
a 3 106 3
a 4 177 2
a 5 280 6
a 6 145 1
a 6 176 5
a 6 214 5
a 7 36 7
a 8 57 9
a 8 99 8
a 8 230 8
a 9 166 2
a 9 311 5
a 10 114 3
a 11 19 7
a 12 107 8
a 13 192 9
a 14 136 2
a 15 12 8
a 15 172 4
a 15 245 9
a 15 246 5
a 16 249 6
a 16 285 8
a 16 378 4
a 17 81 6
a 17 150 6
a 18 232 10
a 18 313 9
a 19 71 10
a 19 201 9
a 20 236 7
a 20 264 10
a 20 267 6
a 21 158 2
a 21 219 6
a 21 237 10
a 21 334 1
a 22 70 5
a 22 124 6
a 23 61 6
a 23 297 5
a 23 326 9
a 24 10 7
a 25 93 6
a 26 45 4
a 26 58 5
a 26 200 8
a 26 396 2
a 27 54 10
a 27 131 2
a 27 149 8
a 28 83 7
a 28 103 5
a 29 9 8
a 29 272 6
a 30 91 10
a 30 92 7
a 30 297 4
a 30 342 10
a 31 143 4
a 31 385 3
a 32 206 3
a 33 151 10
a 33 238 2
a 34 39 5
a 35 361 8
a 36 101 7
a 37 206 4
a 38 265 6
a 38 384 10
a 39 170 5
a 39 193 8
a 39 244 6
a 39 347 1
a 40 370 7
a 41 350 7
a 42 368 1
a 43 153 7
a 43 167 1
a 43 378 3
a 44 83 5
a 45 7 7
a 45 28 2
a 45 156 1
a 46 4 8
a 46 140 8
a 46 327 8
a 47 27 3
a 48 185 5
a 48 380 3
a 49 87 6
a 49 398 10
a 50 349 7
a 51 13 1
a 51 116 2
a 51 310 6
a 52 162 2
a 52 296 5
a 53 124 9
a 53 161 4
a 54 29 8
a 54 80 8
a 55 111 7
a 56 90 3
a 56 195 10
a 57 30 9
a 57 340 2
a 58 199 3
a 58 221 1
a 59 151 5
a 59 173 10
a 59 278 9
a 60 126 4
a 60 262 8
a 60 370 9
a 61 358 4
a 61 397 7
a 62 45 9
a 63 227 4
a 63 369 6
a 64 218 3
a 65 170 5
a 66 219 6
a 66 312 1
a 67 155 7
a 67 372 4
a 68 335 7
a 68 336 4
a 69 62 4
a 69 250 4
a 69 384 5
a 70 108 2
a 70 266 8
a 70 299 1
a 71 17 5
a 71 331 8
a 72 20 9
a 72 65 8
a 72 122 4
a 72 276 2
a 73 42 2
a 73 261 1
a 73 345 6
a 74 197 7
a 74 213 7
a 74 351 10
a 75 128 9
a 75 319 7
a 76 352 6
a 76 398 3
a 77 174 8
a 77 242 6
a 77 315 4
a 78 251 2
a 79 135 6
a 79 167 10
a 79 340 1
a 80 229 8
a 81 70 8
a 81 112 6
a 81 140 10
a 82 136 9
a 82 390 4
a 83 50 7
a 84 118 6
a 85 118 2
a 86 123 10
a 86 307 5
a 87 75 1
a 87 163 7
a 87 285 3
a 88 129 6
a 88 199 2
a 89 200 4
a 90 384 4
a 91 260 7
a 92 172 8
a 92 362 1
a 93 214 1
a 93 260 8
a 94 265 8
a 94 385 5
a 95 26 5
a 95 274 8
a 96 374 1
a 97 344 10
a 98 77 1
a 98 284 1
a 99 43 3
a 100 241 3
a 101 123 4
a 101 281 3
a 101 377 7
a 102 257 7
a 103 144 3
a 103 153 10
a 104 332 4
a 104 356 7
a 105 79 1
a 105 129 8
a 106 247 1
a 106 348 1
a 107 385 3
a 108 57 8
a 109 218 7
a 110 135 2
a 110 184 6
a 111 277 5
a 111 279 9
a 112 183 7
a 112 344 6
a 113 87 3
a 114 37 8
a 115 221 3
a 116 24 1
a 116 179 3
a 117 290 6
a 117 316 8
a 118 10 4
a 118 211 8
a 118 318 8
a 119 387 8
a 120 144 7
a 120 310 1
a 121 73 7
a 121 189 9
a 121 231 10
a 121 239 3
a 121 309 2
a 121 338 1
a 122 90 7
a 123 45 10
a 123 333 4
a 124 33 7
a 124 214 5
a 125 330 10
a 125 381 4
a 126 211 6
a 126 257 8
a 127 102 10
a 127 385 5
a 128 204 5
a 128 387 10
a 129 192 1
a 130 176 2
a 131 338 1
a 132 319 10
a 133 254 5
a 134 96 3
a 135 90 9
a 135 152 3
a 135 177 7
a 136 23 5
a 136 310 8
a 137 98 8
a 137 328 2
a 138 220 1
a 138 375 1
a 139 107 1
a 139 146 9
a 139 263 3
a 140 185 4
a 141 76 5
a 141 104 7
a 142 68 8
a 142 370 6
a 143 283 6
a 143 291 10
a 144 98 4
a 145 100 6
a 145 138 5
a 146 334 9
a 147 138 3
a 147 256 7
a 148 295 9
a 148 303 1
a 148 317 2
a 149 60 7
a 149 329 3
a 150 391 7
a 151 268 9
a 152 158 10
a 153 78 8
a 153 113 6
a 153 160 2
a 153 299 2
a 154 106 3
a 155 205 10
a 155 221 5
a 156 111 2
a 156 311 3
a 157 142 3
a 157 246 2
a 158 55 6
a 158 372 4
a 159 19 9
a 159 64 3
a 160 88 7
a 160 382 4
a 161 69 10
a 161 204 10
a 162 44 1
a 162 233 3
a 162 385 7
a 163 397 9
a 164 114 2
a 164 170 10
a 164 336 8
a 165 274 1
a 165 391 9
a 166 105 4
a 167 111 8
a 168 166 3
a 168 256 4
a 168 393 7
a 169 34 10
a 169 36 5
a 169 352 4
a 170 157 10
a 171 31 8
a 171 200 1
a 171 270 8
a 171 272 1
a 172 39 5
a 172 171 8
a 172 302 9
a 172 369 8
a 172 376 1
a 173 328 7
a 174 46 7
a 174 113 3
a 174 332 5
a 175 127 4
a 176 52 7
a 176 225 8
a 176 377 7
a 177 26 3
a 177 123 7
a 177 255 6
a 177 314 1
a 177 388 1
a 178 3 7
a 178 212 8
a 179 365 8
a 180 3 4
a 181 137 3
a 182 102 8
a 183 68 4
a 183 148 9
a 184 351 8
a 184 381 9
a 185 197 7
a 186 48 2
a 186 117 3
a 186 337 9
a 187 201 7
a 187 329 3
a 188 7 2
a 188 203 7
a 189 73 2
a 190 325 4
a 191 18 6
a 191 241 3
a 191 308 5
a 192 275 6
a 193 141 9
a 193 359 7
a 194 127 10
a 195 95 10
a 195 109 3
a 195 230 8
a 196 163 4
a 196 191 10
a 197 369 1
a 198 222 6
a 198 252 5
a 198 379 4
a 199 18 6
a 199 273 10
a 199 287 6
a 199 307 1
a 199 341 9
a 199 366 10
a 200 216 3
a 200 262 5
a 200 279 8
a 200 286 3
a 201 33 5
a 201 252 3
a 201 263 5
a 201 330 7
a 201 400 3
a 202 290 7
a 203 40 8
a 203 374 7
a 204 316 9
a 204 322 10
a 205 32 10
a 205 76 5
a 205 85 3
a 205 109 4
a 206 106 3
a 206 223 8
a 206 294 7
a 207 263 4
a 207 381 7
a 208 285 2
a 209 136 4
a 209 231 7
a 210 327 6
a 211 35 10
a 211 69 6
a 211 367 8
a 212 248 6
a 213 73 8
a 213 85 10
a 213 105 7
a 213 120 6
a 213 187 10
a 213 206 5
a 213 371 7
a 214 125 8
a 214 169 2
a 214 218 6
a 215 249 6
a 216 157 2
a 217 134 2
a 217 196 4
a 218 193 10
a 218 293 2
a 218 349 1
a 219 133 4
a 219 195 10
a 220 10 10
a 220 198 2
a 221 34 3
a 221 130 6
a 221 345 6
a 222 289 9
a 223 88 2
a 223 140 7
a 224 27 1
a 224 148 4
a 224 355 3
a 225 148 5
a 225 234 2
a 226 313 3
a 226 336 2
a 227 92 2
a 227 94 8
a 228 37 1
a 228 135 7
a 229 22 2
a 229 293 1
a 229 325 2
a 230 197 2
a 231 161 1
a 231 400 8
a 232 78 7
a 233 43 9
a 233 395 5
a 234 115 6
a 234 147 10
a 235 357 6
a 236 259 6
a 236 397 6
a 237 69 7
a 237 365 3
a 237 368 8
a 237 389 8
a 238 263 6
a 239 97 8
a 239 316 5
a 240 98 6
a 240 119 2
a 241 65 6
a 241 242 1
a 241 392 7
a 242 151 2
a 242 202 7
a 242 223 5
a 242 380 6
a 243 305 3
a 243 364 5
a 244 59 4
a 244 182 7
a 244 365 4
a 245 6 5
a 245 24 1
a 245 35 1
a 245 301 10
a 246 146 4
a 247 200 4
a 248 275 6
a 248 315 9
a 249 126 1
a 249 326 3
a 250 97 10
a 250 349 10
a 251 141 9
a 251 284 9
a 251 298 10
a 251 359 5
a 252 165 9
a 253 38 7
a 253 341 3
a 254 375 6
a 254 399 8
a 255 72 6
a 255 194 8
a 256 183 1
a 257 358 10
a 258 210 4
a 258 226 9
a 258 344 6
a 258 357 5
a 259 157 8
a 259 270 1
a 260 269 8
a 260 364 8
a 261 204 10
a 261 235 2
a 261 320 5
a 262 186 7
a 262 202 9
a 263 63 8
a 263 71 3
a 264 38 9
a 265 339 9
a 266 74 9
a 266 109 2
a 266 246 8
a 266 350 5
a 267 356 4
a 268 93 8
a 269 241 6
a 270 110 6
a 270 168 6
a 270 395 3
a 271 141 4
a 272 347 4
a 273 233 4
a 274 183 6
a 275 83 10
a 275 338 4
a 276 57 3
a 277 59 2
a 277 253 1
a 278 40 3
a 278 50 9
a 278 170 5
a 279 25 5
a 279 47 3
a 279 124 6
a 279 363 3
a 280 263 6
a 281 65 2
a 281 131 8
a 282 301 7
a 283 195 3
a 284 67 6
a 285 274 8
a 286 317 2
a 286 361 6
a 287 319 4
a 288 142 2
a 288 188 4
a 288 248 2
a 289 30 3
a 290 111 9
a 291 337 6
a 292 384 5
a 293 117 3
a 293 281 1
a 294 19 8
a 295 343 4
a 295 357 9
a 296 197 1
a 296 280 4
a 297 208 10
a 297 228 7
a 297 356 8
a 298 142 3
a 299 64 3
a 299 227 3
a 299 391 10
a 300 9 10
a 300 98 5
a 300 327 4
a 301 60 9
a 302 243 7
a 302 363 2
a 303 125 3
a 303 137 4
a 303 242 1
a 303 268 2
a 303 304 7
a 303 321 10
a 304 180 8
a 304 360 10
a 305 328 3
a 306 138 2
a 306 164 8
a 306 378 10
a 307 56 7
a 307 113 8
a 308 254 3
a 308 286 7
a 309 71 4
a 310 150 1
a 310 324 6
a 310 377 5
a 311 90 9
a 311 91 5
a 311 125 7
a 311 179 2
a 312 277 9
a 313 97 8
a 314 99 1
a 315 20 2
a 316 159 7
a 316 251 9
a 316 264 5
a 317 154 10
a 318 196 4
a 318 212 5
a 318 287 10
a 319 49 7
a 319 240 9
a 320 339 7
a 320 354 10
a 320 383 4
a 321 67 9
a 321 232 3
a 322 361 7
a 323 191 4
a 324 307 1
a 325 4 7
a 325 66 9
a 325 192 7
a 325 247 6
a 325 329 9
a 326 19 3
a 326 353 10
a 327 5 5
a 327 8 3
a 327 114 4
a 328 15 4
a 328 37 8
a 328 78 4
a 328 288 3
a 328 345 2
a 329 75 1
a 330 352 9
a 331 307 4
a 332 115 1
a 332 281 7
a 333 84 2
a 333 132 5
a 333 224 2
a 333 243 5
a 334 41 10
a 334 290 4
a 335 32 8
a 335 394 10
a 336 25 4
a 336 240 7
a 337 183 3
a 337 323 6
a 338 353 10
a 339 219 1
a 339 241 2
a 340 54 5
a 340 158 9
a 340 327 9
a 341 373 4
a 341 393 2
a 342 31 4
a 342 306 5
a 342 375 10
a 342 385 4
a 343 38 4
a 343 215 5
a 343 305 10
a 344 227 1
a 345 351 1
a 346 314 6
a 347 387 10
a 348 127 6
a 348 371 3
a 349 240 3
a 349 292 7
a 350 24 10
a 350 100 6
a 350 217 8
a 351 265 5
a 352 9 3
a 352 14 7
a 352 181 3
a 352 302 1
a 353 79 2
a 353 89 7
a 353 110 4
a 353 194 5
a 353 256 8
a 354 2 1
a 354 219 4
a 354 325 1
a 355 191 2
a 356 64 2
a 356 82 9
a 357 118 7
a 357 260 1
a 358 229 2
a 358 350 7
a 359 96 5
a 359 120 4
a 359 386 9
a 360 156 4
a 360 165 6
a 360 238 3
a 361 372 7
a 362 177 1
a 362 209 4
a 362 271 9
a 362 291 8
a 363 386 5
a 364 148 5
a 365 131 7
a 366 21 4
a 366 134 4
a 367 51 1
a 367 303 7
a 367 390 5
a 368 79 6
a 368 178 8
a 368 238 3
a 368 300 4
a 368 339 2
a 369 53 9
a 370 286 4
a 371 220 6
a 372 221 8
a 372 251 7
a 373 86 1
a 373 343 7
a 374 296 10
a 374 365 10
a 375 48 4
a 375 258 2
a 376 139 9
a 376 364 3
a 377 251 9
a 378 23 10
a 378 175 3
a 379 5 10
a 379 80 3
a 380 119 2
a 380 372 6
a 381 139 4
a 382 284 9
a 383 332 9
a 384 74 3
a 385 16 1
a 385 207 2
a 385 332 4
a 386 101 5
a 386 197 5
a 387 154 6
a 387 255 3
a 387 282 7
a 388 280 4
a 389 60 8
a 390 84 4
a 390 210 1
a 391 236 5
a 391 289 7
a 392 140 1
a 393 307 1
a 393 325 3
a 393 346 2
a 394 121 10
a 394 242 2
a 394 282 2
a 395 53 8
a 395 144 3
a 395 259 10
a 396 210 2
a 397 209 6
a 397 319 6
a 398 15 2
a 398 95 10
a 398 126 8
a 398 180 5
a 399 93 4
a 399 331 8
