p max 400 800
n 1 s
n 400 t
a 1 288 6
a 2 29 4
a 2 48 10
a 3 312 6
a 4 400 8
a 5 84 4
a 6 371 4
a 7 6 9
a 8 308 5
a 9 251 8
a 9 377 2
a 10 181 10
a 10 317 1
a 10 340 3
a 11 42 2
a 11 315 8
a 12 124 2
a 12 292 10
a 13 37 1
a 13 270 8
a 13 371 7
a 14 190 5
a 14 261 10
a 15 158 9
a 16 46 3
a 17 239 7
a 18 80 3
a 18 108 3
a 18 295 9
a 19 33 6
a 20 280 3
a 20 360 2
a 21 340 6
a 21 366 7
a 22 65 7
a 22 113 5
a 23 20 4
a 24 63 7
a 25 83 3
a 25 239 2
a 26 120 3
a 26 387 10
a 27 261 8
a 28 43 8
a 28 343 7
a 29 330 2
a 30 190 2
a 31 25 6
a 31 329 8
a 32 94 4
a 32 145 4
a 32 288 6
a 32 367 6
a 33 69 7
a 33 102 7
a 34 276 1
a 34 312 4
a 35 121 1
a 35 346 9
a 35 385 5
a 36 19 1
a 36 67 7
a 37 45 1
a 37 94 2
a 38 74 4
a 38 208 9
a 39 117 9
a 39 198 9
a 39 262 10
a 40 187 3
a 40 217 5
a 40 248 7
a 41 134 8
a 41 323 9
a 42 100 6
a 42 312 10
a 43 242 9
a 43 329 6
a 44 346 9
a 45 54 10
a 45 66 6
a 46 367 2
a 47 218 2
a 48 90 7
a 48 114 3
a 48 157 4
a 49 358 7
a 49 361 2
a 50 149 7
a 51 146 9
a 51 324 6
a 52 254 8
a 53 103 3
a 54 24 10
a 54 168 7
a 54 354 8
a 55 117 2
a 55 136 8
a 55 159 4
a 56 58 9
a 56 214 4
a 57 373 7
a 58 103 8
a 59 47 9
a 59 173 3
a 59 234 10
a 60 173 1
a 61 180 9
a 61 367 6
a 61 374 5
a 62 382 10
a 63 197 10
a 64 19 6
a 64 23 10
a 64 177 3
a 64 217 1
a 64 337 2
a 65 338 3
a 66 84 6
a 66 374 2
a 67 198 10
a 67 281 3
a 67 338 1
a 68 6 3
a 68 194 2
a 68 264 3
a 69 82 6
a 70 113 7
a 70 118 8
a 71 74 3
a 71 311 7
a 71 332 10
a 72 190 4
a 72 210 2
a 73 181 7
a 74 72 9
a 75 89 10
a 75 222 3
a 75 364 6
a 76 46 1
a 77 303 3
a 77 391 10
a 78 277 3
a 79 26 9
a 79 155 6
a 79 183 1
a 79 253 7
a 80 102 4
a 80 165 8
a 80 215 5
a 81 237 5
a 81 267 4
a 81 314 8
a 82 44 9
a 82 307 1
a 83 163 10
a 83 273 10
a 83 334 5
a 84 169 1
a 84 191 5
a 84 325 10
a 84 356 8
a 85 15 1
a 85 91 2
a 86 212 7
a 86 218 9
a 87 227 9
a 87 336 2
a 88 360 7
a 89 27 6
a 89 111 8
a 90 212 9
a 91 93 7
a 91 304 7
a 92 66 3
a 92 79 1
a 92 131 6
a 93 49 1
a 93 57 5
a 93 75 9
a 94 55 2
a 94 140 3
a 94 214 7
a 95 99 4
a 95 170 6
a 95 251 7
a 96 135 4
a 96 238 6
a 97 102 10
a 98 381 9
a 99 197 5
a 99 239 10
a 100 63 4
a 100 73 7
a 100 214 1
a 100 268 9
a 101 323 2
a 101 397 7
a 102 3 8
a 102 328 9
a 102 365 10
a 103 11 6
a 103 350 5
a 104 198 10
a 104 209 10
a 104 300 7
a 104 373 4
a 105 159 1
a 105 334 4
a 106 85 1
a 106 274 6
a 106 381 8
a 107 13 2
a 107 52 4
a 108 188 3
a 108 225 10
a 108 371 9
a 109 76 5
a 110 345 10
a 111 33 7
a 112 302 7
a 113 177 10
a 114 145 7
a 114 151 3
a 115 138 2
a 115 346 1
a 116 69 7
a 116 313 10
a 117 24 6
a 118 30 6
a 118 193 1
a 119 204 9
a 119 350 3
a 120 108 7
a 120 139 8
a 121 155 5
a 121 223 3
a 122 324 3
a 123 73 6
a 124 114 1
a 124 170 9
a 125 161 10
a 125 260 7
a 126 228 10
a 126 259 1
a 127 229 6
a 128 378 2
a 129 17 1
a 129 171 2
a 130 176 1
a 131 58 9
a 131 167 8
a 131 296 9
a 131 399 9
a 132 33 4
a 133 345 6
a 134 395 7
a 135 124 10
a 136 42 9
a 136 220 10
a 137 85 2
a 137 289 3
a 137 291 4
a 138 229 7
a 139 110 4
a 139 321 6
a 140 137 7
a 140 188 9
a 140 284 1
a 141 224 5
a 142 84 9
a 142 294 7
a 143 32 8
a 143 132 6
a 143 168 2
a 143 318 2
a 144 27 5
a 144 307 9
a 145 31 5
a 145 162 8
a 145 225 9
a 145 309 6
a 146 63 8
a 146 156 9
a 147 340 3
a 148 81 6
a 148 217 5
a 149 132 5
a 150 141 7
a 150 275 4
a 151 185 5
a 151 226 8
a 151 379 5
a 152 227 5
a 153 51 2
a 153 119 4
a 153 350 8
a 154 224 7
a 154 265 10
a 154 324 4
a 155 4 3
a 155 21 6
a 155 142 1
a 156 159 9
a 157 140 3
a 157 282 6
a 158 150 7
a 158 196 7
a 159 272 2
a 159 376 2
a 160 365 8
a 161 166 4
a 161 205 6
a 162 27 5
a 163 331 4
a 164 22 10
a 165 256 1
a 166 140 4
a 167 25 2
a 167 78 9
a 168 131 8
a 168 383 6
a 169 10 10
a 169 320 8
a 169 370 8
a 170 7 7
a 170 106 3
a 170 181 1
a 171 139 7
a 171 176 4
a 171 244 3
a 172 191 3
a 173 76 5
a 173 192 3
a 174 120 7
a 174 400 3
a 175 14 4
a 175 103 6
a 175 145 6
a 175 294 9
a 176 329 2
a 177 228 7
a 178 35 2
a 178 38 1
a 179 77 8
a 179 250 9
a 179 295 2
a 180 238 5
a 181 227 3
a 181 279 9
a 182 52 3
a 182 303 10
a 183 101 6
a 183 370 1
a 184 148 6
a 184 172 9
a 184 278 9
a 185 91 8
a 186 219 6
a 186 294 9
a 187 73 3
a 188 147 9
a 188 267 8
a 188 330 7
a 188 368 4
a 189 15 8
a 189 212 3
a 190 335 8
a 190 383 6
a 191 161 8
a 191 364 4
a 192 103 8
a 192 324 10
a 193 101 3
a 194 302 6
a 195 310 3
a 196 11 8
a 196 203 4
a 196 232 2
a 196 341 3
a 197 80 6
a 197 122 2
a 198 380 2
a 198 391 6
a 199 328 9
a 199 352 2
a 199 368 6
a 200 147 5
a 201 233 2
a 201 353 8
a 202 32 1
a 202 64 3
a 203 63 10
a 203 304 3
a 203 389 8
a 204 144 7
a 204 383 4
a 205 112 3
a 205 333 5
a 205 382 1
a 206 11 10
a 207 28 5
a 207 59 9
a 207 71 1
a 207 258 8
a 208 18 8
a 208 31 10
a 209 227 1
a 210 274 8
a 211 129 2
a 212 27 10
a 213 216 10
a 213 266 2
a 213 283 10
a 214 184 4
a 214 278 7
a 215 106 9
a 216 345 5
a 216 369 5
a 217 165 6
a 218 390 3
a 219 271 3
a 220 239 4
a 220 393 10
a 221 104 5
a 221 301 2
a 222 50 10
a 222 110 6
a 223 53 9
a 223 100 1
a 223 259 7
a 223 298 3
a 224 248 2
a 225 187 1
a 226 85 3
a 226 238 3
a 226 385 10
a 227 241 9
a 227 272 9
a 227 343 7
a 228 35 5
a 229 40 2
a 229 279 1
a 230 121 3
a 231 96 4
a 231 287 6
a 231 303 1
a 232 29 5
a 232 240 5
a 233 97 8
a 233 129 6
a 233 134 6
a 233 190 10
a 233 282 8
a 234 72 10
a 234 222 7
a 234 271 5
a 235 27 9
a 236 108 4
a 236 394 10
a 237 34 10
a 237 164 4
a 238 182 9
a 239 2 1
a 239 349 6
a 240 284 7
a 241 40 3
a 241 130 6
a 242 7 10
a 242 71 3
a 242 75 2
a 242 104 10
a 242 254 10
a 243 38 4
a 243 344 9
a 243 352 1
a 244 231 7
a 244 257 8
a 245 187 6
a 246 58 6
a 246 378 4
a 247 16 10
a 247 208 1
a 247 230 1
a 247 380 4
a 248 34 10
a 248 319 2
a 249 39 7
a 249 96 10
a 249 143 9
a 249 196 1
a 249 207 3
a 250 33 2
a 250 76 8
a 251 205 10
a 252 36 4
a 252 39 7
a 253 307 7
a 254 115 4
a 254 204 5
a 255 83 2
a 256 228 6
a 257 166 7
a 257 200 2
a 258 358 8
a 259 59 9
a 260 60 9
a 260 226 4
a 260 400 7
a 261 126 1
a 261 130 7
a 261 356 8
a 262 65 6
a 262 363 4
a 263 82 6
a 263 278 8
a 263 392 1
a 264 17 7
a 264 148 1
a 264 384 2
a 265 114 6
a 266 113 8
a 266 116 2
a 266 127 5
a 266 217 1
a 267 145 10
a 268 55 4
a 268 95 3
a 268 255 1
a 269 178 6
a 270 186 3
a 271 201 2
a 271 256 9
a 272 92 9
a 272 220 3
a 272 339 4
a 273 388 6
a 274 58 3
a 274 400 10
a 275 197 4
a 276 320 6
a 276 375 3
a 277 109 9
a 277 125 7
a 278 249 2
a 278 332 8
a 279 154 1
a 279 199 10
a 279 316 6
a 279 334 6
a 280 376 1
a 281 112 5
a 281 305 3
a 282 85 7
a 282 143 7
a 283 147 8
a 283 221 4
a 283 260 6
a 283 302 8
a 283 347 9
a 284 79 5
a 284 290 10
a 285 210 6
a 286 105 7
a 287 141 2
a 287 152 4
a 287 236 7
a 288 247 9
a 288 331 8
a 289 102 9
a 289 226 9
a 289 357 3
a 290 225 2
a 290 246 2
a 291 228 1
a 292 128 7
a 292 149 10
a 292 201 4
a 292 215 10
a 292 369 8
a 293 285 1
a 294 15 3
a 294 309 5
a 295 66 5
a 295 161 5
a 295 229 5
a 295 361 4
a 296 199 9
a 297 86 9
a 297 242 5
a 297 280 3
a 298 382 1
a 299 174 4
a 299 377 9
a 299 385 8
a 299 390 4
a 300 253 5
a 301 160 8
a 302 308 10
a 303 50 2
a 304 57 10
a 304 164 7
a 305 14 1
a 305 30 2
a 306 185 10
a 307 3 9
a 307 27 9
a 308 196 3
a 309 175 4
a 309 378 4
a 310 4 1
a 310 394 7
a 311 305 7
a 311 351 2
a 312 102 4
a 312 106 1
a 312 362 1
a 313 29 4
a 313 278 4
a 314 153 2
a 314 400 10
a 315 151 9
a 316 277 8
a 316 321 4
a 317 102 2
a 317 225 1
a 318 54 8
a 318 283 9
a 319 123 7
a 320 312 6
a 321 235 6
a 321 355 9
a 322 133 3
a 322 182 5
a 322 188 1
a 322 286 1
a 322 297 8
a 322 370 2
a 323 386 6
a 324 243 2
a 324 350 8
a 325 263 7
a 325 369 8
a 326 31 7
a 326 47 8
a 326 160 2
a 327 22 2
a 327 87 5
a 327 348 1
a 328 273 8
a 329 56 3
a 329 98 5
a 329 185 7
a 329 359 9
a 330 12 8
a 330 344 8
a 331 81 2
a 331 136 5
a 332 109 8
a 332 226 3
a 333 99 1
a 333 117 1
a 333 192 9
a 334 282 9
a 335 54 7
a 335 293 5
a 336 88 5
a 336 360 4
a 336 388 1
a 337 212 5
a 338 296 10
a 339 91 2
a 339 253 1
a 339 257 2
a 340 56 6
a 341 100 10
a 341 204 3
a 341 206 4
a 342 21 7
a 342 233 5
a 342 361 4
a 343 294 2
a 343 398 5
a 344 212 3
a 344 213 9
a 345 177 1
a 345 343 5
a 346 157 7
a 346 179 3
a 347 302 1
a 348 46 4
a 348 127 8
a 348 211 5
a 349 109 3
a 349 123 4
a 350 20 4
a 350 197 5
a 350 299 9
a 350 314 10
a 350 331 8
a 351 105 5
a 351 186 2
a 351 337 10
a 352 195 2
a 352 217 5
a 352 254 3
a 352 285 7
a 353 341 8
a 353 372 1
a 354 43 4
a 355 110 8
a 355 178 9
a 355 325 8
a 355 348 3
a 356 8 8
a 356 192 3
a 357 215 4
a 358 29 9
a 358 94 10
a 359 9 10
a 359 49 10
a 359 245 9
a 359 342 4
a 360 197 2
a 360 308 9
a 361 215 5
a 362 179 2
a 363 62 4
a 363 68 9
a 363 100 3
a 363 269 6
a 363 310 2
a 364 234 5
a 365 63 1
a 365 327 2
a 366 265 10
a 366 386 1
a 367 163 3
a 367 171 6
a 367 264 4
a 368 42 6
a 368 112 3
a 368 276 6
a 369 241 8
a 370 311 10
a 370 326 3
a 371 27 2
a 372 11 5
a 372 152 4
a 372 389 7
a 373 205 7
a 373 211 2
a 373 292 1
a 374 42 5
a 374 323 1
a 375 321 2
a 375 323 4
a 375 395 1
a 376 239 4
a 377 302 7
a 378 149 4
a 379 219 6
a 380 15 6
a 381 64 7
a 382 99 3
a 382 396 3
a 383 38 5
a 383 202 3
a 384 347 4
a 385 259 8
a 386 107 5
a 386 147 4
a 387 66 5
a 388 24 5
a 388 78 7
a 388 158 1
a 389 197 8
a 389 349 1
a 390 243 2
a 391 67 2
a 391 295 10
a 392 274 9
a 393 171 4
a 393 322 8
a 394 5 3
a 394 93 8
a 394 189 6
a 394 306 3
a 394 355 5
a 395 41 6
a 395 252 6
a 395 346 4
a 396 70 2
a 396 391 1
a 397 61 8
a 397 71 5
a 397 294 2
a 398 168 5
a 398 335 5
a 399 355 8
