p max 400 800
n 1 s
n 400 t
a 1 156 6
a 1 168 2
a 2 111 1
a 3 400 2
a 4 375 4
a 5 203 9
a 6 67 2
a 7 123 4
a 7 233 9
a 7 243 3
a 7 368 3
a 8 174 8
a 8 178 2
a 9 51 4
a 9 150 9
a 10 395 8
a 11 61 9
a 11 260 2
a 11 363 10
a 12 88 3
a 12 151 9
a 12 278 10
a 12 340 6
a 13 174 6
a 13 381 10
a 14 135 9
a 14 175 2
a 14 274 5
a 15 68 5
a 15 172 10
a 15 376 10
a 16 163 5
a 16 200 2
a 16 234 10
a 17 82 1
a 17 206 3
a 18 40 1
a 18 47 4
a 18 65 3
a 19 167 9
a 19 260 9
a 20 61 2
a 20 184 1
a 20 259 4
a 20 270 4
a 20 326 5
a 21 321 8
a 21 358 9
a 21 395 10
a 22 176 5
a 22 243 2
a 23 64 8
a 23 369 8
a 24 391 3
a 25 75 5
a 25 197 6
a 25 229 10
a 26 120 3
a 26 173 6
a 26 296 8
a 27 123 8
a 27 292 1
a 28 158 3
a 28 361 5
a 29 359 1
a 30 145 4
a 30 263 5
a 30 347 5
a 31 90 1
a 31 292 9
a 32 75 1
a 32 359 2
a 33 153 1
a 34 45 7
a 34 247 4
a 35 52 5
a 36 32 3
a 37 81 9
a 37 86 8
a 38 179 2
a 38 213 9
a 38 361 9
a 39 79 8
a 39 284 8
a 39 299 6
a 40 140 8
a 41 31 7
a 41 36 3
a 41 236 2
a 42 219 3
a 42 317 7
a 43 18 10
a 43 89 7
a 44 43 10
a 44 338 9
a 44 349 4
a 44 385 9
a 45 356 9
a 46 51 7
a 47 17 4
a 47 70 8
a 47 109 5
a 47 208 4
a 47 388 9
a 48 189 10
a 49 194 9
a 49 243 5
a 49 302 4
a 50 40 10
a 50 372 7
a 51 42 7
a 51 202 7
a 52 61 2
a 53 345 2
a 54 127 6
a 54 205 4
a 54 246 3
a 55 30 6
a 55 210 10
a 55 321 6
a 56 226 2
a 57 265 10
a 57 355 3
a 58 26 6
a 58 339 6
a 59 108 8
a 59 112 10
a 59 177 10
a 60 398 5
a 61 70 9
a 62 153 4
a 62 175 4
a 62 332 4
a 63 116 5
a 63 275 7
a 64 52 5
a 64 83 3
a 64 290 9
a 65 129 10
a 65 348 2
a 66 103 4
a 67 259 5
a 68 246 10
a 68 331 8
a 69 5 4
a 69 272 9
a 70 6 7
a 70 149 10
a 71 227 5
a 71 255 7
a 71 264 4
a 71 266 3
a 72 6 4
a 72 40 10
a 72 95 7
a 73 21 5
a 73 106 10
a 74 393 3
a 75 87 6
a 75 348 9
a 75 373 7
a 76 117 9
a 76 282 7
a 77 165 7
a 78 241 2
a 78 293 3
a 79 89 9
a 79 257 2
a 80 349 5
a 81 3 9
a 81 284 6
a 82 80 9
a 83 113 3
a 84 205 3
a 85 62 6
a 85 132 10
a 86 69 7
a 86 225 9
a 87 101 2
a 87 236 1
a 87 320 4
a 88 33 5
a 88 300 9
a 89 318 1
a 90 18 4
a 90 113 5
a 90 258 3
a 91 183 9
a 91 301 5
a 92 28 10
a 92 251 5
a 93 89 7
a 93 240 5
a 94 57 7
a 94 160 1
a 94 359 10
a 95 286 4
a 96 287 2
a 96 288 8
a 97 207 10
a 98 204 7
a 98 362 9
a 99 23 9
a 99 55 2
a 99 104 2
a 99 263 5
a 99 264 3
a 100 31 1
a 101 184 8
a 101 309 7
a 102 362 10
a 103 121 7
a 103 136 9
a 103 371 3
a 104 7 5
a 104 26 4
a 105 378 9
a 106 70 8
a 106 203 2
a 106 315 10
a 107 323 6
a 108 389 2
a 109 78 8
a 110 265 7
a 111 116 4
a 111 146 6
a 112 114 6
a 112 203 1
a 113 79 5
a 113 244 4
a 114 150 7
a 115 74 10
a 115 134 9
a 116 285 7
a 117 3 1
a 117 93 6
a 117 122 5
a 118 60 1
a 118 345 7
a 119 238 9
a 119 397 7
a 120 34 5
a 120 216 5
a 120 287 2
a 120 305 3
a 120 314 3
a 121 203 2
a 121 219 6
a 122 6 9
a 122 68 9
a 123 212 7
a 123 325 6
a 124 143 10
a 125 201 10
a 125 390 8
a 126 260 4
a 127 190 5
a 127 285 8
a 128 206 9
a 128 257 10
a 128 324 10
a 129 104 9
a 129 149 4
a 130 306 10
a 131 177 5
a 132 55 1
a 132 58 1
a 133 72 9
a 133 85 1
a 133 353 6
a 134 56 8
a 135 25 8
a 135 277 3
a 136 48 6
a 136 211 2
a 137 278 3
a 137 344 3
a 138 53 8
a 139 220 7
a 140 78 7
a 140 81 7
a 140 389 3
a 141 20 5
a 141 88 7
a 142 99 8
a 142 269 4
a 142 398 4
a 143 44 5
a 143 105 4
a 143 158 3
a 144 77 7
a 144 137 5
a 145 161 10
a 145 174 10
a 145 279 7
a 146 11 3
a 146 132 10
a 146 174 1
a 146 365 6
a 147 52 7
a 147 105 8
a 147 362 2
a 148 387 2
a 149 27 7
a 149 174 10
a 150 155 1
a 150 260 10
a 151 67 6
a 151 173 3
a 151 177 6
a 152 102 1
a 152 110 7
a 152 375 4
a 153 273 2
a 154 19 2
a 154 267 3
a 155 110 9
a 156 143 6
a 156 366 3
a 157 46 5
a 157 279 2
a 158 2 10
a 158 250 7
a 158 358 1
a 159 166 1
a 159 300 8
a 159 374 10
a 160 138 8
a 160 311 9
a 161 14 10
a 161 263 6
a 162 148 8
a 162 262 2
a 163 111 8
a 163 340 1
a 164 37 8
a 164 249 6
a 165 84 8
a 165 117 10
a 165 144 5
a 166 145 6
a 166 356 9
a 167 15 3
a 167 306 9
a 168 72 5
a 168 300 6
a 169 56 10
a 170 239 9
a 170 283 2
a 171 276 10
a 171 335 6
a 172 134 6
a 173 100 3
a 173 244 9
a 173 269 8
a 174 162 8
a 174 323 3
a 175 102 10
a 176 133 3
a 176 154 7
a 176 399 6
a 177 22 3
a 177 81 9
a 177 394 6
a 178 91 4
a 178 125 10
a 178 281 4
a 179 90 6
a 180 339 7
a 181 203 2
a 181 231 10
a 181 337 6
a 182 372 3
a 183 197 8
a 183 200 9
a 184 219 5
a 184 225 3
a 184 228 2
a 184 283 5
a 184 291 9
a 185 139 1
a 185 223 7
a 185 388 5
a 186 359 8
a 187 21 7
a 188 55 7
a 189 82 9
a 189 360 4
a 189 364 1
a 190 51 10
a 190 186 8
a 191 247 9
a 191 253 7
a 191 307 1
a 192 9 3
a 192 120 4
a 192 185 7
a 193 16 8
a 193 226 2
a 193 248 7
a 194 150 3
a 195 370 3
a 196 96 6
a 196 351 6
a 197 53 1
a 198 254 6
a 199 18 1
a 199 329 7
a 199 346 1
a 200 26 9
a 200 73 7
a 201 29 10
a 201 126 10
a 201 267 7
a 202 24 3
a 202 34 10
a 202 317 9
a 203 17 7
a 204 252 6
a 205 277 7
a 206 283 5
a 207 168 9
a 207 245 7
a 207 352 1
a 208 20 7
a 208 308 7
a 209 289 6
a 209 328 6
a 210 125 10
a 210 262 9
a 210 387 1
a 210 391 6
a 211 112 8
a 211 166 4
a 212 148 6
a 212 196 6
a 212 216 7
a 212 230 5
a 213 81 4
a 214 258 1
a 215 5 6
a 215 199 4
a 216 254 5
a 216 258 2
a 217 303 4
a 218 193 10
a 218 247 4
a 218 260 9
a 218 273 7
a 218 325 3
a 219 29 5
a 219 393 5
a 220 128 1
a 221 23 9
a 221 103 1
a 222 38 9
a 222 208 4
a 223 227 9
a 224 51 4
a 224 71 3
a 225 182 5
a 225 400 10
a 226 303 5
a 227 163 3
a 228 166 10
a 229 129 7
a 229 154 6
a 229 162 1
a 230 247 8
a 230 261 7
a 230 339 7
a 231 388 7
a 232 221 2
a 233 42 3
a 233 164 4
a 233 392 6
a 234 261 2
a 235 4 9
a 235 71 4
a 235 318 10
a 236 231 4
a 237 18 9
a 237 103 7
a 237 106 5
a 237 198 4
a 238 302 7
a 239 329 3
a 240 55 4
a 240 229 5
a 240 237 8
a 240 277 6
a 240 295 9
a 240 379 7
a 241 52 4
a 242 4 1
a 242 175 3
a 243 59 5
a 243 323 2
a 243 333 5
a 244 296 6
a 245 356 8
a 246 110 10
a 247 271 9
a 247 346 6
a 248 17 5
a 249 54 1
a 249 105 4
a 250 129 1
a 251 73 1
a 252 41 7
a 252 251 8
a 252 330 8
a 252 357 2
a 253 166 5
a 253 396 2
a 254 87 8
a 255 200 9
a 256 63 2
a 256 390 4
a 257 191 8
a 257 385 3
a 257 392 1
a 258 244 6
a 258 249 2
a 259 248 6
a 259 370 4
a 260 130 9
a 261 331 2
a 262 93 5
a 263 40 7
a 264 190 7
a 264 327 9
a 265 219 1
a 265 244 4
a 265 316 1
a 266 137 5
a 266 169 3
a 266 322 4
a 267 214 4
a 267 368 2
a 268 77 1
a 269 109 4
a 269 397 3
a 270 143 4
a 270 244 4
a 271 384 10
a 272 4 1
a 272 180 7
a 272 183 10
a 272 294 10
a 273 222 2
a 274 7 7
a 274 63 3
a 274 98 9
a 274 319 8
a 274 342 10
a 275 391 5
a 276 221 6
a 276 224 5
a 276 325 8
a 276 400 8
a 277 27 6
a 278 72 1
a 278 192 1
a 279 97 7
a 279 332 7
a 279 338 5
a 280 213 9
a 281 379 6
a 282 61 2
a 283 124 9
a 283 140 10
a 283 189 8
a 284 100 9
a 285 24 6
a 286 77 8
a 286 107 9
a 286 133 3
a 287 256 8
a 287 370 10
a 288 339 9
a 289 58 2
a 289 92 7
a 289 282 7
a 289 350 1
a 290 195 8
a 290 276 3
a 290 367 10
a 291 235 9
a 291 236 8
a 292 215 6
a 292 279 2
a 292 313 1
a 293 206 7
a 293 341 4
a 294 71 4
a 294 149 5
a 294 334 9
a 295 252 1
a 295 383 2
a 296 98 7
a 296 131 8
a 296 170 4
a 297 110 7
a 297 141 5
a 297 265 6
a 297 328 10
a 297 339 8
a 298 159 5
a 298 179 5
a 298 222 5
a 299 333 9
a 300 244 9
a 301 345 2
a 302 72 6
a 302 226 5
a 303 45 6
a 303 181 2
a 304 235 4
a 304 311 3
a 304 323 2
a 305 269 4
a 306 356 7
a 307 146 4
a 307 287 6
a 307 382 6
a 308 92 1
a 308 162 7
a 309 171 10
a 309 340 10
a 310 189 3
a 310 265 9
a 311 142 9
a 311 176 9
a 311 190 2
a 312 126 10
a 312 349 9
a 313 13 4
a 313 119 7
a 313 136 5
a 314 159 2
a 315 197 5
a 316 8 4
a 316 96 5
a 316 152 8
a 316 268 5
a 317 161 9
a 317 219 1
a 318 52 4
a 319 118 3
a 319 128 5
a 319 220 5
a 319 293 9
a 320 25 10
a 321 50 4
a 321 218 8
a 321 322 3
a 322 294 7
a 323 109 6
a 324 74 8
a 324 370 4
a 325 5 7
a 325 228 4
a 326 39 7
a 326 228 9
a 326 400 1
a 327 10 8
a 327 70 8
a 327 217 10
a 328 130 2
a 328 192 1
a 329 127 7
a 330 58 5
a 331 71 7
a 331 377 4
a 332 257 3
a 332 280 10
a 333 115 5
a 333 127 6
a 334 12 5
a 334 54 7
a 335 167 9
a 335 225 4
a 335 303 5
a 335 369 7
a 336 118 4
a 336 320 6
a 337 369 8
a 338 23 2
a 338 53 2
a 339 46 3
a 339 286 3
a 340 253 8
a 341 308 1
a 341 383 2
a 342 20 1
a 342 32 6
a 342 147 10
a 342 224 2
a 342 310 6
a 343 346 2
a 344 57 8
a 345 8 5
a 345 244 2
a 346 35 7
a 346 41 2
a 346 209 4
a 347 48 7
a 347 242 6
a 348 309 2
a 349 86 10
a 349 232 6
a 349 240 5
a 350 3 6
a 350 126 7
a 351 174 3
a 352 168 9
a 352 321 3
a 352 356 8
a 353 49 1
a 353 188 9
a 353 223 10
a 354 94 7
a 354 371 5
a 355 278 4
a 355 343 3
a 356 362 1
a 357 15 5
a 357 56 8
a 358 35 10
a 358 260 1
a 359 50 6
a 360 152 2
a 360 207 6
a 361 58 1
a 361 178 4
a 361 187 4
a 361 362 9
a 362 11 4
a 363 299 2
a 364 190 3
a 365 367 1
a 365 378 10
a 366 207 7
a 366 345 7
a 367 298 4
a 367 374 10
a 368 120 5
a 369 83 9
a 370 233 9
a 371 97 7
a 372 42 3
a 372 80 6
a 373 66 7
a 373 83 1
a 374 239 8
a 375 398 7
a 376 3 1
a 376 165 9
a 376 273 5
a 377 48 2
a 378 101 1
a 378 157 10
a 378 384 7
a 379 109 6
a 379 336 6
a 380 399 4
a 381 204 7
a 381 378 1
a 382 206 8
a 383 297 1
a 383 340 3
a 384 57 1
a 385 48 2
a 385 119 7
a 386 15 3
a 386 48 6
a 386 351 4
a 387 312 5
a 387 369 5
a 388 248 8
a 388 363 8
a 389 95 8
a 389 127 8
a 390 42 8
a 390 354 2
a 390 386 5
a 391 229 8
a 392 115 3
a 393 371 5
a 394 202 8
a 395 142 9
a 395 278 2
a 396 84 7
a 397 329 2
a 397 380 5
a 398 152 6
a 399 68 4
a 399 76 5
a 399 304 5
