p max 400 800
n 1 s
n 400 t
a 1 69 7
a 1 206 7
a 1 354 2
a 1 381 4
a 2 21 4
a 2 92 5
a 3 140 10
a 3 194 8
a 3 298 8
a 4 20 9
a 4 226 4
a 5 52 6
a 6 65 8
a 6 155 1
a 6 244 10
a 7 36 1
a 7 113 2
a 7 298 5
a 8 60 10
a 8 76 2
a 8 263 5
a 8 399 5
a 9 4 8
a 9 12 7
a 9 283 5
a 9 313 10
a 10 114 9
a 10 169 9
a 10 296 4
a 10 317 4
a 10 343 7
a 10 385 5
a 11 209 4
a 11 224 9
a 12 61 1
a 13 44 8
a 14 11 10
a 14 69 8
a 15 24 5
a 15 168 3
a 15 264 7
a 15 323 8
a 16 73 3
a 16 77 8
a 16 384 8
a 17 66 3
a 18 138 4
a 18 215 5
a 19 148 6
a 19 318 10
a 19 335 9
a 19 377 8
a 20 349 10
a 21 47 10
a 22 75 3
a 22 389 2
a 23 20 3
a 23 136 4
a 24 376 5
a 25 79 1
a 25 102 7
a 25 304 10
a 26 231 1
a 26 322 5
a 26 349 4
a 26 382 10
a 27 382 8
a 28 249 6
a 29 18 2
a 29 245 1
a 30 147 1
a 31 70 5
a 31 247 3
a 32 185 9
a 33 107 1
a 33 138 9
a 34 9 10
a 34 245 9
a 34 330 8
a 34 375 9
a 35 196 3
a 36 281 1
a 37 323 9
a 37 334 10
a 38 98 6
a 38 178 9
a 38 248 3
a 39 152 10
a 40 8 9
a 41 313 8
a 42 304 4
a 42 340 3
a 42 396 5
a 43 103 3
a 43 161 9
a 44 126 5
a 45 263 1
a 46 166 7
a 47 247 4
a 47 254 9
a 48 125 9
a 49 126 5
a 49 196 2
a 50 127 1
a 50 329 2
a 51 123 1
a 51 244 2
a 51 371 1
a 52 359 4
a 52 373 6
a 53 91 8
a 53 119 9
a 53 347 7
a 54 87 6
a 54 220 1
a 55 201 1
a 56 64 1
a 57 61 5
a 57 86 8
a 57 143 1
a 58 99 9
a 58 219 8
a 59 10 2
a 59 124 1
a 60 185 6
a 60 273 10
a 61 234 2
a 62 2 2
a 62 64 5
a 63 170 4
a 63 316 1
a 64 159 10
a 64 268 2
a 65 224 5
a 66 34 3
a 67 218 3
a 67 250 2
a 67 319 2
a 67 346 3
a 68 149 4
a 68 262 9
a 69 174 2
a 69 185 3
a 70 54 9
a 70 99 1
a 70 223 3
a 70 257 6
a 70 301 2
a 71 91 10
a 71 398 8
a 72 243 9
a 73 144 5
a 74 64 7
a 74 153 8
a 75 178 6
a 76 182 7
a 76 195 6
a 76 233 5
a 76 280 7
a 77 123 6
a 77 166 10
a 77 328 5
a 78 129 10
a 78 168 10
a 79 179 8
a 79 269 6
a 80 91 5
a 81 65 6
a 81 236 6
a 82 31 10
a 82 131 2
a 82 300 5
a 83 16 4
a 83 28 7
a 83 101 7
a 83 357 9
a 84 115 2
a 85 5 6
a 85 35 7
a 85 150 8
a 85 238 1
a 85 239 1
a 86 204 10
a 86 351 10
a 87 279 2
a 87 362 3
a 87 366 3
a 88 144 3
a 89 222 7
a 89 390 7
a 90 173 6
a 91 97 4
a 91 353 9
a 91 364 6
a 92 47 10
a 93 253 7
a 94 345 3
a 95 346 7
a 96 150 7
a 96 394 8
a 97 217 7
a 97 363 2
a 98 276 7
a 99 12 4
a 99 175 2
a 99 339 7
a 100 382 5
a 101 79 10
a 101 142 4
a 101 325 7
a 101 344 5
a 102 5 4
a 102 242 1
a 103 146 8
a 103 203 7
a 103 256 6
a 104 133 5
a 104 301 1
a 105 87 2
a 106 168 9
a 106 311 8
a 107 95 5
a 107 137 7
a 108 85 3
a 108 220 2
a 108 241 8
a 108 370 2
a 109 152 4
a 109 168 2
a 109 324 8
a 110 136 3
a 110 385 8
a 111 13 10
a 111 141 3
a 112 135 10
a 113 273 3
a 113 342 5
a 114 2 8
a 115 223 7
a 116 171 10
a 117 275 10
a 118 161 3
a 119 141 8
a 120 112 1
a 120 318 10
a 120 386 7
a 121 345 8
a 122 33 8
a 123 106 4
a 123 107 6
a 124 6 4
a 124 130 3
a 125 43 2
a 125 139 1
a 125 360 5
a 126 113 7
a 127 122 7
a 128 177 3
a 129 251 1
a 130 286 5
a 131 218 10
a 132 18 4
a 132 32 1
a 132 203 6
a 133 289 6
a 134 48 4
a 134 286 8
a 135 94 10
a 136 353 7
a 137 284 4
a 137 355 3
a 137 393 1
a 138 30 10
a 138 49 1
a 138 169 3
a 138 255 10
a 139 365 7
a 140 259 2
a 141 349 7
a 141 357 8
a 142 20 3
a 142 360 1
a 143 154 8
a 143 351 7
a 144 213 3
a 144 245 1
a 145 210 2
a 146 221 1
a 146 263 3
a 147 5 9
a 147 184 7
a 147 400 5
a 148 218 10
a 149 53 9
a 149 64 9
a 149 119 6
a 150 389 7
a 150 399 8
a 151 181 10
a 151 232 7
a 151 234 10
a 152 18 10
a 153 205 9
a 153 232 6
a 153 235 2
a 154 321 1
a 155 48 5
a 155 103 3
a 155 222 4
a 156 117 1
a 157 162 9
a 157 182 6
a 158 59 3
a 158 214 9
a 159 24 5
a 159 29 9
a 160 70 10
a 160 187 1
a 160 396 1
a 161 288 9
a 161 358 2
a 162 208 1
a 162 342 1
a 163 96 10
a 163 110 7
a 164 261 5
a 164 275 1
a 164 338 6
a 165 284 6
a 165 332 8
a 165 352 1
a 166 375 4
a 167 250 9
a 167 374 3
a 168 160 2
a 168 266 10
a 168 309 6
a 169 275 10
a 170 42 5
a 170 210 8
a 171 111 3
a 171 180 9
a 171 377 6
a 172 305 4
a 173 363 7
a 174 83 10
a 174 197 3
a 174 321 5
a 175 74 7
a 175 129 8
a 175 383 6
a 176 254 1
a 176 276 5
a 176 340 9
a 177 143 1
a 178 347 4
a 179 38 1
a 179 317 7
a 180 41 9
a 180 281 10
a 181 128 10
a 181 168 4
a 181 212 6
a 181 360 8
a 182 135 3
a 182 139 8
a 183 112 10
a 184 155 6
a 184 367 6
a 185 15 2
a 185 375 6
a 186 53 2
a 186 265 7
a 186 372 9
a 186 376 2
a 187 355 4
a 188 18 4
a 189 139 6
a 189 291 1
a 190 53 7
a 190 191 9
a 190 392 7
a 191 198 10
a 191 332 3
a 192 81 4
a 192 93 7
a 192 286 10
a 192 363 10
a 193 267 1
a 194 13 7
a 195 10 4
a 195 112 2
a 195 179 5
a 195 391 1
a 196 293 6
a 196 343 7
a 197 91 6
a 198 45 5
a 198 134 1
a 198 361 2
a 199 87 1
a 200 16 1
a 200 67 8
a 200 356 4
a 201 106 3
a 201 369 5
a 202 190 8
a 202 252 8
a 203 240 8
a 204 2 10
a 204 285 2
a 204 326 6
a 205 78 3
a 205 171 4
a 205 270 9
a 205 390 6
a 205 397 2
a 206 2 6
a 207 352 1
a 208 50 7
a 209 23 4
a 210 30 3
a 211 72 3
a 211 351 8
a 212 220 7
a 213 294 5
a 213 350 7
a 213 365 9
a 214 57 3
a 214 151 9
a 214 363 4
a 215 190 9
a 216 50 4
a 216 109 8
a 216 116 10
a 217 36 3
a 217 203 2
a 217 282 7
a 217 312 2
a 218 145 6
a 218 215 8
a 219 94 8
a 219 322 10
a 220 147 10
a 220 154 10
a 220 228 2
a 221 21 1
a 221 246 10
a 222 254 5
a 223 127 4
a 224 56 5
a 224 320 2
a 225 181 3
a 225 207 6
a 225 329 5
a 225 368 4
a 226 49 9
a 226 85 5
a 226 227 4
a 226 263 10
a 226 307 4
a 227 61 6
a 227 302 2
a 227 380 9
a 228 52 5
a 229 275 9
a 230 154 5
a 230 400 2
a 231 253 9
a 231 326 7
a 232 204 2
a 233 115 3
a 233 164 7
a 234 19 8
a 235 118 5
a 235 214 2
a 235 223 3
a 235 289 6
a 236 328 1
a 237 272 2
a 237 393 2
a 238 73 9
a 238 354 8
a 239 59 1
a 239 321 8
a 240 123 5
a 241 262 8
a 241 348 4
a 242 345 2
a 243 125 3
a 243 300 3
a 244 151 7
a 244 316 5
a 245 2 9
a 245 130 10
a 246 275 8
a 246 364 10
a 247 145 7
a 247 199 3
a 247 393 3
a 248 55 4
a 249 217 6
a 249 230 10
a 250 35 7
a 250 200 3
a 250 305 5
a 251 107 1
a 251 161 7
a 252 171 10
a 253 185 1
a 254 349 9
a 255 253 3
a 255 339 1
a 256 137 7
a 257 219 6
a 257 336 3
a 258 39 2
a 258 199 1
a 258 216 6
a 258 303 9
a 259 331 4
a 260 144 2
a 260 290 2
a 261 122 4
a 262 301 9
a 262 355 9
a 263 156 2
a 263 188 3
a 263 249 9
a 264 38 8
a 265 50 1
a 265 158 10
a 265 165 5
a 265 341 2
a 265 397 9
a 266 116 7
a 267 108 8
a 267 389 7
a 268 67 7
a 269 135 10
a 270 176 7
a 270 295 8
a 271 82 5
a 271 161 6
a 272 28 8
a 272 46 10
a 273 119 2
a 273 215 3
a 274 163 5
a 275 295 10
a 275 297 1
a 275 337 3
a 276 214 3
a 277 70 10
a 277 258 4
a 278 121 1
a 278 135 10
a 279 120 6
a 280 123 6
a 280 294 1
a 281 211 6
a 281 383 2
a 282 333 9
a 282 378 9
a 283 6 8
a 283 249 8
a 284 265 9
a 285 165 9
a 285 201 2
a 286 287 9
a 287 192 6
a 287 210 4
a 287 231 7
a 288 296 8
a 289 113 1
a 290 126 4
a 290 388 8
a 291 68 5
a 291 185 7
a 291 289 2
a 292 4 10
a 293 116 1
a 293 292 3
a 294 44 5
a 294 179 1
a 294 229 2
a 295 134 3
a 295 346 1
a 296 22 4
a 296 125 8
a 297 254 2
a 298 300 3
a 299 182 6
a 299 243 3
a 299 289 3
a 300 19 3
a 300 278 9
a 301 202 10
a 301 247 6
a 301 278 5
a 302 2 9
a 303 147 7
a 304 261 6
a 305 84 6
a 306 255 3
a 306 308 9
a 307 97 3
a 307 108 10
a 307 133 10
a 308 55 3
a 309 48 10
a 310 211 10
a 311 113 7
a 311 144 9
a 312 219 2
a 313 232 10
a 314 104 5
a 315 363 5
a 316 13 1
a 316 23 4
a 316 92 10
a 317 37 6
a 317 143 6
a 318 292 10
a 319 273 2
a 319 274 6
a 320 100 9
a 320 219 7
a 320 358 2
a 321 165 10
a 322 329 8
a 323 51 10
a 323 167 3
a 323 245 1
a 324 172 6
a 324 193 6
a 324 197 7
a 324 271 1
a 324 327 2
a 325 6 5
a 326 65 9
a 327 31 7
a 327 281 8
a 327 292 8
a 328 214 10
a 329 393 9
a 329 400 7
a 330 52 9
a 330 66 6
a 330 105 8
a 330 111 5
a 330 164 10
a 331 7 10
a 331 156 3
a 331 174 10
a 331 345 4
a 332 3 8
a 332 245 8
a 333 223 7
a 334 80 9
a 334 259 3
a 334 357 1
a 334 359 8
a 335 95 3
a 335 297 1
a 335 361 5
a 336 238 10
a 337 150 9
a 337 320 7
a 338 13 9
a 338 217 4
a 339 120 3
a 339 327 8
a 340 73 2
a 340 222 6
a 341 189 6
a 341 360 9
a 342 27 5
a 342 170 5
a 343 123 3
a 343 387 2
a 344 40 6
a 344 120 7
a 344 189 9
a 345 388 8
a 346 381 9
a 346 395 8
a 347 262 4
a 347 352 2
a 348 103 2
a 348 225 5
a 349 128 1
a 349 190 9
a 350 79 10
a 350 137 8
a 350 333 6
a 351 66 8
a 351 236 2
a 351 260 10
a 352 176 9
a 353 79 5
a 353 117 1
a 353 186 1
a 353 277 3
a 354 159 6
a 354 310 1
a 354 338 3
a 355 73 2
a 356 75 3
a 356 124 8
a 357 58 2
a 357 209 3
a 357 302 10
a 358 322 8
a 359 72 5
a 359 132 6
a 360 132 4
a 360 183 8
a 361 116 8
a 361 256 7
a 361 379 5
a 362 196 3
a 363 196 6
a 363 300 1
a 364 8 1
a 364 14 4
a 364 94 7
a 364 251 1
a 364 266 5
a 365 25 2
a 365 38 2
a 365 140 1
a 365 314 2
a 366 296 7
a 367 62 8
a 367 222 4
a 368 47 10
a 368 181 7
a 368 300 2
a 369 88 8
a 369 157 7
a 369 246 6
a 370 17 7
a 370 46 8
a 370 122 5
a 371 183 5
a 372 267 9
a 372 299 2
a 372 316 6
a 372 380 2
a 373 308 6
a 374 51 3
a 375 181 4
a 375 315 10
a 376 55 3
a 376 57 7
a 377 136 6
a 377 177 1
a 377 348 7
a 378 90 8
a 378 351 10
a 379 381 6
a 380 55 2
a 381 80 3
a 381 237 6
a 382 343 2
a 383 172 6
a 383 238 7
a 384 110 8
a 384 163 4
a 384 173 1
a 384 293 4
a 385 76 7
a 386 75 7
a 387 26 5
a 387 133 6
a 388 344 9
a 389 6 10
a 390 98 7
a 390 193 2
a 391 385 1
a 392 74 10
a 393 34 5
a 393 360 2
a 394 63 6
a 394 89 7
a 394 287 2
a 394 295 9
a 394 331 10
a 395 84 8
a 395 194 9
a 395 306 6
a 396 71 9
a 396 79 1
a 397 168 1
a 398 104 5
a 398 240 1
a 398 242 3
a 398 373 9
a 399 221 7
