p max 400 800
n 1 s
n 400 t
a 1 276 6
a 1 289 10
a 2 292 1
a 2 340 3
a 3 293 8
a 3 313 7
a 3 345 8
a 4 145 5
a 4 171 3
a 4 302 10
a 5 11 5
a 5 90 1
a 6 195 7
a 7 215 6
a 7 221 7
a 8 107 5
a 8 219 1
a 9 20 6
a 9 281 5
a 10 70 2
a 10 317 5
a 11 151 7
a 11 310 1
a 12 386 9
a 12 396 9
a 13 76 5
a 13 97 7
a 13 235 1
a 14 388 10
a 15 62 10
a 15 129 3
a 16 44 7
a 16 350 1
a 17 34 7
a 17 54 9
a 18 276 6
a 19 219 5
a 20 71 6
a 20 153 7
a 20 251 1
a 21 75 10
a 22 388 3
a 23 160 3
a 23 268 7
a 23 368 2
a 24 73 10
a 24 164 8
a 24 207 4
a 25 44 7
a 25 109 7
a 25 112 5
a 25 303 2
a 26 288 3
a 27 269 9
a 27 351 2
a 28 370 8
a 29 5 10
a 30 10 6
a 30 51 2
a 30 141 4
a 30 354 5
a 30 391 5
a 31 305 9
a 31 360 8
a 32 269 8
a 32 311 6
a 33 130 8
a 33 354 4
a 34 206 8
a 35 360 7
a 36 375 3
a 37 105 2
a 38 100 5
a 38 110 9
a 39 15 8
a 39 231 3
a 40 55 6
a 40 398 4
a 41 12 3
a 41 132 8
a 42 180 1
a 42 261 7
a 43 173 7
a 43 218 9
a 43 379 7
a 44 325 1
a 45 360 10
a 46 224 7
a 47 234 8
a 47 384 10
a 48 5 1
a 48 334 4
a 48 356 4
a 49 79 8
a 49 100 3
a 49 327 6
a 50 354 9
a 51 36 3
a 51 56 7
a 52 328 6
a 53 286 5
a 54 9 7
a 55 256 2
a 55 341 1
a 56 26 3
a 56 275 3
a 57 165 6
a 57 318 4
a 58 162 6
a 59 75 1
a 59 189 8
a 60 89 5
a 61 395 6
a 62 6 4
a 62 327 10
a 63 58 4
a 63 246 7
a 63 260 7
a 64 211 9
a 64 261 6
a 64 359 6
a 65 146 10
a 66 244 9
a 66 297 1
a 66 337 8
a 67 187 1
a 67 351 3
a 67 374 8
a 68 7 3
a 68 162 4
a 68 353 3
a 69 173 1
a 69 328 1
a 70 88 5
a 70 104 7
a 70 384 1
a 71 228 6
a 71 324 2
a 72 66 9
a 72 236 3
a 72 340 3
a 73 115 4
a 73 200 4
a 73 258 8
a 74 331 3
a 74 377 3
a 75 139 4
a 76 69 3
a 76 162 9
a 77 396 4
a 78 21 9
a 78 354 7
a 78 367 10
a 79 352 9
a 80 159 2
a 80 172 4
a 81 285 8
a 81 300 3
a 81 334 6
a 82 19 4
a 82 89 10
a 82 128 10
a 82 174 5
a 82 208 2
a 83 185 9
a 84 151 6
a 85 33 9
a 85 43 5
a 85 176 7
a 85 377 1
a 86 33 2
a 86 234 7
a 87 18 2
a 87 288 7
a 88 276 9
a 89 22 9
a 89 137 10
a 89 166 7
a 90 259 9
a 90 266 8
a 91 184 6
a 91 198 5
a 91 338 4
a 92 68 1
a 92 373 7
a 93 301 4
a 93 351 8
a 93 376 9
a 94 188 1
a 94 336 5
a 95 108 2
a 95 153 8
a 96 155 6
a 96 182 6
a 97 127 3
a 97 261 6
a 98 92 3
a 98 347 2
a 99 304 6
a 99 325 5
a 99 326 3
a 100 148 5
a 100 315 1
a 100 345 4
a 101 364 1
a 101 374 3
a 102 120 3
a 103 98 1
a 103 134 2
a 103 287 10
a 104 83 9
a 104 250 7
a 105 281 1
a 106 119 9
a 106 157 3
a 106 333 4
a 107 99 6
a 108 27 8
a 108 161 6
a 108 245 8
a 108 361 5
a 109 138 3
a 109 355 9
a 110 73 2
a 111 10 9
a 111 294 1
a 112 61 2
a 112 306 1
a 113 248 6
a 114 168 5
a 114 182 5
a 114 295 8
a 115 126 7
a 115 374 4
a 116 18 2
a 117 87 3
a 117 154 8
a 117 248 3
a 117 336 5
a 117 343 5
a 118 71 6
a 118 361 2
a 119 47 9
a 119 206 8
a 120 11 2
a 120 142 10
a 120 320 7
a 121 2 3
a 121 64 1
a 121 183 8
a 122 91 4
a 122 315 4
a 123 190 6
a 123 249 7
a 123 252 7
a 124 120 1
a 125 265 9
a 125 332 4
a 126 38 5
a 126 383 6
a 127 17 6
a 127 22 3
a 127 363 3
a 128 53 10
a 128 163 1
a 128 232 8
a 129 60 2
a 130 137 6
a 130 210 8
a 130 218 2
a 130 263 8
a 131 85 1
a 131 246 8
a 131 282 7
a 132 358 4
a 133 216 4
a 133 265 1
a 133 395 2
a 134 110 1
a 135 277 8
a 136 124 5
a 137 193 5
a 137 209 3
a 138 262 3
a 138 307 9
a 138 378 1
a 139 42 8
a 139 198 10
a 140 72 3
a 140 281 1
a 141 37 6
a 141 98 4
a 141 193 6
a 141 302 8
a 142 318 6
a 142 327 2
a 143 64 7
a 143 174 6
a 144 24 4
a 145 29 9
a 145 327 9
a 145 397 7
a 146 22 10
a 147 96 1
a 148 31 5
a 149 49 5
a 150 70 8
a 150 148 3
a 150 220 6
a 151 117 3
a 151 305 10
a 152 125 6
a 152 135 9
a 152 148 10
a 153 14 6
a 153 201 6
a 154 24 6
a 154 156 9
a 155 131 4
a 155 148 5
a 156 55 6
a 156 378 4
a 157 67 4
a 157 172 6
a 157 371 5
a 158 186 3
a 158 365 9
a 159 365 8
a 160 163 1
a 160 353 5
a 160 388 2
a 161 54 10
a 161 222 9
a 161 348 4
a 161 349 3
a 162 85 9
a 163 263 4
a 163 385 4
a 164 87 4
a 165 103 3
a 165 114 7
a 165 168 6
a 166 358 7
a 167 173 5
a 168 307 10
a 169 13 9
a 169 201 7
a 169 283 4
a 170 96 6
a 170 252 10
a 171 92 10
a 171 181 5
a 172 12 5
a 173 365 8
a 174 226 7
a 175 158 6
a 175 172 5
a 175 227 5
a 175 254 9
a 176 208 4
a 176 247 7
a 176 272 7
a 176 378 8
a 176 394 10
a 177 106 2
a 177 179 9
a 177 238 9
a 177 239 9
a 178 63 4
a 179 27 6
a 179 248 8
a 180 122 2
a 180 271 3
a 181 118 7
a 182 59 9
a 183 123 3
a 183 201 4
a 183 331 1
a 184 150 3
a 184 323 8
a 184 368 1
a 185 23 2
a 185 333 5
a 186 59 5
a 186 77 1
a 187 56 10
a 187 77 9
a 187 95 9
a 188 13 7
a 189 93 1
a 189 321 8
a 189 358 8
a 190 370 10
a 191 86 5
a 191 146 5
a 191 202 7
a 191 303 6
a 192 302 6
a 193 400 6
a 194 15 6
a 194 254 7
a 194 334 10
a 195 30 3
a 195 105 4
a 196 136 7
a 196 275 8
a 196 309 8
a 196 363 5
a 197 74 5
a 197 225 5
a 198 255 8
a 198 335 4
a 198 392 1
a 198 395 3
a 199 99 10
a 199 142 3
a 200 370 6
a 201 315 6
a 202 277 6
a 202 323 2
a 203 268 5
a 203 399 4
a 204 89 7
a 205 344 6
a 206 191 3
a 207 245 4
a 208 101 10
a 208 172 8
a 208 204 10
a 208 284 9
a 208 301 1
a 208 317 5
a 209 217 5
a 209 241 4
a 209 281 3
a 209 368 6
a 210 325 10
a 211 114 4
a 212 94 6
a 212 115 10
a 212 242 6
a 212 302 5
a 213 235 7
a 213 358 1
a 214 18 3
a 214 197 7
a 214 312 5
a 214 386 2
a 215 130 3
a 216 114 7
a 217 128 1
a 217 346 4
a 218 68 3
a 218 133 3
a 218 223 3
a 218 329 9
a 219 69 4
a 219 118 4
a 219 270 3
a 219 309 7
a 220 66 5
a 220 320 9
a 220 357 6
a 220 369 10
a 221 129 4
a 222 274 8
a 223 60 8
a 223 120 3
a 223 370 7
a 224 63 8
a 224 81 4
a 224 355 3
a 225 8 10
a 225 400 3
a 226 130 6
a 226 345 8
a 227 58 9
a 227 165 10
a 227 375 4
a 228 9 4
a 228 126 5
a 228 182 7
a 229 319 4
a 230 42 5
a 230 45 8
a 230 223 10
a 231 392 6
a 232 127 7
a 232 169 8
a 233 96 9
a 233 240 8
a 234 4 9
a 234 167 3
a 234 243 10
a 235 75 3
a 236 378 4
a 237 113 10
a 237 278 3
a 238 258 9
a 239 167 8
a 239 267 10
a 239 277 1
a 240 206 10
a 240 400 8
a 241 233 10
a 241 324 3
a 242 50 7
a 242 270 5
a 242 393 1
a 243 158 6
a 243 175 9
a 244 107 10
a 244 273 1
a 245 8 8
a 245 194 4
a 245 291 3
a 246 165 4
a 247 24 10
a 247 230 8
a 247 370 1
a 248 221 8
a 248 380 10
a 249 34 1
a 250 201 2
a 251 87 7
a 251 322 4
a 251 361 5
a 252 11 8
a 253 391 6
a 254 32 2
a 255 129 5
a 256 8 4
a 256 288 8
a 257 345 6
a 258 67 7
a 259 343 10
a 260 87 8
a 261 216 6
a 261 226 4
a 262 107 5
a 262 310 8
a 263 286 9
a 263 326 6
a 264 101 8
a 265 102 2
a 265 294 9
a 266 215 3
a 266 278 10
a 266 289 8
a 266 322 7
a 267 207 4
a 267 255 7
a 268 139 1
a 268 192 3
a 268 297 3
a 268 362 2
a 269 104 9
a 270 52 6
a 270 172 9
a 270 290 9
a 271 176 2
a 272 234 6
a 273 16 7
a 273 143 4
a 273 199 8
a 273 268 5
a 274 216 5
a 274 224 4
a 275 302 9
a 275 314 2
a 276 375 2
a 277 197 10
a 277 298 3
a 277 345 8
a 278 181 1
a 278 235 8
a 279 35 5
a 279 48 2
a 279 137 6
a 280 324 4
a 280 392 5
a 281 119 3
a 281 124 4
a 281 147 1
a 282 159 5
a 283 41 1
a 283 251 2
a 284 105 5
a 284 107 5
a 284 214 3
a 285 344 10
a 286 178 10
a 286 225 2
a 287 195 4
a 287 212 2
a 287 326 3
a 288 117 5
a 288 316 9
a 289 296 1
a 289 373 7
a 289 389 3
a 290 152 6
a 290 158 2
a 290 279 1
a 290 280 5
a 291 5 8
a 292 10 9
a 292 13 5
a 293 98 3
a 293 367 7
a 294 302 8
a 295 323 1
a 296 346 7
a 297 259 9
a 297 360 10
a 298 214 2
a 298 372 5
a 299 107 10
a 299 238 6
a 299 297 2
a 300 330 5
a 300 386 10
a 301 3 2
a 301 147 1
a 301 292 7
a 302 110 9
a 302 240 8
a 303 165 10
a 304 274 5
a 305 61 5
a 305 196 2
a 305 344 1
a 306 309 7
a 307 83 8
a 308 24 4
a 308 170 6
a 308 257 9
a 309 114 6
a 310 223 10
a 311 141 6
a 312 190 8
a 312 266 9
a 313 40 8
a 314 33 5
a 315 339 2
a 316 264 9
a 317 16 4
a 317 285 5
a 318 122 1
a 318 149 1
a 318 329 10
a 319 79 3
a 319 195 9
a 320 189 10
a 321 380 3
a 322 101 7
a 323 109 3
a 324 184 2
a 325 12 5
a 325 231 1
a 326 342 3
a 327 31 1
a 327 224 10
a 328 191 5
a 328 235 9
a 329 163 8
a 329 352 10
a 330 279 7
a 331 124 2
a 331 352 2
a 332 256 4
a 333 211 10
a 334 131 5
a 334 381 8
a 335 390 5
a 336 130 1
a 336 383 5
a 337 20 6
a 337 308 3
a 338 19 1
a 338 264 3
a 339 112 1
a 340 82 3
a 340 222 9
a 341 131 10
a 342 366 9
a 343 46 4
a 343 65 2
a 343 122 5
a 344 47 8
a 344 105 8
a 345 350 10
a 346 215 5
a 347 215 9
a 348 33 8
a 349 56 4
a 349 57 9
a 349 255 10
a 350 40 4
a 350 78 7
a 351 101 8
a 352 39 10
a 352 53 1
a 353 129 3
a 353 279 9
a 353 357 5
a 354 73 10
a 354 117 6
a 354 339 3
a 355 76 7
a 355 371 6
a 356 225 4
a 357 92 8
a 358 124 10
a 359 114 9
a 359 274 6
a 360 14 1
a 361 277 3
a 362 350 10
a 362 387 1
a 363 121 9
a 363 203 9
a 363 379 10
a 364 207 3
a 364 237 8
a 365 49 5
a 365 208 3
a 365 341 4
a 366 109 9
a 366 111 5
a 366 116 3
a 366 179 4
a 366 263 6
a 366 390 7
a 367 15 4
a 367 378 3
a 368 32 8
a 368 259 7
a 368 342 8
a 369 339 9
a 370 55 6
a 371 103 3
a 372 326 4
a 372 382 5
a 373 170 2
a 374 77 8
a 375 214 2
a 375 319 10
a 376 189 9
a 377 164 3
a 377 170 1
a 377 356 1
a 378 244 2
a 378 251 1
a 379 54 8
a 379 186 5
a 379 336 2
a 380 60 8
a 380 178 5
a 381 116 10
a 382 178 7
a 383 27 3
a 384 168 10
a 384 299 8
a 385 62 7
a 385 144 7
a 385 366 7
a 386 24 5
a 386 83 5
a 387 25 5
a 387 185 10
a 387 253 4
a 387 261 2
a 387 270 6
a 388 140 4
a 388 336 4
a 388 381 1
a 389 84 6
a 389 138 1
a 389 161 6
a 389 229 4
a 390 229 8
a 391 205 10
a 391 287 8
a 392 28 8
a 392 270 4
a 393 40 7
a 393 329 7
a 394 190 10
a 395 244 7
a 396 75 2
a 396 311 8
a 396 346 1
a 397 80 6
a 397 270 4
a 398 87 3
a 398 213 3
a 399 177 3
a 399 196 8
a 399 343 2
