p max 400 800
n 1 s
n 400 t
a 1 211 6
a 1 305 4
a 1 342 2
a 2 325 1
a 2 326 6
a 3 141 1
a 4 289 2
a 4 316 4
a 5 94 3
a 5 110 1
a 6 370 9
a 7 241 2
a 8 311 1
a 9 372 5
a 10 127 4
a 10 132 2
a 10 141 10
a 11 237 5
a 11 354 8
a 12 36 1
a 12 125 9
a 13 81 8
a 13 357 3
a 13 387 5
a 14 286 10
a 14 362 9
a 14 379 6
a 15 87 9
a 15 235 3
a 15 395 3
a 16 318 1
a 17 70 3
a 17 185 5
a 18 140 9
a 19 98 4
a 19 150 2
a 19 188 7
a 19 274 10
a 20 223 7
a 20 319 7
a 21 295 7
a 21 326 8
a 22 254 4
a 22 371 2
a 23 42 2
a 23 182 1
a 24 128 5
a 24 161 8
a 25 350 3
a 26 91 2
a 27 242 6
a 27 359 2
a 28 165 7
a 28 385 1
a 29 126 8
a 29 276 8
a 29 338 1
a 30 117 8
a 30 140 6
a 30 304 4
a 31 68 5
a 31 151 8
a 32 297 8
a 32 362 4
a 33 191 9
a 33 240 2
a 33 320 3
a 33 356 4
a 34 159 2
a 35 161 2
a 35 334 10
a 36 147 10
a 37 73 10
a 37 96 1
a 37 357 8
a 38 15 1
a 38 55 2
a 38 134 2
a 38 178 4
a 39 40 8
a 39 66 6
a 40 242 2
a 40 273 8
a 41 50 4
a 41 148 10
a 42 24 10
a 43 183 5
a 43 271 7
a 43 281 6
a 44 195 5
a 44 199 9
a 45 193 4
a 46 219 10
a 46 257 9
a 47 251 10
a 48 92 1
a 49 339 3
a 50 360 7
a 51 86 9
a 51 264 3
a 51 288 10
a 51 323 7
a 52 222 7
a 52 386 10
a 53 369 3
a 54 96 9
a 55 133 5
a 55 176 9
a 55 204 9
a 56 375 6
a 57 63 3
a 57 157 2
a 58 88 5
a 58 90 9
a 58 147 2
a 59 295 10
a 60 265 9
a 61 134 6
a 62 273 6
a 63 150 5
a 64 134 10
a 64 315 4
a 65 198 8
a 65 209 2
a 65 242 2
a 66 115 8
a 66 305 9
a 67 326 10
a 68 196 2
a 69 381 1
a 70 4 5
a 70 14 9
a 70 294 1
a 70 312 8
a 71 172 7
a 72 182 7
a 73 153 10
a 73 249 9
a 74 309 5
a 75 303 8
a 76 19 9
a 76 20 1
a 76 116 9
a 76 275 2
a 77 257 1
a 78 118 2
a 79 179 2
a 79 225 5
a 80 116 4
a 80 234 5
a 81 259 4
a 81 374 4
a 82 134 4
a 83 140 1
a 83 218 2
a 84 122 4
a 84 277 3
a 84 315 2
a 85 10 3
a 85 56 9
a 85 287 1
a 85 368 7
a 86 77 9
a 86 203 7
a 87 291 5
a 87 332 9
a 87 388 3
a 88 99 1
a 88 154 7
a 89 24 1
a 90 57 5
a 91 34 8
a 91 269 10
a 92 67 8
a 92 284 3
a 93 330 5
a 94 64 8
a 95 275 4
a 96 228 6
a 97 81 5
a 97 208 6
a 98 91 1
a 98 191 2
a 98 400 4
a 99 124 2
a 99 173 3
a 99 230 8
a 99 234 4
a 100 45 3
a 100 318 7
a 101 66 6
a 101 190 2
a 102 285 7
a 102 365 8
a 102 380 3
a 103 108 7
a 103 328 4
a 104 361 4
a 105 201 5
a 105 283 6
a 106 39 6
a 107 124 2
a 108 160 8
a 108 324 1
a 108 376 5
a 109 62 6
a 109 205 5
a 110 202 2
a 110 266 4
a 110 314 1
a 111 393 1
a 112 197 4
a 113 52 4
a 113 209 10
a 113 386 5
a 113 397 8
a 114 49 5
a 115 196 8
a 115 311 3
a 115 339 10
a 116 156 10
a 116 330 7
a 117 368 9
a 118 108 1
a 119 80 5
a 119 135 4
a 119 289 10
a 120 195 2
a 120 382 8
a 121 46 9
a 121 206 8
a 121 360 2
a 122 10 1
a 122 24 8
a 122 252 4
a 122 345 9
a 123 97 1
a 124 81 4
a 125 288 5
a 126 47 6
a 126 208 10
a 126 238 4
a 126 385 8
a 127 250 10
a 128 94 6
a 128 106 2
a 129 43 4
a 129 231 5
a 129 271 5
a 129 346 4
a 130 60 3
a 130 264 9
a 131 105 4
a 131 214 5
a 132 246 5
a 132 388 1
a 133 86 2
a 134 62 3
a 134 142 8
a 134 246 5
a 134 350 10
a 135 356 8
a 136 332 7
a 136 347 5
a 137 41 4
a 138 246 9
a 138 247 3
a 138 267 9
a 138 272 10
a 138 374 1
a 139 16 5
a 139 97 5
a 139 144 8
a 140 5 7
a 140 57 5
a 141 254 4
a 141 321 8
a 142 13 10
a 142 163 9
a 142 291 4
a 143 111 10
a 143 125 7
a 143 310 5
a 144 125 10
a 144 174 10
a 144 329 7
a 145 255 2
a 146 162 5
a 146 378 4
a 146 391 9
a 146 398 4
a 147 142 3
a 148 257 1
a 148 352 10
a 149 64 6
a 150 350 1
a 151 67 5
a 151 170 8
a 152 191 10
a 153 249 4
a 154 108 3
a 154 250 3
a 155 147 1
a 156 21 6
a 156 28 7
a 156 256 6
a 157 78 7
a 157 232 10
a 158 188 8
a 158 248 3
a 159 185 10
a 159 294 3
a 160 52 6
a 160 158 5
a 161 89 5
a 161 100 5
a 161 118 1
a 161 321 8
a 161 342 7
a 162 103 10
a 162 311 8
a 163 285 3
a 163 303 10
a 163 324 2
a 164 122 9
a 164 261 7
a 165 255 3
a 165 277 6
a 165 286 4
a 166 24 5
a 167 213 1
a 168 26 1
a 168 210 2
a 169 115 8
a 170 283 1
a 171 17 1
a 171 156 7
a 172 6 2
a 172 101 3
a 172 230 6
a 173 41 3
a 173 177 4
a 174 143 1
a 174 271 7
a 174 302 10
a 175 45 5
a 175 300 9
a 175 389 6
a 176 31 10
a 176 53 8
a 176 65 7
a 176 129 9
a 176 215 4
a 177 57 10
a 177 131 6
a 177 185 4
a 177 395 4
a 178 91 8
a 178 130 1
a 178 331 1
a 179 7 8
a 179 172 10
a 180 94 7
a 180 151 6
a 180 355 3
a 181 4 8
a 182 239 2
a 182 242 9
a 182 251 7
a 182 268 3
a 183 83 7
a 183 258 3
a 183 398 7
a 184 69 2
a 184 366 3
a 185 241 5
a 186 197 10
a 187 234 2
a 188 205 9
a 189 43 2
a 189 353 6
a 190 220 10
a 190 251 5
a 191 115 7
a 191 121 8
a 191 282 4
a 192 40 8
a 192 55 9
a 193 43 1
a 193 64 5
a 193 98 2
a 194 397 3
a 195 336 4
a 196 400 6
a 197 203 1
a 198 399 3
a 199 148 5
a 199 167 8
a 199 191 6
a 199 194 4
a 200 238 5
a 201 44 6
a 201 119 7
a 202 37 3
a 202 120 9
a 202 181 10
a 203 84 4
a 203 151 4
a 203 399 9
a 204 102 2
a 204 116 4
a 204 296 4
a 204 343 8
a 205 30 7
a 205 88 5
a 205 182 3
a 205 214 8
a 205 326 4
a 206 258 9
a 206 306 9
a 207 52 8
a 208 114 4
a 208 151 4
a 209 129 4
a 209 186 1
a 209 243 8
a 210 225 9
a 211 251 10
a 212 118 3
a 213 184 10
a 213 197 9
a 214 80 7
a 214 197 6
a 214 203 9
a 215 53 3
a 216 170 4
a 216 225 3
a 217 55 6
a 217 239 2
a 218 151 8
a 218 301 6
a 219 211 9
a 219 217 6
a 219 361 5
a 220 180 10
a 221 361 7
a 222 157 5
a 223 187 7
a 223 270 2
a 224 163 8
a 224 375 6
a 225 268 7
a 226 137 2
a 226 243 3
a 226 279 7
a 227 26 8
a 227 51 10
a 227 74 5
a 227 85 8
a 227 263 10
a 228 141 9
a 228 159 3
a 228 343 2
a 229 103 9
a 229 115 2
a 230 18 2
a 230 334 5
a 230 336 4
a 230 381 6
a 231 49 6
a 231 138 7
a 231 334 8
a 231 349 1
a 232 83 7
a 233 386 4
a 234 93 10
a 234 164 8
a 235 152 7
a 235 229 7
a 236 348 8
a 237 134 7
a 238 36 2
a 238 202 9
a 238 362 10
a 239 206 8
a 239 230 9
a 240 246 3
a 241 44 7
a 241 222 8
a 241 337 1
a 242 349 6
a 243 207 8
a 243 260 5
a 244 39 7
a 244 51 9
a 245 61 3
a 245 116 3
a 246 195 8
a 246 292 8
a 247 5 1
a 247 109 1
a 248 36 2
a 249 181 8
a 250 195 4
a 251 213 8
a 251 377 5
a 252 3 7
a 252 152 1
a 253 295 10
a 254 122 6
a 255 327 6
a 255 340 1
a 255 354 9
a 256 228 5
a 256 370 10
a 257 41 5
a 257 78 6
a 258 79 1
a 258 346 1
a 259 351 7
a 260 37 2
a 260 95 9
a 261 75 5
a 261 290 8
a 261 367 8
a 262 152 4
a 262 270 8
a 262 280 2
a 263 62 2
a 263 166 10
a 264 48 5
a 264 216 5
a 264 303 4
a 265 223 8
a 266 170 7
a 266 209 8
a 266 344 5
a 267 75 6
a 267 143 3
a 267 153 1
a 268 139 2
a 268 298 8
a 269 145 9
a 269 244 9
a 270 317 6
a 271 195 6
a 271 354 6
a 272 370 5
a 273 171 5
a 273 267 1
a 274 213 5
a 275 67 10
a 276 112 8
a 277 280 4
a 278 73 6
a 278 313 2
a 278 393 5
a 279 112 2
a 279 290 3
a 279 341 2
a 280 113 4
a 280 352 6
a 281 72 10
a 281 189 5
a 281 247 7
a 282 7 2
a 283 147 8
a 284 12 5
a 284 25 10
a 285 8 8
a 285 83 8
a 285 303 8
a 285 363 2
a 286 167 3
a 286 295 1
a 287 308 7
a 287 356 6
a 288 277 7
a 289 201 3
a 289 384 4
a 290 193 1
a 290 287 9
a 291 136 10
a 291 247 3
a 292 16 6
a 292 57 6
a 292 126 2
a 292 335 1
a 293 190 8
a 294 38 1
a 295 30 9
a 295 250 3
a 296 164 2
a 297 279 6
a 297 385 3
a 298 164 5
a 299 35 6
a 299 57 1
a 299 59 9
a 299 219 8
a 299 228 7
a 300 16 9
a 300 71 2
a 300 78 3
a 300 154 6
a 301 6 6
a 302 103 5
a 302 168 5
a 302 226 5
a 302 245 2
a 303 103 3
a 303 274 9
a 303 383 9
a 304 139 4
a 304 354 2
a 305 248 6
a 306 9 5
a 306 391 9
a 307 301 8
a 308 280 10
a 308 390 9
a 309 63 9
a 309 344 5
a 309 377 3
a 310 11 5
a 310 69 9
a 310 87 7
a 310 266 7
a 311 277 1
a 312 349 4
a 313 92 10
a 313 131 7
a 314 32 7
a 315 41 3
a 316 35 8
a 317 105 6
a 317 175 1
a 318 29 1
a 318 351 1
a 319 17 8
a 319 373 10
a 320 28 2
a 320 125 3
a 320 193 10
a 321 227 8
a 321 347 9
a 321 369 1
a 322 172 6
a 323 392 4
a 324 2 9
a 324 67 3
a 325 22 1
a 325 211 7
a 325 233 2
a 326 40 2
a 327 169 2
a 328 25 10
a 328 400 8
a 329 96 8
a 329 351 2
a 330 124 7
a 330 259 2
a 331 76 7
a 331 81 1
a 331 221 7
a 331 348 4
a 332 167 5
a 332 212 10
a 333 123 2
a 333 311 2
a 334 4 1
a 334 63 8
a 334 278 9
a 335 379 9
a 336 63 2
a 336 326 3
a 337 174 8
a 338 317 6
a 339 141 6
a 339 218 1
a 340 93 4
a 340 140 3
a 341 54 5
a 341 224 7
a 341 333 3
a 341 365 5
a 342 200 8
a 342 230 6
a 343 223 5
a 343 269 9
a 343 396 6
a 344 336 5
a 345 30 4
a 345 106 2
a 346 67 7
a 347 262 8
a 347 267 1
a 348 38 3
a 348 267 9
a 349 7 1
a 349 29 4
a 350 176 7
a 350 202 9
a 351 91 5
a 352 115 7
a 353 191 10
a 354 277 7
a 355 163 5
a 355 322 2
a 356 149 4
a 357 305 5
a 357 334 4
a 358 72 9
a 358 102 8
a 359 155 8
a 359 209 9
a 359 307 10
a 360 17 3
a 360 107 8
a 360 192 8
a 361 133 8
a 361 207 9
a 361 396 6
a 362 263 7
a 363 60 3
a 363 273 6
a 363 392 6
a 364 190 4
a 364 236 9
a 364 241 9
a 364 253 5
a 364 358 3
a 365 35 10
a 366 169 6
a 366 229 3
a 367 30 6
a 367 149 8
a 367 265 1
a 368 3 5
a 368 104 6
a 369 70 9
a 370 33 9
a 370 41 1
a 371 317 6
a 371 361 2
a 372 309 7
a 372 399 7
a 372 400 3
a 373 377 9
a 374 337 3
a 375 32 3
a 375 326 10
a 376 114 2
a 377 146 6
a 377 231 8
a 378 123 7
a 378 194 5
a 379 283 1
a 379 314 7
a 379 390 1
a 380 400 10
a 381 9 2
a 381 195 4
a 382 199 3
a 382 235 5
a 382 372 1
a 383 338 1
a 384 85 6
a 384 94 3
a 384 299 10
a 385 27 3
a 385 166 8
a 385 364 2
a 386 23 6
a 386 209 6
a 386 230 7
a 387 298 5
a 388 326 2
a 389 304 10
a 390 7 4
a 390 279 9
a 391 82 9
a 391 286 3
a 392 221 2
a 393 184 10
a 393 283 4
a 394 288 3
a 395 22 6
a 395 394 5
a 396 37 2
a 396 58 10
a 396 276 6
a 396 293 5
a 397 180 9
a 397 359 2
a 398 192 1
a 398 219 6
a 398 300 1
a 399 219 2
a 399 235 6
