p max 400 800
n 1 s
n 400 t
a 1 111 3
a 1 385 3
a 2 199 10
a 3 237 3
a 4 93 6
a 5 301 4
a 5 372 2
a 5 388 1
a 6 32 4
a 6 165 5
a 7 349 6
a 8 393 3
a 9 161 6
a 10 205 5
a 10 293 2
a 10 392 9
a 11 106 4
a 11 238 10
a 12 30 2
a 13 194 5
a 13 358 2
a 14 216 7
a 15 51 7
a 15 304 3
a 16 129 2
a 16 170 6
a 17 120 10
a 17 314 2
a 18 10 8
a 18 279 5
a 19 67 6
a 20 171 10
a 20 196 2
a 21 97 3
a 21 341 6
a 22 6 7
a 22 190 3
a 22 289 5
a 23 26 2
a 23 125 9
a 24 73 10
a 25 84 3
a 25 180 7
a 26 2 3
a 26 41 3
a 26 376 6
a 27 99 5
a 27 246 7
a 28 90 10
a 28 240 3
a 28 339 10
a 29 53 4
a 29 109 5
a 29 253 5
a 30 7 5
a 30 342 7
a 31 304 6
a 32 175 2
a 32 198 5
a 32 299 1
a 33 8 3
a 34 46 7
a 34 267 8
a 34 289 1
a 35 18 4
a 35 202 3
a 35 276 7
a 35 288 7
a 36 32 9
a 37 34 9
a 37 249 6
a 38 141 2
a 38 264 4
a 39 101 7
a 40 26 8
a 40 267 4
a 40 321 1
a 41 381 6
a 42 97 5
a 42 173 4
a 42 207 8
a 43 209 1
a 44 379 4
a 45 378 1
a 46 231 8
a 47 60 1
a 47 165 2
a 47 196 1
a 47 256 3
a 48 166 7
a 48 220 5
a 49 217 2
a 49 312 6
a 50 178 9
a 50 211 3
a 50 300 1
a 51 185 5
a 51 212 1
a 51 297 9
a 52 178 2
a 53 158 4
a 53 166 4
a 53 231 2
a 53 278 9
a 54 87 5
a 54 334 9
a 55 310 9
a 56 17 8
a 56 298 6
a 57 125 3
a 58 204 2
a 58 323 6
a 58 391 9
a 59 124 10
a 59 178 3
a 60 245 10
a 60 400 6
a 61 111 4
a 61 188 8
a 61 233 10
a 62 115 7
a 62 306 5
a 62 380 1
a 63 281 3
a 63 367 1
a 64 165 1
a 64 284 9
a 65 160 10
a 65 361 4
a 65 393 1
a 66 68 6
a 66 241 7
a 67 70 3
a 67 151 6
a 68 105 5
a 68 123 5
a 69 61 1
a 69 237 3
a 70 238 9
a 70 360 4
a 71 325 6
a 72 199 1
a 72 232 1
a 73 117 1
a 74 195 3
a 75 209 3
a 75 252 4
a 76 156 9
a 77 392 5
a 78 228 2
a 79 99 3
a 79 284 10
a 79 295 9
a 80 189 3
a 80 215 8
a 81 38 9
a 81 145 7
a 81 316 2
a 82 16 9
a 82 20 7
a 82 247 7
a 83 99 1
a 83 308 9
a 83 313 7
a 84 138 1
a 85 257 7
a 85 378 1
a 86 8 3
a 86 57 9
a 87 26 3
a 88 10 7
a 88 73 8
a 89 254 5
a 89 296 7
a 90 66 3
a 90 74 7
a 91 320 2
a 92 215 2
a 93 231 8
a 94 272 8
a 95 65 4
a 95 262 2
a 95 394 8
a 96 59 3
a 96 309 2
a 97 154 10
a 97 240 7
a 97 275 10
a 98 214 7
a 99 191 8
a 100 39 6
a 100 343 3
a 101 288 4
a 101 294 8
a 102 120 5
a 103 93 2
a 103 114 4
a 104 303 7
a 104 398 1
a 105 29 8
a 105 86 10
a 105 110 9
a 105 226 4
a 106 163 1
a 107 317 9
a 107 395 5
a 108 27 9
a 108 79 3
a 108 199 7
a 108 330 3
a 109 245 1
a 109 251 9
a 110 94 9
a 110 95 5
a 111 163 7
a 112 45 4
a 112 153 3
a 112 176 8
a 113 43 3
a 113 104 9
a 113 314 8
a 114 138 7
a 114 257 5
a 115 48 9
a 115 91 4
a 115 304 6
a 115 369 7
a 116 96 6
a 116 121 4
a 116 390 9
a 117 392 10
a 118 162 9
a 118 225 9
a 118 243 2
a 119 19 10
a 120 81 5
a 120 171 1
a 121 396 5
a 122 339 8
a 123 185 7
a 123 291 4
a 124 70 2
a 124 305 5
a 124 308 2
a 125 367 1
a 126 101 3
a 126 237 6
a 126 292 7
a 127 152 7
a 127 159 8
a 128 36 3
a 128 39 10
a 129 206 3
a 129 232 9
a 129 385 4
a 130 100 7
a 130 158 6
a 131 121 10
a 132 298 6
a 133 142 4
a 133 174 3
a 133 389 7
a 134 326 10
a 135 38 8
a 136 234 10
a 137 33 4
a 137 324 5
a 138 95 5
a 138 129 7
a 138 168 2
a 139 237 1
a 140 213 5
a 141 42 8
a 141 228 9
a 141 309 2
a 141 349 4
a 142 338 6
a 143 280 5
a 143 319 9
a 143 328 2
a 144 166 2
a 144 177 2
a 145 332 5
a 146 325 6
a 147 83 3
a 147 367 8
a 148 25 8
a 148 258 8
a 149 26 5
a 149 47 4
a 149 132 4
a 149 172 3
a 149 244 3
a 150 197 6
a 151 150 9
a 151 346 1
a 152 71 5
a 152 337 2
a 153 251 8
a 154 176 1
a 154 384 4
a 155 351 4
a 155 368 4
a 156 195 8
a 156 322 8
a 156 354 6
a 157 378 7
a 158 384 1
a 159 19 4
a 159 97 9
a 159 331 3
a 160 274 6
a 160 370 1
a 160 398 9
a 161 90 1
a 161 92 1
a 161 254 1
a 162 261 4
a 162 355 2
a 163 250 8
a 163 309 5
a 164 31 6
a 164 74 6
a 164 358 8
a 165 145 5
a 166 107 8
a 166 222 4
a 166 344 4
a 167 18 9
a 168 5 4
a 169 268 1
a 169 399 9
a 170 31 8
a 170 123 10
a 171 182 8
a 172 364 1
a 173 41 4
a 173 58 1
a 173 119 4
a 173 214 9
a 173 221 10
a 173 318 3
a 173 352 2
a 174 63 7
a 174 181 6
a 174 187 3
a 174 235 3
a 175 308 10
a 176 131 2
a 176 188 6
a 176 345 3
a 177 133 7
a 177 280 10
a 178 22 3
a 178 130 3
a 178 338 7
a 178 377 8
a 179 44 3
a 179 149 8
a 179 332 5
a 180 270 2
a 181 333 3
a 182 11 5
a 183 43 8
a 183 137 7
a 184 265 1
a 185 71 8
a 185 253 7
a 186 169 2
a 187 53 2
a 187 155 10
a 187 300 3
a 188 21 7
a 188 150 9
a 188 241 10
a 189 68 6
a 189 374 10
a 190 201 7
a 190 368 3
a 191 200 10
a 191 340 7
a 192 56 8
a 192 378 4
a 193 2 8
a 193 28 8
a 193 108 10
a 194 152 4
a 194 168 6
a 195 373 3
a 196 133 6
a 196 381 9
a 197 156 9
a 197 186 2
a 197 336 6
a 198 354 3
a 199 310 5
a 200 383 7
a 200 389 1
a 201 180 6
a 202 104 10
a 202 258 2
a 203 82 4
a 203 221 3
a 204 303 1
a 205 119 2
a 206 248 8
a 207 120 1
a 207 310 6
a 207 397 4
a 208 138 3
a 209 124 7
a 210 181 4
a 211 161 3
a 212 56 5
a 213 275 6
a 214 317 9
a 214 348 10
a 215 34 9
a 215 158 2
a 215 371 2
a 216 28 8
a 216 149 2
a 217 244 4
a 218 14 10
a 218 88 4
a 218 139 10
a 219 156 4
a 219 390 9
a 220 336 8
a 221 3 4
a 221 148 2
a 221 189 6
a 221 251 9
a 222 34 9
a 222 52 1
a 222 216 6
a 223 243 2
a 224 40 2
a 224 136 8
a 224 232 4
a 224 296 4
a 225 217 7
a 225 260 1
a 226 359 2
a 227 4 7
a 227 15 7
a 228 281 2
a 229 11 7
a 229 25 8
a 229 153 3
a 230 9 9
a 230 127 8
a 230 179 1
a 230 327 6
a 231 200 9
a 232 262 5
a 232 264 2
a 232 379 4
a 233 5 1
a 233 17 10
a 234 76 9
a 234 113 8
a 235 72 7
a 235 318 1
a 236 97 5
a 236 117 9
a 237 264 6
a 237 320 8
a 238 137 1
a 238 358 2
a 239 83 4
a 240 128 1
a 240 322 6
a 241 62 3
a 241 388 5
a 242 131 8
a 243 110 10
a 243 261 8
a 243 265 2
a 243 316 10
a 244 282 10
a 245 281 1
a 246 167 10
a 246 381 8
a 247 80 8
a 247 148 9
a 248 87 2
a 248 208 8
a 248 287 8
a 249 268 10
a 250 210 8
a 250 218 9
a 250 317 7
a 251 390 7
a 252 235 6
a 253 174 5
a 253 204 1
a 253 272 9
a 254 137 3
a 254 209 10
a 254 324 8
a 254 366 1
a 255 35 6
a 255 76 5
a 255 88 2
a 255 117 7
a 256 383 1
a 257 175 10
a 258 7 8
a 258 16 1
a 258 124 2
a 259 37 6
a 259 67 1
a 259 227 10
a 259 311 5
a 260 201 10
a 260 255 5
a 260 301 6
a 260 342 2
a 261 84 3
a 262 3 1
a 262 80 8
a 263 25 6
a 264 52 10
a 264 110 6
a 264 163 8
a 265 78 8
a 265 211 3
a 266 163 3
a 266 302 5
a 267 49 1
a 267 85 9
a 267 209 2
a 268 16 8
a 268 222 3
a 268 307 4
a 268 325 2
a 269 122 9
a 269 331 8
a 270 13 2
a 270 55 6
a 270 117 9
a 270 353 7
a 271 237 5
a 271 283 10
a 271 400 1
a 272 175 3
a 272 197 6
a 272 277 1
a 273 41 9
a 273 97 6
a 273 312 1
a 274 123 5
a 274 363 7
a 275 89 10
a 275 93 8
a 275 206 2
a 275 319 2
a 276 220 8
a 276 248 1
a 277 42 7
a 278 198 8
a 278 396 10
a 279 195 9
a 279 347 6
a 280 179 2
a 280 189 10
a 281 111 4
a 281 161 10
a 282 298 1
a 282 382 2
a 283 90 8
a 283 373 2
a 284 220 4
a 285 148 8
a 286 105 8
a 287 260 10
a 288 209 8
a 288 223 6
a 289 208 2
a 289 390 6
a 290 257 2
a 291 81 7
a 291 143 3
a 291 193 1
a 292 69 4
a 292 268 7
a 293 272 7
a 293 291 1
a 293 356 2
a 294 60 9
a 294 184 10
a 294 235 10
a 295 146 8
a 295 246 8
a 296 323 10
a 297 131 4
a 297 231 9
a 297 236 8
a 297 239 6
a 298 239 3
a 299 118 1
a 299 227 9
a 299 277 7
a 300 306 1
a 300 341 4
a 301 135 10
a 301 203 3
a 301 378 1
a 302 24 2
a 302 34 1
a 303 347 8
a 304 35 2
a 304 229 3
a 305 65 8
a 305 352 9
a 306 101 4
a 306 134 1
a 306 360 6
a 307 85 3
a 308 293 6
a 308 320 4
a 309 83 4
a 310 155 6
a 311 226 8
a 312 54 8
a 312 164 7
a 312 269 6
a 312 287 6
a 313 315 9
a 313 378 3
a 314 159 5
a 314 179 3
a 315 157 4
a 315 182 4
a 316 35 9
a 316 132 6
a 316 160 3
a 316 213 9
a 316 266 3
a 317 110 3
a 317 140 7
a 318 69 4
a 318 183 2
a 318 195 3
a 318 337 3
a 318 364 10
a 319 241 2
a 320 12 5
a 320 213 9
a 321 238 1
a 322 273 9
a 322 290 1
a 323 216 5
a 323 349 6
a 324 135 4
a 324 308 1
a 324 377 4
a 325 253 10
a 325 381 5
a 326 7 4
a 326 169 7
a 326 270 9
a 326 387 7
a 327 98 4
a 327 362 5
a 328 196 7
a 328 262 8
a 328 331 7
a 329 104 6
a 329 202 1
a 330 43 6
a 330 219 9
a 331 134 8
a 332 98 10
a 332 292 9
a 333 255 4
a 334 37 10
a 334 329 7
a 335 183 6
a 335 333 8
a 336 399 1
a 337 282 6
a 337 327 5
a 338 365 3
a 338 382 6
a 339 13 9
a 340 19 5
a 340 64 4
a 340 311 2
a 341 207 5
a 342 264 4
a 343 118 8
a 344 112 3
a 344 260 10
a 344 340 7
a 345 8 8
a 345 170 3
a 346 157 8
a 346 387 1
a 347 9 10
a 348 228 8
a 349 102 1
a 349 107 6
a 349 122 9
a 349 144 9
a 349 162 2
a 349 191 7
a 349 281 7
a 350 105 2
a 351 73 4
a 351 143 9
a 352 231 2
a 353 3 10
a 353 359 3
a 354 213 8
a 355 23 6
a 355 61 3
a 355 141 3
a 356 240 5
a 357 184 7
a 357 263 2
a 357 317 8
a 358 29 10
a 358 386 3
a 359 57 4
a 360 227 9
a 361 285 8
a 361 286 2
a 361 326 10
a 361 357 8
a 362 50 6
a 362 75 3
a 362 216 3
a 362 242 9
a 362 273 9
a 363 217 9
a 364 26 9
a 364 174 2
a 364 350 10
a 365 368 2
a 366 93 3
a 366 230 9
a 367 126 7
a 367 226 9
a 368 60 8
a 368 271 10
a 369 147 9
a 369 303 7
a 369 337 6
a 370 87 10
a 370 156 4
a 370 335 10
a 371 77 9
a 371 85 9
a 371 343 7
a 372 247 2
a 373 248 6
a 374 258 5
a 375 352 7
a 376 264 10
a 377 105 4
a 378 187 3
a 379 110 4
a 380 235 2
a 381 4 6
a 381 298 3
a 381 349 7
a 382 336 2
a 383 28 4
a 384 192 9
a 384 224 10
a 384 350 6
a 385 185 4
a 385 277 4
a 386 30 7
a 387 103 7
a 387 381 3
a 387 384 9
a 388 276 9
a 389 204 5
a 389 375 4
a 389 392 5
a 390 249 1
a 391 103 7
a 391 259 5
a 392 30 9
a 392 396 3
a 393 201 3
a 394 378 2
a 395 51 9
a 395 116 5
a 395 162 10
a 396 175 6
a 397 180 5
a 397 286 5
a 397 380 3
a 398 197 6
a 399 24 5
a 399 234 1
