p max 400 800
n 1 s
n 400 t
a 1 69 3
a 1 375 7
a 2 231 10
a 3 11 8
a 3 295 10
a 4 41 1
a 4 290 2
a 5 88 1
a 5 279 9
a 5 355 1
a 6 57 4
a 6 375 9
a 7 217 4
a 8 252 2
a 9 42 7
a 9 71 3
a 9 72 4
a 9 246 5
a 9 253 9
a 10 151 2
a 10 334 5
a 11 298 9
a 11 334 8
a 11 382 6
a 12 45 3
a 12 379 5
a 13 136 8
a 13 203 6
a 14 79 2
a 14 138 6
a 15 59 1
a 16 26 3
a 17 9 2
a 17 323 3
a 17 388 9
a 18 22 6
a 18 23 4
a 19 341 7
a 20 123 7
a 21 69 5
a 21 215 10
a 21 312 4
a 22 54 8
a 22 185 5
a 23 93 10
a 23 387 3
a 24 261 7
a 25 94 5
a 26 270 10
a 26 316 2
a 27 11 7
a 27 51 9
a 28 52 4
a 28 186 8
a 29 130 2
a 30 34 9
a 30 191 3
a 30 400 8
a 31 257 6
a 32 100 7
a 32 349 2
a 33 112 5
a 33 133 4
a 33 389 7
a 34 293 2
a 34 336 9
a 34 340 5
a 35 105 8
a 35 129 3
a 35 345 2
a 36 65 7
a 36 138 6
a 37 374 2
a 38 376 8
a 39 97 2
a 39 153 6
a 39 247 8
a 40 98 6
a 40 278 3
a 41 345 7
a 42 122 8
a 43 87 1
a 43 168 1
a 43 343 3
a 43 346 5
a 44 103 4
a 44 391 5
a 45 2 8
a 45 163 4
a 46 13 8
a 46 257 8
a 47 63 1
a 48 6 10
a 49 40 4
a 49 180 10
a 50 176 6
a 51 25 3
a 52 63 4
a 52 145 10
a 53 29 2
a 53 231 2
a 54 28 9
a 54 124 7
a 54 250 6
a 55 281 4
a 55 366 4
a 56 382 8
a 57 17 7
a 57 346 9
a 58 147 10
a 59 107 2
a 60 233 5
a 60 284 10
a 61 163 5
a 61 208 3
a 61 275 4
a 62 89 5
a 62 166 6
a 62 206 10
a 62 240 2
a 63 100 6
a 63 154 6
a 64 158 9
a 65 70 10
a 66 121 1
a 66 128 7
a 66 156 4
a 66 165 3
a 66 207 2
a 66 272 1
a 67 42 7
a 68 216 7
a 68 241 3
a 69 122 4
a 69 372 1
a 70 99 8
a 70 132 5
a 70 153 6
a 70 266 3
a 71 3 4
a 71 107 4
a 71 399 5
a 72 103 4
a 72 273 7
a 73 84 8
a 73 308 3
a 74 354 3
a 75 226 4
a 75 287 1
a 75 296 7
a 76 283 10
a 77 134 1
a 77 155 7
a 77 252 6
a 78 58 5
a 78 68 6
a 79 332 8
a 80 201 5
a 80 284 5
a 81 222 3
a 81 295 3
a 82 167 3
a 82 215 8
a 82 225 6
a 82 268 8
a 83 271 10
a 84 248 6
a 84 275 2
a 84 300 10
a 84 313 8
a 85 137 8
a 85 168 4
a 86 271 10
a 87 190 5
a 88 298 8
a 88 365 10
a 89 316 8
a 90 332 1
a 91 286 2
a 92 56 2
a 93 107 8
a 94 15 10
a 94 152 3
a 94 168 6
a 94 299 5
a 95 203 10
a 96 169 5
a 96 200 8
a 96 318 6
a 96 359 5
a 97 29 6
a 97 229 3
a 97 255 2
a 98 223 8
a 98 351 1
a 99 159 2
a 99 299 10
a 100 26 5
a 100 390 9
a 101 126 10
a 101 212 2
a 101 224 7
a 102 375 10
a 103 144 8
a 104 196 3
a 104 339 4
a 105 170 1
a 105 247 2
a 106 83 2
a 106 322 1
a 106 340 10
a 107 4 8
a 107 25 6
a 107 375 8
a 108 67 3
a 108 305 7
a 109 32 6
a 110 188 10
a 111 198 2
a 111 242 8
a 111 264 10
a 112 276 4
a 113 381 2
a 114 115 3
a 115 75 6
a 115 185 7
a 115 346 2
a 116 100 9
a 117 9 8
a 117 316 10
a 118 180 1
a 119 73 2
a 119 203 6
a 120 314 5
a 121 93 3
a 122 81 2
a 122 301 9
a 122 383 4
a 123 12 2
a 123 59 8
a 123 88 9
a 124 242 10
a 125 172 10
a 126 283 3
a 126 358 3
a 127 193 1
a 128 149 5
a 128 308 7
a 129 2 6
a 130 10 3
a 131 201 3
a 132 130 7
a 132 141 5
a 132 251 10
a 133 74 6
a 133 188 10
a 133 372 10
a 134 20 10
a 134 112 10
a 135 104 8
a 135 228 3
a 136 178 10
a 136 181 3
a 137 119 8
a 137 299 10
a 137 304 9
a 138 197 4
a 138 274 4
a 138 292 3
a 138 332 5
a 139 63 4
a 139 120 6
a 139 143 7
a 139 176 5
a 139 363 7
a 140 101 3
a 140 360 5
a 141 16 6
a 141 216 4
a 141 238 8
a 142 343 10
a 143 169 1
a 144 145 8
a 145 138 5
a 145 240 1
a 145 379 4
a 146 11 7
a 146 38 10
a 146 162 5
a 146 325 7
a 147 59 6
a 147 114 10
a 147 224 2
a 147 342 10
a 148 141 7
a 148 392 1
a 149 344 5
a 149 364 7
a 150 161 2
a 150 210 1
a 151 181 7
a 152 117 8
a 152 271 7
a 152 370 2
a 153 18 9
a 153 86 5
a 153 198 8
a 154 189 5
a 154 209 2
a 154 286 10
a 155 117 1
a 155 127 6
a 155 305 9
a 155 356 4
a 156 110 6
a 156 119 7
a 156 216 8
a 157 119 8
a 157 314 8
a 158 183 2
a 158 274 2
a 159 140 5
a 159 322 7
a 160 28 9
a 160 80 7
a 161 243 6
a 162 149 3
a 163 56 5
a 163 286 9
a 163 331 7
a 164 235 9
a 164 309 2
a 165 6 7
a 165 14 3
a 165 147 7
a 165 202 9
a 166 172 7
a 166 302 8
a 166 371 9
a 167 161 4
a 167 287 8
a 167 385 1
a 168 311 10
a 169 66 3
a 169 68 9
a 169 90 10
a 169 273 2
a 170 37 1
a 170 115 6
a 170 175 7
a 170 271 2
a 171 226 9
a 172 52 6
a 172 193 6
a 173 135 3
a 173 245 5
a 173 283 4
a 173 367 7
a 174 137 4
a 174 211 10
a 174 214 5
a 174 234 4
a 175 353 9
a 176 273 5
a 177 162 6
a 177 284 6
a 178 230 10
a 179 106 5
a 179 178 1
a 180 280 10
a 180 391 7
a 181 11 3
a 181 175 4
a 182 109 2
a 182 172 7
a 182 193 6
a 183 263 7
a 184 273 3
a 185 10 8
a 186 188 2
a 187 394 5
a 188 136 8
a 189 12 9
a 190 221 4
a 190 261 2
a 191 188 5
a 192 121 2
a 192 125 3
a 192 236 4
a 192 295 7
a 193 9 10
a 194 115 5
a 194 129 2
a 195 5 4
a 195 200 9
a 195 272 9
a 196 257 3
a 196 269 10
a 196 327 8
a 197 64 10
a 197 77 8
a 197 217 8
a 197 347 4
a 197 396 2
a 198 243 3
a 199 142 3
a 199 157 9
a 200 345 1
a 201 7 9
a 201 35 8
a 201 283 2
a 202 132 2
a 202 220 4
a 202 260 1
a 203 147 6
a 203 335 5
a 204 139 2
a 204 182 10
a 205 67 9
a 205 111 4
a 205 297 7
a 206 367 5
a 207 32 6
a 207 50 3
a 207 199 2
a 207 348 7
a 208 88 7
a 208 319 1
a 209 40 5
a 209 395 3
a 210 230 7
a 211 131 3
a 211 315 10
a 211 369 5
a 212 291 2
a 213 49 5
a 213 56 3
a 213 353 10
a 213 393 9
a 214 320 3
a 214 396 3
a 215 281 7
a 215 335 1
a 216 55 10
a 217 182 7
a 217 190 10
a 218 142 1
a 218 330 3
a 219 80 9
a 220 208 6
a 220 390 7
a 221 130 3
a 222 265 10
a 222 398 2
a 223 95 4
a 223 256 3
a 224 219 6
a 225 3 3
a 226 38 4
a 226 78 9
a 226 374 9
a 226 380 9
a 227 79 8
a 228 174 7
a 228 195 4
a 229 57 10
a 229 243 1
a 230 65 6
a 230 104 6
a 231 89 2
a 231 98 8
a 231 306 10
a 232 43 5
a 232 145 4
a 233 313 5
a 234 113 6
a 234 168 1
a 235 8 6
a 235 102 10
a 235 346 6
a 236 316 5
a 236 381 3
a 237 24 2
a 237 258 9
a 237 377 5
a 238 3 10
a 238 148 6
a 239 28 3
a 240 77 4
a 240 362 9
a 240 392 2
a 241 179 7
a 242 333 8
a 243 105 9
a 244 46 4
a 244 321 7
a 245 58 10
a 246 383 3
a 247 264 1
a 248 128 2
a 248 277 1
a 249 77 2
a 250 56 9
a 250 204 1
a 251 390 6
a 252 13 4
a 252 270 6
a 253 202 7
a 253 289 1
a 254 107 1
a 255 309 6
a 256 28 2
a 256 131 9
a 256 254 8
a 257 27 4
a 258 28 6
a 259 36 5
a 259 94 9
a 259 108 4
a 259 119 4
a 259 140 4
a 260 92 10
a 261 245 8
a 262 92 6
a 262 116 4
a 262 283 10
a 262 352 9
a 263 41 5
a 263 179 8
a 263 220 6
a 264 288 3
a 264 330 1
a 264 395 3
a 265 325 9
a 266 23 2
a 266 296 9
a 267 24 10
a 267 55 1
a 268 337 10
a 269 12 4
a 269 194 1
a 269 386 8
a 269 389 7
a 270 109 7
a 271 43 9
a 271 44 9
a 271 222 8
a 271 291 10
a 271 352 10
a 272 364 6
a 273 95 6
a 273 257 1
a 273 270 8
a 274 67 4
a 275 237 1
a 275 362 4
a 275 376 8
a 276 196 6
a 276 361 9
a 277 368 9
a 277 379 2
a 278 86 3
a 278 338 9
a 278 344 2
a 278 361 9
a 279 259 8
a 280 381 10
a 281 276 8
a 281 314 3
a 282 104 10
a 282 198 6
a 283 82 3
a 283 221 7
a 283 329 5
a 284 61 2
a 284 294 10
a 285 21 1
a 285 202 2
a 286 198 10
a 287 27 6
a 288 166 9
a 288 239 10
a 289 333 3
a 290 2 6
a 290 104 5
a 290 219 1
a 290 394 10
a 291 159 6
a 292 39 8
a 292 46 1
a 293 362 9
a 294 106 6
a 294 378 10
a 295 333 4
a 295 348 7
a 296 112 3
a 297 153 4
a 298 70 9
a 298 347 4
a 299 107 5
a 299 193 10
a 300 307 3
a 301 142 2
a 301 349 10
a 302 191 2
a 302 218 3
a 302 325 8
a 303 123 10
a 304 317 4
a 304 329 2
a 305 304 4
a 305 400 4
a 306 162 4
a 307 207 5
a 307 252 4
a 308 220 3
a 309 42 3
a 310 26 10
a 310 76 7
a 311 197 8
a 312 48 9
a 313 348 3
a 314 235 8
a 314 373 8
a 315 96 9
a 315 286 1
a 316 160 9
a 317 122 10
a 317 213 1
a 317 292 5
a 317 365 5
a 318 45 3
a 318 123 3
a 319 166 6
a 319 227 2
a 319 281 4
a 320 284 10
a 321 38 6
a 321 62 3
a 322 85 6
a 322 232 1
a 323 84 10
a 323 171 6
a 324 296 9
a 324 321 1
a 325 313 6
a 326 96 3
a 327 71 9
a 327 318 9
a 327 354 9
a 328 288 6
a 329 27 10
a 329 195 2
a 329 265 8
a 330 255 6
a 330 324 2
a 330 326 8
a 330 371 1
a 331 143 1
a 331 268 2
a 331 307 4
a 332 263 7
a 333 164 4
a 333 267 6
a 333 376 6
a 334 73 2
a 334 137 9
a 334 205 6
a 334 329 5
a 335 154 4
a 335 187 10
a 336 230 8
a 337 215 1
a 337 357 7
a 338 339 10
a 339 225 6
a 340 192 9
a 340 276 10
a 340 399 7
a 341 202 7
a 342 93 8
a 342 383 2
a 343 335 2
a 344 3 8
a 344 249 2
a 345 134 6
a 345 259 2
a 346 62 8
a 346 150 5
a 346 354 9
a 347 158 7
a 347 263 1
a 348 245 1
a 349 149 4
a 349 368 6
a 350 55 7
a 350 239 7
a 351 43 3
a 351 348 3
a 352 19 9
a 352 27 3
a 352 173 2
a 352 204 5
a 353 9 5
a 353 30 9
a 353 60 2
a 354 281 8
a 354 317 1
a 355 393 9
a 356 11 5
a 356 397 6
a 357 92 10
a 358 226 7
a 359 40 6
a 360 339 8
a 361 205 2
a 361 309 5
a 362 56 9
a 362 341 3
a 363 73 8
a 363 193 4
a 364 158 9
a 364 266 6
a 364 385 5
a 365 31 10
a 365 189 8
a 365 195 9
a 366 230 8
a 366 337 7
a 366 400 1
a 367 146 2
a 367 177 2
a 367 395 10
a 368 53 8
a 368 273 8
a 368 337 3
a 369 77 6
a 369 213 6
a 370 42 4
a 370 285 4
a 371 185 3
a 372 289 6
a 373 202 7
a 374 223 5
a 375 35 10
a 375 383 1
a 376 244 4
a 376 282 1
a 376 350 7
a 376 377 4
a 377 272 9
a 378 73 10
a 378 131 6
a 379 6 3
a 379 55 7
a 380 109 3
a 380 303 8
a 381 26 9
a 381 378 4
a 382 123 2
a 382 160 2
a 382 310 6
a 382 384 3
a 383 47 5
a 383 59 9
a 383 158 4
a 383 184 1
a 383 322 10
a 384 199 3
a 384 262 10
a 384 376 4
a 385 58 4
a 386 188 6
a 386 328 7
a 387 91 10
a 387 174 5
a 388 128 3
a 389 85 4
a 389 160 7
a 389 217 1
a 389 294 8
a 390 101 6
a 390 144 6
a 391 95 10
a 392 323 6
a 393 348 7
a 394 144 2
a 395 223 8
a 395 328 9
a 396 40 6
a 396 144 9
a 396 182 3
a 396 311 7
a 397 10 1
a 397 97 9
a 397 118 5
a 398 48 8
a 398 130 7
a 399 33 4
a 399 365 6
