p max 400 800
n 1 s
n 400 t
a 1 115 6
a 2 166 5
a 2 175 4
a 3 83 10
a 4 352 1
a 5 130 8
a 6 58 2
a 6 233 10
a 7 60 6
a 7 111 9
a 8 33 9
a 8 237 4
a 9 212 4
a 9 326 4
a 9 355 10
a 10 14 8
a 10 130 8
a 11 204 2
a 12 283 8
a 12 305 5
a 12 384 2
a 13 197 2
a 13 347 4
a 14 218 1
a 14 334 8
a 14 368 1
a 14 369 10
a 15 181 6
a 16 375 1
a 17 10 1
a 17 344 1
a 18 128 8
a 19 180 8
a 19 385 6
a 20 210 2
a 20 379 7
a 21 59 4
a 22 241 8
a 23 8 2
a 23 82 6
a 23 120 2
a 24 119 7
a 25 357 2
a 26 135 1
a 26 337 5
a 27 30 10
a 27 117 8
a 27 310 4
a 28 39 2
a 29 242 3
a 30 252 9
a 30 360 1
a 31 32 2
a 31 75 10
a 31 151 8
a 32 11 8
a 32 94 4
a 32 239 9
a 32 338 8
a 33 309 2
a 34 133 2
a 34 263 6
a 35 208 9
a 36 129 7
a 36 169 4
a 36 198 7
a 36 299 6
a 37 169 2
a 37 332 8
a 38 252 2
a 38 331 10
a 39 119 2
a 39 214 2
a 39 296 5
a 40 232 1
a 40 237 4
a 40 330 2
a 40 375 7
a 40 387 10
a 41 333 9
a 41 353 4
a 42 78 4
a 42 162 7
a 42 225 9
a 43 69 10
a 43 97 10
a 44 107 5
a 45 81 10
a 45 176 8
a 45 395 2
a 46 13 9
a 46 66 7
a 47 245 5
a 48 306 4
a 49 104 6
a 49 163 1
a 49 293 8
a 50 10 1
a 50 144 6
a 51 81 1
a 51 135 10
a 51 371 9
a 52 59 1
a 52 339 4
a 53 261 6
a 53 277 10
a 54 137 6
a 54 243 6
a 54 253 6
a 55 174 1
a 55 248 7
a 55 305 10
a 56 130 6
a 56 247 5
a 57 122 10
a 58 100 5
a 58 235 3
a 59 86 5
a 59 243 3
a 59 247 1
a 60 43 5
a 60 154 1
a 60 261 9
a 61 336 9
a 62 85 4
a 62 366 9
a 63 54 8
a 63 266 8
a 64 57 10
a 64 125 4
a 64 307 10
a 65 169 3
a 66 83 1
a 66 88 10
a 66 181 8
a 67 61 9
a 67 317 8
a 68 306 8
a 69 295 2
a 70 143 5
a 70 261 3
a 70 269 5
a 71 125 7
a 71 367 4
a 72 100 5
a 72 284 1
a 73 79 3
a 73 222 8
a 74 158 7
a 74 246 2
a 74 273 1
a 75 81 3
a 76 184 8
a 76 206 1
a 76 231 1
a 76 298 5
a 77 54 2
a 77 56 10
a 77 96 9
a 77 109 8
a 77 182 7
a 77 190 3
a 77 272 10
a 78 106 4
a 79 29 2
a 79 133 1
a 79 290 10
a 79 357 8
a 80 98 5
a 80 162 10
a 81 77 7
a 81 142 5
a 81 373 3
a 82 9 6
a 82 69 5
a 82 316 9
a 82 358 9
a 83 185 9
a 84 115 5
a 85 71 6
a 86 304 5
a 87 4 10
a 87 228 1
a 87 242 5
a 88 44 9
a 88 220 2
a 88 285 9
a 88 304 10
a 88 345 2
a 89 62 2
a 90 230 9
a 90 271 9
a 90 320 10
a 91 135 1
a 91 388 10
a 92 164 6
a 92 310 2
a 93 20 4
a 93 150 8
a 93 216 10
a 94 249 10
a 95 243 5
a 96 42 1
a 96 337 10
a 97 274 1
a 97 290 7
a 97 329 8
a 98 11 7
a 98 209 10
a 99 203 3
a 99 258 10
a 100 171 1
a 100 247 7
a 100 343 9
a 101 158 1
a 101 178 10
a 101 265 9
a 102 201 7
a 103 205 3
a 103 380 6
a 104 59 1
a 104 279 7
a 104 350 7
a 105 179 1
a 105 248 2
a 105 370 9
a 106 77 8
a 106 308 3
a 106 335 9
a 106 351 9
a 106 352 7
a 107 141 5
a 107 398 5
a 108 253 1
a 108 333 6
a 109 186 5
a 109 343 1
a 110 38 5
a 110 377 5
a 111 98 3
a 111 234 7
a 112 332 8
a 113 128 5
a 113 270 9
a 113 371 5
a 114 239 3
a 114 303 10
a 115 121 2
a 115 167 9
a 115 175 7
a 115 251 3
a 116 263 10
a 117 209 2
a 117 292 1
a 118 37 7
a 118 99 5
a 118 197 4
a 119 238 1
a 119 374 6
a 120 68 4
a 120 257 3
a 120 340 9
a 120 341 7
a 121 42 10
a 121 64 1
a 121 90 6
a 121 391 9
a 122 148 6
a 122 242 9
a 123 94 1
a 124 192 3
a 124 381 3
a 125 25 10
a 125 291 7
a 126 330 5
a 127 62 3
a 127 117 2
a 127 355 9
a 127 387 2
a 128 140 2
a 128 157 10
a 128 179 2
a 128 189 2
a 129 53 8
a 129 114 4
a 129 187 9
a 130 6 7
a 131 205 10
a 132 112 8
a 133 179 3
a 134 93 3
a 134 96 9
a 135 392 3
a 136 203 8
a 137 153 7
a 137 160 8
a 138 155 4
a 139 50 7
a 139 374 4
a 140 209 6
a 141 347 6
a 142 306 3
a 142 343 5
a 143 20 2
a 144 203 7
a 144 229 4
a 144 254 4
a 145 267 4
a 145 384 7
a 146 100 9
a 146 342 2
a 147 32 10
a 148 185 4
a 148 289 1
a 148 306 2
a 149 261 7
a 150 26 10
a 150 69 2
a 150 364 8
a 151 339 1
a 152 111 9
a 153 169 1
a 154 45 7
a 155 227 1
a 155 299 2
a 156 85 9
a 157 92 5
a 157 132 6
a 157 200 1
a 158 243 1
a 158 332 1
a 159 42 8
a 160 283 3
a 161 255 9
a 162 87 7
a 162 390 2
a 163 4 7
a 163 336 1
a 164 277 5
a 165 362 3
a 166 266 4
a 167 53 8
a 167 106 6
a 168 47 3
a 168 299 8
a 169 92 1
a 170 29 10
a 171 26 1
a 171 181 6
a 172 71 1
a 172 228 9
a 172 259 6
a 172 303 7
a 173 52 2
a 173 56 5
a 174 248 7
a 174 385 2
a 175 49 8
a 175 363 6
a 176 18 9
a 176 240 2
a 177 74 3
a 177 366 8
a 178 133 10
a 178 145 5
a 179 342 7
a 180 27 1
a 180 320 8
a 181 23 7
a 181 146 7
a 182 226 10
a 182 287 9
a 182 288 6
a 182 309 7
a 183 188 9
a 184 218 7
a 185 271 1
a 185 361 5
a 186 204 9
a 186 314 1
a 187 214 5
a 187 288 8
a 188 87 7
a 189 36 8
a 189 82 7
a 190 198 6
a 191 19 1
a 191 25 9
a 192 126 2
a 192 348 2
a 193 6 8
a 193 81 9
a 194 162 5
a 194 359 6
a 195 92 8
a 195 159 10
a 196 26 5
a 196 80 5
a 196 378 6
a 197 102 4
a 197 112 2
a 197 139 1
a 197 318 5
a 198 252 4
a 198 307 8
a 199 119 2
a 200 29 3
a 200 173 9
a 201 361 10
a 202 301 9
a 202 392 1
a 203 222 8
a 203 388 10
a 204 46 6
a 204 60 2
a 205 76 8
a 205 136 3
a 205 229 8
a 206 319 2
a 207 62 3
a 207 267 6
a 208 113 2
a 208 219 4
a 208 288 4
a 209 122 5
a 209 131 7
a 209 147 6
a 209 255 8
a 210 124 7
a 210 183 5
a 211 198 1
a 212 180 10
a 213 37 3
a 213 89 10
a 214 320 5
a 215 18 8
a 215 35 9
a 215 73 4
a 216 134 1
a 217 245 3
a 218 188 9
a 218 265 1
a 219 24 3
a 220 74 3
a 221 263 3
a 222 31 6
a 222 95 1
a 222 364 6
a 223 238 7
a 223 382 8
a 224 173 1
a 224 378 8
a 225 237 4
a 226 10 8
a 227 314 3
a 227 334 5
a 228 301 9
a 229 168 10
a 229 200 1
a 230 49 8
a 230 127 5
a 230 400 8
a 231 78 8
a 231 256 1
a 232 47 8
a 232 284 4
a 233 101 8
a 233 150 8
a 234 226 9
a 234 365 4
a 235 232 7
a 236 12 5
a 236 109 2
a 237 28 1
a 237 61 1
a 237 154 1
a 238 6 3
a 238 241 3
a 239 2 9
a 239 63 10
a 239 70 4
a 240 391 4
a 241 310 8
a 242 85 4
a 242 328 8
a 243 325 7
a 244 93 3
a 244 108 4
a 245 201 9
a 246 241 1
a 247 92 5
a 247 312 1
a 248 8 10
a 249 37 2
a 250 61 3
a 250 151 4
a 250 211 8
a 250 218 6
a 250 320 3
a 251 84 6
a 252 176 10
a 253 14 9
a 253 393 9
a 253 400 2
a 254 139 8
a 255 157 5
a 255 196 8
a 256 87 3
a 256 275 6
a 257 31 7
a 257 170 6
a 258 398 5
a 259 260 10
a 259 369 4
a 260 372 8
a 260 392 10
a 261 201 4
a 261 202 4
a 262 161 8
a 263 9 3
a 263 102 8
a 263 397 8
a 264 328 7
a 264 365 10
a 265 35 1
a 266 81 10
a 266 177 5
a 267 202 10
a 267 311 8
a 268 46 3
a 268 148 6
a 269 139 9
a 270 301 10
a 271 104 5
a 272 328 1
a 272 376 4
a 273 56 1
a 274 116 7
a 274 373 6
a 275 170 7
a 276 399 8
a 277 97 4
a 278 19 5
a 278 138 8
a 278 288 9
a 279 54 7
a 279 134 6
a 280 382 8
a 281 390 4
a 282 262 3
a 283 107 8
a 283 245 8
a 284 213 6
a 284 320 4
a 284 322 3
a 285 152 2
a 285 210 4
a 285 229 8
a 286 28 1
a 286 236 9
a 286 297 2
a 286 383 1
a 287 233 1
a 288 206 1
a 288 399 8
a 289 216 4
a 289 264 1
a 290 249 10
a 290 372 4
a 291 134 4
a 292 115 1
a 292 219 5
a 293 41 5
a 294 195 1
a 294 298 4
a 295 16 3
a 295 215 9
a 295 310 10
a 296 45 7
a 297 78 3
a 297 358 10
a 297 395 3
a 298 250 10
a 298 288 3
a 298 382 9
a 299 282 7
a 299 337 6
a 300 21 7
a 300 149 1
a 300 221 10
a 300 259 3
a 300 310 5
a 300 382 1
a 301 93 7
a 301 280 6
a 301 389 5
a 302 82 4
a 302 270 9
a 302 392 7
a 303 13 9
a 303 217 10
a 303 266 9
a 304 73 3
a 304 92 1
a 305 106 3
a 305 311 9
a 305 347 8
a 306 127 8
a 306 286 3
a 306 295 2
a 307 27 10
a 308 169 1
a 308 175 7
a 308 278 8
a 309 333 2
a 310 80 9
a 311 383 5
a 312 55 2
a 312 114 4
a 312 275 2
a 313 72 4
a 313 259 5
a 313 323 9
a 314 35 4
a 314 74 6
a 315 21 7
a 315 153 7
a 315 155 6
a 316 51 7
a 316 68 1
a 317 172 10
a 317 236 2
a 317 313 3
a 318 77 1
a 318 217 2
a 318 305 8
a 318 327 10
a 319 155 9
a 320 319 5
a 320 376 2
a 321 5 10
a 321 84 7
a 321 106 6
a 322 123 4
a 322 213 4
a 323 39 3
a 323 208 3
a 323 377 4
a 324 241 10
a 325 7 4
a 325 221 4
a 325 362 7
a 325 386 6
a 326 21 7
a 327 131 10
a 327 277 8
a 328 192 9
a 328 194 4
a 328 254 10
a 329 133 7
a 330 10 2
a 330 48 3
a 330 207 8
a 330 346 3
a 331 178 6
a 331 297 6
a 332 77 3
a 333 167 6
a 333 218 4
a 334 65 1
a 334 74 9
a 334 244 8
a 335 63 10
a 335 82 8
a 336 92 10
a 336 394 8
a 337 10 6
a 337 103 1
a 338 181 9
a 339 66 1
a 339 384 4
a 340 124 9
a 340 302 9
a 341 3 6
a 341 102 1
a 342 165 1
a 342 283 6
a 343 91 8
a 343 118 10
a 343 201 7
a 343 398 1
a 344 257 8
a 344 268 4
a 344 281 8
a 345 373 4
a 346 220 4
a 346 288 9
a 346 321 1
a 347 126 3
a 347 146 5
a 347 321 5
a 348 223 6
a 348 272 4
a 349 119 8
a 350 67 4
a 350 258 2
a 351 34 3
a 351 289 8
a 352 24 3
a 352 105 8
a 352 335 2
a 353 39 5
a 353 249 5
a 354 122 4
a 354 199 1
a 355 12 10
a 355 17 6
a 355 315 3
a 356 150 3
a 356 205 10
a 356 300 5
a 357 287 4
a 358 196 6
a 359 195 7
a 360 18 7
a 361 218 2
a 362 15 7
a 362 109 4
a 363 204 1
a 364 176 6
a 365 325 8
a 365 355 2
a 365 356 6
a 366 124 9
a 366 232 2
a 366 357 5
a 367 16 7
a 367 292 2
a 368 34 6
a 368 191 2
a 368 257 1
a 368 293 1
a 369 84 6
a 369 349 10
a 370 161 2
a 370 197 1
a 370 224 3
a 370 400 7
a 371 157 3
a 372 272 10
a 373 9 5
a 373 156 1
a 374 58 5
a 375 380 2
a 376 334 7
a 377 22 4
a 377 276 7
a 377 296 1
a 377 360 6
a 378 246 6
a 379 186 6
a 379 298 5
a 380 45 6
a 380 245 10
a 380 350 1
a 381 397 8
a 382 201 9
a 383 153 2
a 383 381 3
a 384 228 6
a 385 101 10
a 385 216 3
a 386 135 9
a 387 66 10
a 387 354 4
a 388 89 3
a 389 198 3
a 390 124 1
a 391 262 4
a 391 383 10
a 392 110 9
a 392 147 6
a 392 193 3
a 392 256 8
a 392 377 5
a 392 396 4
a 393 122 10
a 394 58 8
a 394 107 10
a 394 176 7
a 394 197 10
a 394 324 10
a 395 217 6
a 396 25 7
a 397 40 1
a 397 41 9
a 397 392 5
a 398 34 7
a 399 294 8
a 399 302 8
