p max 400 800
n 1 s
n 400 t
a 1 142 7
a 2 336 3
a 3 75 2
a 3 114 9
a 4 59 7
a 4 306 9
a 5 34 9
a 5 233 3
a 6 182 4
a 6 235 2
a 6 390 9
a 7 64 9
a 8 122 9
a 8 167 9
a 8 367 9
a 9 197 4
a 9 261 9
a 9 289 3
a 10 299 10
a 10 310 2
a 11 291 7
a 12 10 6
a 12 163 10
a 12 389 6
a 13 45 7
a 13 277 10
a 13 295 5
a 13 316 5
a 13 365 4
a 14 245 10
a 15 13 6
a 15 102 2
a 15 186 1
a 16 68 4
a 17 97 1
a 17 303 7
a 17 308 1
a 18 31 5
a 18 292 6
a 18 303 1
a 18 310 4
a 18 321 5
a 19 52 4
a 19 62 7
a 20 232 8
a 20 329 2
a 21 81 4
a 21 194 7
a 22 314 9
a 23 29 5
a 23 384 1
a 23 396 5
a 24 57 5
a 24 277 9
a 25 231 5
a 26 256 3
a 26 328 1
a 27 125 2
a 27 202 5
a 28 360 7
a 29 248 3
a 30 210 4
a 30 214 3
a 31 10 4
a 31 96 8
a 31 206 4
a 32 50 3
a 32 228 10
a 33 276 3
a 33 343 4
a 34 152 6
a 35 299 9
a 36 284 2
a 37 21 7
a 37 156 7
a 38 274 1
a 39 187 6
a 39 354 2
a 40 82 9
a 40 240 7
a 41 101 8
a 42 164 8
a 42 202 1
a 43 128 2
a 44 337 3
a 45 291 4
a 46 339 9
a 47 5 9
a 47 36 5
a 48 351 8
a 49 44 9
a 49 184 5
a 49 392 5
a 50 80 8
a 51 276 2
a 52 46 8
a 53 311 8
a 53 335 3
a 54 4 4
a 54 266 9
a 55 102 7
a 55 211 9
a 55 318 9
a 56 322 5
a 57 157 3
a 57 275 9
a 58 39 5
a 58 139 3
a 58 210 2
a 58 252 6
a 58 307 6
a 58 323 8
a 58 362 5
a 59 151 8
a 60 251 6
a 60 336 10
a 61 66 7
a 61 160 1
a 62 324 4
a 63 137 6
a 63 397 9
a 64 12 10
a 65 314 10
a 66 359 3
a 66 379 1
a 67 73 3
a 67 378 9
a 68 119 7
a 68 375 1
a 69 259 7
a 69 382 10
a 70 397 4
a 70 399 7
a 71 182 10
a 72 196 9
a 72 219 5
a 73 235 4
a 73 340 10
a 74 75 2
a 74 369 3
a 75 155 4
a 76 132 4
a 76 351 8
a 77 86 7
a 77 305 5
a 78 71 5
a 78 129 6
a 78 158 10
a 78 268 2
a 79 118 4
a 79 141 8
a 80 43 9
a 80 241 7
a 80 299 10
a 81 69 5
a 81 131 1
a 81 250 5
a 81 272 8
a 82 25 9
a 83 361 8
a 84 215 9
a 84 283 6
a 84 364 5
a 85 384 1
a 86 334 8
a 87 322 1
a 88 50 5
a 88 270 5
a 88 395 10
a 89 245 10
a 89 398 2
a 90 309 7
a 91 170 9
a 91 263 9
a 91 356 3
a 92 211 4
a 92 284 10
a 93 262 7
a 94 333 4
a 94 384 6
a 95 48 4
a 95 224 4
a 95 244 10
a 96 199 8
a 96 298 9
a 97 64 4
a 97 154 8
a 97 370 1
a 98 375 7
a 99 213 5
a 99 297 10
a 99 376 7
a 100 207 6
a 100 392 9
a 101 334 4
a 102 93 4
a 103 225 7
a 103 350 3
a 104 32 8
a 104 94 3
a 104 141 3
a 104 203 2
a 104 381 4
a 105 202 10
a 106 392 5
a 107 291 8
a 107 394 2
a 108 114 9
a 108 169 2
a 108 228 5
a 109 92 7
a 110 64 3
a 110 74 10
a 111 123 6
a 111 372 3
a 112 11 5
a 112 65 10
a 112 100 7
a 112 221 5
a 113 104 10
a 113 178 9
a 114 38 6
a 114 313 8
a 115 32 5
a 115 355 2
a 116 186 10
a 116 235 1
a 117 103 8
a 117 188 1
a 117 380 10
a 118 203 10
a 118 317 3
a 119 244 2
a 120 218 9
a 120 224 5
a 120 332 1
a 121 54 7
a 121 306 1
a 122 159 3
a 122 161 4
a 122 328 7
a 122 338 4
a 123 148 4
a 123 346 3
a 124 79 2
a 124 363 8
a 125 127 4
a 125 312 1
a 126 110 3
a 126 190 3
a 126 201 8
a 127 209 8
a 128 12 9
a 128 360 7
a 129 31 8
a 129 53 7
a 129 160 5
a 130 52 7
a 130 330 1
a 131 95 2
a 131 338 8
a 132 50 1
a 132 92 2
a 132 265 2
a 133 184 1
a 134 37 6
a 134 190 1
a 135 3 3
a 136 36 9
a 136 61 1
a 137 52 2
a 137 266 6
a 137 341 8
a 138 119 4
a 138 176 1
a 139 96 1
a 139 244 3
a 140 375 1
a 141 393 10
a 142 47 10
a 142 164 8
a 142 392 10
a 143 79 5
a 143 239 2
a 143 271 10
a 143 361 7
a 144 17 5
a 144 34 8
a 144 76 8
a 144 95 1
a 144 140 5
a 145 71 2
a 146 177 1
a 146 274 7
a 146 397 1
a 146 400 8
a 147 80 8
a 147 85 2
a 147 293 9
a 148 205 8
a 149 28 2
a 149 74 4
a 149 249 8
a 149 333 9
a 150 340 9
a 151 2 3
a 151 187 8
a 151 190 7
a 152 99 7
a 152 347 4
a 153 170 4
a 154 235 7
a 155 8 3
a 155 89 6
a 156 151 2
a 157 185 6
a 157 212 8
a 157 229 4
a 157 234 9
a 157 326 7
a 158 318 9
a 158 320 2
a 159 40 2
a 159 54 3
a 159 388 1
a 160 253 3
a 161 399 2
a 162 23 9
a 162 342 3
a 163 31 7
a 163 272 2
a 163 357 4
a 164 376 8
a 165 36 6
a 165 314 7
a 166 172 10
a 166 377 3
a 167 37 2
a 167 236 2
a 168 207 2
a 168 275 8
a 169 47 6
a 169 257 10
a 170 77 4
a 170 310 1
a 171 246 8
a 171 260 5
a 172 6 10
a 172 383 7
a 173 248 9
a 174 49 1
a 174 121 6
a 174 252 4
a 175 192 2
a 175 229 4
a 175 366 5
a 176 243 10
a 177 278 7
a 177 279 8
a 178 289 5
a 178 349 4
a 179 166 8
a 179 369 7
a 179 373 1
a 179 387 1
a 180 101 5
a 180 125 8
a 181 182 9
a 182 107 8
a 182 329 6
a 183 38 5
a 183 122 4
a 183 181 9
a 184 42 5
a 184 278 8
a 185 139 7
a 186 13 6
a 186 353 5
a 187 56 5
a 187 197 7
a 187 226 10
a 188 237 6
a 188 254 3
a 189 83 3
a 189 145 4
a 189 332 8
a 190 250 3
a 191 4 7
a 192 79 5
a 192 237 4
a 193 24 6
a 193 116 10
a 194 92 5
a 194 217 10
a 194 317 3
a 195 121 3
a 196 109 5
a 196 264 5
a 197 103 10
a 198 229 9
a 198 314 8
a 198 339 3
a 198 344 9
a 199 249 4
a 199 269 2
a 200 72 3
a 200 155 9
a 200 216 2
a 201 290 3
a 202 392 10
a 203 136 1
a 204 172 1
a 205 9 4
a 205 35 7
a 206 41 7
a 206 215 3
a 207 3 1
a 207 9 1
a 208 133 10
a 208 314 9
a 208 320 3
a 209 252 5
a 210 111 6
a 210 135 6
a 210 201 6
a 211 251 2
a 211 329 6
a 212 51 1
a 212 55 4
a 212 146 7
a 212 334 9
a 213 153 6
a 213 218 4
a 214 204 1
a 215 118 9
a 215 222 3
a 215 225 4
a 215 306 10
a 216 324 7
a 217 112 7
a 217 184 6
a 217 189 2
a 218 317 7
a 219 94 1
a 219 328 8
a 220 8 1
a 220 88 9
a 221 57 5
a 222 393 2
a 223 93 4
a 223 114 9
a 223 231 5
a 224 79 3
a 225 293 2
a 226 89 9
a 227 30 8
a 227 383 10
a 228 41 2
a 228 67 2
a 228 149 4
a 229 89 6
a 229 339 7
a 230 136 4
a 230 319 8
a 231 60 8
a 231 209 3
a 231 262 5
a 231 331 1
a 231 369 1
a 232 103 4
a 232 124 4
a 232 227 5
a 233 118 1
a 234 219 6
a 235 352 7
a 235 398 3
a 236 160 4
a 236 255 6
a 236 290 4
a 237 33 2
a 237 195 5
a 237 371 3
a 237 385 2
a 238 36 2
a 238 258 3
a 239 54 1
a 239 148 4
a 240 251 1
a 240 263 7
a 240 307 1
a 241 3 3
a 241 47 4
a 241 379 2
a 242 124 6
a 243 191 3
a 243 287 10
a 243 372 6
a 244 100 4
a 244 294 6
a 245 173 7
a 246 316 7
a 246 324 8
a 247 114 3
a 248 66 1
a 248 68 7
a 248 179 5
a 248 386 10
a 249 83 6
a 250 329 6
a 251 180 3
a 251 375 7
a 252 84 6
a 253 144 6
a 253 151 5
a 253 172 7
a 253 175 1
a 253 321 9
a 254 83 8
a 254 166 5
a 254 399 9
a 255 341 10
a 255 360 10
a 256 298 4
a 256 389 9
a 257 343 8
a 258 247 7
a 259 297 7
a 260 162 2
a 260 268 4
a 261 54 4
a 261 110 1
a 262 42 4
a 263 167 8
a 263 200 5
a 264 18 2
a 265 136 10
a 265 247 1
a 266 385 6
a 266 400 9
a 267 82 2
a 267 242 2
a 268 51 5
a 268 287 5
a 269 40 8
a 270 307 9
a 271 200 3
a 272 269 5
a 272 313 10
a 273 130 5
a 273 288 10
a 274 303 6
a 275 39 7
a 275 269 6
a 275 375 10
a 276 142 6
a 277 373 5
a 278 120 10
a 279 46 4
a 279 225 10
a 280 46 1
a 281 245 9
a 281 341 3
a 282 49 9
a 283 156 7
a 283 389 5
a 284 250 7
a 285 20 6
a 285 42 7
a 285 90 7
a 285 246 2
a 285 347 5
a 286 208 10
a 287 7 2
a 287 286 8
a 287 348 10
a 287 370 9
a 288 41 3
a 288 354 10
a 289 142 7
a 290 235 5
a 291 14 5
a 291 345 7
a 292 212 8
a 293 258 5
a 293 294 10
a 294 241 8
a 294 296 8
a 294 393 1
a 295 174 2
a 295 361 3
a 296 223 5
a 296 357 2
a 297 268 8
a 297 383 8
a 298 358 9
a 298 389 3
a 299 65 9
a 300 212 3
a 300 394 10
a 301 62 9
a 301 138 1
a 302 375 6
a 303 12 4
a 304 238 1
a 305 223 4
a 305 230 8
a 305 380 7
a 306 226 10
a 307 128 7
a 307 193 1
a 307 311 3
a 308 322 7
a 308 395 4
a 309 204 6
a 309 276 4
a 309 368 6
a 310 86 6
a 310 142 8
a 310 285 5
a 311 70 10
a 311 216 9
a 311 335 9
a 312 22 7
a 312 105 1
a 312 243 9
a 312 304 5
a 312 370 7
a 313 111 4
a 314 118 2
a 314 143 1
a 315 55 8
a 315 196 6
a 315 351 7
a 316 18 8
a 316 19 10
a 316 335 6
a 316 354 3
a 317 32 4
a 318 44 10
a 319 85 4
a 319 152 6
a 319 224 1
a 320 150 4
a 320 307 3
a 321 91 4
a 321 168 5
a 321 342 6
a 322 84 6
a 323 220 9
a 323 260 10
a 324 14 7
a 324 352 1
a 325 276 5
a 325 304 4
a 325 306 7
a 326 239 9
a 327 115 7
a 327 243 1
a 327 273 3
a 328 179 5
a 329 137 6
a 329 281 1
a 330 95 8
a 330 120 8
a 330 288 1
a 331 41 5
a 331 376 8
a 332 85 10
a 332 277 1
a 333 53 3
a 333 187 1
a 334 16 8
a 334 171 1
a 334 353 1
a 335 84 9
a 335 138 1
a 335 224 1
a 336 320 7
a 337 226 10
a 338 270 4
a 339 24 6
a 339 208 6
a 339 263 2
a 340 303 4
a 341 98 9
a 341 180 3
a 341 234 3
a 342 165 3
a 342 337 8
a 343 3 1
a 343 15 1
a 343 44 3
a 343 128 9
a 343 231 6
a 343 315 5
a 344 373 1
a 344 391 8
a 345 129 5
a 345 251 6
a 346 12 8
a 346 78 5
a 346 87 7
a 347 26 2
a 347 325 7
a 348 86 7
a 348 175 4
a 349 102 2
a 350 249 1
a 351 319 1
a 351 347 5
a 352 285 9
a 352 374 4
a 353 106 9
a 353 371 3
a 354 173 6
a 354 259 4
a 355 51 9
a 355 126 4
a 356 26 10
a 356 74 8
a 356 342 3
a 357 27 1
a 357 238 8
a 357 358 3
a 358 117 4
a 358 325 1
a 359 259 9
a 359 363 9
a 359 379 10
a 360 185 1
a 361 312 4
a 361 322 2
a 362 373 5
a 363 134 2
a 363 280 4
a 363 310 9
a 364 201 9
a 365 96 1
a 365 183 3
a 366 162 1
a 366 165 5
a 367 55 3
a 367 302 1
a 368 233 9
a 369 281 5
a 370 33 8
a 370 104 8
a 371 116 8
a 371 349 1
a 372 295 8
a 373 166 3
a 374 25 3
a 374 63 1
a 374 132 2
a 374 357 9
a 374 378 6
a 375 138 5
a 375 253 4
a 376 147 4
a 376 282 5
a 376 300 4
a 377 270 6
a 378 101 8
a 379 208 3
a 380 18 1
a 381 108 8
a 381 198 1
a 381 308 9
a 381 327 6
a 382 38 2
a 383 170 2
a 384 258 7
a 384 309 4
a 385 260 2
a 385 271 10
a 386 125 5
a 387 349 8
a 388 240 8
a 388 324 1
a 389 166 2
a 390 21 6
a 390 147 4
a 391 248 8
a 391 398 7
a 392 186 9
a 392 267 5
a 393 194 6
a 393 260 2
a 394 143 7
a 395 17 9
a 395 109 10
a 395 113 9
a 395 301 5
a 396 130 5
a 396 205 8
a 397 58 1
a 397 164 1
a 398 389 5
a 399 195 9
a 399 262 7
