p max 400 800
n 1 s
n 400 t
a 1 171 8
a 2 18 5
a 2 389 6
a 3 8 4
a 3 295 1
a 4 137 5
a 4 376 4
a 5 138 5
a 6 291 10
a 7 399 10
a 8 46 1
a 8 301 4
a 8 359 6
a 9 287 6
a 9 311 6
a 10 127 8
a 10 196 7
a 11 93 10
a 11 160 5
a 11 262 6
a 12 90 5
a 13 19 1
a 13 189 6
a 14 385 2
a 15 300 3
a 15 379 1
a 16 260 6
a 16 290 4
a 17 24 6
a 17 56 5
a 17 172 2
a 17 264 9
a 18 241 2
a 19 254 10
a 19 260 6
a 20 111 7
a 21 337 3
a 22 316 7
a 23 9 3
a 23 63 8
a 24 33 7
a 25 103 1
a 25 139 1
a 25 161 9
a 25 195 6
a 25 315 2
a 25 391 1
a 26 16 1
a 26 258 3
a 26 379 6
a 27 153 3
a 27 304 6
a 28 218 5
a 29 80 10
a 29 208 6
a 29 217 10
a 30 20 3
a 30 36 5
a 30 267 9
a 31 32 7
a 31 146 3
a 31 283 1
a 31 312 7
a 32 135 10
a 32 265 1
a 32 350 9
a 33 218 6
a 33 335 3
a 34 228 9
a 35 45 7
a 35 149 8
a 36 107 7
a 36 384 9
a 37 120 9
a 37 268 6
a 38 111 8
a 38 154 4
a 38 336 10
a 39 67 7
a 40 154 2
a 41 199 4
a 42 286 9
a 43 140 1
a 43 177 2
a 43 187 2
a 43 271 5
a 44 54 2
a 45 231 2
a 46 236 1
a 47 183 1
a 47 277 3
a 47 344 9
a 48 110 7
a 49 238 8
a 50 156 6
a 50 308 9
a 51 12 8
a 51 52 2
a 51 293 3
a 52 117 7
a 52 210 8
a 53 93 6
a 53 321 2
a 53 376 2
a 54 114 6
a 55 151 5
a 55 165 2
a 55 173 6
a 56 125 9
a 57 77 10
a 57 342 2
a 58 378 1
a 59 66 8
a 59 207 9
a 60 82 10
a 60 128 2
a 60 281 8
a 61 34 5
a 61 115 8
a 61 362 3
a 62 123 3
a 63 82 9
a 64 388 5
a 65 158 7
a 65 233 3
a 65 263 1
a 65 339 8
a 66 155 5
a 66 289 7
a 66 293 2
a 66 377 10
a 67 340 6
a 68 141 9
a 68 177 3
a 68 280 9
a 69 6 2
a 70 75 5
a 70 366 3
a 71 65 8
a 71 216 4
a 71 316 7
a 72 292 1
a 72 361 8
a 73 60 7
a 73 329 7
a 73 344 10
a 74 349 10
a 75 356 3
a 76 41 8
a 76 97 8
a 77 18 1
a 78 255 4
a 78 290 4
a 79 359 1
a 79 374 5
a 80 164 1
a 81 34 10
a 81 61 9
a 82 25 6
a 82 328 10
a 82 379 3
a 83 49 7
a 83 74 9
a 83 192 2
a 83 242 5
a 84 22 7
a 85 192 7
a 85 320 2
a 86 22 5
a 86 363 3
a 87 41 1
a 87 359 5
a 88 126 9
a 88 163 8
a 88 392 5
a 89 273 3
a 90 169 6
a 90 240 5
a 90 385 5
a 91 12 1
a 92 90 5
a 92 230 4
a 93 52 7
a 94 153 9
a 95 342 2
a 95 393 2
a 96 160 10
a 96 228 8
a 97 225 5
a 97 280 9
a 98 34 10
a 98 94 1
a 98 272 4
a 99 265 6
a 100 330 10
a 101 10 3
a 101 256 3
a 102 164 5
a 102 188 3
a 103 66 7
a 103 74 2
a 103 323 7
a 103 368 5
a 104 355 6
a 105 10 3
a 106 157 5
a 106 258 6
a 107 162 8
a 107 233 10
a 107 253 9
a 108 6 2
a 108 47 6
a 108 99 9
a 109 100 6
a 110 33 6
a 110 40 7
a 110 83 4
a 110 331 7
a 110 400 9
a 111 188 4
a 111 203 3
a 112 197 6
a 112 304 4
a 113 102 1
a 113 109 5
a 113 201 8
a 113 300 6
a 114 88 6
a 114 287 1
a 114 345 4
a 115 157 1
a 115 266 8
a 116 327 2
a 117 125 2
a 117 190 5
a 117 308 7
a 117 333 4
a 118 206 10
a 118 325 10
a 118 327 5
a 118 351 8
a 118 352 3
a 119 22 2
a 119 116 10
a 119 224 4
a 119 318 3
a 120 84 5
a 121 37 10
a 121 287 9
a 121 336 4
a 122 331 7
a 123 191 8
a 124 134 9
a 125 27 2
a 125 345 10
a 126 194 4
a 126 290 1
a 127 178 3
a 128 173 5
a 128 319 6
a 129 147 4
a 129 201 2
a 129 329 3
a 129 372 3
a 130 396 1
a 130 398 7
a 131 79 4
a 131 98 6
a 131 180 4
a 131 259 6
a 131 389 9
a 132 74 1
a 133 173 5
a 133 221 6
a 134 52 2
a 135 9 3
a 136 39 1
a 136 227 10
a 136 265 7
a 137 50 8
a 137 58 4
a 137 149 7
a 137 326 2
a 138 231 6
a 138 316 5
a 138 348 7
a 139 152 2
a 139 311 1
a 140 355 5
a 141 244 5
a 141 304 10
a 142 66 5
a 142 223 3
a 143 38 4
a 143 116 8
a 144 288 3
a 145 24 5
a 145 191 3
a 146 108 5
a 147 138 2
a 148 188 9
a 148 396 6
a 149 230 5
a 149 253 9
a 150 72 10
a 150 81 9
a 150 105 3
a 150 241 1
a 151 269 2
a 152 315 7
a 153 158 9
a 154 130 4
a 154 203 10
a 154 286 9
a 154 317 5
a 154 365 3
a 155 86 7
a 155 151 8
a 155 153 7
a 155 166 1
a 156 26 4
a 157 42 5
a 157 89 6
a 157 310 9
a 158 100 3
a 158 126 1
a 158 220 1
a 159 71 5
a 159 85 3
a 159 243 8
a 159 281 8
a 160 64 8
a 160 200 7
a 160 288 2
a 160 290 7
a 161 308 9
a 162 36 6
a 162 119 8
a 163 251 9
a 163 392 2
a 164 229 3
a 165 70 1
a 166 28 6
a 166 211 6
a 167 390 9
a 168 313 6
a 169 51 6
a 169 167 5
a 170 18 5
a 170 29 1
a 171 9 10
a 172 35 1
a 172 134 2
a 172 343 4
a 173 140 10
a 173 152 10
a 173 340 2
a 174 94 9
a 174 208 10
a 175 238 9
a 175 330 5
a 176 61 9
a 176 149 1
a 177 37 5
a 177 108 2
a 177 389 9
a 178 26 10
a 178 90 8
a 179 41 3
a 180 256 3
a 181 96 5
a 182 185 3
a 182 253 4
a 182 332 8
a 182 364 8
a 183 77 7
a 183 205 5
a 183 268 5
a 184 31 4
a 184 114 3
a 184 152 4
a 184 236 7
a 185 304 8
a 186 376 2
a 187 284 3
a 188 273 9
a 189 18 8
a 189 190 7
a 189 276 1
a 190 82 1
a 191 43 1
a 191 270 5
a 191 353 8
a 191 399 10
a 192 165 8
a 192 274 8
a 193 152 4
a 193 348 2
a 194 23 2
a 194 173 5
a 194 190 5
a 195 270 1
a 195 337 3
a 196 189 10
a 196 359 4
a 197 364 8
a 197 383 8
a 198 98 6
a 198 159 9
a 199 114 5
a 200 263 9
a 201 217 10
a 202 20 1
a 202 219 10
a 203 188 10
a 203 381 10
a 204 71 9
a 204 112 2
a 204 129 7
a 204 269 9
a 204 366 1
a 204 388 1
a 205 172 3
a 205 320 4
a 206 294 4
a 207 4 6
a 207 8 9
a 207 91 3
a 207 373 3
a 208 113 8
a 208 160 5
a 209 30 9
a 210 197 5
a 211 11 9
a 211 370 9
a 212 260 8
a 213 109 1
a 214 99 10
a 215 3 2
a 215 298 3
a 216 229 6
a 217 46 4
a 218 211 10
a 219 131 5
a 219 289 4
a 220 120 9
a 221 5 7
a 221 118 5
a 222 280 4
a 222 335 1
a 223 111 2
a 224 252 4
a 224 273 9
a 224 365 4
a 225 147 8
a 226 124 6
a 226 143 5
a 226 188 5
a 227 4 2
a 227 169 7
a 227 171 1
a 228 224 6
a 228 343 7
a 228 371 2
a 229 105 3
a 230 199 2
a 230 214 5
a 230 325 5
a 231 148 6
a 231 300 3
a 232 5 9
a 232 73 7
a 232 338 7
a 233 150 10
a 233 321 2
a 234 91 7
a 235 21 5
a 235 249 2
a 236 282 6
a 236 301 8
a 237 229 7
a 237 341 9
a 238 191 4
a 238 261 5
a 239 74 4
a 239 291 3
a 240 192 2
a 240 369 10
a 241 46 10
a 242 222 1
a 242 234 3
a 243 176 1
a 243 271 2
a 244 217 10
a 245 92 8
a 245 187 9
a 246 285 5
a 246 353 10
a 247 207 9
a 247 226 5
a 247 330 5
a 248 51 8
a 248 104 10
a 248 106 2
a 249 315 1
a 250 202 1
a 250 324 9
a 251 247 10
a 251 365 3
a 251 367 6
a 252 116 10
a 253 10 8
a 254 11 7
a 254 339 4
a 255 279 5
a 256 191 10
a 257 122 6
a 257 328 7
a 257 354 1
a 258 134 9
a 259 245 10
a 260 115 3
a 260 196 2
a 261 75 8
a 261 254 10
a 262 76 6
a 262 132 3
a 263 14 6
a 263 289 5
a 264 278 7
a 264 355 1
a 264 382 5
a 265 58 9
a 265 294 8
a 266 120 2
a 266 157 3
a 267 209 2
a 267 356 7
a 268 259 3
a 269 123 6
a 269 382 4
a 270 62 3
a 270 198 4
a 271 3 4
a 271 67 6
a 271 68 1
a 271 181 2
a 272 319 7
a 273 9 4
a 273 54 4
a 273 303 1
a 273 336 6
a 274 115 2
a 275 71 1
a 276 343 5
a 276 349 2
a 277 252 1
a 278 42 3
a 279 70 8
a 279 278 5
a 280 51 9
a 281 2 9
a 281 202 2
a 282 135 1
a 282 297 6
a 283 172 5
a 284 179 3
a 284 207 1
a 285 2 5
a 285 390 10
a 286 12 4
a 286 17 9
a 287 199 1
a 287 378 2
a 288 88 8
a 288 245 4
a 289 84 3
a 289 248 8
a 289 368 8
a 290 95 3
a 290 157 3
a 291 85 6
a 292 138 9
a 292 175 1
a 293 395 10
a 294 239 9
a 295 53 8
a 295 210 5
a 296 30 6
a 296 44 6
a 296 208 5
a 297 75 3
a 297 334 5
a 298 100 2
a 298 314 5
a 298 338 3
a 299 23 8
a 299 57 1
a 299 96 7
a 299 246 4
a 300 73 4
a 301 31 1
a 301 117 10
a 301 137 8
a 301 189 5
a 301 213 10
a 301 296 6
a 302 55 8
a 303 16 6
a 303 178 2
a 304 7 5
a 304 33 8
a 304 55 5
a 304 313 3
a 304 379 6
a 305 315 4
a 306 89 2
a 306 123 10
a 306 237 1
a 306 286 5
a 307 44 10
a 307 136 6
a 307 179 4
a 308 274 5
a 309 6 10
a 309 28 4
a 309 167 3
a 310 35 5
a 310 229 2
a 311 193 10
a 311 344 6
a 312 279 6
a 312 386 6
a 313 36 7
a 313 78 4
a 313 285 6
a 313 354 6
a 313 387 2
a 314 2 6
a 314 63 3
a 314 184 7
a 315 256 10
a 315 317 1
a 315 400 8
a 316 297 2
a 317 182 10
a 317 217 1
a 317 343 3
a 318 53 2
a 319 171 7
a 319 279 10
a 320 19 5
a 320 102 10
a 320 250 5
a 321 3 1
a 322 41 3
a 323 48 6
a 323 49 6
a 324 142 3
a 324 278 10
a 324 356 7
a 325 62 9
a 325 231 9
a 326 3 2
a 326 296 8
a 327 168 8
a 327 256 8
a 327 395 2
a 328 211 6
a 329 150 6
a 330 357 5
a 331 132 6
a 331 147 8
a 331 284 1
a 332 299 7
a 332 321 8
a 333 227 2
a 334 175 2
a 334 306 2
a 335 72 7
a 335 145 4
a 335 318 6
a 336 9 8
a 336 110 7
a 337 86 7
a 337 161 4
a 338 190 9
a 338 357 5
a 339 186 5
a 339 234 8
a 340 184 4
a 341 87 9
a 342 265 10
a 343 13 3
a 343 131 10
a 344 223 9
a 345 192 7
a 346 309 9
a 346 394 7
a 347 308 6
a 347 348 5
a 348 21 3
a 348 44 3
a 348 392 9
a 349 83 4
a 349 358 4
a 349 375 5
a 350 144 1
a 350 261 1
a 351 45 3
a 351 346 1
a 352 189 1
a 352 215 1
a 352 351 2
a 353 315 10
a 354 235 1
a 354 322 4
a 355 94 7
a 356 22 9
a 356 101 1
a 356 174 2
a 356 275 5
a 357 41 6
a 357 305 7
a 358 103 5
a 359 4 1
a 359 21 9
a 360 161 7
a 360 257 9
a 361 222 6
a 362 250 2
a 363 281 9
a 363 308 2
a 364 59 7
a 364 395 7
a 365 205 2
a 366 142 10
a 366 261 1
a 367 292 9
a 367 333 5
a 368 94 10
a 368 170 4
a 369 133 8
a 369 170 7
a 369 307 9
a 369 309 7
a 370 81 4
a 370 347 8
a 371 144 6
a 371 186 3
a 372 175 1
a 372 243 9
a 373 227 9
a 374 308 3
a 375 130 7
a 376 100 4
a 377 87 5
a 377 212 6
a 377 239 9
a 377 391 1
a 378 183 6
a 378 235 10
a 379 253 3
a 380 108 7
a 380 232 5
a 380 397 2
a 381 399 10
a 382 15 10
a 382 163 1
a 382 206 1
a 383 10 10
a 384 26 7
a 384 121 3
a 385 129 3
a 385 360 1
a 386 22 5
a 387 247 1
a 387 302 4
a 388 69 3
a 388 108 1
a 388 155 4
a 388 253 10
a 389 398 9
a 390 245 9
a 391 155 8
a 392 61 7
a 392 127 9
a 392 204 9
a 393 372 3
a 394 45 9
a 395 51 2
a 395 146 8
a 395 380 4
a 395 384 4
a 395 398 8
a 396 135 2
a 397 145 6
a 397 227 7
a 398 139 5
a 399 9 6
