p max 400 800
n 1 s
n 400 t
a 1 247 10
a 1 284 2
a 1 316 10
a 1 358 10
a 2 138 1
a 3 137 5
a 4 277 10
a 5 150 2
a 5 205 2
a 6 190 10
a 6 301 3
a 6 337 9
a 6 367 1
a 7 253 5
a 8 136 5
a 8 191 8
a 9 222 9
a 10 369 6
a 11 171 3
a 12 11 7
a 12 139 8
a 12 347 2
a 13 197 4
a 13 245 8
a 13 327 4
a 13 385 10
a 14 144 5
a 15 213 8
a 15 225 6
a 16 37 10
a 16 101 9
a 16 360 4
a 16 367 9
a 17 332 7
a 18 235 4
a 19 11 10
a 19 26 10
a 19 120 4
a 19 283 7
a 19 373 4
a 20 46 4
a 21 116 7
a 21 120 7
a 22 45 10
a 22 70 6
a 23 294 8
a 24 78 10
a 24 155 3
a 24 303 6
a 24 371 3
a 25 26 3
a 25 253 5
a 26 98 8
a 27 46 2
a 27 67 5
a 28 16 6
a 28 235 5
a 29 366 1
a 29 375 7
a 30 81 10
a 30 361 9
a 31 30 3
a 31 42 3
a 31 234 3
a 32 138 2
a 32 164 8
a 32 257 7
a 33 7 2
a 33 87 1
a 33 330 2
a 34 84 10
a 34 209 1
a 35 68 2
a 35 140 5
a 35 362 10
a 36 122 2
a 36 178 6
a 36 201 2
a 37 3 1
a 37 52 7
a 37 297 6
a 37 331 5
a 38 87 9
a 39 71 1
a 39 215 3
a 40 164 2
a 40 242 6
a 40 267 10
a 40 371 1
a 41 82 2
a 41 389 1
a 42 23 4
a 42 171 3
a 42 323 10
a 43 215 2
a 44 5 7
a 44 290 7
a 44 341 2
a 45 257 1
a 46 179 4
a 47 306 2
a 47 383 6
a 48 96 1
a 48 246 6
a 48 306 4
a 48 375 10
a 49 82 4
a 49 156 3
a 50 87 7
a 50 288 7
a 51 224 5
a 51 226 3
a 51 305 4
a 52 146 2
a 53 334 7
a 54 9 6
a 55 17 6
a 55 368 3
a 56 134 9
a 57 304 2
a 57 344 7
a 58 6 1
a 58 276 7
a 59 259 3
a 59 312 2
a 60 81 1
a 60 160 8
a 61 145 6
a 61 227 8
a 62 127 9
a 62 328 6
a 63 133 7
a 63 207 2
a 64 243 2
a 64 260 1
a 64 332 7
a 65 49 8
a 65 139 2
a 66 10 2
a 66 245 8
a 67 150 3
a 67 258 1
a 68 113 10
a 68 198 6
a 69 293 4
a 70 170 9
a 71 57 2
a 72 313 5
a 73 300 7
a 74 235 7
a 74 262 3
a 75 48 3
a 75 74 3
a 76 18 3
a 76 127 1
a 76 241 4
a 77 72 7
a 78 118 1
a 79 48 6
a 80 236 8
a 81 134 6
a 81 329 5
a 82 75 8
a 83 246 6
a 84 189 5
a 84 200 5
a 85 264 5
a 86 114 5
a 87 182 7
a 87 293 4
a 88 233 9
a 88 367 2
a 89 60 1
a 89 145 5
a 89 293 9
a 90 31 10
a 91 208 3
a 92 199 2
a 92 320 10
a 92 350 9
a 93 72 1
a 93 297 4
a 93 324 6
a 94 41 4
a 94 249 8
a 95 387 7
a 95 394 5
a 96 171 2
a 97 295 7
a 98 40 1
a 98 294 1
a 99 394 9
a 100 88 2
a 101 42 10
a 102 224 1
a 102 259 10
a 103 102 5
a 103 344 4
a 104 346 8
a 105 51 4
a 106 88 5
a 106 222 8
a 107 76 10
a 107 270 3
a 107 394 9
a 108 243 10
a 109 4 7
a 109 28 10
a 109 56 10
a 109 280 1
a 110 22 10
a 111 162 8
a 111 305 5
a 111 363 9
a 111 368 1
a 112 87 1
a 112 130 4
a 113 37 8
a 114 16 1
a 114 17 3
a 114 397 5
a 115 55 9
a 115 75 2
a 116 299 1
a 117 50 9
a 117 80 10
a 117 106 10
a 117 344 8
a 117 354 10
a 118 167 3
a 118 261 4
a 118 296 7
a 118 318 4
a 119 340 2
a 120 103 5
a 120 381 3
a 121 304 10
a 122 345 2
a 122 379 7
a 123 85 8
a 123 208 9
a 124 27 5
a 124 47 3
a 124 69 2
a 124 388 9
a 125 63 7
a 125 179 9
a 125 184 9
a 126 124 10
a 126 377 10
a 127 29 1
a 127 266 8
a 127 302 4
a 128 149 7
a 128 295 3
a 129 33 3
a 129 298 7
a 130 161 2
a 130 176 9
a 130 263 1
a 130 343 2
a 131 113 7
a 132 38 8
a 132 226 10
a 132 399 5
a 133 110 8
a 133 199 9
a 133 230 2
a 134 83 4
a 134 243 9
a 135 321 4
a 136 26 9
a 137 17 9
a 137 118 6
a 138 22 7
a 138 64 8
a 138 183 4
a 138 220 1
a 139 256 1
a 140 335 4
a 141 2 5
a 141 263 6
a 142 319 4
a 143 89 8
a 144 138 6
a 145 166 9
a 146 208 3
a 147 128 9
a 148 386 2
a 149 95 1
a 149 161 9
a 150 219 5
a 150 222 1
a 151 50 2
a 152 6 6
a 152 13 9
a 152 204 9
a 152 271 2
a 153 288 3
a 153 304 1
a 154 383 10
a 155 48 3
a 155 59 6
a 155 269 6
a 156 256 2
a 156 376 3
a 156 388 7
a 156 391 1
a 157 231 3
a 157 307 5
a 158 71 10
a 158 194 8
a 159 326 3
a 160 273 1
a 160 298 9
a 160 370 4
a 161 202 2
a 161 312 1
a 162 192 10
a 163 8 6
a 163 159 5
a 163 212 6
a 163 332 9
a 164 232 3
a 164 314 4
a 164 329 10
a 164 386 3
a 165 338 1
a 166 119 1
a 166 160 8
a 166 230 4
a 167 216 8
a 168 43 4
a 168 97 5
a 169 356 7
a 170 242 2
a 170 357 4
a 171 318 4
a 172 166 9
a 172 177 1
a 172 195 4
a 173 338 9
a 174 194 9
a 175 133 3
a 175 274 4
a 176 135 2
a 176 374 8
a 177 64 8
a 177 178 3
a 178 91 7
a 178 124 1
a 179 216 8
a 179 279 7
a 180 34 6
a 180 115 10
a 180 214 2
a 181 14 6
a 181 189 8
a 181 270 7
a 182 41 2
a 182 334 8
a 183 72 3
a 184 48 1
a 184 165 3
a 184 293 7
a 184 322 10
a 184 380 10
a 184 381 4
a 185 103 10
a 186 331 2
a 187 240 6
a 188 12 4
a 189 92 4
a 189 255 7
a 190 60 10
a 191 134 8
a 191 198 3
a 192 77 3
a 192 187 6
a 192 359 6
a 193 79 4
a 193 271 2
a 193 289 6
a 193 342 2
a 194 234 9
a 194 308 5
a 195 178 2
a 196 94 8
a 196 315 3
a 197 161 7
a 198 188 8
a 198 282 1
a 198 351 1
a 199 121 3
a 200 151 8
a 200 194 9
a 200 265 7
a 200 340 8
a 201 300 5
a 202 229 4
a 203 20 10
a 203 142 6
a 203 171 3
a 204 242 6
a 205 186 5
a 205 283 10
a 206 177 1
a 206 217 6
a 207 217 4
a 208 236 7
a 208 247 8
a 209 335 6
a 210 131 9
a 210 186 10
a 210 302 9
a 211 260 4
a 212 172 6
a 212 230 1
a 213 65 2
a 213 86 7
a 213 126 1
a 213 158 4
a 213 282 3
a 214 44 6
a 214 108 3
a 214 221 7
a 214 254 5
a 214 292 10
a 215 348 10
a 216 34 4
a 216 66 10
a 216 125 5
a 217 369 8
a 217 392 6
a 218 87 9
a 218 250 9
a 219 75 6
a 220 69 5
a 221 27 7
a 221 239 10
a 221 299 6
a 221 338 10
a 222 42 6
a 222 315 6
a 223 291 8
a 223 343 4
a 224 266 1
a 225 19 10
a 226 93 8
a 226 228 2
a 227 135 10
a 227 327 7
a 228 291 4
a 228 387 5
a 228 400 7
a 229 358 5
a 230 28 10
a 230 36 3
a 230 49 8
a 231 191 7
a 232 175 4
a 232 287 8
a 233 278 7
a 233 339 1
a 234 33 1
a 234 244 8
a 235 43 8
a 236 152 7
a 236 213 3
a 237 136 10
a 238 62 8
a 238 156 7
a 239 31 8
a 239 85 1
a 240 146 5
a 240 352 8
a 241 205 7
a 241 386 7
a 242 196 1
a 242 359 9
a 243 88 9
a 243 294 3
a 244 9 6
a 244 53 9
a 244 219 3
a 245 168 10
a 245 192 2
a 245 228 8
a 246 389 8
a 247 179 4
a 247 189 8
a 247 206 6
a 248 286 7
a 248 399 10
a 249 114 4
a 250 107 10
a 250 268 7
a 250 300 8
a 251 261 7
a 252 24 1
a 252 311 5
a 252 391 3
a 253 184 10
a 254 183 9
a 255 119 4
a 255 141 10
a 255 400 5
a 256 92 9
a 257 49 7
a 258 335 9
a 259 307 9
a 259 356 6
a 260 5 6
a 260 271 1
a 261 215 8
a 262 176 4
a 263 313 9
a 263 316 10
a 264 331 10
a 265 399 5
a 266 149 9
a 266 264 8
a 267 157 8
a 268 96 10
a 268 170 2
a 268 333 4
a 268 335 2
a 269 39 4
a 269 181 7
a 269 243 5
a 270 146 1
a 270 155 9
a 270 311 9
a 271 289 1
a 271 367 7
a 272 103 6
a 273 56 6
a 273 98 3
a 274 53 6
a 274 105 3
a 274 248 3
a 274 325 6
a 275 69 2
a 276 180 4
a 277 46 2
a 277 109 8
a 277 336 8
a 278 349 3
a 279 89 6
a 279 121 7
a 279 261 6
a 279 355 2
a 280 252 2
a 281 11 1
a 281 196 9
a 282 337 10
a 283 151 5
a 283 396 10
a 284 137 10
a 284 163 9
a 285 213 2
a 286 66 5
a 287 94 8
a 287 239 7
a 287 333 3
a 288 149 8
a 288 327 8
a 289 74 8
a 289 127 10
a 289 313 10
a 290 237 7
a 290 259 3
a 291 7 5
a 291 210 5
a 292 332 3
a 292 353 3
a 293 370 6
a 294 112 7
a 295 384 1
a 296 10 1
a 297 320 7
a 297 364 9
a 298 100 7
a 298 141 9
a 298 229 9
a 299 67 4
a 299 90 4
a 299 147 7
a 300 71 7
a 301 61 10
a 301 73 1
a 302 2 1
a 303 4 1
a 303 42 7
a 303 57 1
a 303 232 4
a 304 48 4
a 304 223 1
a 305 120 1
a 305 327 3
a 306 16 9
a 307 117 1
a 307 173 10
a 307 332 6
a 307 348 4
a 308 49 1
a 308 154 9
a 309 2 6
a 310 10 9
a 310 166 10
a 310 392 1
a 311 68 8
a 312 213 5
a 312 338 5
a 313 55 1
a 313 240 8
a 314 245 6
a 314 277 6
a 315 150 10
a 315 319 2
a 316 245 9
a 317 241 10
a 317 281 8
a 317 287 5
a 317 395 7
a 318 27 1
a 318 362 10
a 319 174 9
a 320 99 1
a 320 112 9
a 320 203 9
a 320 393 9
a 321 123 8
a 321 156 9
a 322 25 2
a 322 125 9
a 323 22 2
a 324 91 5
a 325 111 2
a 325 157 8
a 325 207 10
a 325 210 3
a 326 310 4
a 326 357 7
a 326 378 7
a 327 117 4
a 328 211 4
a 328 275 7
a 328 321 7
a 329 66 6
a 329 268 2
a 329 377 9
a 330 285 1
a 330 351 10
a 330 384 9
a 331 136 7
a 331 172 6
a 332 8 4
a 333 195 2
a 334 110 10
a 334 307 10
a 335 130 2
a 335 324 3
a 336 32 7
a 336 248 2
a 337 112 2
a 338 93 6
a 338 143 1
a 338 195 3
a 339 15 5
a 339 184 9
a 339 197 10
a 340 158 10
a 340 211 10
a 340 304 4
a 341 148 9
a 341 312 7
a 341 339 2
a 342 29 1
a 342 128 10
a 342 272 7
a 342 279 8
a 343 15 1
a 343 97 1
a 344 104 9
a 344 234 3
a 345 173 7
a 345 348 4
a 346 153 4
a 346 339 9
a 347 376 4
a 348 184 9
a 349 348 10
a 350 152 9
a 351 350 4
a 351 389 1
a 352 38 5
a 352 255 4
a 352 290 4
a 352 309 3
a 353 273 8
a 354 133 2
a 355 46 10
a 355 86 9
a 355 249 10
a 355 317 1
a 355 328 3
a 356 84 4
a 356 357 2
a 357 68 9
a 358 39 3
a 358 169 10
a 358 218 9
a 358 238 3
a 358 349 9
a 358 398 7
a 359 184 10
a 359 346 9
a 360 137 5
a 361 10 3
a 361 234 10
a 362 195 7
a 362 298 9
a 363 107 8
a 363 129 4
a 363 171 6
a 363 382 6
a 364 64 8
a 364 100 10
a 364 132 4
a 365 81 2
a 365 273 7
a 365 325 5
a 366 166 6
a 366 292 3
a 367 163 1
a 367 185 4
a 367 243 6
a 368 47 6
a 368 51 1
a 368 144 8
a 368 193 10
a 369 45 7
a 370 21 1
a 370 54 7
a 370 159 4
a 371 270 5
a 371 390 9
a 372 193 2
a 373 318 7
a 374 284 1
a 375 100 3
a 375 372 8
a 376 114 1
a 376 163 10
a 376 251 1
a 377 115 4
a 377 239 9
a 377 345 7
a 378 122 10
a 379 19 4
a 379 180 4
a 379 331 5
a 380 59 2
a 380 60 10
a 381 112 9
a 381 183 4
a 381 339 10
a 382 45 3
a 382 189 2
a 383 334 4
a 384 231 7
a 385 35 3
a 385 167 9
a 385 311 6
a 386 49 8
a 386 265 7
a 387 220 1
a 388 12 4
a 388 73 10
a 388 325 2
a 388 326 4
a 389 198 4
a 389 359 7
a 390 338 6
a 391 15 2
a 392 277 5
a 393 85 9
a 393 89 5
a 394 294 6
a 394 384 8
a 395 83 3
a 396 174 4
a 396 285 7
a 397 58 2
a 397 206 5
a 397 365 2
a 398 252 6
a 398 350 3
a 399 385 3
