p max 400 800
n 1 s
n 400 t
a 1 11 10
a 1 209 3
a 2 198 7
a 2 304 8
a 2 320 2
a 3 227 5
a 3 326 6
a 3 330 1
a 3 374 9
a 4 90 4
a 4 145 10
a 5 136 3
a 5 165 1
a 5 203 8
a 6 299 1
a 6 316 5
a 6 357 8
a 7 41 4
a 7 206 3
a 8 79 4
a 9 193 3
a 10 119 10
a 10 276 2
a 11 94 4
a 11 162 4
a 12 159 5
a 12 379 3
a 13 234 9
a 14 86 5
a 14 110 10
a 15 168 10
a 15 380 2
a 16 93 3
a 16 95 5
a 16 97 1
a 17 12 10
a 17 130 6
a 18 163 2
a 19 14 2
a 19 181 3
a 19 362 10
a 20 136 10
a 20 244 8
a 20 367 1
a 21 81 8
a 22 179 1
a 22 267 8
a 22 268 4
a 23 163 9
a 24 276 5
a 24 380 6
a 25 371 7
a 26 206 5
a 26 247 1
a 27 113 7
a 27 327 6
a 28 11 7
a 28 151 2
a 28 375 7
a 29 139 2
a 29 253 4
a 29 385 6
a 30 50 1
a 31 304 4
a 32 384 2
a 33 191 3
a 33 306 2
a 33 398 9
a 34 187 1
a 35 356 1
a 36 210 10
a 36 367 2
a 37 36 6
a 37 141 3
a 37 257 9
a 38 369 7
a 39 273 2
a 39 373 9
a 40 78 10
a 40 331 8
a 41 49 9
a 42 26 3
a 43 233 3
a 43 309 5
a 44 53 5
a 44 91 8
a 44 116 1
a 45 148 7
a 45 230 8
a 46 65 10
a 46 166 3
a 47 72 6
a 48 18 9
a 49 245 8
a 49 301 4
a 49 343 2
a 50 40 6
a 50 71 6
a 51 136 7
a 52 207 9
a 53 96 5
a 53 303 5
a 54 153 10
a 55 248 3
a 56 118 7
a 56 287 2
a 57 281 4
a 58 360 9
a 59 125 7
a 60 158 4
a 60 225 8
a 61 216 2
a 61 247 3
a 61 252 7
a 61 350 6
a 62 173 2
a 62 183 1
a 62 290 2
a 63 72 5
a 63 367 10
a 64 4 1
a 64 137 2
a 64 287 7
a 65 340 1
a 66 379 7
a 67 304 3
a 67 395 1
a 68 179 5
a 69 144 3
a 69 187 10
a 69 338 8
a 70 188 9
a 70 209 2
a 71 335 3
a 72 61 6
a 72 67 4
a 72 208 4
a 73 9 8
a 73 19 1
a 74 90 9
a 74 364 6
a 74 389 5
a 75 279 2
a 76 157 3
a 76 209 1
a 77 52 5
a 77 298 4
a 78 67 2
a 78 100 5
a 78 220 7
a 78 371 7
a 79 104 4
a 79 266 9
a 80 375 8
a 81 171 4
a 82 29 7
a 82 33 6
a 83 119 1
a 84 20 4
a 84 140 5
a 84 189 1
a 85 358 5
a 86 214 2
a 86 392 5
a 87 66 5
a 87 207 10
a 87 272 5
a 88 360 3
a 88 376 4
a 89 208 1
a 90 36 9
a 91 309 2
a 92 143 7
a 92 153 10
a 93 231 9
a 94 85 2
a 94 355 5
a 95 37 8
a 95 140 8
a 95 156 2
a 95 242 10
a 96 71 10
a 97 110 8
a 97 211 10
a 98 83 8
a 98 154 5
a 98 290 6
a 99 88 7
a 100 17 10
a 100 342 3
a 101 35 3
a 101 283 8
a 102 150 6
a 102 377 3
a 103 219 5
a 103 250 5
a 103 382 7
a 104 274 5
a 104 363 4
a 105 101 2
a 105 154 6
a 105 185 3
a 106 56 2
a 106 60 5
a 107 121 1
a 108 146 1
a 108 397 3
a 109 50 3
a 109 170 6
a 109 392 4
a 110 381 5
a 111 81 10
a 111 184 10
a 112 33 2
a 112 263 7
a 112 331 1
a 112 366 8
a 113 117 6
a 113 118 6
a 114 332 5
a 115 73 6
a 115 276 5
a 116 47 9
a 117 25 2
a 117 365 4
a 117 375 9
a 118 64 10
a 119 93 2
a 120 30 2
a 121 251 6
a 121 389 6
a 122 23 8
a 122 288 1
a 123 39 1
a 123 262 1
a 124 270 2
a 125 69 1
a 125 228 9
a 125 234 1
a 125 308 5
a 125 330 1
a 126 212 9
a 126 297 5
a 127 277 7
a 128 280 5
a 128 292 10
a 128 304 8
a 129 287 9
a 130 84 8
a 130 244 6
a 130 375 1
a 131 88 7
a 131 237 6
a 132 258 10
a 133 121 3
a 133 194 3
a 133 310 3
a 134 42 2
a 134 381 6
a 134 398 8
a 135 368 1
a 136 11 9
a 136 133 5
a 137 126 8
a 138 179 7
a 138 259 10
a 139 328 1
a 139 343 4
a 140 149 9
a 140 182 3
a 140 231 6
a 141 45 5
a 141 98 9
a 141 356 7
a 142 200 6
a 142 255 3
a 143 54 8
a 143 129 10
a 143 363 3
a 144 76 5
a 145 150 4
a 146 106 4
a 147 77 1
a 148 227 5
a 149 7 4
a 149 282 2
a 149 366 2
a 150 110 4
a 150 339 9
a 150 371 2
a 150 386 1
a 151 22 8
a 151 255 7
a 151 365 6
a 151 373 7
a 152 113 8
a 152 196 9
a 152 276 10
a 153 179 7
a 154 209 9
a 155 72 2
a 156 313 9
a 156 323 6
a 156 376 4
a 157 155 7
a 157 314 8
a 158 49 7
a 158 71 10
a 159 347 5
a 160 19 2
a 160 92 9
a 160 193 3
a 160 214 2
a 161 31 7
a 162 130 3
a 162 177 7
a 162 320 6
a 162 349 1
a 163 302 7
a 164 266 4
a 165 94 10
a 165 291 5
a 166 261 8
a 166 292 8
a 167 23 1
a 168 80 5
a 168 149 4
a 169 142 9
a 170 310 3
a 171 34 5
a 171 306 3
a 171 387 6
a 172 105 3
a 172 363 7
a 173 169 9
a 173 182 5
a 173 307 2
a 174 4 6
a 175 335 7
a 176 89 5
a 176 164 5
a 176 229 5
a 176 237 5
a 176 242 5
a 177 25 1
a 178 129 3
a 178 205 9
a 179 282 8
a 180 2 9
a 180 325 8
a 181 6 3
a 182 266 3
a 183 155 2
a 184 68 8
a 184 135 4
a 184 171 1
a 184 190 8
a 184 212 5
a 185 16 2
a 185 116 8
a 186 245 10
a 186 344 8
a 187 40 5
a 187 160 7
a 187 261 9
a 187 321 6
a 187 324 2
a 187 332 5
a 188 176 8
a 189 163 6
a 189 197 1
a 190 58 9
a 191 221 4
a 191 252 2
a 191 258 3
a 192 3 8
a 192 44 3
a 192 187 7
a 192 283 9
a 192 317 9
a 192 385 2
a 193 4 9
a 193 150 3
a 194 278 10
a 195 297 2
a 196 269 7
a 196 275 7
a 196 337 5
a 196 353 3
a 197 353 10
a 198 26 7
a 198 90 6
a 198 105 5
a 199 252 1
a 200 289 5
a 200 349 3
a 201 42 5
a 201 216 7
a 201 329 7
a 202 100 1
a 203 87 2
a 203 169 2
a 203 397 7
a 204 155 3
a 204 337 3
a 205 255 6
a 205 281 5
a 206 337 2
a 207 232 2
a 207 354 1
a 208 75 9
a 208 106 2
a 208 147 8
a 209 301 1
a 210 301 4
a 210 332 2
a 211 59 3
a 211 124 7
a 211 198 4
a 212 144 1
a 212 195 8
a 212 235 2
a 213 42 10
a 214 43 7
a 215 237 9
a 216 62 4
a 216 131 7
a 216 143 8
a 216 271 4
a 217 269 10
a 218 99 4
a 218 139 10
a 219 181 9
a 219 354 5
a 219 355 10
a 220 256 8
a 220 346 6
a 221 160 5
a 221 230 1
a 222 17 10
a 222 140 3
a 222 322 3
a 223 10 7
a 223 51 6
a 223 114 6
a 223 179 7
a 224 24 8
a 224 236 1
a 225 311 4
a 226 265 3
a 226 319 6
a 226 335 6
a 227 94 8
a 227 127 2
a 227 254 10
a 228 297 2
a 229 40 1
a 230 125 3
a 230 380 1
a 231 207 2
a 232 264 8
a 232 319 7
a 233 155 5
a 234 172 6
a 234 197 7
a 235 311 3
a 236 173 1
a 236 399 4
a 237 160 1
a 237 175 9
a 238 162 1
a 238 301 1
a 239 4 4
a 239 305 8
a 240 353 6
a 241 369 4
a 241 391 4
a 242 129 4
a 242 367 3
a 243 39 6
a 243 284 9
a 243 340 8
a 244 47 10
a 245 68 2
a 245 224 6
a 246 341 8
a 246 376 8
a 247 188 7
a 248 98 3
a 249 176 10
a 249 316 7
a 249 318 1
a 249 390 8
a 250 64 1
a 250 279 6
a 250 328 8
a 251 16 4
a 251 396 1
a 252 2 7
a 252 97 3
a 252 226 5
a 252 257 7
a 252 394 6
a 253 139 5
a 253 285 2
a 253 334 8
a 254 80 2
a 255 390 7
a 256 27 1
a 256 73 8
a 257 83 4
a 258 38 2
a 259 79 9
a 259 94 5
a 259 256 7
a 260 48 3
a 260 142 6
a 260 261 9
a 261 66 9
a 261 154 6
a 261 199 1
a 262 202 7
a 262 369 8
a 263 19 1
a 263 156 2
a 264 348 8
a 265 334 6
a 265 358 1
a 266 105 5
a 267 178 3
a 267 225 1
a 268 13 2
a 268 75 9
a 268 217 6
a 269 146 4
a 270 138 5
a 270 361 7
a 271 56 6
a 271 146 10
a 272 390 5
a 273 102 5
a 273 180 3
a 273 393 2
a 274 239 1
a 275 213 1
a 276 8 4
a 277 381 10
a 277 383 5
a 278 162 5
a 279 28 1
a 279 223 10
a 279 355 4
a 280 62 2
a 281 238 5
a 282 24 1
a 282 131 5
a 283 108 1
a 283 176 8
a 284 31 4
a 284 63 2
a 285 333 6
a 286 323 9
a 287 205 1
a 288 55 9
a 288 187 5
a 288 327 8
a 289 229 1
a 289 397 4
a 290 243 2
a 290 255 3
a 291 243 8
a 292 99 8
a 292 152 5
a 292 296 10
a 293 70 2
a 293 128 4
a 293 196 9
a 293 204 5
a 293 217 10
a 294 182 6
a 295 65 10
a 295 278 1
a 296 261 10
a 297 91 8
a 297 92 8
a 297 393 6
a 298 18 10
a 298 250 2
a 298 345 6
a 299 253 6
a 300 16 3
a 301 393 5
a 302 107 10
a 302 278 6
a 302 286 8
a 302 351 9
a 303 107 2
a 303 112 8
a 303 140 2
a 304 346 10
a 305 111 10
a 305 211 10
a 306 369 9
a 307 293 10
a 308 218 9
a 308 372 6
a 309 73 6
a 309 110 1
a 310 394 6
a 311 130 6
a 311 145 9
a 312 81 3
a 312 115 5
a 312 168 8
a 313 363 9
a 314 252 8
a 314 304 4
a 315 390 6
a 315 400 2
a 316 8 10
a 316 239 9
a 316 319 1
a 316 359 4
a 317 246 9
a 317 398 5
a 318 108 2
a 318 186 9
a 318 194 3
a 319 33 10
a 319 201 9
a 319 205 3
a 320 199 4
a 321 9 6
a 322 19 8
a 323 52 8
a 324 107 4
a 325 86 3
a 325 163 10
a 326 25 5
a 326 305 1
a 326 394 8
a 327 208 5
a 327 298 2
a 328 275 7
a 328 354 4
a 329 29 5
a 329 192 3
a 330 28 5
a 331 215 2
a 332 213 10
a 332 293 3
a 332 385 10
a 333 73 9
a 333 225 7
a 333 302 8
a 334 346 4
a 335 252 7
a 335 254 5
a 335 270 4
a 336 43 6
a 336 125 10
a 336 315 2
a 336 341 4
a 337 29 7
a 338 215 9
a 338 384 9
a 339 32 10
a 339 114 3
a 339 217 8
a 339 222 7
a 339 378 9
a 340 263 2
a 341 47 7
a 341 219 4
a 342 219 8
a 342 379 6
a 342 400 10
a 343 307 8
a 344 77 9
a 344 103 4
a 344 222 6
a 345 219 9
a 346 22 1
a 347 76 5
a 347 82 1
a 348 294 2
a 348 317 10
a 348 388 8
a 349 224 1
a 349 241 4
a 350 45 4
a 350 215 3
a 351 122 6
a 351 372 10
a 352 135 1
a 352 264 2
a 352 278 8
a 352 312 2
a 353 367 9
a 354 107 1
a 354 399 9
a 355 109 2
a 355 174 3
a 355 262 3
a 355 379 1
a 356 134 4
a 356 161 8
a 356 343 4
a 357 331 10
a 358 364 3
a 359 226 3
a 360 18 6
a 360 95 5
a 360 357 5
a 361 121 4
a 361 248 8
a 361 303 7
a 361 352 6
a 362 104 8
a 362 232 8
a 362 303 8
a 362 361 10
a 363 151 3
a 363 347 4
a 364 215 6
a 364 283 1
a 365 167 2
a 365 348 7
a 366 62 3
a 366 74 10
a 366 99 5
a 367 67 4
a 368 75 6
a 368 240 4
a 368 370 7
a 369 23 3
a 369 244 8
a 369 399 2
a 370 335 10
a 371 295 7
a 372 5 6
a 372 227 5
a 373 7 7
a 373 377 4
a 374 82 3
a 374 218 2
a 374 238 2
a 375 54 6
a 375 57 7
a 375 311 5
a 376 140 4
a 376 249 10
a 377 324 1
a 378 391 6
a 379 85 10
a 379 126 5
a 379 132 1
a 380 167 7
a 380 233 8
a 381 60 10
a 382 15 10
a 382 348 9
a 382 397 4
a 383 334 4
a 383 336 6
a 384 82 5
a 384 202 4
a 385 300 3
a 385 308 4
a 386 46 2
a 386 251 9
a 386 277 10
a 387 151 4
a 388 21 1
a 388 287 7
a 389 6 5
a 389 315 3
a 389 356 2
a 390 300 7
a 391 32 5
a 391 38 4
a 391 58 4
a 391 123 10
a 392 120 7
a 392 359 4
a 393 82 9
a 393 112 9
a 394 30 4
a 394 63 7
a 394 276 1
a 395 162 7
a 395 260 9
a 395 308 1
a 396 150 7
a 396 368 5
a 397 139 2
a 398 235 1
a 398 307 8
a 399 282 3
a 399 295 5
