p max 400 800
n 1 s
n 400 t
a 1 235 10
a 1 292 7
a 2 141 10
a 2 240 2
a 3 311 4
a 4 130 10
a 4 177 1
a 4 223 1
a 4 372 7
a 5 41 6
a 5 173 4
a 6 360 3
a 7 12 9
a 7 80 10
a 7 110 10
a 7 329 6
a 8 359 8
a 9 198 1
a 9 231 3
a 9 323 3
a 10 94 3
a 10 172 3
a 11 14 8
a 11 140 4
a 11 336 1
a 12 91 9
a 12 268 6
a 12 284 8
a 12 371 2
a 13 336 3
a 13 400 8
a 14 83 6
a 14 279 2
a 14 385 4
a 15 281 2
a 16 12 3
a 16 285 7
a 16 326 6
a 17 85 3
a 18 193 1
a 18 245 10
a 19 14 9
a 19 339 5
a 20 98 3
a 20 254 10
a 20 385 4
a 21 393 3
a 22 212 5
a 22 399 4
a 23 229 3
a 24 111 10
a 24 357 6
a 25 112 8
a 25 114 6
a 25 302 7
a 26 86 6
a 26 120 2
a 26 394 3
a 27 330 2
a 27 395 2
a 28 173 6
a 29 117 1
a 30 70 1
a 31 165 7
a 31 169 2
a 31 206 7
a 31 261 9
a 32 373 1
a 32 393 3
a 33 211 4
a 34 25 8
a 34 209 1
a 35 136 3
a 35 161 9
a 36 134 8
a 36 274 8
a 37 69 1
a 37 101 1
a 38 111 6
a 38 194 8
a 38 218 9
a 38 322 3
a 39 7 4
a 40 380 8
a 41 179 8
a 41 275 4
a 42 15 7
a 42 95 4
a 42 118 2
a 42 338 2
a 43 75 6
a 43 300 3
a 44 235 4
a 44 308 1
a 45 39 1
a 45 220 10
a 45 323 10
a 46 300 10
a 46 355 1
a 47 30 5
a 47 62 7
a 47 261 10
a 48 294 2
a 49 65 4
a 49 123 8
a 50 23 3
a 50 121 7
a 50 172 1
a 50 295 6
a 50 324 3
a 51 77 5
a 51 386 8
a 52 201 5
a 53 266 7
a 53 279 7
a 53 357 3
a 54 386 8
a 55 340 9
a 56 225 10
a 57 53 5
a 57 81 3
a 58 245 9
a 58 269 10
a 59 168 4
a 59 384 9
a 60 32 10
a 60 85 4
a 60 135 7
a 61 217 10
a 61 248 9
a 62 395 5
a 63 45 8
a 64 42 4
a 65 126 1
a 66 25 3
a 66 101 3
a 66 160 4
a 67 200 6
a 67 212 7
a 68 38 1
a 68 76 10
a 68 197 8
a 68 208 8
a 68 227 10
a 68 337 5
a 68 367 9
a 69 119 5
a 69 151 7
a 69 251 10
a 70 95 10
a 70 205 2
a 71 255 10
a 72 97 10
a 73 140 8
a 73 335 7
a 74 330 3
a 75 50 8
a 75 120 9
a 76 89 5
a 77 207 3
a 77 265 9
a 77 307 6
a 78 61 3
a 78 289 3
a 79 200 1
a 80 2 10
a 80 127 2
a 80 129 10
a 81 53 7
a 81 99 2
a 82 188 8
a 82 325 6
a 83 175 3
a 83 252 3
a 83 313 5
a 84 10 9
a 84 161 2
a 84 172 5
a 85 5 5
a 85 304 7
a 85 343 7
a 86 225 6
a 87 250 2
a 88 117 6
a 89 294 1
a 90 61 4
a 91 364 9
a 92 20 5
a 93 70 4
a 93 125 6
a 93 352 8
a 94 44 9
a 94 248 7
a 95 387 4
a 96 187 3
a 96 350 7
a 97 44 1
a 98 331 1
a 99 209 5
a 99 328 7
a 100 123 1
a 100 159 5
a 100 370 2
a 101 147 4
a 102 152 7
a 103 129 7
a 104 332 6
a 105 66 1
a 105 102 8
a 105 238 2
a 105 256 4
a 106 37 7
a 106 195 5
a 107 184 7
a 107 211 5
a 107 344 10
a 108 102 3
a 108 151 6
a 109 96 1
a 109 232 1
a 110 139 2
a 110 350 9
a 111 97 3
a 111 265 8
a 112 191 6
a 112 192 9
a 112 228 2
a 112 345 8
a 113 75 3
a 114 173 6
a 114 219 7
a 114 383 7
a 115 119 3
a 115 393 10
a 116 14 3
a 116 126 5
a 117 302 1
a 118 315 8
a 118 381 6
a 119 79 9
a 119 198 4
a 120 47 2
a 120 242 5
a 121 249 2
a 121 389 1
a 122 22 8
a 123 345 1
a 124 71 2
a 124 173 2
a 125 330 6
a 126 175 5
a 126 377 7
a 127 90 3
a 127 247 5
a 128 163 6
a 128 343 4
a 129 363 9
a 130 187 1
a 130 374 4
a 130 391 2
a 131 102 3
a 132 36 5
a 132 54 1
a 132 99 4
a 132 150 8
a 132 272 2
a 132 276 2
a 133 56 3
a 134 22 10
a 134 277 8
a 135 20 8
a 136 307 2
a 136 308 10
a 137 369 7
a 138 43 7
a 138 72 2
a 138 343 6
a 139 124 10
a 139 294 7
a 140 93 6
a 140 260 2
a 140 265 1
a 140 354 3
a 141 337 4
a 142 291 8
a 143 73 6
a 143 337 6
a 144 104 9
a 144 253 3
a 144 387 6
a 145 68 6
a 145 272 4
a 145 287 8
a 146 248 7
a 146 397 4
a 147 332 1
a 147 374 1
a 148 106 6
a 148 378 7
a 149 263 1
a 149 334 8
a 150 265 7
a 151 134 7
a 151 291 10
a 152 27 1
a 153 321 3
a 153 362 5
a 154 227 10
a 155 250 9
a 155 390 9
a 156 317 6
a 156 341 3
a 157 90 4
a 157 181 4
a 158 84 10
a 159 223 6
a 160 191 6
a 161 17 7
a 161 202 7
a 161 245 5
a 161 318 8
a 162 40 7
a 162 111 1
a 163 45 2
a 164 100 9
a 165 294 2
a 165 349 1
a 166 8 8
a 166 300 10
a 167 8 1
a 167 261 9
a 168 333 2
a 169 104 7
a 169 236 5
a 170 326 6
a 170 370 6
a 171 393 7
a 172 34 2
a 172 262 9
a 173 208 4
a 174 128 8
a 174 162 7
a 175 11 4
a 175 143 3
a 175 344 1
a 175 384 3
a 176 57 4
a 176 344 8
a 177 19 1
a 177 92 4
a 177 105 1
a 177 294 9
a 178 5 10
a 178 47 6
a 178 216 1
a 179 171 9
a 179 225 4
a 180 396 7
a 181 5 8
a 181 131 10
a 181 240 7
a 181 271 7
a 181 351 3
a 182 83 5
a 182 296 1
a 182 364 7
a 182 389 2
a 183 31 9
a 183 186 2
a 184 86 2
a 185 156 1
a 185 190 1
a 185 210 6
a 185 227 7
a 186 270 10
a 187 46 10
a 187 53 10
a 187 239 9
a 188 244 10
a 189 305 3
a 190 65 8
a 191 153 1
a 191 298 7
a 192 330 4
a 192 400 8
a 193 11 5
a 193 57 6
a 194 45 10
a 194 74 10
a 194 296 10
a 195 8 10
a 196 251 9
a 196 257 3
a 196 340 10
a 197 257 3
a 197 268 7
a 198 4 7
a 198 52 9
a 198 232 3
a 198 368 4
a 199 196 2
a 199 298 1
a 200 32 6
a 200 313 7
a 201 72 3
a 201 306 2
a 202 66 9
a 202 398 4
a 203 137 3
a 203 259 2
a 203 353 2
a 204 77 9
a 204 289 4
a 205 186 1
a 206 65 4
a 206 286 6
a 207 91 3
a 208 367 4
a 209 270 3
a 209 285 5
a 210 175 7
a 211 47 3
a 212 73 6
a 213 51 5
a 213 160 8
a 213 232 5
a 214 60 3
a 214 114 4
a 215 126 4
a 216 173 6
a 216 338 2
a 217 55 3
a 217 185 5
a 217 382 1
a 218 185 6
a 218 217 6
a 219 183 2
a 220 153 9
a 221 286 4
a 222 6 9
a 222 195 10
a 223 119 7
a 223 302 4
a 224 261 4
a 225 141 2
a 225 396 4
a 226 3 8
a 227 9 2
a 227 16 7
a 227 57 6
a 227 105 4
a 228 283 5
a 228 366 1
a 229 241 5
a 229 278 4
a 230 217 10
a 230 277 5
a 230 299 5
a 231 113 4
a 231 157 1
a 232 51 7
a 233 238 9
a 234 178 1
a 234 293 8
a 234 388 8
a 235 103 3
a 235 153 10
a 235 341 8
a 236 220 2
a 237 251 10
a 238 299 8
a 239 103 9
a 239 244 2
a 240 38 2
a 240 59 9
a 240 78 3
a 240 133 10
a 240 222 5
a 240 399 6
a 241 35 7
a 241 365 10
a 242 53 8
a 242 309 1
a 243 171 9
a 244 129 10
a 245 252 6
a 245 342 8
a 246 241 1
a 246 342 8
a 247 337 9
a 247 372 3
a 248 130 4
a 248 137 9
a 248 179 1
a 248 225 4
a 249 145 3
a 250 65 5
a 250 75 9
a 250 260 3
a 251 87 2
a 251 368 7
a 252 164 5
a 252 289 5
a 252 388 3
a 253 7 9
a 253 40 9
a 254 55 3
a 254 147 2
a 255 56 9
a 255 323 2
a 255 356 7
a 256 310 8
a 256 312 6
a 257 140 4
a 258 9 5
a 258 195 1
a 258 221 9
a 259 201 10
a 259 372 4
a 260 96 8
a 261 117 2
a 261 217 8
a 262 42 9
a 262 163 5
a 262 348 6
a 263 36 9
a 264 107 8
a 264 400 1
a 265 244 5
a 266 169 10
a 266 380 9
a 267 174 10
a 267 260 7
a 268 94 3
a 269 6 9
a 270 273 7
a 270 305 6
a 271 270 2
a 272 55 5
a 272 381 8
a 273 247 8
a 273 296 1
a 274 151 5
a 275 345 10
a 275 394 6
a 276 154 1
a 277 13 4
a 278 24 1
a 278 362 2
a 279 217 1
a 279 258 9
a 280 64 2
a 281 250 10
a 281 254 4
a 281 331 4
a 281 346 4
a 282 243 4
a 283 142 3
a 283 187 8
a 283 287 8
a 283 327 7
a 284 60 8
a 284 297 6
a 285 28 4
a 285 64 8
a 286 21 3
a 286 161 1
a 286 281 10
a 287 237 8
a 288 47 5
a 289 264 7
a 290 54 1
a 291 181 9
a 291 204 3
a 291 215 8
a 291 360 7
a 292 355 7
a 293 22 5
a 294 385 3
a 295 193 4
a 295 297 2
a 295 376 9
a 296 292 10
a 297 107 10
a 297 290 3
a 297 292 6
a 298 132 7
a 298 148 2
a 298 358 3
a 299 203 8
a 300 29 10
a 300 233 1
a 300 312 10
a 301 145 4
a 301 203 8
a 301 213 5
a 301 366 7
a 302 119 2
a 302 282 8
a 302 365 1
a 302 378 4
a 303 205 4
a 303 375 8
a 304 169 4
a 305 7 5
a 305 105 5
a 305 144 10
a 306 123 3
a 306 189 10
a 307 127 7
a 307 217 4
a 307 358 10
a 307 388 2
a 308 116 6
a 308 297 9
a 308 310 5
a 309 49 1
a 309 122 10
a 309 202 10
a 310 129 4
a 310 196 1
a 310 243 6
a 310 366 1
a 311 170 5
a 311 288 5
a 311 330 9
a 311 359 7
a 312 385 1
a 313 10 5
a 314 100 7
a 314 127 1
a 314 255 9
a 315 326 9
a 316 372 9
a 317 333 2
a 318 46 8
a 318 305 9
a 319 210 8
a 319 264 1
a 320 75 8
a 321 167 3
a 321 396 7
a 322 8 3
a 322 334 7
a 323 231 9
a 323 254 8
a 324 166 2
a 324 378 6
a 325 334 1
a 326 18 8
a 326 108 7
a 326 303 6
a 326 313 6
a 326 369 1
a 327 64 1
a 327 179 5
a 328 54 1
a 328 138 8
a 328 191 7
a 328 379 5
a 329 115 8
a 329 285 3
a 330 37 1
a 330 224 10
a 330 262 2
a 330 301 7
a 331 12 5
a 332 203 5
a 333 219 6
a 334 42 8
a 334 347 6
a 335 10 10
a 336 101 8
a 336 120 8
a 336 152 6
a 337 290 7
a 338 129 2
a 339 344 7
a 340 154 10
a 340 169 3
a 341 20 6
a 341 155 7
a 341 188 4
a 341 219 8
a 341 274 5
a 342 74 8
a 343 13 6
a 343 22 4
a 343 252 4
a 344 63 6
a 344 181 4
a 345 21 1
a 346 27 3
a 347 238 5
a 347 276 2
a 347 324 2
a 348 182 3
a 348 190 8
a 348 275 6
a 349 55 6
a 350 290 1
a 351 279 2
a 352 33 10
a 352 231 9
a 353 313 1
a 353 392 1
a 354 314 9
a 354 320 4
a 354 349 9
a 355 62 10
a 355 183 4
a 356 74 1
a 356 253 6
a 357 237 6
a 357 239 7
a 357 329 9
a 358 191 4
a 359 42 8
a 359 90 8
a 359 267 5
a 359 316 2
a 360 151 3
a 361 52 8
a 362 297 10
a 363 114 10
a 363 173 10
a 363 321 8
a 363 360 1
a 364 16 6
a 364 67 9
a 364 109 7
a 365 229 10
a 365 361 1
a 365 369 8
a 366 20 3
a 366 176 5
a 366 363 7
a 367 234 9
a 367 388 4
a 368 213 4
a 368 230 4
a 369 58 4
a 370 149 2
a 370 158 6
a 370 383 10
a 371 89 10
a 371 185 7
a 372 84 1
a 372 157 7
a 372 319 4
a 373 280 9
a 373 356 1
a 374 185 9
a 375 276 4
a 375 400 5
a 376 145 4
a 376 246 4
a 377 86 6
a 377 180 10
a 377 352 6
a 378 199 10
a 378 293 2
a 378 372 10
a 379 26 3
a 379 166 7
a 380 82 2
a 380 389 8
a 381 9 4
a 382 366 5
a 383 361 10
a 384 21 5
a 384 58 2
a 385 134 1
a 386 68 10
a 387 84 7
a 387 311 2
a 387 325 4
a 388 31 8
a 388 48 8
a 388 214 10
a 388 301 6
a 389 215 7
a 390 26 9
a 391 223 3
a 392 27 2
a 392 146 6
a 392 350 6
a 393 152 7
a 393 189 10
a 394 24 5
a 395 88 1
a 395 162 8
a 395 174 6
a 396 392 6
a 397 138 2
a 397 333 4
a 398 226 10
a 398 391 2
a 399 3 10
a 399 280 8
