p max 400 800
n 1 s
n 400 t
a 1 46 1
a 2 189 8
a 2 193 4
a 2 280 7
a 3 287 2
a 3 396 9
a 4 237 6
a 4 279 1
a 5 29 8
a 5 290 6
a 6 36 3
a 6 119 1
a 6 250 8
a 6 329 4
a 7 241 3
a 7 308 3
a 7 341 9
a 8 70 7
a 8 151 3
a 8 181 6
a 9 299 10
a 10 162 3
a 11 91 9
a 11 174 3
a 12 150 4
a 13 213 1
a 13 328 8
a 14 244 10
a 15 222 6
a 15 223 6
a 16 134 2
a 16 197 3
a 17 170 10
a 17 224 4
a 18 65 8
a 19 4 1
a 20 196 9
a 20 277 6
a 20 389 1
a 21 79 7
a 21 158 5
a 21 352 4
a 22 111 8
a 22 381 7
a 23 219 7
a 24 16 1
a 24 52 8
a 24 68 6
a 24 102 1
a 25 125 1
a 26 69 8
a 26 216 5
a 26 306 5
a 27 71 5
a 27 199 7
a 27 331 5
a 27 351 7
a 28 92 7
a 28 189 1
a 29 32 10
a 29 308 4
a 30 59 5
a 30 231 9
a 30 296 6
a 30 377 6
a 31 280 5
a 32 81 6
a 32 192 4
a 32 394 10
a 33 68 7
a 34 317 2
a 35 17 3
a 35 262 3
a 36 295 5
a 37 228 4
a 38 342 7
a 39 251 9
a 40 72 7
a 41 11 7
a 41 202 10
a 41 266 7
a 42 91 10
a 42 118 7
a 42 215 5
a 43 223 1
a 43 330 8
a 44 240 6
a 45 374 1
a 46 289 8
a 46 313 7
a 46 372 1
a 47 56 9
a 47 93 6
a 47 219 3
a 47 254 2
a 48 74 9
a 48 88 8
a 49 50 4
a 49 263 2
a 49 319 4
a 50 152 1
a 51 116 4
a 51 151 5
a 51 226 2
a 51 252 9
a 52 264 8
a 53 174 4
a 54 131 1
a 54 150 5
a 54 199 5
a 55 15 6
a 55 247 7
a 56 23 3
a 56 78 1
a 57 129 5
a 57 297 4
a 58 214 1
a 58 251 6
a 59 379 1
a 60 297 7
a 60 329 2
a 61 15 3
a 61 69 8
a 61 328 4
a 62 79 7
a 62 256 5
a 63 136 7
a 63 164 1
a 63 369 6
a 64 358 3
a 65 71 10
a 65 136 1
a 66 326 3
a 67 142 3
a 67 189 2
a 68 95 6
a 68 165 4
a 68 185 3
a 69 14 8
a 70 332 3
a 70 396 3
a 71 228 2
a 72 90 9
a 72 196 8
a 72 217 3
a 72 357 4
a 73 180 7
a 73 288 7
a 73 397 7
a 74 51 9
a 74 111 9
a 74 143 3
a 74 264 10
a 75 73 7
a 75 298 2
a 76 125 5
a 76 347 10
a 76 379 8
a 77 80 10
a 77 221 3
a 77 370 4
a 78 392 1
a 79 107 1
a 79 126 1
a 80 30 4
a 80 61 2
a 80 167 8
a 80 235 5
a 81 180 3
a 81 215 9
a 81 242 1
a 82 20 4
a 82 38 10
a 82 118 7
a 82 286 7
a 83 322 8
a 83 387 10
a 84 135 3
a 84 175 6
a 84 194 9
a 84 304 6
a 85 41 10
a 85 121 9
a 85 229 7
a 86 49 9
a 86 392 2
a 87 28 7
a 87 363 4
a 88 68 10
a 88 215 10
a 89 159 9
a 90 40 5
a 90 248 7
a 90 316 5
a 91 116 7
a 91 122 4
a 92 220 1
a 93 9 1
a 93 326 2
a 94 282 2
a 95 75 2
a 95 155 10
a 95 190 5
a 95 375 9
a 96 122 10
a 97 148 2
a 97 279 10
a 98 133 3
a 98 307 4
a 99 31 8
a 99 335 3
a 100 207 2
a 101 198 9
a 101 248 2
a 101 377 8
a 102 46 8
a 102 238 3
a 103 79 8
a 104 10 7
a 104 271 10
a 105 287 3
a 105 296 1
a 106 278 4
a 107 175 8
a 108 35 7
a 108 120 2
a 108 202 8
a 109 264 3
a 110 205 5
a 110 254 8
a 111 40 6
a 112 109 7
a 112 110 8
a 112 158 10
a 112 304 8
a 113 267 10
a 113 321 9
a 113 346 4
a 114 318 9
a 115 338 2
a 116 29 2
a 117 147 5
a 118 246 2
a 118 279 6
a 118 283 6
a 119 229 8
a 120 312 1
a 120 323 3
a 121 160 8
a 122 22 3
a 122 184 2
a 123 153 2
a 123 182 10
a 124 128 10
a 124 219 6
a 125 92 2
a 125 279 10
a 126 83 7
a 126 282 6
a 127 8 5
a 127 244 8
a 128 39 4
a 128 176 2
a 128 225 2
a 128 331 7
a 129 155 2
a 130 45 2
a 131 397 9
a 132 41 6
a 132 122 1
a 132 397 3
a 133 3 6
a 134 11 1
a 134 177 10
a 134 204 9
a 135 34 10
a 136 80 9
a 137 112 7
a 137 195 4
a 138 134 4
a 138 156 2
a 138 236 9
a 139 45 3
a 139 305 9
a 140 29 10
a 140 137 2
a 140 184 9
a 140 201 8
a 141 182 3
a 141 270 4
a 142 70 9
a 143 86 4
a 143 189 6
a 144 221 6
a 145 134 4
a 146 52 5
a 146 378 4
a 147 76 8
a 147 265 7
a 147 368 10
a 148 99 6
a 148 385 6
a 149 265 9
a 150 44 10
a 150 145 2
a 150 282 9
a 151 357 6
a 151 391 10
a 152 151 2
a 152 204 8
a 153 322 9
a 154 25 3
a 154 104 7
a 155 66 5
a 155 182 8
a 155 379 4
a 156 108 2
a 156 398 3
a 157 265 4
a 157 360 6
a 158 298 8
a 159 130 1
a 159 255 3
a 160 39 5
a 161 396 5
a 162 87 3
a 162 272 8
a 163 275 7
a 163 347 8
a 164 92 9
a 164 386 2
a 165 42 7
a 165 62 8
a 166 272 3
a 166 303 9
a 166 323 7
a 167 13 2
a 167 71 6
a 167 144 9
a 168 228 5
a 168 345 10
a 169 279 5
a 170 33 8
a 170 168 9
a 170 171 7
a 170 263 5
a 171 136 2
a 171 234 5
a 172 231 1
a 173 11 8
a 174 65 5
a 174 122 9
a 174 233 3
a 175 184 10
a 175 240 5
a 175 302 3
a 176 163 8
a 177 19 8
a 177 252 10
a 178 27 5
a 178 179 9
a 178 269 2
a 179 143 2
a 179 299 7
a 179 300 9
a 180 9 6
a 180 166 6
a 180 338 2
a 181 75 1
a 181 162 1
a 182 157 6
a 182 285 1
a 183 22 10
a 183 276 6
a 184 32 5
a 184 100 5
a 184 271 9
a 185 332 1
a 185 373 7
a 186 67 3
a 187 12 10
a 187 58 6
a 187 177 1
a 188 134 9
a 188 261 4
a 189 42 8
a 190 45 4
a 190 338 1
a 191 146 5
a 191 370 1
a 192 279 8
a 193 110 5
a 194 219 7
a 194 350 9
a 195 32 1
a 195 168 1
a 196 54 3
a 196 272 2
a 196 380 7
a 197 10 1
a 197 21 10
a 197 46 6
a 198 114 3
a 198 261 7
a 198 314 6
a 199 167 5
a 200 2 1
a 201 271 9
a 202 16 4
a 202 138 4
a 202 258 7
a 203 94 1
a 203 316 2
a 203 362 5
a 204 145 7
a 205 97 1
a 205 113 2
a 205 380 3
a 206 107 4
a 206 218 6
a 206 292 2
a 206 304 1
a 207 397 10
a 208 63 7
a 208 267 2
a 208 278 2
a 209 147 10
a 210 183 9
a 210 324 7
a 210 388 6
a 211 89 1
a 211 155 5
a 212 33 8
a 212 395 9
a 213 43 6
a 213 59 6
a 213 285 2
a 214 79 4
a 214 106 1
a 214 334 10
a 215 294 4
a 216 363 7
a 217 283 8
a 218 145 2
a 219 337 9
a 219 389 4
a 220 2 1
a 221 26 10
a 222 151 3
a 223 98 5
a 223 119 10
a 224 117 7
a 224 258 1
a 224 399 4
a 225 162 2
a 226 3 2
a 226 222 5
a 226 366 5
a 227 274 10
a 227 276 4
a 227 294 3
a 228 285 3
a 228 339 2
a 229 291 3
a 230 74 9
a 230 90 3
a 231 390 8
a 231 398 10
a 232 172 4
a 232 315 1
a 232 354 10
a 233 89 2
a 234 135 3
a 235 75 3
a 235 251 6
a 236 72 8
a 236 84 1
a 236 182 10
a 237 211 6
a 237 281 4
a 237 364 2
a 237 370 8
a 237 374 3
a 238 230 5
a 239 21 8
a 239 260 7
a 240 139 10
a 240 193 3
a 241 39 3
a 241 214 6
a 241 325 4
a 241 355 2
a 242 336 6
a 242 389 7
a 243 183 5
a 243 291 3
a 244 369 4
a 245 16 2
a 246 158 8
a 247 44 8
a 248 38 1
a 248 123 9
a 249 20 5
a 249 333 7
a 250 30 2
a 251 231 5
a 252 5 5
a 252 37 10
a 252 165 9
a 252 178 8
a 253 360 9
a 254 228 10
a 254 340 6
a 255 320 3
a 255 349 7
a 256 83 10
a 257 99 2
a 257 313 10
a 258 53 9
a 258 150 9
a 259 8 3
a 259 249 2
a 259 324 7
a 259 354 9
a 260 183 9
a 261 94 10
a 261 191 9
a 261 244 6
a 261 273 6
a 261 355 10
a 262 44 5
a 262 84 6
a 262 113 9
a 263 63 5
a 263 268 4
a 264 4 7
a 264 179 10
a 264 206 7
a 264 372 2
a 265 254 5
a 266 164 6
a 267 287 4
a 268 264 5
a 269 301 2
a 270 154 8
a 270 169 3
a 270 293 6
a 270 318 3
a 271 339 10
a 272 216 8
a 272 232 4
a 273 362 5
a 274 372 2
a 274 393 9
a 275 149 3
a 276 24 8
a 277 6 3
a 278 115 7
a 278 366 6
a 279 79 9
a 279 207 8
a 280 281 5
a 281 381 4
a 282 134 4
a 282 320 1
a 283 341 7
a 283 359 10
a 284 90 5
a 284 209 10
a 284 327 2
a 284 376 3
a 285 132 9
a 285 298 1
a 286 35 10
a 287 188 2
a 287 211 9
a 287 284 3
a 288 203 7
a 288 385 3
a 288 400 5
a 289 160 2
a 289 186 5
a 290 25 8
a 290 247 7
a 290 257 2
a 291 228 9
a 291 353 7
a 292 326 4
a 293 177 7
a 294 230 5
a 295 171 1
a 295 358 6
a 296 117 9
a 296 265 4
a 297 6 10
a 297 167 4
a 297 344 9
a 297 345 3
a 298 251 5
a 298 348 6
a 298 372 5
a 299 95 2
a 299 251 3
a 300 227 7
a 300 357 6
a 300 372 3
a 301 95 5
a 301 243 10
a 302 317 5
a 303 70 2
a 304 109 2
a 305 124 7
a 306 48 8
a 306 163 7
a 307 85 6
a 307 111 1
a 308 24 2
a 308 48 5
a 308 334 2
a 309 101 5
a 309 231 10
a 310 253 3
a 310 267 5
a 310 319 3
a 310 345 3
a 311 18 7
a 311 21 8
a 311 41 3
a 312 8 3
a 313 240 3
a 314 161 7
a 314 196 2
a 315 102 6
a 315 219 9
a 316 82 4
a 316 261 3
a 316 335 8
a 316 382 5
a 317 200 4
a 318 62 4
a 318 186 7
a 318 187 1
a 318 259 7
a 319 8 4
a 320 82 3
a 321 28 4
a 321 140 5
a 322 59 8
a 322 245 1
a 322 392 7
a 323 387 6
a 324 235 5
a 325 47 1
a 325 173 3
a 325 187 5
a 325 199 5
a 326 64 9
a 326 105 4
a 326 354 7
a 327 151 7
a 327 393 9
a 328 94 5
a 329 189 6
a 329 356 9
a 330 354 10
a 331 268 1
a 332 167 6
a 332 353 9
a 332 367 5
a 333 396 9
a 334 110 10
a 334 300 2
a 335 215 8
a 336 51 3
a 337 303 6
a 338 357 7
a 338 400 7
a 339 251 3
a 340 113 1
a 341 256 1
a 342 11 10
a 342 34 6
a 342 281 8
a 343 248 10
a 343 309 3
a 344 114 4
a 344 147 3
a 344 341 9
a 344 365 6
a 345 7 1
a 345 23 2
a 345 43 1
a 345 108 1
a 345 159 8
a 345 301 4
a 345 343 1
a 346 246 5
a 347 181 3
a 347 361 8
a 348 84 1
a 348 248 3
a 349 224 4
a 350 26 6
a 350 192 7
a 350 200 1
a 350 321 1
a 351 55 8
a 351 101 7
a 351 293 6
a 352 96 5
a 352 351 8
a 353 145 7
a 353 149 1
a 354 365 8
a 355 322 7
a 356 335 3
a 357 60 2
a 357 107 9
a 357 307 5
a 357 352 9
a 357 377 10
a 358 14 10
a 358 125 6
a 359 151 2
a 359 383 2
a 360 76 1
a 360 262 7
a 360 322 2
a 361 17 5
a 362 103 10
a 362 335 6
a 363 58 7
a 364 247 3
a 364 318 6
a 365 2 7
a 365 210 3
a 365 384 7
a 366 22 3
a 366 77 10
a 366 127 8
a 366 371 2
a 367 173 3
a 367 384 2
a 368 170 3
a 368 331 10
a 369 81 10
a 369 366 8
a 370 165 10
a 371 30 1
a 371 119 3
a 372 2 5
a 372 220 4
a 373 68 4
a 373 212 5
a 374 84 7
a 374 317 9
a 375 378 1
a 376 360 5
a 377 62 8
a 377 124 2
a 378 16 8
a 378 195 7
a 378 239 5
a 379 201 2
a 379 310 8
a 379 325 4
a 380 241 8
a 381 141 7
a 381 295 5
a 381 340 5
a 382 337 2
a 383 229 6
a 384 324 1
a 385 132 2
a 385 393 4
a 386 159 5
a 386 221 4
a 386 230 7
a 386 311 5
a 387 282 3
a 388 374 10
a 389 187 4
a 389 208 2
a 390 57 10
a 390 148 8
a 391 9 9
a 391 67 9
a 391 180 2
a 392 223 10
a 393 288 7
a 393 342 3
a 394 55 7
a 394 152 10
a 395 68 1
a 395 148 2
a 396 74 9
a 396 140 9
a 397 144 8
a 398 52 7
a 399 85 9
