p max 400 800
n 1 s
n 400 t
a 1 323 5
a 1 382 5
a 2 13 1
a 2 400 4
a 3 89 5
a 4 192 1
a 4 248 3
a 5 159 10
a 5 161 3
a 5 223 1
a 5 296 10
a 6 280 2
a 7 328 5
a 7 339 8
a 8 22 10
a 8 47 4
a 8 48 9
a 9 88 8
a 9 169 2
a 9 341 10
a 10 74 5
a 10 330 4
a 11 177 8
a 11 184 10
a 11 315 6
a 11 365 10
a 12 357 5
a 12 375 9
a 13 83 6
a 13 222 6
a 13 395 8
a 14 208 2
a 15 240 2
a 16 154 4
a 16 295 1
a 17 89 10
a 18 183 5
a 18 274 3
a 19 140 8
a 19 165 6
a 20 41 5
a 21 94 3
a 21 353 2
a 22 235 5
a 22 268 7
a 22 363 7
a 23 71 2
a 23 248 2
a 24 25 1
a 24 136 1
a 25 31 2
a 25 144 1
a 25 254 4
a 26 369 6
a 26 376 7
a 27 265 5
a 27 304 10
a 28 249 2
a 28 345 2
a 29 144 5
a 29 206 2
a 29 214 2
a 30 198 8
a 31 334 7
a 31 354 6
a 32 58 5
a 32 245 6
a 33 13 4
a 33 235 4
a 34 220 9
a 34 239 10
a 34 365 9
a 35 10 7
a 36 193 7
a 36 379 6
a 37 44 5
a 37 163 8
a 37 261 4
a 38 170 6
a 38 202 3
a 39 19 3
a 39 81 5
a 40 177 4
a 40 275 4
a 41 81 6
a 41 178 5
a 42 303 6
a 42 391 2
a 43 87 8
a 43 100 10
a 43 396 6
a 44 247 3
a 45 29 3
a 46 368 3
a 47 28 4
a 48 29 5
a 48 231 4
a 48 309 3
a 49 225 10
a 50 359 9
a 51 117 2
a 51 222 7
a 52 22 7
a 53 191 2
a 53 213 3
a 53 229 1
a 54 7 4
a 54 153 4
a 55 20 9
a 55 190 6
a 55 399 9
a 56 80 6
a 56 261 4
a 56 353 10
a 56 389 1
a 57 25 2
a 57 195 2
a 58 111 5
a 58 374 1
a 59 283 3
a 59 300 1
a 60 26 2
a 60 150 9
a 60 167 7
a 61 285 7
a 61 310 5
a 61 345 2
a 62 102 2
a 62 142 3
a 62 299 9
a 62 329 8
a 62 385 10
a 63 299 3
a 63 387 3
a 64 237 3
a 65 317 2
a 66 10 8
a 66 12 5
a 66 240 4
a 66 285 2
a 67 224 9
a 68 28 3
a 68 186 9
a 69 34 9
a 69 104 7
a 69 159 1
a 70 25 10
a 71 165 6
a 71 282 3
a 72 127 8
a 72 308 5
a 72 336 9
a 72 378 7
a 73 127 9
a 74 302 10
a 75 44 2
a 75 196 2
a 76 8 8
a 76 252 6
a 77 54 6
a 77 252 1
a 77 280 7
a 78 58 7
a 78 392 7
a 79 90 9
a 79 98 7
a 79 141 4
a 79 156 2
a 79 202 4
a 80 149 5
a 80 279 7
a 80 380 3
a 81 190 6
a 81 278 8
a 81 384 6
a 82 241 4
a 82 337 10
a 83 352 8
a 84 210 7
a 85 31 1
a 85 245 7
a 86 18 7
a 86 71 6
a 86 117 3
a 86 132 3
a 87 386 5
a 88 67 5
a 88 197 8
a 88 208 7
a 88 266 10
a 88 317 1
a 89 360 4
a 90 30 9
a 90 170 10
a 91 112 5
a 91 196 7
a 92 66 7
a 92 89 4
a 92 304 1
a 93 21 8
a 93 201 2
a 94 229 6
a 94 271 5
a 95 278 5
a 96 369 1
a 97 46 8
a 98 75 4
a 98 96 10
a 99 66 4
a 99 249 5
a 100 109 7
a 100 241 6
a 100 256 2
a 101 128 2
a 102 226 5
a 102 342 2
a 103 40 10
a 103 185 7
a 103 364 3
a 104 77 5
a 104 78 6
a 104 230 2
a 104 282 1
a 105 85 1
a 105 345 7
a 106 290 1
a 107 14 10
a 107 358 1
a 108 321 1
a 108 327 4
a 109 235 10
a 110 137 5
a 110 139 9
a 110 158 2
a 110 339 8
a 111 82 10
a 111 193 7
a 111 287 4
a 112 84 9
a 112 246 9
a 112 359 8
a 112 384 7
a 113 34 10
a 113 264 3
a 114 2 10
a 114 231 2
a 114 270 3
a 114 381 3
a 115 51 8
a 115 84 3
a 116 347 5
a 117 298 9
a 118 237 4
a 118 307 8
a 119 79 2
a 119 298 5
a 119 323 1
a 120 224 6
a 121 241 4
a 122 176 3
a 122 269 1
a 123 3 2
a 123 290 10
a 124 75 1
a 125 388 3
a 126 150 7
a 126 221 5
a 127 232 9
a 127 301 3
a 128 137 4
a 128 148 4
a 129 60 3
a 130 11 2
a 130 204 4
a 131 4 2
a 131 147 4
a 132 389 10
a 132 392 7
a 133 232 1
a 133 316 3
a 134 106 10
a 134 108 1
a 135 68 10
a 135 182 5
a 135 251 8
a 135 352 7
a 136 91 6
a 137 157 3
a 137 195 1
a 137 312 4
a 138 44 9
a 138 59 4
a 138 178 7
a 138 375 2
a 139 92 3
a 139 129 10
a 140 363 2
a 141 267 1
a 141 312 6
a 142 91 1
a 142 290 5
a 143 335 2
a 143 340 4
a 144 335 8
a 144 360 9
a 145 218 3
a 146 96 6
a 147 5 10
a 147 15 5
a 147 126 10
a 148 79 3
a 149 160 4
a 149 164 1
a 149 237 2
a 150 102 5
a 151 260 2
a 152 248 6
a 152 311 8
a 153 338 5
a 153 392 9
a 154 114 3
a 155 316 6
a 155 325 4
a 156 5 3
a 156 217 9
a 157 129 9
a 158 144 9
a 158 321 10
a 158 351 3
a 159 64 10
a 159 118 8
a 160 120 4
a 160 328 6
a 161 141 5
a 162 190 2
a 162 273 2
a 163 73 7
a 164 198 10
a 164 252 8
a 165 38 9
a 165 235 9
a 166 165 4
a 166 243 3
a 167 45 3
a 167 113 8
a 167 116 3
a 167 267 5
a 167 269 10
a 168 208 7
a 168 356 8
a 169 355 7
a 170 11 10
a 170 73 8
a 170 87 7
a 170 115 3
a 170 371 9
a 171 114 1
a 171 364 7
a 172 26 1
a 173 103 1
a 174 106 2
a 174 332 8
a 175 28 4
a 176 27 5
a 176 128 5
a 176 179 9
a 177 81 7
a 177 123 8
a 177 285 9
a 178 52 3
a 179 241 9
a 179 280 5
a 180 150 4
a 180 227 1
a 181 143 4
a 182 81 10
a 183 47 8
a 184 62 7
a 184 213 10
a 184 226 9
a 184 305 3
a 184 306 5
a 185 137 8
a 185 255 4
a 185 288 8
a 186 390 5
a 186 397 1
a 187 111 1
a 187 381 9
a 188 276 8
a 188 383 9
a 189 144 5
a 190 147 3
a 190 375 2
a 191 155 4
a 192 360 8
a 193 121 5
a 193 329 10
a 194 28 4
a 194 43 1
a 194 101 3
a 194 296 8
a 195 123 3
a 195 253 3
a 196 39 2
a 196 294 5
a 196 363 5
a 197 72 2
a 197 121 7
a 197 277 10
a 197 329 4
a 198 53 7
a 198 256 6
a 198 289 8
a 199 50 10
a 199 165 2
a 200 33 8
a 200 362 6
a 201 86 4
a 201 180 4
a 201 182 3
a 202 336 4
a 203 145 6
a 204 193 4
a 204 380 8
a 205 38 3
a 205 354 4
a 205 388 4
a 206 16 10
a 206 64 6
a 206 350 3
a 207 199 3
a 208 381 1
a 209 168 5
a 210 34 2
a 210 225 2
a 210 258 10
a 210 388 4
a 211 105 2
a 211 241 6
a 211 263 9
a 212 234 1
a 213 183 4
a 213 339 6
a 213 349 1
a 214 76 3
a 215 77 1
a 216 134 3
a 216 201 8
a 216 224 9
a 216 286 7
a 217 221 4
a 217 362 3
a 218 289 1
a 219 191 6
a 219 318 2
a 220 160 3
a 221 201 8
a 222 18 10
a 222 390 2
a 223 166 7
a 223 303 10
a 223 331 10
a 224 259 6
a 224 385 1
a 225 297 6
a 226 72 10
a 226 262 8
a 227 31 8
a 228 108 1
a 228 380 9
a 229 15 1
a 229 18 9
a 229 164 1
a 229 316 8
a 230 190 9
a 230 276 6
a 230 351 5
a 231 159 3
a 231 238 3
a 232 74 9
a 233 22 7
a 233 95 8
a 233 275 1
a 234 279 2
a 235 194 10
a 236 65 5
a 236 212 2
a 236 227 9
a 237 20 9
a 238 255 9
a 239 205 7
a 240 256 2
a 241 224 1
a 242 209 6
a 243 189 4
a 243 368 4
a 244 52 8
a 244 260 7
a 245 176 9
a 246 90 7
a 247 46 6
a 248 242 8
a 248 339 3
a 249 157 1
a 249 220 2
a 249 250 2
a 250 316 1
a 250 347 10
a 250 348 8
a 251 372 7
a 251 387 9
a 252 246 9
a 253 15 4
a 254 24 7
a 254 369 3
a 255 54 1
a 255 188 7
a 256 156 2
a 256 207 4
a 257 61 3
a 258 63 10
a 258 115 4
a 259 36 6
a 259 57 7
a 259 280 6
a 260 214 2
a 260 228 4
a 260 383 7
a 261 174 5
a 261 220 10
a 262 269 7
a 263 287 9
a 264 172 5
a 264 290 5
a 265 150 4
a 265 399 4
a 266 130 4
a 267 318 9
a 268 67 9
a 268 88 8
a 269 99 10
a 269 193 8
a 269 314 2
a 270 224 6
a 271 61 8
a 271 179 9
a 272 260 4
a 272 292 10
a 273 96 8
a 273 177 1
a 273 346 6
a 274 217 9
a 275 110 6
a 275 211 3
a 276 235 10
a 277 85 2
a 277 171 4
a 277 205 8
a 278 78 1
a 279 74 10
a 280 36 2
a 281 194 9
a 281 249 5
a 281 300 2
a 282 23 5
a 282 96 8
a 282 343 10
a 283 304 1
a 284 133 3
a 284 236 1
a 284 297 7
a 285 29 6
a 285 46 7
a 285 93 7
a 285 342 8
a 286 6 1
a 286 209 5
a 286 330 10
a 287 14 4
a 288 98 7
a 289 107 4
a 289 370 4
a 290 76 6
a 290 89 7
a 290 154 7
a 291 130 2
a 291 135 9
a 292 88 5
a 292 173 6
a 292 216 2
a 292 234 8
a 292 361 3
a 293 309 4
a 294 41 7
a 294 55 7
a 295 122 5
a 295 283 2
a 296 210 6
a 296 244 4
a 297 52 8
a 297 146 3
a 297 254 5
a 297 344 9
a 298 383 1
a 299 181 8
a 299 264 9
a 300 133 1
a 300 242 4
a 301 307 3
a 302 48 1
a 302 303 7
a 303 134 7
a 303 289 7
a 304 168 7
a 304 371 9
a 305 377 6
a 306 316 9
a 307 291 1
a 307 295 5
a 307 322 7
a 308 247 2
a 308 330 8
a 309 87 8
a 309 152 1
a 310 5 4
a 310 9 1
a 310 40 7
a 310 313 10
a 311 365 8
a 312 7 5
a 312 218 10
a 313 24 3
a 313 330 10
a 314 139 7
a 314 162 10
a 314 231 2
a 315 171 3
a 316 399 4
a 317 32 9
a 317 285 9
a 317 368 7
a 318 342 1
a 319 59 6
a 320 110 4
a 320 294 2
a 321 175 4
a 321 350 6
a 322 269 2
a 322 284 9
a 322 376 1
a 323 152 7
a 324 316 2
a 325 42 5
a 325 232 3
a 326 320 9
a 327 345 3
a 328 195 1
a 329 299 9
a 330 255 5
a 331 56 10
a 331 105 3
a 331 155 4
a 331 198 10
a 332 162 8
a 333 217 4
a 333 302 8
a 334 64 10
a 334 333 5
a 335 247 8
a 336 232 7
a 337 21 9
a 337 103 5
a 338 384 7
a 339 22 4
a 340 27 5
a 340 125 2
a 340 145 10
a 340 211 5
a 341 141 8
a 341 166 9
a 341 204 2
a 342 22 2
a 342 257 5
a 343 135 9
a 343 174 2
a 344 124 7
a 344 214 6
a 344 393 1
a 345 137 9
a 345 326 8
a 346 121 3
a 346 293 8
a 347 356 4
a 348 362 2
a 349 35 4
a 349 362 10
a 350 252 10
a 351 88 1
a 351 200 9
a 351 366 10
a 351 377 8
a 352 222 9
a 353 264 2
a 353 394 1
a 354 331 1
a 355 101 9
a 355 199 5
a 355 230 10
a 355 272 9
a 356 97 5
a 356 187 8
a 356 399 4
a 357 131 3
a 357 143 5
a 357 373 6
a 358 366 1
a 359 99 3
a 359 138 1
a 359 367 9
a 360 114 5
a 361 261 8
a 361 345 7
a 362 231 9
a 363 69 1
a 363 192 3
a 363 308 10
a 364 321 8
a 365 17 10
a 365 377 9
a 366 37 4
a 366 43 5
a 366 82 6
a 366 282 1
a 367 281 8
a 367 300 6
a 368 60 1
a 368 180 4
a 368 219 7
a 368 363 7
a 369 251 3
a 370 107 3
a 370 215 4
a 370 324 7
a 370 348 5
a 371 120 6
a 372 104 5
a 373 200 4
a 373 324 10
a 374 328 5
a 374 387 7
a 375 70 3
a 375 159 9
a 375 319 5
a 376 359 7
a 377 119 3
a 377 270 3
a 378 51 9
a 379 122 8
a 379 151 3
a 379 320 5
a 379 358 6
a 380 91 1
a 380 131 4
a 381 55 3
a 381 124 1
a 382 11 6
a 382 32 5
a 382 49 2
a 383 72 10
a 384 250 8
a 385 133 3
a 385 203 5
a 386 183 10
a 386 210 9
a 387 215 7
a 387 272 10
a 388 51 4
a 389 160 2
a 390 2 6
a 390 355 6
a 391 129 2
a 391 400 3
a 392 138 2
a 393 131 2
a 393 218 5
a 393 369 1
a 394 169 6
a 395 129 7
a 395 167 1
a 396 133 9
a 397 278 10
a 397 371 2
a 397 382 7
a 398 8 3
a 398 175 2
a 398 233 9
a 399 177 9
a 399 360 10
a 399 398 2
