p max 400 800
n 1 s
n 400 t
a 1 59 10
a 1 140 8
a 2 202 3
a 2 327 10
a 3 143 4
a 3 295 3
a 4 400 10
a 5 354 5
a 6 250 9
a 6 254 9
a 6 256 5
a 7 370 4
a 8 55 8
a 8 271 8
a 8 360 10
a 9 229 5
a 10 7 10
a 11 342 9
a 12 282 8
a 13 88 3
a 14 47 8
a 14 210 1
a 14 282 6
a 14 395 3
a 15 301 2
a 15 347 1
a 15 361 10
a 16 2 6
a 16 193 7
a 16 241 10
a 16 285 9
a 17 41 1
a 17 137 1
a 17 157 8
a 18 59 4
a 18 312 7
a 19 263 8
a 20 98 1
a 20 167 10
a 20 312 10
a 21 210 5
a 21 246 7
a 21 384 7
a 22 13 10
a 22 132 2
a 22 230 5
a 22 249 8
a 23 10 3
a 23 69 6
a 23 156 5
a 24 311 3
a 25 28 4
a 25 201 3
a 26 30 7
a 27 69 10
a 28 328 6
a 28 367 8
a 29 13 8
a 30 6 5
a 31 56 3
a 32 24 9
a 32 153 1
a 33 326 7
a 34 290 9
a 34 362 5
a 35 104 8
a 36 50 9
a 37 139 3
a 37 188 1
a 37 232 5
a 37 261 2
a 38 171 5
a 39 98 3
a 39 202 7
a 40 62 1
a 40 107 9
a 40 276 1
a 40 310 5
a 41 77 6
a 41 191 9
a 42 271 5
a 42 277 4
a 43 4 10
a 44 315 2
a 45 105 7
a 46 145 9
a 47 72 2
a 47 291 3
a 47 294 6
a 47 343 2
a 48 286 10
a 48 303 2
a 48 310 3
a 49 140 8
a 49 276 4
a 50 49 1
a 50 256 4
a 51 198 10
a 51 389 5
a 52 13 4
a 53 105 3
a 53 108 4
a 54 104 4
a 54 160 5
a 54 386 1
a 55 210 4
a 55 333 2
a 56 118 8
a 57 44 1
a 57 101 10
a 57 242 4
a 58 5 4
a 58 36 3
a 58 209 1
a 58 374 10
a 58 399 10
a 59 234 6
a 60 12 4
a 60 307 6
a 60 321 9
a 61 173 2
a 61 190 2
a 61 292 3
a 61 358 6
a 62 236 7
a 63 43 2
a 63 155 3
a 63 161 2
a 64 44 4
a 65 58 10
a 65 134 2
a 65 275 3
a 66 42 5
a 66 151 6
a 66 339 2
a 67 247 4
a 67 319 4
a 68 204 6
a 68 345 6
a 68 358 4
a 69 322 4
a 70 92 8
a 71 10 8
a 71 95 9
a 71 174 3
a 72 253 9
a 72 366 5
a 73 129 6
a 73 255 10
a 73 280 8
a 74 302 8
a 75 82 2
a 75 115 5
a 76 274 8
a 77 386 9
a 78 180 10
a 78 254 6
a 78 324 4
a 79 139 4
a 80 273 7
a 80 376 10
a 81 54 7
a 81 152 7
a 82 134 2
a 82 191 5
a 82 294 4
a 83 109 9
a 83 150 6
a 83 257 5
a 83 278 9
a 84 66 8
a 84 165 3
a 84 391 10
a 85 9 8
a 85 203 5
a 85 342 9
a 86 201 3
a 86 263 8
a 87 139 1
a 88 218 4
a 88 325 2
a 89 182 2
a 89 377 7
a 89 400 4
a 90 132 9
a 91 204 4
a 91 222 10
a 92 30 9
a 92 41 6
a 93 193 4
a 94 206 9
a 94 207 5
a 94 388 10
a 95 360 6
a 96 82 5
a 96 317 7
a 97 37 8
a 97 167 3
a 97 350 8
a 98 6 5
a 98 22 4
a 98 256 5
a 98 365 1
a 98 385 10
a 98 396 10
a 99 115 7
a 99 176 10
a 99 300 5
a 99 396 3
a 100 10 7
a 100 123 4
a 100 249 6
a 101 170 10
a 101 215 1
a 102 85 9
a 102 335 1
a 103 388 5
a 104 44 5
a 104 175 10
a 105 399 3
a 106 163 4
a 106 392 7
a 107 23 2
a 107 326 5
a 108 197 8
a 108 291 6
a 108 302 3
a 108 344 9
a 109 39 8
a 109 215 9
a 109 376 3
a 110 112 8
a 110 353 10
a 111 122 4
a 112 91 2
a 112 346 10
a 113 106 1
a 114 248 9
a 114 326 2
a 115 159 4
a 115 226 6
a 116 55 9
a 116 75 7
a 116 198 9
a 117 33 9
a 118 128 2
a 118 152 6
a 119 25 9
a 119 74 3
a 119 100 8
a 120 224 7
a 120 358 1
a 121 290 7
a 121 356 6
a 122 326 7
a 122 334 9
a 123 18 8
a 123 243 6
a 124 148 3
a 124 289 9
a 124 341 5
a 125 279 5
a 125 296 10
a 126 229 10
a 126 321 6
a 126 352 2
a 127 156 7
a 128 82 1
a 128 237 9
a 129 53 3
a 130 29 7
a 130 186 7
a 130 225 9
a 130 392 1
a 131 257 4
a 132 216 6
a 132 387 5
a 133 38 4
a 133 102 1
a 134 113 7
a 134 228 3
a 135 305 10
a 136 223 3
a 136 244 9
a 137 391 9
a 138 23 8
a 138 116 10
a 138 205 6
a 139 26 9
a 139 216 3
a 140 126 8
a 141 67 3
a 141 285 6
a 142 118 3
a 142 152 5
a 143 208 1
a 143 236 7
a 144 115 5
a 144 357 10
a 145 250 4
a 145 336 9
a 146 156 9
a 146 323 1
a 147 278 1
a 148 155 6
a 149 19 3
a 150 214 3
a 151 103 2
a 151 109 10
a 151 181 1
a 151 396 2
a 152 3 2
a 152 171 1
a 152 208 8
a 153 140 6
a 153 180 7
a 154 59 6
a 154 383 4
a 155 227 7
a 155 249 5
a 156 214 9
a 156 351 1
a 157 392 9
a 158 72 2
a 158 370 6
a 159 378 1
a 160 34 1
a 160 149 8
a 161 10 2
a 162 243 5
a 163 236 7
a 164 175 10
a 164 184 2
a 164 237 10
a 165 81 5
a 165 190 5
a 165 353 6
a 166 272 4
a 167 283 1
a 168 288 6
a 169 9 7
a 169 200 8
a 170 61 10
a 171 50 5
a 171 238 5
a 171 268 10
a 171 298 2
a 171 369 8
a 172 199 6
a 172 314 2
a 173 228 1
a 173 266 3
a 173 311 5
a 174 365 9
a 174 369 1
a 175 111 10
a 175 178 1
a 175 332 3
a 176 252 1
a 176 274 4
a 177 19 10
a 177 54 6
a 177 217 2
a 177 340 1
a 178 112 9
a 178 138 10
a 179 35 1
a 179 214 1
a 179 354 2
a 180 72 7
a 181 3 2
a 182 25 2
a 183 320 3
a 184 75 10
a 184 83 2
a 185 55 7
a 185 192 3
a 186 35 4
a 186 46 8
a 187 86 1
a 187 114 4
a 187 155 4
a 187 313 3
a 187 358 2
a 188 43 3
a 189 153 5
a 190 271 1
a 190 397 4
a 191 301 8
a 192 58 2
a 192 204 7
a 192 293 1
a 192 331 8
a 193 127 10
a 193 343 7
a 194 79 2
a 194 125 7
a 195 295 9
a 196 17 10
a 197 170 10
a 197 176 5
a 198 30 4
a 198 368 8
a 199 15 6
a 199 144 1
a 199 279 7
a 200 47 2
a 200 140 6
a 201 126 10
a 202 282 3
a 203 79 3
a 203 189 3
a 204 45 10
a 204 135 9
a 204 253 7
a 205 162 1
a 206 179 1
a 206 304 7
a 206 322 9
a 207 157 1
a 207 283 8
a 208 78 5
a 208 140 10
a 208 374 3
a 209 14 9
a 210 110 4
a 210 113 2
a 211 6 10
a 211 316 2
a 212 94 3
a 212 308 2
a 212 375 2
a 213 71 3
a 213 227 2
a 214 265 7
a 214 358 5
a 215 97 4
a 216 20 5
a 216 230 8
a 216 348 9
a 217 47 2
a 217 52 3
a 217 359 8
a 218 306 5
a 218 312 9
a 219 21 10
a 220 214 9
a 220 400 6
a 221 63 4
a 221 229 3
a 222 31 9
a 222 169 3
a 222 203 10
a 222 319 8
a 223 181 10
a 223 380 1
a 224 227 4
a 225 214 7
a 226 96 9
a 226 288 9
a 226 297 1
a 227 149 3
a 227 400 6
a 228 224 4
a 229 287 5
a 230 54 1
a 230 97 7
a 230 146 3
a 230 264 1
a 231 93 1
a 231 163 7
a 231 284 4
a 232 294 1
a 233 176 8
a 234 166 4
a 234 383 3
a 235 124 2
a 236 14 2
a 236 83 2
a 237 162 4
a 237 347 8
a 238 222 8
a 239 11 6
a 239 77 6
a 239 136 7
a 240 318 6
a 241 227 6
a 242 145 3
a 242 359 6
a 243 256 8
a 244 68 6
a 244 147 9
a 245 221 5
a 246 38 6
a 246 172 3
a 246 219 5
a 247 106 10
a 248 62 9
a 248 206 8
a 249 79 5
a 249 197 8
a 249 381 6
a 250 32 2
a 250 117 8
a 250 363 4
a 251 7 3
a 251 211 3
a 252 19 5
a 252 90 5
a 252 208 10
a 253 177 8
a 253 187 7
a 253 296 5
a 254 106 2
a 254 131 8
a 254 387 7
a 255 56 6
a 255 262 6
a 255 270 8
a 255 314 4
a 256 7 8
a 256 17 7
a 256 56 3
a 257 269 1
a 258 200 9
a 259 164 9
a 259 314 2
a 260 164 7
a 260 272 8
a 261 140 1
a 262 5 9
a 262 85 9
a 262 196 9
a 262 294 9
a 263 16 7
a 264 21 8
a 264 225 9
a 264 341 10
a 265 126 1
a 265 229 7
a 265 295 6
a 265 305 3
a 266 121 5
a 266 288 10
a 267 88 1
a 267 221 2
a 267 260 7
a 268 28 10
a 268 234 3
a 269 200 5
a 270 45 1
a 271 311 8
a 272 89 8
a 272 261 10
a 273 128 9
a 273 368 3
a 274 23 7
a 274 366 2
a 274 378 4
a 274 390 1
a 275 176 3
a 276 44 4
a 277 138 6
a 278 157 10
a 278 194 4
a 279 221 2
a 280 149 9
a 281 259 8
a 281 302 1
a 282 33 1
a 282 40 5
a 282 124 8
a 283 53 2
a 283 190 7
a 283 230 8
a 284 84 5
a 284 88 3
a 284 245 3
a 284 398 7
a 285 192 3
a 285 377 3
a 286 129 6
a 286 148 3
a 286 235 3
a 287 22 4
a 287 64 1
a 287 239 3
a 288 368 7
a 288 371 1
a 289 66 2
a 289 339 10
a 290 183 8
a 290 215 2
a 290 216 8
a 291 282 7
a 291 309 8
a 291 394 8
a 292 80 4
a 292 198 3
a 293 223 10
a 294 40 7
a 295 220 3
a 295 266 7
a 295 281 9
a 295 299 1
a 295 346 6
a 296 293 4
a 297 50 3
a 298 113 8
a 299 256 3
a 300 124 7
a 300 130 8
a 301 94 8
a 301 356 3
a 302 24 10
a 302 289 3
a 302 332 6
a 302 373 7
a 303 73 10
a 303 240 3
a 303 315 1
a 303 369 9
a 303 372 3
a 304 113 10
a 304 158 9
a 305 195 6
a 305 271 8
a 306 42 6
a 307 263 3
a 308 27 3
a 308 59 2
a 309 217 8
a 310 183 6
a 310 247 1
a 310 393 10
a 311 119 8
a 311 242 4
a 312 382 9
a 313 195 1
a 313 212 7
a 314 70 8
a 314 338 9
a 315 39 2
a 316 243 3
a 316 397 7
a 317 197 7
a 317 234 4
a 317 259 10
a 318 34 1
a 318 107 5
a 319 373 3
a 320 145 8
a 321 168 5
a 321 276 2
a 321 330 10
a 322 8 6
a 322 379 10
a 323 105 2
a 323 215 2
a 324 260 10
a 325 48 2
a 325 65 2
a 325 133 7
a 325 328 8
a 326 42 7
a 326 82 9
a 326 251 10
a 327 302 9
a 327 356 2
a 328 8 6
a 329 51 8
a 329 139 9
a 330 92 3
a 330 296 9
a 331 258 5
a 332 351 5
a 333 287 6
a 333 308 5
a 334 382 8
a 335 337 6
a 335 381 8
a 336 70 3
a 336 148 2
a 336 258 1
a 337 76 2
a 337 175 8
a 338 326 5
a 339 171 1
a 339 213 2
a 340 74 5
a 340 124 4
a 341 167 3
a 342 270 10
a 343 390 2
a 344 267 9
a 344 354 9
a 345 361 8
a 345 372 7
a 346 25 1
a 347 142 6
a 347 214 6
a 348 40 3
a 349 102 5
a 349 270 2
a 350 56 1
a 351 73 10
a 352 382 4
a 353 5 10
a 353 120 5
a 354 164 1
a 354 264 4
a 355 320 2
a 355 397 6
a 356 37 3
a 356 347 8
a 357 230 4
a 357 241 9
a 358 178 4
a 358 233 1
a 358 318 6
a 359 327 10
a 360 211 7
a 361 233 2
a 362 122 1
a 362 337 3
a 363 223 7
a 363 273 2
a 364 295 10
a 365 159 5
a 365 249 7
a 366 90 10
a 366 179 9
a 367 366 3
a 368 70 6
a 368 398 2
a 369 126 3
a 370 16 1
a 370 364 1
a 371 4 2
a 371 99 1
a 371 298 9
a 372 231 9
a 372 269 8
a 372 341 4
a 373 45 4
a 373 265 8
a 373 386 6
a 374 70 1
a 374 193 2
a 375 25 8
a 375 33 3
a 376 48 9
a 376 121 5
a 376 155 3
a 376 382 10
a 377 57 1
a 377 369 6
a 378 38 9
a 378 197 1
a 379 29 8
a 379 364 9
a 380 252 4
a 380 280 9
a 381 61 4
a 381 80 5
a 381 355 6
a 382 141 8
a 382 168 4
a 383 129 2
a 384 154 5
a 384 155 4
a 385 88 10
a 386 27 6
a 387 21 5
a 387 87 3
a 388 351 8
a 388 352 2
a 389 106 5
a 390 218 10
a 391 257 6
a 392 185 4
a 392 350 10
a 393 93 10
a 393 349 8
a 394 24 4
a 394 75 10
a 394 325 6
a 395 89 3
a 395 147 2
a 395 187 2
a 395 299 2
a 396 176 6
a 396 239 9
a 396 329 5
a 396 379 6
a 397 60 9
a 397 117 10
a 397 240 1
a 398 338 3
a 399 172 5
