p max 400 800
n 1 s
n 400 t
a 1 86 8
a 1 337 9
a 2 239 7
a 2 280 9
a 2 304 6
a 2 326 7
a 3 259 10
a 3 320 6
a 4 231 5
a 5 19 2
a 5 104 8
a 6 5 1
a 6 20 2
a 6 245 1
a 6 345 7
a 7 25 7
a 8 69 9
a 8 159 2
a 8 174 6
a 9 41 5
a 9 129 8
a 10 188 2
a 11 39 6
a 11 209 3
a 12 276 10
a 13 5 4
a 14 130 4
a 14 198 3
a 14 311 5
a 15 74 1
a 15 109 3
a 16 2 6
a 16 231 1
a 16 386 9
a 17 181 4
a 18 243 1
a 19 48 8
a 20 97 6
a 20 128 10
a 21 76 3
a 22 343 7
a 22 353 9
a 23 166 2
a 23 294 6
a 24 305 8
a 25 32 3
a 26 191 3
a 26 362 6
a 26 374 6
a 27 297 7
a 27 345 1
a 28 17 8
a 28 37 4
a 29 71 9
a 30 246 7
a 30 272 5
a 31 12 4
a 31 15 1
a 31 319 5
a 32 91 2
a 32 93 10
a 32 262 3
a 33 46 2
a 33 173 1
a 33 217 9
a 34 83 8
a 34 369 3
a 35 38 2
a 35 62 4
a 36 69 3
a 36 296 6
a 37 47 9
a 37 224 10
a 38 394 9
a 39 251 9
a 40 26 10
a 40 82 5
a 41 29 3
a 41 236 8
a 41 260 4
a 42 59 10
a 42 359 1
a 43 47 10
a 44 64 5
a 44 396 5
a 45 87 3
a 46 136 6
a 46 334 3
a 47 35 8
a 48 200 9
a 49 27 9
a 49 73 1
a 49 194 2
a 50 107 9
a 51 143 1
a 52 258 10
a 53 215 4
a 53 230 9
a 53 235 4
a 54 10 10
a 54 162 6
a 54 291 8
a 54 398 7
a 55 13 3
a 55 66 1
a 56 285 3
a 57 271 3
a 57 317 9
a 58 346 3
a 58 357 6
a 59 86 4
a 59 208 6
a 60 211 3
a 60 354 6
a 61 277 8
a 62 189 1
a 62 219 9
a 62 254 4
a 63 93 5
a 63 133 5
a 63 326 8
a 63 327 10
a 64 39 3
a 64 58 1
a 64 191 8
a 64 368 2
a 65 40 1
a 65 132 1
a 65 180 2
a 66 289 6
a 66 296 8
a 67 248 4
a 68 40 6
a 69 47 3
a 69 380 10
a 70 27 10
a 70 151 8
a 70 283 7
a 71 224 2
a 71 391 3
a 72 164 10
a 73 224 6
a 74 227 9
a 75 371 3
a 76 249 8
a 77 2 8
a 78 81 6
a 79 184 9
a 80 235 1
a 81 361 3
a 82 189 9
a 83 221 10
a 84 24 10
a 84 270 4
a 85 54 3
a 85 64 4
a 85 96 6
a 85 391 7
a 86 64 10
a 87 236 10
a 87 380 2
a 88 227 5
a 89 145 7
a 89 165 4
a 90 107 8
a 90 124 6
a 91 374 7
a 92 222 9
a 92 337 3
a 93 215 10
a 93 250 2
a 93 365 1
a 94 297 9
a 95 47 6
a 95 278 9
a 96 30 2
a 96 52 3
a 97 258 4
a 97 293 8
a 98 34 3
a 98 74 2
a 98 336 8
a 99 139 1
a 99 141 10
a 99 309 6
a 100 151 6
a 100 290 10
a 101 60 10
a 101 90 3
a 101 348 3
a 102 290 7
a 102 334 7
a 103 29 7
a 103 78 10
a 104 318 9
a 105 64 8
a 105 122 6
a 106 91 9
a 106 355 4
a 107 224 8
a 107 349 2
a 108 43 3
a 109 166 3
a 110 137 6
a 110 188 9
a 111 71 10
a 111 94 8
a 112 99 7
a 112 155 7
a 113 61 10
a 113 62 9
a 113 97 5
a 114 137 7
a 115 100 5
a 115 124 9
a 116 272 9
a 117 99 7
a 117 167 7
a 117 381 7
a 118 368 8
a 119 360 2
a 120 62 9
a 120 350 8
a 121 13 3
a 121 82 9
a 121 195 4
a 122 137 3
a 122 297 4
a 122 301 7
a 122 344 2
a 123 63 4
a 123 107 8
a 123 116 3
a 124 295 9
a 124 303 7
a 125 95 6
a 126 16 1
a 126 134 5
a 126 210 2
a 126 219 1
a 126 225 9
a 126 394 6
a 127 328 4
a 128 38 10
a 129 42 5
a 129 266 5
a 130 84 3
a 130 221 1
a 131 75 6
a 132 126 1
a 133 68 2
a 133 160 6
a 133 328 9
a 134 98 9
a 134 284 3
a 134 353 9
a 135 150 4
a 136 89 1
a 136 286 9
a 137 178 4
a 138 3 9
a 138 140 1
a 138 238 2
a 138 285 3
a 139 207 7
a 139 352 4
a 140 116 6
a 140 346 2
a 141 153 3
a 141 198 4
a 142 102 9
a 142 110 4
a 142 178 1
a 142 302 6
a 143 64 7
a 143 94 2
a 143 111 6
a 143 184 8
a 144 169 8
a 144 172 4
a 144 370 9
a 145 198 10
a 145 296 10
a 145 332 8
a 146 319 7
a 146 367 1
a 147 378 6
a 148 8 4
a 148 92 8
a 148 140 6
a 148 309 8
a 148 335 3
a 149 172 3
a 150 261 2
a 150 353 3
a 150 356 7
a 151 163 1
a 151 342 10
a 151 356 2
a 152 345 2
a 153 39 5
a 153 53 2
a 153 300 4
a 154 156 7
a 154 301 5
a 155 5 1
a 156 33 8
a 157 254 1
a 158 36 4
a 158 323 9
a 159 319 8
a 160 366 8
a 161 14 7
a 161 68 6
a 162 22 6
a 163 176 1
a 163 236 6
a 163 249 7
a 163 281 2
a 163 373 6
a 164 62 9
a 164 214 10
a 165 136 1
a 166 244 6
a 167 22 3
a 167 180 2
a 168 111 6
a 168 385 8
a 169 207 6
a 169 324 1
a 169 377 2
a 170 149 2
a 170 177 8
a 171 19 4
a 171 37 8
a 171 354 10
a 172 31 10
a 172 125 8
a 173 279 1
a 174 28 9
a 174 72 2
a 174 251 6
a 175 187 9
a 175 318 3
a 176 157 1
a 176 216 7
a 177 106 10
a 177 125 5
a 177 154 2
a 177 316 5
a 178 212 3
a 179 243 2
a 179 367 3
a 179 395 1
a 180 234 6
a 181 101 2
a 181 110 10
a 181 330 9
a 182 52 10
a 183 180 5
a 184 55 1
a 184 129 5
a 184 147 6
a 185 223 4
a 185 255 6
a 185 323 3
a 185 390 6
a 186 95 5
a 186 117 3
a 186 146 8
a 186 295 7
a 187 138 2
a 187 154 4
a 188 354 3
a 189 103 3
a 189 268 3
a 190 89 10
a 190 362 6
a 191 179 9
a 191 183 3
a 191 200 9
a 192 22 2
a 192 121 6
a 193 114 3
a 193 129 1
a 193 191 10
a 193 212 2
a 194 82 4
a 195 70 4
a 195 168 4
a 195 259 10
a 195 392 6
a 195 399 4
a 196 190 3
a 196 245 3
a 197 272 6
a 197 276 6
a 197 299 8
a 197 400 9
a 198 184 10
a 199 12 8
a 199 256 1
a 199 307 1
a 199 336 4
a 200 130 3
a 200 213 2
a 201 275 7
a 201 284 7
a 201 339 7
a 202 26 6
a 203 369 4
a 204 123 2
a 205 97 4
a 206 17 7
a 206 172 2
a 206 215 4
a 207 145 1
a 208 48 10
a 209 342 10
a 210 196 3
a 210 270 1
a 210 342 10
a 211 399 9
a 212 65 10
a 212 330 7
a 213 16 3
a 213 363 5
a 214 191 8
a 214 217 7
a 214 397 4
a 215 363 4
a 216 50 9
a 216 377 10
a 217 282 9
a 218 131 9
a 218 341 3
a 219 216 3
a 219 310 5
a 220 62 7
a 220 345 8
a 220 376 2
a 221 2 1
a 221 218 9
a 222 130 10
a 223 391 9
a 224 391 8
a 225 189 2
a 225 291 5
a 226 336 8
a 227 133 9
a 227 335 10
a 228 127 10
a 228 285 8
a 229 96 9
a 229 233 4
a 230 237 3
a 230 355 2
a 231 287 4
a 231 333 5
a 232 134 10
a 232 161 7
a 233 8 9
a 233 40 7
a 234 148 7
a 234 227 9
a 234 263 2
a 235 108 8
a 236 128 8
a 237 150 9
a 237 336 10
a 238 118 10
a 238 294 10
a 239 185 4
a 239 199 9
a 239 232 6
a 240 278 2
a 241 97 8
a 242 103 8
a 243 115 8
a 243 212 2
a 244 51 8
a 244 263 1
a 245 57 1
a 245 152 5
a 246 253 10
a 246 396 7
a 247 129 1
a 248 331 6
a 249 302 4
a 250 340 3
a 251 96 9
a 251 158 1
a 251 220 8
a 252 195 8
a 253 323 1
a 254 23 3
a 254 87 10
a 254 167 1
a 254 171 8
a 254 267 8
a 254 271 3
a 254 298 6
a 255 84 2
a 255 246 9
a 256 119 4
a 257 63 8
a 257 183 3
a 258 117 9
a 258 347 2
a 259 88 6
a 259 112 4
a 259 204 2
a 260 173 10
a 261 4 9
a 261 222 9
a 262 14 3
a 263 309 7
a 264 192 4
a 265 3 8
a 265 228 6
a 265 242 7
a 265 302 3
a 265 352 8
a 266 65 2
a 266 318 6
a 267 15 4
a 267 269 1
a 268 67 8
a 268 88 4
a 268 170 2
a 268 363 5
a 269 98 6
a 270 392 5
a 271 296 2
a 272 75 4
a 272 186 3
a 272 192 6
a 273 308 7
a 274 216 6
a 274 383 1
a 275 73 8
a 276 126 3
a 276 265 8
a 276 306 4
a 276 338 10
a 276 366 4
a 277 33 9
a 277 375 10
a 278 300 4
a 278 346 2
a 279 311 3
a 280 376 2
a 281 227 1
a 281 315 3
a 282 2 9
a 282 54 5
a 283 257 2
a 284 35 5
a 284 77 6
a 284 131 8
a 285 334 5
a 286 346 7
a 286 351 9
a 287 164 7
a 287 229 10
a 287 387 9
a 288 82 5
a 289 9 5
a 289 270 7
a 289 348 7
a 289 360 2
a 290 175 2
a 291 37 9
a 291 308 7
a 292 61 3
a 293 182 10
a 293 201 3
a 293 320 6
a 294 78 2
a 294 240 2
a 295 11 6
a 295 259 6
a 295 288 10
a 295 292 1
a 296 263 10
a 296 321 1
a 297 244 8
a 297 379 1
a 298 32 10
a 298 368 7
a 299 49 4
a 299 181 8
a 299 264 3
a 300 85 1
a 300 280 7
a 301 119 5
a 301 125 8
a 302 229 8
a 302 298 8
a 303 344 7
a 304 254 10
a 305 21 8
a 305 118 10
a 305 282 4
a 305 354 3
a 306 142 2
a 306 283 1
a 307 48 8
a 307 231 7
a 307 339 8
a 308 38 7
a 309 282 8
a 309 376 8
a 310 160 7
a 310 384 1
a 311 314 10
a 311 378 7
a 311 390 2
a 311 400 10
a 312 47 4
a 312 56 4
a 313 312 10
a 314 25 6
a 314 27 8
a 315 11 6
a 315 182 10
a 316 76 7
a 316 127 4
a 317 145 9
a 317 340 9
a 317 397 9
a 318 333 4
a 319 64 5
a 320 170 9
a 321 103 1
a 321 130 2
a 322 171 4
a 322 329 10
a 323 330 6
a 324 28 5
a 324 47 9
a 325 283 3
a 325 332 8
a 326 286 4
a 327 197 5
a 327 258 5
a 327 376 1
a 328 253 2
a 328 388 2
a 329 265 5
a 330 196 6
a 330 312 8
a 330 387 10
a 331 231 9
a 332 388 2
a 333 400 4
a 334 39 1
a 334 126 8
a 335 57 1
a 335 388 8
a 336 206 6
a 337 113 5
a 337 120 6
a 337 313 5
a 338 148 8
a 339 310 8
a 340 194 3
a 341 277 8
a 341 316 3
a 342 28 8
a 343 337 10
a 344 162 10
a 344 333 3
a 345 82 8
a 346 261 8
a 347 83 8
a 347 105 10
a 347 177 5
a 347 331 1
a 348 18 2
a 348 42 5
a 348 96 5
a 349 93 3
a 350 6 4
a 350 134 5
a 351 191 1
a 352 337 10
a 353 296 2
a 354 41 4
a 355 259 9
a 355 389 2
a 356 79 6
a 356 137 9
a 357 44 2
a 357 205 5
a 357 358 2
a 357 383 8
a 358 68 4
a 359 138 8
a 359 319 2
a 360 125 1
a 360 226 8
a 361 45 5
a 361 202 7
a 361 386 2
a 362 38 1
a 362 326 3
a 363 53 8
a 364 39 9
a 365 10 7
a 365 140 10
a 366 219 5
a 367 120 2
a 367 181 1
a 367 247 9
a 367 279 8
a 367 371 2
a 368 293 7
a 368 322 2
a 369 167 2
a 369 216 6
a 369 274 1
a 369 361 1
a 369 372 2
a 370 15 7
a 370 234 7
a 371 328 1
a 372 80 1
a 372 135 4
a 372 323 10
a 372 325 10
a 373 75 9
a 373 153 8
a 373 199 6
a 374 151 8
a 374 206 5
a 374 306 7
a 374 393 3
a 375 121 10
a 375 193 10
a 375 364 2
a 376 267 1
a 377 386 3
a 378 82 6
a 378 199 4
a 378 375 7
a 379 116 6
a 380 320 10
a 381 35 3
a 381 135 1
a 382 4 8
a 382 175 7
a 382 203 2
a 383 124 9
a 384 49 5
a 384 172 10
a 385 12 5
a 385 143 6
a 386 363 7
a 387 65 7
a 387 123 3
a 387 257 10
a 388 106 10
a 388 382 3
a 389 180 3
a 389 312 5
a 390 51 10
a 390 59 2
a 390 81 5
a 390 348 4
a 391 14 5
a 392 144 8
a 392 213 5
a 392 241 3
a 393 43 5
a 393 98 6
a 393 108 9
a 393 150 1
a 393 342 8
a 394 216 2
a 394 244 8
a 395 7 6
a 395 160 10
a 395 213 4
a 395 305 4
a 395 347 9
a 396 162 9
a 396 248 7
a 396 400 3
a 397 99 10
a 397 138 1
a 397 177 2
a 397 210 7
a 397 374 5
a 398 232 6
a 398 273 7
a 398 341 8
a 399 19 6
a 399 252 10
a 399 337 10
