p max 400 800
n 1 s
n 400 t
a 1 144 3
a 1 223 3
a 2 89 10
a 3 162 9
a 3 275 8
a 4 46 2
a 4 48 1
a 5 143 6
a 6 112 5
a 6 219 6
a 7 19 8
a 7 53 8
a 7 66 2
a 7 159 2
a 8 295 5
a 9 231 10
a 10 226 1
a 10 363 7
a 11 75 7
a 11 97 7
a 11 159 10
a 11 297 8
a 12 129 1
a 12 191 2
a 13 309 3
a 14 20 10
a 14 80 5
a 14 239 7
a 14 304 2
a 14 336 1
a 14 377 10
a 15 21 7
a 15 227 10
a 15 286 8
a 16 128 4
a 17 77 5
a 17 105 8
a 17 119 7
a 17 212 8
a 17 285 4
a 18 389 5
a 19 191 7
a 20 22 4
a 20 231 9
a 21 170 8
a 22 262 6
a 23 18 7
a 23 83 6
a 24 84 1
a 24 95 2
a 24 295 6
a 25 117 2
a 25 186 5
a 25 256 7
a 25 269 5
a 25 285 1
a 25 305 8
a 26 149 4
a 26 384 3
a 26 392 1
a 27 95 7
a 27 357 8
a 28 94 10
a 28 221 8
a 29 232 1
a 29 337 4
a 29 367 2
a 30 69 4
a 30 231 10
a 30 394 8
a 31 57 5
a 31 284 5
a 31 315 8
a 31 391 3
a 32 33 8
a 33 111 2
a 33 359 8
a 33 387 10
a 34 338 10
a 35 77 4
a 35 204 8
a 35 332 4
a 36 6 9
a 36 70 7
a 37 161 1
a 38 71 9
a 38 105 1
a 38 323 7
a 39 45 9
a 40 399 2
a 41 22 5
a 42 8 4
a 42 224 8
a 43 168 9
a 43 256 3
a 43 367 8
a 44 35 10
a 44 37 5
a 44 113 5
a 44 185 10
a 44 349 7
a 44 386 4
a 45 76 2
a 45 341 2
a 45 351 5
a 46 195 3
a 47 207 2
a 48 285 10
a 49 237 10
a 49 258 10
a 50 96 9
a 51 303 9
a 51 319 3
a 52 47 2
a 52 397 4
a 53 263 1
a 54 178 2
a 54 274 9
a 55 201 6
a 56 259 5
a 56 275 2
a 57 75 1
a 57 205 4
a 57 270 10
a 58 141 8
a 58 342 1
a 59 177 7
a 59 353 2
a 60 41 1
a 61 91 9
a 61 130 9
a 61 296 9
a 62 60 1
a 63 341 8
a 64 151 3
a 64 291 1
a 64 352 1
a 65 58 4
a 65 138 3
a 66 151 2
a 67 228 2
a 68 136 9
a 69 18 3
a 69 170 8
a 70 291 6
a 71 8 4
a 71 223 7
a 72 180 4
a 73 197 4
a 73 239 2
a 74 45 5
a 74 85 8
a 74 300 2
a 75 332 10
a 76 55 1
a 76 211 10
a 77 24 7
a 77 327 2
a 78 44 10
a 78 181 1
a 79 38 10
a 80 182 10
a 81 206 2
a 81 211 6
a 81 285 5
a 82 198 3
a 82 264 2
a 83 65 5
a 84 195 9
a 84 217 1
a 84 372 8
a 85 280 6
a 86 123 8
a 87 100 4
a 87 390 6
a 88 87 1
a 88 195 2
a 88 326 3
a 89 180 9
a 90 211 5
a 91 78 3
a 91 243 9
a 91 252 4
a 92 159 4
a 93 309 5
a 94 153 4
a 94 154 6
a 94 309 4
a 95 20 5
a 95 175 8
a 95 317 4
a 96 289 5
a 97 105 8
a 98 336 1
a 99 53 3
a 99 190 6
a 100 65 10
a 101 14 1
a 101 334 1
a 102 137 2
a 102 314 3
a 103 253 4
a 103 273 8
a 104 279 2
a 104 389 3
a 105 286 10
a 106 183 3
a 107 126 2
a 107 182 10
a 108 27 8
a 108 135 9
a 109 27 2
a 109 228 7
a 109 243 3
a 109 278 2
a 110 175 8
a 111 47 2
a 111 385 4
a 112 262 8
a 112 331 5
a 112 395 3
a 113 82 8
a 113 328 9
a 114 11 10
a 114 189 2
a 115 89 3
a 115 284 4
a 116 134 8
a 116 265 10
a 116 395 3
a 117 268 6
a 118 216 4
a 118 258 6
a 118 361 8
a 119 47 2
a 120 272 10
a 121 103 3
a 121 184 2
a 122 131 7
a 122 264 1
a 122 368 3
a 123 392 5
a 124 129 4
a 124 397 3
a 125 108 2
a 125 182 1
a 125 271 5
a 126 14 10
a 126 125 7
a 126 320 7
a 126 327 1
a 127 141 3
a 127 323 5
a 127 344 2
a 128 230 4
a 128 354 7
a 129 38 6
a 129 306 7
a 130 190 9
a 131 36 10
a 131 132 8
a 132 224 4
a 132 348 1
a 133 4 3
a 133 115 2
a 133 267 8
a 133 277 1
a 134 136 10
a 134 240 10
a 134 308 8
a 135 134 9
a 136 282 10
a 137 13 9
a 137 184 5
a 138 93 9
a 138 110 1
a 138 167 10
a 139 45 6
a 139 61 3
a 139 206 10
a 140 115 4
a 141 220 8
a 141 347 2
a 142 296 7
a 143 145 10
a 144 86 10
a 144 161 3
a 145 258 10
a 146 175 6
a 147 34 10
a 147 254 9
a 148 260 7
a 148 301 10
a 149 57 2
a 149 223 4
a 149 347 3
a 150 20 8
a 151 344 1
a 152 382 7
a 153 33 1
a 153 129 1
a 153 138 2
a 153 255 6
a 154 215 4
a 155 65 9
a 155 339 7
a 155 371 7
a 156 62 2
a 156 110 2
a 156 370 4
a 157 95 2
a 158 281 2
a 158 383 2
a 159 20 9
a 159 194 10
a 160 386 1
a 160 399 4
a 161 74 10
a 161 341 4
a 162 114 4
a 162 179 2
a 162 350 3
a 162 378 8
a 163 149 2
a 164 46 8
a 164 131 7
a 164 325 1
a 165 88 5
a 165 327 6
a 166 32 3
a 166 179 2
a 166 296 4
a 167 341 8
a 167 355 6
a 168 67 3
a 168 203 9
a 168 290 6
a 169 94 1
a 169 360 4
a 170 10 2
a 170 147 3
a 171 49 9
a 171 183 1
a 172 5 2
a 172 32 8
a 172 292 7
a 173 183 6
a 173 333 3
a 173 389 9
a 174 145 6
a 175 213 4
a 175 289 10
a 175 360 6
a 176 253 7
a 176 293 5
a 177 25 4
a 177 150 1
a 177 283 7
a 177 334 6
a 178 165 5
a 178 352 5
a 179 124 6
a 179 245 8
a 179 280 4
a 179 314 7
a 179 335 3
a 179 380 5
a 180 15 2
a 180 112 3
a 181 301 10
a 182 213 6
a 182 256 8
a 183 176 10
a 184 110 7
a 185 209 5
a 185 243 2
a 186 328 10
a 186 365 10
a 187 204 7
a 188 43 9
a 188 225 8
a 188 247 1
a 188 396 5
a 189 115 6
a 189 210 7
a 190 209 1
a 191 151 10
a 191 301 8
a 192 107 5
a 192 111 1
a 192 135 1
a 192 283 4
a 192 329 2
a 192 365 5
a 193 387 8
a 194 323 9
a 195 199 6
a 195 271 1
a 196 9 7
a 196 65 5
a 196 253 4
a 197 327 2
a 198 214 6
a 198 235 6
a 198 312 7
a 199 211 6
a 200 63 6
a 200 131 9
a 201 3 7
a 202 51 3
a 202 258 8
a 202 363 7
a 202 369 8
a 202 400 5
a 203 238 7
a 204 72 7
a 205 184 3
a 205 189 1
a 205 340 10
a 205 379 6
a 205 398 6
a 206 28 6
a 206 87 3
a 206 169 5
a 206 219 8
a 207 35 2
a 208 186 10
a 209 92 3
a 210 240 7
a 211 69 5
a 211 120 2
a 211 177 2
a 212 4 6
a 212 157 3
a 212 382 10
a 213 38 5
a 213 55 3
a 214 57 4
a 215 60 1
a 215 343 6
a 216 110 8
a 216 153 10
a 217 81 7
a 218 37 1
a 219 197 6
a 219 321 2
a 219 338 6
a 219 353 10
a 220 287 3
a 221 62 6
a 221 145 1
a 221 235 2
a 222 156 6
a 223 185 2
a 223 318 8
a 224 219 7
a 224 314 6
a 225 277 6
a 226 120 4
a 227 367 7
a 228 276 6
a 229 269 4
a 230 238 7
a 230 245 4
a 230 358 4
a 231 52 6
a 231 216 9
a 232 90 6
a 232 187 8
a 232 219 5
a 232 294 4
a 233 244 2
a 233 325 5
a 234 23 9
a 234 26 5
a 235 39 4
a 235 223 8
a 235 246 9
a 236 30 3
a 237 202 4
a 238 38 1
a 238 42 2
a 239 4 9
a 239 12 5
a 240 322 4
a 241 295 6
a 242 266 6
a 242 346 6
a 243 296 10
a 244 99 3
a 244 342 6
a 244 390 2
a 245 156 6
a 245 390 5
a 246 162 6
a 246 192 5
a 246 297 1
a 247 141 5
a 248 30 9
a 248 217 1
a 248 302 8
a 249 228 10
a 250 314 4
a 251 221 9
a 251 280 2
a 252 217 4
a 253 206 1
a 254 248 7
a 254 322 7
a 255 21 9
a 255 223 7
a 256 226 3
a 257 209 3
a 257 362 7
a 258 231 1
a 258 299 4
a 259 65 10
a 259 161 4
a 259 202 2
a 260 193 8
a 260 279 9
a 261 237 6
a 261 287 3
a 262 147 9
a 262 180 6
a 263 56 5
a 263 96 10
a 263 396 6
a 264 367 1
a 265 44 2
a 265 222 4
a 266 196 1
a 266 369 4
a 267 253 5
a 268 200 2
a 268 271 7
a 268 313 2
a 269 387 4
a 270 22 8
a 270 268 5
a 271 67 3
a 271 319 2
a 272 399 4
a 273 41 6
a 273 375 2
a 274 16 2
a 275 143 3
a 275 333 8
a 276 172 2
a 276 242 6
a 276 388 8
a 277 104 10
a 277 148 5
a 277 324 9
a 277 366 9
a 278 2 10
a 278 9 2
a 278 305 2
a 279 272 10
a 279 374 8
a 280 127 10
a 280 196 7
a 281 48 8
a 281 118 9
a 282 25 3
a 283 59 5
a 283 203 3
a 284 123 2
a 284 252 1
a 285 142 10
a 285 225 10
a 286 28 8
a 286 139 8
a 287 12 5
a 287 311 4
a 287 373 10
a 288 3 2
a 288 26 9
a 288 218 4
a 288 274 4
a 289 207 2
a 290 264 9
a 291 192 9
a 292 109 9
a 292 375 1
a 293 146 5
a 293 292 10
a 294 79 1
a 294 327 7
a 295 278 5
a 296 98 3
a 296 375 1
a 297 20 1
a 298 236 5
a 299 75 8
a 299 272 9
a 300 80 5
a 300 392 4
a 301 207 10
a 301 302 5
a 302 223 9
a 303 173 4
a 303 263 9
a 304 262 3
a 305 104 5
a 305 393 4
a 306 7 3
a 306 271 6
a 307 16 10
a 307 60 6
a 307 115 5
a 308 209 4
a 308 249 9
a 309 175 3
a 309 275 5
a 309 364 1
a 310 201 3
a 311 215 1
a 311 270 10
a 312 54 8
a 312 150 1
a 312 298 5
a 313 12 1
a 313 260 6
a 314 302 9
a 315 162 3
a 315 318 1
a 315 330 1
a 316 65 8
a 317 316 7
a 317 364 3
a 318 102 3
a 318 134 6
a 318 176 7
a 319 100 5
a 319 250 1
a 320 71 10
a 320 152 9
a 320 201 7
a 320 400 4
a 321 101 6
a 322 150 9
a 322 176 3
a 322 356 7
a 322 357 7
a 323 325 4
a 324 295 6
a 325 214 3
a 325 274 1
a 326 11 10
a 326 64 10
a 326 233 5
a 326 257 7
a 327 108 10
a 327 234 8
a 328 127 1
a 328 310 6
a 329 241 5
a 330 337 7
a 331 22 8
a 332 346 1
a 333 103 10
a 334 265 1
a 335 57 1
a 336 30 1
a 337 23 6
a 338 116 1
a 338 208 1
a 338 241 3
a 338 397 2
a 339 201 1
a 339 240 7
a 340 107 7
a 340 276 5
a 341 124 2
a 341 164 3
a 341 242 7
a 342 17 9
a 342 138 2
a 343 81 3
a 343 222 7
a 343 282 9
a 343 288 3
a 344 29 3
a 344 192 10
a 345 132 10
a 345 176 8
a 346 363 8
a 347 40 5
a 347 101 4
a 347 225 6
a 348 350 5
a 349 274 5
a 350 11 9
a 350 345 9
a 350 381 1
a 351 114 6
a 351 282 7
a 352 176 6
a 353 82 10
a 354 158 1
a 354 361 7
a 355 386 7
a 356 32 6
a 357 87 2
a 357 92 9
a 358 123 9
a 358 373 6
a 359 104 10
a 359 155 6
a 359 175 8
a 360 335 1
a 360 395 6
a 361 182 8
a 362 133 4
a 362 207 5
a 362 229 7
a 362 255 4
a 363 46 4
a 363 128 8
a 363 140 10
a 363 261 7
a 364 191 5
a 365 266 4
a 365 282 6
a 366 31 6
a 366 177 1
a 367 39 4
a 367 155 10
a 368 259 8
a 369 307 3
a 369 331 10
a 370 85 4
a 370 145 6
a 370 166 1
a 370 225 5
a 371 122 3
a 371 174 3
a 371 316 10
a 371 376 5
a 372 316 7
a 372 354 6
a 373 161 6
a 374 73 10
a 374 154 3
a 375 400 1
a 376 381 6
a 376 397 10
a 377 6 3
a 377 72 3
a 377 355 6
a 377 390 5
a 378 236 7
a 378 399 1
a 379 22 5
a 379 214 1
a 379 251 4
a 380 160 3
a 380 359 6
a 381 164 10
a 382 81 9
a 382 179 3
a 382 189 3
a 382 333 7
a 383 50 6
a 383 163 4
a 383 393 5
a 384 333 3
a 385 182 2
a 385 264 2
a 386 59 4
a 386 68 4
a 386 109 5
a 386 180 9
a 386 245 9
a 387 251 8
a 388 188 8
a 388 263 1
a 388 266 8
a 389 340 8
a 390 254 2
a 390 285 8
a 391 38 3
a 391 171 5
a 391 198 10
a 392 282 5
a 393 106 5
a 393 197 6
a 393 369 10
a 394 40 10
a 395 69 1
a 395 387 7
a 396 275 5
a 397 15 7
a 397 310 1
a 398 358 8
a 398 383 6
a 399 121 1
a 399 219 6
a 399 322 9
