p max 400 800
n 1 s
n 400 t
a 1 103 9
a 1 229 10
a 2 139 10
a 2 267 1
a 3 187 3
a 4 137 6
a 4 175 9
a 4 215 5
a 5 36 10
a 5 209 8
a 5 352 4
a 6 121 3
a 6 280 7
a 7 127 4
a 7 220 3
a 8 168 3
a 9 111 5
a 10 387 10
a 11 116 8
a 11 397 1
a 12 40 8
a 12 176 1
a 13 132 9
a 14 128 10
a 14 305 2
a 15 106 6
a 15 264 7
a 15 283 7
a 16 278 3
a 16 371 6
a 17 345 5
a 18 136 3
a 18 222 6
a 19 14 4
a 19 219 4
a 20 141 6
a 20 255 4
a 21 3 1
a 21 232 6
a 21 384 4
a 22 12 6
a 22 99 6
a 22 185 10
a 23 19 4
a 23 91 6
a 23 174 1
a 23 206 3
a 24 273 8
a 24 370 9
a 25 286 8
a 26 54 7
a 27 258 9
a 28 255 3
a 29 54 8
a 29 55 2
a 29 165 7
a 29 170 8
a 29 204 10
a 29 247 4
a 30 235 3
a 30 294 6
a 31 363 6
a 32 71 10
a 32 360 8
a 33 22 1
a 33 118 6
a 33 125 10
a 33 292 10
a 33 345 9
a 34 166 2
a 34 231 5
a 35 374 2
a 36 199 2
a 36 282 10
a 37 98 4
a 37 322 7
a 38 138 5
a 39 222 6
a 39 249 5
a 39 291 10
a 40 180 9
a 40 390 10
a 41 47 7
a 41 390 5
a 42 98 5
a 43 176 1
a 43 224 8
a 43 236 10
a 44 230 7
a 44 243 1
a 45 317 1
a 46 74 3
a 46 338 9
a 47 253 1
a 48 163 10
a 49 151 6
a 49 346 1
a 50 345 10
a 51 7 6
a 51 331 9
a 51 392 9
a 52 381 6
a 53 30 3
a 53 122 4
a 53 338 7
a 54 326 10
a 55 195 2
a 56 276 9
a 56 286 10
a 56 378 4
a 57 271 9
a 58 237 5
a 59 103 7
a 59 136 7
a 59 140 10
a 59 212 4
a 60 62 2
a 60 207 10
a 61 179 4
a 61 357 4
a 62 133 9
a 63 129 9
a 64 113 8
a 64 167 4
a 65 102 4
a 66 29 1
a 66 128 8
a 67 267 10
a 68 266 2
a 68 382 2
a 69 49 7
a 69 151 3
a 69 194 7
a 70 168 3
a 71 107 7
a 71 281 10
a 72 221 6
a 73 163 10
a 73 353 6
a 74 90 9
a 74 121 8
a 75 192 10
a 76 264 7
a 77 241 5
a 77 398 9
a 78 220 7
a 78 248 10
a 79 16 7
a 79 191 2
a 80 93 3
a 80 106 3
a 80 267 1
a 81 129 10
a 81 377 1
a 82 48 8
a 82 159 10
a 82 295 2
a 83 51 7
a 83 300 5
a 84 90 7
a 84 325 6
a 85 268 6
a 85 307 1
a 85 339 5
a 85 390 5
a 86 5 10
a 86 277 7
a 86 398 7
a 87 108 3
a 88 21 10
a 88 285 9
a 88 339 7
a 89 214 7
a 89 287 4
a 89 333 8
a 90 175 4
a 90 382 10
a 91 235 5
a 91 302 3
a 92 104 4
a 92 389 4
a 93 43 7
a 93 132 3
a 93 275 4
a 94 22 8
a 94 76 7
a 94 95 9
a 95 173 4
a 96 279 4
a 96 400 6
a 97 6 2
a 97 187 2
a 97 383 10
a 98 111 2
a 99 353 5
a 100 135 8
a 100 190 8
a 101 295 6
a 102 394 1
a 103 136 3
a 103 172 7
a 103 260 9
a 103 375 1
a 104 157 9
a 104 170 7
a 104 271 6
a 104 314 6
a 104 398 7
a 105 72 8
a 105 200 1
a 105 362 7
a 106 202 5
a 106 309 8
a 107 238 7
a 107 271 9
a 108 273 5
a 109 130 5
a 109 330 5
a 110 183 8
a 111 56 2
a 111 237 5
a 112 108 5
a 112 272 3
a 113 2 5
a 113 22 7
a 113 89 8
a 113 154 2
a 113 290 7
a 114 68 9
a 114 73 2
a 114 216 4
a 115 12 6
a 115 108 2
a 115 188 4
a 115 196 7
a 115 321 1
a 116 379 5
a 117 105 7
a 118 252 1
a 118 342 10
a 118 399 10
a 119 187 2
a 120 156 7
a 121 384 4
a 122 158 5
a 122 242 8
a 123 213 3
a 123 235 10
a 123 290 10
a 124 279 7
a 125 153 8
a 125 191 8
a 125 269 8
a 126 146 5
a 127 58 3
a 127 234 3
a 127 383 8
a 128 70 3
a 128 190 5
a 129 105 5
a 129 270 10
a 130 135 4
a 131 334 4
a 132 269 7
a 132 304 10
a 133 310 4
a 133 347 2
a 134 194 1
a 134 276 6
a 135 10 9
a 135 96 7
a 135 148 2
a 136 12 7
a 136 112 8
a 137 12 8
a 137 77 9
a 137 80 4
a 138 316 3
a 139 75 10
a 139 337 6
a 140 364 8
a 141 52 10
a 141 371 6
a 142 60 1
a 142 255 3
a 143 66 5
a 143 164 10
a 143 227 5
a 144 171 7
a 144 187 6
a 144 293 7
a 145 201 4
a 146 320 10
a 146 321 10
a 147 145 3
a 147 246 3
a 147 346 1
a 148 173 6
a 148 181 4
a 148 194 8
a 148 336 7
a 149 254 6
a 149 276 10
a 150 376 3
a 151 191 7
a 152 147 9
a 152 284 4
a 153 134 1
a 153 183 4
a 153 193 6
a 153 302 8
a 154 142 6
a 154 178 2
a 154 306 3
a 155 337 7
a 155 377 10
a 156 69 10
a 156 182 8
a 156 332 9
a 157 138 2
a 157 235 6
a 157 257 1
a 158 156 3
a 159 26 6
a 159 270 5
a 160 191 3
a 160 198 3
a 160 333 2
a 161 354 10
a 162 202 10
a 162 356 9
a 163 301 5
a 163 329 1
a 163 397 10
a 164 295 4
a 164 305 10
a 165 378 2
a 166 219 9
a 166 317 9
a 166 336 10
a 167 248 7
a 168 25 6
a 168 119 3
a 169 88 8
a 170 179 9
a 170 197 5
a 170 198 10
a 170 232 7
a 171 16 3
a 171 189 2
a 172 238 6
a 172 250 6
a 173 105 9
a 173 354 1
a 174 157 3
a 174 223 1
a 175 275 6
a 176 390 3
a 177 184 7
a 177 197 3
a 178 51 2
a 178 141 6
a 179 77 5
a 180 15 8
a 181 228 3
a 181 392 5
a 182 93 9
a 182 208 2
a 183 92 10
a 183 158 6
a 184 36 10
a 185 67 2
a 185 88 1
a 185 109 2
a 186 17 9
a 187 375 1
a 188 37 2
a 188 105 6
a 189 144 10
a 189 209 8
a 190 8 8
a 190 17 5
a 191 266 5
a 192 107 4
a 192 391 7
a 193 67 3
a 194 174 10
a 194 373 3
a 195 130 8
a 195 215 4
a 196 20 8
a 197 155 10
a 197 299 8
a 198 15 2
a 198 179 6
a 199 26 8
a 199 110 6
a 199 358 5
a 200 23 2
a 200 70 4
a 201 5 5
a 201 169 6
a 201 329 8
a 202 13 6
a 202 94 6
a 202 326 1
a 203 126 3
a 203 219 1
a 203 308 2
a 204 115 2
a 204 132 4
a 205 59 6
a 205 155 8
a 205 289 7
a 205 318 7
a 206 53 5
a 206 68 3
a 206 226 4
a 207 179 4
a 208 16 6
a 209 91 9
a 209 221 9
a 209 315 3
a 210 73 7
a 210 166 7
a 210 255 2
a 211 52 2
a 211 182 2
a 211 254 5
a 211 275 8
a 212 237 5
a 212 359 5
a 213 44 3
a 214 60 2
a 215 207 7
a 215 251 8
a 216 39 5
a 216 213 6
a 217 83 5
a 217 308 7
a 217 344 7
a 217 396 4
a 218 45 9
a 218 152 1
a 218 287 2
a 218 330 3
a 219 173 8
a 220 327 1
a 221 211 7
a 221 383 1
a 222 85 5
a 222 236 6
a 223 242 8
a 224 124 5
a 224 253 3
a 225 302 10
a 225 322 3
a 225 380 9
a 226 129 2
a 227 30 3
a 227 63 1
a 228 79 9
a 228 288 5
a 229 29 8
a 229 218 3
a 229 340 3
a 229 356 6
a 230 173 3
a 231 375 2
a 232 306 7
a 233 92 6
a 233 335 9
a 234 66 9
a 234 71 9
a 234 107 4
a 234 194 8
a 234 324 6
a 235 9 5
a 235 238 9
a 235 351 3
a 236 36 5
a 237 22 6
a 238 19 7
a 238 62 1
a 238 178 5
a 239 212 1
a 240 113 7
a 240 124 4
a 240 359 4
a 241 278 9
a 241 303 4
a 241 392 8
a 242 123 7
a 242 159 7
a 243 159 4
a 244 166 8
a 244 375 4
a 245 201 9
a 246 121 9
a 247 122 6
a 248 18 4
a 248 61 8
a 249 90 1
a 249 114 10
a 249 310 5
a 250 137 1
a 250 361 3
a 251 127 6
a 251 184 10
a 251 239 7
a 251 364 3
a 252 338 10
a 253 336 9
a 254 58 7
a 254 97 4
a 255 365 2
a 256 63 2
a 256 143 9
a 256 148 9
a 256 354 1
a 257 255 2
a 258 113 3
a 259 315 1
a 260 38 8
a 260 112 9
a 260 369 10
a 261 76 8
a 261 368 6
a 261 385 10
a 262 102 8
a 262 259 6
a 262 311 8
a 262 355 2
a 263 222 2
a 264 78 5
a 264 313 4
a 264 400 6
a 265 81 3
a 265 163 4
a 265 296 8
a 265 349 8
a 266 44 8
a 266 322 7
a 267 275 9
a 268 93 10
a 268 165 4
a 268 395 3
a 268 399 5
a 269 327 8
a 269 348 5
a 269 392 5
a 270 255 3
a 270 345 6
a 271 80 9
a 272 319 4
a 272 377 2
a 273 72 5
a 273 183 5
a 273 388 2
a 274 106 2
a 275 113 10
a 276 251 8
a 276 297 8
a 276 397 3
a 277 257 5
a 278 328 6
a 279 123 1
a 280 141 7
a 281 33 7
a 281 84 6
a 281 254 7
a 282 81 6
a 282 102 9
a 282 263 10
a 283 11 9
a 283 125 8
a 283 160 7
a 284 73 8
a 284 316 3
a 285 51 9
a 285 265 7
a 286 34 7
a 286 70 8
a 286 144 3
a 287 83 8
a 287 387 10
a 288 277 4
a 289 282 10
a 289 393 9
a 290 57 9
a 290 128 2
a 290 343 7
a 291 370 1
a 292 88 5
a 293 155 6
a 294 388 3
a 295 30 5
a 295 393 8
a 296 50 8
a 297 59 3
a 298 370 2
a 298 376 6
a 299 144 6
a 299 246 3
a 300 33 7
a 301 15 7
a 301 104 6
a 302 25 5
a 303 195 5
a 303 210 8
a 303 228 7
a 304 7 10
a 304 341 7
a 305 225 4
a 305 304 5
a 305 363 4
a 306 224 5
a 307 302 3
a 307 319 9
a 308 292 7
a 309 173 8
a 310 61 8
a 310 367 9
a 311 298 4
a 311 316 10
a 312 32 6
a 312 270 7
a 312 394 6
a 313 104 8
a 313 294 6
a 313 299 3
a 313 328 7
a 314 61 10
a 314 243 10
a 315 307 2
a 316 307 8
a 317 315 7
a 318 46 9
a 318 345 5
a 319 131 4
a 319 380 8
a 320 256 6
a 320 365 7
a 320 366 7
a 321 230 1
a 322 8 7
a 322 192 7
a 323 360 7
a 324 19 10
a 324 109 9
a 324 133 5
a 324 194 10
a 324 386 6
a 325 24 4
a 325 193 4
a 326 50 9
a 326 64 9
a 326 285 4
a 327 45 4
a 328 365 4
a 329 177 3
a 329 338 4
a 330 82 2
a 330 277 1
a 331 162 7
a 331 185 6
a 331 220 1
a 332 69 7
a 332 334 4
a 333 86 6
a 333 271 9
a 334 87 7
a 334 120 10
a 334 263 2
a 334 309 8
a 335 150 4
a 335 220 1
a 336 271 7
a 337 323 5
a 338 62 8
a 338 150 6
a 339 187 1
a 339 348 5
a 340 119 6
a 340 258 5
a 340 308 1
a 341 208 3
a 342 4 6
a 342 117 6
a 342 207 5
a 342 274 1
a 343 9 9
a 344 187 10
a 344 245 5
a 345 284 6
a 346 149 6
a 346 227 6
a 346 262 4
a 346 279 6
a 347 42 10
a 348 57 6
a 349 96 2
a 349 347 9
a 350 100 1
a 350 382 1
a 351 12 10
a 351 201 2
a 352 217 2
a 352 242 2
a 352 252 8
a 353 257 5
a 354 28 9
a 354 37 7
a 355 13 8
a 355 82 2
a 356 340 9
a 357 251 7
a 357 374 1
a 358 197 4
a 359 114 5
a 359 147 4
a 359 202 8
a 359 350 8
a 360 192 8
a 360 240 3
a 360 241 9
a 361 92 3
a 362 172 9
a 363 237 7
a 363 303 2
a 364 216 9
a 365 131 6
a 365 205 3
a 366 356 7
a 367 37 8
a 367 78 5
a 367 381 4
a 368 13 7
a 369 217 4
a 369 280 4
a 370 325 6
a 371 101 6
a 371 111 2
a 371 314 10
a 372 93 6
a 372 323 5
a 372 376 2
a 373 280 8
a 374 373 5
a 375 167 9
a 375 233 8
a 376 20 2
a 376 21 2
a 376 366 5
a 377 50 9
a 377 104 2
a 377 203 4
a 378 186 7
a 378 334 9
a 379 35 5
a 379 193 8
a 380 27 8
a 380 162 6
a 381 244 5
a 381 378 2
a 382 130 7
a 382 163 5
a 383 61 10
a 383 109 3
a 384 41 8
a 384 42 3
a 384 65 10
a 384 286 10
a 385 244 9
a 386 246 2
a 386 294 6
a 387 31 5
a 387 79 3
a 387 363 1
a 388 11 3
a 388 176 10
a 389 312 6
a 389 372 10
a 389 398 9
a 390 52 10
a 390 168 8
a 391 76 1
a 391 379 4
a 392 194 5
a 393 221 8
a 394 142 10
a 395 350 3
a 396 53 10
a 396 161 7
a 397 381 3
a 398 237 6
a 398 261 8
a 399 156 8
a 399 219 5
a 399 258 7
