p max 400 800
n 1 s
n 400 t
a 1 371 1
a 2 341 5
a 3 243 6
a 4 133 10
a 4 292 7
a 4 309 8
a 5 27 3
a 5 208 8
a 5 292 8
a 5 317 4
a 6 18 5
a 6 31 9
a 6 341 9
a 6 356 1
a 7 48 7
a 7 286 6
a 7 326 2
a 8 10 5
a 8 165 5
a 9 322 2
a 9 352 10
a 10 73 5
a 10 180 2
a 11 197 9
a 11 293 2
a 11 331 10
a 12 187 3
a 13 235 8
a 13 378 10
a 14 35 6
a 14 45 8
a 14 335 6
a 14 371 1
a 15 152 9
a 16 138 1
a 16 259 4
a 16 273 6
a 16 359 9
a 17 195 3
a 18 82 8
a 18 271 3
a 19 34 1
a 19 82 4
a 19 122 3
a 20 71 4
a 20 96 7
a 20 170 10
a 20 399 4
a 21 201 6
a 21 277 7
a 22 163 3
a 23 187 4
a 24 381 2
a 25 72 5
a 25 171 6
a 25 244 8
a 25 327 10
a 26 380 3
a 27 152 10
a 27 335 8
a 28 63 10
a 28 129 2
a 29 242 7
a 29 243 4
a 30 200 10
a 30 212 7
a 31 21 9
a 31 283 8
a 32 84 8
a 32 214 9
a 32 252 4
a 33 49 6
a 33 139 2
a 33 268 9
a 34 139 5
a 34 166 4
a 35 142 7
a 36 150 8
a 36 226 9
a 37 56 9
a 38 229 3
a 38 287 3
a 39 215 2
a 39 218 7
a 40 301 7
a 41 75 7
a 41 132 5
a 41 400 7
a 42 287 5
a 43 379 5
a 44 224 2
a 44 272 6
a 44 286 8
a 45 3 3
a 45 32 3
a 46 47 5
a 47 228 4
a 48 222 6
a 48 269 9
a 49 36 6
a 49 41 4
a 49 93 2
a 49 345 10
a 50 4 3
a 50 40 6
a 50 61 10
a 50 250 1
a 50 384 7
a 51 13 2
a 51 399 5
a 52 330 2
a 53 242 3
a 53 399 3
a 54 38 1
a 54 162 6
a 54 333 4
a 55 20 10
a 56 183 5
a 56 302 9
a 57 355 10
a 58 263 1
a 59 34 2
a 59 266 2
a 60 355 7
a 61 324 7
a 61 354 9
a 62 163 2
a 63 234 10
a 63 241 4
a 64 58 8
a 64 191 7
a 65 54 9
a 65 108 3
a 66 50 10
a 66 260 7
a 67 20 9
a 67 213 5
a 68 28 5
a 68 143 1
a 68 244 6
a 68 372 10
a 69 183 4
a 69 335 6
a 70 178 8
a 70 321 8
a 71 59 9
a 71 146 7
a 71 295 7
a 72 272 2
a 73 305 8
a 74 225 7
a 75 275 7
a 76 134 7
a 76 325 10
a 77 276 5
a 78 55 4
a 79 27 7
a 79 313 3
a 80 151 6
a 80 217 7
a 81 41 3
a 81 167 2
a 81 246 6
a 82 14 8
a 82 153 3
a 82 362 3
a 83 210 2
a 83 331 5
a 83 380 4
a 84 145 1
a 84 397 7
a 85 110 5
a 85 128 2
a 85 396 7
a 86 47 7
a 86 85 5
a 87 133 2
a 88 104 2
a 88 122 2
a 89 328 10
a 89 378 3
a 90 153 9
a 90 324 8
a 91 147 5
a 91 389 9
a 92 45 6
a 92 77 4
a 92 165 5
a 93 6 2
a 94 111 6
a 94 251 4
a 95 54 1
a 95 232 10
a 95 271 3
a 95 300 2
a 96 175 6
a 96 187 2
a 96 257 10
a 96 296 5
a 97 23 2
a 97 190 2
a 97 269 2
a 98 188 8
a 98 243 1
a 99 53 2
a 99 87 2
a 99 219 10
a 99 311 5
a 100 124 3
a 101 140 5
a 101 308 3
a 101 349 4
a 102 132 6
a 102 258 10
a 103 167 4
a 104 251 6
a 105 75 1
a 105 148 6
a 106 173 8
a 106 312 3
a 107 49 6
a 107 122 7
a 107 275 7
a 107 307 6
a 108 56 5
a 108 126 7
a 108 283 8
a 109 76 4
a 110 19 1
a 110 87 7
a 111 89 8
a 111 207 9
a 111 383 5
a 112 62 1
a 112 107 5
a 112 128 8
a 112 162 1
a 113 155 3
a 113 265 1
a 113 304 10
a 114 160 4
a 114 174 3
a 115 44 4
a 115 112 6
a 115 230 3
a 116 37 4
a 116 143 5
a 117 6 8
a 117 73 5
a 117 204 1
a 117 254 8
a 117 388 2
a 118 212 9
a 118 364 10
a 119 69 6
a 120 39 7
a 121 89 8
a 121 111 1
a 121 216 8
a 122 151 7
a 122 173 8
a 123 321 7
a 124 341 4
a 125 325 1
a 126 353 4
a 127 96 7
a 127 316 4
a 128 21 6
a 128 375 3
a 129 33 3
a 130 274 1
a 130 334 10
a 130 338 1
a 130 360 4
a 131 161 5
a 131 357 5
a 132 2 6
a 132 99 8
a 132 297 9
a 132 342 8
a 132 375 10
a 133 17 10
a 133 78 3
a 133 260 10
a 134 123 4
a 134 249 6
a 134 329 2
a 135 56 5
a 136 174 7
a 137 122 6
a 138 50 5
a 139 171 8
a 140 67 8
a 140 114 10
a 141 9 10
a 141 83 1
a 141 101 1
a 142 159 6
a 142 236 5
a 142 331 4
a 142 340 3
a 143 142 10
a 144 60 5
a 144 104 4
a 144 319 2
a 145 22 5
a 145 28 10
a 146 133 9
a 146 277 5
a 146 321 10
a 147 262 8
a 148 94 1
a 148 319 2
a 149 333 5
a 150 11 9
a 150 179 6
a 151 343 7
a 152 102 4
a 152 120 7
a 152 141 10
a 153 88 2
a 153 229 3
a 154 32 8
a 154 265 9
a 155 32 7
a 155 210 6
a 156 51 4
a 156 124 2
a 156 181 3
a 157 385 10
a 158 63 9
a 159 12 4
a 160 240 7
a 161 136 4
a 161 273 5
a 162 51 2
a 162 301 9
a 163 212 2
a 163 254 6
a 163 315 6
a 164 202 6
a 164 394 6
a 165 230 3
a 165 282 9
a 165 295 1
a 166 30 10
a 166 250 10
a 167 284 5
a 168 52 6
a 168 115 9
a 168 205 5
a 169 36 7
a 169 318 1
a 169 376 4
a 170 400 2
a 171 360 6
a 172 321 5
a 173 95 3
a 173 343 5
a 174 261 8
a 174 386 8
a 175 234 10
a 176 38 5
a 176 393 5
a 177 332 4
a 178 75 4
a 179 216 1
a 180 168 9
a 180 211 2
a 180 299 1
a 181 106 6
a 182 389 6
a 183 389 2
a 184 256 6
a 185 316 7
a 186 23 1
a 186 227 9
a 186 291 5
a 187 26 7
a 187 148 5
a 188 177 7
a 188 310 2
a 189 147 8
a 189 279 7
a 190 121 2
a 191 218 3
a 192 395 8
a 193 57 3
a 193 61 4
a 193 290 3
a 193 366 2
a 194 70 4
a 195 95 8
a 195 172 3
a 196 3 7
a 196 144 8
a 197 110 10
a 197 135 6
a 198 196 4
a 198 242 1
a 198 338 4
a 199 233 3
a 200 145 10
a 200 201 8
a 200 379 2
a 201 157 3
a 201 326 5
a 202 381 10
a 203 359 1
a 204 40 4
a 204 253 3
a 204 398 9
a 205 68 6
a 205 76 5
a 205 192 7
a 205 232 1
a 205 264 3
a 206 79 10
a 206 266 9
a 207 127 5
a 207 198 9
a 207 319 6
a 208 209 1
a 209 114 6
a 209 210 2
a 210 137 5
a 210 243 9
a 211 327 1
a 211 382 3
a 212 25 9
a 212 125 1
a 212 361 4
a 213 158 8
a 213 244 4
a 214 81 6
a 214 231 4
a 214 296 5
a 215 260 4
a 216 221 5
a 216 347 1
a 217 63 6
a 217 228 9
a 218 80 9
a 218 148 2
a 219 119 1
a 219 357 4
a 220 357 9
a 221 26 9
a 221 29 1
a 221 270 8
a 222 97 8
a 222 313 2
a 223 43 2
a 223 70 3
a 223 125 5
a 223 391 2
a 224 46 9
a 224 362 8
a 225 63 5
a 225 167 9
a 226 133 5
a 226 332 3
a 226 348 4
a 227 272 7
a 228 58 4
a 228 311 6
a 229 45 10
a 230 102 1
a 230 147 6
a 230 343 2
a 231 139 7
a 231 263 8
a 232 277 2
a 232 351 4
a 233 203 3
a 233 279 8
a 233 325 7
a 234 293 3
a 235 81 4
a 235 234 7
a 235 314 10
a 236 291 6
a 236 350 6
a 237 119 8
a 238 301 2
a 238 322 8
a 239 200 2
a 240 20 1
a 240 366 5
a 241 182 1
a 242 9 9
a 243 51 8
a 243 126 7
a 243 207 2
a 244 92 4
a 244 193 10
a 244 296 5
a 245 12 3
a 245 318 9
a 246 8 4
a 246 288 2
a 247 262 4
a 247 329 10
a 248 195 4
a 249 59 6
a 249 83 7
a 249 278 5
a 250 271 9
a 251 156 7
a 252 204 1
a 252 385 10
a 253 42 4
a 254 41 10
a 255 140 7
a 255 330 8
a 255 374 7
a 256 15 10
a 256 66 6
a 256 156 9
a 257 9 9
a 257 64 8
a 257 146 4
a 257 392 8
a 258 36 4
a 258 214 10
a 259 348 7
a 260 42 3
a 260 140 6
a 260 377 7
a 261 5 7
a 261 107 5
a 262 154 4
a 263 69 2
a 263 343 10
a 264 117 4
a 265 391 10
a 266 184 1
a 266 248 9
a 267 42 8
a 268 210 10
a 269 289 2
a 270 15 9
a 270 25 9
a 271 91 3
a 271 215 2
a 272 320 1
a 273 139 8
a 273 239 1
a 273 289 3
a 274 107 2
a 274 360 10
a 275 255 5
a 275 301 3
a 276 131 7
a 276 365 4
a 277 23 1
a 277 139 2
a 278 99 2
a 278 184 4
a 279 256 8
a 280 182 9
a 280 203 2
a 280 221 8
a 281 98 6
a 281 246 6
a 281 358 6
a 282 86 1
a 282 273 2
a 282 363 5
a 283 209 10
a 284 90 2
a 284 119 6
a 284 311 4
a 285 317 7
a 285 368 8
a 286 61 6
a 287 116 7
a 288 159 9
a 288 292 3
a 289 227 4
a 289 400 5
a 290 9 1
a 290 184 10
a 290 203 2
a 291 273 2
a 291 386 7
a 292 74 4
a 292 209 1
a 292 242 7
a 293 286 10
a 293 348 5
a 293 400 2
a 294 286 10
a 295 214 4
a 295 320 1
a 296 145 10
a 296 335 7
a 297 261 10
a 298 89 10
a 299 184 7
a 299 287 4
a 300 208 4
a 301 2 10
a 301 262 4
a 302 154 2
a 303 53 4
a 303 306 4
a 303 355 2
a 304 18 7
a 305 159 10
a 305 400 3
a 306 233 3
a 307 288 5
a 308 191 5
a 309 33 8
a 309 50 9
a 309 353 2
a 309 392 10
a 310 52 4
a 310 116 6
a 311 100 8
a 311 238 5
a 311 310 2
a 312 11 6
a 312 85 1
a 312 118 7
a 312 313 5
a 313 116 2
a 314 281 1
a 314 349 4
a 315 184 8
a 315 294 5
a 316 337 9
a 317 331 7
a 318 33 8
a 318 237 1
a 318 280 8
a 319 294 5
a 320 187 4
a 320 191 4
a 320 230 7
a 320 362 9
a 321 36 1
a 321 43 5
a 321 369 5
a 322 185 7
a 322 233 6
a 323 321 1
a 324 106 3
a 325 174 8
a 325 217 3
a 326 186 7
a 326 391 5
a 327 220 2
a 328 56 3
a 328 223 1
a 329 70 10
a 329 318 6
a 330 327 10
a 331 24 6
a 331 208 7
a 332 86 7
a 332 321 9
a 333 8 9
a 333 44 7
a 334 188 1
a 335 140 8
a 336 307 5
a 337 165 6
a 337 273 4
a 338 124 3
a 338 366 6
a 339 88 2
a 339 206 5
a 340 245 3
a 340 299 4
a 340 305 5
a 340 344 10
a 341 176 1
a 341 362 7
a 342 215 5
a 342 240 4
a 342 276 1
a 342 381 8
a 343 199 7
a 343 256 9
a 343 321 4
a 344 138 8
a 344 194 6
a 345 201 9
a 345 225 8
a 346 224 8
a 347 273 7
a 348 38 5
a 348 100 7
a 348 164 8
a 348 174 3
a 349 334 10
a 350 192 2
a 350 285 5
a 351 240 2
a 352 34 4
a 352 275 10
a 352 323 10
a 352 382 9
a 352 395 6
a 353 199 1
a 354 14 9
a 354 381 2
a 355 374 10
a 356 390 4
a 357 163 1
a 357 239 1
a 358 348 8
a 359 192 9
a 359 339 6
a 360 298 4
a 360 373 9
a 361 306 6
a 362 39 2
a 362 130 10
a 362 169 1
a 362 189 2
a 363 3 8
a 363 16 5
a 363 216 3
a 364 320 5
a 364 374 2
a 365 117 1
a 365 267 8
a 365 352 4
a 365 388 6
a 365 394 4
a 366 104 8
a 366 109 8
a 366 311 5
a 367 201 7
a 367 245 8
a 368 291 8
a 368 387 3
a 369 107 8
a 370 123 3
a 370 336 9
a 371 126 9
a 371 390 9
a 372 189 9
a 372 227 9
a 373 234 5
a 374 36 6
a 374 370 4
a 375 90 8
a 375 106 8
a 376 143 2
a 376 284 5
a 377 103 5
a 377 149 8
a 377 295 8
a 378 335 6
a 379 164 5
a 380 367 9
a 380 383 7
a 381 108 7
a 381 121 3
a 382 113 1
a 382 303 10
a 382 365 9
a 382 376 6
a 383 7 6
a 383 195 7
a 383 292 3
a 384 105 3
a 384 220 5
a 384 345 10
a 385 135 1
a 385 346 5
a 386 142 3
a 386 177 8
a 387 207 5
a 388 16 9
a 388 55 3
a 388 150 6
a 388 378 2
a 389 9 6
a 389 65 7
a 389 247 6
a 390 242 7
a 391 286 3
a 392 82 2
a 392 337 7
a 393 7 2
a 394 295 8
a 394 298 1
a 395 53 4
a 396 38 4
a 396 52 2
a 396 307 9
a 397 154 10
a 397 244 1
a 398 282 10
a 399 3 2
