p max 400 800
n 1 s
n 400 t
a 1 76 10
a 1 226 1
a 1 286 4
a 2 77 4
a 3 353 3
a 4 222 1
a 5 227 10
a 5 262 7
a 6 5 2
a 6 294 7
a 6 323 5
a 6 399 2
a 7 69 9
a 7 131 10
a 7 146 6
a 7 292 4
a 8 230 1
a 9 264 9
a 10 15 4
a 10 137 4
a 11 188 6
a 11 294 2
a 12 32 7
a 12 231 4
a 12 400 3
a 13 370 3
a 14 46 1
a 14 328 2
a 14 349 3
a 15 237 6
a 15 281 9
a 15 307 5
a 15 398 2
a 16 158 3
a 17 192 1
a 17 338 6
a 18 22 3
a 18 62 3
a 18 358 8
a 19 182 1
a 19 274 2
a 19 284 10
a 19 358 1
a 20 133 7
a 20 344 4
a 21 34 6
a 21 174 10
a 22 28 4
a 23 15 5
a 24 83 8
a 24 138 9
a 24 250 4
a 25 27 6
a 25 202 2
a 26 77 3
a 27 325 8
a 28 332 10
a 29 247 1
a 30 133 4
a 30 311 8
a 30 364 7
a 30 384 10
a 31 177 10
a 31 319 3
a 32 270 6
a 32 271 2
a 32 317 7
a 32 355 2
a 33 77 8
a 33 248 6
a 34 260 6
a 35 202 2
a 35 255 9
a 35 371 9
a 36 152 7
a 37 112 1
a 37 207 8
a 38 122 2
a 39 34 3
a 39 198 4
a 39 283 1
a 40 134 5
a 40 176 2
a 41 256 8
a 42 107 9
a 42 236 6
a 43 123 2
a 43 177 10
a 43 239 4
a 43 323 1
a 43 354 5
a 44 145 7
a 44 191 1
a 44 207 5
a 45 279 8
a 45 304 10
a 46 40 10
a 46 61 7
a 47 3 4
a 47 54 5
a 47 340 9
a 48 71 2
a 49 272 10
a 50 300 6
a 51 340 1
a 52 182 7
a 52 199 8
a 52 380 9
a 53 10 1
a 53 321 5
a 54 276 1
a 55 31 1
a 55 184 7
a 55 208 4
a 55 254 5
a 55 327 8
a 56 324 4
a 56 346 5
a 57 280 6
a 58 108 6
a 58 129 8
a 59 147 3
a 59 385 1
a 60 325 5
a 61 19 6
a 61 378 3
a 62 224 10
a 62 329 10
a 62 360 5
a 63 65 5
a 63 264 7
a 64 277 2
a 65 221 2
a 65 235 7
a 66 197 2
a 67 36 8
a 67 184 9
a 67 203 2
a 67 394 6
a 68 232 6
a 69 114 9
a 69 285 6
a 70 100 1
a 70 261 5
a 70 316 9
a 71 202 4
a 72 196 3
a 72 252 1
a 73 37 8
a 73 113 1
a 73 308 10
a 74 140 3
a 74 393 5
a 75 22 5
a 75 84 6
a 75 246 5
a 75 289 5
a 75 333 7
a 76 307 4
a 77 58 4
a 77 377 9
a 78 23 4
a 78 190 3
a 79 19 6
a 79 90 5
a 79 242 10
a 80 16 2
a 80 273 2
a 81 41 8
a 81 51 5
a 81 322 6
a 82 215 3
a 83 69 8
a 84 380 9
a 85 74 7
a 85 315 4
a 85 382 8
a 86 171 5
a 87 205 1
a 88 87 1
a 88 371 7
a 89 134 8
a 89 152 8
a 89 186 10
a 89 375 8
a 90 272 5
a 90 355 10
a 91 288 3
a 92 38 1
a 92 119 10
a 93 164 2
a 94 312 3
a 94 366 8
a 94 396 2
a 95 139 3
a 96 38 4
a 96 150 9
a 97 218 6
a 97 344 7
a 98 3 7
a 98 4 10
a 98 329 8
a 99 264 4
a 99 342 4
a 100 371 4
a 101 318 1
a 102 208 4
a 103 18 3
a 104 322 9
a 104 349 2
a 105 159 9
a 106 33 10
a 106 48 5
a 106 55 4
a 106 140 5
a 107 237 2
a 108 25 2
a 108 155 6
a 109 182 5
a 110 44 3
a 110 351 1
a 111 298 9
a 112 110 7
a 112 128 4
a 112 215 7
a 113 60 3
a 113 143 7
a 114 173 7
a 114 245 9
a 114 397 8
a 115 169 7
a 115 180 9
a 115 398 10
a 116 321 6
a 117 124 1
a 117 319 6
a 118 50 7
a 118 217 10
a 119 282 8
a 119 382 8
a 120 13 6
a 120 18 2
a 121 98 9
a 121 193 4
a 122 298 6
a 123 66 1
a 123 91 10
a 123 275 7
a 123 380 9
a 124 87 8
a 125 122 5
a 125 245 2
a 126 203 4
a 127 188 9
a 128 189 10
a 128 245 10
a 128 247 8
a 129 226 9
a 130 229 1
a 130 291 1
a 130 316 2
a 130 390 5
a 131 6 7
a 131 125 1
a 131 274 1
a 132 60 5
a 132 82 8
a 133 7 8
a 133 295 10
a 134 282 1
a 135 88 10
a 135 197 8
a 135 399 8
a 136 354 7
a 137 9 8
a 137 166 8
a 138 300 2
a 138 328 9
a 139 30 1
a 139 147 9
a 139 156 4
a 140 286 5
a 141 42 9
a 141 163 9
a 141 206 1
a 142 209 6
a 143 24 8
a 143 186 5
a 143 284 6
a 143 387 3
a 144 52 10
a 144 136 10
a 144 260 7
a 144 293 5
a 145 211 6
a 145 369 2
a 146 23 9
a 146 50 1
a 147 149 10
a 147 317 7
a 148 122 9
a 148 172 2
a 149 281 4
a 150 207 2
a 151 69 2
a 152 297 6
a 152 325 3
a 153 217 9
a 154 216 6
a 154 305 6
a 154 396 8
a 155 22 8
a 156 325 6
a 156 364 6
a 157 59 5
a 158 8 9
a 159 43 1
a 159 212 6
a 160 386 7
a 161 8 4
a 161 167 7
a 161 251 8
a 162 56 9
a 163 258 9
a 163 286 1
a 164 86 5
a 164 360 8
a 165 39 7
a 165 135 7
a 165 352 1
a 166 79 8
a 166 318 9
a 167 155 5
a 167 198 6
a 167 351 9
a 168 115 1
a 168 125 3
a 168 142 4
a 168 374 9
a 169 54 10
a 170 13 7
a 170 383 1
a 171 167 5
a 172 352 3
a 173 94 5
a 173 95 9
a 174 57 5
a 174 281 3
a 174 347 9
a 175 242 7
a 175 257 2
a 175 263 4
a 176 267 2
a 176 282 3
a 177 126 3
a 177 142 10
a 177 251 10
a 178 229 4
a 179 9 9
a 180 154 6
a 180 330 6
a 180 331 7
a 181 90 7
a 181 368 2
a 182 120 10
a 182 148 5
a 182 209 10
a 183 99 2
a 183 105 6
a 183 166 1
a 183 210 2
a 183 339 5
a 184 26 7
a 184 30 7
a 185 74 8
a 185 222 6
a 185 393 4
a 186 29 6
a 186 273 6
a 187 221 4
a 187 326 6
a 188 80 5
a 188 81 3
a 189 223 2
a 189 359 10
a 190 116 6
a 190 165 5
a 190 250 3
a 191 14 7
a 191 136 6
a 191 337 7
a 191 381 6
a 192 77 8
a 193 58 4
a 193 78 8
a 193 385 1
a 194 162 6
a 195 379 10
a 196 93 3
a 197 93 4
a 197 211 8
a 198 89 1
a 198 168 2
a 199 157 4
a 199 182 7
a 200 33 5
a 201 30 2
a 201 276 3
a 202 11 5
a 202 335 10
a 203 50 6
a 204 16 8
a 204 219 9
a 205 149 5
a 205 163 9
a 206 35 3
a 207 245 2
a 208 129 1
a 209 260 5
a 210 182 8
a 211 189 7
a 212 108 6
a 213 175 4
a 214 12 6
a 215 259 7
a 215 392 2
a 216 179 3
a 216 278 1
a 217 218 8
a 218 107 5
a 219 143 8
a 220 336 5
a 221 63 6
a 221 148 9
a 221 204 4
a 222 231 5
a 222 298 3
a 223 60 10
a 223 159 3
a 224 81 6
a 224 222 4
a 225 114 8
a 225 164 3
a 225 231 8
a 225 280 6
a 226 165 10
a 227 68 5
a 227 92 4
a 227 164 10
a 228 230 3
a 228 388 4
a 229 340 3
a 230 201 8
a 230 248 1
a 230 371 5
a 231 221 5
a 232 187 8
a 232 290 3
a 233 24 9
a 233 213 10
a 233 244 4
a 234 289 9
a 235 143 3
a 235 240 5
a 235 362 9
a 236 132 5
a 236 261 9
a 237 251 10
a 238 154 6
a 238 369 10
a 239 45 9
a 239 129 7
a 239 346 4
a 240 158 5
a 240 214 9
a 241 130 7
a 241 332 7
a 242 74 8
a 243 162 2
a 243 287 8
a 243 294 5
a 243 361 3
a 244 12 3
a 244 334 3
a 245 46 7
a 245 288 1
a 245 324 9
a 246 255 1
a 247 114 1
a 247 228 1
a 248 67 10
a 248 379 10
a 249 64 6
a 249 68 4
a 250 145 4
a 250 225 8
a 251 105 8
a 252 182 6
a 253 227 6
a 253 297 6
a 254 146 3
a 254 350 5
a 254 365 2
a 255 117 4
a 255 121 10
a 255 362 7
a 255 380 4
a 256 113 10
a 256 232 3
a 256 267 9
a 257 201 3
a 257 320 3
a 257 363 1
a 258 103 6
a 258 365 9
a 259 47 2
a 259 107 10
a 259 342 7
a 260 98 4
a 260 198 6
a 261 170 1
a 261 322 6
a 261 345 3
a 262 12 1
a 263 81 6
a 263 200 10
a 264 234 6
a 264 356 9
a 264 357 1
a 265 6 5
a 266 166 8
a 266 367 5
a 267 198 1
a 268 79 2
a 269 79 6
a 269 87 7
a 270 82 2
a 271 40 8
a 271 303 2
a 271 304 1
a 272 108 5
a 273 239 7
a 274 62 3
a 274 215 8
a 275 76 1
a 275 161 1
a 275 250 8
a 276 265 3
a 277 342 8
a 277 375 2
a 277 396 2
a 278 144 2
a 278 205 8
a 279 101 7
a 279 278 5
a 280 151 10
a 281 153 6
a 281 385 9
a 282 104 5
a 282 299 1
a 283 391 6
a 284 17 4
a 284 202 9
a 284 314 1
a 284 353 10
a 285 210 7
a 285 296 2
a 285 341 9
a 285 400 7
a 286 52 9
a 286 267 7
a 287 61 7
a 287 303 4
a 288 4 1
a 288 202 1
a 288 234 2
a 289 97 7
a 289 141 6
a 290 104 1
a 290 174 6
a 291 177 4
a 292 137 10
a 293 151 6
a 293 321 3
a 294 92 2
a 294 363 8
a 295 227 5
a 296 168 8
a 296 363 6
a 297 95 3
a 297 102 8
a 297 172 7
a 298 93 3
a 298 341 4
a 299 49 1
a 299 59 2
a 299 201 8
a 300 178 1
a 300 348 2
a 301 56 4
a 301 89 9
a 302 155 4
a 303 28 3
a 303 161 1
a 303 191 6
a 304 183 6
a 305 105 5
a 306 206 1
a 306 373 7
a 307 376 1
a 307 398 9
a 308 214 7
a 308 221 7
a 308 252 1
a 309 165 9
a 309 198 4
a 309 266 9
a 310 137 4
a 310 277 8
a 311 246 8
a 311 372 7
a 312 37 6
a 312 75 1
a 312 107 5
a 313 111 4
a 313 155 9
a 314 169 6
a 315 31 3
a 316 219 5
a 317 67 4
a 318 170 2
a 318 290 3
a 319 171 2
a 319 309 2
a 319 385 10
a 320 56 9
a 320 219 8
a 320 241 7
a 321 300 4
a 321 338 2
a 322 178 7
a 322 190 2
a 323 150 5
a 323 321 10
a 323 371 4
a 323 379 4
a 324 319 5
a 324 388 1
a 325 73 9
a 325 279 7
a 326 96 4
a 326 308 2
a 327 37 7
a 328 186 4
a 328 395 3
a 329 25 10
a 330 18 2
a 330 392 3
a 330 400 6
a 331 235 10
a 331 263 7
a 332 135 6
a 332 192 1
a 333 301 5
a 333 368 1
a 334 370 7
a 335 158 5
a 335 160 9
a 336 262 6
a 337 306 7
a 337 308 9
a 338 12 3
a 338 21 2
a 339 120 2
a 339 226 2
a 340 195 1
a 341 34 10
a 341 389 9
a 342 97 5
a 342 236 6
a 342 330 8
a 342 333 5
a 343 2 8
a 343 190 4
a 344 151 5
a 345 109 3
a 345 310 7
a 345 358 1
a 346 25 10
a 346 262 10
a 346 277 10
a 347 313 9
a 347 383 1
a 348 86 9
a 349 243 3
a 349 352 5
a 350 74 9
a 350 253 3
a 351 35 3
a 351 123 10
a 351 164 2
a 352 13 3
a 352 343 8
a 353 185 8
a 353 332 1
a 353 336 6
a 353 386 3
a 354 169 2
a 354 195 9
a 355 127 5
a 355 257 3
a 356 29 9
a 357 148 7
a 357 197 10
a 358 178 6
a 358 269 2
a 359 39 1
a 360 34 7
a 360 218 6
a 360 238 8
a 360 368 10
a 361 271 5
a 361 335 4
a 362 71 8
a 362 233 8
a 362 297 4
a 363 85 10
a 363 144 7
a 363 158 6
a 364 233 8
a 365 175 4
a 365 190 9
a 365 274 3
a 366 152 9
a 367 16 4
a 367 392 7
a 368 70 3
a 368 212 1
a 368 261 10
a 368 370 7
a 369 220 2
a 369 389 6
a 370 198 3
a 371 376 2
a 372 342 7
a 373 355 9
a 373 395 2
a 374 200 1
a 375 26 9
a 375 232 7
a 376 72 3
a 376 194 5
a 376 291 9
a 376 391 7
a 377 366 7
a 378 82 10
a 379 20 6
a 379 169 7
a 380 69 4
a 380 370 3
a 381 12 4
a 381 261 7
a 382 206 5
a 383 205 3
a 383 332 3
a 384 367 9
a 385 119 6
a 385 181 5
a 386 246 6
a 386 390 10
a 387 53 2
a 387 94 9
a 387 106 9
a 387 179 1
a 387 212 4
a 387 256 10
a 388 118 7
a 388 250 5
a 389 231 1
a 389 249 3
a 390 141 2
a 391 69 6
a 391 268 9
a 392 68 1
a 392 307 4
a 393 193 6
a 394 184 9
a 394 372 4
a 395 139 3
a 395 164 7
a 396 201 3
a 397 251 2
a 397 359 3
a 397 384 6
a 398 183 4
a 398 237 3
a 399 7 8
a 399 265 9
a 399 268 5
a 399 302 8
