p max 400 800
n 1 s
n 400 t
a 1 217 1
a 2 24 5
a 2 79 5
a 2 190 4
a 3 105 2
a 3 279 8
a 4 362 6
a 5 241 7
a 6 145 2
a 6 185 8
a 6 252 1
a 7 93 6
a 7 201 10
a 7 341 10
a 8 30 3
a 8 134 4
a 8 196 3
a 9 178 9
a 9 216 3
a 10 22 3
a 10 200 1
a 10 234 6
a 11 47 1
a 11 186 10
a 12 103 3
a 12 288 10
a 13 14 5
a 13 281 4
a 14 2 7
a 14 19 1
a 14 151 2
a 14 167 2
a 14 305 10
a 14 326 10
a 14 345 1
a 14 370 7
a 15 188 3
a 15 258 1
a 15 332 4
a 16 158 3
a 16 387 10
a 17 39 4
a 17 41 10
a 17 297 10
a 17 400 6
a 18 61 7
a 19 209 5
a 19 277 1
a 20 70 10
a 21 12 6
a 21 366 2
a 22 29 9
a 23 245 9
a 24 61 2
a 24 83 5
a 24 89 10
a 25 179 5
a 26 8 9
a 26 318 3
a 26 353 6
a 26 355 8
a 27 5 9
a 28 328 6
a 29 310 8
a 30 168 9
a 30 341 5
a 31 88 3
a 32 23 4
a 32 294 9
a 33 58 2
a 33 163 5
a 33 284 6
a 34 87 1
a 34 265 6
a 34 313 10
a 35 306 9
a 36 237 5
a 37 208 5
a 37 230 2
a 37 252 2
a 38 95 9
a 39 142 10
a 39 366 4
a 40 275 2
a 41 96 10
a 42 22 3
a 42 75 10
a 43 32 4
a 43 163 2
a 44 375 3
a 44 388 3
a 45 189 5
a 45 199 6
a 46 338 10
a 46 385 1
a 47 45 1
a 47 220 9
a 47 234 4
a 48 287 8
a 48 336 6
a 49 38 6
a 49 219 8
a 49 320 10
a 50 63 1
a 51 73 2
a 51 78 7
a 52 73 6
a 53 241 9
a 53 355 5
a 54 63 9
a 55 258 10
a 56 116 5
a 56 258 4
a 57 32 3
a 58 203 7
a 58 223 8
a 58 227 3
a 59 37 1
a 59 191 2
a 59 338 9
a 59 396 6
a 60 307 2
a 60 362 6
a 60 365 4
a 61 120 2
a 61 125 10
a 61 233 5
a 62 18 2
a 63 12 7
a 64 133 2
a 64 345 3
a 65 163 5
a 65 212 1
a 66 72 9
a 66 98 3
a 66 129 2
a 66 354 2
a 67 97 6
a 68 192 3
a 68 396 6
a 69 82 7
a 69 304 4
a 69 322 7
a 70 44 10
a 70 334 3
a 71 12 1
a 71 386 10
a 72 231 6
a 73 380 5
a 74 71 6
a 74 118 2
a 74 286 10
a 74 342 4
a 75 322 5
a 76 66 5
a 76 70 5
a 76 141 3
a 76 266 5
a 77 247 10
a 77 343 7
a 78 21 3
a 78 207 8
a 79 257 1
a 80 219 3
a 81 234 9
a 82 105 4
a 82 194 2
a 83 128 1
a 83 170 3
a 83 196 4
a 83 206 5
a 83 210 8
a 83 254 5
a 84 58 5
a 84 367 10
a 84 381 10
a 85 101 1
a 86 173 5
a 86 378 9
a 87 383 10
a 88 200 6
a 89 346 6
a 90 226 9
a 90 391 6
a 91 208 5
a 92 159 7
a 92 370 9
a 93 195 4
a 93 335 3
a 94 55 3
a 94 245 1
a 95 96 10
a 95 298 1
a 96 268 9
a 96 319 1
a 97 353 4
a 98 54 6
a 98 347 5
a 99 167 10
a 100 6 9
a 100 102 6
a 100 166 7
a 100 186 4
a 100 362 6
a 101 149 1
a 102 317 1
a 103 75 6
a 103 302 8
a 104 366 2
a 105 394 9
a 106 57 8
a 106 400 8
a 107 12 1
a 107 62 1
a 107 262 3
a 107 394 5
a 108 28 5
a 108 154 5
a 109 225 4
a 109 399 4
a 110 274 2
a 110 319 2
a 111 214 5
a 112 7 1
a 113 177 6
a 113 254 5
a 113 394 7
a 114 32 6
a 115 148 10
a 116 136 10
a 116 181 6
a 116 364 3
a 117 54 8
a 117 305 3
a 117 356 3
a 118 27 4
a 118 81 10
a 118 177 5
a 119 266 9
a 120 255 4
a 121 97 9
a 121 155 5
a 121 245 6
a 121 257 1
a 122 39 4
a 123 310 1
a 123 359 3
a 124 35 5
a 124 152 6
a 124 261 9
a 125 127 7
a 125 162 8
a 126 3 1
a 127 47 3
a 127 95 3
a 128 237 4
a 128 318 10
a 128 392 6
a 129 34 7
a 129 92 1
a 130 169 8
a 130 174 9
a 131 181 4
a 131 270 3
a 132 306 1
a 133 176 6
a 133 218 3
a 134 12 8
a 135 194 5
a 135 350 8
a 135 391 7
a 136 271 4
a 136 272 5
a 136 312 7
a 136 379 2
a 137 186 8
a 137 283 5
a 138 322 1
a 139 127 7
a 139 156 8
a 140 23 7
a 140 131 7
a 141 131 7
a 141 389 3
a 142 100 7
a 142 202 9
a 142 368 5
a 143 57 4
a 143 385 4
a 144 29 1
a 144 192 5
a 145 180 5
a 145 226 1
a 146 14 4
a 146 138 10
a 147 182 9
a 148 25 10
a 148 344 1
a 149 287 1
a 150 99 6
a 150 221 7
a 150 306 2
a 150 365 3
a 151 37 1
a 151 394 4
a 152 196 7
a 153 365 4
a 154 34 1
a 154 150 7
a 155 189 8
a 156 233 10
a 156 260 5
a 157 33 6
a 157 149 8
a 157 211 3
a 158 182 9
a 158 217 10
a 159 10 4
a 159 44 1
a 159 176 2
a 160 23 1
a 160 265 3
a 160 344 3
a 161 31 6
a 162 120 6
a 163 122 9
a 164 95 9
a 165 251 8
a 165 299 8
a 165 380 3
a 166 136 3
a 166 238 8
a 167 114 3
a 167 303 2
a 168 257 10
a 169 50 6
a 169 331 10
a 170 307 7
a 171 2 9
a 171 263 1
a 172 8 8
a 172 250 3
a 173 332 10
a 174 241 7
a 175 163 1
a 175 199 9
a 176 131 4
a 176 371 7
a 177 11 9
a 178 62 5
a 178 85 5
a 179 18 10
a 179 185 10
a 179 246 6
a 180 149 2
a 180 376 6
a 181 34 6
a 182 2 7
a 183 162 5
a 184 265 3
a 184 346 4
a 185 63 5
a 185 187 6
a 185 292 6
a 186 288 6
a 187 129 5
a 188 27 3
a 189 210 6
a 190 28 2
a 190 43 4
a 190 124 3
a 190 270 4
a 190 387 8
a 191 84 6
a 192 146 9
a 192 177 7
a 193 339 8
a 194 17 5
a 194 87 10
a 195 253 7
a 195 381 2
a 196 377 2
a 197 83 7
a 198 157 2
a 198 222 9
a 198 226 5
a 199 9 4
a 199 16 7
a 199 339 4
a 200 123 5
a 201 69 2
a 201 108 4
a 202 111 6
a 202 375 4
a 203 158 4
a 203 180 3
a 204 35 1
a 204 246 8
a 204 284 6
a 204 312 4
a 205 5 9
a 205 301 8
a 205 371 10
a 206 181 4
a 207 399 9
a 208 203 1
a 209 159 9
a 210 207 2
a 210 278 2
a 210 289 9
a 211 300 4
a 211 361 10
a 212 384 6
a 213 60 9
a 213 234 4
a 214 264 9
a 215 15 2
a 215 236 4
a 216 52 9
a 216 83 3
a 216 343 9
a 217 104 2
a 218 349 1
a 219 107 1
a 219 202 4
a 220 183 4
a 220 193 1
a 221 241 2
a 222 11 3
a 223 126 3
a 223 197 9
a 223 358 10
a 224 85 8
a 224 276 9
a 225 24 4
a 225 84 3
a 226 140 8
a 226 181 5
a 227 77 9
a 227 246 3
a 227 300 7
a 227 335 4
a 228 144 4
a 228 209 1
a 228 264 4
a 228 348 8
a 229 218 5
a 229 374 8
a 230 76 7
a 230 104 5
a 230 138 1
a 230 280 5
a 230 288 1
a 231 35 6
a 231 262 8
a 232 78 6
a 233 7 4
a 233 132 8
a 233 288 2
a 234 25 9
a 235 12 5
a 235 117 3
a 236 161 8
a 236 233 1
a 237 13 7
a 237 161 3
a 238 101 6
a 238 240 7
a 239 118 7
a 239 259 10
a 240 16 8
a 240 172 9
a 240 330 7
a 241 50 9
a 242 198 5
a 242 317 2
a 242 372 1
a 243 372 8
a 244 270 1
a 245 236 9
a 245 355 1
a 246 214 1
a 246 242 9
a 246 273 1
a 247 4 7
a 247 65 6
a 247 237 4
a 248 299 9
a 249 24 4
a 249 110 6
a 249 290 5
a 249 376 5
a 250 123 1
a 250 171 2
a 250 224 4
a 250 333 10
a 251 305 4
a 252 244 2
a 252 296 7
a 253 106 7
a 253 308 6
a 253 325 4
a 254 27 4
a 255 46 2
a 255 227 3
a 255 249 10
a 256 129 1
a 256 188 5
a 256 291 9
a 257 150 10
a 257 236 8
a 258 378 8
a 259 391 10
a 260 109 2
a 260 249 10
a 261 198 1
a 261 228 8
a 262 122 2
a 262 287 6
a 263 340 2
a 263 359 5
a 264 96 1
a 264 201 1
a 264 346 5
a 265 181 3
a 265 220 8
a 266 272 9
a 267 53 8
a 267 323 10
a 268 2 9
a 268 91 2
a 268 168 1
a 268 325 2
a 269 63 2
a 270 39 1
a 270 40 10
a 270 156 6
a 270 371 3
a 271 144 5
a 272 254 4
a 272 274 2
a 272 342 9
a 273 86 8
a 273 108 2
a 273 271 8
a 274 88 6
a 274 255 5
a 274 303 6
a 275 396 9
a 276 26 2
a 276 378 9
a 277 232 9
a 278 182 8
a 278 298 1
a 279 228 8
a 279 293 2
a 280 130 9
a 281 23 8
a 281 395 6
a 282 155 2
a 282 343 3
a 282 352 4
a 283 153 7
a 283 204 8
a 283 364 8
a 284 265 10
a 285 58 7
a 285 139 9
a 286 184 4
a 286 327 7
a 287 23 4
a 288 55 7
a 288 148 7
a 289 248 1
a 290 89 8
a 290 214 5
a 291 319 9
a 291 346 6
a 292 225 10
a 293 294 10
a 294 221 9
a 295 105 8
a 295 339 6
a 296 235 5
a 296 373 3
a 297 27 8
a 297 165 10
a 297 321 9
a 298 249 6
a 298 337 8
a 299 226 5
a 299 314 4
a 299 329 5
a 299 357 5
a 299 370 1
a 300 90 10
a 300 316 3
a 301 27 7
a 302 123 4
a 303 19 4
a 303 50 9
a 303 113 7
a 304 48 5
a 304 321 3
a 305 280 2
a 306 162 6
a 306 251 3
a 307 206 6
a 307 229 3
a 307 369 4
a 308 2 5
a 309 74 7
a 309 84 10
a 310 173 8
a 310 198 10
a 310 239 4
a 311 74 8
a 311 351 6
a 312 277 4
a 313 9 4
a 313 349 7
a 314 219 4
a 315 11 8
a 315 273 6
a 315 360 8
a 316 17 2
a 316 18 5
a 316 51 3
a 316 291 5
a 317 213 10
a 317 232 8
a 317 328 3
a 318 281 2
a 318 390 7
a 319 53 2
a 319 104 2
a 320 346 5
a 321 66 3
a 322 74 2
a 322 249 8
a 323 153 1
a 324 100 8
a 324 366 6
a 325 78 7
a 325 160 3
a 325 282 2
a 326 154 7
a 327 386 3
a 328 64 4
a 328 255 9
a 328 306 3
a 329 122 1
a 329 130 3
a 329 398 10
a 330 147 7
a 330 235 9
a 331 316 5
a 332 239 2
a 332 398 8
a 333 42 3
a 333 219 3
a 333 377 6
a 334 149 1
a 334 179 6
a 334 285 3
a 335 344 9
a 336 96 1
a 336 224 9
a 337 37 1
a 338 314 10
a 339 36 4
a 339 240 6
a 339 285 2
a 339 309 4
a 340 296 2
a 340 393 10
a 341 191 1
a 341 260 4
a 342 150 5
a 342 261 6
a 343 67 5
a 343 295 4
a 343 327 8
a 343 328 1
a 344 80 6
a 345 206 5
a 346 75 4
a 346 310 8
a 347 80 4
a 347 243 1
a 347 324 3
a 347 325 3
a 348 31 3
a 348 178 4
a 348 183 8
a 348 246 8
a 349 269 7
a 349 271 1
a 349 283 10
a 350 9 2
a 350 225 2
a 351 119 8
a 351 140 7
a 352 260 9
a 353 175 5
a 353 357 4
a 354 68 7
a 354 210 9
a 355 198 9
a 355 311 7
a 356 3 3
a 356 59 3
a 356 103 9
a 356 275 5
a 357 278 10
a 357 385 5
a 358 56 5
a 358 74 8
a 358 169 6
a 359 320 1
a 359 363 8
a 360 127 3
a 360 395 7
a 361 20 2
a 361 135 6
a 362 291 5
a 363 112 2
a 363 256 10
a 363 282 6
a 364 89 9
a 364 94 1
a 364 115 5
a 364 275 9
a 365 193 1
a 365 267 8
a 366 67 2
a 366 94 6
a 366 143 9
a 367 222 9
a 368 147 10
a 368 246 8
a 369 158 8
a 369 277 1
a 370 265 9
a 371 363 4
a 372 21 7
a 372 248 2
a 373 49 2
a 373 90 8
a 373 293 8
a 373 375 7
a 374 142 5
a 375 12 9
a 375 63 5
a 376 215 3
a 376 367 7
a 377 18 4
a 377 393 5
a 378 38 2
a 378 231 3
a 379 381 3
a 380 98 10
a 380 205 5
a 381 53 7
a 381 121 5
a 381 240 1
a 381 322 10
a 382 158 5
a 382 397 5
a 383 250 2
a 384 349 2
a 385 317 4
a 386 143 1
a 387 154 2
a 387 383 2
a 388 256 5
a 388 307 8
a 389 48 1
a 390 137 5
a 390 285 9
a 390 317 9
a 391 230 9
a 392 342 7
a 393 63 6
a 394 20 4
a 394 42 6
a 394 211 3
a 394 266 1
a 395 164 1
a 395 302 5
a 395 382 3
a 396 339 2
a 397 213 7
a 397 384 9
a 398 75 6
a 398 89 4
a 398 275 3
a 398 315 6
a 399 197 10
a 399 373 7
