p max 400 800
n 1 s
n 400 t
a 1 286 10
a 2 309 10
a 2 340 3
a 2 391 3
a 3 297 3
a 4 36 3
a 4 223 5
a 4 263 1
a 5 271 4
a 6 92 3
a 6 96 1
a 7 115 5
a 8 203 7
a 9 295 6
a 10 13 5
a 11 16 8
a 12 225 4
a 12 250 4
a 12 252 8
a 12 398 4
a 13 133 1
a 14 360 2
a 15 178 1
a 15 285 5
a 16 67 3
a 16 128 8
a 16 248 9
a 17 99 7
a 18 261 2
a 19 206 2
a 19 399 5
a 20 28 5
a 20 140 9
a 21 383 3
a 22 24 3
a 22 92 3
a 23 68 7
a 23 153 5
a 23 172 9
a 24 51 7
a 24 211 7
a 24 245 5
a 24 328 8
a 25 188 9
a 26 220 10
a 27 58 3
a 27 92 6
a 28 75 10
a 28 323 10
a 29 55 10
a 29 269 8
a 29 370 8
a 29 394 5
a 30 79 4
a 30 240 7
a 30 381 3
a 31 152 5
a 31 264 4
a 32 283 3
a 32 329 7
a 33 56 10
a 33 60 3
a 33 103 7
a 33 216 6
a 33 231 7
a 34 313 6
a 35 339 4
a 35 356 10
a 36 65 6
a 37 64 3
a 37 205 3
a 38 30 5
a 38 184 9
a 39 226 8
a 40 388 9
a 41 107 5
a 41 222 3
a 41 318 5
a 42 87 7
a 42 270 9
a 43 59 7
a 43 360 2
a 44 22 7
a 44 362 6
a 45 232 10
a 45 265 6
a 45 356 8
a 46 73 1
a 46 377 10
a 47 222 7
a 48 6 2
a 48 173 6
a 49 209 10
a 50 18 2
a 50 29 5
a 50 156 7
a 51 101 6
a 51 278 10
a 52 208 4
a 52 283 2
a 52 312 2
a 52 321 5
a 53 31 4
a 53 276 10
a 53 354 1
a 54 204 5
a 54 333 1
a 55 46 10
a 56 145 2
a 56 374 7
a 57 182 8
a 57 387 10
a 58 7 9
a 58 45 2
a 59 259 1
a 59 290 8
a 59 297 9
a 60 134 10
a 60 274 1
a 61 191 5
a 61 363 2
a 62 283 2
a 62 303 3
a 63 14 5
a 63 25 4
a 63 67 1
a 63 278 6
a 64 15 5
a 64 40 2
a 64 233 1
a 64 279 10
a 65 318 10
a 66 118 6
a 67 125 6
a 67 289 6
a 67 386 3
a 68 67 7
a 68 192 3
a 68 352 3
a 69 198 6
a 70 71 9
a 70 72 10
a 71 140 1
a 71 289 7
a 72 226 9
a 73 148 10
a 74 60 2
a 74 256 9
a 75 48 6
a 75 231 4
a 76 321 7
a 77 120 3
a 77 267 2
a 78 207 6
a 79 93 7
a 80 142 4
a 80 385 7
a 81 9 8
a 81 372 4
a 82 86 2
a 83 112 5
a 83 281 8
a 84 191 10
a 85 233 5
a 85 380 1
a 86 65 3
a 86 246 2
a 87 15 1
a 87 37 5
a 87 261 10
a 87 267 4
a 88 247 9
a 89 219 9
a 89 243 1
a 90 302 2
a 91 173 3
a 92 82 9
a 92 360 5
a 93 47 7
a 93 353 9
a 94 57 10
a 94 270 9
a 94 361 7
a 95 14 6
a 96 158 9
a 96 369 6
a 97 236 6
a 97 330 4
a 98 5 10
a 98 203 8
a 99 327 9
a 99 335 4
a 100 79 6
a 100 91 6
a 100 255 1
a 101 204 8
a 101 371 8
a 101 390 6
a 102 44 9
a 102 93 1
a 102 322 2
a 103 286 7
a 104 6 3
a 104 373 5
a 105 74 9
a 105 197 7
a 105 309 4
a 106 17 5
a 107 363 8
a 108 77 8
a 108 90 10
a 108 210 9
a 108 246 5
a 108 366 9
a 109 155 8
a 109 184 8
a 110 35 1
a 111 357 9
a 112 42 9
a 112 105 10
a 112 350 1
a 113 40 8
a 114 243 2
a 115 156 7
a 116 4 9
a 116 11 2
a 117 248 2
a 118 176 8
a 118 271 7
a 118 367 3
a 119 398 9
a 120 129 5
a 120 303 6
a 121 242 7
a 122 51 4
a 122 326 6
a 123 217 10
a 123 333 3
a 124 372 9
a 125 148 4
a 125 158 4
a 125 165 2
a 125 345 4
a 125 378 1
a 126 214 1
a 127 113 2
a 128 274 7
a 128 312 1
a 129 344 3
a 130 34 4
a 130 395 10
a 131 2 10
a 131 53 2
a 131 100 7
a 132 121 4
a 132 353 9
a 133 215 2
a 133 254 9
a 134 321 8
a 135 42 5
a 135 365 4
a 136 257 5
a 136 285 7
a 136 324 1
a 137 395 6
a 138 16 2
a 138 195 3
a 138 281 1
a 139 50 7
a 139 296 5
a 140 160 9
a 140 186 2
a 141 340 8
a 142 67 5
a 142 297 1
a 142 392 10
a 143 39 10
a 144 305 3
a 144 362 6
a 145 200 1
a 146 41 9
a 146 337 8
a 147 116 8
a 147 332 9
a 148 80 9
a 148 203 8
a 148 397 10
a 149 301 3
a 150 166 9
a 150 238 9
a 150 299 7
a 151 71 3
a 152 8 9
a 152 109 10
a 152 284 9
a 153 161 5
a 153 238 9
a 154 43 8
a 154 163 7
a 155 26 7
a 155 69 4
a 155 177 1
a 155 250 5
a 156 183 3
a 156 185 9
a 156 363 4
a 157 64 1
a 157 307 9
a 158 36 3
a 159 66 8
a 160 66 6
a 160 126 7
a 160 282 7
a 160 309 7
a 160 319 9
a 161 361 8
a 161 383 3
a 162 93 1
a 162 254 6
a 162 346 8
a 163 261 10
a 164 285 7
a 164 327 2
a 165 31 8
a 165 76 1
a 165 306 5
a 166 204 5
a 167 159 2
a 167 302 8
a 168 11 7
a 168 381 7
a 169 37 9
a 169 132 2
a 170 198 3
a 171 2 3
a 171 332 3
a 172 195 10
a 172 356 1
a 173 52 5
a 173 223 5
a 173 295 5
a 174 314 4
a 174 341 5
a 174 400 10
a 175 170 5
a 175 189 1
a 175 295 4
a 176 200 7
a 176 216 10
a 176 221 1
a 177 146 1
a 177 196 1
a 178 291 9
a 179 337 2
a 179 389 7
a 180 93 7
a 180 247 4
a 180 294 7
a 180 315 10
a 181 31 10
a 181 174 1
a 182 194 6
a 182 252 9
a 182 298 6
a 183 367 5
a 184 243 10
a 185 117 7
a 185 148 8
a 185 366 5
a 186 48 3
a 187 123 6
a 188 147 10
a 188 349 8
a 189 162 2
a 190 378 2
a 191 54 5
a 191 368 6
a 191 379 9
a 192 173 8
a 192 242 1
a 193 99 6
a 194 397 8
a 195 24 1
a 196 256 1
a 196 271 5
a 197 151 5
a 197 255 9
a 198 54 9
a 199 13 5
a 199 231 1
a 200 52 10
a 200 64 8
a 200 222 2
a 201 251 9
a 201 350 1
a 202 22 3
a 202 83 3
a 202 267 6
a 203 75 3
a 204 261 10
a 205 71 10
a 206 194 9
a 207 236 6
a 207 278 1
a 207 332 4
a 208 281 3
a 209 205 9
a 209 385 5
a 210 235 3
a 210 238 4
a 211 174 9
a 211 288 9
a 212 372 9
a 213 307 7
a 214 32 9
a 214 267 5
a 215 175 10
a 216 73 4
a 217 169 9
a 217 284 8
a 217 400 3
a 218 119 10
a 219 320 2
a 220 95 5
a 220 236 1
a 221 70 6
a 221 84 8
a 221 361 1
a 222 215 1
a 222 383 3
a 223 235 9
a 224 304 6
a 225 60 10
a 225 119 4
a 225 206 6
a 226 152 8
a 226 179 3
a 227 20 4
a 227 108 3
a 227 184 8
a 228 108 10
a 228 164 9
a 229 35 3
a 229 275 1
a 230 123 4
a 230 139 7
a 230 214 6
a 230 375 5
a 231 79 5
a 232 78 8
a 232 99 10
a 232 229 4
a 233 54 9
a 234 181 8
a 235 46 5
a 235 308 5
a 236 152 3
a 237 3 9
a 237 145 1
a 237 236 5
a 238 96 1
a 238 147 4
a 238 325 2
a 239 190 7
a 239 338 3
a 240 63 6
a 240 111 5
a 240 362 10
a 241 38 4
a 242 212 7
a 242 347 6
a 243 29 4
a 243 357 3
a 244 224 6
a 244 391 4
a 245 133 2
a 245 198 9
a 245 217 10
a 245 271 4
a 245 340 6
a 246 157 4
a 246 242 1
a 247 94 2
a 247 173 8
a 248 62 2
a 248 232 4
a 249 119 5
a 250 19 4
a 251 323 4
a 251 357 10
a 251 393 6
a 252 192 1
a 252 384 4
a 253 183 9
a 253 302 10
a 254 362 7
a 255 98 10
a 256 175 1
a 256 252 7
a 257 195 9
a 258 385 6
a 259 135 3
a 260 244 5
a 261 181 10
a 262 214 6
a 262 335 8
a 263 82 2
a 263 135 9
a 263 343 4
a 264 237 2
a 264 303 8
a 265 9 6
a 265 227 7
a 266 187 10
a 266 323 9
a 267 43 7
a 267 207 4
a 267 239 3
a 267 276 9
a 268 136 1
a 268 339 2
a 268 373 1
a 269 242 1
a 269 388 7
a 270 10 9
a 270 167 5
a 271 30 8
a 272 244 7
a 273 301 4
a 273 391 5
a 274 378 9
a 275 247 8
a 276 17 8
a 276 334 5
a 276 384 3
a 277 23 4
a 277 89 8
a 277 176 9
a 278 144 5
a 278 202 9
a 278 262 1
a 278 398 1
a 279 39 8
a 279 257 3
a 279 313 8
a 280 102 8
a 280 394 4
a 281 231 2
a 281 260 2
a 282 238 7
a 283 58 8
a 284 9 3
a 284 396 6
a 285 199 10
a 285 382 10
a 286 393 4
a 287 10 7
a 287 89 8
a 287 311 10
a 288 162 8
a 288 212 4
a 289 126 2
a 290 320 8
a 291 87 10
a 292 70 3
a 292 258 10
a 293 237 6
a 294 170 8
a 294 376 8
a 295 45 7
a 295 272 1
a 295 371 5
a 296 164 4
a 297 49 2
a 297 280 8
a 297 301 4
a 297 360 10
a 298 81 4
a 298 122 10
a 299 46 10
a 299 382 6
a 300 5 10
a 300 202 3
a 301 173 8
a 302 61 5
a 302 131 7
a 302 347 8
a 303 311 7
a 304 398 8
a 305 137 8
a 305 174 7
a 306 38 2
a 306 61 5
a 306 143 8
a 306 351 10
a 306 389 7
a 307 35 2
a 307 172 6
a 308 201 7
a 309 33 1
a 309 378 4
a 310 42 6
a 310 144 4
a 311 139 3
a 312 72 9
a 312 111 5
a 312 342 4
a 313 56 10
a 313 98 8
a 313 202 7
a 313 292 1
a 314 201 4
a 314 233 10
a 315 173 5
a 315 219 4
a 316 181 1
a 316 253 5
a 316 255 4
a 316 317 4
a 317 118 8
a 317 277 6
a 317 307 10
a 318 129 5
a 319 28 5
a 320 113 9
a 320 195 10
a 320 310 1
a 321 240 8
a 322 133 4
a 322 359 3
a 323 129 10
a 323 379 7
a 324 380 3
a 325 323 7
a 325 364 10
a 326 7 8
a 326 331 6
a 327 326 10
a 328 12 9
a 328 134 5
a 328 346 2
a 329 189 4
a 329 218 9
a 329 348 6
a 330 82 2
a 331 20 1
a 331 211 4
a 332 111 10
a 332 152 4
a 333 93 4
a 333 391 8
a 334 304 9
a 335 74 1
a 335 186 6
a 336 230 5
a 336 244 10
a 337 339 2
a 338 27 9
a 338 381 7
a 339 122 6
a 339 372 10
a 339 400 8
a 340 68 6
a 340 287 10
a 341 263 4
a 342 44 8
a 342 193 6
a 342 228 4
a 343 47 2
a 343 73 7
a 343 86 8
a 343 173 9
a 343 335 4
a 343 350 8
a 344 114 4
a 344 138 3
a 344 235 8
a 345 154 2
a 345 291 2
a 346 400 7
a 347 107 4
a 348 115 2
a 348 130 3
a 348 277 9
a 348 366 6
a 349 179 4
a 350 137 6
a 350 182 2
a 351 82 2
a 351 162 6
a 351 171 6
a 351 308 4
a 352 28 8
a 352 140 5
a 352 209 7
a 352 291 1
a 352 344 10
a 353 37 6
a 353 153 4
a 354 375 7
a 355 3 3
a 355 19 10
a 355 300 8
a 356 99 6
a 356 293 1
a 357 88 7
a 357 106 3
a 358 208 8
a 359 239 6
a 359 320 7
a 359 390 6
a 360 149 8
a 360 197 2
a 360 225 2
a 361 68 1
a 361 234 8
a 361 249 6
a 361 338 3
a 362 45 1
a 362 213 6
a 362 230 7
a 362 286 5
a 363 14 9
a 363 21 3
a 364 86 6
a 364 266 4
a 364 336 5
a 365 92 5
a 365 124 5
a 366 73 6
a 367 248 6
a 368 138 6
a 368 196 3
a 369 107 4
a 370 78 6
a 370 85 4
a 370 273 9
a 370 299 1
a 371 141 4
a 371 368 10
a 372 294 5
a 373 361 5
a 374 189 7
a 374 296 2
a 374 400 10
a 375 97 8
a 375 320 2
a 376 219 10
a 377 273 3
a 377 313 3
a 378 88 10
a 378 161 2
a 378 226 1
a 378 358 5
a 379 3 1
a 379 77 3
a 379 355 9
a 380 102 7
a 380 241 2
a 380 299 3
a 381 131 5
a 382 179 6
a 382 180 3
a 383 25 7
a 383 150 5
a 384 127 2
a 384 240 6
a 384 316 2
a 384 359 7
a 385 128 10
a 386 173 8
a 386 181 7
a 386 304 10
a 386 349 9
a 387 330 7
a 388 83 3
a 389 116 7
a 390 55 6
a 391 168 7
a 391 395 5
a 392 293 1
a 393 22 2
a 393 104 3
a 393 297 5
a 393 356 3
a 394 220 2
a 394 323 4
a 395 81 2
a 395 184 2
a 395 372 5
a 396 216 3
a 396 363 2
a 397 110 2
a 397 188 8
a 397 236 5
a 398 168 5
a 398 227 6
a 398 268 1
a 398 323 5
a 399 188 2
