p max 400 800
n 1 s
n 400 t
a 1 98 2
a 1 290 10
a 2 63 10
a 2 78 6
a 2 262 2
a 3 205 4
a 3 272 6
a 3 385 4
a 4 309 4
a 4 344 5
a 5 61 2
a 5 161 10
a 6 236 4
a 7 14 5
a 7 79 6
a 7 389 2
a 8 21 5
a 8 146 7
a 9 96 3
a 9 171 6
a 9 172 5
a 10 49 8
a 10 319 3
a 11 71 1
a 12 291 5
a 12 395 6
a 13 147 9
a 14 167 3
a 15 105 6
a 15 108 4
a 15 165 9
a 15 227 10
a 16 153 9
a 17 112 9
a 17 150 10
a 17 166 3
a 18 13 1
a 18 55 9
a 19 12 2
a 20 249 7
a 21 107 10
a 21 298 6
a 22 150 1
a 23 237 10
a 23 316 7
a 24 124 3
a 24 305 10
a 24 391 2
a 25 342 3
a 25 392 5
a 26 168 10
a 27 241 5
a 27 344 7
a 27 356 8
a 28 294 8
a 29 79 7
a 30 244 7
a 30 246 2
a 30 273 6
a 31 392 6
a 32 363 5
a 33 244 7
a 33 390 2
a 34 5 9
a 34 39 2
a 34 96 10
a 35 114 10
a 35 388 2
a 36 161 3
a 36 189 1
a 36 216 9
a 37 15 6
a 37 268 5
a 38 2 7
a 39 255 7
a 40 184 5
a 40 348 4
a 41 203 2
a 41 277 3
a 42 172 3
a 42 358 1
a 43 209 5
a 43 360 9
a 44 5 6
a 44 152 4
a 45 44 5
a 45 80 9
a 45 202 2
a 46 279 4
a 47 226 5
a 48 218 9
a 48 279 4
a 48 285 2
a 49 25 9
a 49 248 10
a 49 350 6
a 50 175 10
a 51 357 2
a 52 104 7
a 52 106 1
a 53 115 6
a 53 332 4
a 54 111 5
a 54 345 9
a 54 400 6
a 55 62 1
a 55 295 1
a 56 34 6
a 57 138 6
a 57 330 3
a 58 173 8
a 58 182 7
a 58 259 8
a 58 311 6
a 59 62 7
a 59 143 2
a 59 354 3
a 60 154 2
a 60 378 2
a 61 167 8
a 61 273 6
a 62 11 6
a 62 135 6
a 63 187 2
a 63 267 10
a 64 200 2
a 64 280 1
a 65 193 4
a 65 290 9
a 65 380 7
a 66 14 8
a 67 101 10
a 67 363 7
a 68 197 4
a 69 54 7
a 69 162 9
a 69 374 8
a 70 168 1
a 70 176 2
a 70 274 1
a 71 66 6
a 72 156 3
a 72 189 8
a 72 322 1
a 73 44 1
a 73 136 2
a 74 93 5
a 74 204 4
a 74 214 6
a 75 330 10
a 76 6 10
a 76 22 6
a 76 198 1
a 77 387 3
a 78 90 4
a 78 157 9
a 79 62 8
a 80 93 7
a 81 345 1
a 82 295 9
a 82 355 6
a 82 383 5
a 83 23 4
a 83 81 3
a 84 23 10
a 84 105 9
a 84 223 3
a 84 322 1
a 85 298 4
a 86 343 5
a 87 82 8
a 87 389 2
a 88 5 2
a 88 336 8
a 89 302 1
a 90 55 4
a 90 86 3
a 91 253 2
a 91 260 10
a 92 151 9
a 93 331 1
a 94 304 10
a 95 97 10
a 95 300 2
a 95 377 4
a 96 71 3
a 96 233 1
a 97 34 7
a 97 204 8
a 97 257 8
a 98 122 1
a 99 49 10
a 99 328 10
a 100 387 10
a 101 371 7
a 102 41 1
a 102 237 6
a 103 27 6
a 103 145 4
a 103 296 10
a 104 312 2
a 105 103 1
a 105 130 2
a 106 117 7
a 106 234 2
a 106 304 7
a 107 199 10
a 108 25 7
a 108 346 6
a 109 9 9
a 109 151 5
a 109 164 2
a 109 281 10
a 110 31 1
a 110 179 3
a 111 240 3
a 112 44 6
a 112 397 2
a 113 59 7
a 113 95 10
a 114 365 5
a 115 42 3
a 115 192 10
a 116 126 9
a 116 160 6
a 116 302 6
a 117 16 3
a 117 321 4
a 118 6 3
a 118 86 4
a 118 142 10
a 118 334 9
a 119 231 9
a 120 67 3
a 120 296 3
a 121 40 2
a 121 76 5
a 121 110 6
a 122 294 7
a 123 230 1
a 123 293 6
a 124 293 6
a 125 148 3
a 125 276 7
a 125 398 7
a 126 155 9
a 126 300 6
a 127 139 2
a 127 332 10
a 128 101 4
a 128 155 7
a 129 102 8
a 129 219 1
a 130 145 5
a 130 299 9
a 131 275 4
a 132 240 6
a 132 250 2
a 132 285 4
a 133 53 7
a 133 75 8
a 133 313 8
a 133 386 6
a 134 46 3
a 134 132 5
a 134 366 1
a 134 382 9
a 135 240 1
a 135 268 6
a 135 310 3
a 136 49 9
a 136 94 6
a 137 60 1
a 137 79 9
a 137 181 10
a 137 323 3
a 138 278 9
a 138 293 1
a 138 339 6
a 139 218 5
a 140 8 2
a 140 301 5
a 140 353 8
a 141 186 10
a 141 360 4
a 142 46 2
a 142 307 9
a 143 8 5
a 143 11 1
a 143 216 5
a 143 307 2
a 144 10 1
a 144 85 6
a 144 328 8
a 145 230 10
a 145 339 8
a 146 173 6
a 146 297 4
a 147 84 3
a 147 204 4
a 148 128 5
a 148 218 10
a 148 271 3
a 148 306 1
a 149 89 10
a 149 345 4
a 150 351 9
a 151 71 6
a 151 269 3
a 151 366 5
a 152 384 7
a 153 196 6
a 154 277 10
a 155 95 4
a 155 256 5
a 156 46 1
a 156 400 10
a 157 395 3
a 158 215 4
a 159 224 9
a 160 319 4
a 161 255 8
a 161 286 1
a 162 168 9
a 162 219 4
a 163 229 6
a 163 262 6
a 164 68 2
a 164 131 9
a 165 122 8
a 166 68 2
a 167 232 2
a 168 83 5
a 168 236 2
a 169 159 2
a 169 174 8
a 169 335 5
a 170 154 10
a 171 69 4
a 171 295 1
a 172 28 7
a 172 199 4
a 172 337 5
a 173 237 4
a 173 326 10
a 174 35 2
a 174 236 3
a 174 367 10
a 175 309 3
a 175 372 6
a 176 83 8
a 176 157 1
a 177 243 6
a 178 52 9
a 178 129 9
a 178 373 10
a 179 22 1
a 180 90 2
a 180 381 10
a 181 47 1
a 181 93 9
a 181 120 3
a 181 126 7
a 181 356 3
a 182 237 1
a 182 272 5
a 183 78 10
a 183 111 9
a 183 232 6
a 184 10 4
a 184 38 2
a 184 208 9
a 185 17 2
a 186 194 7
a 186 211 5
a 186 348 6
a 186 375 4
a 187 45 4
a 187 185 9
a 188 192 8
a 188 249 7
a 189 80 10
a 190 125 4
a 191 2 4
a 191 383 1
a 192 49 1
a 193 158 2
a 193 289 1
a 194 216 1
a 194 349 4
a 195 21 4
a 195 119 9
a 195 340 8
a 196 103 10
a 196 135 3
a 197 64 10
a 197 113 4
a 197 177 8
a 197 246 9
a 198 374 4
a 199 157 3
a 200 141 9
a 200 209 4
a 200 249 9
a 201 7 5
a 201 312 3
a 202 48 10
a 202 57 8
a 202 268 3
a 203 122 8
a 203 188 6
a 203 398 6
a 204 318 10
a 205 182 7
a 206 49 8
a 206 137 4
a 207 255 10
a 208 70 7
a 208 231 3
a 209 236 1
a 209 270 4
a 210 19 5
a 211 185 8
a 212 127 7
a 212 286 8
a 212 399 6
a 213 104 5
a 213 242 2
a 214 10 1
a 214 208 9
a 214 291 4
a 215 210 5
a 215 275 4
a 215 327 2
a 216 149 1
a 216 264 2
a 216 324 7
a 216 331 8
a 217 276 5
a 217 285 3
a 217 341 6
a 218 73 9
a 218 308 3
a 219 182 9
a 219 221 5
a 219 324 3
a 220 155 8
a 220 161 6
a 221 226 1
a 221 298 2
a 222 110 1
a 222 163 3
a 222 240 7
a 223 36 10
a 223 105 6
a 223 281 9
a 224 212 6
a 224 230 5
a 225 234 3
a 226 265 1
a 226 310 4
a 227 102 2
a 227 147 4
a 227 215 5
a 228 145 1
a 228 320 1
a 229 207 10
a 230 270 9
a 231 52 10
a 231 215 8
a 231 330 7
a 232 88 2
a 233 349 5
a 234 27 2
a 234 92 10
a 234 259 3
a 234 312 9
a 234 376 9
a 235 263 3
a 235 323 4
a 236 93 8
a 236 207 1
a 237 266 5
a 238 276 4
a 238 374 9
a 239 67 1
a 239 77 8
a 239 234 2
a 240 159 9
a 240 186 1
a 241 74 7
a 241 247 6
a 242 191 5
a 243 218 5
a 244 154 5
a 244 251 8
a 245 56 2
a 246 128 6
a 247 59 6
a 248 24 1
a 248 158 1
a 248 254 8
a 249 73 7
a 249 376 5
a 250 312 8
a 251 208 5
a 252 260 3
a 253 11 1
a 253 99 1
a 254 222 6
a 254 267 9
a 254 288 4
a 255 201 1
a 256 185 6
a 256 242 3
a 256 342 5
a 257 26 2
a 257 193 7
a 258 33 2
a 258 76 10
a 259 16 1
a 259 106 8
a 260 239 4
a 261 42 6
a 262 3 7
a 263 11 8
a 263 12 6
a 264 251 1
a 265 158 7
a 266 147 8
a 267 116 7
a 267 201 10
a 268 59 8
a 268 75 10
a 268 109 10
a 269 95 5
a 269 140 5
a 270 217 9
a 271 58 8
a 271 233 10
a 272 34 4
a 273 282 7
a 273 347 1
a 274 198 5
a 275 38 8
a 275 176 8
a 275 190 8
a 276 63 9
a 276 369 5
a 277 153 7
a 277 157 7
a 277 318 2
a 278 51 2
a 278 381 5
a 279 2 3
a 279 361 7
a 280 123 4
a 280 133 9
a 281 240 5
a 282 328 7
a 283 61 2
a 284 318 2
a 285 3 1
a 285 175 3
a 286 13 4
a 286 100 9
a 286 169 7
a 287 24 6
a 287 347 10
a 288 88 5
a 288 209 6
a 289 31 10
a 289 370 4
a 290 200 3
a 290 278 2
a 291 65 5
a 291 245 10
a 291 265 4
a 291 362 6
a 291 381 3
a 292 17 9
a 292 276 5
a 292 376 3
a 293 337 9
a 294 7 6
a 295 56 7
a 295 303 4
a 295 304 10
a 296 4 4
a 296 8 2
a 296 266 7
a 297 67 3
a 297 183 10
a 298 70 2
a 298 228 3
a 299 158 2
a 300 282 3
a 301 138 5
a 301 144 6
a 302 20 8
a 302 317 5
a 303 24 1
a 303 283 1
a 303 311 9
a 304 326 2
a 304 343 2
a 304 387 1
a 305 154 6
a 305 204 1
a 305 314 6
a 305 325 6
a 306 266 1
a 306 342 3
a 306 394 2
a 307 246 3
a 307 393 5
a 308 376 2
a 309 134 5
a 309 352 5
a 310 125 3
a 311 123 1
a 311 312 6
a 312 99 2
a 312 177 6
a 312 196 5
a 312 315 2
a 313 6 3
a 313 213 10
a 314 227 3
a 314 358 4
a 315 141 4
a 316 213 2
a 317 184 5
a 318 104 3
a 319 92 5
a 319 197 5
a 320 16 1
a 321 337 4
a 321 345 2
a 322 103 3
a 323 385 5
a 324 298 5
a 324 369 3
a 325 28 4
a 326 367 9
a 327 118 5
a 327 175 5
a 327 180 5
a 327 375 5
a 328 29 9
a 328 298 2
a 329 72 2
a 329 239 10
a 329 284 6
a 329 369 8
a 330 201 10
a 330 352 4
a 331 63 5
a 331 183 9
a 331 292 4
a 332 275 8
a 332 398 10
a 333 193 7
a 333 368 9
a 334 63 5
a 334 116 3
a 334 170 6
a 335 274 9
a 335 287 6
a 335 332 9
a 336 262 1
a 336 329 5
a 337 110 2
a 337 178 1
a 337 388 9
a 338 91 9
a 338 224 8
a 338 368 5
a 339 397 9
a 340 22 8
a 340 384 1
a 341 389 1
a 342 50 1
a 342 114 1
a 342 252 3
a 343 246 4
a 344 10 1
a 345 22 1
a 345 370 1
a 346 136 6
a 347 70 3
a 347 191 6
a 347 374 2
a 348 27 7
a 348 66 10
a 348 124 3
a 348 252 1
a 348 365 4
a 349 71 3
a 350 30 10
a 350 312 4
a 351 39 2
a 351 136 5
a 352 239 3
a 352 378 3
a 353 121 9
a 353 260 9
a 354 231 3
a 355 216 4
a 355 229 2
a 355 238 1
a 356 68 1
a 356 131 6
a 357 203 8
a 357 206 6
a 357 260 8
a 358 195 2
a 358 220 5
a 358 377 4
a 359 209 10
a 359 225 4
a 359 396 4
a 360 146 2
a 360 243 1
a 361 232 2
a 362 161 6
a 363 43 6
a 363 206 2
a 363 333 8
a 363 338 9
a 364 45 2
a 364 82 8
a 364 136 9
a 364 351 7
a 365 19 4
a 365 223 9
a 365 235 7
a 365 258 2
a 366 104 8
a 366 261 4
a 367 37 7
a 368 3 10
a 368 180 5
a 369 87 2
a 369 196 1
a 370 177 8
a 371 37 3
a 371 304 8
a 372 187 8
a 373 21 3
a 373 114 9
a 374 88 2
a 374 248 4
a 375 103 6
a 375 112 5
a 376 108 10
a 377 253 4
a 377 254 8
a 377 294 3
a 378 20 3
a 378 76 1
a 378 125 7
a 379 5 8
a 380 210 8
a 380 313 1
a 381 172 7
a 382 272 1
a 383 182 10
a 383 371 9
a 383 379 3
a 384 247 10
a 384 383 3
a 385 178 9
a 386 183 5
a 387 250 4
a 388 187 8
a 388 324 7
a 388 357 9
a 388 359 7
a 389 217 5
a 389 265 7
a 390 18 2
a 390 94 3
a 391 357 10
a 392 122 4
a 393 396 8
a 394 183 10
a 394 249 1
a 395 105 5
a 396 32 3
a 396 142 6
a 396 192 4
a 397 286 2
a 397 295 8
a 397 364 9
a 397 367 10
a 398 134 1
a 399 290 1
a 399 316 7
a 399 385 3
