p max 400 800
n 1 s
n 400 t
a 1 124 10
a 1 126 8
a 2 354 4
a 3 339 3
a 3 364 6
a 4 42 8
a 5 300 2
a 6 39 8
a 6 84 7
a 7 212 7
a 7 252 9
a 8 147 5
a 8 345 9
a 9 141 10
a 9 304 7
a 9 337 2
a 9 339 2
a 10 12 7
a 11 210 9
a 11 220 4
a 12 179 7
a 12 340 5
a 13 66 1
a 13 262 4
a 14 42 2
a 15 46 4
a 16 51 5
a 17 198 9
a 17 254 4
a 18 50 6
a 19 10 1
a 19 90 6
a 19 325 2
a 19 379 1
a 20 216 3
a 21 58 8
a 21 84 1
a 21 116 4
a 21 164 1
a 22 263 9
a 23 102 3
a 23 149 8
a 23 260 2
a 23 324 4
a 23 338 6
a 24 122 6
a 25 28 5
a 25 265 1
a 25 334 1
a 26 275 2
a 26 291 10
a 26 376 7
a 27 68 3
a 27 361 8
a 28 202 5
a 29 109 1
a 29 191 3
a 30 84 9
a 30 162 5
a 31 64 10
a 31 276 10
a 32 50 1
a 32 240 4
a 33 16 7
a 33 57 5
a 33 111 8
a 33 400 4
a 34 93 8
a 35 287 3
a 36 270 4
a 36 279 3
a 36 312 5
a 37 243 9
a 38 197 5
a 39 48 2
a 39 67 6
a 39 240 2
a 39 250 8
a 39 355 5
a 40 22 1
a 40 78 8
a 40 90 4
a 40 234 1
a 40 239 5
a 40 311 6
a 41 283 6
a 41 321 7
a 42 136 1
a 42 141 1
a 43 47 3
a 43 128 9
a 43 267 2
a 44 125 3
a 44 207 9
a 44 297 6
a 45 156 7
a 45 219 7
a 45 331 7
a 46 40 10
a 46 69 7
a 47 135 8
a 47 231 7
a 48 27 3
a 48 316 2
a 49 13 2
a 49 197 3
a 49 358 1
a 50 334 3
a 51 149 6
a 52 350 6
a 53 169 5
a 54 139 4
a 54 288 9
a 55 158 6
a 55 315 1
a 55 383 8
a 56 132 10
a 56 373 4
a 57 198 7
a 58 54 7
a 59 228 6
a 60 278 9
a 61 125 1
a 61 133 6
a 62 140 1
a 63 79 8
a 64 388 10
a 65 298 3
a 66 377 9
a 67 26 6
a 67 185 7
a 67 298 6
a 68 79 2
a 69 256 9
a 70 240 3
a 71 152 2
a 71 246 5
a 71 334 10
a 72 173 4
a 73 94 3
a 73 124 2
a 74 186 7
a 74 190 2
a 74 235 5
a 75 229 5
a 76 30 7
a 76 62 6
a 76 290 10
a 77 233 9
a 77 243 10
a 77 257 4
a 77 374 8
a 78 365 4
a 79 89 8
a 79 394 7
a 80 141 8
a 81 182 5
a 81 264 5
a 82 247 6
a 83 53 5
a 83 72 2
a 83 77 4
a 83 140 9
a 83 339 4
a 84 64 10
a 85 167 6
a 85 181 10
a 86 5 8
a 86 29 6
a 87 123 5
a 87 393 5
a 88 13 4
a 88 274 3
a 88 399 7
a 89 234 1
a 90 60 8
a 90 311 10
a 90 336 10
a 91 103 3
a 91 284 9
a 92 134 4
a 93 75 3
a 93 192 1
a 93 280 2
a 94 105 8
a 95 257 9
a 96 92 3
a 96 369 9
a 97 80 8
a 97 184 9
a 97 273 7
a 97 390 4
a 98 46 1
a 98 82 8
a 98 318 4
a 99 115 4
a 99 135 9
a 100 77 9
a 101 17 6
a 102 98 6
a 102 392 6
a 103 165 10
a 104 113 5
a 104 135 5
a 104 373 2
a 105 378 6
a 106 309 2
a 107 8 4
a 108 170 4
a 108 181 2
a 109 45 3
a 109 155 6
a 109 203 9
a 109 270 2
a 110 44 1
a 110 338 2
a 111 5 7
a 111 82 4
a 111 98 1
a 112 121 7
a 112 142 8
a 113 30 2
a 113 180 4
a 113 194 2
a 113 305 10
a 114 122 1
a 114 360 2
a 115 200 6
a 115 223 7
a 115 262 7
a 115 346 1
a 116 12 8
a 116 259 8
a 117 175 8
a 117 337 10
a 118 160 9
a 118 385 8
a 119 15 8
a 120 193 3
a 120 263 6
a 120 367 6
a 121 42 2
a 122 320 5
a 122 329 10
a 122 332 1
a 122 342 7
a 122 366 6
a 123 29 8
a 123 173 8
a 123 267 4
a 124 282 3
a 124 332 2
a 125 179 7
a 125 356 10
a 126 21 4
a 126 112 5
a 126 114 1
a 126 143 3
a 126 255 4
a 127 15 7
a 127 64 5
a 127 261 9
a 127 296 1
a 128 259 7
a 129 90 7
a 129 375 3
a 130 205 3
a 131 79 9
a 131 264 9
a 132 122 2
a 132 204 4
a 133 95 2
a 133 211 1
a 134 140 1
a 134 216 6
a 134 348 5
a 135 158 8
a 136 57 4
a 137 151 6
a 137 395 8
a 138 154 9
a 138 400 2
a 139 27 2
a 139 224 3
a 140 31 3
a 140 218 4
a 141 135 2
a 142 257 1
a 142 309 4
a 142 314 4
a 142 354 6
a 143 393 1
a 144 55 8
a 144 97 7
a 144 289 2
a 144 301 3
a 145 100 2
a 145 124 6
a 145 377 9
a 146 161 3
a 147 89 8
a 147 172 3
a 147 269 9
a 147 359 2
a 148 104 6
a 149 59 10
a 149 182 1
a 149 210 6
a 150 15 4
a 150 298 9
a 150 317 3
a 151 297 8
a 152 292 5
a 153 148 6
a 153 371 7
a 154 61 1
a 154 71 1
a 154 88 9
a 155 219 1
a 155 371 10
a 156 6 1
a 157 69 10
a 157 301 4
a 158 186 3
a 158 241 6
a 158 242 1
a 158 294 10
a 159 190 10
a 159 238 6
a 159 302 6
a 160 218 1
a 161 215 8
a 161 239 9
a 162 35 3
a 162 385 2
a 163 114 10
a 163 296 2
a 164 283 8
a 165 298 6
a 166 16 7
a 166 70 8
a 166 278 8
a 166 367 2
a 167 204 10
a 167 222 10
a 168 199 3
a 168 239 5
a 169 366 6
a 170 81 4
a 170 157 2
a 170 172 4
a 171 49 5
a 171 177 1
a 171 342 7
a 172 296 3
a 173 139 2
a 173 200 4
a 173 380 8
a 174 31 8
a 174 124 5
a 175 52 3
a 175 153 10
a 175 159 1
a 176 50 6
a 176 132 7
a 177 10 1
a 177 43 2
a 178 316 10
a 179 211 10
a 179 253 6
a 180 73 7
a 180 297 9
a 181 237 8
a 181 386 5
a 182 137 9
a 182 141 1
a 182 323 6
a 182 387 2
a 183 25 4
a 184 235 3
a 185 128 10
a 185 156 8
a 185 187 10
a 185 230 4
a 186 118 10
a 186 287 10
a 187 25 4
a 187 211 3
a 187 283 5
a 188 74 10
a 189 28 9
a 189 165 2
a 190 286 5
a 190 352 1
a 191 17 10
a 192 136 7
a 193 155 5
a 194 179 7
a 194 252 6
a 195 69 7
a 196 341 4
a 196 386 2
a 197 227 1
a 197 326 7
a 198 141 5
a 199 126 8
a 200 62 2
a 200 205 3
a 201 65 7
a 201 291 9
a 202 178 5
a 202 398 7
a 203 198 6
a 203 305 3
a 203 344 1
a 204 4 3
a 204 19 8
a 204 40 8
a 205 329 9
a 206 349 8
a 207 204 1
a 207 322 4
a 208 310 1
a 208 326 4
a 209 33 7
a 209 268 3
a 210 166 8
a 210 214 5
a 210 262 6
a 211 191 2
a 211 281 6
a 211 296 1
a 212 19 7
a 213 53 9
a 214 44 10
a 215 146 1
a 215 353 8
a 216 250 4
a 217 289 6
a 217 308 3
a 218 283 2
a 219 203 10
a 220 373 2
a 221 87 6
a 221 170 9
a 221 244 3
a 222 53 8
a 222 275 4
a 223 121 5
a 223 310 4
a 223 316 1
a 223 330 9
a 224 67 5
a 224 238 6
a 225 131 10
a 225 247 1
a 225 338 4
a 225 384 8
a 226 144 7
a 227 21 6
a 227 24 1
a 228 85 10
a 228 160 7
a 229 329 8
a 229 369 3
a 230 41 6
a 230 116 9
a 230 174 9
a 230 307 9
a 231 18 5
a 231 40 2
a 231 256 6
a 232 328 6
a 232 365 1
a 233 93 6
a 233 184 9
a 234 17 3
a 235 120 10
a 235 243 6
a 236 206 2
a 237 251 2
a 237 292 5
a 238 70 10
a 239 158 8
a 240 349 1
a 241 122 7
a 241 286 5
a 242 28 6
a 243 34 1
a 243 156 10
a 244 128 2
a 245 74 1
a 245 189 8
a 245 381 8
a 246 103 10
a 246 134 9
a 246 144 8
a 247 19 3
a 247 255 1
a 248 37 3
a 249 202 10
a 249 370 7
a 250 36 3
a 251 23 4
a 252 360 3
a 253 119 1
a 253 217 1
a 253 329 2
a 254 144 7
a 254 370 6
a 255 157 5
a 256 14 4
a 256 103 1
a 256 252 6
a 257 365 3
a 258 226 5
a 258 327 4
a 259 29 4
a 259 248 4
a 260 125 6
a 260 276 3
a 261 12 5
a 261 35 3
a 261 56 6
a 261 76 9
a 261 303 5
a 262 18 6
a 262 101 3
a 262 290 4
a 263 96 8
a 264 211 7
a 264 296 7
a 264 345 5
a 265 118 6
a 265 153 9
a 265 363 2
a 266 178 9
a 266 249 1
a 266 391 8
a 267 257 6
a 268 322 8
a 268 393 10
a 269 282 9
a 269 362 4
a 270 117 10
a 270 293 2
a 271 20 8
a 271 229 10
a 272 309 7
a 273 17 10
a 273 86 8
a 273 208 6
a 273 323 3
a 274 325 4
a 275 202 6
a 275 209 8
a 276 88 6
a 277 224 2
a 277 370 9
a 278 8 5
a 278 39 2
a 278 159 8
a 278 206 6
a 279 131 4
a 279 213 9
a 280 5 1
a 280 127 1
a 280 299 3
a 281 271 3
a 282 16 2
a 282 81 6
a 283 208 5
a 284 182 4
a 285 109 7
a 285 228 9
a 285 368 1
a 286 11 10
a 286 317 3
a 287 253 5
a 288 9 7
a 288 86 5
a 289 44 4
a 289 388 1
a 290 297 10
a 290 351 8
a 291 391 2
a 292 66 8
a 292 96 3
a 292 226 5
a 292 306 2
a 293 192 7
a 293 268 5
a 293 295 2
a 293 370 2
a 294 76 5
a 294 201 7
a 294 343 9
a 295 199 9
a 295 341 1
a 295 343 8
a 296 245 4
a 297 253 8
a 297 324 7
a 298 207 8
a 298 300 5
a 299 217 3
a 299 400 5
a 300 69 4
a 301 37 6
a 301 232 9
a 301 325 5
a 302 38 4
a 302 47 9
a 302 382 3
a 303 322 10
a 304 374 5
a 305 221 1
a 305 247 7
a 306 30 10
a 306 138 6
a 307 3 10
a 307 247 1
a 308 23 6
a 309 42 5
a 310 336 2
a 310 397 10
a 311 249 7
a 311 365 9
a 312 331 5
a 312 334 4
a 312 393 7
a 313 9 5
a 313 54 8
a 314 179 10
a 315 83 3
a 315 394 5
a 316 36 5
a 316 107 10
a 316 169 1
a 316 364 9
a 317 76 5
a 317 210 5
a 317 218 5
a 318 66 5
a 319 12 3
a 319 110 4
a 320 186 7
a 320 394 8
a 321 51 6
a 321 193 5
a 321 197 10
a 322 79 9
a 322 145 8
a 323 294 7
a 324 294 8
a 324 378 10
a 325 258 10
a 326 274 2
a 327 91 7
a 327 173 1
a 328 39 7
a 328 285 2
a 329 151 6
a 329 266 7
a 329 285 7
a 330 225 1
a 330 343 4
a 331 209 10
a 332 178 2
a 333 44 6
a 333 89 1
a 333 295 3
a 333 311 9
a 333 335 10
a 334 42 10
a 334 314 3
a 334 349 7
a 335 266 1
a 335 315 3
a 335 350 6
a 336 99 5
a 336 205 9
a 337 172 2
a 337 243 1
a 338 251 2
a 339 180 10
a 340 293 4
a 340 333 6
a 341 285 7
a 342 117 1
a 343 298 8
a 344 165 2
a 344 332 1
a 345 45 2
a 345 280 10
a 346 330 4
a 347 173 7
a 347 389 5
a 348 74 5
a 349 395 1
a 350 47 6
a 350 181 4
a 351 344 6
a 352 360 1
a 353 189 9
a 353 357 2
a 354 176 4
a 354 280 3
a 355 176 6
a 356 23 5
a 356 290 7
a 357 347 5
a 357 368 5
a 358 260 9
a 359 285 5
a 360 179 10
a 361 329 7
a 362 20 5
a 362 104 7
a 362 204 9
a 363 68 1
a 363 171 8
a 363 299 2
a 363 372 3
a 364 156 9
a 364 293 2
a 364 350 9
a 365 93 5
a 365 383 2
a 366 84 5
a 366 163 2
a 367 195 2
a 367 346 3
a 368 105 3
a 368 209 2
a 369 66 4
a 369 310 3
a 370 215 9
a 371 35 2
a 371 106 3
a 372 275 2
a 373 110 2
a 374 184 10
a 374 269 9
a 375 32 7
a 375 33 9
a 375 391 4
a 376 258 6
a 376 309 6
a 376 353 7
a 377 225 2
a 377 313 8
a 378 74 7
a 378 274 3
a 379 10 1
a 380 133 4
a 381 194 9
a 382 137 3
a 382 292 10
a 383 126 3
a 383 161 10
a 383 391 3
a 384 277 10
a 384 330 7
a 385 384 5
a 386 31 5
a 387 271 2
a 387 318 6
a 387 362 6
a 387 396 5
a 388 349 8
a 389 108 8
a 389 132 7
a 390 150 7
a 390 245 7
a 391 7 3
a 391 61 1
a 391 176 9
a 392 129 7
a 392 130 2
a 392 196 2
a 392 245 9
a 392 250 4
a 393 264 9
a 393 272 7
a 393 291 4
a 394 282 6
a 394 319 5
a 395 63 8
a 395 129 2
a 395 236 8
a 396 2 4
a 396 6 3
a 396 188 2
a 396 303 9
a 397 81 4
a 398 76 8
a 398 168 5
a 398 183 8
a 399 158 9
