p max 400 800
n 1 s
n 400 t
a 1 366 1
a 1 394 3
a 2 98 4
a 2 255 1
a 2 304 9
a 2 324 6
a 3 124 10
a 3 245 7
a 3 263 10
a 3 344 10
a 4 185 4
a 4 313 9
a 4 332 1
a 5 23 4
a 5 103 9
a 5 356 6
a 6 254 10
a 7 289 8
a 8 127 1
a 8 297 2
a 9 330 3
a 10 207 1
a 11 79 2
a 11 176 5
a 12 345 2
a 13 40 2
a 13 53 6
a 13 197 2
a 14 77 6
a 14 122 5
a 15 48 4
a 15 178 4
a 15 319 1
a 16 377 10
a 17 375 10
a 18 353 9
a 19 5 5
a 19 363 5
a 20 107 10
a 21 33 6
a 22 59 5
a 22 164 3
a 22 249 3
a 22 255 9
a 23 47 8
a 24 52 3
a 24 133 4
a 24 288 10
a 25 260 4
a 26 347 8
a 26 354 10
a 27 146 9
a 27 176 9
a 27 217 5
a 27 241 1
a 28 16 10
a 28 257 8
a 29 137 7
a 30 297 1
a 31 322 10
a 31 372 7
a 32 231 1
a 32 327 9
a 33 152 8
a 34 29 7
a 34 43 10
a 34 112 1
a 34 345 3
a 34 400 8
a 35 355 9
a 36 72 4
a 37 395 6
a 38 144 6
a 38 301 5
a 38 378 7
a 39 202 8
a 39 221 10
a 40 6 4
a 41 177 10
a 42 84 8
a 42 360 4
a 42 364 5
a 43 57 3
a 44 108 3
a 44 195 2
a 44 333 6
a 44 399 4
a 45 134 1
a 45 135 6
a 46 212 4
a 47 74 9
a 47 106 9
a 47 275 2
a 47 310 6
a 47 328 8
a 48 75 2
a 49 400 6
a 50 205 5
a 51 252 1
a 51 309 4
a 52 127 8
a 53 77 5
a 54 299 10
a 55 344 1
a 56 20 8
a 56 101 4
a 57 249 4
a 58 26 1
a 58 87 5
a 58 260 9
a 58 398 7
a 59 399 2
a 60 28 2
a 60 364 2
a 61 64 8
a 61 85 9
a 61 91 9
a 62 78 4
a 62 166 9
a 62 195 5
a 63 140 9
a 63 270 1
a 64 117 1
a 64 189 5
a 64 286 9
a 65 139 8
a 65 181 1
a 65 216 9
a 66 248 10
a 67 113 5
a 67 187 7
a 67 223 9
a 68 57 6
a 68 237 1
a 69 270 2
a 69 362 5
a 70 97 7
a 70 316 1
a 71 187 6
a 71 348 8
a 72 73 3
a 72 112 4
a 72 258 4
a 73 278 10
a 73 333 2
a 73 385 7
a 74 120 1
a 74 303 4
a 75 212 4
a 76 72 9
a 77 143 8
a 77 272 4
a 78 73 10
a 78 211 7
a 78 262 6
a 79 21 6
a 79 93 10
a 79 388 6
a 80 23 3
a 80 171 4
a 81 7 5
a 81 303 10
a 82 227 1
a 82 287 8
a 83 163 3
a 84 201 7
a 84 361 1
a 85 317 6
a 85 390 10
a 86 58 9
a 86 154 4
a 86 220 9
a 87 232 9
a 87 363 3
a 88 235 2
a 88 282 7
a 88 285 4
a 89 32 6
a 89 235 2
a 90 390 2
a 90 397 4
a 91 20 5
a 92 114 10
a 92 302 8
a 93 237 8
a 93 400 4
a 94 36 4
a 94 116 2
a 95 105 7
a 95 173 7
a 96 38 2
a 96 206 5
a 97 41 7
a 97 150 9
a 97 284 9
a 98 367 6
a 99 5 2
a 99 172 1
a 99 231 5
a 99 294 4
a 100 298 6
a 100 319 6
a 100 363 6
a 101 106 8
a 102 207 10
a 102 226 6
a 103 54 4
a 103 93 4
a 103 142 3
a 104 157 1
a 104 379 5
a 105 256 6
a 106 92 10
a 106 129 9
a 106 170 5
a 106 387 3
a 107 216 3
a 108 95 1
a 108 139 4
a 108 151 9
a 108 222 2
a 109 262 6
a 110 155 5
a 110 191 1
a 110 201 7
a 111 359 9
a 111 400 8
a 112 233 2
a 112 260 5
a 112 289 3
a 112 373 1
a 113 76 10
a 113 200 10
a 114 63 1
a 115 129 2
a 115 196 9
a 116 258 4
a 117 80 5
a 117 297 3
a 118 370 4
a 119 357 4
a 120 163 9
a 120 299 3
a 121 30 8
a 121 328 9
a 122 194 10
a 122 286 2
a 122 292 5
a 122 357 8
a 123 146 3
a 124 70 5
a 124 166 3
a 124 251 5
a 125 203 6
a 126 247 7
a 126 351 5
a 127 276 3
a 128 219 5
a 129 67 5
a 129 254 7
a 129 256 3
a 130 177 3
a 131 66 9
a 132 49 5
a 132 325 4
a 133 55 8
a 133 131 5
a 133 354 10
a 134 230 9
a 134 268 2
a 134 378 9
a 135 128 1
a 135 198 7
a 136 58 5
a 136 183 4
a 136 337 2
a 137 339 3
a 138 225 3
a 138 329 2
a 139 119 7
a 139 273 2
a 140 298 3
a 141 142 7
a 141 207 8
a 142 221 8
a 142 350 9
a 143 121 3
a 143 246 6
a 144 77 10
a 144 285 10
a 145 184 9
a 145 354 5
a 146 57 5
a 146 115 2
a 147 10 8
a 147 362 5
a 148 47 10
a 148 62 1
a 148 101 7
a 148 266 4
a 149 39 5
a 149 47 9
a 149 68 6
a 149 292 1
a 150 9 5
a 150 214 5
a 151 11 4
a 151 224 6
a 152 63 5
a 153 47 6
a 154 229 5
a 155 13 10
a 155 179 4
a 155 311 4
a 156 77 5
a 156 152 5
a 156 182 10
a 156 296 5
a 156 300 6
a 157 209 3
a 157 267 2
a 158 233 4
a 158 281 3
a 158 360 5
a 159 137 4
a 160 67 7
a 160 205 1
a 161 85 8
a 162 63 1
a 162 91 9
a 162 200 2
a 163 362 10
a 164 163 4
a 165 45 9
a 165 81 6
a 166 171 3
a 167 264 4
a 167 265 3
a 167 323 1
a 168 286 9
a 168 392 3
a 169 213 1
a 170 256 8
a 170 383 10
a 171 264 3
a 172 194 5
a 173 101 7
a 174 210 9
a 174 329 8
a 175 239 7
a 176 139 7
a 176 237 4
a 177 343 4
a 178 94 9
a 179 49 3
a 179 118 3
a 180 225 2
a 180 275 2
a 181 67 3
a 181 180 1
a 182 143 6
a 183 307 8
a 183 388 10
a 184 148 4
a 184 332 4
a 185 86 3
a 185 141 7
a 185 183 1
a 185 213 1
a 185 351 8
a 186 19 6
a 186 379 3
a 187 293 5
a 188 140 7
a 188 303 7
a 188 400 10
a 189 45 9
a 189 104 8
a 189 137 9
a 190 248 8
a 190 251 3
a 191 62 7
a 191 400 5
a 192 12 3
a 192 303 5
a 193 123 1
a 193 236 1
a 194 75 6
a 194 169 3
a 194 244 6
a 195 30 9
a 196 217 3
a 197 212 5
a 197 364 10
a 198 224 4
a 198 228 5
a 198 389 6
a 199 193 9
a 199 357 10
a 199 377 1
a 200 210 4
a 201 67 5
a 201 272 10
a 201 331 5
a 202 113 6
a 202 376 9
a 203 65 5
a 203 276 4
a 204 254 5
a 205 147 3
a 206 162 6
a 206 225 6
a 206 396 4
a 207 114 5
a 207 261 4
a 208 218 7
a 208 396 5
a 209 186 9
a 210 37 6
a 210 101 10
a 211 50 8
a 211 198 6
a 212 118 6
a 212 368 1
a 213 211 7
a 214 290 3
a 215 347 6
a 215 361 6
a 215 370 9
a 216 31 4
a 216 315 6
a 217 34 9
a 217 38 9
a 217 85 3
a 218 171 7
a 218 395 7
a 219 157 3
a 219 175 8
a 220 314 10
a 220 326 5
a 221 174 10
a 222 128 9
a 222 334 3
a 222 373 9
a 223 61 6
a 223 136 10
a 223 174 1
a 223 237 9
a 224 242 3
a 225 2 9
a 225 4 5
a 225 204 1
a 226 111 5
a 226 375 8
a 226 391 1
a 227 274 7
a 228 177 3
a 228 338 3
a 229 67 8
a 229 161 3
a 229 190 8
a 230 4 10
a 230 279 2
a 230 379 3
a 231 240 6
a 231 247 4
a 231 342 3
a 232 224 9
a 233 79 3
a 233 346 2
a 234 141 4
a 234 251 2
a 234 267 1
a 235 354 3
a 235 369 9
a 235 391 4
a 236 18 10
a 236 43 3
a 237 41 3
a 237 116 8
a 237 243 10
a 238 14 4
a 238 191 5
a 238 394 9
a 239 241 5
a 240 89 6
a 241 38 6
a 241 118 7
a 241 187 2
a 241 384 5
a 242 291 8
a 242 293 4
a 243 234 1
a 244 259 6
a 245 6 5
a 245 180 2
a 245 239 4
a 246 129 6
a 246 213 7
a 247 25 7
a 247 89 8
a 247 119 8
a 248 141 1
a 249 136 2
a 249 177 2
a 250 123 5
a 250 244 2
a 251 254 3
a 252 135 3
a 252 159 9
a 252 242 10
a 252 306 4
a 252 388 5
a 253 388 8
a 254 321 7
a 254 364 4
a 255 59 4
a 255 183 9
a 255 305 3
a 255 393 2
a 256 147 8
a 256 278 7
a 257 202 5
a 257 271 8
a 258 362 2
a 259 102 2
a 259 270 8
a 260 90 2
a 261 89 7
a 261 236 8
a 262 367 8
a 262 380 2
a 263 194 7
a 263 306 5
a 264 8 4
a 265 374 5
a 266 24 5
a 266 336 4
a 267 56 7
a 267 134 8
a 267 353 2
a 268 353 2
a 268 365 9
a 269 69 6
a 270 330 9
a 271 24 10
a 271 64 3
a 271 381 1
a 272 180 1
a 273 176 9
a 274 67 8
a 275 349 7
a 275 355 3
a 276 3 7
a 276 145 7
a 277 339 3
a 277 363 5
a 278 208 9
a 279 131 6
a 279 322 5
a 280 181 6
a 281 100 2
a 281 290 6
a 282 145 10
a 282 187 8
a 282 192 2
a 282 290 1
a 282 330 7
a 282 371 1
a 283 118 3
a 284 88 10
a 284 318 4
a 285 42 2
a 285 138 3
a 285 223 1
a 286 312 2
a 286 377 2
a 287 378 4
a 288 389 4
a 289 125 9
a 290 127 10
a 290 284 5
a 290 299 2
a 291 111 3
a 291 158 10
a 292 52 4
a 292 170 7
a 293 34 4
a 293 212 6
a 294 228 5
a 294 352 7
a 295 239 1
a 295 264 10
a 296 211 6
a 297 26 3
a 297 96 3
a 297 171 3
a 297 295 1
a 298 49 6
a 299 313 8
a 300 153 10
a 300 324 3
a 301 26 8
a 301 340 10
a 302 82 9
a 302 257 4
a 302 329 1
a 303 79 7
a 303 120 2
a 304 293 6
a 305 205 2
a 305 304 6
a 306 5 10
a 306 227 6
a 307 109 6
a 308 105 5
a 308 250 6
a 309 53 6
a 309 72 8
a 309 253 6
a 310 169 5
a 310 250 10
a 310 276 8
a 310 282 8
a 311 262 4
a 312 318 6
a 312 335 7
a 313 211 4
a 314 41 7
a 315 15 3
a 315 104 5
a 315 358 5
a 316 226 6
a 317 4 1
a 317 331 9
a 318 340 5
a 319 26 6
a 319 107 8
a 320 160 9
a 320 168 2
a 321 97 7
a 321 99 1
a 321 261 1
a 322 357 5
a 323 189 1
a 324 127 6
a 324 291 5
a 325 14 7
a 326 153 1
a 326 317 3
a 327 8 7
a 327 50 9
a 327 274 10
a 328 83 5
a 328 227 7
a 329 208 2
a 329 393 7
a 330 124 10
a 331 41 1
a 331 46 3
a 331 188 1
a 332 27 9
a 332 109 1
a 333 246 10
a 334 94 6
a 334 202 2
a 334 215 2
a 335 82 9
a 335 199 4
a 335 278 8
a 335 341 4
a 336 161 6
a 336 314 10
a 337 33 7
a 337 35 9
a 337 150 8
a 337 263 10
a 338 106 7
a 339 202 4
a 340 21 6
a 340 261 5
a 341 18 6
a 341 71 7
a 342 186 5
a 342 249 6
a 343 15 6
a 344 178 2
a 345 60 6
a 345 90 2
a 345 213 2
a 345 280 8
a 346 160 7
a 346 208 4
a 347 51 2
a 347 114 5
a 348 17 4
a 348 314 6
a 349 308 8
a 350 179 10
a 350 324 5
a 351 206 2
a 352 126 5
a 352 227 6
a 352 331 3
a 352 386 4
a 353 105 8
a 354 165 6
a 354 255 4
a 354 347 4
a 354 374 2
a 355 110 7
a 355 132 2
a 355 204 4
a 355 255 10
a 356 66 7
a 357 125 2
a 357 254 8
a 358 360 6
a 359 167 2
a 359 183 7
a 359 367 9
a 360 26 1
a 361 224 4
a 362 203 7
a 362 206 3
a 363 10 4
a 363 355 5
a 364 72 8
a 364 104 3
a 364 234 3
a 364 366 10
a 365 149 4
a 365 276 9
a 366 284 6
a 367 233 10
a 368 109 7
a 368 361 8
a 369 141 4
a 369 338 7
a 370 66 2
a 370 97 10
a 370 121 3
a 370 185 8
a 370 268 10
a 371 25 5
a 371 221 3
a 371 259 3
a 372 219 10
a 372 233 1
a 372 238 5
a 373 365 8
a 374 194 6
a 374 228 6
a 374 229 6
a 375 107 2
a 376 40 8
a 377 301 10
a 378 49 5
a 379 127 1
a 379 156 1
a 380 96 5
a 381 289 5
a 382 283 7
a 382 380 2
a 383 9 7
a 383 130 6
a 383 183 1
a 384 23 8
a 385 269 7
a 385 400 8
a 386 31 2
a 386 44 4
a 386 382 8
a 387 277 4
a 387 308 10
a 387 309 4
a 387 330 2
a 387 365 2
a 388 201 10
a 389 27 5
a 389 91 4
a 390 134 3
a 391 80 7
a 391 330 4
a 392 277 6
a 393 22 1
a 393 44 3
a 393 69 8
a 393 173 6
a 393 300 10
a 393 320 10
a 394 326 7
a 395 352 5
a 396 176 4
a 396 343 8
a 396 348 9
a 397 43 8
a 397 318 4
a 398 81 7
a 399 211 5
