p max 400 800
n 1 s
n 400 t
a 1 172 4
a 1 331 7
a 2 44 7
a 2 376 6
a 3 208 8
a 4 23 5
a 5 168 6
a 5 177 4
a 5 218 9
a 6 19 4
a 7 137 9
a 7 179 7
a 7 337 9
a 8 165 8
a 8 179 4
a 8 328 4
a 9 249 6
a 10 273 4
a 11 151 3
a 11 222 3
a 11 367 10
a 12 41 1
a 13 51 3
a 14 37 4
a 14 229 6
a 15 266 7
a 16 236 3
a 16 325 1
a 17 128 4
a 17 359 8
a 18 289 8
a 19 84 3
a 19 114 2
a 20 74 3
a 20 341 6
a 21 135 10
a 22 62 1
a 22 155 4
a 22 167 1
a 22 296 4
a 22 390 8
a 23 161 9
a 24 23 9
a 24 357 3
a 24 378 3
a 25 282 8
a 26 328 7
a 26 379 10
a 27 18 8
a 27 79 2
a 27 162 3
a 28 227 7
a 28 258 6
a 28 356 1
a 29 176 9
a 29 223 1
a 30 198 3
a 31 90 6
a 32 260 7
a 32 334 8
a 33 182 9
a 33 332 3
a 33 375 9
a 34 201 1
a 34 400 1
a 35 105 9
a 35 356 8
a 36 27 5
a 37 143 5
a 37 278 1
a 38 4 6
a 39 366 8
a 40 77 6
a 40 279 4
a 41 58 5
a 41 121 4
a 41 135 8
a 42 235 10
a 42 328 10
a 43 353 9
a 44 240 3
a 44 334 1
a 45 293 2
a 45 387 3
a 46 75 3
a 46 351 9
a 47 260 10
a 47 392 9
a 48 9 9
a 49 53 7
a 50 181 6
a 50 309 9
a 51 52 4
a 51 202 8
a 51 210 5
a 51 212 7
a 51 329 9
a 52 144 10
a 53 259 4
a 54 135 10
a 54 195 1
a 54 346 5
a 55 97 1
a 55 106 1
a 55 200 5
a 56 247 9
a 56 271 9
a 57 128 2
a 58 342 4
a 58 390 9
a 59 36 10
a 59 169 7
a 59 184 3
a 59 285 9
a 60 336 1
a 61 71 8
a 61 390 10
a 61 400 4
a 62 139 7
a 62 322 10
a 63 209 8
a 64 333 5
a 65 116 6
a 65 169 3
a 66 63 3
a 66 185 3
a 67 106 2
a 67 400 1
a 68 80 8
a 68 194 5
a 68 290 2
a 69 387 9
a 70 123 6
a 71 227 9
a 71 248 5
a 72 314 7
a 73 232 4
a 73 366 5
a 74 64 10
a 74 254 6
a 74 382 5
a 75 374 2
a 76 22 7
a 76 39 3
a 76 50 2
a 77 332 5
a 78 75 6
a 78 247 9
a 78 334 1
a 79 72 10
a 79 212 7
a 79 365 10
a 80 192 9
a 81 204 9
a 82 217 1
a 83 238 4
a 84 180 8
a 84 233 3
a 84 319 4
a 85 30 6
a 85 204 3
a 85 283 6
a 86 243 4
a 86 374 9
a 87 54 3
a 87 68 7
a 87 232 3
a 88 190 2
a 89 7 9
a 89 59 10
a 89 69 7
a 90 49 2
a 90 142 3
a 91 337 4
a 92 206 4
a 92 237 5
a 92 321 4
a 93 44 3
a 93 74 10
a 93 145 1
a 93 183 9
a 94 169 9
a 94 173 3
a 95 197 7
a 96 361 4
a 96 389 4
a 96 396 2
a 97 132 4
a 97 139 5
a 98 15 7
a 98 323 4
a 99 134 8
a 99 203 1
a 100 36 3
a 100 81 5
a 101 305 8
a 102 267 6
a 102 302 4
a 103 12 6
a 103 76 3
a 104 268 6
a 104 318 7
a 105 376 6
a 106 252 8
a 106 280 9
a 107 15 5
a 107 28 4
a 107 217 3
a 108 5 2
a 109 152 3
a 110 213 2
a 110 327 5
a 110 382 4
a 111 380 8
a 112 60 1
a 112 174 9
a 112 289 1
a 113 94 9
a 113 259 7
a 114 125 7
a 114 219 2
a 115 106 8
a 115 349 9
a 116 157 1
a 116 309 5
a 117 233 10
a 117 345 9
a 118 168 1
a 118 282 3
a 119 249 2
a 119 305 6
a 120 47 10
a 120 99 3
a 120 158 9
a 120 265 5
a 120 377 2
a 120 386 4
a 121 220 9
a 121 336 8
a 122 364 10
a 122 368 2
a 123 134 2
a 123 367 1
a 124 5 2
a 124 96 2
a 124 306 1
a 125 179 9
a 126 118 10
a 126 121 1
a 126 150 7
a 127 308 8
a 128 106 1
a 128 306 8
a 129 10 7
a 130 110 4
a 130 163 2
a 130 299 6
a 131 78 8
a 131 170 7
a 131 265 6
a 132 34 6
a 132 109 2
a 132 339 5
a 133 11 8
a 133 298 3
a 134 113 7
a 134 128 3
a 135 24 10
a 135 66 3
a 135 242 1
a 135 353 10
a 136 207 3
a 137 52 1
a 137 179 6
a 137 378 1
a 138 332 1
a 139 232 3
a 139 329 8
a 140 72 7
a 140 168 2
a 141 326 8
a 141 346 5
a 142 272 4
a 143 200 7
a 143 286 3
a 144 272 9
a 145 154 1
a 145 257 3
a 145 260 4
a 146 32 10
a 146 241 2
a 147 44 2
a 147 152 6
a 147 304 5
a 148 98 1
a 148 315 1
a 149 248 8
a 150 95 7
a 151 69 3
a 151 304 2
a 152 68 6
a 153 17 8
a 153 67 4
a 153 154 1
a 153 226 5
a 154 386 8
a 155 234 4
a 155 353 3
a 156 84 3
a 156 112 6
a 156 312 2
a 157 195 2
a 158 279 2
a 159 347 10
a 160 259 1
a 161 124 8
a 161 231 5
a 161 307 7
a 162 3 4
a 162 277 9
a 162 393 5
a 163 53 9
a 163 249 5
a 163 310 2
a 163 334 6
a 164 217 5
a 164 351 6
a 165 82 10
a 165 160 10
a 165 253 1
a 165 325 9
a 166 179 1
a 167 25 6
a 167 205 6
a 168 139 4
a 168 171 6
a 168 339 8
a 169 134 2
a 170 57 5
a 170 100 9
a 170 350 10
a 170 393 5
a 171 288 10
a 172 146 6
a 172 397 5
a 173 74 8
a 174 88 5
a 174 190 3
a 175 344 1
a 176 56 8
a 176 101 10
a 176 295 6
a 176 335 9
a 177 14 1
a 177 51 2
a 177 55 3
a 177 141 8
a 178 37 4
a 179 62 7
a 179 90 8
a 179 199 2
a 179 236 3
a 180 45 8
a 180 250 6
a 180 282 9
a 181 69 4
a 181 355 6
a 182 2 8
a 182 85 1
a 182 363 1
a 183 130 8
a 183 304 2
a 184 307 10
a 185 118 10
a 186 333 8
a 187 104 3
a 187 371 2
a 188 139 7
a 189 168 6
a 189 231 2
a 190 125 1
a 190 330 6
a 191 35 7
a 191 230 1
a 192 287 8
a 192 388 7
a 193 41 6
a 193 197 6
a 193 277 8
a 194 40 8
a 194 261 7
a 194 358 3
a 194 373 4
a 195 114 6
a 195 170 5
a 195 244 8
a 196 232 7
a 197 119 4
a 197 177 2
a 197 308 6
a 198 114 4
a 199 24 10
a 199 33 10
a 200 277 1
a 201 15 6
a 201 51 9
a 201 188 2
a 202 379 9
a 203 100 5
a 203 288 6
a 204 102 2
a 204 314 10
a 205 331 5
a 205 333 4
a 206 373 7
a 207 147 7
a 207 380 10
a 208 297 6
a 209 271 2
a 209 273 9
a 210 146 1
a 210 262 7
a 211 90 5
a 211 206 8
a 211 209 1
a 212 221 8
a 212 329 8
a 213 39 6
a 213 156 2
a 214 115 8
a 214 303 4
a 214 370 2
a 215 292 5
a 215 365 1
a 216 224 5
a 216 264 6
a 216 314 2
a 216 383 4
a 217 83 9
a 217 338 3
a 218 87 9
a 218 400 6
a 219 223 1
a 219 278 9
a 219 281 7
a 220 111 2
a 220 195 3
a 221 13 9
a 221 138 5
a 221 317 4
a 221 380 1
a 222 206 10
a 223 155 9
a 223 214 1
a 223 221 8
a 223 227 10
a 223 228 6
a 224 117 8
a 225 164 9
a 225 167 8
a 226 92 5
a 226 262 9
a 227 129 10
a 227 231 7
a 227 399 2
a 228 21 4
a 228 268 10
a 228 323 7
a 229 27 3
a 229 381 2
a 230 202 1
a 230 352 3
a 230 398 5
a 231 51 1
a 232 9 9
a 232 298 5
a 233 219 3
a 233 368 5
a 233 371 4
a 234 61 2
a 234 103 2
a 234 291 1
a 234 310 1
a 234 361 1
a 235 269 2
a 236 42 8
a 236 336 9
a 236 360 3
a 237 93 3
a 237 276 1
a 238 31 3
a 238 48 8
a 238 300 9
a 239 367 7
a 240 94 5
a 240 299 7
a 241 354 6
a 242 144 2
a 243 148 7
a 244 270 2
a 244 362 2
a 245 192 4
a 245 276 1
a 246 254 6
a 247 43 5
a 247 131 5
a 247 152 6
a 248 63 10
a 249 393 8
a 250 13 2
a 251 77 3
a 251 144 6
a 251 384 1
a 252 40 3
a 253 131 10
a 253 166 10
a 253 365 9
a 254 79 5
a 255 140 4
a 255 238 6
a 255 391 2
a 256 277 4
a 257 32 9
a 257 368 1
a 257 381 1
a 258 77 7
a 259 264 9
a 260 178 3
a 260 187 8
a 261 20 6
a 261 221 6
a 262 243 3
a 263 16 10
a 263 211 3
a 263 251 5
a 263 374 9
a 264 211 3
a 265 371 2
a 266 98 3
a 267 117 6
a 267 231 2
a 268 95 7
a 269 169 2
a 270 49 3
a 270 102 6
a 270 394 2
a 271 192 5
a 271 343 3
a 272 193 8
a 272 235 9
a 272 285 8
a 273 266 3
a 273 282 3
a 274 251 3
a 275 90 6
a 275 289 2
a 276 113 2
a 277 107 8
a 277 363 9
a 277 372 8
a 278 226 6
a 278 348 1
a 278 354 4
a 279 241 9
a 280 293 7
a 281 112 10
a 282 133 4
a 282 228 5
a 283 107 5
a 283 138 5
a 283 239 8
a 284 310 8
a 285 113 9
a 285 161 8
a 285 297 6
a 285 337 6
a 286 73 5
a 286 76 6
a 286 287 10
a 287 242 9
a 288 186 1
a 288 308 2
a 289 6 8
a 290 47 1
a 290 231 3
a 290 313 1
a 291 258 3
a 291 268 3
a 291 344 2
a 292 24 4
a 292 185 2
a 293 159 10
a 293 345 2
a 294 70 2
a 294 225 9
a 294 379 8
a 295 216 6
a 295 223 7
a 296 32 7
a 296 181 6
a 297 150 7
a 298 76 1
a 298 116 6
a 299 108 3
a 299 337 2
a 300 189 6
a 300 222 3
a 300 274 6
a 301 206 9
a 302 136 5
a 302 164 8
a 302 247 8
a 303 145 8
a 304 24 6
a 304 65 1
a 304 121 1
a 304 210 4
a 305 7 5
a 306 235 9
a 306 353 6
a 307 99 5
a 308 122 1
a 308 255 5
a 308 379 10
a 309 345 2
a 310 207 2
a 310 222 5
a 310 238 3
a 311 215 10
a 312 99 3
a 313 29 10
a 313 56 3
a 313 176 6
a 314 38 1
a 314 75 10
a 314 283 7
a 315 236 3
a 316 121 9
a 316 224 4
a 317 26 3
a 317 65 4
a 317 373 1
a 318 292 9
a 318 393 10
a 319 349 4
a 319 362 6
a 320 9 2
a 320 220 7
a 321 126 4
a 321 238 6
a 321 259 4
a 322 190 1
a 322 312 2
a 323 8 10
a 323 23 2
a 324 35 1
a 324 144 9
a 325 278 3
a 326 280 7
a 327 4 10
a 327 19 10
a 327 216 4
a 327 331 2
a 328 276 6
a 329 234 3
a 329 294 5
a 330 110 8
a 330 302 3
a 331 217 6
a 332 156 2
a 332 320 9
a 333 50 8
a 334 148 9
a 334 280 1
a 334 292 9
a 334 395 6
a 335 149 5
a 335 306 2
a 335 357 1
a 336 52 6
a 336 196 6
a 336 208 1
a 336 311 5
a 337 69 5
a 338 9 7
a 338 211 5
a 338 245 5
a 338 254 10
a 339 82 2
a 340 60 3
a 341 92 4
a 341 375 5
a 342 10 4
a 342 111 3
a 343 89 1
a 343 205 7
a 344 138 9
a 345 267 2
a 345 347 4
a 346 105 7
a 346 175 10
a 347 31 3
a 348 240 1
a 348 320 6
a 348 340 5
a 349 293 6
a 349 305 10
a 350 7 4
a 351 185 5
a 351 301 10
a 352 48 6
a 353 67 2
a 354 195 1
a 354 205 8
a 354 215 6
a 355 95 9
a 355 256 2
a 355 278 8
a 356 109 10
a 356 133 5
a 356 229 5
a 357 6 8
a 357 25 1
a 357 198 10
a 357 279 6
a 358 178 3
a 358 220 3
a 359 114 6
a 359 385 8
a 360 119 5
a 361 147 9
a 361 238 1
a 362 31 9
a 362 92 6
a 362 120 5
a 363 191 8
a 363 338 5
a 364 177 10
a 365 162 1
a 365 344 6
a 366 87 3
a 367 40 8
a 368 106 10
a 368 317 8
a 369 76 7
a 369 364 7
a 370 55 4
a 370 269 6
a 371 46 10
a 371 65 3
a 372 57 10
a 373 284 9
a 373 347 8
a 374 143 8
a 374 147 2
a 374 244 1
a 375 153 4
a 375 279 4
a 376 98 7
a 376 302 3
a 377 273 6
a 378 394 6
a 379 97 6
a 379 123 4
a 380 91 1
a 380 263 4
a 380 299 8
a 380 369 10
a 381 86 7
a 381 127 2
a 381 298 6
a 381 324 1
a 382 90 1
a 382 338 5
a 382 397 5
a 383 115 8
a 383 200 2
a 384 153 3
a 385 95 8
a 386 22 6
a 386 272 4
a 387 148 10
a 388 128 2
a 388 233 10
a 389 303 3
a 390 282 1
a 391 341 4
a 392 93 5
a 392 275 9
a 393 192 1
a 393 337 10
a 394 220 6
a 395 194 7
a 395 327 3
a 396 209 7
a 396 316 1
a 397 376 5
a 398 234 6
a 399 17 1
a 399 246 2
