p max 400 800
n 1 s
n 400 t
a 1 19 2
a 2 53 6
a 2 258 3
a 2 373 6
a 3 182 1
a 4 32 10
a 4 138 8
a 5 58 1
a 5 273 7
a 6 19 10
a 6 186 2
a 7 230 5
a 8 32 8
a 9 276 9
a 10 221 5
a 10 315 7
a 11 262 4
a 12 185 10
a 13 327 1
a 14 10 2
a 14 213 5
a 14 234 6
a 14 263 8
a 14 272 1
a 15 235 7
a 15 293 6
a 16 102 10
a 17 44 10
a 17 175 6
a 17 248 3
a 17 253 8
a 18 132 9
a 18 244 6
a 19 334 7
a 20 220 4
a 20 337 5
a 21 380 3
a 22 118 1
a 23 379 2
a 24 375 8
a 25 102 6
a 25 127 2
a 25 180 5
a 25 301 7
a 25 400 6
a 26 25 9
a 26 38 9
a 26 70 2
a 27 222 4
a 27 303 9
a 27 362 5
a 28 252 8
a 28 292 8
a 29 27 8
a 29 288 7
a 29 400 4
a 30 163 5
a 30 346 4
a 31 147 10
a 31 310 6
a 32 70 7
a 33 259 5
a 33 330 6
a 34 40 9
a 34 200 4
a 34 326 9
a 35 334 6
a 36 351 10
a 37 12 2
a 37 240 9
a 38 18 3
a 38 185 5
a 38 207 5
a 39 9 4
a 40 11 7
a 41 48 10
a 41 155 8
a 41 250 5
a 42 39 3
a 42 95 4
a 42 374 9
a 43 144 2
a 44 7 3
a 44 312 7
a 45 86 8
a 45 203 9
a 45 350 5
a 46 172 1
a 46 313 2
a 47 118 5
a 47 196 6
a 48 33 10
a 49 34 7
a 49 269 3
a 49 342 5
a 50 17 9
a 50 55 5
a 50 100 5
a 50 377 4
a 51 165 10
a 51 258 6
a 52 367 5
a 52 375 5
a 53 260 2
a 54 31 2
a 54 38 8
a 54 123 5
a 54 182 2
a 54 337 2
a 55 358 4
a 56 285 4
a 56 394 7
a 57 9 4
a 57 261 8
a 58 94 5
a 58 115 5
a 59 92 7
a 59 181 5
a 59 356 10
a 60 104 7
a 60 294 5
a 61 213 3
a 61 351 7
a 62 334 10
a 63 319 8
a 64 257 2
a 64 280 6
a 65 14 6
a 65 64 8
a 65 345 7
a 66 129 4
a 66 364 2
a 67 16 3
a 67 58 7
a 68 14 6
a 69 8 7
a 69 179 10
a 70 82 1
a 70 89 9
a 70 225 2
a 71 18 3
a 71 140 3
a 71 260 1
a 72 127 2
a 72 200 3
a 72 347 1
a 73 68 5
a 74 189 4
a 74 204 6
a 75 63 7
a 75 251 1
a 75 331 1
a 76 28 4
a 76 32 2
a 76 353 8
a 77 54 7
a 77 169 6
a 78 135 6
a 78 318 7
a 78 338 7
a 78 350 4
a 79 306 10
a 80 137 9
a 80 252 10
a 81 114 3
a 81 194 6
a 81 227 6
a 82 177 2
a 82 184 1
a 82 286 1
a 82 307 4
a 82 325 7
a 83 5 4
a 83 143 7
a 83 299 6
a 84 76 1
a 84 115 9
a 84 233 8
a 85 281 8
a 85 332 1
a 86 106 9
a 86 168 3
a 86 306 1
a 87 162 1
a 88 259 4
a 89 215 1
a 89 390 7
a 90 316 4
a 91 47 2
a 91 85 2
a 92 5 7
a 92 173 4
a 92 370 9
a 93 190 3
a 93 216 2
a 93 255 7
a 94 283 8
a 94 370 6
a 95 103 1
a 95 156 7
a 95 299 7
a 95 372 10
a 96 302 1
a 96 320 10
a 97 19 7
a 97 152 9
a 98 208 1
a 98 264 6
a 98 278 6
a 99 183 10
a 99 223 3
a 100 2 7
a 100 69 8
a 101 107 5
a 102 346 4
a 103 92 9
a 104 287 4
a 105 43 1
a 105 254 6
a 105 300 5
a 105 357 4
a 105 366 6
a 106 153 2
a 106 236 10
a 107 70 3
a 107 383 5
a 108 289 4
a 109 31 4
a 109 60 6
a 109 275 9
a 109 376 10
a 109 398 9
a 110 52 7
a 110 276 9
a 110 349 9
a 111 15 2
a 111 88 3
a 111 179 7
a 112 36 4
a 112 96 5
a 112 115 1
a 113 7 4
a 113 26 10
a 114 70 8
a 115 157 2
a 116 249 6
a 116 344 1
a 117 193 10
a 117 196 10
a 118 33 8
a 119 110 1
a 119 199 10
a 119 214 3
a 120 65 7
a 120 204 7
a 121 195 6
a 122 164 5
a 122 268 2
a 123 119 7
a 124 83 8
a 124 202 6
a 124 354 8
a 125 42 9
a 125 217 9
a 125 365 4
a 126 186 1
a 126 231 1
a 126 321 10
a 127 41 4
a 127 243 2
a 128 57 6
a 128 142 7
a 128 297 6
a 129 77 9
a 130 151 9
a 131 117 4
a 131 277 10
a 132 380 9
a 133 283 4
a 134 249 2
a 134 308 10
a 135 84 10
a 136 32 1
a 137 89 3
a 137 212 4
a 138 131 9
a 138 291 4
a 139 375 2
a 139 388 6
a 140 292 4
a 141 192 5
a 141 238 3
a 142 187 10
a 142 335 7
a 142 346 1
a 143 207 10
a 143 259 8
a 143 341 10
a 144 363 2
a 145 221 7
a 145 257 5
a 146 110 4
a 146 219 5
a 146 399 7
a 147 121 9
a 147 225 4
a 147 268 3
a 148 120 6
a 148 330 3
a 148 369 6
a 149 56 9
a 149 80 4
a 149 192 6
a 149 256 9
a 150 168 3
a 150 193 10
a 150 274 6
a 151 11 8
a 152 223 10
a 153 109 5
a 153 162 3
a 153 232 5
a 154 13 5
a 154 49 5
a 154 239 1
a 154 343 9
a 155 15 5
a 156 125 1
a 156 290 1
a 156 385 2
a 157 46 1
a 158 58 10
a 158 155 3
a 158 279 9
a 159 34 10
a 159 50 7
a 159 277 1
a 160 65 10
a 161 30 5
a 161 190 5
a 162 4 5
a 162 136 2
a 162 217 8
a 163 71 8
a 163 176 7
a 164 146 10
a 164 304 3
a 165 136 8
a 166 91 1
a 166 336 4
a 167 67 10
a 167 249 9
a 167 352 6
a 167 365 10
a 168 139 8
a 169 159 9
a 169 343 10
a 170 311 3
a 171 81 10
a 171 101 2
a 171 372 1
a 172 39 2
a 173 98 5
a 173 280 5
a 173 327 8
a 173 371 3
a 174 130 7
a 175 365 7
a 176 185 8
a 177 72 8
a 177 283 6
a 178 179 6
a 179 67 8
a 180 66 1
a 180 167 6
a 180 196 7
a 180 289 9
a 181 29 10
a 182 201 3
a 183 108 7
a 184 188 4
a 185 63 7
a 185 266 7
a 186 170 2
a 187 39 5
a 187 52 10
a 188 32 6
a 188 112 4
a 188 398 5
a 189 161 4
a 190 37 10
a 190 324 8
a 191 129 8
a 192 7 7
a 192 48 2
a 192 360 8
a 193 91 1
a 193 131 5
a 194 148 1
a 195 147 9
a 195 396 7
a 196 100 2
a 196 245 1
a 196 389 8
a 197 181 2
a 197 369 6
a 198 60 10
a 198 272 2
a 199 228 9
a 200 290 3
a 200 354 1
a 201 396 1
a 202 2 3
a 203 90 4
a 203 97 4
a 203 344 8
a 204 244 8
a 205 191 10
a 205 227 1
a 205 384 8
a 206 54 8
a 206 134 3
a 207 272 6
a 208 125 4
a 209 75 4
a 209 169 1
a 209 334 9
a 209 367 9
a 210 128 10
a 210 170 8
a 210 371 8
a 211 114 5
a 211 150 7
a 212 375 9
a 213 2 4
a 214 278 10
a 215 319 10
a 216 336 6
a 217 204 1
a 217 319 6
a 218 90 4
a 218 205 5
a 218 398 3
a 219 281 8
a 219 317 1
a 220 190 1
a 221 7 1
a 221 353 7
a 222 33 8
a 222 200 4
a 223 273 9
a 223 355 3
a 224 166 10
a 224 209 9
a 225 104 3
a 225 285 5
a 225 298 10
a 225 337 8
a 225 387 7
a 226 34 8
a 227 368 2
a 228 87 7
a 228 157 5
a 228 307 6
a 228 311 6
a 229 36 2
a 230 120 9
a 230 188 4
a 231 251 7
a 231 381 6
a 232 329 2
a 232 387 6
a 233 81 6
a 234 108 7
a 235 206 1
a 236 268 3
a 236 343 2
a 237 134 10
a 238 359 7
a 239 364 7
a 240 68 2
a 240 186 5
a 241 368 8
a 242 56 1
a 242 99 5
a 242 224 2
a 242 363 1
a 243 367 1
a 244 255 5
a 245 112 5
a 245 190 8
a 245 195 8
a 245 198 4
a 246 86 6
a 247 62 7
a 247 168 6
a 248 154 3
a 249 246 6
a 249 256 10
a 250 51 2
a 250 111 5
a 250 126 1
a 250 268 8
a 251 228 8
a 252 175 9
a 253 46 9
a 253 129 8
a 254 172 10
a 255 85 1
a 256 153 5
a 256 270 5
a 257 395 2
a 258 20 3
a 258 389 9
a 259 176 10
a 259 199 10
a 260 107 1
a 260 116 8
a 260 262 2
a 261 21 2
a 261 93 10
a 261 288 2
a 261 378 9
a 262 69 9
a 262 144 1
a 262 292 4
a 263 321 2
a 264 79 2
a 264 85 1
a 264 174 5
a 264 194 3
a 264 314 8
a 265 160 4
a 265 216 7
a 265 356 5
a 266 17 10
a 266 278 9
a 267 197 1
a 267 265 10
a 268 65 10
a 268 240 2
a 268 322 1
a 268 400 7
a 269 127 4
a 269 173 1
a 269 262 3
a 269 378 5
a 270 148 1
a 270 362 1
a 271 261 7
a 271 280 4
a 271 397 1
a 272 74 8
a 272 79 2
a 273 282 9
a 273 296 8
a 273 314 4
a 274 61 1
a 274 226 3
a 274 390 1
a 275 144 3
a 275 245 6
a 276 12 5
a 276 303 7
a 276 362 7
a 276 393 1
a 277 113 1
a 278 66 8
a 279 170 4
a 279 247 3
a 279 354 3
a 280 12 10
a 280 349 7
a 281 41 7
a 281 70 9
a 281 105 7
a 282 186 6
a 283 14 3
a 283 21 7
a 284 394 10
a 285 214 9
a 286 226 2
a 286 323 7
a 287 20 7
a 288 46 7
a 288 189 4
a 289 269 2
a 290 145 1
a 291 139 10
a 291 224 5
a 292 58 1
a 293 356 4
a 294 68 10
a 294 122 5
a 294 226 1
a 294 280 5
a 294 348 3
a 295 41 3
a 295 113 7
a 295 313 9
a 295 362 9
a 296 287 10
a 297 113 10
a 297 146 3
a 297 158 2
a 297 296 4
a 297 305 9
a 298 6 7
a 298 8 9
a 298 376 10
a 299 70 7
a 300 58 1
a 301 302 7
a 302 312 10
a 303 228 7
a 304 256 10
a 304 266 6
a 305 342 1
a 306 59 6
a 306 104 10
a 307 130 6
a 307 361 8
a 307 386 5
a 308 241 6
a 309 174 7
a 310 161 3
a 310 171 5
a 310 280 10
a 311 200 1
a 312 257 2
a 313 234 10
a 313 386 4
a 314 56 7
a 314 219 7
a 315 35 2
a 315 199 2
a 316 18 1
a 317 128 4
a 317 163 2
a 317 293 8
a 318 367 8
a 319 76 2
a 319 147 1
a 320 130 8
a 320 396 8
a 321 11 3
a 321 16 10
a 321 395 5
a 322 21 9
a 323 124 5
a 323 185 1
a 324 128 5
a 324 302 2
a 325 136 5
a 326 297 10
a 327 109 6
a 327 179 1
a 328 104 7
a 328 237 7
a 329 46 7
a 330 144 7
a 331 203 10
a 332 16 8
a 332 261 4
a 333 241 2
a 333 397 3
a 334 24 6
a 334 264 7
a 335 154 3
a 335 209 9
a 336 29 3
a 336 69 4
a 337 141 8
a 337 143 10
a 338 149 9
a 338 384 6
a 339 388 8
a 340 264 6
a 341 237 7
a 342 22 10
a 342 138 1
a 343 159 1
a 344 232 3
a 344 382 6
a 345 23 3
a 345 339 1
a 346 78 4
a 346 245 8
a 346 254 8
a 346 287 6
a 347 293 7
a 348 83 1
a 348 145 10
a 348 206 4
a 349 147 8
a 349 368 4
a 350 118 4
a 350 142 2
a 350 270 6
a 350 348 3
a 350 358 3
a 351 3 2
a 351 140 7
a 352 37 2
a 352 382 5
a 353 109 4
a 353 328 6
a 354 201 6
a 354 240 5
a 355 37 8
a 355 131 3
a 355 166 9
a 355 271 4
a 356 262 4
a 356 295 10
a 356 309 4
a 357 3 8
a 357 178 7
a 358 29 9
a 358 77 10
a 358 307 6
a 359 257 10
a 360 51 1
a 360 84 6
a 360 131 10
a 360 183 4
a 361 264 4
a 362 241 3
a 363 91 5
a 363 333 3
a 364 45 2
a 364 140 5
a 364 245 7
a 365 108 4
a 365 314 10
a 365 368 8
a 366 73 4
a 366 218 6
a 366 250 7
a 367 244 8
a 367 340 1
a 367 365 5
a 368 94 10
a 368 230 9
a 368 380 2
a 369 151 6
a 369 284 9
a 370 242 10
a 370 315 10
a 371 197 2
a 372 73 4
a 372 211 5
a 373 257 3
a 373 267 6
a 373 379 8
a 374 34 6
a 374 280 10
a 375 238 4
a 376 166 10
a 377 5 10
a 378 228 10
a 379 27 8
a 379 284 1
a 379 391 3
a 380 23 4
a 380 103 9
a 381 203 3
a 381 228 2
a 381 317 10
a 382 271 2
a 383 38 1
a 383 366 3
a 384 170 6
a 384 197 1
a 384 359 8
a 385 133 5
a 385 220 2
a 385 316 10
a 386 55 8
a 386 229 3
a 387 79 4
a 388 166 6
a 388 258 2
a 389 86 3
a 389 266 9
a 390 235 10
a 391 210 8
a 391 309 7
a 391 367 5
a 392 42 5
a 392 119 7
a 393 198 7
a 394 253 10
a 395 347 3
a 396 346 10
a 397 245 10
a 398 83 6
a 399 179 10
a 399 248 4
a 399 392 10
