p max 400 800
n 1 s
n 400 t
a 1 51 1
a 1 245 9
a 2 100 8
a 2 231 1
a 3 64 5
a 3 365 10
a 4 92 9
a 5 4 3
a 5 212 8
a 5 218 5
a 6 280 10
a 7 135 9
a 7 221 9
a 8 92 7
a 8 273 6
a 9 226 6
a 9 270 6
a 10 65 9
a 10 323 2
a 11 20 6
a 11 329 4
a 12 31 9
a 12 379 8
a 13 12 9
a 14 312 7
a 15 400 9
a 16 304 3
a 17 48 4
a 17 192 7
a 18 23 1
a 18 148 2
a 18 226 1
a 19 6 5
a 19 350 1
a 19 393 2
a 20 150 10
a 21 46 5
a 21 325 7
a 21 387 8
a 22 196 4
a 23 99 7
a 23 222 8
a 24 183 7
a 24 186 2
a 25 205 10
a 25 371 3
a 26 252 2
a 27 95 9
a 27 399 2
a 28 52 7
a 28 252 5
a 29 384 5
a 30 286 1
a 30 361 8
a 31 83 6
a 31 295 4
a 31 347 1
a 32 119 6
a 32 151 6
a 32 332 7
a 33 259 5
a 34 315 1
a 35 46 5
a 35 100 2
a 36 123 9
a 36 310 5
a 37 57 2
a 38 312 7
a 38 383 7
a 39 10 7
a 39 138 7
a 40 107 3
a 40 182 7
a 41 152 2
a 41 203 5
a 41 394 1
a 42 78 1
a 42 291 8
a 43 14 10
a 43 103 6
a 44 84 10
a 45 66 10
a 45 78 10
a 46 33 5
a 46 104 7
a 47 154 3
a 48 314 6
a 49 245 9
a 50 97 10
a 50 108 6
a 50 300 1
a 50 333 7
a 51 384 5
a 52 147 8
a 53 211 2
a 54 15 9
a 54 96 5
a 54 243 5
a 54 269 3
a 55 169 6
a 55 390 4
a 56 238 3
a 57 67 5
a 58 35 3
a 58 257 6
a 58 282 1
a 59 330 6
a 59 341 2
a 59 398 10
a 60 163 1
a 61 117 9
a 62 16 5
a 62 331 3
a 63 44 4
a 63 147 5
a 64 36 9
a 64 218 6
a 65 155 3
a 65 204 7
a 65 289 10
a 66 68 1
a 66 400 2
a 67 120 10
a 67 375 3
a 68 132 10
a 69 321 10
a 70 71 1
a 70 190 4
a 71 221 4
a 72 201 7
a 73 143 9
a 74 114 10
a 74 116 7
a 74 139 1
a 75 201 3
a 75 233 4
a 75 238 8
a 75 279 7
a 76 275 5
a 77 63 8
a 77 170 7
a 78 308 1
a 79 247 1
a 80 94 2
a 80 253 2
a 80 301 2
a 81 31 2
a 81 124 6
a 81 376 10
a 82 177 2
a 83 208 4
a 83 257 2
a 83 294 9
a 83 341 5
a 84 137 10
a 84 170 8
a 85 43 8
a 86 44 4
a 86 97 9
a 86 107 7
a 86 150 9
a 86 235 10
a 86 386 8
a 87 129 1
a 87 313 9
a 87 382 4
a 88 205 10
a 89 148 2
a 90 5 5
a 90 281 1
a 90 377 4
a 91 19 2
a 92 25 7
a 92 103 7
a 93 81 6
a 93 223 6
a 94 309 3
a 95 36 4
a 95 132 8
a 95 176 3
a 96 130 8
a 96 152 6
a 96 354 2
a 97 7 8
a 97 88 3
a 97 143 10
a 98 10 4
a 99 318 4
a 99 345 10
a 99 370 4
a 99 377 4
a 100 64 10
a 100 366 1
a 101 184 5
a 101 187 4
a 101 202 6
a 101 300 9
a 102 340 9
a 103 27 5
a 103 203 9
a 104 212 2
a 104 250 10
a 105 72 9
a 105 278 10
a 105 388 1
a 106 229 6
a 106 290 5
a 107 51 4
a 108 63 10
a 108 111 8
a 108 172 10
a 109 52 10
a 109 375 8
a 110 12 6
a 110 250 1
a 110 306 4
a 111 8 10
a 111 135 4
a 111 252 1
a 112 200 4
a 112 209 9
a 113 154 10
a 113 178 6
a 113 210 5
a 113 385 9
a 114 205 10
a 115 10 1
a 115 100 10
a 115 117 2
a 115 246 3
a 116 388 1
a 117 73 6
a 117 398 10
a 118 268 5
a 118 304 8
a 118 336 8
a 118 351 7
a 119 115 5
a 120 56 8
a 120 87 2
a 120 296 5
a 121 137 9
a 121 397 7
a 122 30 6
a 122 157 5
a 122 359 10
a 123 206 9
a 123 267 4
a 124 181 5
a 124 245 1
a 125 264 5
a 125 287 8
a 125 330 1
a 126 171 2
a 127 171 9
a 127 234 7
a 127 280 2
a 128 132 4
a 129 193 2
a 129 282 9
a 129 308 3
a 129 323 10
a 130 154 1
a 131 126 6
a 131 357 1
a 131 399 7
a 132 118 8
a 132 329 1
a 133 166 4
a 133 240 8
a 133 356 7
a 134 21 6
a 134 133 2
a 134 189 2
a 134 222 5
a 134 365 7
a 135 22 9
a 135 33 6
a 135 197 5
a 136 263 6
a 136 346 2
a 136 362 7
a 137 266 9
a 137 342 3
a 138 5 10
a 139 10 10
a 140 143 6
a 140 149 9
a 141 3 10
a 141 173 5
a 141 337 7
a 141 358 5
a 142 64 3
a 142 101 9
a 143 290 9
a 144 48 3
a 144 141 9
a 145 51 6
a 145 61 4
a 145 260 8
a 145 264 5
a 145 303 4
a 146 366 4
a 147 19 2
a 147 241 3
a 147 290 1
a 148 53 3
a 148 170 5
a 149 11 9
a 149 255 3
a 149 291 10
a 149 298 9
a 149 336 1
a 150 24 5
a 150 47 2
a 150 115 8
a 150 277 9
a 150 297 9
a 151 157 5
a 151 223 8
a 152 216 4
a 152 356 2
a 153 171 10
a 154 193 9
a 154 227 9
a 154 389 6
a 155 60 4
a 155 130 7
a 155 299 6
a 156 82 3
a 156 142 9
a 156 259 4
a 156 349 3
a 157 251 8
a 157 272 8
a 157 284 9
a 158 44 9
a 159 156 2
a 159 246 4
a 160 26 4
a 160 161 10
a 161 195 8
a 161 253 5
a 162 10 6
a 163 143 5
a 164 213 5
a 164 352 1
a 165 225 2
a 165 228 2
a 166 206 9
a 166 390 3
a 167 69 8
a 167 188 6
a 167 209 2
a 167 382 3
a 168 170 10
a 169 59 9
a 169 209 5
a 169 307 8
a 170 323 4
a 170 338 5
a 171 217 7
a 172 9 2
a 172 120 2
a 173 20 7
a 173 226 4
a 174 99 1
a 175 240 1
a 176 92 8
a 177 28 5
a 177 253 6
a 178 238 7
a 178 305 10
a 178 360 7
a 179 207 9
a 180 30 5
a 180 109 5
a 181 380 4
a 182 75 3
a 182 232 3
a 183 152 7
a 183 198 9
a 183 310 10
a 184 44 7
a 185 275 9
a 186 252 9
a 187 40 6
a 187 83 10
a 187 200 8
a 188 316 10
a 189 74 10
a 189 358 9
a 190 117 6
a 190 272 3
a 190 317 9
a 191 202 9
a 191 277 5
a 191 350 5
a 192 209 10
a 192 251 9
a 192 380 4
a 193 20 2
a 193 94 7
a 194 5 5
a 194 208 4
a 194 214 1
a 194 396 4
a 195 173 5
a 196 178 2
a 196 254 10
a 196 359 8
a 197 142 4
a 197 211 9
a 197 314 4
a 198 80 2
a 198 321 2
a 199 27 8
a 199 319 3
a 200 172 6
a 201 185 3
a 201 257 4
a 202 288 5
a 203 160 3
a 203 312 1
a 204 136 10
a 204 368 8
a 205 330 9
a 205 369 1
a 206 159 2
a 206 245 4
a 207 15 6
a 207 158 3
a 208 93 7
a 208 180 5
a 208 239 6
a 209 25 4
a 210 60 1
a 211 41 2
a 211 194 4
a 212 103 5
a 212 400 2
a 213 283 2
a 213 293 2
a 213 373 3
a 214 59 4
a 214 302 4
a 215 121 6
a 215 207 4
a 215 238 9
a 216 13 1
a 216 49 2
a 217 19 2
a 217 70 7
a 218 39 4
a 218 232 2
a 219 61 1
a 219 355 2
a 220 203 10
a 221 280 3
a 222 50 5
a 222 155 10
a 222 245 7
a 222 276 7
a 222 364 5
a 223 71 1
a 223 330 5
a 224 129 2
a 225 146 10
a 225 382 8
a 226 24 8
a 227 239 5
a 228 105 6
a 228 190 5
a 228 213 10
a 228 253 6
a 229 36 3
a 229 72 4
a 229 220 9
a 229 236 9
a 230 277 3
a 230 320 8
a 230 368 8
a 231 42 7
a 231 224 3
a 232 18 10
a 232 54 1
a 232 114 8
a 232 217 9
a 233 247 5
a 233 277 5
a 233 335 10
a 234 143 3
a 234 311 8
a 235 264 3
a 236 122 6
a 236 131 10
a 237 332 2
a 238 123 9
a 239 225 7
a 240 249 3
a 241 319 1
a 242 144 9
a 242 324 10
a 243 306 4
a 244 230 7
a 245 255 2
a 245 328 4
a 246 31 9
a 246 265 5
a 247 164 3
a 247 377 5
a 248 26 7
a 248 354 1
a 249 63 7
a 249 275 1
a 250 373 4
a 251 58 1
a 251 176 2
a 252 37 2
a 252 185 7
a 253 91 1
a 253 160 1
a 254 362 5
a 255 50 7
a 255 112 9
a 256 183 1
a 256 365 5
a 257 41 7
a 257 262 5
a 257 316 7
a 258 194 1
a 259 102 3
a 259 244 8
a 259 263 4
a 260 34 9
a 260 97 4
a 260 326 6
a 260 378 10
a 261 128 6
a 261 350 8
a 262 197 9
a 262 261 6
a 263 86 5
a 264 222 7
a 265 112 3
a 266 263 10
a 266 375 7
a 267 282 3
a 267 286 2
a 268 38 8
a 268 363 7
a 268 392 1
a 269 229 7
a 270 30 4
a 270 190 7
a 271 196 2
a 271 305 3
a 272 42 10
a 272 200 10
a 272 242 6
a 273 79 3
a 273 80 7
a 273 266 7
a 274 90 10
a 275 174 8
a 275 298 9
a 276 38 9
a 276 196 2
a 276 336 9
a 276 384 8
a 277 58 2
a 277 148 7
a 278 203 5
a 278 262 4
a 278 391 5
a 279 156 10
a 279 189 9
a 280 184 10
a 280 381 10
a 281 84 8
a 281 218 4
a 282 63 10
a 282 86 7
a 283 3 10
a 283 158 9
a 284 301 5
a 285 147 8
a 286 203 6
a 287 74 3
a 287 180 4
a 287 316 6
a 287 367 5
a 288 327 8
a 289 97 7
a 290 19 1
a 290 142 6
a 291 92 7
a 292 331 5
a 292 344 5
a 293 153 8
a 293 215 6
a 293 261 6
a 294 236 1
a 295 275 4
a 295 309 10
a 296 264 3
a 296 332 7
a 297 211 2
a 297 219 6
a 297 336 6
a 298 55 6
a 298 76 10
a 299 2 3
a 299 164 9
a 299 238 10
a 300 96 9
a 301 17 5
a 301 32 8
a 301 49 7
a 301 179 8
a 301 325 6
a 302 10 4
a 302 65 5
a 303 80 7
a 303 112 2
a 304 318 9
a 305 89 5
a 305 309 2
a 306 199 7
a 306 286 6
a 307 57 2
a 307 216 1
a 307 347 8
a 307 397 1
a 308 77 8
a 308 307 9
a 308 377 5
a 309 275 6
a 310 98 4
a 311 162 6
a 311 175 2
a 311 271 7
a 312 140 10
a 312 272 4
a 313 92 1
a 313 163 6
a 313 339 4
a 314 106 5
a 315 253 8
a 316 134 7
a 316 259 8
a 317 48 8
a 317 258 9
a 318 167 1
a 318 327 10
a 319 336 2
a 320 43 7
a 320 144 9
a 321 318 3
a 321 331 4
a 322 386 6
a 323 76 10
a 323 256 7
a 323 266 2
a 324 106 3
a 324 148 9
a 325 75 8
a 325 127 7
a 325 292 6
a 326 31 2
a 326 120 1
a 327 293 9
a 328 80 2
a 328 288 1
a 329 364 7
a 330 67 1
a 330 143 6
a 330 169 4
a 330 185 10
a 330 191 10
a 331 153 1
a 331 280 3
a 331 338 4
a 332 75 1
a 332 248 10
a 333 208 1
a 334 165 10
a 334 178 2
a 335 125 10
a 335 322 7
a 336 228 4
a 336 243 6
a 336 334 10
a 337 60 8
a 337 169 6
a 338 125 4
a 338 233 5
a 339 177 5
a 339 285 2
a 339 371 9
a 340 113 2
a 340 237 5
a 340 275 8
a 341 385 5
a 342 105 9
a 343 183 6
a 343 374 1
a 344 62 10
a 344 103 6
a 344 389 3
a 345 211 3
a 345 344 6
a 346 43 2
a 347 110 7
a 347 282 2
a 348 56 6
a 348 325 5
a 349 32 10
a 350 3 7
a 350 142 1
a 350 167 9
a 350 285 4
a 351 265 3
a 352 43 6
a 352 198 3
a 353 57 8
a 354 260 2
a 355 116 8
a 356 145 8
a 356 172 8
a 357 396 8
a 358 395 4
a 359 37 3
a 360 227 10
a 360 353 2
a 361 17 2
a 361 168 5
a 362 249 1
a 363 330 5
a 364 29 3
a 364 107 8
a 365 55 4
a 366 307 2
a 367 14 1
a 368 297 10
a 369 3 8
a 369 98 5
a 370 232 5
a 370 273 10
a 370 395 9
a 371 332 10
a 372 298 9
a 373 141 2
a 374 395 2
a 375 172 4
a 375 271 8
a 375 315 7
a 376 249 9
a 376 311 4
a 377 26 7
a 377 293 1
a 378 188 7
a 378 230 2
a 379 131 4
a 379 185 5
a 380 280 10
a 381 102 3
a 381 154 4
a 381 339 10
a 382 62 5
a 382 372 1
a 383 160 8
a 383 266 7
a 384 126 6
a 384 254 3
a 385 167 1
a 386 222 9
a 387 7 3
a 387 45 2
a 388 92 9
a 389 75 5
a 390 108 9
a 390 141 1
a 391 40 4
a 391 348 2
a 392 312 6
a 392 340 1
a 393 54 2
a 393 156 1
a 393 343 1
a 394 85 6
a 394 168 7
a 395 57 6
a 395 187 2
a 396 228 1
a 397 293 6
a 397 400 9
a 398 184 9
a 398 274 5
a 399 121 2
