p max 500 1000
n 1 s
n 500 t
a 1 488 10
a 2 175 3
a 2 207 3
a 2 322 8
a 3 152 4
a 4 114 6
a 4 467 2
a 5 90 9
a 5 174 9
a 5 454 1
a 6 131 10
a 6 385 7
a 7 133 7
a 7 355 8
a 8 72 3
a 9 15 7
a 9 214 10
a 10 87 9
a 10 164 1
a 11 331 5
a 12 429 8
a 13 19 7
a 13 204 5
a 13 228 8
a 13 342 6
a 14 166 3
a 15 151 2
a 15 281 5
a 16 17 6
a 16 475 3
a 17 116 8
a 18 132 6
a 18 140 5
a 18 142 9
a 18 264 2
a 19 169 3
a 19 214 7
a 20 76 9
a 20 431 1
a 21 317 4
a 21 374 1
a 22 285 1
a 23 31 2
a 23 341 1
a 24 17 5
a 24 78 4
a 24 109 3
a 24 282 3
a 25 11 6
a 25 329 2
a 25 457 2
a 25 470 10
a 26 9 4
a 26 49 6
a 26 113 5
a 26 257 8
a 26 454 3
a 27 167 3
a 27 300 2
a 27 488 5
a 28 192 9
a 28 272 7
a 28 313 6
a 28 387 8
a 29 309 8
a 30 283 1
a 31 95 5
a 31 471 3
a 32 89 2
a 32 372 10
a 33 91 5
a 34 279 4
a 34 291 2
a 35 17 9
a 35 149 8
a 36 220 2
a 36 404 5
a 36 411 9
a 37 173 3
a 38 44 2
a 38 134 9
a 38 258 2
a 39 350 5
a 39 388 1
a 40 144 9
a 40 210 8
a 41 443 7
a 42 82 10
a 42 240 9
a 43 94 9
a 43 181 6
a 43 289 10
a 44 45 1
a 45 122 6
a 45 380 8
a 45 480 2
a 46 16 7
a 46 406 9
a 47 294 8
a 48 346 2
a 49 413 2
a 50 130 8
a 50 251 7
a 51 238 1
a 52 182 4
a 53 202 7
a 54 128 9
a 54 214 2
a 55 128 9
a 55 180 7
a 56 142 6
a 56 390 9
a 57 171 9
a 57 340 9
a 58 81 4
a 59 60 8
a 60 25 9
a 60 203 2
a 61 166 5
a 62 314 6
a 63 452 3
a 63 484 10
a 64 32 4
a 64 110 6
a 64 199 9
a 65 173 4
a 65 288 2
a 66 31 7
a 66 35 6
a 67 276 9
a 68 87 4
a 68 117 9
a 69 28 4
a 69 134 9
a 69 435 3
a 70 129 10
a 70 271 10
a 71 275 3
a 71 369 3
a 72 151 7
a 72 364 2
a 73 256 3
a 74 253 8
a 75 313 4
a 75 316 8
a 75 498 3
a 76 254 2
a 76 500 1
a 77 351 4
a 78 145 1
a 78 191 4
a 78 366 1
a 79 156 2
a 79 218 9
a 80 197 5
a 80 398 7
a 81 7 4
a 81 219 7
a 82 117 4
a 82 153 3
a 83 289 7
a 84 9 6
a 84 251 10
a 84 464 8
a 85 245 7
a 85 315 4
a 86 26 4
a 86 118 7
a 87 131 5
a 87 200 3
a 87 244 9
a 88 228 2
a 89 373 6
a 90 434 7
a 90 463 6
a 90 499 8
a 91 236 5
a 91 377 9
a 91 422 10
a 91 500 1
a 92 456 3
a 92 469 2
a 93 76 1
a 94 102 10
a 94 486 3
a 95 257 3
a 96 163 7
a 96 196 5
a 96 397 1
a 97 206 2
a 98 245 1
a 99 18 2
a 99 454 6
a 99 474 2
a 100 176 8
a 100 233 9
a 100 274 10
a 101 116 10
a 101 308 9
a 102 51 3
a 103 63 6
a 103 123 4
a 103 164 7
a 104 61 7
a 104 384 3
a 105 71 7
a 105 429 2
a 106 3 9
a 106 131 10
a 107 103 6
a 107 396 7
a 107 430 7
a 107 473 2
a 108 479 10
a 109 379 2
a 110 31 6
a 110 134 10
a 111 255 5
a 111 320 8
a 112 15 4
a 112 408 2
a 113 259 9
a 113 298 4
a 113 473 7
a 114 73 4
a 114 388 2
a 114 401 4
a 114 454 2
a 115 276 6
a 115 496 5
a 116 108 3
a 117 479 1
a 117 484 10
a 118 249 6
a 118 416 3
a 119 197 7
a 119 279 8
a 120 437 5
a 121 134 8
a 121 262 4
a 122 192 4
a 122 307 3
a 122 332 2
a 123 400 10
a 123 485 5
a 124 276 8
a 124 447 3
a 125 80 6
a 125 249 6
a 126 144 9
a 127 230 1
a 127 270 9
a 128 133 5
a 129 469 7
a 129 478 1
a 130 174 7
a 130 417 2
a 131 21 2
a 131 74 9
a 131 388 7
a 132 116 5
a 132 142 4
a 132 451 6
a 133 106 4
a 133 478 1
a 134 488 8
a 134 490 1
a 135 88 5
a 135 324 2
a 136 277 2
a 137 117 6
a 137 145 3
a 138 140 9
a 139 198 7
a 139 295 2
a 139 419 3
a 140 216 5
a 141 46 2
a 142 495 5
a 143 30 4
a 143 64 5
a 144 386 10
a 145 417 1
a 146 285 7
a 147 148 9
a 147 153 2
a 148 347 7
a 149 194 10
a 149 261 10
a 150 195 10
a 151 218 6
a 151 243 8
a 152 285 8
a 152 414 1
a 153 283 7
a 153 497 2
a 154 286 9
a 154 460 6
a 155 53 5
a 155 364 4
a 156 31 3
a 157 12 9
a 157 136 9
a 158 46 10
a 158 299 7
a 159 311 10
a 159 317 8
a 160 161 6
a 161 132 1
a 162 280 3
a 162 318 6
a 162 466 2
a 163 442 9
a 164 403 1
a 165 243 2
a 165 450 7
a 166 184 5
a 167 91 1
a 167 149 5
a 167 256 9
a 168 3 4
a 169 299 3
a 169 357 6
a 170 228 10
a 171 420 10
a 172 115 5
a 172 439 10
a 173 135 8
a 173 492 4
a 173 497 10
a 174 67 2
a 174 213 5
a 174 391 7
a 175 239 1
a 175 297 1
a 175 477 1
a 176 8 8
a 176 300 1
a 177 309 9
a 178 168 1
a 178 222 7
a 178 339 5
a 178 362 6
a 179 38 9
a 179 406 5
a 179 429 5
a 179 455 5
a 180 278 1
a 180 413 2
a 180 491 1
a 181 188 6
a 181 325 8
a 182 40 8
a 182 294 6
a 182 359 7
a 182 483 1
a 183 6 7
a 184 479 8
a 185 178 8
a 185 429 3
a 186 8 4
a 186 402 3
a 186 413 2
a 187 166 4
a 187 384 7
a 188 354 4
a 189 161 4
a 189 198 10
a 189 330 3
a 189 397 5
a 190 75 6
a 190 107 6
a 190 108 5
a 191 218 4
a 191 428 8
a 192 227 9
a 192 277 2
a 193 201 7
a 193 310 7
a 193 315 4
a 194 421 5
a 195 80 8
a 195 155 1
a 195 409 6
a 195 427 7
a 196 224 6
a 196 225 2
a 197 230 4
a 198 288 4
a 199 446 5
a 199 471 2
a 200 225 4
a 201 180 7
a 202 295 3
a 203 36 7
a 203 42 2
a 203 47 5
a 203 149 6
a 204 206 3
a 205 70 4
a 205 248 8
a 205 286 3
a 206 336 4
a 206 429 9
a 206 459 8
a 207 76 1
a 207 147 3
a 208 351 1
a 209 39 2
a 209 389 6
a 210 97 2
a 210 239 4
a 211 382 6
a 212 228 7
a 212 480 4
a 213 250 8
a 213 423 9
a 214 446 1
a 215 41 1
a 215 65 3
a 215 260 1
a 215 343 5
a 215 399 4
a 216 209 7
a 217 14 8
a 218 107 8
a 218 186 10
a 218 210 3
a 219 227 9
a 219 387 2
a 220 375 10
a 221 111 6
a 222 160 5
a 223 435 1
a 223 469 5
a 224 83 7
a 224 219 6
a 224 327 8
a 224 434 3
a 225 69 9
a 225 311 6
a 225 449 7
a 226 120 8
a 226 237 4
a 227 253 6
a 227 329 1
a 227 392 2
a 228 225 2
a 228 306 10
a 228 310 9
a 229 24 8
a 229 346 3
a 230 228 3
a 231 341 2
a 231 387 5
a 232 147 8
a 232 225 8
a 232 296 10
a 233 454 1
a 234 181 6
a 235 24 10
a 235 373 7
a 236 121 10
a 237 201 6
a 238 82 2
a 238 226 7
a 238 344 7
a 239 94 5
a 239 206 6
a 240 226 8
a 241 120 4
a 241 494 7
a 242 172 3
a 242 189 10
a 242 195 3
a 242 363 4
a 243 79 7
a 244 3 10
a 245 75 4
a 246 49 6
a 246 114 1
a 247 350 6
a 247 485 3
a 248 93 9
a 249 76 6
a 250 290 1
a 250 295 9
a 251 323 7
a 251 354 4
a 252 81 8
a 252 302 1
a 253 162 4
a 254 197 2
a 254 466 1
a 255 454 5
a 256 335 3
a 257 187 3
a 257 352 2
a 257 411 7
a 258 111 9
a 258 116 1
a 259 8 3
a 259 365 6
a 260 86 10
a 260 295 3
a 261 6 5
a 261 209 6
a 262 146 10
a 262 191 7
a 263 92 7
a 263 410 8
a 264 110 8
a 264 113 9
a 264 354 1
a 264 403 4
a 265 112 3
a 265 171 4
a 265 310 10
a 265 382 5
a 265 433 2
a 266 11 7
a 267 439 6
a 268 23 8
a 268 39 7
a 269 266 7
a 269 471 6
a 270 50 3
a 270 177 8
a 270 196 4
a 270 457 9
a 271 79 4
a 271 81 6
a 271 117 9
a 272 26 7
a 273 27 10
a 273 305 3
a 273 345 9
a 274 341 1
a 275 153 1
a 276 37 2
a 276 403 10
a 277 152 1
a 277 494 4
a 278 36 4
a 278 425 4
a 279 195 2
a 279 482 5
a 280 55 3
a 280 444 6
a 281 48 6
a 281 297 4
a 281 361 2
a 282 13 9
a 282 205 10
a 282 399 6
a 283 218 1
a 284 75 8
a 284 175 3
a 285 301 6
a 285 442 8
a 285 465 3
a 286 278 4
a 287 151 8
a 287 232 8
a 287 356 2
a 287 415 6
a 287 448 1
a 288 27 2
a 288 143 5
a 288 182 4
a 289 178 7
a 290 284 3
a 290 500 10
a 291 30 2
a 292 283 3
a 293 154 6
a 293 270 1
a 294 126 4
a 294 313 6
a 294 347 6
a 294 489 6
a 295 321 1
a 295 373 8
a 295 444 8
a 296 72 5
a 296 343 1
a 296 450 2
a 297 309 3
a 297 398 4
a 297 411 6
a 297 472 2
a 298 374 8
a 299 37 5
a 299 420 4
a 300 132 7
a 300 246 4
a 300 440 4
a 301 60 1
a 301 62 3
a 301 262 5
a 302 213 8
a 302 383 5
a 303 274 5
a 304 115 2
a 304 320 3
a 305 129 8
a 305 345 1
a 306 475 3
a 307 237 10
a 307 313 5
a 307 370 10
a 308 264 9
a 308 287 7
a 309 136 5
a 309 438 2
a 309 479 6
a 310 15 4
a 311 153 2
a 311 217 8
a 311 288 1
a 311 369 9
a 312 184 3
a 312 243 9
a 312 331 4
a 312 493 9
a 313 52 6
a 313 335 3
a 313 450 5
a 314 269 10
a 315 3 4
a 316 36 9
a 317 84 6
a 317 212 4
a 318 215 7
a 318 221 9
a 318 267 3
a 319 133 5
a 319 388 9
a 320 39 9
a 320 289 3
a 320 347 1
a 320 468 7
a 321 222 4
a 321 252 1
a 322 160 1
a 322 385 6
a 323 230 8
a 323 413 5
a 323 462 5
a 324 241 6
a 324 295 9
a 325 402 9
a 326 4 2
a 326 377 6
a 327 229 10
a 327 418 10
a 327 476 7
a 328 101 8
a 328 238 10
a 329 223 10
a 329 484 6
a 329 496 9
a 330 319 9
a 330 412 1
a 331 333 1
a 331 469 7
a 332 54 5
a 332 56 10
a 332 119 10
a 332 364 3
a 333 319 1
a 333 482 1
a 334 166 3
a 334 405 8
a 334 429 2
a 335 159 7
a 335 385 5
a 335 461 2
a 336 58 9
a 336 242 8
a 337 380 6
a 337 483 10
a 338 24 5
a 339 224 1
a 339 293 5
a 339 460 10
a 340 99 3
a 340 124 10
a 340 248 10
a 341 340 2
a 342 76 6
a 342 393 1
a 343 212 8
a 343 279 5
a 343 372 9
a 344 258 2
a 344 492 3
a 345 342 7
a 345 453 10
a 345 494 1
a 346 90 1
a 347 261 10
a 347 321 2
a 347 360 2
a 348 388 2
a 349 203 5
a 350 57 6
a 350 101 7
a 350 268 7
a 350 374 6
a 351 243 4
a 352 48 2
a 352 441 8
a 353 231 9
a 353 301 5
a 353 320 7
a 354 247 10
a 355 8 6
a 355 45 9
a 355 79 3
a 355 85 7
a 356 262 6
a 356 328 6
a 357 166 2
a 358 131 6
a 359 44 4
a 359 326 4
a 360 42 7
a 360 59 10
a 360 346 4
a 361 162 1
a 361 172 10
a 362 415 3
a 363 98 7
a 363 139 10
a 363 471 1
a 364 105 6
a 364 113 9
a 364 127 3
a 364 274 3
a 364 338 10
a 365 69 9
a 366 30 1
a 366 314 3
a 367 129 10
a 368 212 4
a 368 216 7
a 369 144 5
a 369 236 10
a 370 273 3
a 370 443 9
a 370 476 10
a 371 358 5
a 371 462 6
a 371 487 5
a 372 8 4
a 372 96 1
a 372 170 5
a 372 367 7
a 373 60 6
a 373 125 3
a 373 266 8
a 374 347 5
a 374 395 2
a 375 434 3
a 376 35 1
a 377 160 1
a 377 175 9
a 378 105 6
a 378 217 6
a 378 481 4
a 379 261 6
a 379 285 1
a 380 398 6
a 381 43 9
a 381 203 9
a 381 214 7
a 382 432 3
a 383 115 5
a 383 336 3
a 384 170 4
a 385 362 10
a 386 109 7
a 387 188 2
a 388 370 9
a 389 462 5
a 390 85 4
a 390 141 6
a 391 20 8
a 391 201 8
a 392 486 9
a 393 337 4
a 393 413 10
a 394 365 2
a 395 369 9
a 396 406 7
a 397 263 5
a 397 311 5
a 397 375 4
a 397 423 8
a 398 68 3
a 398 240 3
a 398 349 9
a 399 326 8
a 400 86 7
a 401 88 6
a 401 121 5
a 401 123 4
a 401 334 10
a 402 34 4
a 402 188 9
a 402 381 3
a 402 387 10
a 402 437 5
a 403 30 4
a 403 137 3
a 403 410 6
a 404 93 8
a 404 234 5
a 404 353 2
a 405 174 4
a 406 314 1
a 407 216 5
a 408 74 7
a 409 66 1
a 409 197 4
a 409 211 8
a 409 342 1
a 409 425 1
a 410 220 3
a 410 407 8
a 411 375 2
a 412 326 9
a 412 409 5
a 413 61 6
a 414 27 10
a 415 350 5
a 416 14 6
a 416 90 2
a 417 133 6
a 417 190 7
a 418 58 1
a 419 180 10
a 419 430 4
a 419 478 1
a 420 70 3
a 420 376 2
a 420 403 5
a 421 138 6
a 421 213 1
a 422 413 4
a 423 124 8
a 424 131 2
a 425 131 8
a 425 426 5
a 425 499 6
a 426 294 7
a 427 157 10
a 428 26 3
a 428 448 1
a 429 329 10
a 429 486 10
a 429 495 6
a 430 113 5
a 430 409 6
a 431 174 8
a 432 116 9
a 432 223 9
a 432 303 10
a 432 386 5
a 433 102 5
a 433 458 4
a 434 119 6
a 434 413 10
a 435 29 1
a 435 164 1
a 435 424 5
a 436 372 7
a 437 99 1
a 437 432 2
a 438 185 4
a 438 202 5
a 438 488 2
a 439 173 3
a 439 351 4
a 439 436 6
a 440 303 4
a 440 348 3
a 441 10 7
a 441 134 9
a 442 33 3
a 442 355 10
a 443 171 6
a 443 269 7
a 443 442 6
a 444 431 4
a 445 317 1
a 446 58 10
a 446 220 1
a 446 292 9
a 447 111 3
a 448 43 6
a 449 73 10
a 449 304 8
a 449 394 9
a 449 399 2
a 450 79 8
a 450 215 9
a 450 378 8
a 451 6 9
a 451 138 1
a 451 449 4
a 452 429 3
a 452 441 2
a 453 20 10
a 454 229 4
a 454 265 10
a 455 157 6
a 455 473 8
a 456 368 4
a 457 160 5
a 458 134 5
a 459 15 6
a 459 150 8
a 460 247 4
a 460 497 7
a 461 298 5
a 461 317 5
a 462 137 3
a 463 308 8
a 464 165 1
a 464 215 10
a 464 368 2
a 464 461 2
a 465 193 7
a 465 208 2
a 465 219 1
a 465 500 3
a 466 198 2
a 467 229 2
a 467 299 9
a 467 407 6
a 468 235 4
a 468 456 1
a 469 251 9
a 469 412 5
a 470 104 7
a 470 329 5
a 470 472 1
a 471 22 5
a 471 281 4
a 472 450 4
a 472 479 7
a 473 38 8
a 473 379 10
a 473 483 2
a 474 400 1
a 475 304 6
a 476 310 10
a 476 371 5
a 476 445 6
a 477 64 1
a 477 240 2
a 478 183 2
a 478 208 1
a 478 339 9
a 478 421 5
a 479 285 6
a 479 312 6
a 480 165 6
a 480 179 5
a 480 353 5
a 481 2 9
a 481 268 4
a 482 256 8
a 482 320 8
a 483 171 3
a 484 253 10
a 485 178 5
a 486 158 5
a 486 264 7
a 487 27 7
a 488 19 1
a 488 77 6
a 489 188 10
a 490 51 2
a 490 271 10
a 491 5 10
a 491 82 4
a 491 315 10
a 492 162 10
a 493 160 2
a 493 201 5
a 494 331 7
a 495 44 9
a 496 224 10
a 497 100 7
a 497 277 5
a 498 269 2
a 499 445 2
