p max 500 1000
n 1 s
n 500 t
a 1 77 4
a 1 234 3
a 1 497 2
a 2 245 10
a 2 298 1
a 2 326 3
a 3 32 8
a 4 250 9
a 5 155 9
a 6 239 2
a 7 384 3
a 8 295 10
a 8 306 2
a 9 326 9
a 10 452 3
a 10 469 5
a 11 312 6
a 12 434 7
a 12 457 5
a 12 471 1
a 13 15 7
a 14 30 3
a 15 30 1
a 15 136 5
a 15 406 1
a 16 280 8
a 16 355 3
a 16 382 5
a 17 163 7
a 18 4 3
a 19 80 6
a 19 119 5
a 19 174 10
a 20 2 1
a 20 346 10
a 20 467 10
a 21 465 5
a 22 183 10
a 22 270 9
a 22 293 6
a 22 333 3
a 23 321 2
a 24 442 8
a 25 3 4
a 25 17 7
a 25 51 8
a 26 135 7
a 27 166 2
a 27 474 8
a 28 4 5
a 28 308 4
a 28 352 10
a 29 173 6
a 29 180 6
a 29 282 2
a 30 3 5
a 30 360 10
a 31 274 5
a 31 349 3
a 31 420 8
a 32 6 3
a 33 69 3
a 34 45 2
a 34 393 2
a 35 137 4
a 35 391 4
a 35 397 8
a 36 327 8
a 36 342 6
a 36 389 2
a 37 387 8
a 37 406 10
a 38 250 3
a 39 145 3
a 39 208 9
a 39 258 5
a 39 493 2
a 40 86 5
a 40 123 8
a 40 225 9
a 41 163 2
a 41 230 6
a 41 368 3
a 42 103 5
a 43 380 1
a 44 20 2
a 44 60 3
a 44 120 10
a 44 143 6
a 45 410 6
a 45 460 1
a 46 473 9
a 47 380 8
a 47 425 8
a 47 468 6
a 48 170 7
a 48 466 6
a 49 198 3
a 50 348 4
a 51 71 2
a 51 188 8
a 52 255 8
a 52 268 3
a 53 88 2
a 53 334 5
a 53 338 6
a 54 96 7
a 54 330 8
a 54 433 1
a 55 115 5
a 56 7 4
a 56 184 6
a 56 216 9
a 56 479 3
a 57 32 2
a 58 228 5
a 58 283 6
a 58 355 5
a 59 46 6
a 60 134 9
a 60 262 2
a 61 482 2
a 62 115 3
a 62 224 2
a 63 179 9
a 64 106 5
a 64 390 3
a 64 440 9
a 65 283 9
a 66 173 1
a 66 185 6
a 66 413 8
a 67 209 1
a 67 305 7
a 68 192 1
a 68 248 10
a 68 289 3
a 68 332 3
a 69 384 5
a 70 102 9
a 70 197 3
a 70 238 8
a 70 406 3
a 71 85 3
a 71 212 6
a 71 213 6
a 72 24 6
a 72 38 10
a 72 186 5
a 73 54 8
a 73 265 5
a 73 450 3
a 74 156 10
a 74 325 2
a 74 389 8
a 75 426 10
a 76 275 9
a 76 493 5
a 77 369 6
a 77 432 3
a 77 479 9
a 78 19 5
a 78 217 2
a 78 250 7
a 78 310 6
a 79 257 3
a 79 336 4
a 80 175 9
a 81 389 7
a 82 241 4
a 82 278 2
a 82 285 9
a 83 169 2
a 83 330 3
a 83 341 5
a 83 374 1
a 84 409 1
a 85 240 9
a 85 321 8
a 85 498 10
a 86 328 6
a 87 357 4
a 88 468 8
a 89 165 2
a 89 343 1
a 89 410 8
a 90 54 7
a 90 139 6
a 90 414 3
a 91 21 10
a 92 203 7
a 93 158 10
a 94 496 9
a 95 148 8
a 95 312 4
a 95 396 5
a 96 244 5
a 97 25 10
a 97 77 10
a 98 85 4
a 98 215 6
a 99 372 6
a 99 380 1
a 100 220 9
a 100 389 9
a 100 468 9
a 101 442 2
a 101 448 8
a 102 81 2
a 103 132 10
a 103 495 2
a 104 33 9
a 104 41 9
a 104 80 5
a 105 242 7
a 105 329 8
a 106 52 9
a 106 185 8
a 107 99 8
a 108 392 1
a 108 411 8
a 109 105 9
a 109 125 8
a 110 28 8
a 110 75 9
a 110 340 3
a 111 121 10
a 111 237 5
a 111 266 3
a 112 194 4
a 112 203 2
a 113 94 5
a 113 422 6
a 114 381 9
a 115 190 10
a 115 244 1
a 115 487 1
a 116 115 4
a 116 297 3
a 116 344 9
a 116 408 1
a 116 438 8
a 117 116 8
a 117 273 4
a 118 136 9
a 119 133 4
a 120 157 1
a 120 179 8
a 120 456 4
a 120 477 10
a 121 81 4
a 121 113 5
a 121 254 3
a 121 286 2
a 121 489 7
a 122 93 9
a 122 459 10
a 123 384 3
a 124 225 2
a 124 390 9
a 125 61 4
a 125 221 1
a 125 316 4
a 126 105 4
a 126 214 8
a 126 463 10
a 127 21 6
a 127 38 7
a 128 94 2
a 128 366 8
a 128 399 8
a 128 452 4
a 129 414 10
a 130 39 6
a 130 409 1
a 131 200 6
a 131 491 10
a 131 494 1
a 132 140 8
a 132 464 4
a 133 278 8
a 134 6 8
a 134 483 10
a 134 484 2
a 135 276 10
a 135 356 1
a 136 205 10
a 136 473 5
a 137 350 10
a 138 335 9
a 139 188 8
a 139 235 4
a 140 230 10
a 140 248 8
a 141 496 7
a 142 131 1
a 142 209 4
a 143 22 9
a 144 117 8
a 144 471 6
a 144 488 2
a 145 423 9
a 146 496 4
a 147 156 9
a 148 200 1
a 148 395 9
a 149 446 2
a 149 454 4
a 150 84 6
a 150 110 9
a 150 195 1
a 151 155 5
a 151 485 9
a 152 292 7
a 153 203 5
a 154 127 2
a 154 210 4
a 155 484 1
a 156 199 9
a 156 458 5
a 156 469 10
a 157 230 2
a 158 193 8
a 158 266 8
a 159 138 3
a 159 302 8
a 160 350 7
a 161 383 4
a 162 57 7
a 163 495 6
a 164 69 9
a 164 144 6
a 164 259 9
a 165 255 7
a 166 468 3
a 167 3 4
a 167 99 3
a 167 279 8
a 167 476 7
a 168 142 5
a 168 304 6
a 169 24 7
a 170 313 6
a 171 307 8
a 172 315 8
a 173 39 2
a 173 486 6
a 174 295 10
a 174 445 2
a 175 62 2
a 175 153 7
a 175 307 5
a 176 384 7
a 177 240 7
a 178 150 10
a 179 92 9
a 179 190 10
a 180 330 9
a 180 433 2
a 181 173 4
a 181 393 3
a 182 330 4
a 182 421 9
a 183 35 4
a 183 73 7
a 183 436 1
a 184 217 1
a 185 179 5
a 185 279 1
a 186 59 8
a 186 315 1
a 186 363 7
a 187 312 2
a 188 41 10
a 188 79 1
a 189 223 4
a 189 372 4
a 190 5 8
a 190 347 5
a 191 87 1
a 191 355 10
a 191 448 8
a 192 135 1
a 192 276 7
a 192 281 9
a 193 9 8
a 193 388 7
a 193 423 8
a 193 432 3
a 194 3 1
a 194 320 8
a 194 409 4
a 195 50 7
a 195 70 1
a 195 385 9
a 196 62 2
a 197 418 9
a 197 463 9
a 197 476 9
a 198 110 3
a 198 453 8
a 199 60 3
a 199 430 6
a 200 313 4
a 200 431 7
a 201 62 9
a 201 90 1
a 201 446 6
a 202 284 3
a 202 297 3
a 202 348 3
a 203 271 1
a 203 452 2
a 204 11 4
a 204 473 1
a 205 310 4
a 206 98 1
a 206 359 7
a 207 115 3
a 207 459 10
a 208 51 4
a 208 56 9
a 208 218 3
a 209 415 8
a 210 160 2
a 210 182 8
a 210 238 9
a 210 428 8
a 211 47 1
a 211 404 2
a 212 483 9
a 213 272 7
a 213 454 6
a 214 357 9
a 214 364 1
a 214 482 4
a 215 416 4
a 215 460 9
a 216 207 1
a 216 338 9
a 216 437 5
a 217 360 4
a 218 158 9
a 219 199 3
a 220 489 8
a 221 101 5
a 221 137 5
a 221 368 9
a 222 290 6
a 222 345 8
a 223 14 10
a 223 240 1
a 223 417 3
a 224 451 8
a 225 359 9
a 225 472 2
a 226 198 5
a 226 199 4
a 227 10 4
a 227 381 5
a 227 409 8
a 227 443 2
a 228 53 8
a 228 241 2
a 228 273 10
a 229 432 8
a 230 185 4
a 231 187 3
a 231 197 3
a 232 211 8
a 233 220 8
a 233 384 10
a 234 159 9
a 235 141 7
a 235 252 10
a 235 456 3
a 236 78 7
a 236 481 6
a 237 232 6
a 237 401 8
a 238 291 4
a 238 378 6
a 239 220 2
a 239 277 10
a 239 401 2
a 240 205 9
a 241 349 10
a 242 46 1
a 243 230 6
a 243 337 4
a 244 319 10
a 244 429 2
a 245 399 4
a 246 11 7
a 246 191 9
a 246 261 6
a 247 406 5
a 247 459 7
a 248 185 1
a 248 229 9
a 248 316 10
a 249 29 10
a 249 298 8
a 250 177 8
a 251 386 1
a 252 154 6
a 252 409 5
a 253 161 7
a 253 324 8
a 253 439 2
a 253 451 9
a 253 461 7
a 254 143 5
a 254 270 2
a 254 405 8
a 255 98 3
a 255 152 2
a 255 481 10
a 256 64 6
a 256 279 7
a 257 150 6
a 257 492 7
a 258 11 4
a 258 306 5
a 258 354 10
a 259 64 4
a 259 243 7
a 260 154 10
a 261 53 4
a 262 36 10
a 262 45 6
a 263 102 3
a 264 16 4
a 264 314 2
a 265 175 6
a 266 139 6
a 267 413 7
a 268 26 7
a 268 129 2
a 268 370 3
a 269 85 6
a 270 79 7
a 270 474 3
a 271 67 2
a 271 498 6
a 272 377 6
a 273 382 4
a 274 197 4
a 274 373 10
a 275 32 10
a 275 55 7
a 275 483 8
a 276 300 8
a 276 467 7
a 277 310 5
a 278 318 5
a 279 89 10
a 279 149 1
a 279 249 5
a 279 464 3
a 280 149 7
a 281 115 5
a 282 50 8
a 282 378 7
a 283 470 1
a 284 431 7
a 285 114 6
a 285 251 10
a 285 371 3
a 286 267 3
a 287 329 10
a 287 351 10
a 288 285 7
a 289 48 2
a 289 253 9
a 289 369 2
a 290 133 9
a 290 435 9
a 291 46 7
a 291 130 1
a 291 151 2
a 292 194 6
a 293 194 4
a 293 275 8
a 293 449 4
a 294 19 7
a 294 177 6
a 295 225 2
a 295 378 10
a 296 149 6
a 296 349 9
a 297 190 6
a 297 236 6
a 298 391 1
a 299 324 8
a 300 23 8
a 300 237 8
a 301 231 6
a 301 253 5
a 301 435 2
a 302 362 5
a 303 118 6
a 303 243 10
a 303 500 7
a 304 31 2
a 304 270 1
a 304 411 8
a 305 391 5
a 306 108 1
a 306 199 5
a 306 335 9
a 307 234 9
a 307 281 7
a 307 318 9
a 307 376 10
a 308 171 4
a 309 32 9
a 309 43 4
a 310 73 5
a 310 172 10
a 310 358 6
a 310 413 5
a 311 164 1
a 311 297 9
a 311 379 1
a 312 89 3
a 312 424 9
a 313 119 7
a 313 255 4
a 314 28 8
a 314 37 3
a 314 162 4
a 314 227 8
a 314 367 8
a 315 44 4
a 315 130 4
a 315 394 6
a 316 430 2
a 317 107 10
a 317 199 2
a 318 196 10
a 318 202 5
a 319 333 2
a 320 51 10
a 320 355 2
a 321 420 10
a 322 434 4
a 323 274 9
a 324 174 8
a 324 269 3
a 324 388 5
a 325 124 5
a 325 339 5
a 326 499 3
a 327 289 10
a 328 10 10
a 329 69 10
a 329 214 2
a 329 427 2
a 330 401 6
a 331 95 3
a 331 109 3
a 331 235 7
a 331 402 1
a 332 122 6
a 332 444 4
a 333 144 1
a 334 318 6
a 335 203 8
a 336 449 3
a 337 57 1
a 337 83 7
a 337 317 8
a 338 313 10
a 338 458 1
a 339 423 8
a 340 185 10
a 340 449 1
a 341 100 7
a 341 239 2
a 341 458 1
a 342 188 6
a 343 285 6
a 343 408 1
a 343 496 5
a 344 26 6
a 344 65 1
a 344 204 10
a 344 219 9
a 345 187 10
a 345 412 6
a 346 120 1
a 347 151 4
a 348 313 7
a 349 83 2
a 349 313 8
a 349 451 10
a 350 132 9
a 350 345 9
a 351 71 9
a 352 422 8
a 353 52 1
a 354 208 4
a 354 400 1
a 354 478 1
a 355 13 4
a 355 128 4
a 355 153 4
a 355 274 1
a 356 57 7
a 356 251 3
a 357 400 9
a 357 419 2
a 358 181 5
a 358 309 8
a 358 341 2
a 359 454 8
a 360 34 5
a 360 498 8
a 361 313 7
a 362 106 5
a 362 150 3
a 362 246 8
a 363 234 9
a 364 257 3
a 364 321 2
a 364 478 8
a 365 11 10
a 366 132 10
a 366 182 1
a 366 362 8
a 367 245 6
a 368 385 1
a 369 119 7
a 369 178 10
a 370 222 6
a 371 61 1
a 371 131 3
a 371 291 4
a 371 294 1
a 372 42 9
a 372 202 4
a 373 247 7
a 373 436 6
a 374 113 5
a 375 256 4
a 375 353 5
a 376 392 10
a 377 386 6
a 378 109 5
a 378 357 9
a 378 486 6
a 379 27 7
a 379 310 5
a 380 103 4
a 380 123 3
a 381 42 7
a 382 76 2
a 382 165 7
a 382 470 7
a 383 335 1
a 383 460 2
a 384 95 3
a 385 63 6
a 385 162 2
a 386 73 8
a 386 451 3
a 386 490 3
a 387 131 5
a 388 317 6
a 389 116 3
a 389 143 9
a 390 170 2
a 390 277 10
a 391 326 6
a 392 38 6
a 392 311 4
a 393 77 5
a 394 63 9
a 394 156 10
a 395 158 4
a 395 264 6
a 396 236 9
a 397 210 3
a 398 215 5
a 398 227 5
a 399 367 8
a 399 445 7
a 399 447 6
a 400 337 9
a 401 43 1
a 401 104 10
a 401 188 10
a 402 82 6
a 402 142 2
a 403 72 4
a 403 98 8
a 403 293 6
a 404 288 5
a 404 304 7
a 404 333 4
a 405 211 7
a 405 439 7
a 406 87 8
a 407 363 3
a 407 434 4
a 408 126 4
a 408 289 6
a 409 217 2
a 409 282 8
a 410 231 3
a 411 230 2
a 411 362 3
a 412 479 9
a 413 15 5
a 413 63 1
a 413 375 9
a 414 376 10
a 414 413 1
a 414 435 8
a 414 441 4
a 415 8 2
a 415 58 8
a 415 351 4
a 415 500 5
a 416 158 1
a 416 247 2
a 417 176 4
a 417 286 1
a 417 314 7
a 417 358 6
a 418 349 3
a 418 426 3
a 418 462 2
a 419 481 10
a 420 307 8
a 420 377 9
a 420 398 1
a 421 3 2
a 422 332 2
a 423 360 10
a 424 40 7
a 425 167 7
a 425 350 5
a 425 461 10
a 426 407 3
a 426 471 4
a 427 40 10
a 427 204 4
a 427 222 2
a 428 84 10
a 428 147 8
a 429 237 10
a 430 251 8
a 431 233 8
a 431 310 3
a 432 366 9
a 433 340 6
a 434 77 9
a 434 312 3
a 434 383 6
a 435 137 4
a 435 441 3
a 436 302 9
a 437 287 9
a 437 424 5
a 438 12 5
a 438 112 10
a 438 361 2
a 439 148 7
a 439 475 4
a 440 204 2
a 440 455 7
a 441 97 9
a 441 374 5
a 442 47 3
a 442 155 1
a 442 347 5
a 442 499 1
a 443 445 2
a 444 377 6
a 444 471 4
a 445 68 5
a 445 183 7
a 446 262 7
a 446 399 10
a 447 226 9
a 447 296 9
a 447 322 7
a 447 352 10
a 448 8 7
a 448 79 8
a 449 54 5
a 449 138 7
a 449 171 8
a 449 187 9
a 450 186 8
a 450 234 2
a 451 400 3
a 451 480 6
a 452 111 2
a 452 380 7
a 453 162 1
a 454 243 10
a 454 404 1
a 455 140 6
a 455 198 1
a 455 394 8
a 456 353 9
a 457 159 3
a 457 292 4
a 457 365 2
a 458 263 9
a 458 484 3
a 459 103 6
a 460 466 6
a 461 404 6
a 461 415 3
a 462 201 1
a 462 225 2
a 462 465 5
a 463 195 10
a 463 235 7
a 464 198 10
a 465 152 1
a 466 122 4
a 466 368 5
a 466 386 3
a 467 102 3
a 467 200 2
a 468 169 5
a 468 323 8
a 469 325 5
a 470 453 8
a 471 340 8
a 472 29 6
a 472 103 4
a 472 226 5
a 473 91 2
a 473 497 10
a 474 196 1
a 474 437 4
a 475 18 6
a 475 175 2
a 475 301 9
a 475 466 10
a 476 74 4
a 476 254 9
a 476 313 10
a 477 456 10
a 478 49 1
a 478 178 3
a 478 196 8
a 479 168 4
a 479 411 6
a 480 97 7
a 480 403 6
a 481 109 10
a 481 222 1
a 481 303 4
a 481 353 6
a 482 127 8
a 482 342 4
a 483 162 3
a 484 267 6
a 484 292 4
a 484 302 4
a 485 16 5
a 485 299 3
a 485 361 3
a 486 206 6
a 486 283 8
a 486 328 10
a 487 190 1
a 487 301 2
a 488 420 1
a 489 22 8
a 489 176 2
a 490 96 5
a 491 121 4
a 491 260 3
a 491 331 5
a 492 2 8
a 492 10 4
a 493 66 3
a 493 254 9
a 494 124 9
a 494 272 3
a 495 319 3
a 495 353 9
a 495 447 1
a 496 331 1
a 497 122 3
a 497 189 8
a 498 46 2
a 499 22 6
a 499 44 9
a 499 121 3
a 499 146 9
a 499 270 2
