p max 500 1000
n 1 s
n 500 t
a 1 415 5
a 2 318 4
a 2 459 6
a 2 486 1
a 3 312 10
a 4 319 8
a 5 240 3
a 5 249 3
a 5 383 8
a 6 102 2
a 6 224 4
a 7 55 2
a 8 67 5
a 8 73 2
a 9 110 3
a 10 128 9
a 10 471 1
a 10 482 8
a 11 199 6
a 12 210 2
a 13 149 6
a 13 203 8
a 13 434 6
a 14 426 1
a 15 198 6
a 15 281 9
a 16 224 1
a 17 359 9
a 18 235 4
a 18 385 4
a 18 415 6
a 19 202 2
a 20 207 9
a 20 386 9
a 21 338 3
a 22 220 1
a 23 10 8
a 23 50 7
a 23 126 10
a 23 240 5
a 24 120 2
a 24 331 10
a 25 94 8
a 25 474 4
a 26 500 6
a 27 103 6
a 27 306 3
a 28 112 7
a 28 125 3
a 29 202 6
a 29 343 3
a 29 497 9
a 30 80 1
a 31 76 6
a 32 193 10
a 32 429 8
a 33 279 8
a 33 410 4
a 34 64 5
a 34 338 3
a 35 138 7
a 35 326 1
a 36 90 3
a 36 389 1
a 37 224 1
a 38 45 4
a 38 213 2
a 38 223 3
a 39 47 5
a 39 287 2
a 39 369 4
a 40 331 5
a 40 338 5
a 41 104 3
a 41 445 10
a 42 290 10
a 42 339 1
a 42 357 2
a 42 442 6
a 43 140 6
a 43 285 9
a 43 308 1
a 43 373 8
a 44 78 6
a 44 220 5
a 44 244 5
a 45 286 6
a 46 258 6
a 47 13 7
a 47 262 6
a 48 359 2
a 49 91 3
a 49 426 6
a 50 98 1
a 50 416 8
a 51 320 10
a 51 390 4
a 52 181 8
a 52 240 10
a 52 321 6
a 53 13 10
a 54 57 6
a 54 351 4
a 54 413 10
a 54 440 8
a 55 169 2
a 55 435 1
a 56 105 6
a 57 73 8
a 57 168 2
a 58 95 3
a 58 264 10
a 58 356 1
a 58 374 6
a 59 343 8
a 59 368 3
a 60 173 10
a 60 382 3
a 61 238 4
a 61 480 3
a 62 361 8
a 62 393 9
a 63 97 1
a 64 158 9
a 64 376 4
a 64 387 3
a 64 434 4
a 65 160 4
a 66 213 1
a 66 284 3
a 66 319 9
a 67 298 7
a 67 410 2
a 68 94 7
a 68 260 3
a 69 160 4
a 69 168 6
a 70 16 9
a 70 304 8
a 71 100 8
a 71 452 6
a 72 54 5
a 72 244 4
a 72 261 4
a 73 355 4
a 73 464 5
a 74 140 6
a 75 254 5
a 76 35 10
a 76 92 3
a 76 342 5
a 77 5 3
a 77 62 6
a 77 329 4
a 77 489 8
a 78 325 9
a 79 33 8
a 79 214 9
a 79 228 4
a 79 272 7
a 79 309 4
a 80 289 5
a 80 475 4
a 81 90 6
a 82 80 6
a 82 147 7
a 82 387 7
a 83 72 10
a 83 189 6
a 84 56 7
a 84 327 6
a 84 370 10
a 85 408 6
a 85 436 3
a 85 459 4
a 86 112 8
a 86 296 10
a 87 77 1
a 87 146 10
a 87 407 7
a 88 348 3
a 89 210 2
a 89 313 6
a 90 377 8
a 90 465 10
a 91 122 9
a 92 399 7
a 92 448 3
a 93 139 9
a 93 193 10
a 94 197 8
a 94 237 2
a 94 300 7
a 94 481 2
a 95 436 4
a 95 476 7
a 96 454 8
a 97 275 6
a 97 329 5
a 98 363 1
a 99 358 7
a 99 426 1
a 100 277 9
a 100 493 7
a 101 85 9
a 102 191 4
a 102 295 1
a 102 479 1
a 103 55 5
a 103 338 3
a 103 360 3
a 103 420 5
a 103 469 4
a 104 58 1
a 105 97 1
a 105 418 5
a 106 51 3
a 106 241 3
a 107 41 3
a 108 62 4
a 108 325 6
a 109 27 5
a 109 329 6
a 109 451 3
a 110 131 5
a 111 15 3
a 111 41 1
a 111 468 6
a 112 390 3
a 112 400 6
a 112 401 4
a 113 223 5
a 114 42 8
a 115 167 7
a 115 184 1
a 115 490 5
a 116 182 6
a 116 261 8
a 116 475 5
a 117 322 9
a 117 449 8
a 118 11 7
a 118 285 5
a 119 133 9
a 120 36 10
a 120 208 10
a 120 353 1
a 121 417 5
a 121 444 7
a 122 138 5
a 122 396 7
a 123 458 7
a 124 9 4
a 124 331 5
a 124 412 9
a 124 477 5
a 125 148 4
a 126 176 2
a 127 213 2
a 127 337 6
a 127 442 9
a 128 195 9
a 128 407 2
a 129 22 1
a 129 143 5
a 130 314 4
a 131 182 4
a 132 333 6
a 132 367 2
a 133 297 1
a 133 447 8
a 134 295 3
a 135 323 8
a 136 32 9
a 136 157 2
a 137 54 4
a 138 299 7
a 138 365 9
a 139 365 4
a 140 219 9
a 140 303 8
a 141 38 5
a 141 110 1
a 141 119 9
a 141 412 7
a 142 223 10
a 142 334 3
a 143 171 4
a 143 259 5
a 144 157 6
a 144 496 5
a 145 26 5
a 145 255 8
a 145 400 4
a 146 181 2
a 146 232 4
a 147 100 1
a 147 118 7
a 147 221 4
a 148 180 9
a 148 290 5
a 149 317 5
a 149 337 2
a 150 282 2
a 151 46 5
a 151 194 3
a 151 366 4
a 152 401 6
a 153 170 6
a 153 187 4
a 153 311 6
a 154 46 2
a 154 124 3
a 154 141 8
a 155 40 8
a 155 265 2
a 155 445 4
a 156 219 7
a 157 145 5
a 157 179 5
a 157 233 9
a 157 454 10
a 158 252 6
a 158 268 8
a 159 467 9
a 159 478 8
a 160 404 6
a 160 472 4
a 161 217 1
a 162 48 9
a 162 85 3
a 162 176 10
a 162 452 4
a 163 138 9
a 163 182 9
a 163 183 10
a 164 319 1
a 165 372 2
a 166 500 7
a 167 42 6
a 167 391 5
a 167 392 1
a 168 340 4
a 169 419 9
a 170 192 8
a 170 299 9
a 170 433 9
a 171 8 2
a 171 119 3
a 171 201 7
a 172 420 6
a 172 455 5
a 172 496 10
a 173 375 3
a 173 484 7
a 174 366 4
a 174 389 1
a 175 231 1
a 175 261 9
a 176 60 5
a 176 263 9
a 177 162 10
a 177 324 3
a 177 458 3
a 178 81 4
a 178 370 1
a 179 69 4
a 179 138 6
a 180 107 5
a 181 323 6
a 181 362 4
a 181 404 3
a 181 440 1
a 182 196 2
a 182 266 2
a 183 418 10
a 184 17 2
a 184 109 5
a 184 487 9
a 185 79 9
a 186 33 3
a 186 167 3
a 186 177 2
a 187 267 3
a 187 492 4
a 188 113 1
a 189 130 3
a 189 230 10
a 189 328 4
a 190 316 5
a 190 351 2
a 191 150 6
a 191 321 1
a 192 190 2
a 192 445 7
a 193 64 3
a 194 394 7
a 195 164 9
a 195 330 2
a 196 141 7
a 197 64 10
a 197 214 6
a 197 245 5
a 198 100 9
a 198 241 1
a 199 301 8
a 200 68 8
a 201 209 5
a 201 270 5
a 201 350 2
a 202 184 10
a 203 95 2
a 203 231 7
a 203 239 9
a 203 441 7
a 204 171 7
a 205 66 7
a 205 253 2
a 205 258 10
a 206 10 3
a 206 282 5
a 207 86 2
a 207 256 4
a 208 291 6
a 208 419 4
a 209 238 8
a 210 9 6
a 211 68 4
a 211 283 9
a 212 53 8
a 212 116 9
a 212 262 1
a 213 151 2
a 213 227 5
a 213 305 5
a 214 23 10
a 214 41 1
a 215 69 4
a 216 239 5
a 217 72 10
a 217 129 4
a 217 137 2
a 218 220 2
a 219 83 10
a 219 250 9
a 220 79 5
a 221 470 2
a 222 2 5
a 222 91 8
a 222 115 4
a 222 491 10
a 223 21 8
a 223 46 10
a 224 76 8
a 224 377 6
a 225 183 7
a 225 251 2
a 225 398 8
a 225 421 8
a 225 480 3
a 225 492 4
a 226 187 9
a 226 304 5
a 227 247 8
a 227 378 6
a 228 305 4
a 228 447 6
a 229 318 4
a 230 180 1
a 231 150 9
a 231 291 2
a 231 295 4
a 232 263 2
a 232 298 7
a 233 234 6
a 233 268 3
a 234 73 6
a 234 432 2
a 234 500 1
a 235 448 5
a 236 113 7
a 236 173 6
a 236 188 7
a 237 310 6
a 238 308 1
a 239 79 9
a 239 99 2
a 239 367 3
a 240 473 7
a 240 480 7
a 241 129 3
a 241 175 8
a 241 322 10
a 242 338 5
a 243 4 7
a 243 236 6
a 243 427 1
a 244 29 8
a 244 43 2
a 244 107 10
a 244 368 6
a 245 177 1
a 245 464 8
a 246 255 9
a 247 284 1
a 248 77 5
a 248 117 4
a 248 435 7
a 249 302 1
a 250 4 2
a 250 108 1
a 250 126 6
a 251 273 7
a 251 427 6
a 252 449 10
a 253 134 2
a 253 174 9
a 253 424 10
a 254 47 3
a 254 106 2
a 255 482 7
a 256 105 9
a 256 233 3
a 257 180 8
a 257 294 2
a 258 402 4
a 259 314 1
a 260 14 10
a 260 67 9
a 261 398 6
a 262 101 9
a 262 341 8
a 263 466 5
a 264 75 5
a 264 364 7
a 264 493 6
a 265 326 4
a 265 344 10
a 266 203 2
a 267 280 4
a 268 381 7
a 269 165 3
a 269 197 8
a 269 402 10
a 269 406 9
a 270 52 2
a 270 381 10
a 271 106 1
a 271 221 6
a 271 460 4
a 272 301 8
a 273 435 7
a 273 499 3
a 274 245 9
a 275 149 6
a 275 189 7
a 275 384 9
a 276 7 6
a 276 87 3
a 277 358 7
a 277 457 5
a 278 384 3
a 278 395 3
a 278 466 9
a 279 201 1
a 279 271 1
a 279 310 6
a 280 295 4
a 280 397 1
a 280 428 6
a 280 497 9
a 281 131 7
a 281 419 7
a 282 65 5
a 282 256 10
a 283 100 1
a 283 154 8
a 284 123 10
a 284 136 10
a 284 461 5
a 285 493 2
a 286 59 3
a 286 62 7
a 286 456 9
a 286 498 3
a 287 409 2
a 287 488 10
a 288 6 4
a 288 189 3
a 288 485 2
a 289 82 10
a 289 286 1
a 289 359 3
a 289 490 5
a 290 41 4
a 290 172 2
a 290 476 3
a 290 484 5
a 291 6 2
a 291 222 10
a 292 113 2
a 293 20 3
a 293 258 4
a 293 340 3
a 293 361 3
a 293 388 3
a 293 484 9
a 294 102 2
a 294 265 9
a 294 354 4
a 295 73 7
a 295 148 1
a 295 317 5
a 296 125 8
a 296 130 4
a 296 386 3
a 297 380 3
a 298 25 7
a 298 174 8
a 299 14 7
a 300 276 8
a 301 207 6
a 301 446 7
a 301 483 1
a 302 44 2
a 302 263 1
a 302 419 2
a 303 330 2
a 304 276 10
a 305 29 6
a 305 345 3
a 306 148 10
a 306 210 5
a 306 488 3
a 307 64 8
a 307 152 8
a 307 277 3
a 308 204 1
a 308 420 7
a 308 443 1
a 309 234 4
a 310 11 4
a 311 288 1
a 311 447 2
a 312 165 5
a 312 274 10
a 313 444 6
a 314 17 1
a 314 61 8
a 314 435 6
a 314 457 2
a 315 302 7
a 316 118 4
a 317 68 6
a 317 305 7
a 317 450 2
a 318 419 5
a 319 79 6
a 319 166 1
a 319 243 4
a 320 232 9
a 321 166 3
a 321 500 8
a 322 36 2
a 323 99 4
a 323 224 4
a 323 307 10
a 324 96 1
a 324 414 2
a 325 130 5
a 325 135 9
a 325 156 7
a 325 209 7
a 325 471 8
a 326 144 7
a 326 174 1
a 327 299 3
a 328 442 3
a 329 101 4
a 329 205 4
a 330 134 1
a 331 9 9
a 331 198 2
a 331 448 2
a 332 182 5
a 333 138 10
a 333 260 2
a 334 27 10
a 334 330 4
a 335 403 6
a 335 453 4
a 336 173 4
a 337 211 10
a 337 466 2
a 338 299 8
a 338 495 7
a 339 38 3
a 340 151 6
a 340 371 4
a 341 204 2
a 341 284 6
a 342 153 10
a 342 237 5
a 342 439 2
a 343 171 7
a 344 70 2
a 344 385 7
a 345 84 5
a 345 148 6
a 346 142 10
a 347 121 9
a 347 403 4
a 347 423 4
a 348 105 2
a 348 409 6
a 348 453 10
a 349 278 2
a 349 344 1
a 349 438 7
a 350 246 5
a 350 426 3
a 351 130 3
a 352 56 1
a 352 93 8
a 353 167 9
a 353 352 8
a 354 215 4
a 354 352 5
a 355 123 3
a 355 315 10
a 356 13 6
a 356 99 10
a 356 292 1
a 357 22 7
a 357 34 8
a 358 88 10
a 358 226 5
a 358 329 10
a 359 71 1
a 359 111 1
a 359 163 9
a 359 263 5
a 360 47 7
a 361 82 4
a 361 378 9
a 362 329 4
a 362 347 9
a 363 40 4
a 364 186 6
a 364 269 3
a 364 295 6
a 365 187 5
a 365 332 7
a 366 391 5
a 367 179 1
a 368 161 2
a 369 12 8
a 369 498 3
a 370 299 5
a 371 242 9
a 371 450 4
a 372 26 10
a 372 206 7
a 372 212 1
a 373 187 3
a 374 438 1
a 374 475 2
a 375 76 7
a 375 159 2
a 375 372 10
a 376 489 5
a 377 275 2
a 378 54 9
a 379 133 8
a 379 293 8
a 380 220 2
a 380 490 10
a 381 85 5
a 381 153 2
a 381 437 6
a 382 19 8
a 382 30 4
a 382 212 2
a 382 376 5
a 382 415 9
a 383 225 8
a 383 234 5
a 384 321 1
a 385 22 3
a 385 186 5
a 385 417 9
a 386 459 3
a 387 7 1
a 387 254 10
a 387 336 3
a 387 420 7
a 388 98 5
a 388 257 5
a 388 400 10
a 389 296 10
a 389 450 9
a 389 495 1
a 390 136 6
a 390 397 5
a 391 237 8
a 391 349 7
a 392 235 6
a 393 171 9
a 394 91 10
a 395 216 6
a 395 225 6
a 396 113 3
a 397 155 2
a 397 311 2
a 398 83 9
a 398 170 8
a 398 365 4
a 398 411 7
a 399 334 7
a 400 37 8
a 400 307 7
a 400 346 2
a 401 218 6
a 401 472 8
a 402 127 10
a 403 350 7
a 404 173 6
a 404 380 2
a 404 452 5
a 405 155 10
a 406 497 9
a 407 95 6
a 408 314 10
a 408 417 4
a 409 284 3
a 410 55 9
a 411 232 1
a 412 350 4
a 412 461 10
a 413 200 9
a 413 348 1
a 414 110 6
a 415 25 5
a 415 161 2
a 416 63 1
a 416 132 4
a 416 150 10
a 416 166 7
a 417 178 2
a 418 233 8
a 419 248 3
a 419 270 5
a 419 486 1
a 420 162 2
a 420 406 8
a 421 196 7
a 421 494 8
a 422 225 9
a 422 312 6
a 423 296 5
a 424 41 1
a 424 49 9
a 425 157 4
a 426 381 5
a 426 425 9
a 427 256 8
a 428 93 9
a 429 217 6
a 429 413 4
a 430 148 7
a 430 171 2
a 431 39 6
a 431 194 5
a 431 308 10
a 432 179 9
a 433 307 1
a 434 227 1
a 435 54 2
a 435 142 8
a 435 229 9
a 436 421 1
a 437 208 8
a 437 218 4
a 438 19 3
a 438 293 9
a 438 372 3
a 438 443 7
a 439 228 4
a 440 160 3
a 441 466 2
a 442 97 7
a 442 430 8
a 443 18 4
a 443 357 9
a 444 232 7
a 445 3 5
a 445 482 6
a 446 450 2
a 447 95 2
a 447 467 4
a 447 494 10
a 448 177 6
a 449 127 2
a 449 212 8
a 450 463 6
a 451 46 2
a 451 483 1
a 452 122 3
a 452 144 4
a 452 199 1
a 452 470 3
a 452 474 3
a 453 255 7
a 453 431 3
a 453 456 10
a 454 32 10
a 454 494 2
a 455 429 5
a 456 207 5
a 457 14 1
a 458 380 3
a 459 106 7
a 460 63 8
a 461 280 9
a 462 41 6
a 462 101 5
a 463 105 7
a 464 193 10
a 464 450 4
a 465 11 3
a 465 348 4
a 466 133 7
a 466 153 5
a 467 96 8
a 467 231 8
a 467 394 10
a 468 92 1
a 468 157 9
a 468 280 4
a 469 111 10
a 470 96 1
a 471 31 6
a 471 446 4
a 472 379 5
a 473 95 5
a 473 256 1
a 473 422 2
a 474 86 2
a 475 74 8
a 475 184 2
a 476 57 4
a 476 189 8
a 477 303 9
a 477 312 7
a 477 332 2
a 478 7 2
a 479 61 2
a 479 220 10
a 479 301 2
a 480 24 2
a 480 379 4
a 480 432 8
a 481 28 6
a 481 338 2
a 482 279 3
a 483 372 10
a 484 140 8
a 485 306 6
a 485 335 6
a 485 405 5
a 485 433 1
a 486 112 5
a 487 44 9
a 487 363 1
a 488 119 1
a 488 391 10
a 489 58 8
a 489 309 4
a 489 418 7
a 490 276 6
a 490 375 5
a 491 180 1
a 491 366 10
a 492 89 7
a 492 444 10
a 493 250 1
a 494 114 5
a 494 136 8
a 495 95 10
a 496 391 10
a 497 165 3
a 497 302 9
a 498 52 7
a 498 109 2
a 498 185 10
a 498 285 4
a 498 462 3
a 498 497 5
a 499 101 3
a 499 178 3
