p max 500 1000
n 1 s
n 500 t
a 1 113 2
a 2 155 5
a 2 206 1
a 3 181 4
a 4 377 6
a 5 254 4
a 6 187 10
a 6 298 8
a 7 78 3
a 7 117 1
a 7 219 7
a 8 4 1
a 8 27 3
a 8 124 4
a 9 193 5
a 9 329 4
a 10 41 3
a 10 43 1
a 10 67 6
a 10 319 1
a 11 10 3
a 11 21 2
a 11 82 4
a 11 378 5
a 12 218 5
a 12 392 7
a 12 448 9
a 13 404 2
a 14 12 5
a 14 286 3
a 14 295 5
a 15 406 5
a 16 261 5
a 17 104 2
a 18 39 8
a 18 206 9
a 18 432 7
a 19 322 3
a 20 7 10
a 21 74 5
a 21 129 4
a 21 247 9
a 21 425 9
a 22 395 1
a 22 449 3
a 23 253 5
a 23 477 10
a 24 19 1
a 25 85 2
a 25 152 6
a 26 127 4
a 26 415 8
a 27 75 9
a 27 144 1
a 27 412 10
a 28 177 1
a 28 210 1
a 28 359 8
a 28 469 9
a 29 151 6
a 29 336 4
a 30 125 3
a 31 177 4
a 31 338 6
a 32 369 1
a 33 55 8
a 33 401 10
a 34 364 10
a 35 207 6
a 36 54 8
a 36 92 8
a 36 368 2
a 37 240 2
a 37 281 3
a 38 19 8
a 38 400 9
a 39 305 9
a 40 471 9
a 41 58 10
a 41 73 7
a 41 166 4
a 42 127 7
a 42 151 1
a 42 235 1
a 43 86 2
a 43 382 7
a 44 92 2
a 45 84 1
a 45 128 1
a 45 156 10
a 46 187 2
a 46 321 7
a 47 14 9
a 47 16 3
a 48 95 4
a 48 297 10
a 49 328 8
a 49 480 3
a 50 137 1
a 50 163 9
a 50 354 5
a 50 485 6
a 51 134 1
a 51 461 8
a 52 82 3
a 52 334 6
a 52 388 4
a 53 222 2
a 53 368 3
a 53 375 8
a 54 425 2
a 55 14 2
a 56 110 5
a 56 241 2
a 57 8 5
a 57 288 5
a 58 50 5
a 58 339 1
a 59 43 2
a 60 12 2
a 60 458 7
a 61 59 5
a 61 363 6
a 61 464 5
a 62 355 4
a 63 102 7
a 64 45 7
a 65 271 2
a 66 59 10
a 66 209 8
a 67 11 3
a 67 69 2
a 67 277 9
a 68 128 4
a 68 250 9
a 68 275 1
a 69 19 10
a 69 141 7
a 69 225 10
a 69 238 8
a 69 490 7
a 70 98 1
a 70 455 6
a 71 157 4
a 71 172 9
a 71 173 1
a 71 285 1
a 71 471 9
a 72 62 1
a 72 456 8
a 73 410 9
a 73 477 6
a 73 484 7
a 74 277 6
a 75 352 2
a 75 410 1
a 75 460 9
a 76 420 6
a 77 310 3
a 77 380 1
a 77 395 7
a 78 163 7
a 79 184 3
a 79 258 9
a 79 271 9
a 79 497 6
a 80 171 9
a 80 198 9
a 80 220 9
a 81 28 2
a 81 106 10
a 81 304 10
a 82 26 1
a 82 126 2
a 82 251 10
a 82 307 10
a 83 28 4
a 84 463 7
a 85 274 3
a 85 443 1
a 86 65 5
a 87 437 9
a 87 455 9
a 88 85 8
a 88 134 7
a 89 32 8
a 89 232 7
a 90 280 4
a 91 29 5
a 91 217 5
a 92 199 8
a 92 488 4
a 93 138 6
a 94 38 10
a 94 51 8
a 94 60 9
a 95 286 9
a 96 338 10
a 97 133 4
a 98 489 2
a 99 209 3
a 100 18 6
a 100 305 3
a 101 485 9
a 102 355 7
a 103 30 5
a 103 130 8
a 104 323 10
a 104 349 1
a 105 187 6
a 105 200 7
a 106 22 4
a 106 90 10
a 106 113 8
a 107 139 1
a 107 367 1
a 108 390 6
a 109 100 3
a 109 466 6
a 110 263 5
a 110 320 5
a 110 405 7
a 111 99 1
a 111 273 10
a 112 57 1
a 112 435 4
a 113 193 2
a 113 240 9
a 113 300 2
a 114 76 6
a 114 82 6
a 115 391 8
a 115 454 1
a 116 140 3
a 117 296 1
a 118 44 7
a 118 170 2
a 119 394 4
a 120 134 10
a 120 150 9
a 121 459 3
a 122 246 10
a 123 322 10
a 123 489 6
a 124 129 2
a 125 265 3
a 125 290 5
a 125 346 3
a 126 482 9
a 126 488 2
a 127 109 9
a 127 286 6
a 127 421 8
a 128 62 3
a 128 156 10
a 128 194 4
a 129 302 1
a 129 381 7
a 130 107 5
a 130 133 10
a 130 402 8
a 131 3 4
a 131 127 1
a 132 141 10
a 132 499 4
a 133 176 10
a 134 77 7
a 134 318 6
a 134 373 4
a 134 496 6
a 135 375 6
a 136 386 9
a 137 481 8
a 138 288 10
a 138 291 2
a 138 376 5
a 139 274 2
a 139 478 1
a 140 190 5
a 141 443 10
a 142 487 5
a 143 47 9
a 143 60 2
a 143 104 10
a 144 136 2
a 144 342 1
a 145 193 4
a 145 201 1
a 145 252 1
a 145 372 5
a 145 390 3
a 145 491 6
a 146 212 1
a 146 457 1
a 147 34 4
a 147 420 3
a 148 144 2
a 148 305 9
a 149 108 2
a 149 114 6
a 150 35 5
a 150 133 10
a 150 296 7
a 151 391 6
a 152 216 10
a 153 112 10
a 153 314 7
a 153 325 2
a 154 101 8
a 154 110 7
a 154 257 9
a 155 282 2
a 155 414 10
a 155 484 4
a 156 6 5
a 156 194 6
a 156 284 10
a 156 367 8
a 156 372 1
a 157 407 1
a 158 135 2
a 159 256 2
a 160 117 3
a 161 53 10
a 161 125 1
a 162 121 5
a 162 124 1
a 162 172 2
a 163 337 9
a 163 365 8
a 163 403 2
a 164 14 4
a 164 277 7
a 164 291 2
a 164 443 10
a 165 376 8
a 166 181 6
a 166 371 6
a 167 354 7
a 167 495 9
a 168 132 2
a 168 157 6
a 168 355 4
a 168 450 4
a 169 98 1
a 169 103 1
a 169 495 9
a 170 8 10
a 170 143 8
a 171 23 8
a 171 111 6
a 171 140 9
a 171 445 1
a 172 174 2
a 172 209 1
a 172 493 7
a 173 89 3
a 173 255 9
a 173 416 8
a 174 128 4
a 175 36 10
a 175 172 8
a 175 335 9
a 176 353 10
a 176 483 6
a 177 181 4
a 177 272 1
a 178 288 6
a 178 339 7
a 179 45 9
a 180 243 1
a 180 488 4
a 181 310 7
a 182 110 6
a 182 276 6
a 183 15 1
a 183 312 9
a 184 145 1
a 184 176 8
a 184 303 2
a 185 362 8
a 186 67 7
a 186 278 3
a 186 396 7
a 187 88 4
a 188 202 1
a 188 279 1
a 188 330 5
a 188 366 1
a 189 263 4
a 190 172 9
a 190 317 5
a 191 276 3
a 191 386 2
a 192 414 1
a 192 485 5
a 193 34 4
a 194 111 4
a 195 497 7
a 196 234 2
a 196 322 7
a 197 183 8
a 197 433 8
a 198 151 3
a 199 433 9
a 200 497 9
a 201 93 2
a 201 188 8
a 201 242 7
a 202 312 7
a 203 287 1
a 204 413 1
a 205 491 7
a 206 56 8
a 206 142 5
a 206 181 1
a 207 234 1
a 207 426 10
a 208 376 4
a 209 180 10
a 209 244 7
a 209 331 8
a 209 400 2
a 210 97 9
a 210 167 9
a 210 247 7
a 210 264 7
a 211 397 3
a 212 77 1
a 213 125 10
a 213 178 1
a 213 360 5
a 213 448 7
a 214 403 5
a 215 8 2
a 215 99 4
a 215 345 8
a 215 453 8
a 216 81 7
a 217 167 6
a 217 212 10
a 218 351 5
a 218 399 8
a 218 494 2
a 219 307 2
a 219 465 3
a 220 238 1
a 221 270 2
a 222 173 4
a 222 224 4
a 223 285 8
a 223 436 7
a 224 358 8
a 224 386 6
a 225 481 10
a 226 233 7
a 226 434 3
a 227 78 3
a 227 185 4
a 228 15 10
a 228 393 9
a 229 191 5
a 229 261 10
a 229 479 6
a 230 192 7
a 231 117 4
a 231 394 10
a 232 18 9
a 232 20 8
a 233 202 3
a 233 249 5
a 234 158 9
a 234 217 10
a 235 196 4
a 235 316 1
a 236 386 7
a 236 473 10
a 237 214 6
a 237 239 8
a 237 350 5
a 238 65 7
a 239 197 7
a 239 470 9
a 240 273 3
a 241 17 6
a 242 49 7
a 242 332 4
a 243 234 3
a 244 3 5
a 245 400 5
a 246 19 9
a 247 426 8
a 248 79 7
a 248 81 10
a 248 90 2
a 248 204 6
a 249 184 4
a 249 251 9
a 250 63 3
a 250 200 2
a 251 118 4
a 251 387 4
a 252 116 9
a 252 327 2
a 253 419 3
a 253 432 10
a 254 311 7
a 254 444 7
a 254 453 3
a 255 206 10
a 256 73 1
a 257 419 4
a 258 101 9
a 259 179 6
a 259 470 2
a 260 16 2
a 261 211 2
a 261 216 5
a 262 297 9
a 262 351 7
a 263 368 8
a 264 147 1
a 264 356 10
a 264 425 7
a 265 135 9
a 265 475 5
a 266 220 10
a 267 178 3
a 267 208 10
a 267 472 1
a 268 87 9
a 268 233 7
a 269 34 1
a 269 327 4
a 269 425 10
a 270 407 5
a 270 447 7
a 271 88 3
a 271 137 3
a 271 196 9
a 272 45 9
a 273 172 10
a 274 237 2
a 274 491 5
a 275 42 8
a 275 300 4
a 276 102 4
a 277 406 10
a 278 259 3
a 278 421 4
a 278 427 10
a 279 397 9
a 280 207 1
a 281 72 1
a 281 74 3
a 281 216 2
a 282 127 10
a 282 148 3
a 283 264 2
a 283 267 4
a 283 499 7
a 284 175 8
a 284 374 6
a 285 13 7
a 285 462 6
a 286 7 10
a 286 358 1
a 287 162 6
a 287 178 6
a 288 229 6
a 288 380 7
a 288 492 6
a 289 180 8
a 290 33 1
a 290 149 10
a 290 154 5
a 290 242 8
a 291 96 5
a 291 402 4
a 292 35 7
a 293 139 2
a 294 82 4
a 295 218 2
a 296 429 1
a 297 269 8
a 298 164 2
a 298 463 3
a 299 65 9
a 299 276 2
a 299 374 9
a 300 155 2
a 300 233 9
a 300 363 9
a 301 97 5
a 301 308 4
a 301 325 10
a 302 190 4
a 302 271 1
a 302 289 6
a 303 154 3
a 304 93 5
a 304 490 3
a 305 110 3
a 305 164 6
a 305 262 2
a 305 352 8
a 306 270 9
a 306 484 1
a 307 63 7
a 307 175 7
a 307 377 4
a 308 139 8
a 308 315 4
a 308 467 7
a 309 88 7
a 309 228 2
a 310 329 5
a 311 5 4
a 311 161 1
a 312 66 8
a 313 215 4
a 313 287 2
a 313 349 10
a 314 7 3
a 314 228 7
a 314 230 3
a 314 481 4
a 315 117 7
a 315 357 8
a 316 40 3
a 316 57 9
a 316 418 5
a 317 150 6
a 317 226 4
a 318 2 3
a 318 91 3
a 318 305 4
a 318 384 9
a 319 385 4
a 319 423 1
a 320 164 1
a 321 64 10
a 321 213 6
a 321 347 7
a 321 404 8
a 322 82 3
a 322 445 7
a 323 87 9
a 324 337 10
a 324 462 7
a 325 230 6
a 326 489 10
a 327 196 4
a 327 234 5
a 327 250 9
a 327 417 5
a 327 469 3
a 328 83 9
a 329 146 8
a 330 68 1
a 330 176 4
a 330 268 2
a 331 364 2
a 331 379 4
a 332 12 7
a 332 170 4
a 332 256 9
a 332 401 8
a 333 69 8
a 334 185 3
a 334 294 1
a 335 5 9
a 335 205 2
a 336 459 2
a 337 148 6
a 337 406 2
a 338 150 1
a 339 104 10
a 339 119 10
a 339 222 8
a 340 307 9
a 340 323 3
a 341 30 7
a 341 161 6
a 342 83 7
a 342 340 7
a 342 432 5
a 343 317 2
a 343 488 3
a 344 313 3
a 344 326 10
a 344 353 6
a 345 64 2
a 345 74 8
a 345 182 4
a 346 50 1
a 347 337 1
a 348 154 8
a 349 444 6
a 350 43 5
a 351 119 7
a 351 303 1
a 352 223 9
a 352 342 8
a 352 458 6
a 352 459 6
a 353 146 5
a 353 325 9
a 354 301 7
a 354 319 10
a 355 101 7
a 355 294 1
a 356 310 4
a 356 429 3
a 357 48 4
a 357 74 5
a 357 369 10
a 358 60 6
a 358 127 9
a 358 452 7
a 358 498 3
a 359 98 4
a 359 381 10
a 360 489 10
a 361 32 1
a 362 446 3
a 362 500 10
a 363 168 2
a 363 398 9
a 364 240 3
a 364 334 3
a 365 145 6
a 365 165 7
a 366 108 7
a 366 115 6
a 367 120 8
a 367 275 1
a 367 413 3
a 368 321 7
a 369 310 6
a 370 11 9
a 370 227 5
a 371 257 8
a 372 430 7
a 372 490 1
a 373 85 8
a 373 470 6
a 374 296 8
a 374 471 2
a 375 10 1
a 375 446 3
a 376 287 6
a 377 290 1
a 378 174 3
a 378 350 9
a 379 28 10
a 379 80 2
a 379 373 7
a 380 50 3
a 380 131 3
a 380 387 9
a 381 77 3
a 381 175 4
a 382 310 1
a 382 407 9
a 382 487 6
a 383 426 10
a 383 433 7
a 384 279 10
a 385 389 8
a 385 418 4
a 385 422 2
a 386 304 6
a 387 170 2
a 387 306 7
a 388 86 10
a 388 240 3
a 389 23 9
a 389 395 7
a 389 458 5
a 390 29 1
a 391 445 3
a 392 134 3
a 393 480 7
a 394 38 8
a 394 307 2
a 395 58 10
a 395 430 5
a 396 25 2
a 396 113 2
a 396 362 6
a 396 470 10
a 397 53 2
a 397 94 8
a 397 414 3
a 398 153 1
a 398 230 2
a 398 397 9
a 398 454 7
a 399 92 10
a 400 116 3
a 401 81 1
a 401 83 4
a 401 348 4
a 402 46 7
a 402 183 8
a 402 337 2
a 403 45 1
a 403 239 10
a 404 98 5
a 405 310 1
a 405 408 10
a 406 88 10
a 406 269 4
a 406 451 7
a 407 24 3
a 407 320 7
a 408 464 1
a 409 45 5
a 410 50 2
a 410 497 8
a 411 294 10
a 411 447 9
a 412 42 5
a 412 203 5
a 413 61 10
a 413 187 7
a 413 441 4
a 414 41 1
a 414 280 7
a 414 386 2
a 414 398 4
a 414 428 1
a 415 40 9
a 415 357 4
a 416 42 2
a 417 249 4
a 417 291 9
a 417 341 4
a 417 379 1
a 418 460 9
a 418 486 5
a 419 387 9
a 419 459 6
a 420 108 5
a 420 366 10
a 420 438 3
a 421 245 7
a 422 57 8
a 422 500 3
a 423 128 1
a 423 159 9
a 423 245 9
a 424 144 2
a 424 160 6
a 425 138 4
a 426 36 8
a 426 293 4
a 426 324 10
a 427 413 1
a 428 155 4
a 429 461 10
a 430 168 8
a 430 431 7
a 431 104 1
a 432 15 2
a 432 348 3
a 432 361 1
a 433 2 1
a 433 333 8
a 433 353 4
a 434 179 8
a 434 246 5
a 434 283 6
a 435 138 7
a 435 388 1
a 436 77 6
a 437 342 2
a 437 439 10
a 438 341 3
a 439 105 7
a 439 221 8
a 439 359 4
a 440 17 6
a 440 80 4
a 441 200 7
a 442 432 4
a 443 29 5
a 443 126 4
a 443 299 6
a 444 148 6
a 444 370 6
a 445 274 6
a 445 309 4
a 446 483 10
a 447 115 10
a 447 169 9
a 447 424 10
a 448 195 8
a 448 232 4
a 448 389 5
a 448 476 6
a 449 486 9
a 450 388 3
a 451 326 6
a 452 180 3
a 452 198 1
a 453 120 6
a 454 44 8
a 454 416 1
a 454 475 10
a 455 178 10
a 455 191 1
a 456 310 7
a 457 122 1
a 457 400 10
a 457 468 3
a 458 5 7
a 458 199 6
a 459 99 4
a 459 173 8
a 460 26 7
a 461 70 9
a 461 186 10
a 461 207 2
a 461 236 5
a 461 292 2
a 461 380 9
a 462 120 2
a 463 39 2
a 463 56 2
a 464 150 8
a 464 254 6
a 464 343 5
a 465 169 3
a 465 344 7
a 466 123 5
a 466 128 10
a 466 248 10
a 466 474 6
a 467 266 10
a 468 360 9
a 469 140 7
a 470 44 8
a 470 192 10
a 470 231 10
a 471 116 6
a 472 70 5
a 473 9 5
a 473 52 4
a 473 409 5
a 473 484 4
a 474 83 3
a 474 328 7
a 474 442 2
a 474 498 9
a 475 272 3
a 476 120 6
a 477 189 7
a 477 226 5
a 477 382 1
a 477 479 2
a 478 222 9
a 478 266 2
a 479 102 3
a 479 132 2
a 480 80 1
a 481 124 4
a 482 189 2
a 483 414 8
a 484 18 7
a 484 37 4
a 484 45 9
a 485 125 5
a 485 129 5
a 486 147 6
a 487 145 4
a 487 290 3
a 488 230 2
a 489 350 8
a 490 113 8
a 491 15 1
a 491 71 6
a 492 49 5
a 492 66 6
a 492 104 2
a 493 8 7
a 493 411 7
a 493 423 3
a 494 73 5
a 494 383 5
a 494 440 8
a 495 31 7
a 495 258 10
a 496 318 2
a 497 237 1
a 497 260 6
a 497 413 8
a 498 232 9
a 499 105 1
