p max 500 1000
n 1 s
n 500 t
a 1 61 10
a 2 264 6
a 2 371 9
a 3 330 1
a 3 500 9
a 4 230 10
a 4 319 7
a 5 457 5
a 6 194 9
a 7 106 6
a 7 124 4
a 7 276 3
a 7 459 10
a 8 200 4
a 9 384 4
a 9 420 8
a 10 7 6
a 10 56 8
a 10 372 3
a 11 217 7
a 11 249 6
a 11 252 4
a 12 284 7
a 13 65 6
a 13 428 5
a 14 211 10
a 15 78 10
a 15 335 3
a 15 372 9
a 16 133 3
a 16 151 10
a 16 271 2
a 16 299 3
a 16 417 8
a 17 164 10
a 17 172 2
a 18 8 10
a 18 9 2
a 18 148 1
a 18 493 4
a 19 132 10
a 19 208 5
a 20 184 3
a 20 263 5
a 20 468 8
a 21 158 6
a 21 255 2
a 21 379 6
a 22 383 8
a 22 390 10
a 22 422 3
a 22 476 3
a 23 391 8
a 23 427 8
a 24 31 3
a 25 71 4
a 25 170 10
a 25 189 3
a 25 201 9
a 25 242 1
a 25 246 5
a 26 203 6
a 26 265 10
a 27 76 4
a 28 345 4
a 29 89 2
a 30 436 3
a 31 20 10
a 31 140 7
a 32 133 1
a 33 313 6
a 33 357 6
a 33 462 6
a 34 179 7
a 34 265 8
a 34 470 5
a 35 461 3
a 35 487 4
a 36 67 9
a 36 128 9
a 36 150 6
a 37 231 3
a 38 26 4
a 38 497 3
a 39 12 3
a 39 174 9
a 39 317 3
a 39 384 4
a 40 60 10
a 40 439 5
a 40 466 6
a 41 149 2
a 41 259 2
a 41 270 4
a 42 93 6
a 42 320 8
a 43 243 3
a 44 320 10
a 45 216 7
a 46 228 10
a 46 415 3
a 46 492 1
a 47 35 7
a 48 343 6
a 49 103 6
a 49 342 8
a 49 391 9
a 49 423 9
a 50 319 2
a 51 68 9
a 51 100 3
a 52 58 2
a 52 159 1
a 52 430 5
a 53 418 6
a 54 47 9
a 54 334 3
a 55 145 1
a 55 167 4
a 56 283 9
a 57 152 5
a 57 199 10
a 57 495 9
a 58 374 9
a 59 67 8
a 59 175 5
a 59 254 8
a 60 271 4
a 61 231 5
a 61 267 1
a 61 480 6
a 62 70 9
a 62 186 3
a 62 211 2
a 63 129 1
a 63 222 9
a 63 446 6
a 63 448 4
a 64 380 8
a 64 461 9
a 65 304 6
a 66 240 10
a 67 291 7
a 67 335 7
a 67 349 7
a 68 104 3
a 69 82 4
a 69 352 3
a 69 435 6
a 70 412 2
a 70 472 10
a 71 97 8
a 72 4 8
a 72 316 1
a 72 368 7
a 73 60 2
a 73 62 10
a 73 453 1
a 74 392 6
a 75 419 10
a 75 464 9
a 76 88 4
a 77 26 4
a 77 141 3
a 77 314 6
a 78 113 7
a 78 227 7
a 79 446 1
a 80 178 10
a 80 193 8
a 80 422 8
a 81 405 3
a 81 409 4
a 82 128 9
a 83 160 8
a 83 306 2
a 83 443 7
a 83 499 8
a 84 69 7
a 84 102 7
a 85 134 5
a 85 309 5
a 86 493 9
a 87 273 7
a 87 449 7
a 88 77 2
a 89 469 4
a 90 62 2
a 91 9 9
a 91 134 2
a 91 274 9
a 92 20 7
a 92 185 3
a 92 400 8
a 92 431 8
a 93 178 2
a 93 353 5
a 94 336 4
a 94 457 6
a 95 156 3
a 95 237 6
a 95 438 3
a 96 184 8
a 97 132 8
a 97 343 7
a 97 349 2
a 98 47 9
a 98 498 3
a 99 264 9
a 99 322 10
a 100 11 4
a 100 91 6
a 101 456 2
a 102 168 5
a 103 321 4
a 103 422 4
a 104 408 7
a 105 73 1
a 106 347 6
a 106 456 3
a 106 492 2
a 107 478 8
a 108 263 7
a 109 223 5
a 109 316 4
a 110 227 8
a 111 97 2
a 111 474 9
a 112 69 7
a 112 421 6
a 112 445 2
a 113 65 2
a 114 56 4
a 115 271 3
a 116 92 3
a 116 328 2
a 117 64 7
a 118 91 10
a 118 116 1
a 118 224 3
a 119 81 5
a 119 99 10
a 119 167 5
a 119 415 5
a 120 467 10
a 121 109 9
a 121 154 1
a 121 326 6
a 121 361 5
a 121 387 9
a 122 116 5
a 122 192 10
a 122 370 6
a 123 90 2
a 123 442 8
a 124 365 4
a 124 420 10
a 124 439 8
a 125 21 6
a 125 316 5
a 125 442 3
a 126 223 1
a 127 188 5
a 128 279 1
a 128 332 6
a 128 417 3
a 129 22 7
a 129 315 5
a 130 155 7
a 131 130 5
a 132 54 9
a 133 196 6
a 133 463 2
a 133 486 1
a 134 232 4
a 135 110 1
a 135 237 5
a 135 269 8
a 136 94 8
a 136 171 8
a 136 266 5
a 136 414 1
a 137 272 5
a 138 50 7
a 138 231 10
a 138 235 1
a 138 414 6
a 139 257 2
a 139 300 8
a 139 366 3
a 140 404 4
a 140 425 9
a 141 178 2
a 142 381 2
a 143 170 10
a 143 268 6
a 143 410 7
a 144 370 8
a 144 377 10
a 145 33 2
a 146 26 2
a 147 45 7
a 147 51 7
a 147 61 3
a 148 25 6
a 148 365 9
a 148 500 7
a 149 198 3
a 149 459 4
a 150 21 4
a 151 125 4
a 151 160 6
a 151 280 6
a 152 262 2
a 153 305 5
a 154 255 10
a 155 478 7
a 156 244 4
a 156 318 1
a 156 380 6
a 157 36 4
a 157 237 4
a 157 419 10
a 158 3 7
a 158 150 2
a 158 195 7
a 159 333 1
a 160 33 8
a 160 312 6
a 161 422 8
a 162 30 1
a 162 138 4
a 162 333 9
a 163 194 7
a 163 401 1
a 164 450 3
a 165 368 6
a 166 5 3
a 166 248 4
a 167 255 8
a 167 335 6
a 168 16 9
a 169 238 3
a 169 297 6
a 170 72 2
a 170 117 7
a 170 249 4
a 170 341 10
a 171 49 9
a 171 351 8
a 172 378 5
a 172 432 10
a 173 308 10
a 173 331 8
a 173 346 10
a 173 382 4
a 174 175 2
a 174 303 7
a 174 434 3
a 175 490 8
a 175 493 6
a 176 111 10
a 177 144 3
a 178 230 6
a 179 116 2
a 179 360 7
a 180 65 7
a 180 405 10
a 181 96 5
a 181 265 3
a 182 15 2
a 182 88 4
a 182 146 9
a 183 142 10
a 183 314 3
a 184 220 5
a 184 333 4
a 185 465 5
a 185 494 6
a 186 126 8
a 186 276 1
a 187 254 7
a 187 259 8
a 188 300 6
a 188 346 1
a 189 498 9
a 190 80 1
a 190 334 7
a 190 385 2
a 191 149 8
a 191 440 6
a 192 139 2
a 192 304 6
a 193 181 1
a 194 483 5
a 195 25 5
a 196 40 4
a 196 159 3
a 196 312 4
a 197 41 6
a 197 378 6
a 197 474 4
a 198 433 9
a 199 328 4
a 200 404 5
a 201 28 1
a 202 116 6
a 203 20 2
a 203 32 6
a 203 197 5
a 204 2 9
a 204 206 7
a 204 404 5
a 205 234 1
a 205 282 5
a 206 287 4
a 207 266 2
a 207 272 9
a 208 336 8
a 209 217 7
a 209 487 1
a 210 11 6
a 210 389 5
a 211 137 3
a 212 144 5
a 212 161 1
a 212 262 4
a 213 412 2
a 214 174 10
a 215 225 9
a 215 404 9
a 216 182 7
a 217 19 3
a 217 408 9
a 218 310 3
a 219 152 10
a 219 256 8
a 220 57 3
a 221 342 4
a 222 165 9
a 222 428 7
a 222 443 5
a 223 446 3
a 224 434 7
a 224 452 9
a 225 251 3
a 225 431 1
a 226 298 5
a 226 438 7
a 227 181 3
a 228 78 9
a 228 226 5
a 229 366 8
a 230 87 3
a 230 359 9
a 231 388 5
a 232 331 8
a 232 404 8
a 233 43 10
a 234 178 3
a 235 262 4
a 236 141 3
a 237 458 8
a 238 427 10
a 239 197 7
a 239 281 6
a 240 64 2
a 240 288 6
a 240 460 2
a 241 34 7
a 241 145 8
a 242 59 8
a 242 406 7
a 243 22 4
a 243 484 8
a 244 105 8
a 244 131 8
a 245 46 9
a 245 307 4
a 246 13 3
a 246 276 8
a 247 10 3
a 248 188 7
a 248 234 3
a 248 325 5
a 249 273 2
a 249 295 8
a 250 261 10
a 251 440 6
a 252 49 5
a 253 400 7
a 254 297 9
a 254 357 6
a 255 107 3
a 255 210 3
a 256 207 1
a 256 437 10
a 257 79 8
a 257 95 2
a 257 373 10
a 258 76 4
a 258 130 8
a 258 300 1
a 258 378 10
a 259 160 1
a 260 377 4
a 261 348 6
a 262 102 8
a 262 283 6
a 263 47 2
a 263 413 4
a 263 421 6
a 264 111 7
a 264 353 7
a 265 85 3
a 265 112 5
a 265 158 7
a 266 190 3
a 266 310 10
a 267 83 7
a 268 356 8
a 268 407 4
a 269 318 7
a 270 467 4
a 271 12 7
a 272 120 6
a 272 127 9
a 272 174 9
a 273 201 6
a 273 345 5
a 274 7 8
a 274 280 9
a 275 315 5
a 276 292 10
a 276 466 5
a 277 193 2
a 277 397 8
a 278 123 3
a 279 131 8
a 279 190 4
a 279 194 10
a 280 316 3
a 281 210 1
a 281 286 7
a 282 135 9
a 282 166 6
a 282 491 2
a 283 427 2
a 284 219 9
a 284 443 6
a 285 74 6
a 285 203 8
a 285 209 9
a 286 207 7
a 286 477 9
a 287 73 5
a 288 83 1
a 288 166 1
a 289 124 4
a 290 59 6
a 290 156 4
a 290 216 1
a 291 54 5
a 291 455 8
a 291 488 4
a 292 31 9
a 292 119 2
a 293 129 8
a 293 214 5
a 293 323 5
a 293 338 10
a 293 344 7
a 293 488 10
a 294 98 6
a 294 320 4
a 294 438 10
a 295 198 5
a 296 167 3
a 296 169 5
a 296 396 3
a 297 9 7
a 298 213 10
a 298 456 10
a 298 475 8
a 299 206 6
a 299 416 8
a 300 4 3
a 301 309 1
a 301 485 9
a 302 239 8
a 302 245 9
a 303 6 3
a 303 454 2
a 304 38 7
a 304 163 10
a 304 302 10
a 305 347 5
a 305 421 3
a 306 24 1
a 306 61 4
a 307 40 3
a 307 431 9
a 307 489 7
a 308 100 7
a 308 146 1
a 308 392 9
a 308 500 7
a 309 289 5
a 309 422 5
a 309 482 4
a 310 33 6
a 310 71 10
a 310 182 10
a 311 139 4
a 311 142 9
a 311 418 1
a 312 80 10
a 313 143 3
a 313 279 2
a 314 329 5
a 314 393 7
a 314 459 2
a 315 5 6
a 315 44 9
a 315 257 4
a 316 296 5
a 316 304 8
a 316 386 9
a 317 171 1
a 318 350 8
a 318 362 10
a 318 441 1
a 319 31 1
a 319 427 4
a 319 469 4
a 320 37 1
a 320 202 5
a 320 442 5
a 321 295 10
a 321 451 5
a 322 77 2
a 323 189 3
a 324 86 8
a 324 181 1
a 324 355 4
a 324 384 9
a 324 399 8
a 325 28 3
a 325 168 8
a 325 190 9
a 326 18 1
a 327 197 1
a 327 444 5
a 328 482 8
a 329 136 7
a 329 147 8
a 329 425 5
a 329 483 3
a 330 93 9
a 331 19 9
a 331 287 5
a 331 302 9
a 332 225 6
a 332 362 6
a 333 115 3
a 333 311 4
a 334 27 2
a 334 348 1
a 335 286 4
a 335 433 8
a 336 120 7
a 336 410 5
a 337 247 8
a 338 73 7
a 338 77 4
a 338 153 7
a 338 178 4
a 339 52 3
a 339 372 10
a 339 481 4
a 340 84 3
a 340 311 3
a 341 497 10
a 342 50 7
a 343 151 6
a 344 161 3
a 345 52 10
a 345 196 10
a 346 61 4
a 347 69 1
a 347 359 5
a 348 46 5
a 348 408 8
a 349 95 2
a 349 234 7
a 349 284 3
a 350 176 9
a 350 274 1
a 351 10 9
a 351 223 9
a 351 303 2
a 352 78 1
a 352 395 3
a 353 293 4
a 354 273 7
a 354 288 9
a 354 402 7
a 355 298 10
a 356 429 9
a 357 464 9
a 358 335 8
a 359 376 7
a 359 380 3
a 360 26 1
a 360 175 6
a 361 29 2
a 361 157 9
a 361 210 10
a 361 282 4
a 362 137 5
a 362 207 2
a 362 286 3
a 362 354 6
a 363 367 3
a 363 434 6
a 364 229 10
a 365 308 10
a 365 424 2
a 366 52 5
a 366 328 9
a 367 289 7
a 367 329 1
a 367 436 8
a 368 419 8
a 369 23 2
a 369 482 7
a 370 456 1
a 371 141 1
a 371 241 3
a 371 326 6
a 371 381 4
a 371 435 4
a 372 255 1
a 373 132 6
a 373 375 5
a 374 106 2
a 374 327 5
a 374 409 6
a 375 74 10
a 375 358 5
a 376 260 8
a 376 355 5
a 377 114 4
a 377 250 1
a 378 94 3
a 378 423 10
a 379 292 9
a 380 338 5
a 380 441 1
a 381 49 7
a 381 398 6
a 381 450 10
a 382 439 5
a 383 144 3
a 384 411 9
a 384 444 8
a 385 326 3
a 385 496 8
a 386 12 4
a 387 426 5
a 388 276 10
a 389 181 4
a 389 484 7
a 390 136 8
a 390 191 3
a 390 478 4
a 391 108 3
a 391 279 7
a 391 313 2
a 391 388 3
a 392 209 7
a 392 335 10
a 393 274 5
a 394 296 2
a 395 35 7
a 395 96 4
a 396 17 10
a 397 426 2
a 397 445 5
a 398 144 9
a 398 408 2
a 398 458 6
a 399 243 2
a 399 311 1
a 399 403 9
a 399 425 3
a 400 111 10
a 400 469 2
a 401 130 3
a 402 30 2
a 402 123 10
a 403 232 6
a 403 239 7
a 403 465 9
a 404 168 9
a 404 205 5
a 405 17 10
a 405 221 9
a 405 290 3
a 406 180 6
a 407 410 10
a 408 236 5
a 408 285 4
a 409 106 5
a 409 200 3
a 409 277 3
a 410 371 9
a 411 23 2
a 411 53 8
a 411 214 7
a 412 260 3
a 413 135 1
a 414 237 4
a 415 39 8
a 415 240 8
a 415 295 5
a 416 47 2
a 416 278 8
a 417 183 2
a 417 210 2
a 417 218 10
a 418 254 4
a 419 71 6
a 419 230 6
a 420 237 9
a 421 63 9
a 421 68 8
a 422 6 5
a 422 42 9
a 422 85 3
a 423 18 5
a 423 369 9
a 424 62 9
a 424 121 3
a 425 3 4
a 425 258 9
a 426 155 5
a 426 468 4
a 427 242 2
a 428 373 6
a 429 337 2
a 429 383 8
a 430 435 4
a 431 99 10
a 431 183 7
a 432 113 6
a 432 128 7
a 433 412 3
a 433 479 7
a 434 88 3
a 434 109 8
a 434 134 1
a 435 247 2
a 436 181 7
a 436 236 10
a 437 66 10
a 437 75 1
a 437 471 6
a 437 498 9
a 438 336 7
a 439 261 3
a 439 464 10
a 440 115 9
a 441 339 4
a 441 447 6
a 441 481 6
a 442 189 3
a 443 135 4
a 443 238 8
a 444 233 9
a 444 328 3
a 445 180 10
a 446 289 4
a 447 118 10
a 447 173 1
a 447 334 1
a 447 468 2
a 448 24 5
a 448 341 2
a 449 16 3
a 449 249 6
a 449 374 1
a 450 228 9
a 450 229 2
a 450 294 2
a 451 119 5
a 451 204 8
a 451 472 5
a 452 201 9
a 453 122 2
a 453 244 8
a 453 371 10
a 453 480 3
a 454 190 9
a 454 195 7
a 455 104 5
a 455 232 1
a 455 348 5
a 456 26 6
a 457 285 1
a 458 217 7
a 458 324 2
a 458 429 6
a 459 162 9
a 459 291 10
a 459 301 1
a 459 363 10
a 460 76 2
a 461 215 3
a 461 284 10
a 462 181 6
a 462 275 5
a 463 18 5
a 463 277 1
a 464 6 10
a 464 273 3
a 465 93 5
a 465 212 6
a 465 313 3
a 466 92 10
a 467 394 5
a 468 186 10
a 468 291 6
a 469 92 6
a 470 158 3
a 470 467 5
a 471 161 1
a 472 364 4
a 472 385 3
a 473 43 6
a 473 187 3
a 473 445 1
a 474 177 4
a 474 206 9
a 474 389 7
a 475 138 7
a 475 323 1
a 475 394 8
a 476 55 5
a 476 300 6
a 476 473 10
a 477 49 8
a 477 198 4
a 478 57 7
a 478 125 3
a 478 356 4
a 479 24 9
a 479 336 6
a 480 162 10
a 480 250 9
a 481 127 5
a 481 256 9
a 482 219 10
a 483 443 1
a 484 89 10
a 484 369 2
a 485 163 9
a 485 237 9
a 486 218 1
a 486 247 8
a 487 17 10
a 487 335 10
a 488 397 6
a 489 48 3
a 489 109 1
a 489 340 5
a 490 239 1
a 490 261 7
a 490 334 5
a 491 121 4
a 491 172 7
a 492 14 2
a 492 137 2
a 492 253 5
a 492 305 6
a 493 448 7
a 494 292 5
a 495 85 4
a 495 86 10
a 495 101 4
a 496 154 1
a 496 180 9
a 496 257 4
a 496 293 6
a 496 480 2
a 497 91 4
a 498 481 9
a 499 102 7
a 499 116 10
a 499 302 8
