p max 500 1000
n 1 s
n 500 t
a 1 355 6
a 2 84 7
a 2 454 3
a 3 311 1
a 4 306 4
a 5 132 3
a 5 206 6
a 5 447 7
a 6 79 4
a 7 193 10
a 7 426 3
a 8 437 1
a 9 223 7
a 9 345 6
a 10 41 1
a 10 211 7
a 10 388 1
a 11 58 4
a 11 335 6
a 12 31 8
a 13 195 3
a 13 285 3
a 13 397 2
a 14 391 3
a 15 74 2
a 15 96 9
a 16 30 4
a 17 470 3
a 18 49 9
a 18 389 2
a 18 417 5
a 19 29 8
a 19 395 7
a 19 485 1
a 20 265 1
a 21 182 10
a 21 247 6
a 21 276 3
a 21 286 3
a 21 438 9
a 22 11 2
a 22 284 1
a 23 380 7
a 24 74 4
a 24 239 10
a 24 281 2
a 25 62 1
a 25 498 9
a 26 125 7
a 26 308 6
a 27 164 8
a 27 496 7
a 28 257 4
a 29 271 4
a 30 25 4
a 31 134 4
a 32 95 1
a 32 371 1
a 33 113 8
a 34 203 7
a 34 431 10
a 35 252 8
a 35 373 2
a 36 6 10
a 37 10 2
a 37 24 8
a 37 86 9
a 37 234 9
a 38 265 9
a 38 491 2
a 39 17 2
a 39 147 9
a 39 204 1
a 39 300 6
a 39 417 10
a 40 16 10
a 41 54 5
a 42 82 2
a 42 109 3
a 43 161 1
a 43 278 6
a 44 30 2
a 45 368 5
a 46 294 7
a 47 237 1
a 47 270 10
a 47 354 2
a 47 418 2
a 48 46 6
a 48 85 8
a 48 218 10
a 48 322 7
a 48 382 3
a 48 489 1
a 49 29 5
a 50 170 2
a 50 174 9
a 50 429 10
a 51 113 6
a 51 423 6
a 52 414 4
a 52 455 4
a 53 17 7
a 53 324 4
a 54 253 6
a 55 118 7
a 55 153 4
a 55 312 9
a 55 453 5
a 56 29 2
a 56 240 6
a 56 274 7
a 56 389 5
a 57 174 2
a 58 133 9
a 59 57 3
a 59 84 1
a 60 270 8
a 61 358 3
a 61 459 7
a 62 353 8
a 62 435 1
a 63 30 9
a 63 82 4
a 63 338 9
a 64 115 9
a 65 493 3
a 66 399 10
a 66 408 4
a 67 63 1
a 68 347 4
a 68 359 6
a 69 148 10
a 69 314 8
a 69 443 2
a 70 38 9
a 70 488 7
a 71 4 5
a 72 5 2
a 72 284 4
a 72 472 1
a 73 495 1
a 74 167 7
a 74 398 6
a 75 92 5
a 75 448 10
a 76 40 10
a 77 468 2
a 78 138 10
a 78 329 10
a 79 338 8
a 79 467 7
a 80 107 8
a 81 14 10
a 81 119 9
a 81 228 7
a 82 164 9
a 82 286 2
a 82 298 10
a 83 272 4
a 83 414 2
a 84 135 4
a 84 176 5
a 84 221 4
a 85 196 7
a 86 94 4
a 87 5 7
a 87 331 1
a 88 357 3
a 89 144 8
a 89 384 9
a 89 385 9
a 90 24 2
a 90 475 2
a 91 499 7
a 92 428 5
a 92 497 1
a 93 105 9
a 94 12 7
a 94 111 3
a 94 213 10
a 94 476 3
a 95 279 1
a 95 385 8
a 96 97 6
a 96 446 9
a 96 471 3
a 97 282 2
a 97 289 4
a 98 211 4
a 98 243 10
a 98 275 3
a 99 443 10
a 100 135 9
a 101 32 5
a 101 294 1
a 101 326 1
a 102 106 2
a 103 181 1
a 103 382 8
a 104 483 3
a 105 215 1
a 105 359 9
a 105 369 7
a 106 356 9
a 107 179 4
a 107 207 8
a 107 374 1
a 108 6 1
a 108 353 9
a 109 112 2
a 109 312 6
a 109 437 5
a 110 371 10
a 111 323 10
a 111 348 5
a 112 269 7
a 112 409 10
a 113 405 4
a 114 401 7
a 115 16 5
a 115 53 4
a 115 124 4
a 116 178 3
a 117 43 2
a 117 254 2
a 117 410 3
a 117 446 5
a 118 220 3
a 118 277 10
a 119 210 8
a 119 295 7
a 119 470 7
a 120 139 6
a 121 73 5
a 121 439 2
a 122 278 8
a 123 7 10
a 123 198 2
a 124 46 6
a 124 129 5
a 124 168 5
a 125 60 8
a 125 105 7
a 125 335 6
a 126 291 6
a 126 384 4
a 127 128 3
a 128 89 2
a 128 376 8
a 128 421 9
a 129 247 6
a 130 194 5
a 131 79 7
a 131 366 4
a 131 450 4
a 132 13 2
a 132 45 7
a 132 54 10
a 132 152 8
a 133 342 5
a 133 404 8
a 134 83 6
a 134 198 6
a 134 238 2
a 134 330 2
a 135 263 8
a 136 206 9
a 136 445 3
a 137 142 3
a 137 332 9
a 138 56 6
a 139 210 9
a 139 452 9
a 140 297 3
a 140 330 9
a 140 390 6
a 141 127 7
a 141 132 4
a 142 151 9
a 142 484 7
a 143 279 1
a 143 317 3
a 143 403 7
a 144 19 3
a 144 25 8
a 144 379 10
a 145 117 10
a 145 500 5
a 146 239 9
a 147 208 9
a 148 305 6
a 149 67 5
a 149 343 8
a 149 355 1
a 150 27 6
a 150 292 4
a 150 426 3
a 150 468 4
a 151 180 3
a 151 300 6
a 152 184 10
a 152 488 10
a 153 93 10
a 154 25 1
a 155 89 7
a 156 115 7
a 156 141 3
a 156 307 10
a 157 442 6
a 158 77 6
a 158 392 10
a 159 183 4
a 159 305 6
a 159 419 4
a 160 191 5
a 160 275 7
a 160 315 5
a 160 479 4
a 161 193 2
a 162 47 8
a 162 287 2
a 163 61 4
a 163 131 6
a 163 352 3
a 163 396 3
a 164 206 5
a 164 364 2
a 165 110 4
a 165 263 10
a 165 314 6
a 166 94 7
a 166 205 5
a 167 376 1
a 168 111 8
a 169 164 1
a 170 22 7
a 170 234 7
a 170 370 6
a 171 345 7
a 171 490 1
a 172 25 4
a 172 225 1
a 172 480 2
a 173 99 8
a 173 171 2
a 174 498 9
a 175 356 1
a 176 92 8
a 176 123 1
a 177 348 5
a 177 451 4
a 178 104 5
a 179 473 9
a 180 298 1
a 180 337 7
a 180 436 9
a 181 3 8
a 181 269 7
a 181 351 1
a 181 460 4
a 182 199 7
a 182 368 7
a 183 116 8
a 183 224 1
a 183 500 1
a 184 471 9
a 185 175 5
a 186 138 4
a 187 454 10
a 188 340 4
a 188 430 1
a 189 63 3
a 190 65 8
a 190 158 3
a 190 454 5
a 191 270 6
a 192 355 7
a 193 192 7
a 193 212 10
a 193 357 6
a 193 487 7
a 194 277 4
a 194 483 10
a 195 132 2
a 195 306 9
a 195 432 8
a 196 74 1
a 196 399 5
a 197 182 9
a 198 39 4
a 199 311 5
a 199 440 1
a 200 67 5
a 200 252 9
a 201 423 2
a 202 145 3
a 202 163 9
a 202 249 4
a 202 250 4
a 202 393 6
a 203 178 3
a 203 271 3
a 203 369 9
a 204 150 5
a 204 427 10
a 205 229 9
a 205 359 9
a 206 104 3
a 206 154 8
a 206 374 6
a 206 381 6
a 207 435 7
a 207 484 2
a 208 58 10
a 208 241 9
a 208 294 5
a 208 402 10
a 208 416 2
a 209 122 1
a 209 285 4
a 209 460 8
a 210 117 6
a 211 113 6
a 212 236 8
a 212 289 4
a 212 458 5
a 212 476 6
a 212 482 4
a 213 26 1
a 213 87 4
a 213 98 7
a 213 307 9
a 214 484 1
a 215 386 7
a 215 431 4
a 216 85 6
a 216 337 1
a 216 375 7
a 217 41 5
a 218 316 4
a 218 492 6
a 219 35 5
a 220 257 10
a 220 320 6
a 220 441 6
a 221 399 6
a 221 400 9
a 222 320 1
a 223 175 9
a 223 244 1
a 224 244 2
a 225 352 2
a 226 217 9
a 227 104 6
a 227 232 3
a 228 100 3
a 229 24 2
a 229 56 7
a 229 117 10
a 229 463 10
a 230 345 10
a 231 203 4
a 231 219 9
a 231 444 8
a 232 54 4
a 233 46 7
a 233 62 9
a 234 328 5
a 235 285 8
a 236 387 10
a 236 454 6
a 237 450 8
a 238 78 6
a 238 393 7
a 239 474 10
a 240 37 6
a 241 169 9
a 242 195 8
a 243 44 6
a 243 166 6
a 243 448 10
a 244 242 6
a 244 444 9
a 245 143 4
a 245 145 4
a 245 378 7
a 246 65 2
a 246 308 6
a 246 425 5
a 247 358 7
a 247 360 10
a 248 321 1
a 248 486 1
a 249 242 3
a 250 208 9
a 250 469 9
a 251 69 2
a 251 131 6
a 251 205 1
a 252 81 3
a 252 298 10
a 253 100 10
a 253 156 2
a 254 473 6
a 255 384 6
a 256 157 4
a 257 435 2
a 258 21 3
a 258 120 7
a 258 217 4
a 258 290 1
a 259 189 4
a 259 457 4
a 260 248 2
a 261 70 2
a 261 360 1
a 261 500 7
a 262 98 2
a 263 121 1
a 263 202 5
a 263 315 8
a 263 391 8
a 264 397 10
a 264 433 4
a 265 33 8
a 265 321 9
a 266 52 6
a 266 79 7
a 266 128 4
a 266 367 6
a 267 108 8
a 267 231 2
a 267 424 1
a 267 495 3
a 268 73 4
a 268 187 1
a 269 106 5
a 270 280 10
a 270 334 1
a 271 48 10
a 271 113 3
a 271 482 10
a 272 381 8
a 272 493 8
a 273 32 9
a 273 277 3
a 274 130 6
a 275 196 6
a 275 246 6
a 275 349 3
a 276 165 9
a 276 330 2
a 277 36 2
a 277 255 10
a 277 378 8
a 277 413 2
a 278 265 4
a 278 366 3
a 279 406 4
a 280 161 5
a 281 65 1
a 282 220 1
a 282 245 4
a 282 288 8
a 283 190 8
a 283 205 7
a 283 361 7
a 283 372 3
a 284 101 5
a 284 160 7
a 284 226 9
a 284 450 8
a 285 4 10
a 285 498 3
a 286 9 4
a 286 310 7
a 286 438 10
a 287 395 6
a 288 111 2
a 288 406 9
a 289 136 3
a 289 184 5
a 289 196 8
a 289 380 2
a 289 456 1
a 290 69 9
a 290 293 3
a 291 262 3
a 291 414 4
a 292 272 6
a 293 47 1
a 293 251 5
a 293 340 8
a 294 452 9
a 294 472 3
a 294 490 3
a 295 238 9
a 296 118 2
a 296 261 9
a 297 60 2
a 298 424 10
a 299 35 8
a 299 273 8
a 299 344 9
a 300 161 5
a 301 102 4
a 301 253 6
a 302 294 2
a 302 356 8
a 303 77 1
a 303 342 8
a 303 394 7
a 304 31 7
a 304 174 3
a 304 227 3
a 304 268 5
a 305 268 6
a 305 418 10
a 306 23 10
a 306 126 7
a 306 458 4
a 307 133 6
a 307 177 1
a 308 449 10
a 309 19 5
a 309 236 10
a 310 82 2
a 310 464 4
a 311 215 8
a 311 221 9
a 311 256 8
a 311 336 1
a 311 473 3
a 312 97 2
a 312 189 2
a 313 20 2
a 313 157 3
a 313 327 5
a 313 363 1
a 314 410 7
a 314 481 4
a 315 313 8
a 315 338 3
a 316 306 7
a 317 66 8
a 317 75 7
a 317 114 9
a 317 311 8
a 317 339 5
a 318 63 1
a 318 153 10
a 319 162 10
a 319 222 5
a 319 314 4
a 319 411 6
a 320 341 6
a 320 413 4
a 321 235 6
a 321 338 8
a 322 350 9
a 323 474 2
a 324 38 9
a 324 259 3
a 324 275 7
a 325 123 10
a 326 91 8
a 326 241 7
a 327 409 10
a 328 90 2
a 328 149 3
a 328 160 4
a 328 389 5
a 329 201 5
a 330 210 7
a 330 408 7
a 331 452 7
a 332 281 3
a 332 441 6
a 333 133 9
a 333 354 6
a 333 483 3
a 334 100 6
a 335 42 1
a 335 89 3
a 335 106 10
a 335 213 8
a 336 145 1
a 337 55 6
a 337 250 4
a 337 363 10
a 338 209 4
a 338 357 10
a 339 194 3
a 340 94 6
a 340 304 6
a 340 497 1
a 341 194 10
a 341 259 3
a 342 203 8
a 343 395 10
a 344 267 3
a 344 404 3
a 344 448 4
a 345 248 5
a 345 456 9
a 346 137 7
a 346 266 2
a 346 365 7
a 346 420 8
a 347 427 2
a 347 491 3
a 348 234 10
a 349 76 5
a 349 407 1
a 350 467 7
a 351 490 10
a 352 186 1
a 352 198 3
a 353 322 5
a 353 422 1
a 354 254 3
a 355 2 10
a 355 111 9
a 356 19 2
a 356 95 3
a 356 192 7
a 357 67 2
a 357 135 9
a 358 52 7
a 359 149 9
a 360 238 10
a 360 244 3
a 361 72 3
a 361 244 10
a 362 333 4
a 363 220 2
a 364 45 10
a 364 134 1
a 365 48 8
a 365 296 5
a 366 407 10
a 367 181 6
a 367 336 5
a 368 167 4
a 368 286 6
a 368 429 10
a 369 362 4
a 369 411 2
a 370 52 4
a 370 233 7
a 370 451 3
a 371 246 6
a 372 499 1
a 373 426 5
a 374 333 2
a 374 454 2
a 375 53 8
a 376 341 4
a 376 377 9
a 377 481 10
a 378 85 10
a 378 173 9
a 378 290 9
a 379 154 1
a 379 325 9
a 380 421 6
a 381 163 7
a 381 216 4
a 382 83 5
a 382 130 7
a 383 3 1
a 383 319 5
a 384 374 8
a 385 150 6
a 386 37 10
a 386 66 10
a 386 70 10
a 386 262 4
a 386 434 2
a 386 494 10
a 387 144 7
a 387 358 1
a 388 50 9
a 388 239 10
a 388 302 9
a 388 434 3
a 389 93 10
a 389 493 6
a 390 239 1
a 391 13 5
a 391 105 10
a 391 228 8
a 392 400 4
a 393 15 7
a 393 30 5
a 393 142 3
a 393 159 2
a 394 254 8
a 394 472 10
a 394 495 4
a 395 183 6
a 395 465 8
a 396 121 8
a 396 261 10
a 397 39 5
a 397 143 6
a 397 201 9
a 398 29 9
a 398 266 8
a 399 64 1
a 399 88 9
a 399 194 6
a 400 48 8
a 400 200 5
a 401 339 2
a 401 478 9
a 402 409 6
a 403 138 2
a 403 456 6
a 404 311 9
a 405 246 3
a 405 375 8
a 406 8 8
a 406 140 6
a 406 280 8
a 407 296 9
a 408 155 4
a 408 162 4
a 408 415 5
a 409 404 9
a 409 412 6
a 410 213 6
a 410 383 3
a 411 49 4
a 411 139 2
a 412 187 8
a 413 160 2
a 413 316 3
a 413 442 4
a 414 439 8
a 414 444 2
a 415 22 6
a 415 346 8
a 415 464 7
a 416 277 5
a 417 240 8
a 418 171 1
a 419 80 3
a 420 203 6
a 421 7 6
a 421 197 10
a 421 430 2
a 422 258 3
a 422 449 3
a 422 453 2
a 423 281 6
a 423 477 3
a 423 499 5
a 424 28 3
a 424 83 5
a 424 172 1
a 425 126 8
a 426 41 6
a 426 55 1
a 427 47 6
a 427 484 9
a 428 68 3
a 428 230 7
a 428 337 4
a 428 342 5
a 429 260 1
a 429 399 1
a 430 115 8
a 430 264 8
a 431 313 5
a 432 58 6
a 432 283 1
a 432 287 7
a 432 309 9
a 432 412 9
a 433 99 7
a 433 340 6
a 434 131 9
a 435 244 3
a 436 97 6
a 437 223 9
a 438 334 10
a 439 75 10
a 439 225 3
a 439 303 1
a 440 84 9
a 440 314 7
a 441 278 4
a 441 475 5
a 442 199 2
a 442 447 4
a 442 474 7
a 443 257 1
a 443 382 7
a 444 190 10
a 444 495 5
a 445 21 1
a 445 328 3
a 446 122 1
a 446 124 5
a 447 13 7
a 447 103 2
a 447 115 2
a 448 242 6
a 448 463 4
a 449 153 1
a 450 229 1
a 451 123 3
a 451 188 3
a 452 183 10
a 452 486 10
a 453 84 10
a 453 258 6
a 453 461 9
a 454 48 3
a 455 318 10
a 455 451 8
a 456 350 1
a 456 438 6
a 457 464 5
a 458 106 1
a 458 426 2
a 459 185 4
a 459 292 5
a 460 27 6
a 460 80 2
a 460 195 7
a 460 269 5
a 461 33 9
a 461 85 4
a 462 421 5
a 463 22 2
a 463 214 3
a 464 266 9
a 465 71 5
a 465 476 3
a 466 334 5
a 466 405 10
a 467 392 2
a 468 8 2
a 468 287 7
a 469 169 1
a 469 229 10
a 470 59 2
a 470 412 10
a 471 146 8
a 471 240 1
a 471 273 6
a 471 461 2
a 472 5 4
a 472 401 6
a 473 72 7
a 474 71 7
a 475 378 8
a 476 18 3
a 476 401 9
a 477 100 8
a 477 309 8
a 478 425 9
a 479 222 6
a 479 388 6
a 480 464 4
a 481 497 3
a 482 76 9
a 482 135 7
a 483 20 5
a 483 34 8
a 483 154 6
a 483 301 3
a 484 389 8
a 485 116 1
a 485 299 2
a 485 421 2
a 485 462 3
a 486 371 7
a 486 432 5
a 487 333 5
a 487 466 7
a 488 107 8
a 488 373 1
a 489 51 8
a 489 172 6
a 490 166 4
a 491 494 10
a 492 45 3
a 493 243 9
a 494 415 10
a 495 40 9
a 495 151 7
a 495 469 1
a 496 114 10
a 497 499 5
a 498 335 9
a 499 196 3
