p max 500 1000
n 1 s
n 500 t
a 1 479 3
a 1 485 5
a 2 249 3
a 3 131 10
a 3 353 3
a 3 388 4
a 4 153 5
a 5 75 6
a 5 287 2
a 5 316 7
a 6 132 8
a 6 193 3
a 7 122 10
a 7 194 4
a 7 331 5
a 7 398 7
a 8 368 9
a 8 413 8
a 8 496 7
a 9 176 4
a 9 377 1
a 9 418 3
a 10 190 8
a 10 326 5
a 11 227 5
a 12 61 1
a 12 85 9
a 13 207 5
a 13 372 10
a 14 75 8
a 14 483 1
a 15 199 2
a 15 495 6
a 16 95 6
a 16 187 6
a 17 89 2
a 18 40 2
a 19 7 5
a 19 138 9
a 19 186 9
a 20 34 10
a 20 106 4
a 21 22 8
a 21 314 4
a 22 136 7
a 22 254 10
a 22 343 2
a 23 102 8
a 23 343 1
a 24 118 8
a 24 222 1
a 24 354 9
a 24 417 2
a 25 129 1
a 26 41 3
a 26 343 10
a 27 188 9
a 28 83 5
a 29 159 7
a 29 251 6
a 30 33 6
a 30 442 3
a 31 48 6
a 31 499 9
a 32 241 2
a 32 277 6
a 33 89 3
a 33 255 8
a 33 406 6
a 33 424 8
a 34 52 1
a 34 168 3
a 34 485 4
a 35 123 8
a 35 448 7
a 36 17 2
a 36 183 6
a 36 223 10
a 37 79 4
a 38 314 9
a 38 401 2
a 39 487 3
a 40 71 4
a 40 128 1
a 41 484 2
a 42 269 10
a 43 367 5
a 43 423 3
a 44 107 3
a 44 405 9
a 45 9 6
a 46 411 7
a 47 55 5
a 47 201 5
a 47 260 6
a 47 350 9
a 47 472 10
a 48 119 2
a 49 263 5
a 49 422 5
a 50 223 9
a 50 252 9
a 51 112 4
a 51 480 4
a 52 62 6
a 53 349 2
a 53 381 4
a 54 410 1
a 55 48 1
a 55 303 1
a 55 481 9
a 56 148 3
a 56 259 1
a 57 225 8
a 57 267 6
a 57 338 8
a 58 165 10
a 58 478 2
a 59 221 3
a 59 489 6
a 60 131 3
a 61 294 9
a 62 25 4
a 63 26 3
a 63 436 7
a 64 35 4
a 64 291 3
a 65 44 7
a 66 145 6
a 66 495 4
a 67 335 5
a 67 388 3
a 68 11 9
a 68 70 10
a 68 198 6
a 68 413 10
a 69 8 10
a 69 155 3
a 69 197 2
a 69 309 8
a 69 380 2
a 69 432 8
a 70 117 7
a 70 191 3
a 71 198 2
a 71 322 6
a 71 464 9
a 72 95 10
a 72 250 10
a 72 302 5
a 72 376 7
a 73 38 8
a 73 198 1
a 74 48 7
a 74 84 5
a 74 111 2
a 74 394 10
a 75 289 9
a 75 295 3
a 75 321 6
a 76 43 6
a 76 71 3
a 77 74 2
a 78 151 2
a 79 166 9
a 79 450 10
a 80 245 7
a 80 348 1
a 81 291 6
a 81 300 6
a 82 484 5
a 83 80 5
a 83 246 4
a 83 336 8
a 83 375 10
a 84 164 3
a 85 70 8
a 85 145 1
a 86 474 1
a 87 19 8
a 87 95 5
a 87 162 6
a 88 30 7
a 88 452 5
a 89 60 6
a 89 317 1
a 89 385 9
a 90 101 10
a 90 117 2
a 90 339 3
a 91 250 2
a 92 327 9
a 92 475 9
a 93 275 10
a 93 359 2
a 94 214 7
a 94 433 8
a 95 478 3
a 96 131 2
a 96 156 3
a 96 466 4
a 97 20 10
a 97 139 2
a 97 379 3
a 98 53 9
a 98 290 9
a 98 389 7
a 98 467 8
a 99 97 8
a 100 118 2
a 100 364 8
a 101 199 9
a 101 297 3
a 102 139 9
a 103 166 2
a 104 78 5
a 104 485 6
a 105 121 3
a 105 124 9
a 105 243 5
a 105 411 5
a 106 235 3
a 106 255 3
a 107 174 7
a 107 293 6
a 108 268 5
a 109 464 2
a 110 430 8
a 110 474 4
a 111 261 7
a 112 163 9
a 112 378 3
a 112 395 8
a 113 240 8
a 114 366 2
a 115 236 1
a 115 355 8
a 116 119 9
a 116 259 8
a 116 490 10
a 117 417 2
a 118 177 6
a 118 278 5
a 118 378 7
a 119 65 3
a 119 126 5
a 119 446 9
a 120 240 5
a 121 16 9
a 122 191 1
a 122 469 5
a 123 170 9
a 123 374 10
a 123 428 9
a 123 476 5
a 124 307 8
a 125 74 9
a 125 140 5
a 125 334 7
a 125 374 8
a 126 445 1
a 127 163 4
a 127 304 9
a 127 462 5
a 128 305 7
a 128 344 8
a 129 52 6
a 129 283 4
a 130 187 6
a 131 104 3
a 131 202 9
a 132 51 2
a 133 115 7
a 133 269 10
a 133 319 7
a 134 217 5
a 135 396 10
a 135 460 9
a 136 149 6
a 136 262 2
a 136 328 7
a 137 341 5
a 137 375 1
a 138 113 6
a 138 362 7
a 139 160 3
a 140 69 5
a 140 401 4
a 141 70 10
a 142 229 8
a 143 101 3
a 144 10 3
a 144 256 9
a 144 464 4
a 145 21 1
a 145 248 1
a 145 298 10
a 145 365 1
a 146 25 5
a 147 189 1
a 147 216 9
a 147 489 10
a 148 8 2
a 149 12 5
a 149 231 1
a 149 379 3
a 150 225 1
a 150 410 6
a 150 497 7
a 151 283 2
a 152 169 7
a 152 470 8
a 153 64 10
a 153 86 8
a 154 3 4
a 154 177 5
a 154 230 5
a 155 382 10
a 156 59 2
a 156 127 2
a 156 190 4
a 156 430 4
a 156 468 4
a 157 131 9
a 157 284 2
a 157 295 3
a 158 222 5
a 159 196 4
a 160 311 4
a 160 480 5
a 161 18 5
a 161 367 1
a 162 495 8
a 163 306 1
a 163 439 1
a 164 348 8
a 165 42 6
a 165 217 6
a 166 345 2
a 166 454 1
a 167 200 9
a 167 232 4
a 167 397 1
a 167 403 7
a 168 76 3
a 168 460 1
a 169 32 8
a 170 160 3
a 170 305 5
a 171 122 6
a 171 296 8
a 171 342 5
a 171 427 5
a 172 295 6
a 173 62 5
a 173 63 10
a 173 307 10
a 173 340 8
a 174 119 6
a 174 370 2
a 175 226 5
a 175 230 7
a 176 206 7
a 176 397 5
a 177 133 1
a 177 498 6
a 178 180 5
a 179 72 3
a 180 433 2
a 181 35 6
a 182 26 3
a 182 273 3
a 182 276 3
a 183 20 3
a 184 266 3
a 185 357 2
a 185 485 5
a 186 79 9
a 186 173 7
a 186 247 4
a 187 356 6
a 188 49 8
a 188 290 3
a 188 383 4
a 189 247 5
a 190 29 2
a 190 107 10
a 190 134 2
a 190 215 6
a 190 324 3
a 190 456 3
a 191 396 2
a 192 163 9
a 193 238 7
a 193 373 5
a 194 417 8
a 195 345 5
a 196 434 9
a 197 210 1
a 197 425 5
a 198 185 3
a 199 200 4
a 199 224 4
a 199 384 10
a 200 257 4
a 201 97 1
a 201 437 1
a 202 53 3
a 202 286 1
a 203 134 2
a 204 106 2
a 204 365 8
a 205 221 1
a 205 366 2
a 206 458 7
a 206 496 8
a 207 76 8
a 207 151 6
a 208 179 10
a 208 334 8
a 209 119 2
a 209 125 3
a 210 240 6
a 210 459 1
a 211 100 3
a 211 226 8
a 212 264 6
a 213 284 5
a 214 143 5
a 214 293 5
a 214 413 3
a 215 78 3
a 216 445 2
a 217 105 7
a 217 272 9
a 217 415 4
a 217 465 7
a 218 330 2
a 218 481 8
a 219 29 3
a 219 293 3
a 220 279 7
a 220 448 7
a 220 449 2
a 220 455 7
a 221 371 1
a 221 457 4
a 222 170 7
a 223 224 2
a 224 354 2
a 225 56 5
a 226 19 2
a 226 294 10
a 227 142 8
a 227 445 10
a 228 184 9
a 228 473 5
a 229 248 1
a 229 392 3
a 230 222 2
a 230 229 8
a 230 240 9
a 231 148 5
a 231 471 4
a 232 295 2
a 233 92 9
a 233 325 5
a 234 387 5
a 235 375 6
a 236 27 1
a 236 166 10
a 237 90 3
a 237 172 10
a 237 336 9
a 238 415 4
a 239 157 1
a 239 209 10
a 240 46 5
a 240 51 8
a 240 351 9
a 241 392 7
a 242 69 7
a 242 159 3
a 242 244 4
a 243 131 8
a 244 120 10
a 244 153 7
a 245 358 6
a 245 434 5
a 245 453 10
a 246 138 6
a 247 422 8
a 247 443 4
a 248 168 3
a 248 340 8
a 248 439 4
a 248 488 10
a 249 252 2
a 250 130 5
a 250 219 6
a 251 197 3
a 251 482 5
a 252 196 6
a 253 64 1
a 254 251 1
a 255 59 6
a 256 12 6
a 257 474 1
a 258 499 7
a 259 174 9
a 260 443 5
a 261 314 8
a 261 356 5
a 261 500 4
a 262 389 3
a 263 157 8
a 264 54 9
a 265 260 6
a 266 180 2
a 266 427 1
a 266 429 3
a 267 77 2
a 267 238 6
a 268 6 6
a 268 28 6
a 268 299 3
a 268 408 7
a 269 150 7
a 270 288 2
a 271 111 3
a 271 254 4
a 272 37 4
a 272 137 8
a 272 175 3
a 272 436 2
a 273 252 7
a 274 301 8
a 275 391 8
a 276 457 7
a 277 156 10
a 278 94 8
a 278 267 6
a 278 478 7
a 279 221 2
a 280 107 4
a 280 341 9
a 281 472 3
a 281 491 7
a 282 261 6
a 283 44 1
a 283 58 6
a 283 360 1
a 283 364 8
a 284 57 5
a 284 229 2
a 285 25 5
a 285 219 7
a 286 155 8
a 287 158 8
a 288 123 5
a 288 397 3
a 289 45 8
a 289 186 9
a 289 258 10
a 289 459 7
a 290 363 7
a 291 92 4
a 291 462 7
a 292 57 8
a 293 329 3
a 294 14 2
a 294 47 6
a 294 457 5
a 295 277 5
a 296 65 2
a 297 166 3
a 297 201 3
a 297 327 9
a 297 402 5
a 298 97 7
a 299 341 4
a 300 202 8
a 300 390 3
a 301 289 2
a 301 361 3
a 302 5 9
a 302 371 4
a 302 391 5
a 302 438 7
a 303 210 2
a 303 382 2
a 303 463 2
a 304 144 7
a 304 152 6
a 304 165 8
a 304 470 6
a 305 86 5
a 305 196 4
a 305 366 6
a 306 40 5
a 306 346 8
a 306 400 5
a 307 171 1
a 307 218 8
a 307 220 6
a 308 82 7
a 309 179 10
a 309 249 8
a 309 346 10
a 310 183 10
a 310 281 10
a 310 445 5
a 311 444 7
a 312 444 7
a 313 152 2
a 314 6 2
a 314 99 2
a 314 168 1
a 314 407 9
a 314 429 2
a 315 261 7
a 315 282 2
a 316 373 6
a 317 123 1
a 318 24 1
a 318 221 4
a 319 290 8
a 319 352 2
a 319 465 10
a 320 187 5
a 321 24 4
a 321 188 9
a 321 329 7
a 321 471 4
a 322 362 5
a 322 385 1
a 323 357 4
a 324 349 9
a 325 36 6
a 325 446 7
a 326 60 10
a 326 203 10
a 326 399 9
a 327 97 7
a 327 158 9
a 327 220 10
a 328 57 8
a 328 319 5
a 328 409 10
a 329 9 8
a 329 139 1
a 330 27 3
a 330 50 3
a 330 262 6
a 331 120 2
a 331 423 3
a 332 32 4
a 332 41 1
a 332 266 6
a 332 286 3
a 333 283 8
a 333 393 1
a 333 451 6
a 334 275 5
a 335 181 6
a 335 217 2
a 335 273 2
a 335 274 9
a 335 317 7
a 336 44 8
a 336 239 7
a 336 425 4
a 337 181 5
a 337 261 6
a 338 214 10
a 338 273 6
a 339 264 6
a 339 422 9
a 340 91 5
a 340 466 10
a 341 147 2
a 341 239 6
a 342 9 10
a 342 265 8
a 343 257 8
a 344 78 4
a 344 386 5
a 345 104 1
a 345 423 2
a 346 373 5
a 346 396 7
a 346 416 4
a 347 355 2
a 348 270 10
a 348 317 8
a 349 119 7
a 349 178 7
a 349 412 5
a 349 484 1
a 350 120 7
a 351 2 2
a 351 394 3
a 351 447 6
a 352 135 10
a 352 310 3
a 352 349 6
a 353 223 4
a 353 248 6
a 354 88 6
a 354 227 4
a 354 288 6
a 354 296 1
a 355 124 8
a 355 188 3
a 355 202 2
a 356 63 5
a 356 358 7
a 357 84 1
a 358 385 4
a 359 83 8
a 359 103 1
a 359 257 5
a 360 295 10
a 361 66 1
a 361 474 3
a 362 106 5
a 363 199 7
a 363 220 1
a 364 15 3
a 365 209 7
a 365 390 9
a 365 440 10
a 366 170 2
a 366 500 3
a 367 54 1
a 367 275 8
a 367 308 9
a 367 314 4
a 368 92 2
a 368 285 4
a 369 8 1
a 369 128 1
a 370 275 2
a 371 103 2
a 372 476 10
a 373 480 4
a 374 133 5
a 374 159 7
a 375 180 4
a 376 261 2
a 377 43 3
a 378 31 7
a 378 268 3
a 378 280 5
a 378 334 6
a 378 387 5
a 379 36 9
a 379 333 5
a 379 487 4
a 380 266 9
a 380 473 4
a 381 150 6
a 381 178 4
a 381 291 8
a 381 326 9
a 382 125 6
a 383 453 10
a 384 393 9
a 385 452 6
a 386 36 2
a 386 491 7
a 387 271 5
a 388 15 3
a 388 394 9
a 389 137 3
a 390 253 1
a 390 431 3
a 391 145 5
a 392 439 5
a 393 117 3
a 393 152 2
a 394 47 4
a 394 176 10
a 394 493 5
a 395 326 7
a 396 65 5
a 396 108 5
a 397 56 9
a 397 280 8
a 398 85 3
a 398 389 9
a 399 441 4
a 400 30 1
a 400 192 4
a 400 320 4
a 401 39 6
a 401 276 5
a 402 361 8
a 403 4 5
a 403 109 3
a 403 121 5
a 404 71 5
a 404 141 2
a 404 242 7
a 404 304 7
a 404 480 4
a 405 231 9
a 405 373 7
a 406 147 9
a 406 213 3
a 407 151 5
a 408 277 10
a 409 242 8
a 410 16 1
a 410 23 6
a 410 127 8
a 410 152 8
a 410 318 3
a 410 492 7
a 411 139 6
a 411 236 1
a 411 430 5
a 411 435 3
a 412 101 3
a 413 223 7
a 413 426 4
a 414 167 7
a 414 279 9
a 415 341 10
a 415 444 1
a 416 146 7
a 416 419 1
a 416 470 9
a 417 25 3
a 417 36 9
a 417 97 5
a 417 110 3
a 417 292 10
a 418 212 6
a 418 216 2
a 418 241 4
a 418 257 9
a 419 114 4
a 419 342 1
a 420 116 9
a 420 173 6
a 421 294 5
a 422 404 6
a 422 436 9
a 422 461 9
a 423 165 4
a 424 76 1
a 424 494 7
a 425 78 9
a 425 82 8
a 426 183 2
a 427 75 4
a 427 305 8
a 428 77 2
a 428 312 5
a 428 409 4
a 429 136 5
a 430 172 7
a 431 205 9
a 431 425 8
a 432 474 6
a 433 455 5
a 434 317 9
a 435 125 6
a 435 478 8
a 436 135 4
a 436 271 2
a 436 461 5
a 436 477 4
a 437 129 8
a 437 275 4
a 438 66 4
a 438 442 1
a 439 154 6
a 439 243 4
a 440 161 8
a 440 237 4
a 440 480 2
a 441 237 5
a 442 340 9
a 443 289 9
a 444 363 9
a 445 173 4
a 446 135 1
a 446 277 3
a 446 315 9
a 446 393 9
a 446 414 6
a 447 375 7
a 448 25 9
a 449 260 4
a 450 445 2
a 450 448 10
a 451 338 4
a 452 69 5
a 453 280 10
a 453 422 4
a 454 277 8
a 455 108 8
a 456 332 9
a 456 452 5
a 457 116 10
a 457 239 3
a 457 454 5
a 458 76 4
a 459 49 1
a 459 67 4
a 459 279 6
a 460 337 4
a 460 473 1
a 461 348 8
a 461 369 8
a 462 81 8
a 462 232 6
a 462 255 4
a 463 92 1
a 464 73 2
a 464 253 3
a 464 322 10
a 464 441 2
a 465 154 4
a 466 211 2
a 466 438 1
a 467 252 1
a 467 420 3
a 468 233 2
a 469 165 3
a 470 72 2
a 470 84 3
a 470 149 7
a 470 164 4
a 470 234 9
a 471 144 10
a 471 207 9
a 472 38 1
a 472 69 9
a 472 317 6
a 473 352 7
a 474 13 7
a 474 386 6
a 475 68 4
a 475 232 7
a 476 185 5
a 476 359 5
a 477 228 9
a 478 108 9
a 478 323 3
a 479 92 7
a 479 96 1
a 479 442 6
a 479 486 5
a 480 93 5
a 480 121 6
a 480 162 9
a 481 166 7
a 481 204 8
a 481 228 10
a 481 421 6
a 482 245 9
a 483 249 2
a 483 442 6
a 484 186 5
a 485 59 10
a 485 195 5
a 485 316 9
a 485 370 1
a 486 30 9
a 487 363 9
a 487 399 4
a 488 193 6
a 488 394 8
a 489 46 10
a 489 77 9
a 489 313 10
a 490 301 6
a 490 445 6
a 491 103 9
a 491 126 1
a 492 182 4
a 492 240 7
a 492 347 7
a 493 301 5
a 494 87 3
a 494 316 7
a 494 332 1
a 495 419 6
a 496 98 1
a 496 124 8
a 497 10 8
a 497 208 4
a 497 233 2
a 497 353 4
a 498 137 7
a 498 371 3
a 499 222 8
