p max 500 1000
n 1 s
n 500 t
a 1 146 7
a 2 372 1
a 2 461 10
a 3 228 2
a 3 323 4
a 3 430 6
a 3 479 1
a 4 201 2
a 5 253 7
a 6 63 5
a 6 157 3
a 7 134 1
a 7 191 8
a 7 358 10
a 8 38 9
a 8 500 5
a 9 241 4
a 9 259 1
a 9 483 5
a 9 484 8
a 10 460 10
a 11 215 6
a 12 220 6
a 12 397 3
a 12 412 9
a 12 415 10
a 13 271 3
a 14 136 10
a 14 145 3
a 14 200 10
a 15 344 10
a 16 164 7
a 16 345 8
a 17 40 7
a 18 35 1
a 18 187 7
a 18 341 7
a 18 402 9
a 19 27 7
a 19 328 5
a 19 440 3
a 19 474 2
a 20 66 2
a 20 132 5
a 21 146 7
a 22 12 1
a 22 81 7
a 22 200 10
a 22 296 10
a 23 193 9
a 24 151 6
a 24 388 9
a 25 66 6
a 25 243 10
a 26 495 2
a 27 49 3
a 27 305 1
a 27 441 6
a 28 121 8
a 29 451 8
a 30 194 7
a 31 2 7
a 31 62 5
a 31 74 8
a 32 85 1
a 32 236 6
a 32 382 9
a 32 439 8
a 33 208 5
a 33 463 5
a 33 476 6
a 34 109 1
a 34 223 7
a 34 258 10
a 35 467 1
a 36 7 8
a 36 87 7
a 36 256 8
a 36 356 5
a 37 294 8
a 38 60 6
a 38 340 8
a 39 313 2
a 39 314 10
a 39 484 6
a 39 497 8
a 40 24 6
a 40 36 6
a 40 419 8
a 41 479 9
a 41 500 9
a 42 388 2
a 43 4 6
a 43 78 6
a 44 198 6
a 44 338 9
a 45 205 4
a 45 239 7
a 45 342 6
a 46 54 2
a 46 327 2
a 46 423 4
a 47 421 6
a 48 16 5
a 48 250 3
a 48 500 8
a 49 76 7
a 49 90 1
a 49 133 6
a 49 212 2
a 49 384 8
a 49 403 3
a 50 23 9
a 50 32 5
a 50 112 9
a 50 429 3
a 50 472 3
a 51 114 2
a 51 190 8
a 51 240 7
a 51 293 3
a 52 329 1
a 52 435 8
a 53 262 3
a 54 258 3
a 54 268 7
a 54 343 2
a 55 139 3
a 55 279 5
a 56 358 2
a 57 432 7
a 58 324 4
a 59 252 9
a 59 361 4
a 60 106 10
a 60 253 4
a 61 434 4
a 62 330 6
a 62 390 6
a 63 351 10
a 63 480 9
a 64 39 3
a 64 158 5
a 64 284 4
a 64 451 1
a 65 400 9
a 66 237 7
a 66 303 10
a 66 350 3
a 67 20 7
a 67 123 5
a 67 302 5
a 67 378 10
a 67 494 9
a 68 79 8
a 68 242 10
a 68 487 10
a 69 77 8
a 69 262 5
a 69 437 7
a 70 238 8
a 70 316 8
a 71 38 4
a 71 59 8
a 71 245 6
a 72 145 10
a 72 408 4
a 73 97 10
a 73 146 3
a 73 234 3
a 73 323 1
a 74 158 2
a 75 128 8
a 75 440 7
a 76 38 9
a 77 289 7
a 77 386 5
a 78 488 3
a 79 288 1
a 80 54 7
a 80 104 4
a 81 175 5
a 82 250 7
a 83 210 10
a 83 427 9
a 84 176 9
a 84 369 1
a 85 47 3
a 85 246 10
a 86 82 1
a 86 246 9
a 87 344 8
a 88 146 5
a 89 44 8
a 89 129 2
a 90 466 10
a 91 69 9
a 91 261 8
a 92 58 9
a 93 107 10
a 93 281 2
a 93 373 4
a 93 481 4
a 94 38 1
a 94 249 9
a 95 171 6
a 95 472 2
a 96 36 7
a 97 472 5
a 98 311 9
a 99 309 1
a 100 181 7
a 100 421 7
a 100 427 3
a 101 8 8
a 101 224 8
a 102 193 5
a 102 478 6
a 103 33 2
a 103 124 3
a 103 417 6
a 104 359 3
a 104 415 4
a 105 244 2
a 106 105 6
a 106 179 6
a 106 434 2
a 107 75 2
a 108 166 10
a 108 322 3
a 109 11 10
a 109 177 2
a 109 194 9
a 109 428 3
a 109 458 1
a 110 55 5
a 110 298 5
a 111 139 9
a 111 219 7
a 111 285 5
a 112 46 6
a 112 126 10
a 112 195 7
a 112 274 8
a 112 486 5
a 113 48 5
a 113 416 5
a 114 373 4
a 115 315 3
a 115 336 7
a 116 77 1
a 116 236 7
a 116 326 4
a 117 46 4
a 117 269 3
a 118 38 10
a 119 115 6
a 120 374 6
a 121 30 9
a 121 236 2
a 121 255 7
a 122 257 4
a 122 268 9
a 123 33 10
a 123 45 9
a 123 52 5
a 123 142 10
a 123 248 7
a 124 230 8
a 124 371 3
a 125 90 5
a 125 385 4
a 126 247 8
a 127 152 4
a 127 495 4
a 128 190 6
a 128 279 8
a 128 361 6
a 129 81 2
a 130 216 7
a 130 231 2
a 130 445 3
a 131 216 5
a 132 361 9
a 133 329 3
a 133 430 4
a 134 33 9
a 134 42 4
a 134 325 2
a 135 49 7
a 135 98 2
a 135 440 9
a 136 24 8
a 136 58 3
a 137 58 6
a 137 329 4
a 138 479 6
a 139 159 8
a 139 380 7
a 140 15 4
a 140 249 2
a 141 213 7
a 141 294 9
a 141 373 10
a 141 475 10
a 142 284 4
a 142 308 1
a 142 452 10
a 142 471 1
a 143 35 3
a 143 60 8
a 143 300 7
a 144 184 4
a 144 312 8
a 145 464 5
a 146 421 1
a 147 80 1
a 148 72 1
a 149 7 7
a 149 65 7
a 149 482 7
a 150 81 1
a 150 131 1
a 150 443 10
a 151 426 7
a 151 490 10
a 152 278 8
a 152 340 2
a 153 348 7
a 154 227 5
a 155 393 3
a 156 215 7
a 156 455 1
a 157 83 6
a 157 127 8
a 158 231 10
a 158 292 1
a 159 86 3
a 159 196 2
a 159 201 8
a 159 368 2
a 160 444 5
a 160 470 7
a 161 98 4
a 161 177 10
a 162 311 9
a 163 154 4
a 163 394 6
a 163 499 7
a 164 13 4
a 165 472 7
a 166 66 9
a 166 233 9
a 166 330 6
a 166 339 9
a 167 119 10
a 167 236 4
a 168 149 2
a 168 169 3
a 169 221 1
a 170 212 1
a 170 316 5
a 171 86 3
a 171 301 3
a 172 72 2
a 172 254 2
a 172 364 2
a 173 207 4
a 174 431 8
a 174 453 4
a 175 96 4
a 175 115 8
a 175 341 1
a 175 496 10
a 176 263 4
a 176 282 9
a 177 4 4
a 177 112 4
a 178 251 7
a 178 468 10
a 179 18 10
a 179 31 4
a 179 56 5
a 179 306 1
a 180 155 1
a 181 6 6
a 181 165 2
a 181 309 1
a 182 239 2
a 182 495 6
a 183 296 6
a 183 312 9
a 184 64 3
a 184 108 10
a 185 28 5
a 185 188 2
a 185 411 6
a 185 425 2
a 186 229 4
a 186 246 4
a 187 170 9
a 188 233 1
a 189 389 5
a 190 197 7
a 190 272 10
a 191 253 7
a 191 355 6
a 191 368 7
a 192 172 5
a 192 183 7
a 192 359 9
a 193 36 8
a 194 176 1
a 194 442 7
a 195 188 1
a 195 289 3
a 195 414 7
a 196 95 3
a 196 118 2
a 197 49 4
a 197 355 4
a 198 231 2
a 198 377 10
a 198 396 5
a 199 13 7
a 199 408 10
a 200 286 6
a 201 78 10
a 201 151 2
a 202 6 6
a 203 298 2
a 203 363 5
a 204 280 4
a 205 465 5
a 206 44 3
a 206 461 7
a 207 43 8
a 207 180 1
a 207 465 7
a 208 161 10
a 208 465 3
a 209 171 7
a 209 225 7
a 209 265 6
a 210 45 9
a 211 255 2
a 212 51 8
a 212 320 1
a 213 207 8
a 213 468 4
a 214 121 4
a 214 339 10
a 214 447 8
a 214 450 10
a 215 202 4
a 215 449 9
a 216 124 8
a 217 80 4
a 217 157 7
a 217 429 9
a 218 99 3
a 218 239 8
a 218 419 9
a 219 62 5
a 219 317 3
a 220 135 9
a 220 214 6
a 221 104 10
a 222 76 4
a 223 108 4
a 223 159 6
a 223 359 7
a 224 97 1
a 225 26 5
a 226 388 2
a 227 451 8
a 228 25 1
a 229 337 5
a 229 441 3
a 230 264 2
a 230 290 3
a 230 387 5
a 231 252 6
a 231 287 5
a 231 499 3
a 232 216 8
a 232 478 6
a 233 98 2
a 233 398 1
a 233 409 10
a 234 101 3
a 234 389 1
a 235 102 6
a 236 172 2
a 237 176 2
a 238 328 6
a 238 352 1
a 239 494 8
a 240 10 4
a 240 400 6
a 240 478 4
a 241 90 7
a 241 391 5
a 242 72 7
a 242 461 10
a 243 288 1
a 244 445 2
a 245 82 1
a 245 396 5
a 246 116 6
a 246 437 4
a 246 491 4
a 247 314 1
a 247 365 4
a 248 37 3
a 248 196 7
a 249 20 6
a 249 23 6
a 249 273 5
a 250 61 5
a 250 99 6
a 250 477 10
a 251 70 1
a 251 330 8
a 251 413 2
a 252 345 1
a 252 415 5
a 253 73 7
a 253 407 8
a 254 155 6
a 254 426 8
a 255 29 6
a 256 17 2
a 256 50 6
a 256 217 2
a 256 456 10
a 257 73 8
a 257 125 10
a 257 130 3
a 257 251 4
a 258 25 9
a 258 202 3
a 258 476 2
a 259 40 9
a 259 143 6
a 259 335 1
a 260 4 2
a 260 138 6
a 261 122 7
a 262 151 8
a 263 57 5
a 263 347 10
a 263 462 7
a 264 256 4
a 265 311 4
a 265 404 1
a 266 240 5
a 266 433 3
a 267 259 5
a 267 448 7
a 268 255 1
a 269 383 7
a 269 409 5
a 270 387 10
a 271 100 2
a 271 206 7
a 271 280 1
a 271 318 5
a 272 47 3
a 273 215 8
a 274 51 4
a 275 498 6
a 276 295 4
a 276 475 10
a 277 284 1
a 278 173 2
a 278 310 2
a 279 402 1
a 279 459 10
a 280 3 7
a 280 396 2
a 281 67 6
a 281 170 3
a 282 450 1
a 283 29 7
a 283 457 3
a 284 270 5
a 284 328 9
a 284 446 7
a 285 370 10
a 286 20 3
a 287 135 1
a 287 215 9
a 287 267 9
a 288 475 1
a 289 271 1
a 289 397 6
a 289 413 8
a 289 492 3
a 290 92 6
a 290 159 10
a 291 444 2
a 291 469 5
a 292 157 3
a 293 46 5
a 294 334 2
a 294 421 5
a 294 426 5
a 295 46 4
a 296 138 8
a 296 167 2
a 297 266 3
a 297 324 7
a 298 402 7
a 298 426 7
a 298 489 6
a 299 91 3
a 299 144 1
a 299 360 8
a 300 103 9
a 300 142 5
a 300 276 2
a 300 378 4
a 301 25 3
a 301 385 10
a 302 41 5
a 302 322 1
a 302 453 1
a 303 250 8
a 303 422 10
a 304 365 5
a 305 51 3
a 305 357 1
a 305 389 7
a 306 328 8
a 306 362 8
a 306 366 6
a 307 156 9
a 307 386 9
a 308 137 1
a 309 117 7
a 309 399 2
a 310 465 6
a 310 480 9
a 311 382 2
a 312 369 5
a 313 173 3
a 313 350 4
a 314 110 10
a 314 169 3
a 314 292 7
a 315 34 7
a 315 135 3
a 315 199 1
a 316 19 5
a 316 274 4
a 316 283 9
a 316 386 5
a 316 436 1
a 316 466 9
a 317 376 3
a 317 420 6
a 318 122 9
a 318 472 7
a 319 245 3
a 320 388 4
a 321 377 4
a 322 185 9
a 322 271 7
a 323 21 5
a 323 330 6
a 324 461 7
a 324 481 9
a 325 137 4
a 325 172 9
a 325 454 3
a 326 212 7
a 327 74 7
a 328 27 9
a 329 127 1
a 329 269 3
a 329 303 9
a 330 164 2
a 331 31 5
a 331 70 1
a 332 115 9
a 333 259 2
a 334 461 3
a 334 488 7
a 335 429 7
a 336 258 10
a 337 161 2
a 337 224 1
a 337 418 4
a 337 428 6
a 338 286 8
a 338 392 1
a 338 411 5
a 339 25 10
a 339 140 3
a 339 410 10
a 340 247 10
a 340 384 2
a 340 484 2
a 341 174 8
a 342 93 6
a 342 158 5
a 343 437 2
a 344 84 6
a 344 162 3
a 345 226 1
a 346 39 3
a 347 304 6
a 347 482 6
a 348 117 7
a 348 473 6
a 349 65 6
a 349 288 3
a 349 451 6
a 350 144 5
a 350 297 6
a 350 346 6
a 350 353 10
a 351 298 7
a 352 113 10
a 352 204 6
a 352 406 1
a 352 495 7
a 353 145 5
a 353 150 6
a 354 403 6
a 355 405 7
a 355 464 9
a 356 22 7
a 356 324 1
a 356 358 2
a 357 226 2
a 357 485 10
a 358 423 5
a 359 382 8
a 359 395 8
a 360 466 5
a 361 367 6
a 361 433 8
a 362 141 9
a 362 194 5
a 362 410 8
a 363 293 3
a 364 490 3
a 365 164 2
a 365 218 6
a 365 222 5
a 366 140 3
a 367 55 7
a 367 205 8
a 367 291 2
a 367 326 3
a 368 296 7
a 369 189 6
a 369 374 7
a 370 90 4
a 371 155 8
a 371 321 8
a 371 404 10
a 372 29 1
a 372 202 9
a 372 340 5
a 373 23 5
a 374 411 9
a 375 370 9
a 376 459 4
a 377 318 9
a 378 305 9
a 379 437 3
a 380 49 1
a 381 252 6
a 382 94 9
a 382 132 7
a 383 185 8
a 384 282 5
a 384 322 6
a 384 476 2
a 385 209 2
a 385 221 2
a 385 277 2
a 386 67 10
a 386 203 7
a 386 329 2
a 386 379 7
a 387 293 6
a 387 338 6
a 388 50 2
a 389 156 1
a 389 185 6
a 390 103 5
a 390 366 2
a 390 381 2
a 391 211 2
a 392 226 5
a 392 267 5
a 392 331 3
a 393 115 10
a 394 311 8
a 395 174 3
a 395 186 3
a 395 344 8
a 396 22 8
a 396 335 2
a 396 392 6
a 397 197 5
a 397 269 2
a 398 447 8
a 399 239 8
a 400 220 3
a 401 263 7
a 402 136 6
a 403 89 8
a 403 307 7
a 404 120 3
a 404 391 1
a 405 393 5
a 406 287 9
a 406 498 9
a 407 244 10
a 408 313 4
a 408 375 3
a 409 3 8
a 410 219 5
a 411 84 2
a 411 482 9
a 412 235 9
a 412 401 2
a 413 204 2
a 414 298 5
a 415 175 6
a 415 323 4
a 416 328 6
a 417 289 5
a 418 294 8
a 419 89 9
a 419 309 7
a 419 312 9
a 419 445 10
a 420 161 5
a 421 67 6
a 421 467 9
a 422 332 8
a 422 344 1
a 422 492 3
a 423 5 4
a 423 68 10
a 424 24 6
a 424 53 5
a 424 227 2
a 425 255 6
a 426 260 4
a 426 386 8
a 427 151 10
a 427 414 10
a 428 47 4
a 428 54 8
a 428 370 2
a 429 100 5
a 430 73 1
a 431 97 4
a 431 192 8
a 431 374 7
a 432 10 6
a 432 227 5
a 433 413 1
a 434 142 1
a 435 201 9
a 436 229 1
a 436 333 1
a 437 88 10
a 437 224 10
a 437 244 4
a 437 275 4
a 438 17 7
a 438 162 7
a 439 101 3
a 440 153 3
a 440 357 5
a 440 434 10
a 441 42 1
a 442 71 7
a 442 432 10
a 442 473 1
a 443 277 10
a 444 137 6
a 444 168 6
a 444 354 7
a 445 178 3
a 445 193 3
a 446 144 9
a 446 279 5
a 447 421 3
a 448 127 9
a 449 37 6
a 450 193 2
a 450 493 2
a 451 323 1
a 452 77 7
a 452 290 9
a 453 48 8
a 453 460 10
a 454 134 4
a 455 68 3
a 455 109 5
a 455 332 5
a 456 72 10
a 456 410 3
a 457 356 7
a 458 485 2
a 459 193 4
a 459 299 10
a 460 102 7
a 460 117 2
a 460 293 5
a 460 347 4
a 460 424 9
a 460 455 9
a 461 349 9
a 461 365 7
a 462 38 8
a 462 111 8
a 462 315 2
a 463 158 10
a 464 51 4
a 464 91 2
a 464 405 8
a 465 373 6
a 466 287 7
a 467 176 8
a 467 317 3
a 467 439 6
a 468 419 1
a 469 447 4
a 470 4 9
a 471 340 10
a 472 261 8
a 472 466 10
a 473 9 7
a 473 26 4
a 473 53 7
a 474 160 6
a 474 211 9
a 474 230 1
a 474 378 2
a 475 152 2
a 475 182 4
a 475 438 10
a 476 48 3
a 476 210 8
a 476 336 3
a 477 307 6
a 478 79 9
a 478 130 9
a 478 203 10
a 479 14 10
a 479 204 10
a 479 348 5
a 480 118 4
a 480 147 10
a 480 163 2
a 481 287 1
a 481 497 6
a 482 135 2
a 482 282 2
a 483 438 5
a 484 31 2
a 485 413 10
a 486 129 1
a 486 319 9
a 486 420 8
a 487 177 2
a 487 235 6
a 488 100 1
a 488 103 8
a 488 163 9
a 488 277 8
a 488 393 4
a 489 379 7
a 490 27 7
a 490 201 5
a 490 232 10
a 491 120 1
a 491 148 4
a 491 162 8
a 492 75 8
a 492 437 7
a 493 51 9
a 494 34 4
a 495 88 9
a 496 322 9
a 497 492 10
a 498 116 6
a 498 255 3
a 499 204 8
a 499 470 3
