p max 500 1000
n 1 s
n 500 t
a 1 287 7
a 1 342 7
a 1 439 2
a 2 11 9
a 2 65 5
a 2 136 2
a 3 4 8
a 3 32 6
a 3 78 1
a 3 360 9
a 4 61 3
a 4 489 7
a 5 309 10
a 6 74 4
a 6 171 5
a 7 23 4
a 7 444 6
a 8 164 7
a 8 496 7
a 9 95 4
a 9 109 2
a 9 435 1
a 10 46 1
a 10 61 3
a 10 392 8
a 11 157 8
a 11 207 1
a 11 400 2
a 12 107 3
a 12 419 1
a 13 125 8
a 13 186 4
a 13 246 1
a 13 338 1
a 13 368 3
a 13 444 4
a 14 82 5
a 14 166 1
a 14 408 1
a 14 474 1
a 15 484 5
a 16 24 2
a 16 294 3
a 17 415 2
a 18 230 5
a 19 43 10
a 19 267 10
a 19 342 8
a 20 15 10
a 21 143 8
a 21 244 6
a 21 374 2
a 22 126 5
a 22 405 8
a 23 40 8
a 23 194 1
a 23 210 2
a 23 367 9
a 24 447 1
a 25 105 10
a 25 330 8
a 25 344 9
a 26 163 10
a 26 357 4
a 27 43 10
a 28 289 8
a 29 12 1
a 29 241 8
a 29 357 9
a 30 175 4
a 30 237 8
a 30 257 8
a 30 481 5
a 31 34 4
a 31 42 6
a 31 350 1
a 32 102 6
a 32 121 3
a 32 265 2
a 33 36 7
a 33 437 3
a 34 290 8
a 34 493 2
a 35 46 6
a 36 281 5
a 36 478 6
a 37 79 2
a 37 256 3
a 38 280 8
a 39 488 5
a 40 138 4
a 40 205 8
a 40 246 6
a 41 213 9
a 42 181 2
a 42 254 5
a 42 341 5
a 43 37 8
a 43 347 8
a 43 350 7
a 44 10 9
a 44 335 4
a 45 47 2
a 45 113 6
a 45 182 6
a 45 295 7
a 45 322 1
a 46 461 9
a 46 465 5
a 47 103 3
a 47 321 2
a 48 120 5
a 49 176 6
a 50 312 2
a 50 423 5
a 51 120 2
a 52 53 9
a 52 230 10
a 52 381 6
a 52 456 1
a 53 115 1
a 53 438 3
a 54 92 10
a 55 222 9
a 56 17 5
a 56 407 10
a 56 416 9
a 57 119 7
a 57 156 10
a 57 471 8
a 58 162 9
a 59 357 2
a 60 261 2
a 61 112 8
a 62 68 5
a 62 468 10
a 63 262 9
a 63 335 1
a 63 426 4
a 64 150 9
a 64 152 5
a 65 318 5
a 65 459 2
a 66 86 1
a 66 186 4
a 66 498 7
a 67 49 5
a 67 327 10
a 67 422 8
a 68 159 3
a 69 453 3
a 70 131 5
a 71 265 1
a 71 307 3
a 72 13 7
a 72 121 6
a 72 195 8
a 73 429 10
a 74 289 3
a 75 480 4
a 76 311 10
a 76 351 3
a 77 39 7
a 78 137 5
a 79 20 5
a 80 215 9
a 81 457 4
a 82 8 3
a 82 147 5
a 83 116 10
a 83 243 5
a 84 69 9
a 84 167 4
a 85 132 10
a 85 322 1
a 86 489 5
a 87 423 1
a 88 319 2
a 89 182 4
a 90 186 3
a 90 283 8
a 90 305 5
a 91 227 2
a 91 248 1
a 92 38 7
a 92 60 10
a 92 458 6
a 93 11 4
a 93 224 2
a 94 144 9
a 94 153 10
a 95 364 9
a 96 110 5
a 97 419 5
a 98 285 3
a 98 355 10
a 99 39 1
a 100 117 4
a 100 127 5
a 100 137 9
a 101 303 3
a 102 235 5
a 102 302 9
a 102 371 6
a 103 190 3
a 104 202 1
a 104 351 9
a 105 24 2
a 106 65 7
a 106 284 7
a 106 458 7
a 106 463 9
a 107 90 2
a 107 464 7
a 108 158 9
a 108 482 5
a 109 198 5
a 110 427 4
a 111 67 4
a 111 124 5
a 112 294 9
a 113 427 6
a 114 307 4
a 115 238 5
a 115 403 6
a 116 31 3
a 116 233 3
a 117 75 2
a 117 155 7
a 118 65 3
a 118 479 7
a 119 165 2
a 119 227 1
a 120 94 2
a 121 361 3
a 122 126 4
a 122 297 7
a 122 463 6
a 123 350 6
a 124 245 2
a 125 72 8
a 125 174 7
a 125 353 7
a 126 92 6
a 126 414 7
a 127 120 9
a 127 450 8
a 128 146 3
a 128 154 9
a 128 234 8
a 128 442 6
a 129 101 3
a 129 289 1
a 129 326 4
a 129 339 8
a 130 21 9
a 130 430 10
a 131 91 2
a 131 120 10
a 131 320 1
a 131 483 4
a 132 282 7
a 132 327 3
a 132 334 8
a 133 40 9
a 134 246 8
a 134 372 5
a 135 284 1
a 135 428 9
a 136 77 1
a 136 200 2
a 136 205 4
a 137 18 7
a 137 133 7
a 137 240 2
a 138 320 9
a 139 188 1
a 139 219 10
a 140 59 3
a 140 285 2
a 141 39 5
a 141 135 6
a 141 271 10
a 142 126 8
a 143 296 5
a 144 18 3
a 145 52 2
a 145 361 9
a 145 426 9
a 146 277 7
a 147 81 1
a 147 391 5
a 147 493 4
a 148 279 8
a 149 80 9
a 149 203 3
a 149 354 3
a 149 453 7
a 149 470 2
a 150 257 9
a 151 46 8
a 151 466 5
a 152 289 1
a 153 103 8
a 153 140 10
a 153 151 5
a 153 306 10
a 154 183 6
a 155 128 5
a 155 273 8
a 156 32 3
a 156 404 7
a 157 51 2
a 157 336 8
a 158 315 8
a 158 371 2
a 159 85 1
a 159 131 3
a 159 382 8
a 160 21 7
a 161 141 1
a 161 412 3
a 162 167 4
a 162 468 7
a 163 267 8
a 164 193 9
a 164 473 3
a 165 52 10
a 165 150 10
a 166 80 2
a 166 331 7
a 167 244 3
a 168 7 10
a 168 93 4
a 169 149 5
a 169 300 2
a 169 448 2
a 170 233 2
a 171 36 5
a 172 500 5
a 173 41 9
a 173 83 7
a 173 185 4
a 174 362 6
a 174 378 5
a 174 475 9
a 174 497 3
a 175 316 4
a 176 474 10
a 177 129 9
a 178 11 9
a 178 291 2
a 179 384 9
a 180 264 6
a 180 375 7
a 181 38 5
a 182 241 4
a 183 87 10
a 183 107 2
a 183 137 7
a 183 340 3
a 184 99 4
a 184 220 4
a 185 292 4
a 185 365 6
a 186 137 6
a 186 249 6
a 187 168 10
a 187 445 2
a 188 288 4
a 189 120 6
a 190 89 8
a 190 302 7
a 190 395 7
a 191 244 4
a 191 376 2
a 192 133 8
a 192 402 10
a 193 370 8
a 193 472 9
a 193 491 3
a 194 68 6
a 194 443 7
a 195 128 4
a 195 269 2
a 196 304 1
a 197 335 10
a 198 31 7
a 198 184 2
a 198 190 8
a 199 487 7
a 200 78 5
a 200 282 6
a 201 340 6
a 202 145 7
a 202 319 3
a 202 449 6
a 203 60 4
a 203 337 10
a 203 451 8
a 204 191 7
a 204 289 4
a 204 345 6
a 205 30 3
a 205 148 7
a 206 168 1
a 206 308 3
a 207 148 9
a 207 239 7
a 208 28 3
a 208 404 10
a 209 105 8
a 209 286 7
a 209 296 8
a 210 3 9
a 210 174 1
a 211 70 2
a 211 391 6
a 212 20 5
a 212 73 3
a 213 382 3
a 213 440 6
a 214 278 6
a 214 451 5
a 215 425 10
a 215 476 2
a 216 200 6
a 216 303 8
a 216 336 6
a 217 180 2
a 217 386 3
a 218 491 2
a 219 265 1
a 220 158 3
a 220 298 7
a 221 337 6
a 221 383 6
a 222 163 7
a 222 208 10
a 222 314 10
a 223 359 4
a 224 355 9
a 225 52 2
a 225 238 2
a 226 122 1
a 226 198 3
a 226 448 1
a 227 166 2
a 228 171 3
a 228 318 2
a 229 196 9
a 229 227 4
a 229 343 2
a 230 114 8
a 230 159 9
a 230 251 9
a 231 240 2
a 231 276 2
a 232 251 4
a 232 316 2
a 233 127 1
a 234 66 1
a 234 179 5
a 234 449 2
a 235 217 3
a 235 443 7
a 236 24 3
a 236 192 3
a 236 252 4
a 236 263 9
a 237 89 8
a 237 241 9
a 238 176 3
a 239 129 6
a 239 176 5
a 239 251 1
a 239 420 3
a 240 268 5
a 240 369 5
a 241 283 1
a 242 54 9
a 242 164 7
a 242 211 4
a 243 291 2
a 244 118 3
a 245 2 4
a 245 278 9
a 246 352 2
a 246 379 4
a 247 251 8
a 248 26 1
a 248 29 9
a 248 64 6
a 248 73 8
a 249 19 1
a 250 130 8
a 250 178 7
a 250 462 9
a 251 84 8
a 251 227 7
a 252 216 6
a 252 366 3
a 252 460 5
a 252 499 10
a 253 129 1
a 253 146 1
a 253 384 2
a 253 433 10
a 254 9 3
a 254 15 6
a 254 39 5
a 254 258 9
a 255 391 4
a 256 290 7
a 256 423 10
a 257 295 2
a 257 426 1
a 258 67 1
a 258 142 4
a 258 407 10
a 259 413 9
a 260 299 2
a 260 370 1
a 261 319 1
a 261 397 5
a 261 410 7
a 262 277 1
a 263 349 7
a 263 475 3
a 264 353 5
a 265 193 6
a 265 310 9
a 265 409 3
a 265 452 9
a 266 107 3
a 266 151 3
a 267 15 1
a 267 94 9
a 267 100 9
a 267 389 9
a 268 481 10
a 269 92 9
a 269 214 5
a 270 212 9
a 270 274 9
a 270 468 4
a 271 85 7
a 271 242 8
a 271 287 10
a 272 225 2
a 273 19 8
a 274 79 6
a 274 146 5
a 274 490 10
a 274 500 10
a 275 139 7
a 275 234 8
a 276 170 2
a 276 350 3
a 277 133 3
a 278 181 7
a 278 257 10
a 278 424 8
a 278 438 8
a 279 26 10
a 279 58 3
a 279 64 9
a 279 304 10
a 280 177 3
a 280 250 6
a 281 243 6
a 282 161 8
a 282 485 10
a 283 89 6
a 283 199 3
a 283 301 10
a 283 415 10
a 284 97 6
a 284 108 2
a 284 365 10
a 285 65 4
a 286 100 10
a 287 387 3
a 287 434 4
a 288 445 2
a 289 112 4
a 289 348 5
a 290 484 2
a 291 364 4
a 291 405 7
a 291 476 3
a 292 482 9
a 293 66 10
a 294 288 10
a 294 494 9
a 295 14 2
a 295 148 10
a 295 162 7
a 296 457 3
a 297 191 5
a 297 302 8
a 297 332 5
a 298 324 1
a 298 455 6
a 299 340 5
a 299 346 1
a 300 480 5
a 300 496 5
a 301 33 4
a 302 144 2
a 302 195 5
a 303 275 8
a 303 424 6
a 304 184 10
a 304 485 3
a 305 206 7
a 305 394 8
a 306 223 8
a 306 282 7
a 307 62 8
a 307 134 10
a 307 309 2
a 307 474 4
a 308 288 2
a 308 399 7
a 309 319 1
a 309 377 3
a 309 494 5
a 310 408 7
a 310 413 2
a 310 454 4
a 310 464 2
a 311 304 9
a 312 479 10
a 313 205 10
a 313 245 4
a 313 500 10
a 314 285 5
a 315 219 4
a 315 459 3
a 315 484 2
a 316 248 8
a 317 199 6
a 318 50 7
a 318 250 4
a 318 298 9
a 319 4 9
a 319 75 5
a 320 163 4
a 321 307 1
a 322 183 6
a 322 228 5
a 322 240 4
a 323 309 3
a 324 21 5
a 324 161 1
a 324 469 5
a 325 388 8
a 325 418 8
a 326 467 6
a 327 336 8
a 327 359 10
a 328 172 9
a 328 248 4
a 328 418 3
a 329 178 4
a 329 272 2
a 330 260 9
a 330 369 7
a 331 94 10
a 331 488 3
a 332 242 1
a 333 92 9
a 334 106 9
a 334 136 5
a 334 231 4
a 334 358 10
a 334 398 7
a 335 41 5
a 335 122 10
a 336 95 9
a 336 123 2
a 336 268 4
a 337 387 5
a 337 413 4
a 337 436 5
a 338 22 9
a 338 294 6
a 339 183 7
a 340 168 2
a 341 255 6
a 341 293 7
a 341 307 6
a 341 317 4
a 342 8 2
a 342 93 2
a 342 312 8
a 343 194 10
a 344 29 7
a 345 347 9
a 346 145 7
a 346 221 4
a 347 45 3
a 347 355 2
a 348 215 7
a 348 352 6
a 349 195 2
a 350 391 10
a 351 450 8
a 352 313 7
a 352 441 2
a 352 452 6
a 353 60 9
a 353 156 9
a 354 56 1
a 354 112 3
a 355 150 9
a 355 363 4
a 356 374 1
a 357 202 10
a 357 288 1
a 357 460 8
a 358 329 3
a 359 382 8
a 360 136 8
a 361 334 8
a 362 185 7
a 362 414 2
a 363 260 8
a 364 34 3
a 364 127 4
a 364 270 8
a 365 442 10
a 366 489 5
a 367 278 2
a 367 496 10
a 368 16 9
a 368 48 7
a 368 110 3
a 368 308 10
a 368 358 8
a 369 361 2
a 369 373 9
a 370 136 2
a 370 434 9
a 371 418 4
a 372 112 10
a 372 199 1
a 373 209 5
a 373 272 7
a 373 423 2
a 374 142 4
a 374 255 8
a 375 187 6
a 375 268 5
a 375 396 2
a 376 197 4
a 376 266 9
a 376 413 7
a 377 450 1
a 378 31 10
a 378 157 2
a 379 216 3
a 379 429 3
a 380 7 4
a 380 133 8
a 380 437 6
a 381 372 10
a 382 164 4
a 383 442 4
a 384 27 1
a 384 226 4
a 384 283 2
a 384 356 8
a 385 146 10
a 385 243 4
a 386 285 6
a 387 153 9
a 387 218 2
a 388 473 3
a 389 46 8
a 389 168 4
a 390 53 9
a 390 57 8
a 390 94 6
a 390 157 6
a 390 320 10
a 391 113 4
a 391 478 1
a 392 362 5
a 392 376 6
a 393 64 3
a 393 457 8
a 394 270 6
a 395 189 8
a 395 385 5
a 395 435 6
a 396 152 5
a 397 90 9
a 397 292 3
a 398 182 9
a 399 36 1
a 400 68 3
a 400 180 9
a 401 76 4
a 401 109 2
a 401 393 10
a 402 209 7
a 402 323 5
a 403 178 7
a 403 410 6
a 403 425 3
a 404 126 8
a 405 29 1
a 405 204 7
a 406 419 1
a 406 431 9
a 407 79 2
a 407 456 6
a 408 81 4
a 409 123 9
a 410 112 6
a 410 432 6
a 411 385 9
a 412 263 8
a 412 447 6
a 413 247 4
a 413 314 2
a 413 446 9
a 414 199 6
a 414 329 5
a 415 402 1
a 416 10 1
a 416 104 3
a 417 111 9
a 417 477 5
a 417 491 6
a 418 320 2
a 419 472 2
a 420 109 5
a 420 311 9
a 421 24 9
a 421 224 7
a 421 390 10
a 421 497 9
a 422 249 9
a 422 259 3
a 423 206 8
a 423 354 3
a 424 155 1
a 424 425 10
a 425 364 10
a 425 384 4
a 425 427 6
a 425 492 3
a 426 314 3
a 427 201 5
a 427 339 1
a 427 414 6
a 428 234 4
a 428 310 2
a 429 296 7
a 430 492 8
a 431 277 8
a 431 429 8
a 432 417 7
a 432 467 10
a 433 417 6
a 434 429 3
a 435 25 2
a 435 218 10
a 435 261 1
a 435 443 8
a 436 111 1
a 436 222 2
a 436 406 7
a 437 119 4
a 438 274 10
a 438 344 5
a 439 118 1
a 439 201 7
a 439 275 9
a 440 20 5
a 440 226 2
a 441 213 4
a 441 225 10
a 441 398 4
a 442 380 10
a 442 411 9
a 443 72 9
a 443 227 10
a 444 230 7
a 445 201 4
a 445 495 2
a 446 59 8
a 446 98 9
a 446 260 3
a 447 67 9
a 448 9 4
a 448 63 3
a 449 198 7
a 449 436 6
a 450 261 10
a 450 499 2
a 451 184 1
a 451 325 7
a 452 33 10
a 452 251 7
a 453 269 5
a 454 55 9
a 454 488 5
a 455 499 6
a 456 280 1
a 456 459 9
a 457 35 7
a 457 99 5
a 457 173 7
a 457 192 7
a 457 318 6
a 458 475 5
a 459 441 2
a 460 229 9
a 460 265 9
a 461 48 2
a 462 160 1
a 462 169 3
a 462 219 10
a 462 444 2
a 463 267 2
a 463 354 4
a 464 487 6
a 464 500 4
a 465 168 3
a 465 411 2
a 466 5 8
a 466 14 7
a 466 48 9
a 467 349 9
a 468 20 8
a 468 467 7
a 469 352 6
a 469 439 2
a 470 147 10
a 471 10 10
a 472 340 9
a 472 382 7
a 473 203 7
a 473 367 8
a 473 421 3
a 474 319 6
a 475 6 5
a 475 222 9
a 475 401 8
a 475 412 2
a 475 465 6
a 476 232 8
a 477 496 2
a 478 32 2
a 479 68 4
a 479 418 6
a 480 50 1
a 480 73 4
a 480 96 6
a 480 455 6
a 481 249 7
a 482 73 8
a 482 279 7
a 483 88 1
a 483 205 1
a 484 44 8
a 484 102 8
a 484 128 3
a 484 461 4
a 485 273 2
a 486 302 8
a 487 408 6
a 488 71 10
a 488 328 7
a 488 412 2
a 489 104 3
a 489 252 10
a 490 398 10
a 491 54 1
a 491 268 5
a 491 333 2
a 492 217 8
a 493 232 5
a 493 253 1
a 493 370 4
a 493 486 2
a 494 446 6
a 495 264 7
a 495 347 1
a 495 404 4
a 495 411 9
a 496 236 9
a 496 321 6
a 497 500 10
a 498 231 5
a 499 420 9
