p max 500 1000
n 1 s
n 500 t
a 1 46 5
a 2 287 9
a 2 294 10
a 2 322 6
a 2 450 4
a 3 228 4
a 4 426 3
a 4 443 9
a 4 475 9
a 5 432 1
a 5 469 8
a 6 390 4
a 7 58 6
a 7 96 1
a 7 384 4
a 8 12 7
a 9 413 7
a 10 53 7
a 11 481 6
a 11 498 1
a 12 57 9
a 12 107 10
a 12 217 8
a 12 324 4
a 13 189 3
a 13 281 7
a 14 380 4
a 15 3 8
a 16 263 10
a 16 327 1
a 17 155 7
a 17 282 2
a 17 317 3
a 18 31 3
a 19 121 8
a 20 243 9
a 20 263 2
a 20 400 7
a 21 112 1
a 21 394 5
a 22 331 6
a 23 181 4
a 23 209 1
a 24 288 10
a 25 452 8
a 26 297 2
a 27 222 1
a 28 409 6
a 29 499 9
a 30 7 1
a 30 119 4
a 30 241 2
a 30 251 3
a 31 320 6
a 32 439 2
a 33 75 4
a 33 91 8
a 33 120 8
a 33 212 3
a 34 3 6
a 34 5 10
a 34 132 5
a 34 312 3
a 35 480 9
a 36 211 2
a 36 309 7
a 37 48 10
a 37 198 8
a 38 85 6
a 38 457 5
a 39 89 2
a 39 455 9
a 40 203 1
a 40 342 2
a 41 33 4
a 41 325 9
a 42 210 3
a 42 306 10
a 43 90 5
a 44 17 5
a 44 250 9
a 44 276 3
a 45 412 6
a 46 103 5
a 46 466 8
a 47 107 3
a 48 247 3
a 49 312 5
a 50 162 6
a 51 151 1
a 51 413 4
a 52 290 1
a 52 320 9
a 52 345 1
a 52 500 1
a 53 151 5
a 54 14 5
a 55 61 4
a 56 307 2
a 56 441 7
a 57 203 5
a 58 125 4
a 58 292 9
a 59 74 6
a 59 375 9
a 60 464 6
a 60 496 9
a 61 119 8
a 61 162 8
a 61 210 6
a 61 338 5
a 62 364 5
a 63 4 6
a 63 14 5
a 63 25 9
a 63 26 7
a 63 310 10
a 64 451 9
a 65 241 7
a 66 417 9
a 66 421 5
a 67 277 9
a 67 412 8
a 68 389 7
a 69 401 4
a 70 492 7
a 71 192 1
a 71 261 8
a 72 81 5
a 72 497 6
a 73 463 1
a 74 15 8
a 74 268 2
a 74 389 2
a 75 272 5
a 75 356 7
a 76 41 1
a 77 252 5
a 78 170 6
a 79 150 6
a 79 465 3
a 80 233 4
a 80 495 2
a 81 290 3
a 82 495 5
a 83 258 2
a 84 287 6
a 84 447 9
a 85 326 10
a 85 416 1
a 86 20 9
a 87 306 3
a 88 225 2
a 88 237 4
a 88 363 8
a 89 45 6
a 89 77 7
a 89 141 2
a 89 262 8
a 89 284 3
a 89 331 10
a 89 335 8
a 90 41 7
a 90 248 6
a 91 482 2
a 92 47 9
a 92 232 5
a 93 163 1
a 93 265 7
a 93 305 9
a 94 457 1
a 95 247 3
a 95 490 10
a 96 165 3
a 96 457 6
a 97 199 8
a 97 205 3
a 97 248 3
a 97 436 7
a 98 62 2
a 99 48 8
a 100 479 8
a 101 214 1
a 101 254 5
a 101 394 2
a 102 68 8
a 103 309 3
a 104 73 10
a 104 211 3
a 105 23 2
a 105 247 9
a 105 395 9
a 105 445 3
a 106 4 1
a 107 44 10
a 107 264 4
a 107 485 3
a 108 6 1
a 108 174 5
a 109 67 2
a 109 442 3
a 110 412 8
a 111 144 6
a 111 160 9
a 112 31 9
a 112 43 5
a 112 166 4
a 113 315 9
a 114 470 10
a 114 489 1
a 115 87 3
a 116 33 9
a 116 343 3
a 117 150 8
a 118 19 6
a 118 436 7
a 119 266 6
a 119 477 4
a 119 492 4
a 120 106 4
a 120 208 6
a 121 196 8
a 121 369 5
a 122 11 4
a 122 189 2
a 122 424 4
a 123 100 3
a 124 70 10
a 124 293 9
a 125 165 7
a 126 16 10
a 126 367 5
a 127 453 3
a 128 115 1
a 128 223 10
a 128 407 6
a 129 185 7
a 130 64 9
a 130 95 1
a 130 236 5
a 131 166 5
a 131 253 3
a 131 401 5
a 132 20 8
a 133 62 2
a 134 143 2
a 134 252 7
a 134 372 4
a 135 167 2
a 135 378 1
a 135 440 2
a 135 445 9
a 136 78 8
a 136 240 8
a 137 476 5
a 138 157 6
a 139 247 8
a 139 274 4
a 140 127 4
a 140 474 7
a 141 308 2
a 141 340 10
a 142 305 6
a 142 410 9
a 143 132 2
a 143 303 5
a 143 437 5
a 144 135 7
a 144 405 8
a 144 467 1
a 145 163 1
a 145 180 6
a 146 27 9
a 146 73 3
a 146 446 5
a 146 448 3
a 147 3 10
a 147 108 5
a 147 219 7
a 147 280 7
a 148 6 10
a 148 101 4
a 149 334 3
a 149 429 2
a 150 95 1
a 151 273 9
a 152 30 5
a 153 92 3
a 154 490 5
a 155 472 9
a 155 500 8
a 156 51 8
a 156 251 6
a 157 219 8
a 157 240 6
a 157 353 9
a 157 468 7
a 158 62 4
a 158 65 8
a 158 256 3
a 158 319 6
a 159 233 1
a 159 438 6
a 160 247 10
a 161 118 7
a 161 149 2
a 161 175 2
a 162 497 9
a 163 44 5
a 163 346 2
a 164 191 2
a 164 290 6
a 164 321 2
a 165 43 4
a 165 117 2
a 165 170 8
a 165 238 5
a 165 330 7
a 165 393 8
a 166 76 7
a 166 168 4
a 166 172 10
a 166 458 3
a 167 294 3
a 168 88 7
a 168 400 9
a 169 468 2
a 170 167 1
a 170 377 1
a 171 78 6
a 171 245 10
a 171 336 9
a 172 52 5
a 173 12 4
a 173 17 5
a 173 271 6
a 174 431 5
a 175 145 7
a 176 17 2
a 176 56 1
a 176 215 8
a 176 257 9
a 176 291 9
a 177 2 1
a 177 388 2
a 178 399 9
a 179 313 2
a 179 415 3
a 180 403 10
a 181 128 2
a 181 200 7
a 181 329 5
a 182 63 10
a 182 474 6
a 183 67 6
a 183 421 3
a 183 474 3
a 184 5 3
a 184 263 7
a 184 399 2
a 185 493 3
a 186 203 8
a 187 99 5
a 188 251 9
a 188 419 8
a 189 300 6
a 189 472 8
a 189 484 3
a 190 152 5
a 190 155 2
a 190 307 2
a 191 162 2
a 192 128 9
a 193 188 8
a 194 227 4
a 194 454 8
a 195 213 10
a 196 17 8
a 196 50 3
a 197 156 4
a 198 185 8
a 199 87 4
a 199 204 6
a 199 283 6
a 200 259 3
a 201 71 3
a 201 273 7
a 201 453 10
a 202 223 1
a 202 483 9
a 203 134 3
a 203 188 2
a 203 224 1
a 204 398 6
a 204 473 4
a 205 183 1
a 205 323 6
a 206 123 3
a 206 151 9
a 206 230 1
a 207 194 7
a 207 451 7
a 208 171 7
a 208 339 6
a 209 93 2
a 209 150 3
a 210 82 2
a 210 276 4
a 210 404 10
a 211 411 7
a 212 350 1
a 212 397 1
a 213 117 7
a 214 142 10
a 214 227 9
a 214 396 4
a 214 419 10
a 215 51 2
a 215 476 1
a 216 80 1
a 216 131 3
a 217 8 1
a 217 182 7
a 218 299 7
a 219 353 3
a 220 148 5
a 220 270 2
a 221 314 9
a 221 417 2
a 222 14 4
a 223 356 8
a 224 80 1
a 224 413 7
a 225 328 9
a 225 438 5
a 226 93 1
a 226 268 5
a 226 396 5
a 227 140 8
a 227 202 4
a 227 260 5
a 228 15 10
a 228 146 7
a 228 224 10
a 229 427 5
a 230 398 6
a 231 410 1
a 231 430 7
a 232 106 3
a 232 296 5
a 233 455 5
a 233 459 3
a 234 96 1
a 234 143 9
a 234 334 10
a 234 356 3
a 235 37 1
a 236 72 6
a 236 94 8
a 236 380 6
a 236 403 10
a 237 178 9
a 237 303 1
a 238 170 7
a 239 299 5
a 240 161 5
a 240 222 5
a 240 318 10
a 241 427 9
a 242 106 3
a 243 294 8
a 244 317 7
a 244 434 5
a 245 81 4
a 245 299 7
a 245 390 10
a 246 413 3
a 247 11 3
a 247 193 1
a 247 218 10
a 247 246 7
a 248 145 8
a 248 392 8
a 249 468 8
a 250 216 6
a 250 486 1
a 251 226 10
a 252 288 7
a 252 414 4
a 253 29 6
a 253 165 2
a 254 64 7
a 254 409 4
a 254 494 6
a 255 5 8
a 255 286 10
a 256 166 5
a 256 242 9
a 257 48 3
a 257 162 10
a 258 369 1
a 259 437 10
a 259 499 2
a 260 329 2
a 261 203 8
a 261 239 7
a 261 289 7
a 262 132 4
a 262 225 6
a 262 337 6
a 262 340 9
a 263 90 6
a 264 261 7
a 265 386 6
a 266 372 9
a 267 9 9
a 267 277 7
a 268 26 9
a 268 409 1
a 269 118 6
a 270 93 1
a 270 346 6
a 271 461 3
a 272 292 4
a 272 331 9
a 273 39 8
a 273 172 5
a 274 100 2
a 274 138 6
a 275 108 3
a 275 231 4
a 276 440 10
a 276 492 4
a 277 64 3
a 278 92 10
a 278 297 10
a 278 462 9
a 279 353 2
a 280 23 3
a 280 139 7
a 280 240 6
a 281 30 2
a 282 289 5
a 282 304 9
a 282 433 9
a 282 480 3
a 283 14 6
a 283 103 7
a 283 144 1
a 284 198 3
a 285 124 9
a 285 270 9
a 286 289 8
a 286 389 4
a 287 267 5
a 287 394 7
a 288 131 3
a 288 371 3
a 289 302 10
a 289 333 5
a 289 461 7
a 289 478 5
a 290 30 8
a 291 159 4
a 292 8 8
a 292 222 5
a 293 99 4
a 293 354 8
a 294 105 7
a 294 345 8
a 295 385 6
a 295 408 7
a 295 448 3
a 296 92 1
a 296 183 3
a 297 40 7
a 297 186 9
a 298 206 6
a 298 227 8
a 298 476 8
a 299 357 3
a 300 35 4
a 300 383 10
a 300 402 9
a 301 12 10
a 301 19 3
a 302 156 10
a 302 447 4
a 303 251 6
a 303 473 1
a 304 90 5
a 304 349 2
a 305 153 5
a 305 373 3
a 305 495 7
a 306 440 3
a 307 60 8
a 307 147 10
a 308 115 7
a 308 482 2
a 309 16 3
a 309 176 2
a 309 301 5
a 309 359 1
a 309 365 3
a 310 47 1
a 310 358 3
a 311 414 7
a 312 190 1
a 313 335 8
a 314 122 2
a 314 158 4
a 315 134 9
a 315 221 9
a 315 349 5
a 316 129 4
a 316 213 5
a 316 288 5
a 316 290 8
a 317 316 3
a 318 371 4
a 319 246 1
a 320 418 6
a 320 456 3
a 320 497 2
a 321 301 3
a 322 84 5
a 322 388 3
a 323 70 4
a 323 123 1
a 323 170 10
a 323 196 2
a 323 354 5
a 324 49 9
a 324 471 4
a 325 208 3
a 325 284 9
a 326 23 7
a 327 264 6
a 328 325 7
a 328 339 7
a 328 387 4
a 328 500 4
a 329 273 9
a 329 500 1
a 330 226 2
a 330 348 8
a 331 162 1
a 332 32 1
a 332 197 8
a 332 391 5
a 333 29 2
a 333 192 4
a 334 24 5
a 334 322 9
a 335 118 1
a 335 489 9
a 336 94 7
a 336 102 5
a 336 122 4
a 336 184 8
a 337 46 6
a 337 460 7
a 338 299 10
a 338 325 7
a 338 452 6
a 339 428 2
a 340 273 3
a 340 347 8
a 341 66 7
a 341 121 4
a 341 389 9
a 342 367 5
a 343 229 10
a 343 278 7
a 344 97 1
a 344 283 8
a 345 116 4
a 346 425 7
a 347 194 3
a 348 249 10
a 348 413 6
a 349 37 3
a 349 154 10
a 349 215 3
a 350 104 2
a 351 135 1
a 351 195 5
a 352 100 6
a 352 136 4
a 352 179 6
a 352 185 3
a 352 193 6
a 353 46 5
a 354 270 10
a 355 279 5
a 355 454 4
a 356 82 2
a 356 270 5
a 357 86 10
a 358 4 5
a 358 124 7
a 358 174 6
a 358 372 7
a 359 18 8
a 359 150 4
a 360 18 2
a 360 60 8
a 360 332 1
a 360 425 8
a 360 462 8
a 361 181 8
a 361 207 7
a 361 486 6
a 362 155 9
a 362 330 7
a 362 411 9
a 363 344 7
a 363 494 6
a 364 108 8
a 364 126 9
a 364 169 10
a 364 300 10
a 365 372 1
a 366 96 6
a 366 234 6
a 367 456 6
a 368 247 8
a 369 97 7
a 369 250 2
a 370 168 1
a 371 206 3
a 371 285 9
a 371 479 9
a 372 85 9
a 373 406 5
a 374 164 10
a 374 231 5
a 375 104 4
a 375 116 5
a 376 137 1
a 377 109 7
a 377 120 9
a 377 127 1
a 378 62 1
a 378 104 8
a 378 316 7
a 379 198 8
a 380 298 6
a 381 79 7
a 382 109 9
a 383 97 10
a 383 478 2
a 384 29 9
a 384 260 7
a 385 145 6
a 385 222 3
a 386 374 5
a 386 471 2
a 387 13 10
a 387 114 6
a 387 360 4
a 387 361 9
a 388 298 3
a 388 311 7
a 388 349 8
a 389 130 9
a 389 201 9
a 390 235 9
a 390 287 7
a 390 388 6
a 390 410 6
a 391 50 8
a 392 40 2
a 392 338 4
a 393 404 2
a 394 104 4
a 394 113 9
a 394 160 9
a 395 156 8
a 395 379 8
a 396 86 7
a 396 167 8
a 396 451 5
a 396 459 9
a 397 280 9
a 397 358 1
a 398 68 5
a 398 448 8
a 399 11 4
a 399 69 2
a 399 187 5
a 399 295 5
a 400 329 9
a 400 420 9
a 401 161 6
a 401 451 9
a 402 7 10
a 403 217 3
a 403 223 2
a 404 25 3
a 405 203 5
a 405 362 2
a 406 152 6
a 407 211 1
a 407 468 1
a 408 218 4
a 409 110 3
a 409 159 2
a 409 275 8
a 409 492 9
a 410 13 1
a 410 59 1
a 410 357 5
a 410 427 3
a 411 106 10
a 411 327 8
a 412 172 7
a 413 476 2
a 413 488 5
a 414 295 3
a 414 470 9
a 415 46 10
a 415 364 7
a 416 90 5
a 416 126 7
a 416 361 1
a 417 52 9
a 417 78 10
a 417 218 4
a 418 333 3
a 418 471 2
a 419 201 10
a 419 394 8
a 420 458 7
a 420 493 1
a 421 38 1
a 421 341 1
a 422 98 1
a 422 204 9
a 422 352 7
a 422 449 10
a 423 246 8
a 424 13 1
a 424 259 4
a 424 386 5
a 424 404 6
a 425 185 6
a 426 385 2
a 427 159 6
a 427 271 8
a 427 491 5
a 428 95 2
a 429 234 4
a 430 228 9
a 430 255 10
a 430 366 6
a 430 487 3
a 431 270 9
a 432 36 2
a 432 90 5
a 432 458 5
a 433 374 3
a 434 216 10
a 434 220 8
a 435 182 2
a 435 382 7
a 436 287 3
a 437 202 1
a 437 315 4
a 437 370 5
a 437 472 4
a 437 481 9
a 438 190 7
a 438 467 10
a 438 500 7
a 439 152 5
a 440 82 3
a 441 197 1
a 442 229 7
a 442 269 9
a 442 427 6
a 443 74 8
a 443 90 6
a 443 127 3
a 444 355 5
a 444 374 6
a 444 443 3
a 445 397 5
a 445 423 9
a 446 413 5
a 447 83 8
a 447 391 7
a 447 422 5
a 448 73 3
a 448 223 2
a 449 359 6
a 449 368 3
a 449 437 10
a 450 50 3
a 451 161 9
a 451 173 6
a 452 10 7
a 452 86 3
a 452 496 1
a 453 402 6
a 453 483 6
a 454 28 9
a 454 111 10
a 454 444 9
a 455 293 6
a 456 447 10
a 457 100 8
a 458 427 5
a 459 488 7
a 460 143 2
a 461 248 9
a 462 84 9
a 462 348 9
a 463 162 2
a 464 55 6
a 464 227 3
a 464 244 1
a 464 435 1
a 465 101 8
a 465 328 2
a 465 406 7
a 466 133 4
a 466 366 4
a 467 38 4
a 467 111 3
a 467 202 10
a 467 238 10
a 467 439 7
a 468 137 10
a 468 443 6
a 469 444 7
a 470 296 7
a 470 329 4
a 470 351 7
a 471 54 1
a 471 171 8
a 472 157 1
a 472 463 2
a 472 493 3
a 473 22 5
a 473 291 9
a 473 310 8
a 473 376 1
a 474 46 10
a 474 48 2
a 474 116 1
a 474 469 8
a 475 34 10
a 475 409 7
a 476 136 3
a 477 333 10
a 478 378 5
a 479 344 3
a 480 177 6
a 480 415 3
a 480 428 5
a 480 451 9
a 481 44 10
a 481 397 4
a 482 387 9
a 483 9 5
a 483 427 6
a 484 283 3
a 484 305 3
a 485 21 4
a 485 443 4
a 486 298 4
a 487 18 7
a 487 53 10
a 487 391 4
a 488 254 3
a 488 425 8
a 488 431 1
a 489 79 8
a 489 438 10
a 490 30 2
a 490 61 6
a 490 157 5
a 490 216 6
a 491 458 5
a 492 228 6
a 492 403 5
a 493 243 5
a 493 347 10
a 494 346 5
a 495 81 5
a 496 428 7
a 496 487 8
a 497 258 4
a 497 365 8
a 498 278 4
a 498 381 1
a 499 2 2
a 499 42 7
