p max 500 1000
n 1 s
n 500 t
a 1 203 4
a 2 160 3
a 2 270 4
a 2 469 2
a 3 349 9
a 4 79 5
a 4 280 8
a 5 299 4
a 6 185 7
a 6 279 7
a 6 311 4
a 7 101 6
a 7 105 10
a 7 165 10
a 8 14 3
a 8 53 9
a 9 444 5
a 9 471 10
a 10 55 4
a 10 158 4
a 10 372 10
a 11 123 6
a 11 348 6
a 12 120 3
a 12 442 8
a 13 5 9
a 14 317 7
a 14 461 10
a 15 308 8
a 15 460 10
a 16 168 8
a 16 322 1
a 17 25 10
a 17 70 4
a 17 116 5
a 18 43 6
a 18 110 8
a 18 272 3
a 18 275 1
a 18 407 4
a 19 278 2
a 19 300 3
a 19 399 6
a 20 229 3
a 20 243 1
a 20 294 3
a 20 314 4
a 21 111 3
a 22 62 3
a 22 236 10
a 23 7 3
a 23 213 7
a 24 197 1
a 24 481 9
a 25 28 9
a 26 353 3
a 27 293 5
a 28 225 9
a 29 149 8
a 29 218 2
a 30 59 9
a 31 133 6
a 32 30 9
a 32 35 8
a 32 416 9
a 33 11 7
a 33 112 8
a 33 147 7
a 34 281 9
a 34 347 7
a 35 309 10
a 35 382 4
a 36 207 4
a 36 241 5
a 37 33 4
a 37 186 5
a 38 384 1
a 38 452 3
a 39 208 7
a 39 392 6
a 40 191 8
a 40 210 3
a 40 386 8
a 41 103 6
a 41 224 6
a 41 343 3
a 42 190 4
a 42 285 8
a 43 28 1
a 44 89 7
a 45 469 4
a 46 143 7
a 46 237 5
a 47 90 3
a 47 207 8
a 48 10 7
a 48 218 4
a 48 471 10
a 49 45 4
a 49 204 3
a 49 310 2
a 49 440 5
a 50 130 5
a 51 198 3
a 51 331 6
a 52 165 8
a 52 216 5
a 53 185 3
a 54 126 1
a 54 170 3
a 54 443 2
a 55 59 4
a 55 342 5
a 56 229 9
a 57 20 9
a 57 157 4
a 57 193 4
a 57 234 3
a 58 208 8
a 58 366 3
a 59 14 9
a 59 482 1
a 60 63 2
a 60 139 5
a 60 394 10
a 61 216 9
a 61 482 8
a 62 442 5
a 63 14 9
a 63 195 5
a 64 3 7
a 65 85 8
a 65 136 6
a 65 224 1
a 65 395 1
a 66 302 2
a 67 61 4
a 67 175 4
a 67 477 9
a 68 65 9
a 69 108 9
a 70 201 8
a 71 99 1
a 72 4 5
a 73 222 4
a 73 446 5
a 74 130 1
a 74 323 8
a 75 100 10
a 75 157 3
a 75 487 6
a 76 363 4
a 77 5 8
a 77 249 4
a 78 321 4
a 78 379 10
a 78 467 4
a 78 488 8
a 79 285 8
a 79 344 10
a 79 432 3
a 80 181 4
a 80 361 6
a 80 458 1
a 81 76 3
a 81 144 3
a 82 339 7
a 83 420 4
a 84 240 1
a 85 44 1
a 85 102 6
a 86 255 2
a 87 286 7
a 87 290 10
a 87 333 1
a 88 84 10
a 88 373 4
a 89 91 6
a 89 434 4
a 90 200 3
a 90 263 6
a 91 290 10
a 92 167 2
a 93 179 3
a 93 411 1
a 94 318 1
a 94 380 8
a 94 442 8
a 95 197 4
a 95 389 3
a 96 80 9
a 96 95 4
a 96 203 7
a 96 352 1
a 97 53 9
a 98 8 7
a 98 240 10
a 99 191 5
a 100 330 6
a 100 399 7
a 101 21 10
a 101 109 7
a 101 163 6
a 101 489 3
a 102 71 5
a 102 441 8
a 103 395 6
a 104 79 9
a 104 235 10
a 104 315 8
a 104 340 5
a 105 197 7
a 105 220 6
a 105 289 6
a 106 178 5
a 106 461 4
a 106 492 1
a 107 195 2
a 108 115 10
a 108 477 4
a 109 456 6
a 110 125 6
a 111 347 5
a 111 496 10
a 112 313 9
a 113 162 9
a 113 177 3
a 114 20 8
a 114 351 5
a 114 426 4
a 115 273 8
a 115 294 7
a 116 499 5
a 117 133 2
a 117 364 10
a 118 110 2
a 118 297 4
a 118 302 9
a 119 22 6
a 119 435 4
a 120 183 8
a 120 284 1
a 121 11 1
a 121 291 2
a 121 373 7
a 122 2 4
a 122 38 4
a 122 228 8
a 122 470 5
a 123 210 9
a 123 273 6
a 124 458 10
a 125 410 8
a 125 429 4
a 125 459 2
a 126 23 9
a 126 413 9
a 126 484 10
a 127 31 10
a 127 80 1
a 128 193 1
a 128 230 6
a 128 437 6
a 128 443 7
a 129 309 1
a 130 211 6
a 130 249 9
a 130 403 6
a 131 274 9
a 132 465 8
a 133 17 8
a 133 299 5
a 133 303 5
a 133 469 10
a 134 13 10
a 134 196 8
a 134 288 5
a 134 328 3
a 135 226 1
a 135 280 7
a 136 163 4
a 137 82 5
a 138 88 8
a 138 131 8
a 138 500 6
a 139 499 9
a 140 223 5
a 141 146 1
a 141 303 4
a 141 491 2
a 142 424 9
a 142 437 9
a 142 440 5
a 143 114 3
a 143 297 7
a 143 375 2
a 144 155 7
a 144 260 6
a 145 45 1
a 145 202 4
a 146 362 1
a 147 70 8
a 147 183 5
a 148 114 7
a 148 369 10
a 148 421 5
a 149 51 9
a 149 117 7
a 150 96 10
a 150 111 8
a 150 146 6
a 150 201 7
a 150 377 1
a 151 157 5
a 152 198 4
a 152 370 10
a 152 402 6
a 153 396 7
a 154 32 4
a 154 225 7
a 154 347 7
a 154 457 3
a 155 41 4
a 155 199 1
a 156 87 2
a 156 94 5
a 156 267 8
a 156 327 10
a 156 362 3
a 156 445 6
a 157 81 9
a 157 287 10
a 157 425 7
a 158 148 5
a 158 187 8
a 158 204 1
a 158 494 4
a 159 4 5
a 159 68 7
a 159 97 2
a 159 155 10
a 159 325 2
a 160 20 5
a 161 76 10
a 161 493 5
a 162 124 4
a 162 171 5
a 162 287 10
a 162 367 6
a 162 398 10
a 163 447 3
a 164 108 4
a 164 259 4
a 165 27 3
a 165 127 4
a 166 151 4
a 167 322 5
a 168 79 9
a 168 423 8
a 169 347 6
a 170 242 10
a 170 322 1
a 171 225 7
a 171 339 8
a 172 285 8
a 173 267 10
a 174 227 2
a 174 489 10
a 175 244 8
a 175 308 3
a 176 246 2
a 176 347 8
a 177 34 8
a 177 317 8
a 177 409 10
a 178 396 4
a 178 407 4
a 179 76 9
a 179 331 7
a 180 205 5
a 180 208 5
a 180 335 4
a 181 60 5
a 181 232 4
a 181 240 4
a 181 313 4
a 182 216 8
a 182 295 10
a 183 23 3
a 183 89 9
a 184 71 1
a 185 141 10
a 185 387 9
a 185 401 5
a 186 113 7
a 186 255 2
a 186 385 5
a 186 431 10
a 187 318 1
a 187 428 10
a 188 8 6
a 189 154 8
a 189 181 6
a 189 291 1
a 190 481 10
a 191 424 1
a 192 448 5
a 193 192 5
a 193 307 6
a 193 368 6
a 194 349 10
a 195 54 8
a 195 172 5
a 195 336 8
a 196 327 8
a 197 86 2
a 197 350 1
a 197 391 3
a 198 291 2
a 199 99 8
a 199 135 6
a 200 125 2
a 200 298 8
a 200 352 4
a 201 400 4
a 202 9 9
a 202 23 7
a 202 193 10
a 202 430 8
a 202 434 9
a 203 39 2
a 203 228 6
a 203 324 6
a 203 498 3
a 204 441 7
a 205 292 9
a 205 358 3
a 206 13 6
a 206 219 1
a 207 371 9
a 207 470 5
a 208 322 5
a 208 417 10
a 209 408 1
a 209 472 2
a 210 241 6
a 211 113 5
a 211 150 7
a 211 151 7
a 211 186 1
a 211 245 6
a 212 16 9
a 212 47 3
a 213 96 1
a 213 161 10
a 213 336 6
a 213 337 8
a 213 489 3
a 214 352 4
a 215 439 4
a 216 145 6
a 216 285 9
a 217 58 8
a 217 317 2
a 218 244 7
a 218 265 8
a 219 179 2
a 219 404 1
a 219 451 5
a 219 498 3
a 220 175 7
a 221 23 3
a 221 164 1
a 222 193 8
a 223 41 6
a 223 50 9
a 223 364 8
a 223 383 7
a 223 412 1
a 224 185 4
a 224 358 6
a 225 68 8
a 226 128 7
a 227 113 9
a 227 344 7
a 228 269 3
a 228 288 10
a 228 428 3
a 228 475 9
a 229 178 2
a 230 11 1
a 231 90 3
a 232 10 5
a 232 378 4
a 232 420 10
a 232 497 6
a 233 228 7
a 234 154 3
a 234 174 8
a 235 80 9
a 235 251 5
a 235 479 4
a 236 121 6
a 236 259 5
a 237 409 8
a 238 234 1
a 239 19 3
a 239 223 6
a 240 282 8
a 240 371 2
a 241 273 2
a 242 7 7
a 242 134 2
a 242 401 7
a 243 39 10
a 244 334 9
a 245 292 6
a 245 330 9
a 246 64 5
a 246 148 8
a 247 237 4
a 247 346 4
a 247 385 5
a 248 254 8
a 248 480 7
a 249 183 5
a 249 266 10
a 250 147 5
a 251 276 5
a 252 176 4
a 252 184 8
a 253 104 9
a 253 384 2
a 254 406 5
a 255 178 6
a 256 24 7
a 256 455 1
a 257 210 9
a 258 233 10
a 258 268 10
a 259 494 7
a 260 132 9
a 260 442 6
a 260 454 1
a 261 244 7
a 261 334 10
a 261 453 8
a 261 500 5
a 262 359 7
a 263 254 8
a 263 393 2
a 264 490 5
a 265 146 7
a 266 320 4
a 266 331 7
a 267 495 4
a 268 287 2
a 269 422 10
a 270 475 3
a 271 67 3
a 271 317 9
a 272 231 1
a 272 329 5
a 272 462 8
a 273 238 3
a 273 318 3
a 274 52 4
a 274 118 3
a 274 164 6
a 275 439 6
a 276 67 9
a 276 401 7
a 277 189 8
a 277 272 8
a 278 218 1
a 279 351 8
a 279 474 6
a 280 413 5
a 281 411 4
a 282 71 7
a 282 400 2
a 283 446 3
a 284 42 2
a 285 164 4
a 285 240 5
a 286 71 1
a 286 188 5
a 286 217 9
a 287 18 5
a 287 368 7
a 287 433 1
a 288 192 8
a 288 386 7
a 289 17 7
a 289 239 4
a 290 492 3
a 291 106 4
a 291 225 5
a 292 300 8
a 293 439 10
a 294 36 3
a 294 50 2
a 295 73 9
a 295 349 2
a 295 437 6
a 296 214 2
a 297 49 3
a 297 56 6
a 298 228 8
a 298 397 3
a 299 52 8
a 300 72 4
a 300 253 4
a 300 316 8
a 301 46 9
a 301 71 3
a 301 83 7
a 302 62 7
a 302 126 6
a 302 472 7
a 303 193 8
a 304 288 5
a 304 438 6
a 304 472 10
a 305 200 7
a 305 301 4
a 305 439 10
a 305 468 7
a 306 16 1
a 306 122 7
a 307 175 7
a 307 361 9
a 307 377 6
a 308 493 5
a 309 48 3
a 309 369 4
a 310 305 3
a 310 400 10
a 311 22 7
a 311 116 9
a 312 119 9
a 313 194 8
a 313 456 1
a 314 130 4
a 314 345 2
a 314 473 3
a 315 78 6
a 315 258 9
a 315 359 7
a 316 326 4
a 316 330 3
a 317 137 10
a 317 250 1
a 317 273 7
a 318 74 3
a 318 205 8
a 318 274 5
a 319 79 1
a 320 171 1
a 320 193 2
a 320 215 4
a 320 456 5
a 321 20 2
a 321 374 2
a 322 407 2
a 323 244 5
a 324 180 6
a 325 134 7
a 325 267 1
a 325 420 5
a 325 446 9
a 326 31 8
a 326 212 1
a 327 415 8
a 327 494 3
a 328 55 3
a 329 490 5
a 330 177 9
a 331 363 8
a 332 166 4
a 332 406 1
a 333 392 5
a 334 54 4
a 334 119 7
a 335 99 10
a 335 340 7
a 335 377 3
a 336 341 10
a 337 19 5
a 337 257 8
a 337 336 9
a 337 381 1
a 338 48 1
a 338 485 5
a 339 21 4
a 340 128 10
a 340 138 8
a 340 252 7
a 340 271 2
a 341 189 7
a 342 28 2
a 342 59 6
a 342 333 1
a 343 466 3
a 344 158 6
a 344 478 10
a 345 263 7
a 345 439 3
a 346 360 5
a 346 495 7
a 347 17 4
a 347 92 2
a 347 233 5
a 348 157 4
a 348 365 5
a 349 92 8
a 349 101 10
a 349 180 5
a 349 252 4
a 349 372 1
a 350 469 3
a 351 88 8
a 351 127 10
a 351 182 4
a 352 117 2
a 352 390 4
a 352 436 6
a 352 441 4
a 353 108 8
a 353 372 4
a 354 181 1
a 354 405 2
a 355 16 5
a 355 106 10
a 356 57 2
a 356 224 10
a 357 332 10
a 357 340 5
a 357 375 2
a 358 21 7
a 358 221 7
a 358 500 7
a 359 142 1
a 360 264 2
a 361 26 2
a 361 284 6
a 362 251 6
a 362 464 7
a 363 37 6
a 363 128 10
a 363 144 8
a 363 281 3
a 363 459 4
a 364 173 6
a 364 176 7
a 365 368 1
a 365 463 9
a 366 429 7
a 367 173 9
a 367 283 5
a 368 102 10
a 369 169 2
a 370 95 10
a 370 353 2
a 371 449 2
a 371 477 6
a 372 66 2
a 372 335 4
a 373 177 3
a 373 305 3
a 374 178 9
a 374 357 9
a 375 138 7
a 376 361 1
a 377 90 8
a 378 344 7
a 379 142 3
a 380 64 8
a 380 267 7
a 381 82 1
a 381 450 8
a 381 487 8
a 382 141 2
a 382 486 8
a 383 44 5
a 384 283 3
a 385 114 2
a 386 107 10
a 386 165 2
a 386 414 6
a 387 248 1
a 387 450 6
a 388 104 1
a 388 293 1
a 389 425 2
a 389 476 4
a 390 467 10
a 391 4 3
a 391 302 5
a 392 144 1
a 393 168 8
a 394 56 8
a 394 86 7
a 394 123 1
a 394 225 8
a 395 368 6
a 396 313 1
a 397 14 5
a 397 312 9
a 398 484 2
a 399 123 6
a 400 75 9
a 400 114 2
a 401 6 7
a 401 12 4
a 401 368 1
a 401 427 10
a 402 337 2
a 403 142 1
a 403 184 6
a 403 466 5
a 404 100 6
a 404 319 6
a 404 499 9
a 405 93 5
a 405 286 7
a 406 296 3
a 406 405 1
a 407 154 2
a 407 231 7
a 408 94 6
a 409 42 1
a 409 258 3
a 409 363 1
a 410 411 4
a 411 22 8
a 412 262 7
a 412 360 4
a 413 256 3
a 414 55 5
a 414 247 7
a 415 310 1
a 415 490 5
a 416 105 3
a 416 400 4
a 417 306 1
a 417 307 8
a 417 482 9
a 418 112 6
a 419 3 4
a 419 387 2
a 420 339 8
a 421 283 9
a 422 110 1
a 423 102 1
a 423 156 5
a 423 368 6
a 423 455 8
a 424 397 9
a 425 109 5
a 425 211 8
a 425 214 7
a 426 322 1
a 427 347 10
a 428 41 10
a 429 287 10
a 430 143 1
a 430 316 2
a 431 242 7
a 432 486 6
a 432 488 1
a 433 77 2
a 433 289 2
a 433 424 5
a 434 57 5
a 434 65 5
a 435 29 9
a 435 475 7
a 436 264 1
a 436 379 4
a 437 282 1
a 437 283 3
a 437 447 7
a 438 381 2
a 439 168 8
a 439 281 5
a 439 451 1
a 440 354 6
a 440 474 10
a 441 220 3
a 441 473 3
a 442 143 2
a 443 206 8
a 444 323 1
a 445 368 3
a 446 277 6
a 446 468 8
a 447 260 6
a 447 356 9
a 447 483 2
a 448 133 9
a 449 382 5
a 449 422 5
a 449 443 7
a 450 124 3
a 451 204 4
a 451 261 5
a 451 276 8
a 452 454 6
a 453 129 1
a 453 342 3
a 454 223 7
a 454 376 10
a 454 418 6
a 455 72 9
a 455 406 10
a 456 200 2
a 456 494 2
a 457 25 7
a 457 254 5
a 458 98 4
a 458 350 3
a 458 394 4
a 459 95 4
a 459 209 8
a 460 55 1
a 460 304 10
a 460 358 9
a 461 206 7
a 461 241 10
a 461 414 1
a 462 379 7
a 462 448 6
a 463 373 10
a 464 425 1
a 465 406 9
a 466 151 9
a 467 94 7
a 467 355 6
a 468 286 2
a 469 175 8
a 470 169 10
a 470 251 2
a 471 175 1
a 472 461 9
a 473 434 8
a 474 368 9
a 475 36 10
a 475 421 1
a 476 74 10
a 476 226 1
a 477 296 2
a 478 219 4
a 479 69 6
a 479 273 3
a 480 396 8
a 481 215 5
a 482 403 3
a 482 465 2
a 483 78 10
a 483 299 6
a 484 159 5
a 484 478 4
a 485 15 8
a 485 43 6
a 486 140 4
a 486 148 7
a 486 152 9
a 486 338 8
a 486 419 3
a 486 442 7
a 487 65 10
a 487 147 10
a 488 227 10
a 488 341 5
a 488 354 8
a 488 388 8
a 489 74 10
a 490 104 8
a 490 390 2
a 490 409 10
a 491 72 8
a 491 122 10
a 492 40 7
a 492 92 8
a 493 223 3
a 493 342 1
a 494 136 10
a 494 153 7
a 495 70 3
a 495 125 3
a 495 167 4
a 495 416 7
a 496 209 4
a 496 297 2
a 496 500 7
a 497 479 8
a 498 355 10
a 499 113 7
a 499 256 8
