p max 500 1000
n 1 s
n 500 t
a 1 237 4
a 1 258 1
a 1 437 5
a 2 483 7
a 2 500 7
a 3 473 6
a 4 232 8
a 5 375 4
a 5 397 9
a 6 70 8
a 7 360 8
a 8 150 4
a 9 40 2
a 9 84 4
a 9 182 5
a 9 333 6
a 10 26 10
a 11 71 7
a 12 166 8
a 12 464 8
a 13 295 2
a 13 360 10
a 14 108 1
a 14 340 4
a 14 462 4
a 15 69 2
a 16 256 10
a 16 386 8
a 17 92 8
a 17 379 5
a 17 476 10
a 18 231 1
a 19 94 2
a 20 156 8
a 20 357 7
a 20 408 6
a 20 500 9
a 21 183 2
a 21 239 3
a 21 373 7
a 22 59 2
a 22 254 5
a 23 5 8
a 23 27 6
a 23 176 2
a 23 284 6
a 24 25 5
a 24 105 4
a 25 248 6
a 26 82 6
a 26 138 1
a 27 102 1
a 28 364 2
a 29 80 3
a 29 440 3
a 30 453 10
a 31 170 4
a 32 39 4
a 32 88 3
a 32 313 7
a 32 316 10
a 33 289 5
a 34 146 8
a 34 490 4
a 35 147 3
a 36 75 6
a 37 238 7
a 37 401 5
a 38 255 9
a 39 97 9
a 40 357 2
a 41 372 9
a 41 394 2
a 42 296 7
a 43 22 5
a 43 157 6
a 43 481 2
a 44 260 8
a 44 310 8
a 44 475 4
a 45 119 1
a 45 231 5
a 45 341 3
a 45 378 10
a 46 143 7
a 46 414 3
a 46 438 10
a 47 121 8
a 47 250 9
a 48 134 1
a 48 247 6
a 48 280 4
a 48 447 1
a 48 465 3
a 49 125 9
a 49 209 6
a 49 329 9
a 50 171 10
a 50 449 7
a 51 281 9
a 52 22 3
a 52 352 5
a 53 185 7
a 53 383 5
a 54 47 8
a 54 394 8
a 55 252 9
a 56 32 5
a 56 358 5
a 56 387 2
a 56 492 4
a 57 213 4
a 57 262 8
a 58 127 5
a 59 395 1
a 60 334 4
a 61 451 3
a 62 28 9
a 62 165 10
a 62 316 1
a 62 349 1
a 63 144 9
a 63 197 2
a 64 142 1
a 65 91 5
a 66 101 4
a 66 444 2
a 67 480 1
a 68 311 9
a 69 421 4
a 70 127 4
a 70 423 4
a 70 438 5
a 71 199 8
a 72 124 9
a 72 166 9
a 73 152 6
a 74 51 7
a 74 57 1
a 74 214 6
a 75 79 10
a 75 233 9
a 76 157 7
a 76 161 1
a 77 108 6
a 77 435 6
a 78 367 4
a 79 135 1
a 80 290 5
a 80 392 1
a 80 420 2
a 81 60 6
a 81 182 8
a 81 240 7
a 82 198 6
a 82 290 1
a 83 336 7
a 84 173 5
a 85 53 5
a 85 94 5
a 85 273 10
a 86 251 2
a 86 309 5
a 87 153 3
a 87 377 4
a 88 499 2
a 89 52 8
a 89 109 9
a 89 494 9
a 90 44 10
a 90 354 9
a 91 386 8
a 92 310 4
a 93 51 6
a 93 145 4
a 94 51 5
a 95 149 9
a 95 174 3
a 96 290 9
a 97 140 5
a 97 263 1
a 97 449 7
a 97 493 3
a 98 479 7
a 98 487 6
a 99 92 2
a 100 71 7
a 101 115 10
a 102 112 10
a 102 206 1
a 103 98 9
a 103 137 3
a 104 86 8
a 104 335 9
a 104 451 9
a 104 474 7
a 105 217 6
a 105 255 6
a 105 307 7
a 106 171 5
a 106 421 9
a 107 165 1
a 108 201 6
a 109 44 3
a 109 270 2
a 110 497 2
a 111 287 9
a 112 51 9
a 113 416 9
a 114 452 7
a 114 498 6
a 115 197 4
a 115 486 8
a 116 481 9
a 117 340 1
a 118 7 3
a 118 296 8
a 119 179 6
a 120 89 3
a 121 324 3
a 122 278 4
a 122 390 8
a 122 433 8
a 122 473 8
a 123 99 4
a 123 478 2
a 124 107 3
a 124 241 6
a 125 272 7
a 125 279 4
a 125 341 4
a 126 63 4
a 126 304 10
a 126 424 5
a 127 81 1
a 127 141 6
a 127 208 4
a 127 322 7
a 128 10 1
a 128 30 4
a 128 452 3
a 129 442 7
a 130 30 6
a 130 115 4
a 131 365 5
a 131 491 3
a 132 237 3
a 132 315 7
a 133 317 6
a 133 477 1
a 133 500 6
a 134 386 3
a 135 215 7
a 136 6 6
a 136 120 6
a 136 346 6
a 137 18 8
a 137 300 2
a 138 23 9
a 138 134 10
a 138 240 4
a 138 499 6
a 139 130 10
a 139 473 4
a 140 126 5
a 140 428 8
a 141 165 4
a 141 325 1
a 142 298 3
a 142 401 5
a 142 497 1
a 143 18 6
a 143 106 6
a 143 351 10
a 143 357 3
a 144 338 7
a 145 11 3
a 145 342 3
a 146 454 8
a 147 168 8
a 147 294 2
a 147 333 9
a 147 466 8
a 148 117 5
a 149 26 3
a 149 382 8
a 150 62 5
a 151 180 3
a 152 39 1
a 152 43 7
a 153 64 1
a 153 167 3
a 153 457 5
a 154 469 4
a 155 233 1
a 155 270 8
a 156 90 3
a 156 197 6
a 157 374 6
a 158 31 6
a 159 118 5
a 160 117 3
a 160 252 7
a 160 422 2
a 161 417 2
a 161 439 6
a 161 456 1
a 161 488 10
a 162 118 2
a 163 20 6
a 163 344 5
a 163 353 5
a 164 97 3
a 164 402 8
a 165 274 1
a 166 289 3
a 166 380 10
a 167 113 5
a 167 139 8
a 167 162 8
a 167 320 9
a 168 174 1
a 169 163 10
a 169 445 9
a 170 269 1
a 170 369 9
a 170 431 3
a 170 452 7
a 170 460 9
a 171 27 3
a 171 170 9
a 171 411 7
a 172 63 3
a 172 336 9
a 173 431 4
a 174 6 9
a 174 68 2
a 174 283 10
a 174 323 5
a 175 91 3
a 175 366 7
a 176 94 4
a 177 121 5
a 177 212 5
a 178 24 7
a 178 83 10
a 178 204 9
a 178 309 3
a 178 410 4
a 179 173 3
a 179 499 10
a 180 183 7
a 180 219 7
a 181 309 8
a 181 446 7
a 182 418 5
a 183 27 1
a 183 74 2
a 184 158 4
a 185 92 10
a 186 131 4
a 187 271 9
a 188 55 8
a 188 296 6
a 188 350 5
a 188 443 4
a 189 276 3
a 189 493 10
a 190 108 8
a 190 158 4
a 190 482 2
a 191 239 4
a 191 455 3
a 192 258 9
a 193 196 5
a 193 371 10
a 193 395 6
a 193 437 3
a 194 481 8
a 195 215 3
a 195 396 1
a 196 52 5
a 197 281 3
a 197 356 7
a 198 105 1
a 198 365 4
a 199 231 7
a 199 263 4
a 200 3 2
a 200 78 7
a 201 28 7
a 201 377 6
a 202 113 10
a 202 314 8
a 203 196 9
a 204 390 4
a 205 115 8
a 205 444 1
a 206 132 1
a 206 244 7
a 207 155 2
a 207 294 1
a 208 84 6
a 209 91 10
a 209 190 4
a 209 442 5
a 210 14 10
a 210 271 8
a 210 304 9
a 210 406 5
a 211 70 1
a 211 104 10
a 211 115 6
a 212 66 7
a 212 128 6
a 212 276 1
a 213 202 1
a 213 287 6
a 213 430 9
a 214 376 3
a 214 469 2
a 215 80 3
a 215 382 1
a 216 42 4
a 216 110 8
a 216 177 10
a 217 8 7
a 217 337 3
a 217 391 7
a 218 143 9
a 219 380 8
a 220 254 10
a 221 241 7
a 221 480 4
a 221 484 7
a 222 255 2
a 222 429 8
a 223 418 1
a 224 419 6
a 225 38 8
a 225 49 3
a 225 192 6
a 225 268 8
a 225 494 6
a 226 91 6
a 227 20 3
a 227 160 1
a 227 345 5
a 228 222 5
a 229 60 6
a 229 172 1
a 229 194 4
a 230 210 10
a 230 220 7
a 230 456 6
a 231 63 5
a 231 226 6
a 232 100 7
a 232 184 9
a 233 498 10
a 234 67 9
a 234 142 10
a 234 453 6
a 235 373 4
a 236 375 5
a 237 195 3
a 237 216 7
a 238 93 10
a 238 205 7
a 238 318 8
a 238 367 6
a 239 296 10
a 239 357 9
a 240 126 9
a 241 2 3
a 241 285 3
a 241 360 3
a 241 473 8
a 242 92 10
a 242 366 7
a 242 403 5
a 242 407 6
a 243 28 6
a 243 71 4
a 244 153 6
a 244 293 6
a 245 102 8
a 246 345 3
a 247 417 10
a 248 41 8
a 248 239 1
a 248 438 10
a 249 180 9
a 249 205 3
a 249 329 4
a 249 351 6
a 250 77 10
a 250 359 10
a 251 95 10
a 251 380 9
a 252 395 8
a 253 238 8
a 254 48 5
a 255 430 9
a 256 80 6
a 256 328 1
a 256 387 3
a 256 451 9
a 257 147 1
a 257 355 10
a 258 11 2
a 258 278 10
a 259 160 3
a 260 135 2
a 260 302 5
a 261 234 7
a 261 309 8
a 261 312 4
a 262 62 3
a 262 132 7
a 262 330 1
a 262 372 10
a 263 336 6
a 263 361 6
a 264 116 6
a 264 235 4
a 264 303 5
a 265 72 7
a 265 367 5
a 265 427 6
a 266 108 6
a 266 164 1
a 266 363 8
a 266 376 7
a 267 61 4
a 268 32 2
a 269 216 5
a 270 232 4
a 271 234 9
a 271 404 3
a 272 133 8
a 272 329 4
a 273 15 5
a 273 111 2
a 273 124 7
a 273 370 8
a 274 50 3
a 274 463 8
a 275 15 7
a 275 201 10
a 275 389 6
a 276 230 9
a 276 331 2
a 277 301 3
a 278 149 10
a 279 77 9
a 279 142 6
a 279 402 4
a 280 35 10
a 281 70 7
a 281 481 10
a 282 348 5
a 282 471 7
a 283 274 2
a 283 304 3
a 283 415 1
a 284 82 10
a 285 16 5
a 286 238 9
a 287 308 3
a 287 401 3
a 287 420 4
a 288 169 5
a 288 486 8
a 289 57 4
a 289 232 5
a 290 216 4
a 290 242 10
a 290 254 7
a 290 460 3
a 291 289 3
a 291 304 9
a 292 41 8
a 292 327 5
a 293 385 1
a 294 34 3
a 294 154 2
a 294 455 9
a 295 21 1
a 295 175 7
a 296 478 6
a 297 151 2
a 297 191 6
a 297 275 6
a 298 88 9
a 299 46 5
a 299 92 3
a 299 248 3
a 300 387 8
a 301 120 2
a 301 125 10
a 301 413 10
a 302 81 9
a 302 357 10
a 303 191 4
a 303 249 8
a 304 173 4
a 304 398 7
a 305 155 6
a 306 440 8
a 307 76 5
a 307 463 9
a 308 169 3
a 309 21 8
a 309 221 5
a 309 269 10
a 310 331 6
a 310 354 4
a 311 178 4
a 312 189 4
a 312 459 10
a 313 247 9
a 313 461 7
a 314 248 3
a 315 60 2
a 316 214 3
a 316 281 9
a 316 436 2
a 317 61 4
a 317 295 2
a 318 9 7
a 318 56 5
a 318 467 7
a 319 76 2
a 320 49 7
a 320 134 10
a 321 65 1
a 321 363 6
a 322 78 9
a 322 101 1
a 322 163 4
a 322 267 5
a 323 98 2
a 323 339 9
a 324 261 9
a 324 331 6
a 324 386 2
a 325 93 9
a 325 417 2
a 326 98 5
a 326 158 3
a 327 284 3
a 328 206 10
a 329 27 8
a 329 441 7
a 330 231 7
a 330 432 8
a 331 149 1
a 332 98 2
a 333 498 10
a 334 101 8
a 334 429 4
a 335 395 7
a 336 64 5
a 336 123 3
a 337 147 3
a 337 334 7
a 338 408 8
a 339 260 4
a 339 395 5
a 340 383 4
a 341 115 10
a 341 311 9
a 342 51 3
a 342 302 4
a 343 353 1
a 343 404 4
a 344 161 4
a 345 373 1
a 346 54 6
a 346 211 1
a 346 294 4
a 347 334 7
a 348 343 7
a 349 181 6
a 349 204 4
a 349 252 5
a 350 246 3
a 351 483 9
a 352 118 3
a 352 394 5
a 352 426 6
a 353 85 9
a 353 174 2
a 353 388 10
a 353 492 8
a 354 292 9
a 354 485 2
a 355 69 4
a 355 136 2
a 355 212 7
a 356 70 7
a 356 286 8
a 357 265 9
a 357 497 2
a 358 191 4
a 359 253 7
a 359 482 10
a 360 87 1
a 360 185 5
a 360 191 7
a 361 36 5
a 361 37 7
a 361 337 9
a 362 15 7
a 363 57 8
a 363 218 10
a 364 373 1
a 364 388 10
a 365 393 8
a 365 430 6
a 365 498 2
a 366 176 5
a 366 207 2
a 366 497 7
a 367 471 6
a 368 181 4
a 368 236 9
a 369 67 7
a 369 243 10
a 370 223 10
a 371 186 6
a 371 366 5
a 371 393 9
a 372 467 1
a 373 4 7
a 373 187 6
a 373 375 2
a 373 472 1
a 373 476 10
a 374 121 6
a 374 201 6
a 375 140 4
a 375 245 2
a 376 314 6
a 376 350 5
a 377 385 5
a 377 468 8
a 377 478 9
a 377 483 9
a 378 265 2
a 378 384 2
a 379 432 1
a 380 188 1
a 380 264 5
a 380 306 10
a 380 324 4
a 381 81 6
a 381 277 8
a 382 343 1
a 382 445 3
a 383 153 7
a 383 179 2
a 383 228 6
a 384 31 9
a 384 224 3
a 384 340 5
a 385 388 1
a 386 89 9
a 386 124 4
a 387 267 5
a 388 476 3
a 389 457 10
a 390 9 1
a 390 375 2
a 391 167 3
a 391 266 1
a 391 428 7
a 392 178 6
a 392 304 3
a 392 365 7
a 393 12 3
a 393 227 10
a 393 412 2
a 393 446 6
a 394 241 2
a 394 291 6
a 394 321 1
a 395 20 3
a 395 362 8
a 396 2 3
a 396 122 5
a 396 239 1
a 396 454 5
a 397 121 5
a 397 405 2
a 397 437 1
a 398 33 8
a 398 313 8
a 398 372 2
a 399 274 7
a 399 463 2
a 400 393 3
a 401 145 10
a 402 96 8
a 402 380 3
a 403 34 4
a 403 168 2
a 403 368 5
a 404 449 5
a 405 292 2
a 405 396 8
a 405 429 3
a 406 48 9
a 406 104 10
a 406 129 1
a 407 171 3
a 408 257 10
a 408 356 10
a 409 423 3
a 410 409 4
a 411 109 6
a 412 75 9
a 412 197 6
a 412 299 7
a 412 434 4
a 413 284 3
a 413 425 2
a 414 56 2
a 415 259 7
a 415 369 8
a 416 201 9
a 416 303 7
a 416 347 3
a 417 77 5
a 418 430 4
a 419 227 5
a 420 312 2
a 421 14 10
a 422 139 8
a 423 19 6
a 423 97 5
a 423 281 2
a 424 225 5
a 424 353 1
a 425 347 8
a 426 158 4
a 426 249 5
a 427 424 5
a 428 22 8
a 428 222 5
a 429 291 3
a 430 336 9
a 430 479 10
a 431 121 8
a 431 241 1
a 432 376 1
a 433 203 5
a 433 299 10
a 434 387 9
a 434 490 1
a 435 187 4
a 436 127 2
a 436 249 4
a 436 400 2
a 437 20 4
a 437 103 8
a 437 114 7
a 437 291 8
a 437 419 9
a 438 180 3
a 439 137 7
a 440 250 1
a 440 459 2
a 441 53 6
a 441 249 2
a 441 326 1
a 441 331 3
a 442 220 10
a 442 262 4
a 443 241 4
a 444 42 1
a 444 203 8
a 445 206 5
a 445 226 2
a 445 288 9
a 446 305 4
a 446 391 3
a 447 412 8
a 448 432 3
a 449 122 3
a 450 77 1
a 451 390 9
a 452 45 5
a 452 131 9
a 452 320 4
a 452 364 2
a 453 149 10
a 453 391 5
a 454 16 6
a 454 319 5
a 454 383 2
a 454 496 6
a 455 24 9
a 456 236 10
a 456 491 4
a 457 365 7
a 457 458 7
a 458 185 2
a 459 164 9
a 459 197 5
a 460 293 3
a 460 495 10
a 461 276 1
a 461 359 8
a 461 472 1
a 462 200 3
a 463 148 1
a 463 152 2
a 463 286 3
a 464 82 3
a 464 266 9
a 465 267 3
a 465 427 1
a 466 491 1
a 467 248 5
a 468 120 7
a 468 282 6
a 469 232 1
a 469 301 1
a 469 381 2
a 470 188 2
a 470 324 6
a 471 292 3
a 472 102 7
a 472 353 7
a 472 409 4
a 472 416 7
a 473 64 9
a 473 150 10
a 473 325 9
a 474 250 2
a 475 197 8
a 475 489 10
a 476 223 7
a 476 332 3
a 476 450 4
a 476 468 5
a 477 193 1
a 477 315 10
a 478 265 8
a 478 399 9
a 479 74 8
a 479 231 4
a 479 246 4
a 480 73 10
a 480 200 3
a 480 227 6
a 480 388 1
a 480 448 10
a 481 217 10
a 482 35 9
a 482 141 10
a 482 199 1
a 483 29 6
a 483 159 1
a 483 205 7
a 483 347 3
a 483 420 5
a 484 223 4
a 485 211 8
a 485 348 6
a 486 19 4
a 486 340 3
a 487 17 1
a 487 83 1
a 488 334 3
a 489 13 9
a 489 161 8
a 489 372 6
a 490 303 8
a 490 341 5
a 491 386 4
a 492 216 2
a 492 338 7
a 493 58 10
a 493 82 6
a 494 217 6
a 495 297 9
a 495 317 10
a 495 445 5
a 496 91 1
a 496 100 10
a 497 162 7
a 497 334 3
a 498 45 7
a 498 379 8
a 499 229 10
a 499 470 8
a 499 497 8
