p max 500 1000
n 1 s
n 500 t
a 1 165 4
a 1 349 2
a 2 254 10
a 2 317 3
a 3 292 2
a 3 358 6
a 4 317 2
a 4 493 1
a 5 320 6
a 6 131 1
a 6 148 2
a 7 152 3
a 7 271 4
a 8 110 5
a 8 235 6
a 8 343 1
a 9 348 1
a 10 371 4
a 10 433 3
a 11 483 1
a 12 24 7
a 12 299 7
a 12 337 9
a 12 461 8
a 13 26 4
a 13 343 3
a 13 424 2
a 13 482 1
a 14 19 7
a 14 274 7
a 14 276 8
a 14 387 10
a 15 155 3
a 16 115 3
a 16 179 7
a 17 178 7
a 18 216 3
a 18 320 4
a 19 460 1
a 20 80 7
a 20 204 3
a 20 362 10
a 21 122 4
a 21 260 8
a 21 419 2
a 22 75 8
a 22 160 1
a 22 201 1
a 22 222 1
a 22 427 1
a 22 459 8
a 23 258 9
a 23 447 4
a 23 482 5
a 24 18 2
a 24 423 7
a 25 175 1
a 26 213 6
a 27 435 5
a 28 136 3
a 28 270 4
a 28 385 7
a 28 456 10
a 29 180 1
a 29 346 9
a 30 94 9
a 30 200 5
a 30 360 6
a 31 40 2
a 31 287 3
a 32 237 6
a 32 334 6
a 32 370 4
a 33 87 7
a 34 352 9
a 35 379 4
a 36 58 7
a 36 81 5
a 37 147 10
a 37 269 7
a 37 452 6
a 38 189 9
a 39 182 4
a 39 183 6
a 39 330 7
a 40 421 4
a 40 439 3
a 41 83 9
a 41 137 9
a 42 32 7
a 42 187 3
a 43 186 2
a 43 415 9
a 43 478 1
a 44 42 9
a 44 368 10
a 45 93 7
a 45 210 4
a 46 323 1
a 47 327 3
a 47 396 6
a 48 186 6
a 49 89 2
a 49 183 1
a 49 219 5
a 49 441 10
a 50 448 4
a 51 397 10
a 52 458 10
a 53 465 8
a 54 50 2
a 54 98 2
a 54 108 10
a 55 39 5
a 55 357 10
a 56 306 1
a 57 217 2
a 57 495 1
a 58 21 7
a 58 99 7
a 59 448 5
a 60 234 9
a 60 280 4
a 60 285 3
a 60 384 3
a 60 392 1
a 60 500 1
a 61 36 3
a 61 462 8
a 62 219 4
a 63 353 1
a 64 496 1
a 65 276 9
a 66 251 7
a 66 291 7
a 67 357 6
a 68 280 3
a 69 483 4
a 70 34 8
a 70 171 1
a 71 84 4
a 71 292 3
a 71 318 8
a 72 313 5
a 72 402 4
a 72 414 1
a 73 379 6
a 74 53 7
a 75 25 5
a 75 33 7
a 75 41 3
a 76 339 9
a 76 483 7
a 77 153 10
a 77 181 4
a 77 228 6
a 78 103 7
a 78 194 10
a 79 279 6
a 79 335 4
a 79 354 8
a 80 148 10
a 80 202 5
a 80 243 10
a 81 146 7
a 81 396 2
a 82 200 3
a 83 6 5
a 83 300 8
a 83 453 10
a 84 187 5
a 84 212 8
a 85 245 10
a 86 365 6
a 87 67 6
a 87 163 1
a 88 345 2
a 89 460 1
a 89 486 5
a 90 158 5
a 90 316 2
a 90 429 10
a 91 92 10
a 91 159 3
a 91 460 4
a 92 487 9
a 93 65 7
a 93 214 6
a 94 96 2
a 95 75 6
a 95 293 7
a 96 363 5
a 97 41 5
a 97 422 8
a 98 113 4
a 98 131 5
a 98 421 6
a 99 196 6
a 99 289 2
a 100 54 8
a 100 205 8
a 101 70 2
a 101 96 7
a 101 114 10
a 102 61 2
a 102 211 1
a 102 345 10
a 102 406 1
a 103 474 2
a 104 381 10
a 105 108 8
a 105 443 3
a 106 13 2
a 106 470 3
a 107 448 2
a 108 144 1
a 108 494 5
a 109 104 6
a 110 73 3
a 110 403 5
a 110 471 10
a 111 389 3
a 112 155 10
a 113 96 3
a 114 222 7
a 114 332 5
a 114 362 7
a 115 127 3
a 116 228 3
a 116 375 5
a 116 480 2
a 117 160 9
a 118 241 7
a 118 337 1
a 118 477 3
a 119 134 9
a 120 464 10
a 120 493 4
a 121 321 3
a 121 425 3
a 122 15 10
a 122 128 9
a 122 279 7
a 123 272 6
a 124 273 10
a 125 59 8
a 125 225 9
a 126 63 2
a 126 434 5
a 127 369 3
a 127 405 1
a 128 480 4
a 128 495 7
a 129 99 10
a 129 201 6
a 129 256 3
a 130 326 4
a 130 329 8
a 131 33 7
a 131 361 4
a 131 395 10
a 132 184 1
a 132 328 6
a 133 100 7
a 133 196 9
a 133 305 9
a 134 17 7
a 134 29 2
a 134 379 7
a 135 280 8
a 135 358 2
a 136 192 6
a 137 87 5
a 138 266 10
a 139 78 7
a 139 205 4
a 140 300 8
a 141 257 3
a 141 309 7
a 142 200 10
a 143 51 10
a 143 107 6
a 143 276 10
a 143 441 1
a 144 139 3
a 144 255 9
a 145 10 8
a 145 498 10
a 146 36 9
a 147 136 3
a 147 398 4
a 148 166 9
a 148 394 6
a 149 301 4
a 150 45 2
a 150 467 8
a 150 491 10
a 151 246 8
a 151 438 2
a 152 20 5
a 152 367 8
a 153 435 3
a 154 122 4
a 155 244 10
a 155 285 10
a 156 467 9
a 157 182 10
a 157 188 10
a 157 302 5
a 158 60 10
a 158 102 9
a 159 109 7
a 159 149 7
a 159 386 2
a 160 33 3
a 160 250 4
a 160 311 7
a 160 364 1
a 160 434 6
a 161 154 3
a 161 264 6
a 162 44 3
a 162 102 8
a 162 330 5
a 163 37 6
a 164 458 7
a 165 189 8
a 165 294 3
a 165 490 4
a 166 6 5
a 166 377 2
a 167 411 3
a 168 390 6
a 169 221 2
a 169 344 2
a 170 306 8
a 170 443 9
a 171 75 4
a 172 10 10
a 172 99 5
a 172 333 3
a 173 76 3
a 173 119 4
a 173 129 6
a 174 172 7
a 174 181 1
a 175 347 10
a 175 488 3
a 176 169 1
a 176 229 5
a 176 464 8
a 177 163 5
a 177 194 3
a 177 463 8
a 178 131 6
a 178 185 10
a 179 476 7
a 180 177 10
a 181 165 7
a 181 238 1
a 181 481 2
a 182 57 4
a 182 254 6
a 183 141 3
a 183 162 6
a 183 463 4
a 183 466 5
a 184 88 10
a 184 271 7
a 185 212 3
a 185 490 9
a 186 305 6
a 187 6 9
a 187 370 2
a 188 81 9
a 188 170 8
a 188 383 6
a 189 94 8
a 190 408 1
a 191 304 1
a 191 458 8
a 191 467 4
a 191 484 9
a 192 345 8
a 193 16 9
a 193 125 4
a 193 227 3
a 193 312 6
a 193 359 5
a 194 64 4
a 194 319 7
a 195 350 7
a 195 499 3
a 196 218 1
a 196 285 1
a 197 91 4
a 197 382 7
a 197 397 10
a 198 7 9
a 198 217 5
a 198 320 9
a 199 23 3
a 199 417 5
a 200 38 9
a 200 134 10
a 201 483 8
a 202 318 7
a 203 325 4
a 203 401 2
a 204 386 5
a 205 157 4
a 205 297 4
a 206 175 2
a 206 374 2
a 207 413 4
a 208 79 3
a 208 336 7
a 208 489 5
a 209 7 8
a 209 136 1
a 210 74 7
a 211 121 2
a 212 329 2
a 213 364 6
a 214 398 4
a 215 73 8
a 215 145 6
a 215 209 8
a 215 479 1
a 216 31 8
a 216 378 8
a 216 399 10
a 217 127 9
a 217 356 10
a 218 25 3
a 218 156 1
a 219 114 1
a 219 131 8
a 220 38 1
a 220 275 7
a 221 13 2
a 221 230 7
a 221 425 6
a 222 21 7
a 223 227 9
a 223 451 4
a 223 474 8
a 224 4 4
a 224 111 5
a 225 346 10
a 225 440 5
a 226 175 6
a 226 221 1
a 227 137 4
a 228 328 8
a 229 25 5
a 230 479 1
a 231 289 5
a 232 32 7
a 233 156 6
a 234 138 5
a 234 230 10
a 235 147 8
a 236 123 1
a 236 209 9
a 237 357 1
a 238 121 6
a 239 76 1
a 240 138 4
a 241 172 4
a 241 281 7
a 242 143 9
a 242 203 7
a 242 284 2
a 242 326 5
a 243 136 1
a 244 62 4
a 244 85 2
a 244 249 4
a 244 388 10
a 245 136 3
a 245 231 5
a 245 355 5
a 246 109 8
a 247 26 10
a 247 352 4
a 248 69 6
a 248 254 1
a 248 487 9
a 249 295 5
a 250 161 4
a 251 281 5
a 251 329 8
a 251 471 4
a 251 477 8
a 252 67 10
a 252 446 10
a 253 97 6
a 253 361 5
a 254 169 3
a 254 314 3
a 255 70 1
a 255 476 1
a 256 314 1
a 257 87 2
a 257 94 7
a 258 373 3
a 259 390 7
a 260 169 3
a 260 416 7
a 261 44 2
a 261 191 3
a 262 317 1
a 263 30 6
a 263 177 6
a 263 251 5
a 264 255 2
a 264 479 8
a 264 496 9
a 265 142 7
a 265 280 3
a 266 2 8
a 267 354 10
a 268 194 1
a 268 322 8
a 269 55 10
a 269 121 7
a 269 249 9
a 270 106 3
a 270 367 9
a 271 339 3
a 271 408 8
a 271 457 4
a 272 99 3
a 273 323 2
a 274 174 6
a 274 291 5
a 275 122 4
a 275 252 2
a 275 409 9
a 275 413 8
a 276 27 10
a 276 72 4
a 276 125 10
a 276 190 7
a 276 287 8
a 277 52 1
a 277 389 3
a 278 37 9
a 278 118 9
a 278 266 2
a 279 248 9
a 279 344 2
a 280 208 9
a 280 239 3
a 281 58 2
a 281 240 7
a 282 326 10
a 282 342 9
a 283 32 10
a 284 28 8
a 284 149 6
a 284 158 3
a 285 124 8
a 285 140 5
a 285 232 2
a 285 444 6
a 286 484 2
a 287 439 6
a 288 312 8
a 289 466 5
a 290 189 4
a 290 283 2
a 290 492 6
a 291 116 7
a 291 450 6
a 292 243 3
a 293 400 4
a 293 483 1
a 294 200 5
a 294 210 7
a 294 308 7
a 295 361 6
a 296 52 3
a 296 82 2
a 296 170 2
a 296 366 3
a 297 100 5
a 297 484 3
a 298 22 6
a 298 179 1
a 299 112 3
a 299 259 7
a 299 320 3
a 300 71 10
a 300 73 8
a 300 318 3
a 300 442 1
a 301 440 4
a 302 87 6
a 303 168 2
a 304 53 6
a 304 198 4
a 305 200 5
a 305 365 6
a 305 465 8
a 306 157 2
a 306 443 3
a 307 257 1
a 307 353 7
a 307 369 2
a 308 2 10
a 308 172 10
a 308 376 8
a 309 64 4
a 310 308 9
a 310 481 1
a 310 485 5
a 311 150 7
a 312 257 7
a 313 86 8
a 313 192 9
a 314 454 4
a 315 73 6
a 316 82 7
a 316 101 5
a 316 147 1
a 317 142 7
a 318 214 6
a 318 415 2
a 319 184 10
a 320 340 4
a 320 462 9
a 321 424 9
a 321 461 1
a 322 145 3
a 323 261 9
a 323 344 1
a 323 428 2
a 324 197 1
a 325 5 8
a 325 38 1
a 325 76 5
a 325 324 7
a 326 246 7
a 326 472 3
a 327 156 2
a 327 405 5
a 328 218 3
a 328 473 6
a 329 411 3
a 329 419 5
a 330 72 5
a 331 120 8
a 331 368 4
a 332 229 9
a 333 139 3
a 334 489 1
a 335 373 8
a 336 287 2
a 337 215 10
a 337 236 2
a 338 3 9
a 338 61 3
a 338 130 9
a 338 316 6
a 338 454 7
a 339 8 2
a 339 173 3
a 340 417 5
a 340 496 4
a 341 225 9
a 342 119 8
a 342 325 1
a 342 404 5
a 342 468 10
a 343 308 10
a 344 123 7
a 344 177 2
a 345 105 2
a 346 358 9
a 347 351 2
a 347 412 5
a 347 431 7
a 348 247 5
a 348 272 8
a 348 293 3
a 348 464 6
a 349 280 5
a 350 5 5
a 350 104 8
a 350 423 1
a 351 12 5
a 351 53 3
a 351 339 7
a 352 143 4
a 353 423 8
a 354 305 1
a 354 389 2
a 355 11 4
a 355 171 10
a 355 494 2
a 356 454 7
a 356 462 1
a 357 135 3
a 357 213 3
a 357 254 9
a 358 24 4
a 358 338 6
a 359 242 8
a 360 115 4
a 360 178 2
a 360 278 1
a 361 54 4
a 361 436 8
a 362 193 4
a 362 443 6
a 363 41 8
a 364 172 1
a 365 132 6
a 365 278 10
a 366 225 8
a 366 307 8
a 366 364 9
a 366 436 8
a 367 112 6
a 368 101 2
a 369 299 9
a 369 435 9
a 370 390 3
a 370 442 9
a 371 71 2
a 371 346 7
a 372 95 3
a 372 97 1
a 372 111 4
a 373 65 5
a 373 136 2
a 374 183 10
a 375 193 3
a 376 167 6
a 376 361 9
a 377 53 9
a 377 64 3
a 377 110 7
a 377 233 5
a 377 295 8
a 378 74 5
a 378 230 3
a 378 297 4
a 379 208 8
a 380 56 1
a 380 141 2
a 381 220 8
a 381 430 5
a 381 449 7
a 382 220 1
a 382 309 1
a 382 341 9
a 382 344 9
a 382 414 1
a 382 432 6
a 383 212 1
a 383 268 1
a 384 194 10
a 385 133 9
a 385 320 9
a 386 105 4
a 386 164 4
a 386 382 7
a 386 451 2
a 387 154 9
a 387 168 2
a 387 267 5
a 387 424 4
a 388 112 7
a 389 305 9
a 389 363 3
a 390 150 10
a 391 126 8
a 391 170 4
a 392 327 3
a 392 329 4
a 392 497 2
a 393 35 6
a 393 100 9
a 394 342 6
a 394 445 8
a 394 455 6
a 395 206 3
a 395 372 10
a 395 469 9
a 396 369 9
a 397 286 10
a 397 300 8
a 397 311 3
a 398 39 2
a 398 151 3
a 398 199 5
a 399 283 2
a 399 448 6
a 400 47 7
a 400 236 1
a 400 319 3
a 400 426 7
a 401 361 4
a 402 173 5
a 402 277 6
a 402 472 3
a 403 233 2
a 404 120 5
a 404 492 9
a 405 214 10
a 406 348 6
a 407 211 4
a 408 129 8
a 408 165 6
a 408 402 1
a 409 42 3
a 410 137 6
a 410 437 6
a 411 165 9
a 411 288 7
a 411 306 1
a 411 450 2
a 412 22 8
a 413 80 9
a 414 4 2
a 414 296 4
a 415 176 10
a 415 498 9
a 416 64 5
a 416 298 6
a 417 96 1
a 417 380 4
a 418 128 10
a 418 381 7
a 419 8 2
a 420 226 1
a 420 240 7
a 420 433 1
a 421 459 9
a 422 76 1
a 422 418 7
a 422 488 1
a 423 102 2
a 423 118 10
a 423 453 1
a 424 230 3
a 424 391 2
a 425 244 3
a 425 470 4
a 426 162 3
a 427 126 2
a 427 242 10
a 427 420 5
a 428 31 3
a 428 467 10
a 428 486 1
a 429 174 7
a 430 166 6
a 430 310 10
a 430 331 2
a 431 56 9
a 431 61 7
a 431 195 7
a 431 223 1
a 432 68 4
a 432 415 7
a 433 155 4
a 433 389 3
a 434 46 2
a 434 200 4
a 435 28 9
a 435 66 10
a 436 35 10
a 436 315 3
a 437 117 4
a 437 213 8
a 438 305 5
a 439 187 3
a 439 331 1
a 440 272 1
a 440 382 9
a 441 128 4
a 441 214 8
a 441 245 2
a 441 469 1
a 442 85 7
a 443 249 9
a 444 120 1
a 445 52 4
a 446 304 5
a 446 373 6
a 447 303 4
a 447 419 3
a 448 199 1
a 448 486 1
a 449 16 6
a 449 77 2
a 449 273 4
a 449 410 5
a 450 130 10
a 450 494 7
a 451 161 7
a 451 376 1
a 452 48 6
a 452 121 1
a 452 263 2
a 453 125 5
a 454 253 9
a 454 428 5
a 454 499 8
a 455 254 5
a 455 301 9
a 456 125 4
a 457 31 4
a 457 251 2
a 458 9 9
a 458 78 4
a 458 207 5
a 459 262 9
a 459 355 2
a 459 498 2
a 460 57 10
a 461 282 1
a 461 323 8
a 461 485 4
a 461 489 5
a 462 142 8
a 462 192 3
a 463 49 3
a 463 124 7
a 464 29 2
a 464 40 2
a 465 394 9
a 465 410 6
a 466 179 5
a 466 222 2
a 467 375 6
a 467 500 3
a 468 130 4
a 468 407 6
a 469 90 5
a 469 238 1
a 470 217 1
a 471 497 8
a 472 286 7
a 473 50 3
a 474 178 6
a 474 393 9
a 474 437 5
a 475 67 6
a 476 167 9
a 477 43 1
a 477 67 1
a 477 217 4
a 478 13 5
a 478 121 3
a 478 375 6
a 479 290 6
a 479 397 6
a 479 433 6
a 480 102 9
a 480 348 2
a 480 421 6
a 481 166 8
a 482 224 6
a 482 271 10
a 482 320 10
a 483 12 2
a 484 197 3
a 484 296 6
a 484 356 9
a 485 34 9
a 486 463 7
a 487 96 3
a 487 359 1
a 488 468 2
a 489 239 1
a 489 377 7
a 490 265 5
a 490 307 10
a 490 328 7
a 490 419 9
a 491 153 6
a 492 5 3
a 492 14 3
a 492 412 2
a 493 119 6
a 493 124 10
a 494 344 5
a 495 263 9
a 495 367 7
a 496 173 6
a 496 280 10
a 496 475 1
a 497 122 9
a 498 379 3
a 499 72 7
