p max 500 1000
n 1 s
n 500 t
a 1 401 10
a 2 394 1
a 3 144 8
a 4 283 6
a 4 286 5
a 4 301 8
a 5 161 8
a 6 156 2
a 6 244 1
a 7 158 7
a 8 36 10
a 8 408 8
a 9 467 8
a 10 165 4
a 11 168 4
a 11 399 1
a 12 312 4
a 13 436 5
a 13 447 9
a 13 472 10
a 14 87 4
a 14 130 10
a 14 344 1
a 14 378 2
a 15 49 4
a 15 418 8
a 15 425 4
a 16 363 10
a 17 454 10
a 18 124 6
a 18 457 6
a 19 101 10
a 19 242 9
a 20 370 1
a 21 272 1
a 21 387 8
a 21 415 5
a 22 266 9
a 22 349 6
a 22 449 8
a 23 114 2
a 24 134 2
a 24 391 5
a 25 307 5
a 25 480 3
a 26 113 9
a 26 465 3
a 27 262 7
a 27 279 2
a 28 462 5
a 29 142 5
a 30 80 5
a 30 154 3
a 31 30 6
a 31 431 10
a 32 111 4
a 32 127 5
a 32 322 10
a 33 10 6
a 34 78 4
a 35 197 3
a 36 76 10
a 36 154 1
a 37 18 8
a 37 97 6
a 37 486 3
a 38 227 10
a 38 424 3
a 39 134 8
a 39 416 8
a 40 76 8
a 41 282 5
a 41 309 5
a 42 217 7
a 42 442 8
a 43 61 9
a 44 217 4
a 44 302 1
a 45 17 10
a 45 21 9
a 45 292 8
a 46 133 1
a 46 404 5
a 47 371 3
a 48 447 9
a 48 498 10
a 49 14 1
a 49 42 9
a 49 209 6
a 49 256 4
a 50 83 1
a 50 186 2
a 50 404 7
a 51 371 8
a 51 469 3
a 51 485 10
a 52 402 1
a 52 404 4
a 53 81 2
a 53 113 6
a 54 178 10
a 54 456 3
a 55 380 7
a 56 306 5
a 56 400 10
a 57 131 4
a 58 449 6
a 59 63 1
a 59 210 10
a 59 338 7
a 60 429 2
a 61 52 9
a 62 157 6
a 62 246 9
a 62 255 7
a 63 6 3
a 64 149 7
a 65 142 9
a 65 173 5
a 66 190 3
a 66 431 3
a 67 103 5
a 67 232 10
a 67 495 5
a 68 402 7
a 69 153 7
a 69 342 1
a 69 491 8
a 70 237 10
a 71 184 7
a 71 409 4
a 71 427 2
a 71 467 2
a 72 30 6
a 72 272 4
a 73 98 8
a 73 234 9
a 73 282 3
a 74 407 4
a 75 193 5
a 76 124 4
a 76 254 5
a 76 432 5
a 77 252 8
a 77 349 7
a 78 297 2
a 78 497 3
a 79 273 8
a 79 302 3
a 80 167 10
a 81 448 3
a 82 467 5
a 82 483 9
a 83 108 8
a 83 140 2
a 83 393 4
a 83 428 10
a 84 181 1
a 84 248 9
a 85 293 3
a 86 73 5
a 86 443 1
a 86 475 5
a 87 52 9
a 87 271 10
a 88 77 4
a 88 122 10
a 88 315 1
a 89 80 10
a 89 156 10
a 90 197 3
a 90 377 9
a 91 169 3
a 91 211 10
a 91 352 10
a 92 155 9
a 92 272 3
a 93 499 5
a 94 291 4
a 94 490 9
a 95 187 10
a 95 433 7
a 96 24 5
a 96 26 10
a 97 381 6
a 97 495 6
a 98 20 8
a 99 112 7
a 100 304 9
a 101 144 1
a 102 386 2
a 103 272 9
a 103 337 8
a 104 320 3
a 104 359 10
a 104 433 8
a 105 197 7
a 105 313 3
a 106 404 7
a 107 363 5
a 107 414 2
a 107 484 6
a 108 254 10
a 108 487 6
a 109 230 3
a 109 347 10
a 109 457 2
a 110 297 4
a 110 452 4
a 111 295 3
a 111 354 2
a 111 378 2
a 112 260 9
a 112 470 9
a 113 103 5
a 113 314 2
a 113 332 7
a 114 137 10
a 114 307 7
a 115 385 4
a 115 446 6
a 116 318 9
a 116 347 7
a 117 157 6
a 117 168 10
a 118 72 7
a 118 473 5
a 119 86 2
a 120 157 2
a 120 322 5
a 120 329 1
a 120 405 5
a 121 297 9
a 122 406 6
a 122 483 2
a 123 145 2
a 123 440 4
a 124 54 4
a 124 208 7
a 124 211 8
a 124 318 7
a 125 22 1
a 126 401 2
a 127 371 3
a 128 54 2
a 129 37 9
a 129 92 9
a 130 148 9
a 130 466 2
a 131 281 9
a 132 15 7
a 132 221 4
a 132 441 9
a 133 68 8
a 133 493 2
a 134 187 3
a 134 265 9
a 134 361 2
a 134 478 1
a 135 80 1
a 135 462 8
a 136 393 8
a 137 29 2
a 137 401 8
a 137 481 8
a 138 298 9
a 138 369 10
a 138 379 9
a 138 466 7
a 139 88 8
a 139 300 6
a 140 10 9
a 141 285 9
a 141 395 7
a 142 476 9
a 143 364 6
a 143 395 6
a 144 464 1
a 145 215 8
a 145 351 6
a 145 453 6
a 146 172 3
a 147 122 2
a 147 479 3
a 148 123 10
a 148 235 1
a 148 304 8
a 149 32 10
a 149 109 9
a 149 465 2
a 150 103 8
a 150 293 4
a 151 257 1
a 151 423 4
a 151 495 4
a 152 251 10
a 153 150 1
a 154 157 1
a 155 272 2
a 156 45 10
a 156 362 4
a 156 372 6
a 156 488 4
a 156 494 4
a 157 343 4
a 157 429 1
a 158 167 10
a 158 311 8
a 158 464 6
a 159 461 1
a 160 70 5
a 160 446 10
a 160 454 8
a 161 108 4
a 161 196 10
a 162 434 4
a 163 204 1
a 163 377 5
a 164 250 7
a 165 66 1
a 166 10 1
a 167 275 3
a 167 278 6
a 168 348 10
a 168 427 5
a 169 9 8
a 169 59 1
a 169 477 9
a 170 256 7
a 170 403 1
a 171 136 10
a 171 213 7
a 172 98 1
a 172 247 3
a 172 499 8
a 173 411 1
a 174 79 4
a 174 221 2
a 175 253 10
a 175 430 7
a 175 437 5
a 176 401 9
a 177 482 8
a 178 265 7
a 178 489 4
a 179 238 2
a 179 251 1
a 179 439 1
a 180 99 9
a 181 282 8
a 182 177 5
a 182 439 6
a 182 492 7
a 182 500 7
a 183 73 10
a 184 159 8
a 184 387 6
a 185 39 3
a 185 119 9
a 185 460 1
a 186 84 8
a 186 205 6
a 186 416 10
a 186 421 5
a 187 282 5
a 187 360 7
a 187 448 4
a 188 68 3
a 188 432 9
a 189 424 6
a 190 93 7
a 190 271 8
a 190 419 8
a 191 27 4
a 192 376 5
a 192 440 1
a 193 38 10
a 193 109 2
a 193 141 2
a 194 56 8
a 194 199 7
a 195 376 3
a 196 487 10
a 197 96 7
a 197 405 8
a 198 53 6
a 198 248 1
a 199 24 10
a 199 244 4
a 200 64 10
a 200 135 3
a 200 317 3
a 201 126 9
a 202 323 3
a 202 335 9
a 202 460 10
a 203 40 1
a 203 416 9
a 204 49 7
a 204 149 5
a 205 53 3
a 205 333 3
a 206 403 9
a 207 301 5
a 207 342 4
a 208 229 8
a 208 378 3
a 209 336 1
a 209 477 5
a 210 156 10
a 210 237 7
a 211 43 9
a 211 64 7
a 211 131 9
a 211 194 10
a 211 398 1
a 212 415 1
a 213 456 9
a 214 55 9
a 214 429 5
a 215 70 2
a 215 185 6
a 216 125 9
a 217 75 9
a 217 238 7
a 218 242 2
a 218 375 2
a 218 443 9
a 218 470 9
a 219 132 5
a 219 214 8
a 220 247 5
a 220 318 4
a 221 433 7
a 222 43 6
a 222 353 8
a 223 95 3
a 223 164 10
a 223 199 1
a 223 207 6
a 223 365 2
a 223 393 5
a 224 189 4
a 225 115 3
a 225 475 9
a 226 264 10
a 226 308 7
a 226 374 4
a 227 201 4
a 227 328 2
a 228 63 3
a 228 383 6
a 228 413 2
a 229 18 9
a 229 162 3
a 229 451 6
a 230 34 10
a 230 142 7
a 230 171 4
a 230 191 7
a 230 369 5
a 231 223 9
a 231 389 5
a 232 64 1
a 232 175 10
a 232 240 2
a 232 250 10
a 233 249 1
a 233 495 10
a 234 202 10
a 234 357 9
a 235 491 6
a 236 189 6
a 236 217 4
a 236 396 2
a 237 24 10
a 237 388 10
a 238 61 2
a 239 471 4
a 240 176 3
a 240 197 7
a 240 198 8
a 240 320 9
a 240 373 5
a 241 13 5
a 241 46 6
a 241 350 3
a 241 381 10
a 242 476 7
a 243 115 4
a 243 355 1
a 244 44 10
a 244 106 1
a 244 250 3
a 245 81 6
a 245 209 6
a 246 355 7
a 246 455 9
a 247 278 5
a 248 110 6
a 248 247 10
a 248 259 2
a 248 281 2
a 249 265 5
a 250 349 4
a 250 476 4
a 251 50 5
a 251 88 8
a 251 94 4
a 251 114 1
a 251 183 4
a 251 224 10
a 252 49 5
a 253 78 1
a 253 431 7
a 254 13 10
a 254 274 4
a 255 144 8
a 255 358 3
a 256 125 3
a 256 488 7
a 257 89 3
a 257 172 10
a 257 250 1
a 257 324 6
a 257 422 9
a 258 60 2
a 258 180 1
a 258 264 7
a 259 75 4
a 260 47 1
a 260 348 1
a 261 195 2
a 261 241 8
a 262 192 6
a 262 204 3
a 262 312 1
a 263 236 2
a 263 303 1
a 264 99 10
a 264 102 6
a 264 213 7
a 265 345 10
a 266 394 2
a 267 60 1
a 267 158 3
a 267 287 5
a 268 200 6
a 269 143 6
a 269 194 6
a 269 219 6
a 269 276 4
a 270 377 6
a 270 416 9
a 270 441 1
a 271 156 6
a 272 125 8
a 272 486 5
a 273 149 5
a 273 258 9
a 274 82 6
a 274 471 1
a 275 452 9
a 275 456 4
a 276 420 2
a 277 66 7
a 277 391 7
a 278 165 1
a 278 170 10
a 278 459 7
a 279 100 1
a 279 216 8
a 279 321 3
a 279 489 9
a 280 484 8
a 281 4 6
a 281 127 4
a 282 116 7
a 282 130 4
a 282 367 4
a 283 467 1
a 284 70 5
a 284 339 1
a 285 146 6
a 285 311 10
a 285 388 6
a 285 473 10
a 285 483 10
a 286 130 7
a 287 261 9
a 287 313 2
a 288 381 10
a 288 498 8
a 289 378 10
a 290 155 4
a 290 477 1
a 291 267 6
a 291 478 9
a 292 394 9
a 293 60 7
a 294 117 3
a 294 193 5
a 295 84 8
a 295 356 2
a 296 276 6
a 296 366 1
a 297 58 8
a 297 275 1
a 298 151 10
a 298 346 10
a 299 48 10
a 299 112 5
a 299 149 7
a 299 291 1
a 300 222 1
a 300 239 1
a 300 254 3
a 301 160 8
a 301 174 8
a 302 460 10
a 303 296 3
a 304 264 7
a 304 340 10
a 305 71 2
a 305 433 10
a 306 443 1
a 307 139 9
a 307 424 9
a 307 448 10
a 308 345 1
a 308 396 4
a 309 20 5
a 309 28 2
a 309 136 2
a 309 274 5
a 310 108 3
a 310 212 6
a 310 214 5
a 311 351 7
a 312 2 1
a 312 126 9
a 312 270 8
a 312 438 4
a 313 226 8
a 313 384 2
a 314 43 7
a 314 82 3
a 314 144 1
a 315 22 5
a 315 421 8
a 316 317 2
a 316 417 10
a 317 27 2
a 317 232 8
a 318 349 3
a 318 430 2
a 319 266 6
a 319 484 9
a 320 127 10
a 320 296 8
a 320 468 10
a 321 56 8
a 322 308 5
a 322 314 2
a 322 458 10
a 323 438 6
a 324 323 6
a 325 110 10
a 326 216 9
a 327 214 3
a 327 289 7
a 328 220 7
a 328 257 7
a 328 368 2
a 328 461 4
a 329 249 1
a 330 19 7
a 330 166 4
a 330 229 9
a 330 253 6
a 331 63 10
a 331 185 6
a 332 107 10
a 332 147 10
a 332 399 1
a 332 482 3
a 333 63 6
a 333 180 8
a 334 11 10
a 334 90 3
a 334 276 2
a 335 128 6
a 335 183 7
a 335 294 10
a 336 12 3
a 336 201 7
a 337 84 4
a 337 121 5
a 338 8 7
a 338 97 10
a 339 11 1
a 339 119 7
a 339 218 10
a 340 493 10
a 341 39 5
a 341 328 2
a 341 496 9
a 342 201 10
a 343 178 8
a 344 129 3
a 344 382 4
a 345 14 8
a 346 182 6
a 346 455 5
a 347 191 8
a 348 101 10
a 349 67 10
a 349 274 9
a 350 54 10
a 351 245 4
a 352 65 5
a 352 319 6
a 353 383 8
a 354 63 1
a 354 206 5
a 354 215 3
a 355 280 7
a 356 212 1
a 356 241 1
a 357 273 8
a 357 380 10
a 358 320 6
a 359 34 3
a 359 37 4
a 359 445 8
a 360 243 2
a 360 303 1
a 361 149 10
a 361 398 2
a 361 444 6
a 362 116 9
a 363 126 1
a 363 246 3
a 364 163 1
a 364 394 6
a 364 500 4
a 365 122 8
a 365 493 9
a 365 496 1
a 366 238 3
a 366 376 2
a 367 55 7
a 367 441 10
a 368 295 2
a 368 305 8
a 368 326 5
a 369 91 1
a 369 325 9
a 369 382 4
a 369 411 9
a 370 296 1
a 371 283 3
a 372 57 2
a 372 335 4
a 373 86 7
a 373 147 9
a 374 51 3
a 374 228 7
a 374 441 6
a 375 75 7
a 375 316 8
a 375 341 7
a 376 31 9
a 377 108 1
a 378 347 6
a 379 58 8
a 380 24 6
a 381 464 7
a 382 14 6
a 383 56 1
a 383 74 4
a 383 91 2
a 383 118 6
a 383 386 8
a 384 98 7
a 385 105 5
a 385 397 10
a 386 304 5
a 386 374 6
a 387 70 6
a 388 35 2
a 388 260 1
a 389 132 9
a 389 161 10
a 390 290 7
a 390 401 3
a 390 445 2
a 391 182 3
a 392 186 4
a 392 284 8
a 393 475 7
a 394 22 9
a 394 268 7
a 395 117 1
a 396 5 6
a 396 16 10
a 397 165 1
a 398 57 10
a 399 108 2
a 400 97 2
a 401 322 3
a 402 190 7
a 403 6 2
a 403 472 6
a 404 91 9
a 404 341 7
a 405 253 7
a 406 150 3
a 407 97 4
a 407 364 3
a 408 82 8
a 409 118 8
a 410 303 6
a 411 16 2
a 411 64 4
a 411 392 4
a 412 196 2
a 413 235 8
a 414 81 6
a 414 97 1
a 415 229 6
a 415 330 3
a 415 463 1
a 416 422 2
a 417 280 3
a 417 335 5
a 418 8 2
a 418 394 8
a 419 226 6
a 419 299 9
a 419 412 8
a 420 181 5
a 420 344 8
a 421 242 10
a 421 488 4
a 422 179 6
a 423 368 8
a 424 403 10
a 425 7 10
a 425 390 9
a 425 453 4
a 426 150 9
a 426 269 1
a 426 277 7
a 426 364 5
a 427 258 7
a 428 2 4
a 429 436 3
a 430 94 2
a 430 410 10
a 431 59 5
a 431 85 9
a 431 176 7
a 432 31 10
a 432 97 10
a 432 306 4
a 433 203 9
a 433 225 3
a 433 389 8
a 433 397 2
a 434 231 4
a 434 288 6
a 434 294 8
a 434 331 7
a 434 412 7
a 435 189 1
a 435 370 7
a 436 238 2
a 436 453 6
a 436 486 7
a 437 182 2
a 438 275 8
a 439 435 2
a 439 491 8
a 440 222 7
a 441 474 3
a 442 84 1
a 442 290 3
a 443 105 8
a 443 417 4
a 444 23 5
a 444 316 1
a 444 381 10
a 444 396 7
a 444 450 10
a 445 227 8
a 446 117 7
a 446 275 6
a 447 21 8
a 447 267 2
a 447 459 7
a 448 30 4
a 448 151 5
a 448 485 7
a 449 102 5
a 449 408 5
a 449 434 1
a 450 403 6
a 451 96 1
a 451 311 9
a 452 282 9
a 453 62 9
a 453 240 3
a 454 66 4
a 455 61 3
a 456 138 7
a 456 164 1
a 457 160 5
a 457 327 7
a 457 381 5
a 458 123 1
a 458 236 9
a 459 120 7
a 459 224 2
a 460 58 5
a 461 104 9
a 461 202 2
a 461 262 6
a 462 133 5
a 462 145 7
a 463 416 3
a 463 474 6
a 464 245 3
a 464 433 4
a 464 493 2
a 465 71 2
a 465 129 2
a 466 266 6
a 467 494 9
a 468 253 9
a 469 346 4
a 470 298 7
a 471 113 4
a 472 442 2
a 473 61 8
a 473 188 4
a 473 191 2
a 474 431 1
a 475 414 2
a 475 463 10
a 476 460 1
a 477 150 4
a 477 263 2
a 478 31 7
a 478 157 9
a 479 391 9
a 480 3 1
a 480 9 2
a 480 152 3
a 481 113 10
a 481 262 1
a 482 91 10
a 483 371 8
a 484 33 5
a 484 47 9
a 484 167 3
a 484 301 8
a 485 495 4
a 486 69 3
a 486 128 7
a 486 205 2
a 487 263 5
a 487 334 10
a 488 110 3
a 489 351 2
a 490 145 7
a 491 149 3
a 491 214 10
a 492 135 2
a 492 137 9
a 492 310 7
a 492 452 9
a 493 224 3
a 494 271 10
a 494 312 9
a 495 179 8
a 495 450 2
a 496 399 4
a 497 25 5
a 497 202 4
a 497 319 1
a 497 333 2
a 498 41 2
a 498 145 2
a 498 233 10
a 498 407 10
a 498 426 7
a 499 200 3
a 499 420 5
a 499 474 5
