p max 500 1000
n 1 s
n 500 t
a 1 272 2
a 1 359 6
a 1 495 4
a 2 338 5
a 3 339 9
a 3 394 2
a 3 423 9
a 3 436 10
a 4 412 8
a 5 191 3
a 5 485 1
a 6 50 3
a 6 95 9
a 6 126 10
a 6 161 5
a 6 267 5
a 7 146 3
a 7 363 4
a 7 448 2
a 8 4 5
a 8 313 9
a 8 432 4
a 9 72 7
a 9 212 8
a 9 415 1
a 10 16 1
a 10 77 3
a 10 278 5
a 11 273 6
a 11 310 9
a 12 168 1
a 13 332 7
a 14 28 10
a 14 337 5
a 14 379 7
a 14 463 1
a 15 259 10
a 15 371 5
a 15 383 5
a 16 7 6
a 16 81 5
a 16 100 10
a 17 29 5
a 18 163 10
a 19 56 4
a 19 85 6
a 19 456 10
a 19 465 2
a 20 51 2
a 20 67 3
a 20 156 9
a 20 317 3
a 21 69 7
a 22 114 8
a 23 175 8
a 24 385 1
a 25 84 10
a 25 437 9
a 25 438 4
a 26 471 9
a 26 486 2
a 27 358 5
a 27 367 3
a 28 289 7
a 28 360 9
a 29 131 6
a 30 47 7
a 30 414 3
a 31 93 5
a 31 343 1
a 32 11 1
a 32 29 5
a 32 296 9
a 33 423 9
a 34 214 9
a 34 225 5
a 35 458 10
a 36 238 10
a 36 403 3
a 36 477 9
a 37 448 3
a 38 71 1
a 38 172 10
a 39 318 6
a 40 370 10
a 41 418 7
a 42 119 8
a 42 357 1
a 43 186 10
a 43 273 4
a 43 290 3
a 44 359 9
a 44 361 1
a 44 368 7
a 44 393 9
a 45 49 2
a 45 215 8
a 45 362 5
a 46 266 3
a 46 351 4
a 47 43 9
a 47 99 9
a 47 107 5
a 47 127 4
a 47 231 9
a 47 364 7
a 48 47 8
a 48 90 1
a 49 101 5
a 49 153 7
a 49 291 8
a 49 360 2
a 50 217 5
a 50 455 5
a 51 133 2
a 51 140 10
a 52 25 4
a 52 67 3
a 52 320 1
a 53 250 1
a 54 238 6
a 54 457 5
a 55 23 3
a 55 155 5
a 55 344 7
a 55 422 3
a 55 449 8
a 56 113 7
a 56 189 1
a 56 323 4
a 57 425 9
a 58 205 6
a 59 60 8
a 59 94 3
a 60 124 5
a 60 213 1
a 60 471 5
a 61 79 7
a 61 374 4
a 62 65 5
a 63 103 2
a 63 252 5
a 64 222 3
a 64 419 1
a 65 22 7
a 65 61 3
a 65 96 7
a 66 202 9
a 67 338 3
a 67 479 8
a 68 71 3
a 68 342 10
a 69 248 10
a 70 137 6
a 70 151 3
a 70 395 6
a 71 221 3
a 72 73 5
a 72 163 8
a 72 461 10
a 73 78 8
a 73 123 1
a 73 164 9
a 73 223 3
a 74 238 3
a 75 224 6
a 75 241 6
a 76 266 3
a 77 214 9
a 77 333 2
a 77 400 5
a 78 19 5
a 78 162 7
a 79 397 7
a 79 416 5
a 79 455 2
a 80 32 4
a 80 303 8
a 80 354 9
a 81 94 10
a 82 132 3
a 83 169 4
a 84 4 6
a 84 18 1
a 84 122 10
a 85 93 5
a 85 265 2
a 86 34 3
a 86 129 2
a 86 176 9
a 86 196 1
a 87 9 5
a 87 319 2
a 88 21 3
a 88 29 9
a 89 172 2
a 89 299 8
a 89 345 2
a 89 365 10
a 90 104 2
a 90 418 4
a 91 339 7
a 92 264 7
a 93 49 2
a 94 48 3
a 95 119 5
a 95 391 8
a 95 471 1
a 96 62 9
a 97 159 9
a 97 457 10
a 98 169 6
a 99 3 7
a 100 325 10
a 101 10 9
a 102 17 10
a 102 384 2
a 103 32 10
a 103 235 4
a 104 140 4
a 105 5 7
a 105 181 5
a 106 187 8
a 106 188 10
a 106 236 5
a 106 491 7
a 107 15 3
a 107 240 9
a 107 270 3
a 108 8 5
a 108 336 6
a 109 190 7
a 110 89 3
a 111 119 8
a 112 89 7
a 112 324 2
a 113 186 3
a 114 103 4
a 114 151 1
a 114 440 10
a 115 44 6
a 115 327 4
a 115 348 5
a 116 138 1
a 116 445 1
a 117 248 3
a 118 84 8
a 118 268 5
a 119 34 2
a 119 162 2
a 119 296 6
a 119 449 4
a 120 96 8
a 120 130 8
a 120 183 1
a 120 237 1
a 120 464 5
a 121 415 8
a 122 450 6
a 123 18 5
a 123 147 8
a 124 168 1
a 125 129 8
a 126 79 4
a 126 166 1
a 126 472 10
a 127 220 5
a 127 238 5
a 127 415 9
a 128 339 3
a 128 341 5
a 129 24 9
a 129 121 9
a 130 309 3
a 131 11 2
a 131 154 5
a 131 157 4
a 131 202 1
a 131 229 6
a 132 37 7
a 132 148 9
a 132 388 8
a 133 62 3
a 133 272 10
a 133 390 4
a 134 80 2
a 135 353 8
a 135 358 9
a 136 184 5
a 136 488 9
a 137 209 4
a 138 201 6
a 138 253 1
a 138 414 6
a 139 58 1
a 139 389 10
a 139 423 2
a 140 69 9
a 140 178 9
a 140 243 9
a 140 499 3
a 141 461 3
a 142 269 4
a 142 418 4
a 142 441 4
a 143 184 5
a 144 59 3
a 144 76 8
a 144 283 1
a 145 123 8
a 145 288 9
a 145 308 9
a 145 326 7
a 146 29 10
a 146 91 6
a 146 276 8
a 147 462 10
a 148 379 7
a 149 212 1
a 149 406 2
a 150 27 4
a 150 485 1
a 151 112 2
a 151 159 2
a 151 208 3
a 151 307 4
a 152 160 4
a 153 287 5
a 153 398 4
a 154 199 10
a 154 492 1
a 155 11 2
a 156 42 10
a 156 214 2
a 157 92 8
a 157 363 8
a 157 460 9
a 158 148 8
a 158 349 6
a 159 144 3
a 159 177 10
a 159 294 3
a 160 17 9
a 160 238 1
a 161 190 1
a 162 102 9
a 162 286 9
a 163 3 6
a 163 165 3
a 164 397 10
a 164 459 5
a 165 322 8
a 166 36 10
a 166 51 8
a 167 84 1
a 168 75 10
a 168 293 8
a 169 84 4
a 169 474 5
a 170 26 2
a 170 141 6
a 170 262 1
a 171 249 4
a 171 256 5
a 171 470 7
a 172 29 5
a 173 235 5
a 174 3 3
a 174 38 8
a 175 341 1
a 176 146 5
a 177 175 9
a 177 294 10
a 178 358 3
a 179 248 10
a 179 289 5
a 180 25 6
a 181 201 6
a 182 87 7
a 182 217 3
a 183 30 7
a 183 446 10
a 184 276 9
a 184 470 7
a 185 69 6
a 186 404 9
a 187 228 5
a 188 272 9
a 189 16 2
a 189 407 4
a 190 178 9
a 191 123 8
a 191 173 9
a 191 279 4
a 191 421 8
a 191 426 10
a 192 380 7
a 192 471 2
a 193 235 7
a 194 101 3
a 195 9 1
a 195 166 4
a 195 227 2
a 196 99 5
a 197 207 10
a 198 30 2
a 198 131 1
a 198 325 10
a 199 31 8
a 199 427 10
a 200 203 9
a 201 69 4
a 201 254 4
a 202 36 2
a 202 402 4
a 203 99 4
a 203 347 8
a 204 445 2
a 204 496 2
a 205 190 9
a 206 103 5
a 207 73 2
a 208 152 7
a 209 239 9
a 209 392 8
a 209 430 1
a 210 35 2
a 210 398 5
a 211 222 7
a 211 274 7
a 212 177 8
a 212 211 6
a 213 111 7
a 213 125 10
a 213 164 4
a 214 52 10
a 214 104 4
a 214 158 9
a 214 241 5
a 215 390 6
a 215 500 8
a 216 40 7
a 216 411 1
a 216 415 3
a 217 251 7
a 217 345 7
a 217 355 6
a 217 453 10
a 218 190 10
a 219 63 1
a 219 323 6
a 220 223 1
a 220 474 1
a 221 332 1
a 222 2 4
a 222 435 6
a 222 462 3
a 223 75 8
a 223 139 4
a 224 155 3
a 224 245 8
a 225 337 10
a 226 93 3
a 226 177 9
a 226 338 1
a 226 377 8
a 227 457 8
a 227 499 1
a 228 193 9
a 228 235 6
a 229 337 5
a 229 428 1
a 229 486 3
a 230 121 5
a 230 418 9
a 231 459 6
a 232 192 9
a 233 2 10
a 233 246 5
a 234 379 7
a 234 404 7
a 234 434 5
a 235 57 7
a 235 394 4
a 236 22 2
a 236 401 1
a 237 175 8
a 237 181 5
a 237 298 10
a 238 371 5
a 239 387 9
a 239 413 9
a 240 320 6
a 240 405 1
a 241 26 3
a 241 195 9
a 241 461 1
a 242 93 9
a 242 404 9
a 243 80 9
a 243 196 6
a 244 121 8
a 244 310 3
a 244 459 1
a 244 467 8
a 245 74 6
a 246 271 1
a 246 476 4
a 247 128 5
a 247 180 4
a 247 383 7
a 248 78 2
a 248 488 4
a 249 330 1
a 250 247 5
a 250 251 2
a 251 304 5
a 251 488 7
a 252 231 3
a 253 192 1
a 253 461 1
a 254 305 8
a 254 460 3
a 255 131 10
a 256 283 3
a 256 495 2
a 257 324 3
a 258 325 8
a 258 336 5
a 258 396 7
a 259 226 9
a 259 354 6
a 260 208 5
a 261 365 1
a 261 451 6
a 262 236 3
a 263 216 7
a 264 210 8
a 264 332 2
a 264 454 9
a 265 10 6
a 265 81 2
a 265 287 6
a 265 291 2
a 265 423 7
a 266 373 8
a 267 167 8
a 267 176 5
a 267 306 8
a 268 310 4
a 269 280 2
a 269 387 6
a 270 182 3
a 270 447 4
a 271 322 10
a 272 226 2
a 272 458 8
a 272 483 9
a 272 493 5
a 273 210 9
a 273 288 9
a 274 357 6
a 274 497 10
a 275 120 1
a 275 408 5
a 276 223 1
a 277 327 1
a 278 226 10
a 279 105 1
a 279 112 3
a 280 432 3
a 281 292 2
a 282 352 7
a 283 120 3
a 283 492 8
a 284 201 3
a 284 362 1
a 284 386 2
a 285 312 5
a 285 419 4
a 286 456 2
a 287 106 3
a 287 134 10
a 287 337 1
a 287 398 4
a 288 232 8
a 288 254 3
a 288 399 8
a 288 409 3
a 289 83 3
a 289 300 4
a 290 135 8
a 290 325 6
a 291 194 8
a 291 484 9
a 292 308 7
a 292 465 2
a 293 75 7
a 293 432 9
a 294 54 3
a 294 435 7
a 295 6 7
a 295 240 9
a 295 318 8
a 296 69 6
a 296 113 5
a 296 233 6
a 297 326 7
a 298 300 8
a 298 324 5
a 298 404 5
a 299 133 8
a 299 205 3
a 300 463 4
a 301 32 6
a 301 256 5
a 302 359 4
a 302 451 4
a 303 279 3
a 304 108 1
a 304 211 7
a 304 250 6
a 304 351 6
a 304 425 8
a 305 134 7
a 306 166 10
a 306 278 6
a 306 301 8
a 306 491 2
a 307 295 3
a 307 400 4
a 308 138 7
a 309 124 6
a 310 262 6
a 311 64 5
a 311 185 3
a 312 91 10
a 313 117 2
a 313 150 4
a 314 273 1
a 314 466 9
a 315 110 4
a 315 473 7
a 316 252 9
a 317 192 4
a 317 396 1
a 317 476 2
a 318 270 5
a 319 497 6
a 320 137 7
a 320 274 9
a 320 316 4
a 321 116 5
a 321 399 9
a 321 490 5
a 322 13 4
a 322 285 1
a 322 382 10
a 322 442 1
a 323 146 1
a 323 182 3
a 324 204 7
a 324 309 6
a 324 474 4
a 325 190 2
a 326 112 7
a 327 130 4
a 328 110 6
a 329 174 10
a 330 44 2
a 330 68 8
a 331 354 5
a 331 481 1
a 332 206 10
a 333 93 6
a 334 267 3
a 335 132 8
a 335 364 9
a 335 496 10
a 336 12 6
a 336 86 9
a 336 348 7
a 337 27 7
a 337 380 10
a 337 469 4
a 338 14 5
a 338 179 7
a 339 33 9
a 339 65 8
a 339 230 9
a 340 66 9
a 340 145 5
a 340 170 2
a 340 285 1
a 341 215 2
a 342 322 1
a 343 55 9
a 344 88 1
a 344 282 1
a 345 45 10
a 345 216 2
a 345 342 2
a 346 50 1
a 347 233 4
a 348 96 9
a 348 193 4
a 348 381 5
a 349 35 1
a 349 148 4
a 350 72 9
a 350 198 5
a 351 115 9
a 351 345 7
a 351 352 7
a 352 330 6
a 353 44 10
a 353 214 6
a 353 322 1
a 354 307 7
a 354 334 1
a 355 492 6
a 356 62 5
a 356 369 1
a 357 202 1
a 358 260 8
a 358 377 6
a 359 380 4
a 360 110 7
a 360 415 4
a 361 386 7
a 361 475 5
a 362 100 8
a 363 369 7
a 364 119 7
a 365 219 6
a 366 291 4
a 367 169 3
a 367 218 8
a 367 357 8
a 368 194 8
a 368 456 4
a 368 500 8
a 369 168 2
a 369 251 1
a 369 263 10
a 369 450 3
a 370 206 10
a 370 337 6
a 370 478 5
a 371 115 10
a 371 221 10
a 371 330 4
a 371 375 8
a 372 32 6
a 372 46 3
a 372 262 2
a 373 286 7
a 373 335 9
a 373 419 7
a 374 264 8
a 374 311 5
a 375 307 7
a 376 37 8
a 376 149 5
a 377 130 8
a 378 453 3
a 378 487 7
a 379 372 7
a 379 413 7
a 379 446 9
a 380 366 5
a 380 378 3
a 381 463 2
a 381 468 9
a 381 480 4
a 382 229 10
a 383 376 8
a 383 494 7
a 384 343 7
a 384 408 10
a 385 495 1
a 386 197 4
a 386 332 7
a 387 125 2
a 387 443 6
a 388 11 5
a 388 190 4
a 388 242 7
a 389 174 9
a 389 341 10
a 390 67 1
a 390 321 9
a 391 38 8
a 392 74 4
a 392 229 9
a 392 244 10
a 393 20 9
a 393 58 10
a 393 297 1
a 394 407 2
a 395 150 7
a 396 143 1
a 396 145 10
a 396 373 7
a 397 148 4
a 397 203 3
a 398 94 8
a 398 293 3
a 398 368 7
a 399 266 1
a 400 413 10
a 401 417 7
a 402 297 5
a 403 59 1
a 404 341 9
a 404 447 5
a 405 387 8
a 405 420 4
a 405 489 5
a 406 346 3
a 406 480 7
a 407 171 9
a 407 353 6
a 408 427 5
a 409 234 6
a 409 295 7
a 409 500 2
a 410 320 9
a 411 261 1
a 411 437 5
a 412 282 3
a 412 347 5
a 413 136 4
a 413 189 8
a 413 281 6
a 414 477 9
a 415 143 9
a 415 312 10
a 415 378 6
a 415 433 8
a 416 76 9
a 416 150 2
a 417 155 2
a 417 275 10
a 417 482 10
a 418 475 5
a 419 6 6
a 419 103 1
a 420 54 7
a 420 152 7
a 420 356 2
a 421 118 10
a 422 207 6
a 423 161 3
a 423 326 7
a 424 109 8
a 425 226 4
a 425 331 3
a 426 304 4
a 427 225 10
a 428 33 4
a 428 79 2
a 429 466 2
a 430 18 4
a 430 410 3
a 431 30 9
a 432 302 10
a 432 314 3
a 432 371 3
a 432 439 3
a 433 319 2
a 433 328 10
a 434 45 2
a 434 187 6
a 435 281 5
a 435 350 10
a 436 100 10
a 437 64 7
a 437 109 2
a 437 227 6
a 438 43 10
a 438 317 10
a 438 484 8
a 439 13 2
a 439 376 10
a 439 475 3
a 440 258 6
a 440 395 8
a 441 241 6
a 441 254 2
a 442 185 10
a 442 340 7
a 443 110 8
a 443 140 9
a 444 199 4
a 445 27 6
a 445 277 8
a 445 370 3
a 446 261 1
a 447 8 4
a 447 41 9
a 447 209 5
a 447 356 2
a 448 23 4
a 449 163 5
a 450 437 6
a 451 31 6
a 451 97 1
a 451 119 7
a 452 113 1
a 452 118 9
a 452 142 8
a 452 207 2
a 452 292 3
a 453 69 7
a 454 458 10
a 455 163 2
a 455 417 9
a 456 187 8
a 456 444 10
a 457 96 3
a 457 182 3
a 457 355 8
a 458 445 9
a 459 249 7
a 459 311 8
a 460 368 9
a 460 392 4
a 461 360 1
a 461 431 4
a 462 270 1
a 462 284 7
a 463 165 9
a 463 442 2
a 464 470 2
a 465 248 3
a 466 70 5
a 466 312 6
a 467 155 3
a 467 367 10
a 468 257 1
a 468 267 9
a 469 473 4
a 470 409 6
a 471 98 9
a 471 230 8
a 471 329 10
a 471 434 5
a 472 14 10
a 472 315 4
a 473 92 8
a 474 200 4
a 474 345 8
a 475 39 10
a 475 214 2
a 476 228 1
a 476 438 7
a 476 498 4
a 477 365 1
a 477 485 8
a 478 385 4
a 478 410 3
a 479 45 3
a 480 84 10
a 480 160 1
a 481 358 8
a 481 429 6
a 482 179 7
a 482 210 1
a 482 302 8
a 483 82 3
a 483 247 9
a 484 222 2
a 485 67 2
a 485 368 1
a 485 452 8
a 486 412 5
a 486 473 2
a 487 13 2
a 487 48 6
a 487 53 5
a 487 418 2
a 488 55 3
a 488 116 5
a 488 494 3
a 489 499 7
a 490 414 2
a 491 230 2
a 492 357 4
a 493 196 10
a 494 418 3
a 495 218 4
a 495 424 2
a 496 397 8
a 497 79 9
a 497 114 4
a 497 255 5
a 498 425 1
a 499 35 10
a 499 219 5
