p max 500 1000
n 1 s
n 500 t
a 1 207 8
a 1 363 5
a 1 402 10
a 2 372 8
a 3 297 3
a 3 492 3
a 4 146 8
a 4 304 2
a 4 383 2
a 5 500 7
a 6 133 4
a 6 456 6
a 6 491 10
a 7 463 1
a 8 53 9
a 8 59 10
a 8 337 7
a 9 451 9
a 10 60 3
a 10 109 3
a 10 138 1
a 10 174 1
a 10 315 8
a 10 344 2
a 10 399 4
a 11 81 6
a 12 260 5
a 12 339 1
a 13 90 6
a 13 154 6
a 14 123 10
a 15 124 5
a 15 157 1
a 15 159 8
a 16 148 3
a 17 213 1
a 17 367 1
a 17 428 3
a 17 434 2
a 18 186 9
a 19 215 7
a 19 285 7
a 20 479 6
a 21 119 2
a 21 199 6
a 21 457 3
a 22 10 1
a 22 49 4
a 22 265 9
a 23 159 3
a 23 415 1
a 24 456 10
a 25 15 10
a 26 139 4
a 26 201 6
a 27 205 6
a 27 269 10
a 27 486 8
a 28 78 7
a 28 398 9
a 28 403 2
a 28 406 3
a 28 430 5
a 29 209 3
a 30 311 1
a 30 388 5
a 30 478 8
a 31 366 3
a 31 482 4
a 32 146 1
a 32 204 4
a 32 261 6
a 33 169 8
a 33 175 7
a 34 27 7
a 34 57 8
a 35 292 1
a 35 333 3
a 36 178 3
a 36 460 7
a 37 438 8
a 38 320 7
a 39 247 6
a 39 412 4
a 40 65 9
a 41 325 3
a 42 461 3
a 43 85 10
a 44 353 10
a 45 197 1
a 46 228 3
a 47 11 10
a 48 76 4
a 48 182 1
a 48 304 1
a 49 499 5
a 50 338 6
a 51 90 2
a 52 143 8
a 52 436 1
a 53 304 1
a 53 391 10
a 54 64 10
a 54 134 3
a 54 227 9
a 55 133 2
a 55 301 9
a 55 420 5
a 56 138 1
a 56 401 10
a 57 88 8
a 57 147 4
a 57 447 8
a 58 194 7
a 59 38 4
a 59 88 5
a 59 211 3
a 60 4 3
a 60 194 4
a 61 19 2
a 61 150 1
a 62 166 6
a 62 195 5
a 62 198 1
a 62 332 1
a 63 396 1
a 64 18 7
a 64 122 10
a 64 273 9
a 65 51 6
a 66 324 1
a 66 396 10
a 67 417 6
a 68 356 5
a 68 405 5
a 69 8 2
a 69 257 3
a 69 289 4
a 70 341 2
a 70 392 6
a 71 260 9
a 71 385 8
a 72 344 3
a 73 138 6
a 73 477 2
a 74 49 3
a 74 381 10
a 75 183 4
a 75 184 5
a 75 271 10
a 75 387 2
a 76 318 8
a 77 31 6
a 77 39 4
a 77 209 3
a 78 7 6
a 78 272 1
a 78 465 5
a 79 294 1
a 79 430 7
a 80 496 6
a 81 387 6
a 82 122 1
a 82 368 7
a 83 71 9
a 83 262 8
a 84 39 7
a 84 395 4
a 85 12 10
a 86 203 3
a 86 216 8
a 86 328 3
a 87 29 8
a 87 221 3
a 87 229 6
a 87 277 3
a 88 342 4
a 88 426 2
a 89 238 2
a 90 40 6
a 90 158 3
a 91 33 10
a 91 446 6
a 91 495 10
a 92 170 4
a 92 206 2
a 92 250 5
a 92 427 6
a 93 151 5
a 93 475 9
a 94 86 8
a 94 291 1
a 94 419 2
a 94 478 6
a 95 6 7
a 96 301 4
a 96 443 3
a 97 75 2
a 98 42 8
a 98 192 1
a 99 70 1
a 99 235 1
a 100 353 6
a 100 455 1
a 101 69 6
a 101 236 5
a 102 134 7
a 102 181 6
a 103 143 4
a 104 107 9
a 104 397 2
a 105 229 4
a 106 261 7
a 106 273 8
a 106 352 10
a 107 192 8
a 108 267 9
a 109 47 6
a 109 466 7
a 110 131 3
a 110 176 6
a 110 367 7
a 110 431 7
a 111 409 6
a 112 309 4
a 113 164 4
a 114 20 3
a 114 68 4
a 115 426 9
a 115 442 3
a 116 15 5
a 116 448 9
a 117 114 10
a 117 202 9
a 118 37 3
a 118 388 6
a 119 278 9
a 119 346 8
a 120 73 4
a 120 439 6
a 121 63 10
a 121 336 2
a 122 37 7
a 122 196 5
a 122 236 6
a 123 76 9
a 123 355 1
a 124 470 5
a 125 314 6
a 126 104 1
a 126 343 6
a 126 464 6
a 127 138 1
a 127 246 1
a 127 416 5
a 128 344 10
a 129 120 5
a 129 302 8
a 129 428 10
a 130 145 10
a 131 111 9
a 132 497 7
a 133 177 1
a 134 177 6
a 135 487 1
a 136 65 3
a 136 444 9
a 137 350 2
a 138 485 8
a 139 232 5
a 139 240 10
a 139 400 3
a 140 91 5
a 141 66 2
a 141 200 8
a 142 303 1
a 142 384 3
a 143 455 5
a 143 469 8
a 144 99 4
a 145 2 8
a 145 63 9
a 145 149 10
a 145 239 8
a 145 408 2
a 146 332 8
a 147 41 8
a 147 256 10
a 147 349 8
a 148 188 9
a 148 358 6
a 149 61 5
a 149 83 5
a 149 445 8
a 150 141 1
a 150 164 5
a 151 102 8
a 151 248 4
a 151 323 6
a 152 61 4
a 152 111 10
a 152 216 7
a 153 219 7
a 154 434 2
a 154 438 7
a 155 50 10
a 156 223 9
a 157 379 9
a 158 277 5
a 159 27 8
a 159 132 1
a 159 425 9
a 160 358 9
a 161 158 9
a 161 314 5
a 161 360 8
a 161 365 7
a 161 441 1
a 162 24 3
a 162 90 10
a 162 103 5
a 162 225 2
a 163 177 4
a 163 326 7
a 164 393 8
a 165 322 4
a 165 382 2
a 166 294 1
a 167 189 1
a 167 353 2
a 168 493 1
a 169 153 2
a 169 225 2
a 170 382 6
a 170 426 3
a 171 48 5
a 171 92 10
a 171 298 1
a 171 415 4
a 172 121 2
a 173 59 7
a 173 205 8
a 173 285 3
a 174 498 8
a 175 188 9
a 176 214 8
a 176 401 5
a 177 345 10
a 177 368 4
a 178 98 5
a 178 144 4
a 179 461 4
a 180 130 1
a 181 180 5
a 181 212 1
a 181 330 2
a 181 425 1
a 182 77 2
a 182 187 10
a 182 348 9
a 182 435 8
a 183 26 10
a 183 156 9
a 183 199 5
a 183 312 4
a 183 317 10
a 184 84 7
a 185 98 9
a 185 200 2
a 185 248 9
a 185 413 6
a 186 3 9
a 186 94 9
a 187 290 9
a 187 428 5
a 187 454 8
a 187 498 5
a 188 411 8
a 189 47 3
a 189 110 7
a 189 154 8
a 190 281 4
a 191 25 10
a 191 43 4
a 191 80 1
a 192 153 6
a 192 233 1
a 192 439 4
a 193 88 3
a 194 128 7
a 194 158 10
a 195 255 2
a 195 479 10
a 196 106 7
a 196 374 10
a 196 497 9
a 197 395 5
a 198 250 7
a 198 417 10
a 199 130 8
a 200 498 7
a 201 173 9
a 201 242 9
a 201 379 9
a 202 192 9
a 202 427 8
a 203 313 2
a 203 453 6
a 204 34 4
a 204 149 1
a 205 188 7
a 206 125 10
a 206 136 9
a 206 308 6
a 206 459 3
a 207 245 7
a 207 350 7
a 208 384 8
a 209 249 7
a 210 62 6
a 210 112 2
a 211 178 3
a 211 427 8
a 212 159 5
a 212 169 1
a 213 97 10
a 213 228 9
a 214 35 1
a 214 224 10
a 214 406 2
a 215 398 2
a 216 261 6
a 217 185 3
a 217 359 10
a 218 20 3
a 219 273 2
a 219 356 10
a 220 207 7
a 221 3 3
a 221 152 2
a 221 193 3
a 221 208 10
a 222 269 9
a 222 282 9
a 223 248 4
a 223 377 2
a 224 102 2
a 225 331 8
a 226 98 6
a 226 240 5
a 227 8 8
a 227 263 9
a 227 432 3
a 228 387 7
a 228 485 10
a 229 173 3
a 229 186 1
a 229 281 5
a 230 91 1
a 230 257 10
a 230 329 10
a 230 489 6
a 231 74 1
a 231 246 3
a 231 449 3
a 232 50 4
a 232 152 3
a 232 373 10
a 233 32 9
a 233 35 8
a 233 91 1
a 233 266 9
a 233 325 9
a 234 442 8
a 235 324 6
a 236 79 4
a 236 165 7
a 237 79 10
a 237 128 7
a 238 58 7
a 238 177 8
a 239 104 6
a 239 341 10
a 240 107 7
a 240 422 8
a 240 460 8
a 241 399 10
a 242 178 10
a 242 476 3
a 243 470 10
a 244 19 9
a 244 160 4
a 245 82 5
a 245 145 9
a 246 323 2
a 247 21 10
a 247 332 6
a 248 55 6
a 248 64 8
a 249 370 3
a 249 404 4
a 249 458 3
a 250 315 5
a 251 257 5
a 252 231 1
a 253 283 8
a 253 322 9
a 253 500 4
a 254 172 10
a 255 22 2
a 255 148 3
a 255 383 2
a 256 3 10
a 256 199 1
a 257 260 8
a 257 298 1
a 258 57 6
a 259 297 1
a 259 465 4
a 260 46 1
a 260 153 3
a 260 470 4
a 261 12 1
a 261 187 2
a 261 279 3
a 262 301 3
a 263 458 1
a 264 331 8
a 265 67 9
a 265 242 4
a 266 361 10
a 266 494 4
a 267 123 6
a 267 440 5
a 268 143 4
a 268 474 9
a 269 252 3
a 269 421 10
a 270 178 1
a 271 293 2
a 272 37 1
a 272 362 4
a 273 21 6
a 273 258 5
a 273 287 6
a 274 223 6
a 274 295 10
a 274 357 8
a 275 197 6
a 275 467 9
a 276 396 7
a 277 495 4
a 278 209 5
a 278 218 5
a 279 272 5
a 279 420 3
a 280 39 10
a 280 94 6
a 281 52 7
a 281 106 6
a 281 121 3
a 281 280 9
a 282 219 4
a 282 338 4
a 283 209 5
a 284 88 1
a 284 142 9
a 285 117 3
a 285 217 8
a 285 256 4
a 285 440 8
a 286 15 7
a 286 333 4
a 287 251 3
a 287 477 3
a 288 336 10
a 288 368 6
a 289 488 6
a 290 88 4
a 290 237 5
a 290 311 7
a 291 93 10
a 291 232 8
a 292 57 4
a 292 180 9
a 292 194 10
a 293 302 2
a 294 462 6
a 295 34 9
a 295 202 8
a 296 261 3
a 297 36 8
a 297 452 6
a 298 429 10
a 299 75 10
a 299 241 5
a 299 341 7
a 300 105 10
a 300 305 6
a 301 210 6
a 302 259 7
a 303 285 2
a 303 418 1
a 304 72 4
a 304 328 8
a 305 353 6
a 305 463 6
a 306 246 3
a 306 267 1
a 307 39 9
a 307 68 4
a 308 67 5
a 309 118 6
a 309 162 5
a 309 308 7
a 310 385 4
a 311 282 7
a 312 486 7
a 313 118 8
a 314 304 2
a 315 190 7
a 316 113 3
a 316 172 6
a 317 485 7
a 318 453 10
a 319 101 8
a 320 12 6
a 320 160 5
a 320 441 9
a 321 231 2
a 321 500 4
a 322 210 10
a 322 401 6
a 322 482 8
a 323 23 4
a 323 166 3
a 324 91 3
a 324 129 10
a 325 84 8
a 325 316 4
a 326 380 2
a 327 161 10
a 327 168 1
a 327 347 1
a 327 466 4
a 328 171 8
a 328 497 8
a 329 197 8
a 329 291 10
a 330 127 1
a 330 203 8
a 331 243 8
a 331 255 5
a 331 437 4
a 332 56 2
a 332 188 1
a 333 145 3
a 334 147 5
a 335 479 3
a 336 150 6
a 336 220 3
a 336 264 1
a 336 286 9
a 337 118 3
a 337 277 6
a 338 97 2
a 338 423 4
a 339 435 5
a 340 143 10
a 341 298 4
a 341 428 10
a 342 283 1
a 343 44 2
a 343 219 7
a 343 460 1
a 343 472 3
a 344 174 7
a 344 473 7
a 345 313 2
a 346 167 3
a 346 199 6
a 347 89 1
a 347 160 6
a 348 489 10
a 349 58 4
a 349 101 4
a 349 398 8
a 350 134 2
a 350 487 8
a 351 461 2
a 351 484 8
a 352 112 4
a 352 127 5
a 352 324 9
a 353 33 3
a 353 85 3
a 353 188 9
a 353 252 4
a 354 448 7
a 355 231 7
a 355 453 9
a 356 9 6
a 356 124 1
a 356 441 2
a 357 167 6
a 357 311 5
a 358 102 2
a 358 255 10
a 358 371 4
a 359 17 9
a 359 449 4
a 360 56 2
a 361 10 1
a 361 435 7
a 362 108 5
a 362 211 2
a 362 418 9
a 363 393 5
a 363 444 1
a 364 99 8
a 365 153 9
a 365 217 9
a 366 300 1
a 367 54 9
a 367 78 2
a 368 7 9
a 368 423 10
a 369 75 2
a 369 281 9
a 369 306 3
a 369 309 4
a 370 238 5
a 370 413 7
a 370 478 7
a 371 6 2
a 371 101 7
a 371 269 1
a 372 104 1
a 373 115 6
a 373 139 2
a 373 262 6
a 374 338 9
a 374 495 1
a 375 155 10
a 375 161 9
a 375 305 5
a 375 389 3
a 376 52 5
a 376 230 2
a 377 100 7
a 377 333 1
a 378 125 4
a 379 444 5
a 380 263 1
a 380 458 4
a 381 26 2
a 381 118 7
a 381 263 2
a 381 386 8
a 382 15 2
a 382 95 1
a 382 174 7
a 383 3 8
a 383 284 2
a 384 6 5
a 384 295 1
a 385 70 10
a 385 209 4
a 385 409 9
a 386 81 8
a 386 331 6
a 386 482 8
a 387 202 5
a 388 498 2
a 389 212 9
a 389 272 5
a 389 318 4
a 390 130 8
a 390 263 8
a 390 288 9
a 391 165 4
a 392 197 5
a 392 260 7
a 392 369 2
a 393 43 9
a 393 373 2
a 393 483 4
a 394 99 1
a 394 217 1
a 395 375 9
a 395 461 7
a 395 497 4
a 396 494 7
a 397 14 6
a 397 316 9
a 398 314 1
a 398 402 1
a 399 177 6
a 399 179 10
a 400 11 5
a 401 82 3
a 401 320 9
a 402 238 10
a 403 454 4
a 404 19 3
a 404 163 10
a 404 296 6
a 404 394 9
a 405 40 1
a 405 319 4
a 405 328 5
a 406 94 4
a 406 340 5
a 406 459 1
a 407 464 9
a 408 367 8
a 409 396 10
a 409 488 3
a 410 166 1
a 410 435 9
a 411 177 10
a 411 450 8
a 412 267 8
a 413 173 3
a 414 58 6
a 414 499 9
a 415 405 10
a 415 468 9
a 416 307 7
a 416 361 7
a 416 411 9
a 417 11 8
a 417 139 7
a 417 397 1
a 418 279 2
a 418 414 6
a 419 140 5
a 419 354 7
a 419 417 5
a 420 266 4
a 421 64 3
a 422 5 9
a 422 471 5
a 423 378 10
a 423 410 6
a 424 30 10
a 424 385 9
a 425 82 9
a 426 13 6
a 426 114 5
a 426 316 5
a 426 334 9
a 426 496 4
a 427 327 4
a 427 351 10
a 427 361 2
a 428 71 3
a 429 336 5
a 429 345 8
a 429 346 10
a 430 231 4
a 430 254 5
a 430 325 7
a 431 123 6
a 432 141 2
a 432 212 1
a 432 247 6
a 432 462 7
a 433 128 1
a 434 142 9
a 435 16 8
a 435 127 7
a 436 135 1
a 436 271 5
a 436 426 1
a 436 456 4
a 437 190 5
a 437 310 6
a 438 126 6
a 438 359 2
a 439 460 7
a 440 433 10
a 440 496 5
a 441 250 3
a 442 175 10
a 443 65 7
a 443 206 8
a 443 244 3
a 443 377 4
a 444 57 7
a 444 270 3
a 444 390 1
a 445 353 1
a 445 447 4
a 446 209 2
a 447 377 9
a 447 439 4
a 448 73 6
a 448 335 3
a 449 390 10
a 450 227 5
a 450 296 7
a 450 364 10
a 450 464 10
a 451 222 6
a 451 316 9
a 452 28 3
a 452 287 6
a 453 116 1
a 453 321 1
a 453 378 2
a 453 486 9
a 454 33 3
a 455 87 2
a 455 231 10
a 456 159 1
a 457 45 10
a 457 51 9
a 457 370 3
a 457 384 5
a 457 480 2
a 458 72 10
a 458 268 4
a 458 429 7
a 459 91 5
a 459 259 5
a 460 175 9
a 461 488 7
a 462 3 10
a 462 96 3
a 463 107 9
a 463 372 3
a 463 493 10
a 464 319 5
a 465 171 2
a 466 187 1
a 466 276 6
a 467 50 4
a 468 401 7
a 469 300 4
a 469 361 9
a 469 451 9
a 470 478 10
a 471 159 9
a 472 79 10
a 472 226 5
a 472 376 7
a 473 4 5
a 473 359 7
a 474 184 6
a 474 475 9
a 475 82 9
a 475 375 2
a 476 210 3
a 476 253 5
a 476 293 10
a 477 281 8
a 478 349 10
a 479 5 1
a 479 274 7
a 479 299 8
a 479 436 7
a 479 481 5
a 480 161 2
a 480 191 3
a 480 479 10
a 481 102 6
a 482 36 5
a 482 450 4
a 483 309 4
a 484 452 5
a 485 209 6
a 485 234 2
a 485 350 8
a 485 407 9
a 486 117 4
a 486 490 10
a 487 272 5
a 488 281 2
a 489 256 1
a 490 464 8
a 491 137 10
a 491 222 2
a 491 275 10
a 491 380 4
a 492 113 6
a 492 371 2
a 493 351 1
a 494 227 4
a 494 249 5
a 494 424 10
a 494 491 1
a 495 190 7
a 495 313 9
a 496 377 1
a 496 401 10
a 497 248 8
a 497 484 3
a 498 358 8
a 499 488 9
