p max 500 1000
n 1 s
n 500 t
a 1 229 5
a 1 310 7
a 2 120 5
a 3 251 7
a 3 494 1
a 4 418 1
a 5 79 7
a 5 341 10
a 5 348 10
a 5 474 7
a 6 258 6
a 7 222 5
a 8 170 6
a 8 257 3
a 8 294 1
a 8 379 4
a 9 337 7
a 9 421 1
a 9 469 6
a 10 270 3
a 10 289 5
a 11 381 1
a 11 409 5
a 12 115 2
a 12 471 2
a 13 60 9
a 13 453 4
a 13 480 5
a 14 203 3
a 14 288 4
a 15 262 5
a 15 347 7
a 15 436 2
a 16 241 1
a 16 319 4
a 17 140 2
a 17 408 4
a 18 32 5
a 18 188 3
a 18 286 3
a 18 440 2
a 19 387 5
a 19 402 7
a 20 246 3
a 21 20 7
a 21 333 2
a 21 461 1
a 22 441 7
a 23 480 4
a 24 56 10
a 24 96 6
a 25 5 9
a 25 52 2
a 25 236 9
a 25 449 6
a 26 187 8
a 26 273 8
a 26 349 5
a 26 497 2
a 27 128 2
a 28 12 2
a 28 21 10
a 28 259 6
a 29 145 1
a 29 210 1
a 30 185 2
a 30 270 8
a 30 273 9
a 31 35 6
a 31 242 5
a 31 380 1
a 32 196 1
a 32 424 8
a 33 28 4
a 33 228 5
a 34 150 4
a 34 481 5
a 35 422 1
a 36 151 6
a 36 383 4
a 37 46 3
a 37 161 8
a 38 91 2
a 38 450 8
a 39 81 7
a 40 115 8
a 40 244 5
a 41 354 7
a 42 250 2
a 42 323 3
a 43 388 9
a 44 45 7
a 44 131 3
a 45 496 9
a 46 377 3
a 47 24 2
a 47 160 8
a 47 167 8
a 47 192 1
a 47 437 6
a 48 299 3
a 49 27 5
a 49 68 1
a 49 355 8
a 49 408 2
a 50 13 3
a 50 62 5
a 50 270 1
a 50 363 4
a 51 400 2
a 52 428 8
a 52 500 9
a 53 105 7
a 54 97 5
a 54 479 1
a 55 197 5
a 56 399 9
a 56 423 4
a 57 286 5
a 58 439 10
a 59 56 9
a 59 128 10
a 59 164 6
a 60 341 6
a 60 417 1
a 61 106 7
a 62 82 1
a 62 118 2
a 62 166 3
a 62 311 9
a 62 427 2
a 63 7 2
a 63 404 4
a 64 386 6
a 64 475 6
a 65 278 6
a 65 293 9
a 66 173 5
a 67 345 8
a 68 454 5
a 69 322 4
a 70 439 2
a 71 224 2
a 71 442 1
a 72 114 6
a 72 117 4
a 73 41 10
a 74 180 3
a 74 183 7
a 74 332 9
a 74 378 9
a 74 406 6
a 75 442 7
a 76 218 7
a 76 497 9
a 77 237 10
a 77 307 1
a 78 406 2
a 79 138 7
a 79 213 8
a 79 328 5
a 80 143 10
a 80 390 2
a 81 41 3
a 81 316 7
a 81 423 5
a 82 214 6
a 82 332 10
a 83 39 4
a 83 174 7
a 84 68 8
a 85 115 8
a 85 243 7
a 85 280 4
a 86 69 4
a 86 152 10
a 86 235 4
a 87 55 6
a 87 288 10
a 88 181 5
a 88 275 6
a 88 349 2
a 89 139 10
a 89 235 3
a 89 365 5
a 90 45 1
a 90 135 6
a 91 223 10
a 91 318 4
a 92 327 10
a 93 443 6
a 94 499 8
a 95 485 9
a 96 105 10
a 96 298 1
a 97 285 8
a 97 454 3
a 98 158 5
a 99 326 8
a 99 366 2
a 100 249 8
a 100 452 10
a 101 274 8
a 101 399 9
a 102 147 3
a 102 149 5
a 102 306 5
a 103 177 1
a 103 472 3
a 104 363 10
a 104 458 5
a 105 132 7
a 106 321 10
a 106 414 6
a 107 302 7
a 108 260 2
a 108 321 5
a 108 329 10
a 109 39 6
a 109 386 5
a 110 316 6
a 110 469 1
a 111 166 5
a 112 412 8
a 113 96 4
a 114 23 3
a 114 92 10
a 114 170 4
a 115 106 3
a 116 242 8
a 117 176 2
a 117 249 1
a 117 393 4
a 117 460 5
a 118 144 6
a 118 301 5
a 119 268 1
a 119 312 2
a 119 490 3
a 120 102 7
a 120 292 8
a 121 396 1
a 122 235 3
a 122 324 1
a 123 19 6
a 123 81 3
a 123 89 5
a 123 384 7
a 124 178 9
a 125 61 4
a 125 179 6
a 126 31 9
a 126 173 2
a 126 346 2
a 127 42 10
a 127 111 9
a 127 479 7
a 128 213 4
a 129 26 6
a 130 110 9
a 130 150 1
a 131 376 4
a 132 313 2
a 132 372 1
a 133 100 9
a 134 106 3
a 135 191 5
a 135 206 1
a 136 153 7
a 136 352 2
a 137 457 9
a 138 162 1
a 138 312 4
a 138 387 3
a 138 486 8
a 139 57 9
a 139 469 6
a 139 487 3
a 140 88 7
a 140 226 1
a 140 300 10
a 141 497 5
a 142 107 9
a 142 343 6
a 142 464 8
a 143 274 4
a 144 283 9
a 144 295 8
a 144 338 9
a 145 65 7
a 145 80 4
a 145 455 9
a 146 204 8
a 146 263 1
a 146 330 5
a 147 113 4
a 147 435 6
a 148 24 4
a 149 153 5
a 150 48 3
a 151 4 1
a 151 441 5
a 152 100 6
a 152 157 6
a 152 232 1
a 153 43 1
a 153 128 1
a 154 123 3
a 154 209 4
a 154 276 5
a 155 83 2
a 155 132 7
a 156 2 9
a 156 228 6
a 156 443 3
a 157 405 4
a 157 470 4
a 158 8 3
a 158 119 6
a 158 299 5
a 158 400 3
a 159 92 10
a 160 241 9
a 161 78 8
a 161 106 4
a 161 385 8
a 162 181 6
a 162 305 3
a 162 493 5
a 163 281 3
a 163 362 10
a 164 369 4
a 165 394 4
a 166 10 9
a 166 14 2
a 166 490 5
a 167 220 4
a 167 284 6
a 168 486 10
a 169 2 2
a 170 59 6
a 170 259 8
a 170 371 5
a 171 41 5
a 172 343 8
a 172 444 8
a 173 54 5
a 173 83 10
a 173 222 1
a 174 75 6
a 174 381 7
a 175 282 8
a 175 473 7
a 176 109 4
a 176 422 8
a 177 476 6
a 177 481 3
a 177 496 7
a 178 35 7
a 178 402 7
a 179 363 10
a 180 239 9
a 180 304 8
a 181 175 10
a 182 232 8
a 183 83 10
a 183 130 2
a 184 41 7
a 185 176 2
a 186 144 1
a 187 92 1
a 188 359 9
a 188 397 8
a 189 338 6
a 190 37 6
a 191 37 2
a 192 388 1
a 193 29 2
a 193 81 6
a 194 268 3
a 195 128 4
a 195 394 4
a 195 494 1
a 196 93 1
a 196 427 2
a 197 58 1
a 197 222 5
a 197 350 9
a 198 48 3
a 198 58 2
a 198 390 7
a 199 296 1
a 199 482 9
a 200 182 7
a 200 303 5
a 200 374 7
a 201 169 6
a 201 463 6
a 202 101 5
a 202 488 10
a 203 238 3
a 204 103 10
a 205 36 4
a 205 215 3
a 206 486 2
a 207 309 5
a 207 439 10
a 208 134 4
a 208 398 2
a 209 68 5
a 209 120 9
a 209 290 9
a 210 316 6
a 211 213 9
a 211 237 4
a 211 240 3
a 211 353 1
a 212 183 1
a 213 197 6
a 213 348 1
a 213 462 3
a 214 155 4
a 215 428 9
a 215 453 7
a 216 177 9
a 216 411 8
a 217 495 6
a 218 315 6
a 219 418 7
a 219 496 4
a 220 278 10
a 221 197 6
a 222 184 6
a 222 227 5
a 222 395 10
a 222 462 6
a 223 179 1
a 224 34 10
a 224 89 8
a 224 141 1
a 225 42 10
a 226 21 6
a 226 375 9
a 226 449 9
a 227 135 1
a 228 32 1
a 228 331 1
a 228 412 2
a 229 84 2
a 230 268 3
a 231 451 9
a 232 20 9
a 233 232 2
a 234 73 3
a 234 77 8
a 234 175 7
a 234 245 7
a 234 358 6
a 234 367 9
a 235 105 7
a 235 149 3
a 236 85 9
a 237 199 3
a 237 356 4
a 237 397 9
a 237 441 7
a 237 457 3
a 238 90 9
a 239 38 4
a 239 206 8
a 240 44 5
a 240 230 3
a 240 334 9
a 241 30 6
a 242 113 10
a 243 272 6
a 243 291 3
a 244 257 10
a 244 351 4
a 245 265 6
a 246 190 9
a 246 265 9
a 247 361 7
a 247 392 4
a 248 27 5
a 249 277 10
a 249 292 10
a 250 256 2
a 251 106 6
a 251 336 5
a 251 455 9
a 251 484 2
a 251 499 4
a 252 241 9
a 252 416 2
a 253 103 10
a 253 340 3
a 253 394 3
a 254 325 6
a 254 426 3
a 254 429 5
a 255 42 5
a 255 269 4
a 255 430 3
a 256 73 9
a 256 495 8
a 257 127 6
a 257 255 7
a 258 93 4
a 259 338 1
a 260 115 2
a 260 267 5
a 261 340 2
a 261 455 7
a 262 129 9
a 262 381 8
a 263 438 4
a 264 18 6
a 264 238 9
a 264 338 3
a 265 315 7
a 266 142 1
a 267 64 3
a 267 442 6
a 268 160 1
a 268 482 2
a 269 15 6
a 269 28 4
a 269 383 3
a 269 491 7
a 270 22 6
a 270 84 4
a 271 324 10
a 272 49 4
a 272 140 9
a 273 159 8
a 273 214 3
a 273 289 7
a 274 95 4
a 274 155 2
a 275 67 7
a 275 281 10
a 275 373 5
a 276 410 5
a 277 104 5
a 277 378 4
a 278 244 8
a 278 500 7
a 279 64 8
a 279 91 6
a 280 478 5
a 281 97 1
a 282 425 1
a 282 481 2
a 283 473 9
a 284 445 1
a 285 258 3
a 285 317 2
a 285 350 1
a 285 413 4
a 286 158 3
a 287 293 2
a 287 462 9
a 288 262 8
a 288 477 7
a 289 49 5
a 290 78 3
a 291 24 10
a 292 60 10
a 292 218 10
a 292 451 7
a 293 434 9
a 294 171 6
a 294 345 1
a 295 9 3
a 295 128 4
a 295 212 4
a 295 432 6
a 296 8 7
a 296 24 4
a 296 468 7
a 297 221 8
a 297 435 7
a 298 84 6
a 298 334 10
a 299 465 7
a 299 482 10
a 300 179 7
a 301 225 10
a 301 302 8
a 301 359 4
a 302 212 2
a 303 186 6
a 303 401 6
a 304 273 9
a 305 411 8
a 306 312 7
a 307 266 9
a 307 300 7
a 308 126 8
a 308 195 3
a 308 279 5
a 309 303 8
a 309 325 1
a 310 155 2
a 311 37 7
a 311 71 1
a 311 280 4
a 311 482 9
a 312 496 5
a 313 152 1
a 313 250 1
a 313 327 10
a 313 484 1
a 313 495 1
a 314 25 1
a 314 420 2
a 314 492 1
a 315 354 10
a 316 55 3
a 316 291 2
a 316 397 2
a 317 54 5
a 317 256 9
a 317 282 1
a 317 344 10
a 318 278 8
a 319 200 7
a 319 246 4
a 320 263 9
a 320 288 4
a 321 137 5
a 321 280 2
a 322 361 3
a 322 392 3
a 322 433 4
a 322 470 10
a 323 312 4
a 323 369 6
a 324 352 8
a 325 50 1
a 325 172 9
a 325 350 7
a 326 146 5
a 326 219 5
a 326 458 10
a 327 307 3
a 327 396 4
a 327 485 7
a 328 63 4
a 328 186 10
a 328 254 2
a 328 456 2
a 329 26 10
a 329 156 10
a 329 241 5
a 330 78 4
a 330 467 4
a 331 122 9
a 331 142 6
a 331 221 1
a 331 351 4
a 332 89 9
a 333 470 5
a 334 281 2
a 335 67 7
a 336 196 9
a 336 201 6
a 336 360 6
a 336 396 4
a 337 53 4
a 337 223 10
a 337 242 10
a 338 430 2
a 339 246 3
a 339 314 8
a 340 417 6
a 341 125 7
a 341 156 1
a 341 339 2
a 341 478 6
a 342 426 9
a 343 24 9
a 343 165 1
a 344 155 3
a 344 198 6
a 344 282 9
a 344 483 7
a 345 46 1
a 345 175 2
a 345 310 5
a 346 219 6
a 346 322 8
a 347 82 3
a 347 107 4
a 348 313 10
a 348 342 3
a 349 94 2
a 349 116 5
a 349 142 9
a 350 153 3
a 350 175 2
a 350 364 1
a 351 411 6
a 352 313 7
a 353 48 6
a 354 252 7
a 354 357 1
a 355 30 6
a 355 184 1
a 356 61 1
a 356 314 2
a 356 371 7
a 357 69 6
a 357 207 4
a 358 25 7
a 358 231 1
a 358 376 2
a 358 395 9
a 359 252 4
a 360 408 1
a 361 393 1
a 361 415 9
a 361 443 7
a 362 287 5
a 362 390 10
a 363 136 2
a 363 216 6
a 364 115 4
a 364 389 5
a 365 470 9
a 366 384 4
a 367 329 8
a 368 168 10
a 368 367 5
a 369 77 8
a 369 347 10
a 370 85 4
a 370 234 4
a 370 368 7
a 370 371 8
a 371 148 8
a 371 178 3
a 371 466 6
a 372 164 5
a 373 382 7
a 373 417 4
a 374 298 2
a 375 5 5
a 375 228 5
a 375 297 10
a 376 93 6
a 376 158 1
a 376 465 1
a 377 129 3
a 378 72 8
a 378 346 2
a 379 340 5
a 380 412 5
a 381 139 3
a 381 354 10
a 382 215 3
a 383 286 10
a 383 488 3
a 384 240 9
a 384 315 3
a 384 446 5
a 385 6 4
a 385 108 3
a 385 159 2
a 386 176 7
a 387 81 2
a 387 176 8
a 387 439 8
a 388 194 3
a 388 478 2
a 389 51 2
a 389 227 5
a 389 326 6
a 390 70 6
a 390 137 5
a 390 188 9
a 390 232 4
a 391 291 1
a 392 72 7
a 392 176 6
a 393 74 10
a 393 446 8
a 394 53 4
a 395 11 8
a 395 312 10
a 396 391 7
a 397 454 1
a 398 35 7
a 398 277 5
a 399 44 2
a 399 87 10
a 399 388 8
a 400 193 10
a 400 237 6
a 401 455 8
a 402 427 9
a 403 36 4
a 404 349 6
a 404 434 4
a 405 3 6
a 405 168 10
a 405 377 2
a 406 138 1
a 406 174 2
a 407 61 10
a 407 233 10
a 408 47 4
a 408 414 3
a 409 463 10
a 410 98 6
a 410 157 3
a 410 189 5
a 410 202 7
a 411 72 2
a 411 185 9
a 411 239 2
a 411 248 7
a 412 38 9
a 412 63 4
a 412 91 4
a 413 191 7
a 413 308 5
a 414 358 3
a 415 190 9
a 415 341 3
a 416 41 4
a 416 205 6
a 417 16 8
a 417 114 4
a 418 488 8
a 419 104 6
a 419 459 10
a 420 226 6
a 420 384 9
a 421 14 6
a 422 18 7
a 423 123 5
a 423 156 6
a 423 296 7
a 423 420 10
a 424 270 10
a 425 117 9
a 425 217 3
a 426 367 2
a 426 370 3
a 427 210 2
a 427 406 3
a 428 112 4
a 428 224 8
a 429 124 9
a 429 306 5
a 430 86 10
a 430 235 4
a 431 211 3
a 431 297 5
a 432 101 4
a 432 413 1
a 433 76 4
a 433 170 9
a 433 450 1
a 434 77 4
a 434 438 5
a 435 33 2
a 435 483 1
a 436 7 5
a 436 17 10
a 437 231 8
a 437 447 4
a 437 489 3
a 438 9 6
a 438 116 6
a 438 187 7
a 438 261 6
a 438 264 7
a 439 39 6
a 440 67 9
a 440 320 2
a 440 396 8
a 441 78 8
a 442 32 9
a 442 372 9
a 442 411 5
a 442 463 6
a 443 285 10
a 444 45 7
a 444 109 2
a 444 261 9
a 444 398 1
a 445 171 2
a 446 90 8
a 446 150 9
a 446 386 9
a 447 19 1
a 447 66 2
a 447 498 6
a 448 496 7
a 449 387 10
a 450 374 6
a 451 43 10
a 451 136 4
a 451 226 3
a 452 2 2
a 452 40 9
a 453 421 4
a 454 234 5
a 454 359 1
a 455 149 10
a 455 495 10
a 456 362 1
a 456 431 9
a 457 342 7
a 458 113 9
a 459 172 10
a 459 255 10
a 460 90 10
a 460 235 10
a 461 248 4
a 461 325 5
a 461 445 1
a 462 498 8
a 463 431 3
a 464 195 4
a 464 407 5
a 465 49 1
a 465 369 7
a 466 252 3
a 466 387 1
a 467 16 6
a 467 394 3
a 468 166 10
a 468 253 5
a 469 374 9
a 469 410 6
a 470 7 1
a 470 163 5
a 470 495 3
a 471 94 5
a 472 99 8
a 472 412 5
a 473 228 2
a 474 20 7
a 474 26 4
a 475 425 2
a 476 141 8
a 476 172 8
a 477 266 8
a 478 42 2
a 478 144 7
a 479 106 3
a 480 167 6
a 480 223 10
a 481 18 1
a 481 399 3
a 481 461 4
a 482 154 1
a 482 174 4
a 483 65 7
a 484 146 5
a 485 180 3
a 485 335 9
a 486 50 5
a 486 84 5
a 487 4 3
a 487 220 6
a 487 247 8
a 487 264 3
a 488 406 1
a 489 133 1
a 489 260 6
a 490 169 8
a 491 116 1
a 491 215 5
a 492 195 5
a 492 270 6
a 492 442 7
a 493 4 6
a 493 165 10
a 494 121 3
a 494 171 9
a 494 274 1
a 495 69 3
a 495 419 3
a 495 466 10
a 496 271 10
a 496 370 6
a 497 270 5
a 497 391 1
a 497 403 9
a 497 448 2
a 498 169 9
a 499 48 5
a 499 75 4
a 499 208 8
a 499 285 6
