p max 500 1000
n 1 s
n 500 t
a 1 119 9
a 2 171 10
a 2 261 9
a 2 417 7
a 3 216 10
a 4 230 6
a 4 279 9
a 5 222 4
a 5 498 3
a 6 137 7
a 6 276 2
a 6 326 9
a 6 411 1
a 7 345 10
a 7 447 1
a 7 500 6
a 8 39 9
a 8 401 9
a 8 429 2
a 9 401 2
a 10 69 8
a 10 496 4
a 11 230 9
a 11 319 3
a 11 396 10
a 12 422 9
a 12 468 7
a 13 165 7
a 13 366 3
a 14 137 9
a 14 285 1
a 15 26 1
a 15 244 9
a 16 155 1
a 16 197 1
a 17 21 6
a 17 71 3
a 17 479 10
a 18 135 3
a 18 230 3
a 18 484 9
a 19 418 6
a 19 428 1
a 20 294 5
a 20 464 5
a 21 106 2
a 21 300 10
a 21 314 9
a 21 385 6
a 22 286 10
a 22 347 4
a 23 445 6
a 24 436 2
a 25 124 10
a 26 203 7
a 26 229 5
a 26 253 1
a 27 216 2
a 27 244 8
a 28 84 1
a 29 478 9
a 30 276 8
a 31 88 5
a 31 348 7
a 32 5 3
a 32 257 10
a 32 431 6
a 33 176 4
a 33 434 8
a 34 168 5
a 34 178 2
a 34 217 6
a 34 470 7
a 35 90 7
a 35 163 7
a 35 285 7
a 36 51 10
a 36 148 8
a 36 357 8
a 37 41 8
a 37 264 6
a 38 31 7
a 38 192 3
a 38 375 8
a 39 268 6
a 39 317 6
a 40 380 8
a 41 392 2
a 42 35 9
a 42 62 4
a 42 296 1
a 42 438 6
a 42 497 7
a 43 87 6
a 43 299 10
a 44 128 8
a 44 227 2
a 44 283 4
a 45 60 5
a 46 126 10
a 46 277 2
a 47 58 3
a 47 235 9
a 48 369 1
a 49 8 1
a 49 194 8
a 50 258 2
a 50 267 1
a 50 338 1
a 50 472 7
a 51 13 8
a 51 160 4
a 51 248 4
a 51 298 3
a 51 489 1
a 52 40 4
a 52 269 6
a 52 477 9
a 53 233 4
a 53 344 7
a 54 462 10
a 55 9 5
a 56 182 8
a 56 238 4
a 57 60 8
a 58 498 6
a 59 17 5
a 59 353 1
a 60 174 10
a 61 104 6
a 62 248 2
a 63 95 7
a 63 203 4
a 64 159 8
a 64 490 5
a 65 413 8
a 66 57 10
a 66 178 8
a 67 23 7
a 68 100 6
a 68 360 4
a 69 316 10
a 70 192 10
a 71 12 7
a 71 291 7
a 71 423 3
a 72 181 7
a 73 379 10
a 73 489 9
a 74 156 8
a 74 432 8
a 75 296 9
a 75 408 3
a 76 487 10
a 77 203 6
a 78 457 1
a 79 384 5
a 79 425 6
a 80 96 4
a 81 180 3
a 81 218 4
a 82 51 3
a 83 38 7
a 83 493 5
a 84 149 7
a 84 179 5
a 84 343 1
a 84 429 7
a 84 442 7
a 85 281 5
a 86 99 2
a 86 190 7
a 86 449 1
a 87 33 5
a 88 208 8
a 88 452 6
a 89 104 9
a 89 289 2
a 89 339 6
a 90 71 6
a 91 226 7
a 91 325 1
a 92 258 8
a 92 410 8
a 92 452 7
a 93 146 6
a 93 387 5
a 94 191 5
a 95 131 10
a 95 214 10
a 95 365 2
a 96 378 3
a 96 415 1
a 97 136 6
a 97 243 1
a 97 405 1
a 98 283 9
a 99 271 1
a 100 310 3
a 101 248 4
a 102 77 4
a 102 205 2
a 102 263 7
a 103 158 10
a 103 162 1
a 104 440 10
a 105 345 4
a 106 409 9
a 106 413 10
a 107 12 6
a 107 64 8
a 107 105 3
a 107 141 7
a 108 151 10
a 108 197 9
a 108 463 8
a 109 152 5
a 109 471 1
a 110 250 7
a 111 157 10
a 111 240 3
a 111 294 10
a 112 375 4
a 112 454 2
a 113 359 7
a 114 29 9
a 114 193 5
a 115 45 1
a 115 275 4
a 115 403 6
a 116 59 2
a 117 80 5
a 117 183 2
a 117 427 1
a 117 433 3
a 118 32 5
a 118 220 6
a 119 55 3
a 119 209 9
a 119 282 4
a 120 417 6
a 121 200 8
a 121 295 2
a 121 320 5
a 122 192 4
a 122 213 3
a 123 396 10
a 124 68 2
a 124 87 1
a 124 175 5
a 124 420 10
a 125 390 7
a 125 406 6
a 126 29 6
a 126 322 9
a 126 372 1
a 127 250 2
a 127 416 7
a 127 460 8
a 127 479 10
a 128 296 7
a 128 444 6
a 129 380 7
a 129 457 5
a 130 315 8
a 131 109 6
a 131 413 2
a 131 414 4
a 131 467 5
a 132 145 1
a 132 301 4
a 133 242 10
a 133 356 8
a 133 428 8
a 134 214 6
a 135 432 4
a 136 371 2
a 136 380 7
a 137 333 2
a 137 340 7
a 137 419 5
a 138 77 8
a 138 457 2
a 139 185 1
a 140 303 1
a 140 463 8
a 141 28 10
a 141 310 5
a 142 26 6
a 142 30 2
a 142 66 1
a 143 61 7
a 143 116 4
a 143 485 6
a 144 53 1
a 144 116 9
a 144 138 5
a 144 181 4
a 145 236 5
a 146 308 8
a 146 318 3
a 146 348 10
a 147 29 3
a 147 338 2
a 148 355 3
a 149 83 1
a 149 261 8
a 149 282 8
a 150 316 1
a 151 254 6
a 152 112 6
a 152 362 8
a 153 72 1
a 153 388 9
a 154 44 1
a 154 465 9
a 155 32 5
a 155 364 2
a 155 499 7
a 156 137 8
a 156 309 8
a 156 376 8
a 156 487 8
a 157 138 1
a 157 351 9
a 158 283 7
a 158 314 2
a 158 332 9
a 159 39 1
a 160 177 2
a 160 259 6
a 161 276 6
a 162 36 8
a 162 55 5
a 162 255 3
a 162 312 10
a 163 305 9
a 163 404 9
a 164 254 6
a 164 330 1
a 165 210 7
a 166 489 4
a 167 211 10
a 168 54 6
a 168 124 5
a 168 180 1
a 169 188 10
a 169 377 6
a 170 400 1
a 171 172 2
a 171 297 4
a 171 335 1
a 172 409 1
a 172 446 7
a 173 77 10
a 174 119 8
a 175 229 9
a 176 101 2
a 176 445 3
a 177 284 6
a 177 307 7
a 177 354 5
a 178 232 10
a 179 245 8
a 179 458 2
a 180 48 5
a 180 397 2
a 180 451 10
a 180 459 10
a 181 185 4
a 181 260 1
a 182 207 5
a 183 17 2
a 183 237 10
a 184 145 8
a 185 316 3
a 185 408 9
a 186 52 6
a 186 129 4
a 187 116 3
a 187 321 4
a 188 300 2
a 189 366 1
a 189 474 3
a 190 145 7
a 190 465 10
a 191 15 7
a 191 141 8
a 191 285 8
a 191 440 3
a 192 37 4
a 192 46 6
a 193 221 9
a 194 281 3
a 194 301 10
a 194 311 5
a 195 226 3
a 196 365 1
a 196 485 10
a 197 74 6
a 197 124 9
a 197 321 9
a 197 469 9
a 198 364 3
a 199 494 4
a 200 276 2
a 200 363 5
a 201 33 6
a 201 351 5
a 202 86 3
a 203 379 7
a 204 453 5
a 205 422 4
a 205 455 8
a 206 115 5
a 206 251 5
a 206 315 2
a 206 427 5
a 207 247 3
a 207 443 5
a 208 203 7
a 209 148 9
a 209 194 3
a 210 347 2
a 210 492 7
a 211 91 5
a 211 183 4
a 211 186 5
a 211 238 10
a 212 169 4
a 212 367 4
a 213 120 2
a 214 359 4
a 214 448 5
a 215 22 4
a 215 134 5
a 215 267 4
a 216 84 4
a 217 269 2
a 218 392 7
a 218 461 2
a 218 473 1
a 219 271 9
a 219 387 9
a 220 158 5
a 220 254 2
a 220 403 8
a 221 23 8
a 221 206 7
a 221 470 2
a 222 70 2
a 222 383 3
a 223 31 6
a 223 354 3
a 224 240 4
a 225 212 1
a 226 458 2
a 227 206 10
a 227 226 1
a 228 132 10
a 228 412 4
a 229 58 9
a 230 9 7
a 230 201 6
a 231 386 6
a 232 460 5
a 233 11 5
a 233 74 9
a 233 223 1
a 234 231 6
a 234 304 9
a 234 434 4
a 235 181 3
a 236 4 3
a 236 62 5
a 237 25 3
a 238 262 1
a 238 346 3
a 239 38 10
a 239 87 2
a 239 274 10
a 240 144 7
a 241 70 7
a 241 327 6
a 242 491 5
a 242 495 4
a 243 237 1
a 243 327 6
a 243 332 5
a 243 386 8
a 244 464 7
a 245 141 6
a 246 4 8
a 246 306 9
a 247 112 2
a 247 412 2
a 248 3 5
a 248 126 7
a 248 356 2
a 249 118 7
a 249 127 4
a 249 288 5
a 250 497 2
a 251 350 1
a 252 2 2
a 252 232 6
a 252 413 5
a 253 473 5
a 254 46 3
a 254 324 1
a 255 117 7
a 256 113 10
a 256 120 1
a 257 210 8
a 257 270 4
a 257 463 10
a 258 195 10
a 258 293 9
a 258 488 3
a 259 102 9
a 259 261 5
a 259 373 8
a 260 89 4
a 260 290 1
a 260 394 1
a 260 492 2
a 261 482 3
a 262 57 9
a 263 142 5
a 263 398 5
a 264 104 1
a 264 140 3
a 264 317 9
a 265 105 3
a 266 198 7
a 266 491 5
a 267 103 2
a 267 177 6
a 267 337 9
a 267 452 3
a 268 487 6
a 268 494 5
a 269 268 9
a 270 28 10
a 270 261 1
a 271 471 8
a 272 192 7
a 273 122 9
a 273 153 1
a 273 204 3
a 274 89 5
a 275 102 8
a 275 351 5
a 276 235 8
a 276 460 8
a 277 350 9
a 278 47 7
a 278 104 5
a 278 202 3
a 278 273 2
a 279 489 2
a 280 328 4
a 280 428 6
a 280 451 8
a 281 78 5
a 281 415 3
a 282 272 4
a 282 497 10
a 283 315 8
a 284 357 5
a 284 374 10
a 285 187 5
a 285 449 4
a 286 352 7
a 287 468 10
a 288 82 8
a 288 90 3
a 288 488 9
a 289 436 5
a 290 265 2
a 290 491 9
a 291 116 2
a 291 271 9
a 292 115 4
a 292 246 2
a 292 335 5
a 293 168 3
a 293 224 6
a 294 329 1
a 294 378 4
a 294 397 4
a 295 75 1
a 295 139 7
a 295 237 10
a 295 299 8
a 295 436 8
a 295 437 3
a 295 457 6
a 296 100 8
a 296 295 4
a 297 45 7
a 297 185 10
a 297 496 10
a 298 93 8
a 298 400 3
a 299 368 5
a 300 22 6
a 300 103 9
a 300 492 7
a 301 190 8
a 302 56 8
a 303 33 3
a 303 361 2
a 304 423 8
a 304 450 10
a 305 9 3
a 305 207 8
a 305 351 10
a 305 388 9
a 306 76 7
a 306 288 6
a 306 333 1
a 307 321 7
a 308 156 7
a 309 276 6
a 310 324 5
a 310 432 7
a 311 471 4
a 312 92 2
a 312 97 5
a 312 255 9
a 313 245 5
a 313 412 4
a 313 426 9
a 314 343 10
a 315 234 2
a 315 395 5
a 316 111 2
a 316 252 5
a 316 323 3
a 317 114 7
a 317 201 10
a 318 154 9
a 318 408 5
a 319 23 9
a 319 264 2
a 319 407 9
a 320 191 1
a 320 241 7
a 320 346 7
a 321 180 1
a 321 287 2
a 322 18 3
a 322 315 10
a 323 478 1
a 324 257 9
a 324 297 5
a 324 364 4
a 325 24 9
a 325 336 6
a 326 87 2
a 326 123 7
a 327 379 7
a 328 316 10
a 329 124 3
a 329 125 10
a 330 249 5
a 330 485 8
a 331 14 9
a 331 281 9
a 332 94 8
a 332 470 3
a 333 235 2
a 333 421 2
a 334 69 7
a 334 462 6
a 335 341 4
a 335 425 9
a 336 318 7
a 336 355 5
a 336 470 6
a 337 87 6
a 337 305 5
a 338 36 9
a 338 468 1
a 339 49 10
a 339 379 6
a 340 445 8
a 341 306 4
a 342 143 3
a 343 143 4
a 344 357 8
a 345 110 3
a 345 164 9
a 346 116 8
a 347 454 7
a 348 225 8
a 348 266 5
a 349 64 4
a 349 164 4
a 350 239 9
a 351 460 1
a 352 241 9
a 352 377 5
a 353 60 3
a 353 280 5
a 353 436 5
a 354 7 2
a 354 375 8
a 354 405 5
a 354 434 1
a 355 212 7
a 355 273 8
a 356 34 7
a 356 120 7
a 356 358 5
a 356 412 6
a 356 483 2
a 357 190 2
a 358 60 3
a 358 117 4
a 358 189 1
a 358 441 10
a 359 179 8
a 359 303 7
a 360 153 10
a 360 371 8
a 360 481 2
a 361 197 4
a 361 368 2
a 361 424 4
a 362 179 1
a 362 319 8
a 362 430 1
a 362 447 2
a 363 303 9
a 363 498 5
a 364 352 7
a 364 384 6
a 365 15 7
a 365 331 3
a 366 376 4
a 366 395 4
a 367 47 1
a 368 269 4
a 368 426 6
a 369 196 2
a 369 439 5
a 370 174 2
a 370 207 8
a 370 348 1
a 371 118 6
a 371 155 6
a 372 43 2
a 372 122 6
a 372 236 5
a 372 486 5
a 373 293 6
a 374 201 8
a 375 215 7
a 375 269 4
a 375 384 8
a 375 411 1
a 376 167 6
a 376 350 2
a 376 432 5
a 377 212 4
a 378 19 9
a 378 230 6
a 379 165 3
a 379 345 5
a 379 381 4
a 380 117 1
a 381 10 6
a 381 365 5
a 381 393 3
a 382 88 10
a 382 239 4
a 383 3 9
a 384 73 5
a 384 295 4
a 385 175 6
a 386 6 1
a 386 164 2
a 387 123 2
a 388 421 9
a 389 2 4
a 389 55 8
a 389 211 8
a 389 301 10
a 389 476 6
a 390 52 2
a 390 223 1
a 390 298 4
a 391 230 1
a 391 482 5
a 392 480 1
a 392 492 8
a 393 370 3
a 394 59 1
a 394 247 5
a 394 475 8
a 395 55 6
a 395 96 3
a 395 268 2
a 395 292 3
a 396 440 5
a 397 110 5
a 398 31 9
a 399 172 3
a 400 286 8
a 401 435 9
a 401 456 3
a 401 481 1
a 402 71 8
a 402 182 10
a 402 229 9
a 403 143 7
a 403 500 8
a 404 115 3
a 405 108 1
a 405 147 7
a 405 152 5
a 405 157 7
a 405 244 6
a 406 233 10
a 406 334 8
a 406 485 4
a 407 6 2
a 407 7 8
a 408 278 7
a 408 475 8
a 409 107 8
a 409 256 5
a 409 316 5
a 410 104 8
a 411 458 9
a 412 379 1
a 412 481 9
a 413 338 10
a 414 32 5
a 414 471 9
a 415 59 1
a 416 269 9
a 417 108 8
a 417 144 4
a 417 187 3
a 418 50 4
a 419 349 10
a 419 399 7
a 420 278 7
a 420 352 1
a 421 28 8
a 421 166 10
a 421 265 6
a 422 42 8
a 422 141 1
a 423 67 3
a 423 410 10
a 424 20 5
a 424 209 1
a 425 424 4
a 426 154 9
a 427 48 9
a 427 199 7
a 427 391 4
a 428 238 7
a 428 403 2
a 429 155 3
a 429 173 5
a 430 16 2
a 430 156 1
a 431 383 4
a 432 69 5
a 433 23 7
a 434 347 3
a 435 26 8
a 435 27 3
a 435 41 2
a 435 370 3
a 435 448 2
a 436 101 9
a 436 148 1
a 436 488 6
a 437 85 8
a 437 161 1
a 437 386 2
a 438 313 2
a 438 335 3
a 439 274 8
a 439 402 2
a 440 125 8
a 440 150 10
a 440 406 8
a 441 228 7
a 441 244 9
a 442 93 5
a 442 499 8
a 443 81 7
a 443 361 7
a 444 79 4
a 444 119 8
a 444 358 4
a 444 382 7
a 445 3 8
a 445 460 10
a 446 46 4
a 447 84 7
a 447 346 7
a 448 135 7
a 449 283 9
a 450 480 2
a 451 142 2
a 451 191 6
a 452 270 2
a 452 389 3
a 452 482 7
a 453 63 9
a 453 207 8
a 454 52 10
a 455 91 6
a 456 296 6
a 457 26 7
a 457 221 2
a 458 307 9
a 459 194 5
a 460 256 5
a 460 371 4
a 461 470 4
a 462 184 2
a 462 344 6
a 463 37 6
a 464 113 8
a 464 411 2
a 465 56 5
a 465 453 10
a 466 326 8
a 466 500 3
a 467 398 1
a 468 121 7
a 468 211 4
a 469 156 4
a 470 464 6
a 471 130 9
a 471 302 3
a 471 369 7
a 471 398 2
a 472 166 4
a 473 269 4
a 474 42 10
a 474 46 6
a 475 170 9
a 475 202 3
a 475 252 10
a 475 292 6
a 476 80 1
a 476 200 7
a 477 266 4
a 477 292 3
a 478 142 7
a 478 159 8
a 478 383 9
a 478 461 2
a 479 309 9
a 480 487 10
a 481 9 2
a 482 453 9
a 482 470 9
a 483 65 1
a 483 380 10
a 484 96 3
a 485 466 1
a 485 478 4
a 486 48 9
a 487 406 2
a 488 72 1
a 488 169 6
a 489 133 8
a 489 375 6
a 490 114 8
a 491 50 9
a 491 88 6
a 491 496 5
a 492 358 5
a 493 184 3
a 493 325 3
a 494 342 4
a 494 432 5
a 495 86 3
a 495 297 1
a 495 466 7
a 496 98 8
a 496 348 5
a 497 25 7
a 497 219 9
a 497 336 6
a 497 439 9
a 497 477 7
a 498 391 1
a 499 197 6
