p max 500 1000
n 1 s
n 500 t
a 1 143 4
a 1 226 4
a 1 271 5
a 1 275 7
a 1 484 4
a 2 288 5
a 3 259 1
a 4 44 10
a 4 327 6
a 5 358 5
a 6 132 8
a 7 138 7
a 7 145 10
a 8 240 10
a 9 33 1
a 9 399 7
a 10 55 4
a 10 103 4
a 10 302 9
a 11 81 2
a 11 95 3
a 12 86 5
a 12 233 1
a 12 409 4
a 13 439 2
a 14 328 6
a 14 493 3
a 15 144 6
a 15 347 8
a 15 462 10
a 16 67 1
a 16 83 7
a 16 223 5
a 16 372 7
a 17 70 5
a 18 273 7
a 19 469 9
a 20 120 10
a 20 343 8
a 21 228 10
a 21 448 2
a 22 49 2
a 22 424 8
a 23 165 2
a 23 222 1
a 23 438 10
a 24 214 6
a 24 230 9
a 24 317 10
a 25 388 6
a 26 47 6
a 26 157 7
a 27 268 7
a 27 306 3
a 27 355 10
a 27 483 9
a 28 68 3
a 28 211 9
a 28 252 5
a 28 421 4
a 29 461 6
a 30 235 3
a 30 270 4
a 31 52 5
a 32 24 9
a 32 313 8
a 32 476 5
a 33 56 9
a 33 168 2
a 33 206 7
a 33 427 5
a 34 303 9
a 34 451 7
a 35 139 8
a 35 179 9
a 35 191 9
a 36 22 3
a 36 389 8
a 37 13 9
a 37 407 3
a 38 252 1
a 39 76 4
a 40 67 9
a 41 252 1
a 42 229 5
a 42 331 8
a 43 439 6
a 44 235 9
a 44 356 8
a 45 160 4
a 46 342 4
a 47 159 9
a 48 403 5
a 48 497 9
a 49 277 4
a 50 393 7
a 51 27 8
a 51 194 8
a 52 294 7
a 52 300 9
a 52 370 9
a 52 495 2
a 53 233 9
a 54 212 2
a 54 341 1
a 54 389 4
a 55 388 2
a 55 471 7
a 56 29 6
a 56 357 8
a 57 219 7
a 58 236 5
a 58 441 1
a 59 351 5
a 59 482 3
a 60 395 4
a 60 436 8
a 61 358 8
a 62 261 1
a 63 98 7
a 63 128 7
a 63 196 5
a 64 256 5
a 64 420 2
a 64 448 10
a 64 457 2
a 65 96 4
a 65 248 1
a 66 230 9
a 67 281 5
a 68 251 8
a 69 63 4
a 69 195 1
a 69 205 6
a 70 21 3
a 70 477 10
a 71 321 7
a 71 346 7
a 71 384 2
a 72 44 2
a 73 141 10
a 73 143 2
a 73 219 10
a 74 467 7
a 75 79 4
a 75 486 8
a 76 120 5
a 76 188 6
a 76 257 4
a 77 240 10
a 77 456 9
a 78 98 8
a 78 217 9
a 78 358 10
a 78 490 7
a 79 138 6
a 80 354 8
a 81 189 4
a 81 311 2
a 81 316 8
a 81 494 9
a 82 50 8
a 82 410 8
a 83 240 10
a 83 333 3
a 83 492 2
a 84 9 10
a 85 77 2
a 86 344 5
a 87 129 9
a 88 15 6
a 89 92 1
a 89 331 4
a 90 162 5
a 90 262 5
a 90 379 1
a 91 261 5
a 91 369 3
a 92 494 8
a 93 101 5
a 93 258 2
a 93 479 9
a 94 163 6
a 94 310 2
a 94 322 2
a 94 334 1
a 94 437 5
a 95 230 9
a 95 278 5
a 96 218 9
a 97 426 2
a 98 5 10
a 98 382 4
a 99 169 4
a 100 265 1
a 101 47 10
a 101 134 2
a 102 257 8
a 103 13 2
a 103 398 10
a 103 468 4
a 104 47 7
a 104 300 8
a 105 233 7
a 105 404 2
a 105 453 2
a 105 465 8
a 105 483 5
a 106 30 7
a 106 491 10
a 107 270 7
a 107 401 7
a 107 425 10
a 108 30 8
a 109 241 10
a 109 251 8
a 109 416 1
a 110 118 6
a 110 129 10
a 110 499 7
a 111 465 5
a 112 271 3
a 113 200 1
a 113 267 8
a 113 366 3
a 113 371 9
a 114 279 1
a 115 435 1
a 116 113 4
a 116 296 7
a 116 448 8
a 117 135 5
a 117 400 8
a 118 340 5
a 118 499 9
a 119 359 2
a 119 461 10
a 120 172 8
a 120 330 3
a 120 382 5
a 121 13 8
a 122 184 3
a 122 303 1
a 123 439 5
a 124 26 3
a 125 52 3
a 125 208 3
a 126 59 4
a 126 369 5
a 127 54 10
a 127 112 9
a 128 9 8
a 128 53 7
a 129 78 3
a 129 199 3
a 130 30 2
a 130 276 7
a 131 130 2
a 131 275 10
a 132 367 9
a 132 429 8
a 133 101 7
a 133 470 2
a 134 76 1
a 134 319 10
a 135 312 3
a 135 466 3
a 136 22 7
a 136 84 10
a 137 138 9
a 138 266 3
a 139 422 6
a 139 500 9
a 140 209 3
a 140 428 7
a 141 378 1
a 141 394 4
a 142 498 7
a 143 8 5
a 143 45 6
a 143 482 10
a 144 110 9
a 144 477 6
a 145 312 4
a 145 314 7
a 146 185 6
a 146 204 5
a 146 494 3
a 147 11 5
a 147 46 3
a 147 67 6
a 147 105 2
a 148 431 1
a 149 495 8
a 150 420 3
a 151 169 10
a 152 52 6
a 152 306 9
a 152 388 4
a 153 105 5
a 153 260 8
a 153 323 5
a 154 16 3
a 155 23 1
a 155 225 9
a 156 64 6
a 156 123 4
a 156 367 5
a 156 402 9
a 157 62 10
a 157 209 4
a 157 402 9
a 158 200 3
a 158 283 3
a 158 452 3
a 159 500 2
a 160 444 5
a 160 462 3
a 161 104 9
a 161 221 4
a 162 68 3
a 162 168 2
a 162 186 8
a 162 228 3
a 162 416 4
a 162 481 8
a 163 426 6
a 164 7 10
a 164 256 7
a 165 332 5
a 165 481 6
a 166 110 2
a 167 266 9
a 167 332 2
a 167 411 2
a 168 163 6
a 168 461 9
a 169 357 2
a 170 208 5
a 171 53 4
a 171 447 10
a 172 164 4
a 172 188 8
a 173 152 3
a 173 276 6
a 174 297 1
a 174 349 4
a 175 91 7
a 176 16 9
a 176 66 5
a 176 248 10
a 177 169 8
a 177 398 6
a 178 390 1
a 179 181 7
a 179 192 1
a 179 262 4
a 179 368 8
a 180 5 8
a 180 205 1
a 180 498 7
a 181 482 4
a 182 161 10
a 182 365 8
a 183 194 5
a 183 341 7
a 184 117 7
a 185 441 6
a 186 257 9
a 187 75 9
a 187 350 5
a 187 353 3
a 188 193 6
a 189 478 8
a 190 132 5
a 190 360 4
a 191 424 2
a 191 443 7
a 192 259 4
a 193 236 4
a 194 167 2
a 194 182 5
a 194 430 8
a 195 211 10
a 195 327 7
a 196 147 4
a 196 286 7
a 196 498 3
a 197 78 8
a 197 312 8
a 197 371 3
a 198 74 7
a 198 264 6
a 199 213 9
a 199 309 5
a 200 24 9
a 200 392 9
a 200 423 5
a 200 434 5
a 201 142 1
a 202 18 9
a 202 59 6
a 202 226 6
a 202 354 6
a 203 63 2
a 204 90 4
a 204 385 5
a 205 80 10
a 205 91 3
a 206 27 8
a 206 34 6
a 206 116 10
a 207 312 7
a 208 362 4
a 208 409 8
a 208 482 3
a 209 305 5
a 209 409 10
a 210 239 4
a 210 279 7
a 210 325 2
a 211 175 2
a 212 94 10
a 212 220 10
a 213 148 2
a 214 349 10
a 215 455 9
a 216 415 4
a 216 444 6
a 217 343 9
a 218 30 8
a 219 365 10
a 220 102 3
a 220 462 6
a 221 28 9
a 221 84 10
a 221 142 8
a 221 438 10
a 222 373 4
a 222 462 2
a 223 3 5
a 223 156 2
a 223 433 5
a 224 375 5
a 224 435 10
a 225 136 6
a 225 360 7
a 225 468 8
a 226 373 7
a 227 122 6
a 227 476 8
a 228 264 2
a 229 454 5
a 229 491 2
a 230 151 10
a 230 187 5
a 230 446 8
a 231 176 5
a 231 243 3
a 232 221 2
a 232 227 4
a 232 339 1
a 233 89 5
a 233 195 6
a 233 246 4
a 233 348 9
a 234 56 8
a 235 300 1
a 235 472 7
a 236 29 9
a 236 150 2
a 237 255 2
a 237 397 2
a 237 463 1
a 238 4 5
a 238 88 4
a 239 105 1
a 240 52 8
a 240 244 1
a 241 197 2
a 242 8 2
a 242 73 5
a 242 384 8
a 243 40 3
a 244 290 10
a 245 162 10
a 246 113 7
a 246 424 3
a 247 118 6
a 247 254 1
a 247 313 3
a 248 90 7
a 248 115 8
a 248 159 4
a 248 333 4
a 248 404 10
a 248 489 8
a 249 140 2
a 249 261 6
a 249 394 4
a 250 153 8
a 250 379 4
a 250 419 3
a 251 195 10
a 252 265 7
a 252 449 9
a 253 345 9
a 254 416 8
a 255 43 5
a 255 267 2
a 256 26 5
a 256 472 9
a 257 193 6
a 257 454 7
a 257 469 4
a 258 173 1
a 258 215 3
a 258 296 3
a 259 110 3
a 259 145 9
a 260 141 2
a 261 61 5
a 261 88 2
a 261 273 10
a 261 289 9
a 261 337 1
a 261 472 2
a 262 124 9
a 262 228 7
a 263 108 9
a 263 171 1
a 264 32 4
a 264 35 5
a 264 77 9
a 264 135 6
a 264 137 3
a 265 191 3
a 265 249 10
a 266 234 1
a 266 428 7
a 267 143 8
a 268 205 5
a 269 117 7
a 269 152 2
a 269 264 3
a 270 226 4
a 270 239 3
a 271 218 9
a 271 439 5
a 272 223 2
a 273 42 1
a 273 482 10
a 274 320 7
a 274 431 2
a 275 229 8
a 275 315 6
a 276 360 3
a 276 361 2
a 277 144 7
a 278 202 3
a 279 261 3
a 279 450 9
a 280 331 9
a 281 293 3
a 281 374 3
a 282 29 6
a 282 67 10
a 282 194 3
a 282 272 7
a 283 131 2
a 283 149 4
a 284 293 7
a 285 49 2
a 285 218 1
a 286 2 3
a 286 183 5
a 286 338 1
a 286 492 1
a 287 405 1
a 288 345 2
a 288 391 4
a 289 345 3
a 290 365 3
a 291 474 8
a 291 476 2
a 292 313 8
a 292 375 5
a 292 473 9
a 293 261 7
a 294 179 7
a 294 380 3
a 295 48 2
a 295 97 7
a 295 179 2
a 295 412 1
a 296 155 5
a 296 414 9
a 296 450 1
a 297 240 6
a 297 253 2
a 297 257 1
a 298 321 2
a 299 214 2
a 299 281 3
a 300 438 7
a 301 200 3
a 301 258 7
a 302 15 5
a 302 478 2
a 303 270 7
a 303 381 5
a 304 214 3
a 304 486 3
a 305 224 2
a 305 474 3
a 306 285 3
a 307 239 5
a 308 464 5
a 309 157 6
a 310 388 7
a 310 433 6
a 311 36 2
a 311 364 10
a 311 410 5
a 311 473 10
a 312 136 10
a 312 231 5
a 313 138 9
a 313 422 2
a 314 110 9
a 314 151 3
a 314 301 3
a 315 209 6
a 316 352 6
a 316 475 2
a 317 205 1
a 318 418 8
a 319 6 2
a 319 61 5
a 319 418 8
a 320 162 9
a 320 295 3
a 321 99 2
a 322 238 9
a 322 352 1
a 323 293 7
a 324 193 5
a 324 203 7
a 324 311 1
a 325 337 3
a 326 433 9
a 326 493 8
a 327 54 7
a 327 188 2
a 328 293 2
a 328 345 6
a 328 360 5
a 328 408 3
a 329 482 1
a 330 92 7
a 330 177 6
a 330 232 1
a 331 22 3
a 331 70 2
a 331 459 3
a 332 409 5
a 332 440 3
a 333 161 5
a 333 285 1
a 333 442 5
a 334 51 5
a 334 95 1
a 334 416 5
a 335 178 3
a 335 297 3
a 335 407 1
a 336 161 9
a 337 104 9
a 337 191 1
a 338 242 9
a 338 277 2
a 339 69 10
a 339 118 2
a 340 180 7
a 341 31 10
a 341 135 6
a 341 317 1
a 342 270 3
a 342 287 8
a 343 148 7
a 343 324 9
a 344 83 3
a 344 432 4
a 344 449 3
a 345 176 4
a 346 22 10
a 346 350 9
a 346 378 1
a 346 405 10
a 347 156 7
a 348 82 5
a 348 420 10
a 349 156 3
a 350 199 8
a 350 259 6
a 351 416 3
a 351 496 6
a 352 230 5
a 353 40 10
a 353 49 4
a 353 99 6
a 353 259 9
a 353 442 1
a 354 225 8
a 354 347 5
a 355 280 9
a 355 360 9
a 355 396 8
a 355 490 9
a 356 115 8
a 357 364 6
a 358 193 5
a 359 125 8
a 359 158 7
a 359 339 7
a 360 309 4
a 360 337 9
a 360 395 8
a 361 12 1
a 361 434 7
a 362 32 3
a 362 393 3
a 363 111 6
a 363 133 9
a 363 228 3
a 364 257 6
a 365 30 6
a 365 386 5
a 366 256 10
a 367 335 9
a 368 391 1
a 369 47 1
a 370 167 7
a 371 41 10
a 371 57 7
a 371 413 1
a 372 197 10
a 372 246 5
a 373 74 10
a 374 154 8
a 374 436 8
a 375 145 4
a 375 387 7
a 376 153 8
a 376 403 6
a 377 102 8
a 377 240 8
a 378 243 5
a 378 345 3
a 379 77 3
a 379 377 10
a 380 6 6
a 380 201 7
a 380 458 2
a 381 266 2
a 381 291 3
a 381 383 9
a 382 212 3
a 383 194 3
a 383 263 8
a 384 56 10
a 384 299 9
a 385 10 10
a 385 288 10
a 385 344 1
a 385 395 4
a 386 106 8
a 386 202 6
a 387 136 2
a 388 38 1
a 388 328 2
a 389 17 8
a 389 68 7
a 390 37 5
a 391 490 8
a 392 76 2
a 392 124 8
a 393 101 9
a 394 39 8
a 394 245 10
a 395 59 6
a 395 242 9
a 395 290 10
a 396 274 8
a 396 453 9
a 396 473 7
a 397 35 8
a 397 239 1
a 398 38 10
a 398 126 1
a 398 282 9
a 398 298 9
a 399 19 1
a 399 133 3
a 399 284 1
a 400 34 9
a 400 329 4
a 401 435 4
a 402 93 2
a 402 476 10
a 403 474 8
a 403 480 2
a 404 220 3
a 405 51 6
a 405 160 7
a 406 39 6
a 406 336 7
a 406 349 3
a 407 14 6
a 407 86 6
a 407 114 2
a 408 309 8
a 409 457 8
a 410 10 6
a 411 387 2
a 412 37 5
a 412 404 3
a 413 71 5
a 413 212 6
a 414 60 4
a 414 107 8
a 414 267 6
a 415 33 6
a 415 57 8
a 416 210 2
a 416 245 7
a 416 459 9
a 417 273 2
a 417 308 10
a 418 250 4
a 418 305 6
a 419 335 10
a 419 412 3
a 420 383 5
a 421 184 2
a 421 417 3
a 422 292 5
a 422 363 2
a 422 410 7
a 423 121 1
a 423 250 4
a 423 352 5
a 424 57 3
a 424 341 6
a 425 61 4
a 425 397 9
a 426 22 6
a 426 467 9
a 427 129 5
a 428 58 7
a 428 402 2
a 429 289 8
a 430 87 7
a 430 271 4
a 430 401 9
a 431 87 10
a 432 93 4
a 432 247 7
a 433 47 3
a 433 103 4
a 433 296 3
a 433 390 5
a 434 303 1
a 434 500 10
a 435 342 5
a 435 463 1
a 436 100 9
a 436 464 8
a 436 467 7
a 437 475 6
a 438 110 6
a 438 269 4
a 439 189 2
a 439 326 2
a 440 216 5
a 440 359 9
a 440 360 1
a 440 447 4
a 441 170 4
a 441 436 10
a 442 208 8
a 443 207 7
a 443 331 4
a 444 303 1
a 444 488 6
a 445 38 10
a 445 237 9
a 446 11 1
a 447 85 7
a 447 374 4
a 448 163 5
a 448 306 8
a 449 6 5
a 449 58 8
a 450 10 3
a 450 174 3
a 451 184 7
a 452 127 1
a 452 306 1
a 452 400 7
a 453 65 6
a 453 94 8
a 453 193 5
a 453 251 6
a 454 119 5
a 454 303 8
a 454 485 5
a 455 134 6
a 456 20 3
a 456 152 4
a 457 9 5
a 457 167 9
a 458 263 2
a 458 315 10
a 458 500 7
a 459 247 4
a 459 307 10
a 460 370 3
a 461 166 1
a 461 306 10
a 462 227 2
a 462 455 10
a 463 2 9
a 463 109 7
a 464 441 6
a 465 101 8
a 466 285 10
a 467 92 5
a 468 347 2
a 469 194 4
a 470 206 3
a 471 318 1
a 471 382 9
a 471 406 3
a 472 398 6
a 473 316 7
a 474 39 3
a 474 426 8
a 475 424 2
a 475 431 4
a 475 487 8
a 476 147 9
a 476 485 7
a 477 202 5
a 477 342 8
a 478 337 5
a 479 149 9
a 479 396 7
a 480 16 2
a 480 50 6
a 480 180 10
a 481 72 10
a 481 146 2
a 481 268 1
a 482 268 6
a 482 455 4
a 483 15 1
a 483 484 4
a 484 99 6
a 484 175 10
a 484 198 9
a 485 190 4
a 485 395 4
a 486 395 2
a 487 441 9
a 487 445 10
a 487 491 5
a 488 25 10
a 488 233 8
a 489 72 4
a 489 460 10
a 490 108 4
a 490 182 4
a 490 285 9
a 491 91 7
a 491 385 7
a 492 366 1
a 492 376 10
a 493 394 10
a 494 137 4
a 494 379 6
a 495 383 3
a 496 192 8
a 496 301 8
a 496 304 5
a 497 110 9
a 498 357 8
a 499 154 5
a 499 170 3
a 499 204 2
