p max 500 1000
n 1 s
n 500 t
a 1 128 6
a 2 147 1
a 3 361 4
a 3 362 6
a 4 233 10
a 4 338 4
a 4 479 3
a 5 297 7
a 5 326 8
a 5 444 9
a 6 258 4
a 6 369 4
a 6 430 3
a 7 72 6
a 7 166 2
a 8 152 2
a 8 399 5
a 9 80 3
a 9 435 10
a 10 84 2
a 10 116 7
a 10 274 10
a 11 368 4
a 12 223 3
a 12 233 4
a 12 454 2
a 12 468 5
a 13 179 2
a 14 52 7
a 14 364 3
a 15 465 6
a 16 180 9
a 17 194 1
a 17 432 1
a 18 472 8
a 19 439 3
a 19 489 7
a 20 63 10
a 20 167 3
a 20 177 1
a 20 220 7
a 21 379 8
a 22 9 8
a 22 301 3
a 23 18 6
a 23 295 6
a 24 346 10
a 24 488 2
a 25 92 2
a 26 95 8
a 26 345 6
a 26 423 5
a 26 431 3
a 27 258 6
a 27 271 10
a 28 174 1
a 28 236 9
a 29 50 1
a 30 342 6
a 30 350 6
a 30 382 7
a 30 415 1
a 30 423 1
a 31 3 5
a 31 16 3
a 31 308 2
a 32 12 1
a 32 124 1
a 32 254 6
a 33 151 9
a 34 233 3
a 35 61 8
a 35 92 6
a 36 66 5
a 37 43 2
a 37 240 7
a 38 209 10
a 39 178 7
a 40 94 9
a 40 378 1
a 41 143 8
a 41 250 8
a 42 55 9
a 43 191 7
a 43 334 9
a 44 122 2
a 44 125 8
a 44 186 3
a 44 311 3
a 44 366 4
a 45 65 4
a 45 306 1
a 46 321 10
a 46 327 2
a 47 491 6
a 48 139 8
a 48 185 6
a 49 348 6
a 49 358 10
a 49 471 9
a 50 54 3
a 50 243 2
a 51 28 5
a 51 464 1
a 52 66 5
a 52 376 7
a 53 493 4
a 54 208 4
a 55 77 5
a 55 394 6
a 55 425 10
a 56 19 4
a 56 267 5
a 56 421 2
a 57 445 9
a 58 14 5
a 58 18 9
a 59 36 3
a 60 10 6
a 60 181 5
a 60 209 5
a 60 303 8
a 61 243 2
a 61 335 9
a 62 41 3
a 62 320 2
a 62 483 8
a 63 462 3
a 64 249 5
a 65 262 7
a 65 354 6
a 65 408 9
a 66 142 5
a 66 486 9
a 67 90 1
a 67 198 8
a 67 346 4
a 67 469 2
a 68 394 1
a 68 487 9
a 69 23 5
a 69 466 10
a 70 43 1
a 70 99 10
a 70 187 8
a 70 414 3
a 71 225 1
a 72 73 2
a 72 273 5
a 73 264 3
a 74 9 2
a 74 309 6
a 74 355 9
a 75 129 7
a 75 280 6
a 76 82 1
a 76 257 6
a 77 94 6
a 77 259 1
a 78 349 9
a 79 34 6
a 79 287 8
a 79 386 5
a 79 403 7
a 80 348 8
a 80 380 10
a 81 170 3
a 81 436 10
a 82 204 4
a 82 259 4
a 82 498 10
a 83 97 2
a 83 108 4
a 83 372 3
a 84 130 9
a 85 37 10
a 86 209 9
a 86 389 6
a 86 408 3
a 87 192 2
a 88 247 5
a 88 495 5
a 89 14 6
a 90 301 8
a 90 410 10
a 91 107 4
a 92 111 9
a 92 467 3
a 92 478 3
a 93 163 8
a 93 328 8
a 94 452 2
a 95 155 10
a 96 2 3
a 96 127 5
a 97 104 1
a 97 398 5
a 97 399 1
a 97 433 10
a 98 49 1
a 98 214 6
a 99 166 1
a 99 261 9
a 100 449 1
a 100 474 5
a 101 474 2
a 102 27 6
a 102 276 7
a 103 386 10
a 104 63 4
a 104 298 2
a 104 321 8
a 105 31 3
a 105 241 1
a 106 431 4
a 106 500 4
a 107 15 10
a 108 142 1
a 108 171 4
a 108 274 5
a 109 228 9
a 109 495 3
a 110 465 1
a 110 480 9
a 110 498 5
a 111 106 2
a 112 288 2
a 113 364 4
a 114 391 4
a 115 347 5
a 116 463 2
a 117 279 2
a 118 67 4
a 118 120 3
a 118 386 1
a 119 162 4
a 119 377 3
a 119 485 10
a 120 249 4
a 120 429 2
a 121 96 10
a 121 210 10
a 121 327 6
a 121 370 1
a 122 37 1
a 122 98 3
a 123 22 10
a 123 406 7
a 124 197 9
a 125 262 10
a 126 192 1
a 126 269 3
a 126 289 9
a 127 375 2
a 127 417 6
a 128 69 3
a 128 103 9
a 128 360 2
a 129 279 9
a 130 235 2
a 130 334 1
a 130 349 5
a 130 427 5
a 131 78 9
a 131 169 9
a 131 302 10
a 132 354 6
a 133 164 7
a 134 88 8
a 134 375 9
a 135 104 5
a 136 89 7
a 137 377 7
a 138 382 8
a 139 30 6
a 139 81 8
a 139 472 1
a 140 65 8
a 140 78 2
a 140 445 6
a 141 485 10
a 142 397 8
a 143 463 7
a 144 184 1
a 145 217 5
a 145 492 10
a 146 263 5
a 146 307 5
a 146 437 2
a 147 250 1
a 147 442 2
a 148 33 6
a 148 119 9
a 148 216 8
a 148 427 5
a 149 73 4
a 149 399 5
a 149 427 9
a 150 366 4
a 151 102 6
a 152 309 1
a 153 377 9
a 153 418 3
a 153 489 6
a 154 4 10
a 154 260 3
a 154 434 7
a 155 77 8
a 155 219 9
a 155 236 9
a 155 385 5
a 156 248 1
a 156 353 7
a 156 381 1
a 157 253 7
a 157 378 1
a 158 31 9
a 158 223 2
a 158 318 7
a 158 412 5
a 159 10 10
a 159 119 3
a 160 337 7
a 161 148 8
a 162 429 3
a 162 462 5
a 163 472 8
a 164 72 7
a 165 187 10
a 165 417 9
a 166 368 2
a 166 455 6
a 167 395 8
a 168 290 5
a 169 173 8
a 170 6 1
a 170 64 4
a 171 70 2
a 172 28 4
a 172 129 5
a 173 98 5
a 174 239 10
a 174 345 5
a 175 321 1
a 176 413 9
a 176 443 2
a 177 299 6
a 177 402 1
a 178 45 5
a 179 48 7
a 179 348 4
a 180 58 1
a 180 84 6
a 181 246 5
a 181 380 9
a 182 428 9
a 182 460 1
a 183 296 2
a 184 126 1
a 184 284 8
a 184 300 3
a 185 132 1
a 185 249 1
a 186 202 4
a 186 426 3
a 187 163 2
a 187 468 7
a 188 199 10
a 188 266 6
a 188 268 2
a 188 340 4
a 189 235 4
a 190 31 5
a 190 436 9
a 191 25 8
a 191 384 1
a 192 16 4
a 192 257 3
a 192 440 8
a 192 467 3
a 193 50 1
a 193 147 7
a 193 330 1
a 194 184 4
a 194 392 8
a 195 331 2
a 196 362 10
a 197 12 7
a 197 30 10
a 197 313 10
a 198 55 1
a 198 135 3
a 199 106 2
a 199 144 5
a 199 146 8
a 199 458 3
a 200 448 1
a 201 119 7
a 202 464 7
a 203 96 6
a 203 97 10
a 204 250 5
a 204 459 2
a 205 90 6
a 205 263 10
a 205 420 1
a 206 6 4
a 207 133 9
a 207 153 7
a 208 275 10
a 208 486 1
a 209 411 6
a 210 231 8
a 210 376 6
a 211 198 6
a 212 174 4
a 213 153 9
a 214 91 10
a 214 330 10
a 215 176 4
a 215 190 3
a 215 379 5
a 216 223 9
a 216 435 1
a 217 105 5
a 217 241 1
a 218 18 7
a 218 112 4
a 218 416 4
a 219 396 5
a 220 72 6
a 220 322 5
a 220 347 9
a 220 500 3
a 221 70 7
a 222 103 8
a 223 48 5
a 224 118 6
a 224 338 10
a 224 350 7
a 225 11 3
a 225 110 8
a 226 188 7
a 226 222 6
a 226 235 8
a 226 252 6
a 227 329 4
a 227 414 5
a 228 312 8
a 229 169 6
a 230 32 10
a 230 157 4
a 231 400 1
a 231 411 9
a 231 444 10
a 232 135 8
a 232 389 3
a 233 33 10
a 233 256 10
a 233 365 5
a 234 8 8
a 234 317 3
a 234 421 3
a 235 218 7
a 235 310 3
a 236 126 5
a 237 25 4
a 237 193 2
a 238 199 8
a 239 160 7
a 240 152 9
a 240 332 10
a 240 407 4
a 241 100 7
a 242 159 4
a 242 388 5
a 242 463 2
a 243 79 4
a 243 244 7
a 243 390 2
a 244 203 2
a 245 211 6
a 245 324 2
a 246 17 3
a 247 53 9
a 247 193 9
a 248 334 2
a 249 425 10
a 250 334 2
a 251 282 5
a 251 319 9
a 252 112 9
a 252 268 5
a 253 20 7
a 253 304 1
a 253 489 1
a 254 190 5
a 254 290 4
a 254 393 8
a 255 148 10
a 255 329 2
a 255 482 9
a 256 199 8
a 257 70 6
a 257 117 5
a 258 61 2
a 259 26 7
a 260 251 10
a 261 274 8
a 261 453 9
a 262 308 2
a 262 361 10
a 262 421 10
a 263 15 1
a 263 288 10
a 264 153 6
a 265 44 5
a 265 224 5
a 265 267 3
a 265 401 6
a 265 492 1
a 266 154 6
a 266 460 4
a 267 476 2
a 268 170 8
a 268 313 1
a 268 341 9
a 269 39 2
a 269 79 6
a 269 196 5
a 270 7 3
a 270 89 8
a 270 249 8
a 271 234 8
a 271 367 10
a 272 79 6
a 272 195 3
a 272 297 4
a 273 58 4
a 274 15 7
a 274 103 1
a 275 123 4
a 275 353 5
a 276 60 3
a 277 213 8
a 278 300 9
a 279 152 4
a 279 288 7
a 279 358 10
a 280 279 9
a 280 420 10
a 281 278 1
a 281 315 7
a 281 380 9
a 282 374 4
a 282 464 8
a 283 21 7
a 283 469 1
a 284 205 1
a 284 383 1
a 285 39 4
a 286 21 6
a 287 227 8
a 287 491 3
a 288 211 4
a 288 301 6
a 289 139 9
a 290 131 10
a 290 269 4
a 291 306 9
a 292 32 2
a 292 455 3
a 293 201 7
a 293 267 7
a 293 348 10
a 294 120 6
a 294 494 1
a 295 248 3
a 295 282 2
a 296 274 7
a 297 97 10
a 297 237 3
a 297 392 4
a 298 215 7
a 298 245 7
a 298 458 1
a 299 213 7
a 299 359 10
a 299 428 8
a 300 56 6
a 300 344 4
a 301 477 7
a 302 149 1
a 302 185 5
a 302 484 6
a 303 134 6
a 303 291 8
a 304 316 7
a 304 321 5
a 305 402 8
a 305 500 3
a 306 121 10
a 306 150 8
a 306 268 6
a 307 290 1
a 308 76 10
a 308 93 2
a 309 434 7
a 310 122 1
a 311 265 6
a 312 226 5
a 312 291 2
a 313 186 6
a 313 214 8
a 313 247 9
a 314 131 9
a 315 155 6
a 316 72 7
a 316 373 10
a 317 352 8
a 317 470 6
a 318 8 10
a 318 172 7
a 319 245 7
a 319 293 8
a 320 36 4
a 320 269 10
a 321 165 8
a 322 45 1
a 322 75 4
a 322 281 3
a 323 305 7
a 323 404 10
a 323 456 8
a 324 49 2
a 325 285 5
a 325 404 10
a 325 452 2
a 326 78 9
a 327 157 4
a 327 194 1
a 328 12 5
a 328 185 5
a 329 21 3
a 329 100 10
a 329 337 6
a 330 155 1
a 330 165 10
a 330 470 8
a 331 257 9
a 332 74 4
a 332 85 2
a 332 94 5
a 333 69 7
a 334 48 9
a 335 4 2
a 335 272 3
a 336 240 3
a 336 396 5
a 337 42 4
a 337 189 1
a 337 264 2
a 338 355 8
a 339 9 5
a 339 456 10
a 339 478 4
a 340 40 9
a 340 110 8
a 341 156 5
a 341 208 5
a 341 384 1
a 342 12 4
a 342 53 7
a 343 27 4
a 343 150 7
a 343 215 4
a 343 387 3
a 343 409 8
a 344 133 7
a 345 343 9
a 345 346 6
a 345 371 1
a 346 395 4
a 346 477 3
a 347 409 5
a 348 260 6
a 348 336 4
a 349 73 1
a 349 477 8
a 350 132 7
a 351 115 2
a 351 168 4
a 352 326 5
a 352 493 3
a 353 131 7
a 353 164 2
a 353 459 8
a 353 499 9
a 354 35 4
a 355 122 5
a 356 76 10
a 356 225 7
a 356 340 1
a 357 99 10
a 358 178 5
a 358 213 8
a 359 415 10
a 360 270 2
a 360 402 4
a 361 102 6
a 361 233 2
a 361 426 4
a 362 216 3
a 363 116 6
a 363 451 4
a 364 133 10
a 364 323 3
a 365 97 3
a 365 221 8
a 366 312 2
a 366 407 3
a 366 481 10
a 367 478 1
a 368 271 10
a 369 89 4
a 369 187 9
a 370 92 8
a 370 137 2
a 370 257 7
a 371 99 3
a 372 87 3
a 372 225 1
a 372 495 5
a 373 139 3
a 373 363 4
a 374 249 9
a 374 385 5
a 375 292 1
a 375 383 6
a 375 495 8
a 375 497 8
a 376 366 2
a 377 127 5
a 377 141 9
a 378 98 1
a 379 370 5
a 380 29 6
a 380 123 4
a 381 233 2
a 382 88 1
a 382 145 7
a 382 179 8
a 383 60 3
a 383 162 8
a 383 336 4
a 384 36 2
a 384 263 10
a 385 206 6
a 386 158 9
a 386 210 10
a 387 239 2
a 388 86 8
a 388 97 2
a 388 422 1
a 389 365 4
a 390 357 1
a 390 389 8
a 390 465 1
a 391 26 4
a 391 294 1
a 392 151 6
a 392 413 8
a 392 457 3
a 392 459 5
a 393 246 7
a 393 325 1
a 393 391 6
a 393 447 3
a 394 500 1
a 395 405 7
a 395 448 5
a 396 91 10
a 396 117 7
a 397 280 5
a 397 321 2
a 398 73 1
a 398 200 4
a 399 49 5
a 399 206 7
a 400 17 10
a 400 56 6
a 400 212 9
a 401 35 8
a 401 80 4
a 401 190 5
a 401 227 9
a 402 229 5
a 402 286 5
a 402 475 7
a 403 157 8
a 404 243 2
a 404 259 9
a 404 331 7
a 404 340 1
a 404 381 3
a 404 441 8
a 405 342 10
a 406 161 5
a 406 277 6
a 407 6 10
a 407 218 5
a 407 259 3
a 408 163 1
a 408 306 8
a 409 124 8
a 410 266 1
a 411 115 1
a 411 201 10
a 412 107 10
a 413 164 5
a 414 154 4
a 415 28 2
a 416 52 4
a 416 369 2
a 417 141 9
a 417 458 1
a 418 138 9
a 418 424 7
a 419 80 6
a 419 471 5
a 420 77 8
a 420 339 3
a 420 367 8
a 421 114 4
a 421 490 10
a 422 199 9
a 423 86 8
a 423 130 7
a 424 136 1
a 424 206 4
a 424 212 5
a 425 409 1
a 426 13 1
a 426 63 1
a 426 238 10
a 426 395 4
a 427 288 10
a 427 450 5
a 428 239 2
a 429 90 6
a 429 175 7
a 430 81 9
a 431 241 4
a 432 16 6
a 432 230 3
a 433 448 1
a 434 58 1
a 434 244 5
a 434 450 2
a 435 198 7
a 436 65 9
a 437 281 9
a 438 18 5
a 439 297 4
a 439 364 9
a 440 376 6
a 441 42 10
a 441 438 4
a 442 57 6
a 442 128 8
a 442 260 10
a 442 280 2
a 442 291 8
a 443 51 4
a 443 144 3
a 443 183 7
a 443 187 8
a 444 202 6
a 445 289 7
a 446 242 5
a 447 139 4
a 448 37 5
a 448 113 7
a 449 444 9
a 450 3 2
a 451 147 10
a 451 242 1
a 451 482 6
a 452 5 2
a 452 261 10
a 453 62 8
a 453 153 9
a 453 320 10
a 453 475 10
a 454 413 1
a 454 419 8
a 455 188 10
a 455 232 8
a 455 496 10
a 456 107 4
a 456 289 9
a 456 473 1
a 457 394 7
a 458 371 6
a 459 126 3
a 459 413 1
a 460 78 2
a 460 356 3
a 461 68 8
a 461 311 10
a 461 476 5
a 462 182 8
a 462 314 9
a 462 432 8
a 462 445 8
a 463 46 6
a 463 93 8
a 463 283 9
a 464 26 10
a 464 270 3
a 465 213 2
a 465 302 4
a 466 50 4
a 466 300 8
a 466 461 5
a 467 156 7
a 467 424 7
a 468 129 2
a 468 390 9
a 469 42 2
a 469 450 4
a 470 17 4
a 470 83 4
a 470 260 10
a 471 180 8
a 471 447 4
a 472 24 9
a 472 68 6
a 473 52 7
a 473 229 5
a 473 459 8
a 473 490 7
a 474 23 1
a 474 310 7
a 474 376 4
a 474 403 6
a 475 255 4
a 475 265 9
a 475 296 7
a 475 463 7
a 476 140 5
a 476 407 9
a 477 11 6
a 477 360 9
a 477 448 9
a 478 59 3
a 478 266 4
a 478 296 8
a 478 474 6
a 479 30 3
a 479 197 4
a 480 485 3
a 481 207 6
a 481 220 6
a 481 281 9
a 482 71 3
a 482 237 10
a 483 197 9
a 484 278 2
a 485 179 7
a 486 5 4
a 486 47 6
a 486 101 2
a 486 339 5
a 486 351 5
a 487 12 8
a 487 161 4
a 488 109 4
a 488 144 3
a 489 423 4
a 490 22 3
a 490 307 6
a 491 54 9
a 492 160 7
a 492 321 10
a 492 352 10
a 493 292 8
a 494 3 5
a 494 173 10
a 494 251 7
a 495 37 10
a 495 446 8
a 496 41 7
a 496 397 3
a 497 200 9
a 497 333 2
a 498 203 9
a 498 479 3
a 499 38 3
a 499 429 2
