p max 500 1000
n 1 s
n 500 t
a 1 46 7
a 1 114 8
a 2 90 3
a 2 135 4
a 2 435 1
a 3 65 1
a 3 94 9
a 3 260 3
a 3 489 8
a 4 220 6
a 4 402 9
a 5 198 6
a 5 289 7
a 6 52 7
a 6 479 10
a 7 249 3
a 7 442 2
a 8 365 10
a 8 455 1
a 8 483 2
a 9 52 5
a 9 238 5
a 10 86 6
a 10 130 9
a 11 17 9
a 11 157 7
a 11 450 7
a 12 34 9
a 12 154 6
a 12 293 1
a 13 20 1
a 14 115 6
a 14 318 2
a 14 350 8
a 14 360 7
a 14 401 2
a 14 436 1
a 15 73 9
a 16 67 5
a 16 275 5
a 17 198 8
a 17 337 1
a 17 366 10
a 18 167 1
a 18 326 10
a 19 50 10
a 19 112 6
a 19 222 8
a 19 279 10
a 19 485 6
a 20 264 2
a 21 27 6
a 21 421 9
a 22 312 10
a 22 427 3
a 23 259 6
a 24 250 2
a 25 39 1
a 25 171 3
a 25 467 2
a 26 240 5
a 27 49 1
a 28 99 5
a 28 303 1
a 29 28 2
a 29 234 8
a 30 167 10
a 31 259 9
a 32 194 6
a 33 13 7
a 33 218 5
a 33 295 5
a 34 131 1
a 35 139 10
a 35 196 5
a 35 401 9
a 36 247 8
a 36 433 10
a 37 415 4
a 37 442 1
a 38 80 10
a 38 333 5
a 39 191 4
a 39 401 4
a 39 464 3
a 40 277 6
a 41 36 7
a 41 131 6
a 41 267 2
a 42 312 1
a 42 420 4
a 43 177 2
a 44 181 4
a 45 248 7
a 45 297 9
a 46 275 5
a 46 483 1
a 47 111 6
a 47 142 3
a 47 499 10
a 48 295 10
a 49 236 3
a 50 98 9
a 50 138 3
a 50 428 8
a 51 130 5
a 51 294 5
a 52 154 1
a 53 133 6
a 53 288 2
a 54 266 1
a 55 174 8
a 56 318 7
a 56 375 10
a 56 430 6
a 56 470 10
a 57 173 6
a 57 324 9
a 58 141 5
a 58 209 4
a 59 132 4
a 60 109 9
a 60 477 8
a 61 4 7
a 61 145 9
a 62 252 10
a 63 465 9
a 64 353 4
a 65 240 8
a 66 150 1
a 66 489 1
a 66 494 6
a 67 45 2
a 67 89 7
a 68 108 5
a 68 132 2
a 68 215 6
a 69 409 6
a 70 23 7
a 70 308 8
a 70 311 10
a 70 375 8
a 71 251 3
a 71 303 4
a 72 22 9
a 72 95 2
a 73 133 3
a 73 182 1
a 73 488 8
a 74 189 5
a 75 83 2
a 76 349 1
a 77 37 4
a 78 291 4
a 78 417 4
a 79 452 5
a 80 57 5
a 80 283 3
a 81 26 6
a 81 317 5
a 81 425 3
a 82 278 7
a 83 376 2
a 84 241 7
a 84 255 10
a 84 469 5
a 85 276 3
a 85 427 4
a 86 291 7
a 86 399 10
a 87 37 8
a 87 313 5
a 88 143 10
a 89 417 7
a 90 280 1
a 90 322 7
a 91 234 3
a 92 71 3
a 92 439 2
a 93 7 9
a 93 33 3
a 93 199 5
a 94 49 2
a 94 223 9
a 94 307 6
a 94 310 1
a 95 53 9
a 95 500 5
a 96 114 5
a 96 328 8
a 96 425 9
a 97 236 4
a 98 475 4
a 99 172 2
a 99 331 8
a 99 389 5
a 100 53 2
a 100 60 9
a 101 386 5
a 102 429 9
a 103 307 1
a 104 238 7
a 105 12 7
a 105 31 8
a 105 133 5
a 105 226 9
a 106 178 3
a 106 278 3
a 107 381 5
a 108 479 6
a 109 45 3
a 110 315 9
a 111 72 5
a 111 338 7
a 111 395 9
a 112 135 6
a 112 217 9
a 112 430 7
a 113 33 2
a 113 339 8
a 114 106 3
a 115 55 7
a 115 235 10
a 115 345 4
a 116 93 5
a 116 192 8
a 117 273 5
a 118 200 2
a 118 440 1
a 119 221 3
a 119 476 7
a 120 337 10
a 120 462 2
a 121 209 8
a 121 281 1
a 122 259 8
a 122 333 8
a 122 426 5
a 123 163 10
a 123 223 8
a 123 229 2
a 124 8 8
a 124 328 1
a 124 334 8
a 125 186 4
a 125 393 9
a 125 452 2
a 126 147 6
a 127 388 3
a 128 236 2
a 129 278 2
a 130 386 6
a 130 407 5
a 131 403 2
a 132 93 2
a 132 377 5
a 133 9 10
a 133 78 1
a 133 219 2
a 134 357 3
a 134 396 8
a 135 294 10
a 135 384 7
a 136 57 9
a 137 296 10
a 137 299 7
a 137 422 6
a 138 223 9
a 139 394 4
a 140 120 6
a 140 177 1
a 141 112 3
a 141 256 3
a 141 495 1
a 142 137 10
a 142 293 2
a 142 465 1
a 143 68 3
a 143 308 7
a 144 328 4
a 144 442 3
a 145 16 8
a 145 352 3
a 146 12 5
a 146 244 3
a 146 249 3
a 146 472 3
a 147 226 3
a 148 96 3
a 148 252 3
a 148 383 6
a 149 305 8
a 150 14 5
a 150 25 2
a 150 445 8
a 151 105 9
a 151 129 4
a 151 298 8
a 151 361 6
a 152 211 5
a 153 144 5
a 154 325 6
a 154 408 1
a 154 456 2
a 155 43 4
a 155 276 3
a 155 400 6
a 156 174 2
a 156 297 5
a 157 346 3
a 157 417 8
a 158 201 7
a 158 469 7
a 159 125 2
a 160 252 8
a 161 104 5
a 161 236 5
a 161 263 7
a 162 118 9
a 162 152 2
a 162 243 5
a 163 206 9
a 164 188 4
a 164 193 7
a 164 216 3
a 164 272 7
a 165 223 3
a 165 357 5
a 166 138 1
a 166 203 2
a 167 166 2
a 167 228 7
a 168 82 2
a 168 262 3
a 168 406 9
a 168 420 2
a 169 240 1
a 169 392 5
a 170 38 1
a 170 40 10
a 170 54 4
a 170 151 4
a 170 393 2
a 171 198 2
a 171 383 6
a 172 252 5
a 173 201 4
a 174 213 8
a 175 89 4
a 175 146 6
a 176 496 5
a 177 118 3
a 178 267 1
a 178 292 8
a 178 366 9
a 178 447 6
a 178 486 7
a 179 81 6
a 179 285 7
a 180 28 5
a 181 49 6
a 181 343 7
a 181 429 10
a 182 349 6
a 183 158 3
a 184 97 8
a 184 284 2
a 184 426 7
a 185 441 9
a 186 220 2
a 186 286 3
a 186 410 8
a 187 165 4
a 188 498 10
a 189 232 1
a 189 456 8
a 190 222 1
a 190 315 4
a 191 217 7
a 191 421 9
a 192 42 9
a 192 340 6
a 193 108 8
a 193 212 6
a 194 63 6
a 194 175 7
a 194 409 1
a 195 213 10
a 196 480 3
a 197 207 4
a 197 321 3
a 197 390 5
a 198 27 3
a 198 282 5
a 198 496 3
a 199 410 10
a 200 65 2
a 200 73 2
a 201 235 8
a 202 268 4
a 202 427 5
a 202 449 7
a 203 386 3
a 204 86 9
a 205 147 8
a 206 184 3
a 206 467 4
a 207 71 10
a 207 313 5
a 208 500 5
a 209 231 9
a 209 246 8
a 210 191 6
a 211 239 9
a 212 130 9
a 212 210 3
a 213 431 7
a 214 24 6
a 214 187 10
a 215 152 8
a 215 378 1
a 216 69 1
a 216 432 7
a 217 334 4
a 217 410 9
a 218 313 7
a 219 395 7
a 219 492 9
a 219 498 10
a 220 44 1
a 220 75 3
a 221 306 10
a 221 379 1
a 222 376 7
a 223 33 6
a 223 265 2
a 223 332 4
a 224 34 5
a 224 231 7
a 225 179 6
a 225 493 9
a 226 76 9
a 226 383 10
a 227 265 6
a 228 233 6
a 228 315 7
a 229 148 2
a 229 190 1
a 229 245 10
a 230 307 2
a 230 457 7
a 231 123 1
a 231 418 2
a 232 85 5
a 232 290 6
a 232 423 1
a 233 322 10
a 234 351 9
a 235 170 4
a 235 300 4
a 236 333 9
a 237 379 4
a 238 84 5
a 238 464 6
a 239 30 7
a 239 188 7
a 239 451 1
a 240 159 7
a 240 412 3
a 241 276 10
a 242 309 8
a 242 344 7
a 243 5 2
a 243 179 8
a 243 440 6
a 244 238 1
a 245 287 7
a 245 355 10
a 246 101 9
a 247 25 7
a 247 500 10
a 248 87 5
a 248 103 1
a 248 335 1
a 248 404 3
a 249 181 3
a 249 195 1
a 249 398 9
a 250 4 2
a 250 356 1
a 251 187 1
a 251 446 3
a 252 57 1
a 253 124 6
a 253 277 9
a 253 405 10
a 253 467 10
a 254 113 2
a 254 418 3
a 255 143 3
a 255 333 1
a 255 433 8
a 256 189 7
a 256 302 9
a 256 385 3
a 256 438 1
a 257 74 4
a 257 270 6
a 258 304 10
a 259 291 9
a 259 323 9
a 260 258 5
a 261 229 7
a 262 48 4
a 262 92 8
a 262 459 2
a 263 58 9
a 263 96 2
a 263 160 10
a 264 426 9
a 265 103 6
a 265 110 8
a 265 255 1
a 266 91 9
a 266 413 7
a 267 238 9
a 267 303 7
a 268 189 3
a 268 409 7
a 269 35 1
a 269 127 9
a 269 362 2
a 269 407 6
a 270 87 5
a 270 147 5
a 270 387 1
a 271 467 4
a 272 44 5
a 272 206 7
a 272 245 4
a 273 182 4
a 273 380 3
a 273 434 8
a 273 466 1
a 273 481 9
a 274 53 6
a 274 339 7
a 275 163 3
a 275 316 2
a 275 381 10
a 276 122 4
a 276 167 9
a 276 418 5
a 277 358 6
a 278 174 6
a 278 339 3
a 279 86 8
a 279 205 8
a 279 416 2
a 280 456 3
a 280 465 1
a 281 34 4
a 281 194 6
a 282 476 2
a 283 456 8
a 284 138 5
a 285 273 10
a 285 484 4
a 286 52 1
a 286 162 7
a 286 256 9
a 286 490 4
a 287 51 5
a 288 29 2
a 288 278 2
a 289 110 5
a 289 153 5
a 290 7 8
a 291 85 2
a 292 253 10
a 293 340 7
a 293 431 9
a 294 59 1
a 295 8 2
a 296 60 1
a 297 115 3
a 297 116 3
a 297 266 5
a 297 323 7
a 298 15 6
a 298 437 1
a 299 118 6
a 299 185 3
a 300 219 6
a 300 356 6
a 301 24 3
a 301 207 8
a 302 10 4
a 302 146 2
a 302 345 1
a 302 400 3
a 303 80 9
a 303 239 7
a 303 242 2
a 303 338 9
a 304 195 3
a 305 107 9
a 305 483 6
a 306 26 7
a 307 302 5
a 307 364 2
a 308 299 9
a 308 462 9
a 309 100 6
a 309 351 10
a 309 447 1
a 310 238 3
a 311 93 1
a 311 330 2
a 312 145 6
a 312 222 9
a 312 454 2
a 313 101 1
a 313 473 6
a 314 13 3
a 314 22 3
a 314 182 5
a 315 198 1
a 315 301 9
a 316 384 10
a 317 382 5
a 317 426 3
a 318 375 10
a 319 254 5
a 320 394 9
a 321 46 6
a 321 149 6
a 321 152 9
a 322 61 5
a 322 64 10
a 322 403 2
a 322 412 10
a 323 33 5
a 324 174 6
a 324 382 10
a 325 381 2
a 326 323 4
a 327 2 4
a 327 320 2
a 327 392 5
a 328 101 3
a 328 125 4
a 328 465 9
a 329 391 9
a 330 51 6
a 330 404 2
a 331 32 6
a 331 235 10
a 332 61 6
a 332 180 2
a 332 449 10
a 333 388 1
a 333 484 6
a 334 327 5
a 334 469 4
a 335 195 10
a 335 394 4
a 336 183 4
a 337 112 7
a 337 309 7
a 338 387 10
a 338 460 9
a 339 36 10
a 339 322 3
a 339 443 7
a 340 157 2
a 340 397 8
a 341 119 6
a 341 427 7
a 342 119 4
a 343 204 2
a 343 376 2
a 343 497 3
a 344 137 5
a 345 221 1
a 345 341 2
a 345 446 2
a 346 74 3
a 346 337 7
a 347 30 7
a 347 328 4
a 348 48 3
a 348 167 10
a 348 214 4
a 349 88 7
a 349 121 6
a 350 488 5
a 351 19 7
a 351 22 2
a 351 407 2
a 352 391 8
a 353 117 5
a 353 126 2
a 353 391 3
a 354 81 6
a 355 48 8
a 355 161 9
a 356 406 1
a 357 14 5
a 358 308 4
a 359 332 6
a 360 166 7
a 360 186 10
a 361 155 6
a 361 333 9
a 362 249 9
a 362 257 2
a 362 363 6
a 362 371 9
a 363 347 8
a 363 389 7
a 363 468 5
a 364 69 5
a 364 235 5
a 364 285 3
a 365 250 8
a 365 294 10
a 366 448 3
a 367 409 3
a 368 56 6
a 368 86 4
a 368 106 5
a 368 320 8
a 368 342 8
a 369 134 2
a 369 271 1
a 369 438 5
a 370 64 3
a 370 236 4
a 371 10 8
a 372 144 9
a 372 201 2
a 372 367 7
a 372 478 7
a 373 177 7
a 373 324 8
a 374 102 10
a 374 254 5
a 374 334 3
a 375 183 9
a 375 384 1
a 375 474 8
a 376 133 7
a 376 290 7
a 377 164 1
a 377 225 1
a 378 126 4
a 378 409 3
a 379 158 7
a 379 313 10
a 380 53 6
a 380 62 5
a 381 258 10
a 381 287 10
a 381 364 10
a 381 458 10
a 381 471 10
a 382 28 8
a 382 304 9
a 382 493 2
a 383 202 7
a 383 446 6
a 384 114 8
a 385 58 5
a 385 79 7
a 385 407 9
a 386 220 3
a 387 224 2
a 388 447 10
a 389 207 4
a 390 234 1
a 390 448 6
a 390 453 6
a 391 20 4
a 392 238 6
a 392 305 8
a 393 70 8
a 393 325 3
a 393 329 8
a 394 128 1
a 394 475 8
a 395 241 5
a 395 336 8
a 396 6 1
a 396 7 5
a 396 56 10
a 396 136 3
a 397 170 6
a 397 206 3
a 397 467 1
a 398 168 6
a 398 348 2
a 399 358 3
a 399 424 3
a 399 480 9
a 400 108 9
a 401 111 7
a 401 140 9
a 401 204 10
a 401 353 4
a 401 373 3
a 401 441 7
a 402 196 9
a 402 197 7
a 403 169 2
a 403 290 1
a 404 80 3
a 405 20 10
a 405 87 9
a 406 59 4
a 406 410 3
a 407 230 4
a 407 251 1
a 408 83 9
a 408 256 3
a 409 222 5
a 410 267 6
a 411 295 5
a 411 369 5
a 412 125 5
a 413 387 6
a 413 416 1
a 414 372 10
a 414 442 9
a 415 41 8
a 415 176 7
a 415 206 8
a 415 349 3
a 415 455 1
a 416 126 2
a 416 253 10
a 417 57 8
a 417 90 7
a 418 329 1
a 419 489 6
a 420 16 6
a 420 496 7
a 421 70 8
a 421 261 2
a 422 292 7
a 423 296 9
a 423 487 10
a 424 98 7
a 424 207 3
a 425 35 5
a 425 211 7
a 425 475 1
a 426 109 6
a 426 330 3
a 427 345 7
a 428 114 10
a 429 3 6
a 429 346 10
a 430 57 1
a 430 91 5
a 431 81 3
a 431 355 4
a 432 224 1
a 432 407 4
a 432 444 9
a 433 99 1
a 433 302 7
a 434 28 9
a 434 264 6
a 435 194 5
a 436 117 9
a 436 269 5
a 437 88 5
a 437 213 10
a 437 446 1
a 438 232 9
a 438 374 6
a 439 165 6
a 439 446 7
a 440 66 10
a 440 213 1
a 440 409 9
a 441 60 6
a 442 132 1
a 442 185 7
a 442 392 2
a 442 402 10
a 443 69 10
a 444 253 6
a 445 214 8
a 445 482 4
a 446 205 10
a 447 241 10
a 448 224 9
a 448 354 7
a 448 388 5
a 449 457 3
a 450 14 10
a 450 314 1
a 451 412 6
a 452 208 4
a 452 456 7
a 453 42 4
a 453 81 4
a 453 130 9
a 453 461 8
a 454 439 8
a 455 78 4
a 455 414 5
a 456 23 1
a 456 209 4
a 457 85 3
a 458 11 7
a 458 467 6
a 459 18 3
a 459 244 9
a 459 319 10
a 459 397 8
a 459 500 2
a 460 77 2
a 460 123 7
a 461 63 5
a 462 212 7
a 463 3 3
a 463 358 1
a 464 187 5
a 464 411 5
a 465 241 7
a 465 291 6
a 465 368 8
a 466 476 7
a 467 298 9
a 468 38 6
a 468 274 10
a 469 163 6
a 469 237 3
a 469 306 5
a 469 339 2
a 470 333 4
a 470 465 7
a 471 38 8
a 472 205 1
a 473 113 7
a 473 341 4
a 474 413 3
a 475 5 9
a 475 186 5
a 476 183 1
a 477 480 4
a 478 420 4
a 479 72 3
a 479 460 10
a 480 204 6
a 480 278 10
a 480 326 1
a 480 347 1
a 481 47 3
a 481 218 4
a 481 491 4
a 482 15 5
a 482 142 6
a 482 156 1
a 483 206 4
a 484 240 4
a 485 73 4
a 486 166 7
a 486 449 4
a 487 115 10
a 487 494 1
a 488 5 1
a 488 291 4
a 489 44 4
a 489 170 7
a 490 177 10
a 490 463 8
a 490 492 7
a 491 181 8
a 491 208 2
a 491 370 1
a 492 21 9
a 492 71 3
a 492 239 7
a 493 126 10
a 493 129 5
a 493 348 7
a 493 359 7
a 494 227 1
a 494 364 3
a 495 9 8
a 495 330 7
a 495 419 5
a 496 208 5
a 497 250 7
a 498 448 7
a 499 231 9
