p max 500 1000
n 1 s
n 500 t
a 1 94 5
a 2 118 1
a 2 476 3
a 3 21 8
a 3 55 4
a 4 39 5
a 4 202 2
a 5 147 10
a 5 273 7
a 6 131 10
a 6 204 10
a 6 206 5
a 6 224 2
a 7 369 9
a 8 22 2
a 8 157 6
a 9 167 1
a 9 301 7
a 9 493 4
a 10 15 6
a 10 155 1
a 10 475 6
a 11 10 4
a 11 201 1
a 11 341 4
a 11 396 1
a 12 32 10
a 12 389 7
a 12 431 7
a 13 401 9
a 14 65 6
a 14 299 8
a 14 465 7
a 15 403 3
a 16 78 7
a 16 456 2
a 17 168 1
a 17 177 4
a 17 344 8
a 17 500 7
a 18 117 7
a 18 325 9
a 19 220 5
a 20 226 2
a 20 428 6
a 21 204 5
a 21 286 6
a 22 129 2
a 22 270 7
a 23 103 6
a 24 66 3
a 25 288 10
a 25 461 6
a 25 465 9
a 26 58 7
a 26 364 6
a 27 409 10
a 28 157 8
a 28 322 2
a 29 116 4
a 29 178 10
a 29 302 3
a 30 227 3
a 31 227 8
a 32 160 3
a 33 354 3
a 34 375 10
a 34 407 7
a 35 302 7
a 36 61 6
a 36 275 9
a 36 432 7
a 37 199 4
a 37 310 3
a 37 430 9
a 38 87 10
a 39 138 6
a 39 273 3
a 40 242 3
a 41 305 9
a 41 379 8
a 42 346 10
a 43 69 3
a 43 96 9
a 43 332 4
a 44 165 8
a 44 195 5
a 45 61 2
a 45 383 1
a 46 28 4
a 46 87 1
a 46 307 1
a 47 116 8
a 48 36 8
a 48 222 10
a 48 312 2
a 48 416 1
a 49 122 10
a 50 470 9
a 51 78 7
a 51 186 2
a 51 366 6
a 52 69 7
a 52 154 8
a 52 161 4
a 52 497 6
a 53 305 8
a 54 68 3
a 54 231 10
a 54 471 8
a 55 312 1
a 55 328 5
a 55 336 6
a 56 201 8
a 57 123 5
a 57 276 7
a 57 282 6
a 58 99 1
a 58 370 1
a 59 172 2
a 60 144 9
a 60 217 10
a 60 496 3
a 61 165 7
a 61 188 9
a 61 376 7
a 61 488 9
a 62 54 3
a 62 232 6
a 62 237 6
a 62 335 6
a 63 475 5
a 64 259 10
a 64 315 2
a 65 275 9
a 66 153 3
a 67 272 4
a 67 476 4
a 68 142 7
a 68 302 1
a 69 79 3
a 69 194 3
a 69 234 5
a 69 422 4
a 70 196 4
a 70 261 6
a 70 264 5
a 70 472 6
a 71 195 1
a 72 53 2
a 72 225 6
a 72 452 8
a 72 491 4
a 73 200 10
a 73 287 7
a 73 345 4
a 73 397 10
a 74 393 8
a 74 394 9
a 75 265 7
a 75 482 6
a 76 385 1
a 77 101 5
a 77 126 6
a 77 261 1
a 78 436 3
a 79 72 8
a 80 381 2
a 81 77 8
a 81 309 8
a 82 99 9
a 83 128 2
a 84 122 9
a 84 218 7
a 85 203 7
a 85 431 7
a 86 113 7
a 86 115 5
a 86 354 1
a 87 221 8
a 87 319 10
a 87 482 7
a 88 276 10
a 89 205 10
a 89 350 6
a 90 119 10
a 90 423 6
a 91 345 9
a 92 108 1
a 92 135 5
a 93 41 7
a 93 48 3
a 94 180 5
a 94 365 6
a 95 247 4
a 96 480 7
a 97 37 1
a 97 220 7
a 97 254 4
a 98 172 7
a 98 483 3
a 99 191 4
a 99 245 5
a 99 380 5
a 99 418 7
a 100 160 6
a 101 73 10
a 102 106 4
a 102 127 6
a 102 326 3
a 102 452 4
a 102 479 4
a 103 236 6
a 103 346 3
a 103 413 7
a 104 223 6
a 104 440 1
a 105 211 10
a 105 228 10
a 106 445 3
a 106 487 10
a 107 464 2
a 108 224 3
a 108 495 7
a 109 13 6
a 109 254 3
a 109 278 2
a 110 359 1
a 111 212 8
a 111 308 1
a 111 460 2
a 112 196 6
a 112 251 6
a 112 255 3
a 113 341 1
a 113 400 9
a 113 413 4
a 114 182 4
a 114 285 3
a 115 299 10
a 115 401 6
a 116 57 8
a 116 85 3
a 117 72 1
a 117 293 4
a 118 211 8
a 119 262 1
a 119 482 9
a 120 57 4
a 120 98 5
a 121 93 8
a 121 391 2
a 122 45 6
a 123 209 8
a 124 192 4
a 124 345 4
a 125 130 1
a 125 139 4
a 125 474 1
a 126 35 7
a 127 82 2
a 127 438 2
a 127 462 3
a 128 60 5
a 129 257 4
a 130 87 5
a 130 323 8
a 131 64 3
a 131 98 9
a 131 462 9
a 132 492 6
a 133 151 4
a 133 337 1
a 133 407 2
a 134 330 7
a 135 389 7
a 136 163 7
a 136 175 9
a 136 176 1
a 137 124 2
a 137 225 7
a 137 289 3
a 137 493 4
a 138 2 1
a 138 125 3
a 138 478 8
a 139 308 9
a 140 51 10
a 140 72 10
a 140 123 8
a 141 203 3
a 142 150 6
a 142 423 2
a 143 64 1
a 143 432 5
a 144 410 7
a 144 424 3
a 144 429 10
a 145 76 2
a 145 96 10
a 146 138 7
a 146 455 9
a 147 123 5
a 148 27 10
a 148 139 6
a 149 83 6
a 149 336 8
a 150 379 3
a 150 425 4
a 151 31 1
a 151 233 6
a 151 291 4
a 151 412 5
a 152 56 2
a 152 267 3
a 153 334 5
a 153 367 5
a 153 485 1
a 154 337 7
a 155 22 9
a 155 70 2
a 156 414 7
a 156 418 2
a 157 104 7
a 158 24 10
a 158 165 9
a 158 263 9
a 158 363 1
a 159 452 5
a 160 272 10
a 160 332 4
a 161 38 7
a 161 138 4
a 161 468 7
a 161 486 9
a 162 31 3
a 162 170 9
a 162 217 8
a 162 414 8
a 163 195 8
a 163 437 4
a 164 11 4
a 164 193 2
a 164 212 6
a 165 21 7
a 165 431 3
a 166 48 7
a 166 56 1
a 166 143 5
a 167 35 9
a 168 452 4
a 169 279 7
a 169 365 1
a 170 405 5
a 171 80 10
a 171 374 8
a 171 392 3
a 172 128 4
a 173 43 2
a 173 77 6
a 173 435 6
a 174 97 4
a 174 206 6
a 174 488 3
a 175 69 5
a 175 207 7
a 176 340 8
a 177 92 8
a 177 388 6
a 177 451 4
a 178 12 7
a 179 117 3
a 179 306 1
a 179 320 8
a 180 450 1
a 181 489 2
a 182 285 4
a 183 112 8
a 183 367 8
a 183 436 10
a 184 18 4
a 184 84 3
a 184 313 4
a 184 385 3
a 185 390 10
a 186 69 9
a 186 210 1
a 187 166 3
a 187 318 2
a 187 348 10
a 188 288 1
a 189 57 1
a 189 88 2
a 190 173 9
a 190 268 2
a 190 324 9
a 191 150 9
a 192 187 1
a 192 195 7
a 192 284 10
a 193 495 4
a 194 76 7
a 195 412 3
a 196 35 4
a 196 323 8
a 196 350 10
a 197 58 8
a 197 441 9
a 198 243 7
a 199 335 9
a 199 462 6
a 200 307 4
a 200 386 5
a 200 500 7
a 201 479 1
a 202 141 4
a 202 244 6
a 202 283 6
a 202 393 2
a 202 415 1
a 203 139 8
a 203 377 1
a 204 25 3
a 204 44 8
a 205 412 10
a 206 294 6
a 207 45 1
a 208 365 2
a 209 382 10
a 209 442 1
a 210 16 10
a 210 195 4
a 210 253 3
a 211 89 8
a 211 314 10
a 211 450 8
a 212 270 6
a 212 370 10
a 212 434 3
a 213 100 4
a 213 148 2
a 213 402 7
a 213 421 7
a 214 391 9
a 215 358 10
a 215 447 6
a 216 185 3
a 217 238 3
a 217 281 2
a 217 417 9
a 218 425 3
a 218 490 8
a 219 40 3
a 220 7 10
a 220 177 3
a 221 153 5
a 222 423 9
a 223 94 6
a 223 312 2
a 224 455 1
a 225 28 4
a 225 444 9
a 226 156 10
a 226 381 5
a 226 395 9
a 226 435 8
a 227 128 4
a 227 246 3
a 228 375 1
a 229 257 3
a 230 172 1
a 230 426 2
a 231 5 3
a 231 91 2
a 232 33 2
a 232 164 7
a 232 351 5
a 232 494 9
a 233 114 10
a 233 309 4
a 234 40 9
a 235 123 5
a 235 140 5
a 236 21 6
a 236 430 4
a 237 295 2
a 238 22 2
a 238 443 9
a 238 492 2
a 239 57 7
a 240 352 6
a 240 475 2
a 241 58 7
a 241 117 8
a 241 343 8
a 242 77 4
a 242 235 1
a 242 400 4
a 243 38 7
a 244 373 3
a 245 262 9
a 245 368 6
a 245 467 5
a 246 369 9
a 247 198 3
a 247 329 6
a 248 99 1
a 248 464 8
a 249 232 10
a 249 399 10
a 250 112 3
a 250 481 2
a 251 36 1
a 251 474 2
a 252 59 6
a 252 389 6
a 253 165 4
a 253 345 5
a 254 47 2
a 254 72 4
a 255 115 6
a 256 445 9
a 257 133 8
a 257 150 2
a 257 379 9
a 258 452 3
a 259 218 7
a 259 223 4
a 259 271 2
a 259 293 2
a 260 273 5
a 260 404 10
a 261 305 9
a 262 108 8
a 262 147 4
a 263 40 4
a 263 373 2
a 263 426 3
a 264 64 4
a 264 320 10
a 265 45 1
a 265 398 4
a 265 495 10
a 266 353 6
a 266 358 2
a 267 239 7
a 268 40 2
a 269 492 3
a 270 11 8
a 270 277 2
a 270 290 10
a 271 52 1
a 271 250 5
a 272 61 7
a 272 300 10
a 272 490 10
a 273 384 8
a 273 480 10
a 274 301 7
a 275 159 10
a 275 198 8
a 276 304 9
a 276 319 9
a 277 34 4
a 277 80 3
a 278 214 1
a 278 331 2
a 279 137 2
a 279 248 3
a 279 402 4
a 280 356 5
a 280 415 2
a 281 114 8
a 282 159 3
a 283 428 8
a 284 169 6
a 285 314 8
a 286 133 3
a 286 493 8
a 287 311 1
a 287 439 10
a 288 86 9
a 288 240 2
a 289 446 4
a 290 14 2
a 290 220 9
a 291 288 5
a 291 466 2
a 292 29 1
a 292 90 2
a 293 169 9
a 294 243 8
a 294 480 2
a 294 496 3
a 295 11 9
a 296 60 4
a 296 169 7
a 296 406 9
a 297 200 9
a 297 274 5
a 297 321 10
a 298 249 8
a 299 63 8
a 299 122 1
a 299 392 7
a 300 50 3
a 300 331 7
a 300 498 8
a 301 136 9
a 301 294 1
a 301 477 3
a 302 34 6
a 302 449 5
a 303 12 3
a 303 344 5
a 304 104 1
a 304 393 5
a 305 384 5
a 306 154 5
a 307 471 1
a 308 83 4
a 308 290 8
a 309 359 3
a 310 249 6
a 310 461 10
a 311 107 2
a 311 202 8
a 311 212 3
a 311 376 2
a 312 283 8
a 312 297 3
a 313 215 7
a 313 448 2
a 314 302 6
a 314 355 2
a 314 406 8
a 315 296 8
a 316 24 2
a 317 123 3
a 318 119 6
a 318 179 6
a 319 186 6
a 320 177 10
a 321 174 3
a 321 217 10
a 321 344 10
a 321 427 6
a 322 233 6
a 323 288 9
a 323 463 5
a 324 333 4
a 325 145 8
a 325 347 8
a 326 8 9
a 326 44 9
a 326 159 8
a 327 402 2
a 328 235 5
a 328 327 3
a 328 378 7
a 329 227 4
a 330 50 6
a 330 63 1
a 330 338 10
a 331 310 5
a 332 242 1
a 332 247 8
a 333 55 5
a 333 224 2
a 334 110 8
a 334 163 5
a 334 208 10
a 335 29 8
a 335 385 1
a 336 213 3
a 337 462 1
a 338 140 9
a 338 201 6
a 339 63 2
a 339 75 4
a 339 322 1
a 340 87 6
a 341 148 10
a 341 498 5
a 342 234 9
a 343 269 6
a 343 370 2
a 343 408 2
a 344 183 2
a 344 340 10
a 345 378 8
a 346 15 4
a 346 54 1
a 346 252 3
a 346 469 7
a 347 191 4
a 347 194 1
a 347 258 8
a 348 74 2
a 348 146 3
a 348 240 7
a 348 250 10
a 348 405 1
a 349 220 5
a 349 499 6
a 350 42 5
a 350 183 3
a 351 329 10
a 351 387 10
a 352 19 3
a 352 313 3
a 352 465 1
a 353 141 8
a 353 169 6
a 354 463 8
a 355 42 5
a 355 46 10
a 355 185 7
a 355 246 4
a 355 428 7
a 356 403 7
a 356 420 5
a 357 75 6
a 357 228 8
a 357 257 3
a 357 322 1
a 358 5 3
a 358 19 3
a 359 158 9
a 359 189 8
a 359 219 5
a 359 493 6
a 360 141 3
a 361 313 10
a 361 387 2
a 362 30 7
a 362 365 8
a 362 484 1
a 363 49 1
a 363 457 5
a 363 459 4
a 364 417 7
a 365 241 4
a 365 363 1
a 366 197 2
a 367 103 5
a 367 152 9
a 367 478 8
a 368 109 6
a 368 449 1
a 369 397 3
a 369 451 8
a 370 304 10
a 371 137 6
a 372 130 2
a 372 317 7
a 373 460 7
a 374 451 9
a 375 145 1
a 376 73 6
a 376 127 9
a 376 319 5
a 376 391 3
a 377 84 9
a 377 149 9
a 377 390 6
a 378 333 6
a 379 489 7
a 380 8 8
a 380 176 10
a 381 162 2
a 381 484 4
a 382 33 9
a 383 124 7
a 384 23 9
a 384 231 5
a 385 338 10
a 386 206 8
a 386 294 8
a 387 371 4
a 387 495 4
a 388 226 1
a 388 489 2
a 389 270 4
a 389 426 9
a 390 49 3
a 391 237 1
a 391 358 3
a 392 157 7
a 392 216 4
a 393 315 7
a 393 396 6
a 394 17 2
a 395 37 4
a 395 303 6
a 396 39 2
a 397 427 7
a 398 487 10
a 399 9 1
a 399 133 9
a 399 257 5
a 400 125 5
a 400 436 3
a 401 117 5
a 402 68 4
a 403 242 2
a 403 340 5
a 404 427 9
a 405 230 5
a 405 330 9
a 405 359 2
a 405 428 5
a 406 351 2
a 406 484 9
a 407 171 10
a 407 259 2
a 407 445 8
a 408 218 10
a 408 349 4
a 409 7 5
a 409 296 1
a 409 311 6
a 410 12 7
a 410 67 10
a 410 121 4
a 411 306 4
a 412 62 4
a 412 173 4
a 412 215 4
a 412 409 3
a 413 160 2
a 413 455 3
a 414 20 4
a 414 197 10
a 414 285 6
a 414 372 4
a 414 466 3
a 415 186 1
a 415 237 8
a 415 419 10
a 416 344 5
a 416 382 9
a 417 491 9
a 418 239 7
a 418 278 7
a 418 497 10
a 419 190 9
a 419 264 1
a 419 447 1
a 420 480 4
a 421 349 3
a 422 136 7
a 422 266 4
a 423 324 10
a 424 333 8
a 425 134 1
a 425 459 1
a 426 469 1
a 427 213 2
a 427 342 10
a 428 334 9
a 429 74 9
a 429 369 4
a 429 411 8
a 430 199 5
a 430 357 9
a 431 270 6
a 431 466 3
a 432 181 3
a 432 228 9
a 433 333 9
a 433 391 3
a 434 74 7
a 435 67 5
a 436 26 1
a 436 339 1
a 436 500 9
a 437 66 10
a 437 234 7
a 437 238 5
a 437 471 9
a 438 2 5
a 438 154 4
a 438 446 9
a 439 35 8
a 440 132 5
a 440 342 10
a 441 6 2
a 441 282 3
a 441 298 4
a 442 14 4
a 442 295 8
a 442 367 2
a 443 17 7
a 443 48 6
a 444 344 5
a 444 491 9
a 445 78 1
a 446 421 1
a 447 110 9
a 447 307 6
a 448 104 1
a 448 318 7
a 448 393 2
a 448 420 10
a 449 81 1
a 449 378 5
a 450 413 4
a 451 4 4
a 451 184 10
a 451 402 10
a 452 256 4
a 452 300 9
a 452 373 8
a 453 492 10
a 454 311 8
a 454 489 10
a 455 87 3
a 456 360 2
a 456 415 5
a 457 63 5
a 458 206 8
a 458 444 4
a 459 271 2
a 460 367 2
a 461 95 5
a 461 105 9
a 461 159 4
a 461 361 9
a 462 273 1
a 463 111 9
a 463 267 8
a 463 306 10
a 464 197 10
a 465 457 9
a 466 229 5
a 466 280 6
a 466 325 7
a 467 458 4
a 468 81 6
a 468 102 5
a 468 205 1
a 469 303 3
a 470 180 2
a 471 3 2
a 471 375 2
a 471 490 3
a 472 314 9
a 472 319 9
a 472 456 4
a 473 135 5
a 474 482 2
a 475 312 5
a 475 454 4
a 476 297 7
a 477 357 7
a 478 20 5
a 478 458 5
a 479 212 6
a 480 103 1
a 480 473 9
a 481 213 8
a 481 271 7
a 481 324 7
a 482 354 6
a 482 408 4
a 483 308 3
a 483 433 5
a 484 246 8
a 484 424 5
a 484 453 7
a 485 139 3
a 485 227 1
a 485 316 6
a 486 362 7
a 486 367 4
a 487 379 6
a 488 103 1
a 489 26 4
a 489 153 4
a 489 209 1
a 489 352 7
a 490 71 4
a 490 120 8
a 490 383 2
a 490 494 10
a 491 500 3
a 492 169 5
a 492 260 6
a 492 404 5
a 493 140 1
a 494 48 8
a 494 456 3
a 495 147 7
a 496 88 1
a 496 292 4
a 497 4 4
a 498 134 5
a 498 312 4
a 499 221 4
