p max 500 1000
n 1 s
n 500 t
a 1 92 5
a 2 165 2
a 2 373 1
a 3 284 2
a 3 359 5
a 4 106 9
a 4 131 7
a 5 92 4
a 5 217 7
a 6 195 1
a 6 220 3
a 6 340 4
a 7 63 6
a 7 339 8
a 8 205 9
a 8 286 7
a 8 321 6
a 9 221 6
a 9 281 10
a 10 25 5
a 10 151 5
a 11 246 6
a 11 286 9
a 12 30 1
a 12 70 3
a 13 253 5
a 13 386 1
a 14 422 6
a 14 496 1
a 15 67 5
a 15 80 1
a 15 153 2
a 15 317 8
a 16 149 8
a 17 352 7
a 17 365 6
a 18 467 8
a 19 202 2
a 20 49 7
a 21 53 6
a 21 261 5
a 21 294 2
a 21 335 1
a 21 456 4
a 22 51 10
a 22 91 8
a 22 337 1
a 22 439 8
a 23 415 6
a 24 12 5
a 25 118 8
a 25 119 9
a 25 293 9
a 26 370 4
a 27 11 3
a 28 213 10
a 28 221 4
a 28 247 5
a 29 175 7
a 30 257 1
a 31 79 3
a 31 138 10
a 31 347 10
a 31 472 3
a 32 361 1
a 33 174 9
a 34 336 2
a 35 393 9
a 36 113 3
a 36 333 9
a 37 251 5
a 38 55 7
a 38 415 5
a 39 46 3
a 39 499 3
a 40 24 4
a 40 118 10
a 40 381 8
a 41 7 7
a 41 233 6
a 42 17 1
a 42 20 1
a 42 385 4
a 42 425 10
a 43 316 4
a 43 335 9
a 44 128 7
a 44 381 5
a 44 454 6
a 45 37 7
a 46 197 8
a 46 248 9
a 47 196 1
a 47 325 1
a 47 480 2
a 47 500 6
a 48 244 4
a 49 204 4
a 49 210 9
a 50 211 10
a 50 215 3
a 51 430 9
a 52 170 2
a 52 289 3
a 52 339 5
a 52 410 6
a 53 267 5
a 54 287 5
a 54 414 6
a 54 448 7
a 55 2 1
a 55 212 1
a 56 157 1
a 57 172 6
a 57 226 6
a 58 168 5
a 58 310 7
a 58 383 9
a 59 33 9
a 59 220 4
a 59 234 9
a 59 424 7
a 60 104 2
a 60 180 5
a 60 210 10
a 60 394 4
a 61 70 2
a 62 50 2
a 62 96 10
a 63 220 6
a 64 317 5
a 65 45 4
a 65 162 4
a 65 369 10
a 65 457 3
a 65 462 5
a 66 8 2
a 66 190 6
a 66 482 8
a 67 86 9
a 67 437 4
a 67 458 8
a 68 59 7
a 68 73 4
a 68 303 6
a 68 415 7
a 69 78 9
a 69 308 4
a 69 426 4
a 70 206 8
a 70 367 8
a 70 423 3
a 71 4 2
a 71 159 8
a 71 222 2
a 72 25 7
a 72 30 1
a 73 22 3
a 73 158 4
a 74 11 4
a 74 135 2
a 74 136 9
a 75 199 9
a 75 372 9
a 76 470 1
a 77 248 10
a 77 489 5
a 78 90 7
a 78 271 9
a 78 397 7
a 79 379 6
a 80 483 1
a 81 99 8
a 81 275 7
a 81 327 4
a 81 413 5
a 82 346 10
a 83 499 2
a 84 92 2
a 85 212 1
a 86 40 10
a 86 389 1
a 87 250 2
a 88 222 10
a 89 68 1
a 89 305 2
a 89 348 5
a 90 18 10
a 90 79 8
a 90 390 6
a 90 424 2
a 91 65 8
a 91 120 6
a 92 47 1
a 93 256 10
a 94 327 9
a 95 105 3
a 95 256 5
a 95 401 5
a 95 433 2
a 96 201 8
a 96 428 4
a 97 202 9
a 98 193 6
a 99 230 1
a 100 34 2
a 101 39 4
a 101 79 2
a 101 251 9
a 102 345 4
a 103 43 9
a 103 231 8
a 104 288 4
a 105 267 9
a 106 269 8
a 106 382 2
a 107 209 3
a 107 219 5
a 107 336 9
a 108 300 7
a 108 395 4
a 108 466 3
a 109 159 7
a 109 332 6
a 110 3 2
a 110 140 2
a 110 232 1
a 111 258 3
a 111 344 7
a 111 431 4
a 112 239 2
a 112 320 10
a 112 445 8
a 113 78 5
a 113 173 8
a 114 337 7
a 115 61 10
a 115 383 9
a 116 130 5
a 116 266 1
a 117 237 9
a 117 486 7
a 118 314 3
a 118 473 2
a 119 212 9
a 119 417 8
a 120 491 7
a 121 75 9
a 121 183 4
a 122 184 8
a 122 238 3
a 123 456 2
a 124 83 8
a 124 164 7
a 124 171 2
a 124 228 9
a 124 332 6
a 125 17 1
a 125 66 4
a 126 141 9
a 126 259 4
a 127 313 1
a 127 468 9
a 128 191 8
a 128 319 9
a 129 242 8
a 129 373 2
a 130 119 7
a 130 398 8
a 130 477 10
a 130 492 9
a 131 85 1
a 131 99 9
a 132 292 7
a 132 306 5
a 132 491 9
a 133 30 3
a 133 138 5
a 134 211 4
a 134 375 10
a 135 375 1
a 135 413 5
a 135 460 7
a 136 236 7
a 137 111 1
a 137 324 9
a 138 347 3
a 138 362 5
a 138 485 9
a 139 270 6
a 139 353 5
a 139 459 10
a 140 33 1
a 141 232 8
a 141 391 2
a 142 325 7
a 143 283 7
a 143 346 7
a 144 212 10
a 145 32 1
a 145 163 3
a 145 258 10
a 145 311 2
a 146 188 8
a 146 318 2
a 147 235 4
a 148 226 5
a 149 57 4
a 149 129 2
a 149 362 7
a 150 216 5
a 151 124 5
a 151 143 1
a 151 193 7
a 152 310 4
a 153 306 7
a 154 94 9
a 154 115 3
a 154 349 1
a 155 123 9
a 155 158 5
a 156 253 2
a 156 291 8
a 156 479 6
a 157 327 3
a 158 241 3
a 158 430 1
a 159 125 9
a 159 331 6
a 160 63 6
a 161 35 8
a 161 199 6
a 162 31 3
a 162 457 9
a 163 21 4
a 163 430 6
a 163 486 10
a 164 74 4
a 165 186 3
a 165 272 10
a 166 71 1
a 166 243 3
a 167 100 4
a 167 253 7
a 168 198 1
a 168 319 1
a 168 377 8
a 169 179 6
a 169 260 3
a 169 328 9
a 170 38 9
a 171 258 7
a 171 302 7
a 172 326 7
a 172 378 3
a 173 5 8
a 173 59 1
a 174 234 3
a 174 356 2
a 175 242 4
a 176 111 9
a 177 279 9
a 177 436 8
a 178 301 8
a 178 309 7
a 179 274 2
a 179 386 4
a 180 131 6
a 181 312 7
a 181 442 5
a 182 46 10
a 182 290 5
a 182 405 9
a 183 361 1
a 183 364 1
a 184 4 1
a 184 7 6
a 185 245 6
a 185 319 10
a 185 385 6
a 186 98 7
a 186 479 9
a 187 115 1
a 187 441 5
a 188 122 5
a 188 228 2
a 188 449 4
a 189 141 8
a 189 462 3
a 190 276 10
a 190 418 2
a 190 477 9
a 191 447 9
a 192 218 6
a 192 260 1
a 192 388 6
a 192 490 1
a 192 495 8
a 193 331 7
a 194 325 3
a 195 19 4
a 195 334 7
a 196 267 9
a 196 375 10
a 197 395 3
a 197 408 4
a 198 243 4
a 198 282 7
a 198 317 2
a 198 450 6
a 199 193 8
a 199 281 7
a 199 408 4
a 200 199 1
a 200 345 7
a 201 228 7
a 202 358 9
a 203 133 10
a 203 396 6
a 204 37 5
a 204 165 8
a 205 451 5
a 206 89 9
a 206 250 1
a 206 307 6
a 207 184 4
a 208 316 1
a 208 407 4
a 208 493 7
a 209 230 1
a 209 233 9
a 209 376 9
a 210 15 7
a 210 143 1
a 210 207 2
a 210 479 2
a 211 106 4
a 211 199 8
a 212 273 5
a 213 397 10
a 213 442 3
a 214 8 9
a 215 139 6
a 215 266 9
a 216 35 6
a 216 296 4
a 217 230 7
a 217 262 2
a 217 457 5
a 218 111 2
a 219 66 8
a 220 331 4
a 221 194 2
a 221 427 4
a 221 434 7
a 221 496 5
a 222 62 3
a 222 287 9
a 222 371 2
a 223 8 2
a 223 356 7
a 224 221 8
a 225 286 8
a 225 448 5
a 226 238 5
a 227 180 7
a 228 365 2
a 228 366 5
a 229 130 1
a 230 141 10
a 231 149 5
a 231 216 3
a 231 239 4
a 232 167 7
a 232 313 9
a 232 455 10
a 233 455 8
a 234 228 10
a 235 207 10
a 236 166 4
a 237 313 7
a 238 273 4
a 238 318 2
a 238 370 4
a 239 87 7
a 239 227 1
a 239 487 7
a 240 43 4
a 240 437 5
a 240 488 9
a 241 287 2
a 242 166 3
a 242 430 6
a 243 52 2
a 244 10 8
a 244 286 9
a 244 489 3
a 245 142 2
a 245 352 1
a 246 425 1
a 247 231 7
a 247 299 8
a 248 439 5
a 249 56 2
a 249 229 7
a 249 380 7
a 250 454 1
a 251 60 10
a 251 78 5
a 251 94 6
a 252 168 7
a 253 34 1
a 253 196 2
a 254 368 1
a 254 391 7
a 255 51 4
a 256 80 7
a 257 268 5
a 257 487 10
a 258 74 10
a 258 208 4
a 259 256 1
a 260 355 6
a 260 395 8
a 261 184 3
a 261 363 2
a 262 122 4
a 262 203 2
a 262 298 3
a 263 54 3
a 263 202 5
a 263 339 8
a 264 443 10
a 265 117 8
a 265 404 1
a 266 121 4
a 266 242 9
a 266 292 3
a 266 446 9
a 267 208 2
a 267 368 1
a 268 112 1
a 269 387 3
a 270 86 10
a 271 204 4
a 272 85 4
a 273 461 10
a 273 466 3
a 273 490 7
a 274 52 6
a 275 131 6
a 275 135 10
a 276 36 8
a 276 488 7
a 277 448 2
a 277 453 1
a 278 142 10
a 279 129 1
a 280 255 2
a 280 310 9
a 281 19 10
a 281 124 9
a 281 439 3
a 282 68 4
a 282 435 1
a 283 12 9
a 283 54 10
a 283 402 9
a 284 442 9
a 285 292 8
a 285 341 4
a 285 389 5
a 286 299 3
a 287 324 1
a 287 450 9
a 288 159 5
a 288 169 5
a 288 350 1
a 289 11 10
a 289 444 6
a 290 158 6
a 290 196 9
a 290 497 7
a 291 79 4
a 292 346 3
a 293 44 9
a 293 342 8
a 294 198 6
a 294 322 7
a 295 297 9
a 295 398 3
a 296 133 8
a 296 411 8
a 296 428 7
a 297 368 1
a 298 364 6
a 299 219 2
a 299 391 8
a 299 494 5
a 300 257 1
a 301 147 3
a 301 175 3
a 301 256 4
a 302 224 7
a 302 439 10
a 303 456 8
a 304 320 5
a 304 398 1
a 305 435 9
a 306 429 2
a 306 475 4
a 307 312 7
a 308 16 9
a 308 490 10
a 309 71 6
a 310 416 6
a 310 478 10
a 311 52 1
a 311 238 4
a 312 52 5
a 312 379 6
a 313 260 9
a 314 267 9
a 314 273 9
a 315 46 8
a 315 107 5
a 315 160 6
a 315 187 5
a 315 452 9
a 316 494 9
a 317 207 4
a 318 175 5
a 318 264 10
a 319 23 9
a 319 227 8
a 320 195 4
a 321 50 4
a 322 32 7
a 322 341 10
a 322 423 3
a 323 84 5
a 323 154 5
a 324 71 2
a 324 406 2
a 325 6 6
a 325 30 9
a 325 64 3
a 326 67 9
a 326 218 9
a 327 88 6
a 328 217 7
a 328 296 1
a 329 53 5
a 329 183 8
a 329 221 1
a 330 203 1
a 330 361 8
a 331 49 5
a 331 90 10
a 331 178 1
a 332 279 8
a 332 495 2
a 333 438 1
a 334 9 5
a 334 264 9
a 334 459 3
a 335 55 1
a 335 102 2
a 335 484 1
a 336 234 4
a 337 91 6
a 337 470 9
a 338 155 2
a 338 408 2
a 339 103 10
a 339 328 2
a 340 62 1
a 340 277 1
a 341 349 5
a 342 109 6
a 342 374 7
a 342 403 3
a 343 72 6
a 343 155 2
a 344 360 9
a 345 325 3
a 345 370 6
a 346 116 7
a 346 120 10
a 346 424 1
a 347 47 9
a 347 184 4
a 348 100 2
a 349 165 6
a 350 31 3
a 350 146 10
a 351 287 9
a 352 139 4
a 352 358 2
a 352 497 1
a 353 145 2
a 353 173 1
a 354 257 7
a 354 344 6
a 355 393 5
a 356 181 10
a 356 250 2
a 356 294 8
a 356 400 4
a 357 165 4
a 358 190 8
a 359 65 8
a 359 69 10
a 359 180 8
a 359 463 5
a 360 411 8
a 360 475 5
a 361 95 8
a 361 170 2
a 362 280 6
a 363 92 5
a 363 402 6
a 364 4 9
a 365 191 7
a 365 265 4
a 366 416 2
a 367 56 9
a 367 278 4
a 367 360 9
a 367 417 9
a 368 228 9
a 368 363 3
a 368 473 2
a 369 220 8
a 370 283 1
a 370 469 3
a 371 218 2
a 371 340 5
a 372 16 4
a 372 438 6
a 373 26 1
a 373 79 10
a 373 296 10
a 374 112 6
a 374 338 10
a 375 101 1
a 375 468 5
a 376 20 7
a 377 367 4
a 378 48 7
a 378 456 5
a 379 144 4
a 379 235 1
a 379 421 2
a 380 176 8
a 380 424 9
a 381 31 9
a 381 197 4
a 381 255 1
a 381 269 6
a 382 110 2
a 382 474 6
a 383 301 3
a 384 76 6
a 384 413 5
a 385 461 6
a 386 127 8
a 386 155 4
a 386 313 6
a 386 411 6
a 387 285 6
a 387 386 6
a 388 162 3
a 389 40 3
a 389 249 4
a 390 182 6
a 390 221 3
a 390 426 6
a 391 225 3
a 391 396 1
a 392 343 3
a 392 466 10
a 393 134 9
a 393 307 3
a 393 451 6
a 394 185 9
a 395 13 10
a 395 481 10
a 396 285 1
a 397 466 1
a 398 93 7
a 399 354 1
a 399 392 9
a 399 453 9
a 400 354 9
a 400 476 6
a 401 45 3
a 401 295 2
a 401 460 2
a 402 36 5
a 402 432 7
a 403 73 7
a 403 154 8
a 404 424 2
a 405 244 7
a 405 493 7
a 406 197 1
a 406 483 5
a 407 480 6
a 408 45 1
a 408 177 4
a 409 50 4
a 409 445 3
a 410 261 4
a 411 446 1
a 412 58 4
a 412 249 10
a 413 478 3
a 414 210 8
a 415 137 10
a 415 198 8
a 416 156 2
a 416 329 8
a 417 274 6
a 418 93 6
a 419 412 7
a 419 474 6
a 420 226 1
a 420 338 8
a 420 393 10
a 421 185 3
a 422 150 6
a 422 254 7
a 422 410 3
a 423 29 3
a 423 298 6
a 424 42 4
a 425 59 8
a 425 486 2
a 426 77 1
a 426 363 7
a 426 464 2
a 427 44 3
a 427 188 4
a 427 404 10
a 428 5 1
a 429 181 2
a 429 361 2
a 429 467 5
a 430 14 1
a 430 229 9
a 430 469 6
a 431 38 9
a 431 136 2
a 432 118 10
a 432 252 8
a 432 382 3
a 433 132 10
a 433 194 3
a 433 330 7
a 433 420 7
a 434 245 5
a 434 478 2
a 435 198 6
a 435 304 2
a 436 51 4
a 436 97 10
a 436 326 9
a 437 253 6
a 438 11 7
a 438 447 4
a 439 103 3
a 439 284 2
a 440 172 5
a 441 96 1
a 441 144 8
a 441 161 10
a 442 189 6
a 442 323 4
a 442 371 3
a 443 288 6
a 443 365 5
a 443 493 7
a 444 405 3
a 445 269 2
a 445 443 1
a 446 82 10
a 446 427 9
a 447 33 10
a 448 88 9
a 448 214 4
a 448 329 3
a 449 141 5
a 449 225 6
a 450 441 4
a 451 25 7
a 452 41 5
a 452 236 8
a 452 481 5
a 453 21 4
a 453 200 6
a 454 21 4
a 454 57 8
a 454 152 1
a 455 151 4
a 456 385 7
a 456 431 5
a 457 397 1
a 457 399 1
a 458 28 9
a 458 81 7
a 458 344 3
a 459 198 6
a 460 147 7
a 460 459 6
a 461 157 1
a 461 202 3
a 462 440 3
a 462 500 7
a 463 42 8
a 463 332 3
a 464 154 6
a 464 341 2
a 464 499 5
a 465 471 8
a 466 116 7
a 466 240 8
a 466 409 4
a 467 176 10
a 467 380 10
a 468 188 6
a 468 351 9
a 469 52 3
a 469 336 5
a 470 43 7
a 470 109 7
a 471 113 3
a 471 186 7
a 471 292 1
a 471 427 3
a 472 114 5
a 472 463 3
a 473 93 7
a 473 130 4
a 474 12 1
a 475 114 5
a 475 427 2
a 476 420 10
a 477 127 2
a 477 223 4
a 478 126 7
a 478 492 8
a 479 393 7
a 480 397 8
a 480 487 2
a 481 26 6
a 482 419 6
a 483 51 3
a 483 156 10
a 483 471 1
a 483 481 6
a 484 72 9
a 484 315 7
a 485 331 2
a 485 357 5
a 486 53 2
a 487 27 9
a 487 147 7
a 488 56 4
a 488 440 1
a 489 170 7
a 489 185 2
a 489 192 6
a 489 384 3
a 490 11 4
a 490 280 5
a 490 397 5
a 490 465 4
a 491 134 3
a 492 110 6
a 492 174 6
a 492 186 5
a 493 148 10
a 493 301 2
a 493 435 3
a 493 474 3
a 494 108 2
a 494 206 2
a 494 387 4
a 495 488 6
a 496 263 4
a 496 371 5
a 497 247 5
a 498 291 1
a 498 403 4
a 499 98 5
a 499 125 2
a 499 393 7
a 499 419 3
a 499 498 6
