p max 500 1000
n 1 s
n 500 t
a 1 147 8
a 1 276 6
a 1 478 7
a 2 15 2
a 2 98 6
a 2 489 4
a 3 199 1
a 3 231 4
a 4 210 6
a 4 480 5
a 4 487 4
a 5 94 10
a 6 43 4
a 6 59 3
a 6 82 9
a 6 299 9
a 7 180 8
a 7 425 10
a 8 23 1
a 8 139 2
a 9 35 2
a 9 230 9
a 9 314 1
a 9 337 10
a 9 348 6
a 10 326 5
a 10 408 8
a 11 202 2
a 11 227 8
a 11 418 6
a 12 231 2
a 12 428 8
a 13 312 10
a 14 82 9
a 15 66 7
a 15 161 6
a 15 300 4
a 16 11 9
a 17 24 4
a 17 34 9
a 17 385 7
a 18 9 9
a 18 327 1
a 18 353 2
a 19 22 3
a 19 159 10
a 20 108 5
a 20 264 8
a 20 319 8
a 21 65 7
a 21 414 4
a 22 198 6
a 22 363 3
a 22 397 1
a 23 15 10
a 24 91 1
a 25 250 9
a 25 281 5
a 25 343 4
a 26 140 8
a 27 269 8
a 27 304 4
a 28 293 8
a 28 311 2
a 29 211 3
a 29 437 3
a 30 263 6
a 31 98 2
a 31 305 1
a 32 71 7
a 33 465 8
a 34 194 5
a 34 370 5
a 35 69 5
a 35 360 5
a 36 78 2
a 37 92 10
a 37 426 10
a 38 143 8
a 39 205 6
a 40 75 10
a 40 373 8
a 40 460 6
a 41 45 7
a 41 365 2
a 42 68 10
a 43 152 3
a 44 116 8
a 45 122 9
a 45 323 8
a 46 454 2
a 46 469 8
a 47 146 1
a 47 279 1
a 47 385 1
a 48 230 1
a 48 248 2
a 48 256 10
a 49 246 2
a 50 38 3
a 50 179 3
a 51 85 7
a 51 162 6
a 52 144 3
a 53 108 2
a 53 156 5
a 53 207 1
a 53 349 2
a 53 375 7
a 54 290 7
a 55 33 9
a 55 420 9
a 56 377 4
a 57 228 2
a 57 258 9
a 57 406 4
a 58 13 7
a 58 412 1
a 59 5 2
a 59 129 6
a 60 153 7
a 61 267 1
a 61 383 2
a 62 128 9
a 63 265 4
a 63 295 8
a 64 199 1
a 64 439 9
a 65 219 3
a 65 322 1
a 66 142 3
a 67 109 5
a 67 202 3
a 67 215 2
a 67 332 10
a 68 3 5
a 68 7 3
a 68 101 8
a 68 276 1
a 69 261 9
a 69 403 7
a 69 436 10
a 70 84 1
a 70 371 2
a 71 341 6
a 71 445 7
a 72 328 4
a 73 53 7
a 73 88 8
a 73 321 3
a 74 136 10
a 75 132 5
a 75 174 4
a 76 491 4
a 77 123 7
a 77 254 2
a 77 409 7
a 78 368 2
a 79 217 5
a 80 97 9
a 80 346 9
a 81 360 5
a 82 55 5
a 82 114 8
a 82 229 9
a 83 90 5
a 83 284 5
a 83 307 6
a 83 484 8
a 84 45 1
a 84 139 7
a 85 25 10
a 85 130 8
a 86 84 1
a 86 275 9
a 87 224 2
a 88 188 7
a 88 494 10
a 89 184 9
a 90 382 9
a 91 51 5
a 92 418 10
a 93 159 10
a 93 237 9
a 94 237 6
a 94 259 2
a 95 372 5
a 96 307 5
a 97 113 9
a 97 196 8
a 98 236 2
a 99 172 9
a 99 214 7
a 100 339 3
a 100 415 7
a 101 213 4
a 101 275 3
a 101 299 5
a 102 296 10
a 102 353 5
a 103 154 9
a 103 180 8
a 103 372 5
a 103 490 7
a 104 430 8
a 105 325 6
a 105 350 8
a 106 116 9
a 106 391 6
a 107 331 8
a 107 356 7
a 108 4 1
a 108 286 5
a 108 373 3
a 108 470 7
a 109 325 3
a 110 11 9
a 110 227 6
a 110 450 8
a 111 33 4
a 111 481 10
a 111 497 6
a 112 148 9
a 112 151 4
a 113 5 6
a 113 85 8
a 114 435 6
a 115 324 8
a 116 36 8
a 116 312 5
a 116 389 3
a 117 17 2
a 118 160 1
a 118 174 9
a 118 179 2
a 118 285 10
a 119 73 3
a 119 365 4
a 120 329 5
a 121 61 8
a 121 238 1
a 121 257 6
a 121 456 9
a 122 382 1
a 122 416 10
a 123 312 1
a 123 440 6
a 123 449 5
a 124 396 5
a 125 26 10
a 125 49 7
a 125 77 2
a 125 166 5
a 125 419 5
a 126 236 5
a 126 276 1
a 127 100 5
a 127 219 3
a 127 366 1
a 128 323 10
a 129 170 6
a 129 352 2
a 129 471 9
a 130 127 9
a 130 159 6
a 130 280 5
a 131 11 4
a 131 18 2
a 132 29 10
a 132 48 8
a 133 77 4
a 134 62 5
a 134 271 6
a 134 472 3
a 134 492 4
a 135 39 7
a 135 208 10
a 135 226 9
a 135 435 5
a 136 268 3
a 136 280 3
a 136 448 10
a 137 232 9
a 137 304 1
a 138 235 3
a 139 364 4
a 140 118 2
a 140 133 6
a 140 217 10
a 141 78 9
a 141 154 3
a 141 258 3
a 141 355 4
a 141 464 5
a 142 86 6
a 142 200 5
a 143 121 6
a 143 457 10
a 144 24 8
a 144 110 4
a 144 270 5
a 145 241 4
a 145 476 1
a 146 463 9
a 147 19 1
a 147 368 3
a 148 206 9
a 149 221 1
a 149 234 2
a 149 358 10
a 150 411 4
a 151 8 10
a 151 251 3
a 151 260 5
a 152 489 3
a 153 218 8
a 153 313 3
a 154 6 2
a 154 21 10
a 154 118 3
a 154 237 5
a 154 312 5
a 155 388 5
a 156 133 7
a 157 52 1
a 157 309 2
a 158 251 5
a 158 333 6
a 158 485 1
a 159 373 1
a 159 444 2
a 159 456 6
a 160 16 10
a 160 80 10
a 160 335 7
a 161 129 8
a 161 465 8
a 162 30 1
a 162 92 5
a 162 200 2
a 163 266 1
a 163 478 7
a 164 133 6
a 165 308 7
a 165 494 1
a 166 256 9
a 167 253 10
a 167 424 8
a 168 277 7
a 168 313 7
a 169 234 2
a 170 282 5
a 170 420 10
a 171 36 7
a 172 10 1
a 173 48 4
a 173 344 5
a 173 350 9
a 173 443 8
a 174 131 9
a 174 183 7
a 175 202 9
a 176 450 2
a 177 127 3
a 178 34 8
a 178 320 6
a 179 15 3
a 179 100 9
a 179 262 7
a 180 65 4
a 180 160 10
a 180 401 3
a 180 477 7
a 181 34 4
a 181 117 7
a 181 466 7
a 181 495 10
a 182 399 2
a 183 456 5
a 183 491 4
a 184 58 8
a 184 400 2
a 185 284 10
a 186 56 8
a 187 114 7
a 187 169 10
a 187 378 7
a 188 270 7
a 188 388 8
a 188 442 7
a 189 56 2
a 189 368 10
a 189 433 1
a 190 3 7
a 191 212 5
a 191 407 3
a 192 61 9
a 192 71 8
a 192 315 1
a 193 40 1
a 193 379 4
a 194 216 7
a 194 278 3
a 195 212 3
a 195 340 1
a 195 425 9
a 195 499 2
a 196 72 7
a 196 238 6
a 197 189 8
a 197 316 4
a 197 405 9
a 198 2 2
a 198 186 2
a 199 419 9
a 200 75 7
a 200 83 8
a 201 98 6
a 201 203 3
a 201 453 7
a 202 139 5
a 202 330 4
a 203 362 2
a 204 184 6
a 205 124 3
a 205 338 5
a 206 9 2
a 206 46 6
a 206 473 10
a 207 440 7
a 208 89 7
a 208 201 6
a 208 262 6
a 209 79 10
a 209 397 1
a 210 115 6
a 210 181 6
a 211 247 5
a 211 387 3
a 211 452 9
a 212 404 4
a 212 429 7
a 213 260 6
a 214 489 9
a 215 130 6
a 215 341 5
a 216 310 10
a 216 394 9
a 217 37 7
a 217 106 9
a 217 177 6
a 217 298 5
a 217 363 3
a 217 426 4
a 217 474 1
a 218 227 9
a 219 68 9
a 219 73 8
a 219 95 6
a 219 464 2
a 220 30 7
a 220 374 7
a 221 13 10
a 222 134 1
a 222 310 5
a 223 256 4
a 223 319 4
a 223 431 3
a 224 354 2
a 225 188 5
a 226 102 1
a 226 174 9
a 226 343 6
a 227 270 7
a 227 441 3
a 228 87 5
a 228 121 7
a 228 297 9
a 228 366 4
a 229 351 6
a 230 85 1
a 230 341 2
a 230 394 8
a 230 446 2
a 231 71 6
a 231 148 6
a 232 434 8
a 232 446 3
a 233 12 4
a 233 184 8
a 233 329 2
a 233 498 8
a 234 175 6
a 235 111 7
a 236 96 2
a 236 213 1
a 236 428 4
a 237 480 8
a 238 250 10
a 238 336 5
a 238 410 8
a 239 104 5
a 240 416 3
a 241 220 2
a 241 410 9
a 241 452 6
a 242 243 3
a 242 495 10
a 243 29 10
a 244 149 3
a 244 197 1
a 245 319 1
a 245 412 1
a 245 430 4
a 245 493 4
a 246 83 6
a 246 233 9
a 247 421 9
a 248 195 5
a 248 253 6
a 249 47 4
a 250 375 7
a 251 386 1
a 251 465 2
a 251 483 6
a 252 165 4
a 252 176 10
a 252 460 8
a 253 6 3
a 254 222 6
a 254 364 1
a 254 431 9
a 255 65 9
a 255 206 6
a 255 331 7
a 256 84 3
a 257 377 7
a 258 191 3
a 258 486 9
a 259 13 7
a 259 42 5
a 259 436 5
a 260 110 7
a 260 284 5
a 261 443 2
a 262 379 2
a 262 438 2
a 263 81 2
a 263 248 9
a 264 113 1
a 265 109 10
a 266 416 9
a 267 352 2
a 267 393 5
a 268 159 7
a 269 175 7
a 269 360 2
a 269 415 5
a 269 461 8
a 270 120 8
a 271 55 5
a 271 255 1
a 272 51 9
a 273 2 2
a 273 288 6
a 273 458 10
a 274 226 4
a 274 403 2
a 275 242 3
a 276 246 5
a 277 65 1
a 277 93 1
a 278 20 1
a 278 172 4
a 278 399 9
a 279 104 3
a 279 162 8
a 280 112 2
a 281 31 8
a 281 292 10
a 282 181 9
a 282 304 2
a 283 54 4
a 283 490 4
a 284 9 10
a 284 135 9
a 284 275 7
a 285 167 8
a 285 243 1
a 285 317 6
a 286 191 3
a 287 204 5
a 288 41 4
a 288 293 5
a 289 13 1
a 289 105 5
a 289 246 9
a 290 99 6
a 290 112 6
a 291 31 1
a 292 310 1
a 293 248 4
a 294 113 2
a 294 367 7
a 295 179 6
a 296 152 2
a 297 119 4
a 297 274 1
a 298 311 4
a 298 358 4
a 299 22 9
a 299 435 10
a 300 377 3
a 300 425 7
a 301 183 3
a 302 190 2
a 302 432 8
a 303 112 9
a 303 413 3
a 304 21 7
a 304 144 5
a 305 239 4
a 305 303 6
a 305 431 1
a 306 392 3
a 307 280 7
a 307 402 5
a 308 44 1
a 309 74 6
a 309 326 9
a 310 325 6
a 310 463 8
a 310 468 9
a 311 287 10
a 312 10 5
a 312 50 7
a 312 124 9
a 312 462 7
a 313 103 3
a 313 224 5
a 313 228 3
a 313 335 2
a 314 240 6
a 314 274 10
a 314 355 4
a 314 381 8
a 315 365 3
a 316 178 3
a 316 270 1
a 317 101 7
a 317 223 7
a 318 109 9
a 319 85 9
a 320 94 3
a 320 153 3
a 320 304 6
a 321 174 1
a 322 85 10
a 323 363 1
a 324 291 10
a 325 6 7
a 326 101 3
a 327 155 3
a 328 20 5
a 329 51 7
a 329 164 5
a 329 479 1
a 330 137 6
a 330 459 3
a 331 264 8
a 331 308 10
a 332 479 3
a 333 306 5
a 333 425 8
a 334 39 10
a 334 150 6
a 335 213 3
a 335 380 9
a 336 53 5
a 336 346 3
a 336 432 3
a 336 467 5
a 337 206 4
a 338 125 6
a 338 244 5
a 339 19 9
a 339 302 2
a 339 371 3
a 340 50 5
a 341 77 8
a 341 273 3
a 341 278 6
a 341 331 9
a 342 153 1
a 343 21 3
a 343 187 7
a 343 398 10
a 343 471 2
a 344 380 10
a 345 32 10
a 345 289 8
a 346 333 3
a 346 411 10
a 346 450 2
a 347 311 7
a 347 384 3
a 348 122 10
a 348 168 4
a 348 367 7
a 349 48 10
a 349 128 3
a 350 61 1
a 351 252 3
a 351 362 1
a 351 477 7
a 352 242 8
a 353 28 7
a 353 412 10
a 354 396 8
a 354 433 10
a 355 5 6
a 356 360 7
a 357 141 1
a 357 152 10
a 357 472 9
a 358 14 7
a 358 462 8
a 359 63 8
a 359 140 10
a 359 213 10
a 359 427 7
a 360 101 6
a 361 191 3
a 361 479 2
a 362 186 7
a 363 166 8
a 363 426 5
a 364 249 7
a 364 317 9
a 364 395 10
a 364 438 7
a 365 239 9
a 365 283 4
a 365 330 7
a 366 217 9
a 366 328 5
a 366 429 6
a 367 81 1
a 367 376 9
a 368 137 10
a 368 163 9
a 368 225 1
a 368 238 1
a 369 31 6
a 369 161 6
a 370 112 1
a 370 235 6
a 371 202 9
a 371 219 6
a 371 301 2
a 372 469 1
a 373 21 3
a 373 107 9
a 373 241 8
a 374 94 8
a 375 341 1
a 376 99 2
a 376 291 2
a 376 371 3
a 377 366 6
a 377 416 1
a 378 27 9
a 378 71 6
a 378 126 1
a 378 294 2
a 379 29 2
a 379 134 9
a 379 461 3
a 380 226 1
a 381 57 9
a 381 159 1
a 382 131 4
a 383 42 10
a 383 76 1
a 384 74 10
a 384 204 5
a 384 260 9
a 385 125 6
a 385 187 9
a 386 203 10
a 387 346 2
a 387 500 9
a 388 93 2
a 389 98 4
a 389 390 4
a 390 70 6
a 390 315 2
a 391 276 9
a 391 313 3
a 391 351 3
a 392 65 7
a 392 158 8
a 393 218 3
a 393 391 9
a 394 41 7
a 394 182 6
a 395 20 7
a 396 111 9
a 396 265 1
a 396 382 6
a 397 38 2
a 397 143 2
a 397 324 9
a 398 253 1
a 398 267 9
a 398 359 3
a 398 389 4
a 399 293 6
a 400 338 4
a 400 492 2
a 401 351 4
a 401 482 2
a 402 203 8
a 403 302 3
a 403 469 9
a 404 47 1
a 404 246 7
a 404 357 4
a 405 178 10
a 406 185 5
a 406 315 10
a 406 354 2
a 407 95 4
a 408 245 2
a 408 269 5
a 408 342 9
a 409 17 8
a 409 466 7
a 410 472 9
a 411 415 9
a 412 120 4
a 412 409 8
a 413 68 9
a 414 415 6
a 414 500 7
a 415 167 9
a 416 267 7
a 417 162 5
a 417 446 8
a 418 206 3
a 418 423 4
a 419 109 6
a 419 132 1
a 419 228 4
a 419 370 4
a 419 432 5
a 420 26 2
a 421 382 5
a 421 405 2
a 422 137 2
a 423 14 9
a 423 289 6
a 423 417 7
a 424 160 8
a 425 301 4
a 426 149 7
a 426 208 10
a 427 309 2
a 428 152 9
a 429 257 7
a 429 309 4
a 429 378 4
a 430 131 10
a 430 326 8
a 430 475 10
a 431 157 6
a 431 234 10
a 431 422 6
a 432 147 6
a 432 345 6
a 433 203 10
a 434 320 7
a 435 466 4
a 436 3 6
a 436 497 7
a 437 142 9
a 437 147 4
a 437 192 9
a 437 279 9
a 437 369 8
a 438 34 4
a 439 313 8
a 440 348 4
a 441 193 4
a 441 291 1
a 442 136 6
a 442 409 10
a 442 478 1
a 443 214 6
a 443 329 2
a 443 365 3
a 443 437 6
a 444 10 2
a 445 99 7
a 446 355 8
a 447 347 4
a 447 358 4
a 448 271 6
a 448 338 9
a 448 458 4
a 449 84 8
a 450 287 9
a 450 350 1
a 451 84 7
a 452 402 3
a 453 158 9
a 454 211 9
a 455 46 10
a 455 171 4
a 455 392 3
a 456 92 8
a 456 488 6
a 457 495 4
a 458 63 4
a 459 490 3
a 460 46 9
a 461 242 1
a 461 367 6
a 461 489 5
a 462 248 4
a 462 334 6
a 462 455 9
a 463 290 7
a 463 303 3
a 464 173 7
a 464 448 3
a 465 65 3
a 465 138 2
a 466 91 1
a 466 105 9
a 467 11 7
a 467 451 6
a 468 84 10
a 468 155 6
a 469 147 7
a 470 350 7
a 470 479 9
a 470 480 7
a 471 69 3
a 471 361 5
a 472 40 3
a 472 318 6
a 473 211 10
a 473 496 10
a 474 263 4
a 474 390 4
a 475 58 4
a 475 60 10
a 475 94 3
a 475 112 4
a 476 413 8
a 476 426 9
a 477 272 8
a 477 335 9
a 478 28 7
a 478 161 10
a 479 64 5
a 479 69 5
a 480 341 1
a 481 466 3
a 482 44 6
a 482 345 9
a 483 361 4
a 484 390 4
a 485 79 2
a 486 41 4
a 486 145 1
a 486 347 1
a 486 399 2
a 487 290 5
a 488 209 7
a 488 358 8
a 489 198 3
a 489 447 8
a 490 454 7
a 491 229 6
a 492 421 1
a 492 495 9
a 493 194 4
a 494 101 2
a 494 205 9
a 495 30 6
a 495 167 2
a 495 306 5
a 496 408 9
a 497 27 3
a 497 495 7
a 498 336 10
a 499 67 8
a 499 258 3
