p max 500 1000
n 1 s
n 500 t
a 1 228 6
a 2 87 10
a 3 148 6
a 3 308 5
a 4 55 8
a 4 453 9
a 5 349 7
a 6 163 5
a 7 171 6
a 8 165 9
a 9 117 5
a 10 197 1
a 11 381 9
a 11 465 8
a 12 160 1
a 13 317 5
a 14 220 1
a 14 233 5
a 15 320 10
a 15 440 9
a 16 280 10
a 16 435 2
a 16 449 9
a 16 478 3
a 17 3 7
a 17 153 1
a 17 324 6
a 17 348 2
a 17 500 6
a 18 43 2
a 18 64 2
a 18 216 3
a 18 431 6
a 19 244 9
a 19 306 1
a 20 422 2
a 21 168 8
a 21 228 2
a 21 299 7
a 21 440 2
a 22 131 8
a 22 400 4
a 23 410 8
a 24 293 8
a 25 102 6
a 25 307 7
a 26 366 9
a 26 446 3
a 27 36 5
a 27 470 4
a 28 107 6
a 28 266 3
a 29 46 8
a 29 47 3
a 29 123 2
a 29 198 5
a 29 486 8
a 30 161 9
a 30 303 6
a 31 55 9
a 32 122 8
a 32 133 9
a 32 249 2
a 33 21 2
a 33 24 5
a 33 360 10
a 34 212 7
a 34 278 5
a 35 220 2
a 36 189 4
a 36 421 9
a 37 322 3
a 37 423 8
a 38 79 6
a 38 166 9
a 38 318 4
a 39 307 6
a 40 121 9
a 40 259 9
a 41 213 5
a 41 409 7
a 42 112 1
a 42 190 4
a 42 230 10
a 42 301 2
a 43 101 10
a 43 110 7
a 43 181 9
a 44 70 1
a 44 491 7
a 45 12 2
a 45 238 6
a 46 187 2
a 46 463 4
a 47 261 10
a 48 35 1
a 49 471 6
a 50 368 5
a 51 166 10
a 52 178 5
a 53 137 4
a 54 118 8
a 55 77 7
a 55 215 3
a 55 270 2
a 56 40 4
a 56 485 8
a 57 437 5
a 58 39 5
a 58 93 3
a 59 190 3
a 60 267 4
a 61 162 6
a 61 183 8
a 61 196 9
a 61 213 8
a 62 2 7
a 62 91 9
a 63 118 1
a 63 468 2
a 64 142 10
a 64 369 2
a 64 436 7
a 65 77 2
a 66 5 5
a 66 320 2
a 67 8 9
a 67 194 6
a 67 392 10
a 67 402 9
a 68 277 9
a 69 147 1
a 70 310 1
a 70 361 9
a 70 474 9
a 71 225 3
a 72 274 9
a 73 39 8
a 73 288 3
a 74 143 2
a 74 251 1
a 75 365 7
a 75 437 7
a 76 276 3
a 76 333 7
a 77 489 4
a 78 353 7
a 78 495 7
a 79 376 5
a 80 33 5
a 80 111 3
a 81 126 7
a 81 234 6
a 82 285 1
a 83 498 9
a 84 452 1
a 85 444 2
a 86 85 4
a 87 41 1
a 87 265 7
a 87 445 6
a 88 458 2
a 88 493 7
a 89 90 4
a 89 393 2
a 89 489 5
a 90 62 1
a 90 160 1
a 90 415 9
a 91 253 8
a 92 410 6
a 93 224 10
a 94 49 1
a 94 64 5
a 94 110 6
a 94 371 9
a 95 401 2
a 95 420 10
a 96 69 9
a 96 82 4
a 97 393 5
a 98 184 1
a 98 207 10
a 98 223 9
a 99 174 5
a 99 250 8
a 99 348 6
a 100 424 8
a 101 158 5
a 102 99 7
a 103 221 3
a 103 459 3
a 104 83 4
a 105 229 9
a 105 238 2
a 105 402 6
a 106 214 5
a 107 73 3
a 107 414 1
a 108 383 7
a 109 292 8
a 109 362 1
a 110 197 8
a 110 297 1
a 110 328 5
a 111 78 8
a 111 372 5
a 112 105 10
a 113 28 4
a 113 77 3
a 114 297 1
a 115 122 1
a 116 147 7
a 116 222 3
a 116 236 7
a 117 247 7
a 117 426 9
a 118 353 1
a 118 442 2
a 119 298 2
a 119 343 9
a 120 50 1
a 120 54 2
a 121 89 7
a 121 246 9
a 121 392 9
a 122 489 1
a 123 261 8
a 124 321 4
a 124 344 6
a 125 346 8
a 125 381 7
a 125 404 6
a 125 485 9
a 126 94 7
a 126 342 9
a 126 378 8
a 127 186 10
a 127 458 8
a 128 479 4
a 128 484 9
a 129 124 3
a 129 171 7
a 130 52 2
a 130 316 2
a 131 125 5
a 131 350 1
a 132 42 5
a 133 179 8
a 133 344 9
a 134 461 6
a 135 250 8
a 136 43 6
a 136 379 1
a 136 396 1
a 137 459 5
a 137 498 10
a 138 134 10
a 138 262 6
a 138 382 9
a 139 247 2
a 140 210 4
a 140 221 6
a 141 123 2
a 141 172 8
a 141 327 1
a 142 193 6
a 143 195 10
a 143 411 8
a 144 379 7
a 145 144 7
a 145 323 9
a 146 403 4
a 147 253 1
a 148 10 1
a 148 45 6
a 148 231 7
a 148 243 7
a 148 257 3
a 149 205 1
a 149 360 6
a 149 361 8
a 149 420 9
a 150 330 8
a 151 401 2
a 152 43 10
a 153 160 9
a 153 327 6
a 154 378 5
a 154 439 6
a 154 490 8
a 155 87 9
a 155 266 1
a 156 176 1
a 156 357 9
a 156 471 5
a 157 420 4
a 158 96 6
a 158 226 7
a 158 247 9
a 158 387 5
a 159 317 9
a 159 340 9
a 159 353 6
a 160 314 6
a 161 352 1
a 161 499 3
a 162 157 8
a 162 407 7
a 162 445 7
a 163 298 10
a 163 456 8
a 164 43 10
a 164 134 1
a 165 229 10
a 165 489 6
a 166 112 10
a 167 268 7
a 167 389 1
a 168 225 5
a 168 245 4
a 168 266 5
a 169 192 3
a 169 277 9
a 169 464 5
a 170 427 3
a 171 23 3
a 171 417 8
a 172 83 7
a 173 257 8
a 174 251 3
a 175 279 8
a 175 454 5
a 176 204 6
a 176 364 1
a 176 496 2
a 177 452 2
a 178 258 10
a 178 385 6
a 178 484 2
a 179 225 1
a 180 455 6
a 181 423 6
a 182 480 9
a 183 195 6
a 183 315 5
a 184 94 8
a 184 267 9
a 184 289 9
a 185 476 8
a 185 477 6
a 186 6 5
a 186 149 8
a 187 155 2
a 187 203 6
a 188 251 3
a 188 360 1
a 188 499 5
a 189 137 2
a 189 437 7
a 190 81 3
a 190 323 2
a 191 127 3
a 191 322 4
a 191 440 4
a 192 104 6
a 193 40 1
a 193 398 6
a 193 406 2
a 194 217 9
a 195 189 4
a 195 478 3
a 196 241 4
a 197 284 5
a 197 372 7
a 197 473 8
a 198 92 5
a 198 101 8
a 198 368 6
a 199 103 9
a 200 64 3
a 201 158 5
a 202 141 6
a 202 203 7
a 202 264 8
a 202 304 1
a 203 99 6
a 203 349 5
a 204 115 4
a 204 250 6
a 205 26 6
a 205 136 2
a 206 494 9
a 206 497 4
a 207 59 4
a 207 163 9
a 207 454 7
a 208 319 5
a 208 429 5
a 209 149 4
a 210 58 6
a 210 98 2
a 210 288 7
a 210 305 5
a 210 364 4
a 211 45 4
a 212 408 8
a 213 143 10
a 214 390 7
a 215 64 3
a 215 158 10
a 216 376 6
a 216 431 5
a 217 2 10
a 217 239 6
a 218 467 5
a 218 473 8
a 219 307 7
a 219 375 2
a 219 438 9
a 220 384 6
a 220 443 7
a 221 90 9
a 221 282 9
a 222 167 3
a 222 331 3
a 222 418 5
a 223 123 2
a 224 219 3
a 224 351 10
a 225 36 8
a 226 208 7
a 226 242 9
a 227 45 8
a 228 74 1
a 228 296 6
a 229 37 6
a 229 309 9
a 230 363 8
a 231 322 8
a 231 355 3
a 232 140 2
a 233 88 3
a 233 325 6
a 234 149 1
a 234 162 10
a 234 385 4
a 234 444 5
a 235 80 2
a 235 230 10
a 235 366 2
a 235 482 2
a 236 371 1
a 237 249 1
a 237 285 10
a 238 327 7
a 238 383 3
a 239 106 2
a 239 234 4
a 240 68 2
a 240 232 1
a 240 237 2
a 240 410 6
a 241 104 4
a 241 260 5
a 241 500 4
a 242 315 7
a 242 467 9
a 243 231 1
a 244 186 3
a 245 329 1
a 245 391 10
a 246 416 9
a 246 463 1
a 247 24 9
a 247 227 2
a 247 237 2
a 248 9 8
a 249 283 8
a 249 311 9
a 250 173 1
a 250 399 8
a 251 23 9
a 251 103 7
a 251 403 9
a 251 418 5
a 252 53 1
a 252 67 1
a 252 277 9
a 252 313 5
a 252 367 8
a 252 409 4
a 253 209 5
a 253 340 7
a 253 485 4
a 254 4 7
a 254 27 8
a 254 91 7
a 254 165 1
a 254 481 1
a 255 18 9
a 255 26 1
a 255 218 6
a 256 122 9
a 256 274 3
a 256 291 4
a 257 211 6
a 258 114 2
a 258 161 7
a 258 395 7
a 258 462 8
a 259 87 7
a 260 234 7
a 260 324 7
a 261 84 2
a 262 101 9
a 262 341 5
a 262 472 1
a 263 44 9
a 263 180 9
a 264 314 4
a 265 28 1
a 266 342 8
a 267 274 1
a 267 275 1
a 267 287 8
a 267 470 10
a 268 147 1
a 269 373 7
a 269 472 8
a 270 318 1
a 270 347 9
a 270 363 6
a 271 355 4
a 272 71 6
a 272 85 9
a 272 193 7
a 272 300 2
a 273 16 3
a 273 35 8
a 273 189 6
a 274 219 9
a 275 380 6
a 275 428 2
a 275 458 9
a 275 483 10
a 276 296 9
a 277 43 2
a 277 304 7
a 278 30 6
a 278 272 8
a 278 349 1
a 279 128 8
a 279 302 6
a 280 263 1
a 281 253 2
a 281 379 10
a 281 427 9
a 282 399 6
a 282 483 1
a 283 109 9
a 283 119 9
a 283 273 5
a 284 339 7
a 285 155 2
a 286 104 5
a 286 447 4
a 287 21 6
a 287 346 1
a 287 475 4
a 288 453 9
a 289 476 4
a 290 179 1
a 290 219 8
a 291 224 8
a 292 220 2
a 292 334 7
a 293 207 8
a 294 18 1
a 294 73 9
a 294 328 4
a 295 76 8
a 295 111 6
a 295 383 2
a 296 7 8
a 296 81 4
a 296 406 3
a 296 433 2
a 297 113 6
a 297 335 2
a 298 162 8
a 299 17 3
a 299 195 2
a 300 15 2
a 300 316 8
a 300 334 6
a 301 272 5
a 301 454 8
a 302 54 10
a 302 285 8
a 303 130 4
a 303 332 2
a 304 425 6
a 305 141 8
a 305 241 10
a 305 397 2
a 306 13 2
a 306 336 9
a 306 383 10
a 307 154 8
a 307 312 1
a 308 188 9
a 308 240 2
a 308 321 1
a 309 269 8
a 309 476 3
a 310 311 5
a 310 350 6
a 311 78 3
a 311 210 5
a 312 220 8
a 313 177 1
a 313 419 5
a 314 102 5
a 314 330 8
a 314 413 10
a 315 125 2
a 316 215 9
a 317 327 9
a 318 31 1
a 318 434 7
a 319 93 7
a 319 263 1
a 319 411 1
a 320 237 8
a 320 263 3
a 320 394 9
a 321 473 2
a 322 55 5
a 323 42 6
a 323 200 8
a 323 406 9
a 324 448 5
a 325 455 4
a 326 100 7
a 327 152 2
a 327 259 3
a 327 354 5
a 328 208 7
a 329 108 10
a 329 171 9
a 329 464 4
a 330 203 7
a 330 320 3
a 330 443 10
a 330 460 3
a 331 211 7
a 331 483 4
a 332 135 2
a 332 176 5
a 333 14 9
a 333 152 10
a 333 461 8
a 334 144 5
a 335 441 10
a 336 412 9
a 337 128 4
a 337 261 10
a 338 240 1
a 338 366 7
a 338 370 7
a 339 91 10
a 340 131 1
a 340 460 5
a 341 56 8
a 341 156 7
a 342 165 9
a 342 292 10
a 342 418 5
a 343 146 6
a 343 487 9
a 344 151 5
a 345 228 3
a 346 165 4
a 346 191 5
a 346 297 6
a 347 3 3
a 347 142 9
a 348 141 6
a 349 438 10
a 349 450 10
a 350 96 9
a 350 287 7
a 350 339 2
a 351 295 5
a 351 386 6
a 351 453 2
a 352 298 10
a 353 217 4
a 353 246 4
a 353 362 3
a 354 180 2
a 355 38 2
a 355 385 5
a 356 221 4
a 356 359 10
a 357 63 4
a 357 459 10
a 358 19 7
a 358 276 3
a 358 408 6
a 359 388 4
a 360 69 5
a 360 374 7
a 361 121 5
a 361 140 9
a 361 202 6
a 361 326 9
a 361 422 3
a 362 493 7
a 363 323 5
a 364 206 3
a 364 254 8
a 364 286 4
a 364 388 5
a 365 49 9
a 365 390 10
a 366 70 2
a 366 84 9
a 367 185 3
a 367 380 1
a 368 445 7
a 368 456 9
a 369 65 8
a 369 67 7
a 369 492 7
a 370 128 7
a 370 222 7
a 371 219 8
a 371 231 2
a 372 320 1
a 373 180 2
a 373 405 10
a 374 216 4
a 375 137 8
a 375 159 1
a 376 406 6
a 377 175 7
a 377 177 10
a 377 182 2
a 377 256 8
a 377 433 8
a 377 487 7
a 378 107 8
a 378 265 10
a 378 338 3
a 379 237 10
a 379 309 3
a 379 333 6
a 380 148 1
a 381 105 10
a 381 389 10
a 382 24 9
a 382 83 9
a 382 85 3
a 382 135 2
a 383 86 10
a 383 133 3
a 384 9 2
a 384 318 9
a 384 326 5
a 385 20 9
a 385 451 1
a 386 55 2
a 386 100 8
a 387 447 6
a 387 495 10
a 388 11 4
a 388 14 5
a 389 121 10
a 389 214 4
a 390 244 6
a 390 413 8
a 391 26 3
a 391 281 10
a 392 37 1
a 393 41 6
a 393 124 5
a 394 107 6
a 394 150 5
a 394 159 1
a 394 356 10
a 395 151 8
a 395 212 9
a 395 424 2
a 396 92 2
a 396 95 8
a 396 412 2
a 396 416 1
a 397 177 5
a 397 432 9
a 398 148 7
a 398 425 5
a 399 59 8
a 399 260 4
a 400 394 6
a 401 152 6
a 402 69 5
a 402 160 5
a 403 295 5
a 403 468 7
a 404 325 4
a 405 118 6
a 405 268 4
a 405 340 8
a 405 425 1
a 406 236 6
a 407 70 6
a 407 319 7
a 408 483 6
a 409 280 6
a 409 451 10
a 410 75 3
a 410 337 2
a 410 400 7
a 411 472 6
a 412 8 9
a 412 448 6
a 413 224 9
a 413 359 10
a 414 74 9
a 414 293 9
a 414 390 5
a 415 331 6
a 416 51 1
a 416 189 5
a 417 74 3
a 418 20 5
a 418 205 5
a 419 79 3
a 419 138 6
a 419 449 7
a 420 48 1
a 420 61 4
a 421 60 1
a 421 476 10
a 422 189 2
a 423 354 7
a 424 18 8
a 425 94 3
a 425 232 3
a 425 496 7
a 426 296 2
a 427 201 2
a 427 220 9
a 427 482 2
a 428 305 8
a 429 279 5
a 430 353 10
a 430 391 7
a 431 199 2
a 431 452 2
a 431 480 7
a 432 348 2
a 433 173 10
a 434 117 8
a 434 129 1
a 434 197 9
a 434 283 5
a 435 90 5
a 435 235 9
a 436 72 6
a 436 334 3
a 436 430 10
a 437 236 8
a 437 436 5
a 438 61 2
a 438 116 7
a 438 314 2
a 438 358 10
a 439 102 9
a 439 436 9
a 440 77 1
a 441 375 3
a 441 452 1
a 442 2 4
a 443 169 10
a 443 473 3
a 444 57 3
a 444 231 1
a 444 258 1
a 444 466 8
a 444 497 5
a 445 333 7
a 446 462 5
a 447 474 2
a 448 248 8
a 449 134 3
a 450 345 4
a 450 391 8
a 451 127 2
a 452 158 2
a 452 296 10
a 453 226 4
a 453 312 4
a 454 128 6
a 455 204 7
a 455 457 4
a 456 261 7
a 456 469 5
a 457 155 7
a 458 50 9
a 458 165 3
a 458 325 3
a 458 491 9
a 459 93 4
a 460 101 1
a 460 358 9
a 461 164 1
a 461 240 4
a 462 101 5
a 463 56 3
a 463 283 3
a 463 488 3
a 464 152 8
a 465 170 2
a 465 454 10
a 466 358 10
a 467 55 5
a 467 154 7
a 468 412 8
a 469 28 1
a 469 212 1
a 469 271 1
a 469 279 5
a 470 376 7
a 471 455 5
a 471 500 10
a 472 22 4
a 472 139 3
a 472 310 1
a 473 83 3
a 473 255 10
a 474 67 4
a 474 113 2
a 475 14 7
a 476 292 10
a 477 18 7
a 477 25 6
a 478 119 9
a 479 114 4
a 479 178 2
a 479 486 1
a 480 207 4
a 480 294 6
a 481 22 6
a 481 145 2
a 482 159 1
a 482 330 5
a 482 332 9
a 483 457 6
a 484 120 5
a 484 242 7
a 484 252 5
a 484 281 9
a 484 441 9
a 485 269 6
a 485 405 4
a 486 236 2
a 486 424 4
a 487 287 6
a 487 405 8
a 488 49 6
a 489 286 6
a 489 376 2
a 490 29 10
a 490 166 4
a 490 434 10
a 491 50 10
a 491 290 2
a 492 32 9
a 492 364 4
a 493 132 5
a 493 185 8
a 494 207 4
a 494 248 3
a 494 469 5
a 495 102 10
a 495 282 10
a 496 97 10
a 496 109 8
a 496 382 4
a 497 34 5
a 497 66 1
a 497 307 4
a 498 283 5
a 498 377 8
a 498 458 10
a 499 111 5
a 499 148 2
