p max 500 1000
n 1 s
n 500 t
a 1 185 1
a 1 382 8
a 2 182 5
a 2 409 6
a 3 423 7
a 4 10 9
a 4 139 7
a 5 120 9
a 5 179 8
a 5 271 3
a 6 195 10
a 6 498 10
a 7 60 5
a 7 207 1
a 7 377 10
a 8 266 2
a 9 97 1
a 9 364 6
a 10 495 9
a 11 231 7
a 11 333 2
a 12 220 1
a 13 216 5
a 13 264 7
a 13 491 1
a 14 155 10
a 14 456 10
a 14 478 6
a 15 71 5
a 16 247 8
a 16 261 4
a 17 173 8
a 18 270 4
a 18 457 3
a 19 9 1
a 19 93 10
a 19 130 9
a 20 294 1
a 20 398 7
a 21 13 9
a 22 65 2
a 22 321 6
a 22 364 5
a 23 154 6
a 23 248 9
a 24 85 6
a 24 191 9
a 25 56 9
a 26 306 1
a 26 423 7
a 27 383 2
a 28 161 7
a 29 110 8
a 29 318 3
a 30 439 2
a 31 366 1
a 32 368 8
a 33 76 1
a 33 133 8
a 33 160 3
a 34 282 7
a 35 251 3
a 35 369 9
a 36 50 2
a 37 7 9
a 37 125 4
a 38 104 8
a 38 416 7
a 39 35 10
a 39 135 7
a 39 476 10
a 40 293 7
a 40 450 9
a 41 243 4
a 41 326 1
a 42 23 5
a 42 426 3
a 43 339 10
a 43 421 5
a 43 437 2
a 44 477 3
a 45 11 3
a 45 218 9
a 46 143 10
a 46 336 8
a 47 70 7
a 47 328 4
a 48 52 3
a 48 440 10
a 49 52 10
a 50 65 3
a 51 4 7
a 51 148 6
a 51 342 6
a 51 408 7
a 52 25 9
a 52 320 1
a 52 394 10
a 53 92 8
a 53 219 5
a 53 387 5
a 54 377 4
a 54 459 8
a 55 48 1
a 55 147 7
a 55 290 2
a 56 215 9
a 56 314 7
a 56 370 7
a 57 98 6
a 57 350 3
a 58 355 4
a 58 486 7
a 59 105 5
a 59 148 2
a 60 474 9
a 61 162 4
a 61 164 4
a 62 114 7
a 63 279 4
a 64 21 7
a 65 253 9
a 65 488 9
a 66 263 1
a 66 361 6
a 66 383 8
a 67 433 4
a 68 189 10
a 69 161 10
a 69 267 1
a 69 441 6
a 70 249 5
a 71 16 1
a 71 38 4
a 71 228 9
a 71 370 6
a 72 132 6
a 72 150 2
a 72 465 8
a 73 57 1
a 73 105 10
a 74 18 10
a 75 317 5
a 75 447 6
a 76 379 7
a 77 37 2
a 77 498 4
a 78 189 9
a 78 429 5
a 78 449 10
a 79 25 10
a 79 142 4
a 79 475 5
a 80 39 10
a 80 50 2
a 80 165 5
a 81 199 2
a 81 231 4
a 81 306 1
a 82 265 10
a 82 324 2
a 82 440 5
a 83 87 8
a 83 207 9
a 84 389 4
a 85 287 1
a 85 416 8
a 86 24 3
a 87 178 4
a 87 350 5
a 87 452 10
a 87 485 6
a 88 45 8
a 89 207 5
a 90 91 4
a 90 270 6
a 91 167 2
a 92 377 10
a 92 492 8
a 93 56 9
a 94 10 6
a 94 158 4
a 95 236 5
a 95 470 2
a 96 348 10
a 96 366 2
a 97 241 10
a 97 304 5
a 97 320 1
a 98 6 7
a 99 55 7
a 99 347 6
a 99 372 9
a 100 285 4
a 100 305 10
a 101 128 8
a 102 51 2
a 102 64 5
a 102 298 4
a 102 483 4
a 103 100 10
a 103 234 6
a 104 335 5
a 105 51 8
a 105 109 2
a 105 123 10
a 106 272 8
a 107 429 9
a 107 456 5
a 108 39 3
a 109 179 9
a 109 199 4
a 110 99 5
a 110 160 3
a 110 224 10
a 111 33 9
a 111 356 3
a 111 395 4
a 112 26 10
a 112 432 5
a 113 20 2
a 113 43 8
a 113 117 8
a 113 172 4
a 114 221 8
a 114 302 9
a 115 267 5
a 115 465 6
a 116 32 10
a 116 310 8
a 117 459 2
a 118 137 7
a 118 245 8
a 119 5 6
a 120 229 6
a 120 263 6
a 120 346 1
a 121 111 6
a 122 162 2
a 122 175 4
a 122 188 9
a 122 281 7
a 122 393 2
a 123 441 9
a 124 34 9
a 124 113 3
a 125 8 8
a 126 139 9
a 127 94 3
a 127 405 8
a 128 201 2
a 128 337 1
a 129 168 4
a 129 420 7
a 130 64 4
a 130 269 6
a 131 225 10
a 131 374 4
a 131 458 8
a 132 461 8
a 133 43 7
a 134 251 5
a 134 440 8
a 135 9 10
a 135 266 5
a 136 142 8
a 137 183 8
a 138 33 2
a 139 432 6
a 140 265 2
a 140 309 9
a 141 30 8
a 141 378 1
a 142 433 9
a 142 434 1
a 143 91 3
a 143 109 9
a 144 363 7
a 144 376 1
a 145 242 3
a 146 73 1
a 146 396 4
a 147 235 2
a 147 460 5
a 148 32 3
a 148 256 2
a 148 339 5
a 149 62 1
a 149 322 6
a 150 122 3
a 150 137 9
a 151 12 4
a 151 173 5
a 151 404 8
a 152 155 6
a 153 221 6
a 153 235 10
a 154 163 5
a 154 221 5
a 155 113 6
a 155 438 9
a 156 90 4
a 156 145 10
a 156 379 5
a 157 83 10
a 158 144 2
a 158 236 6
a 159 463 2
a 160 75 4
a 160 291 9
a 160 365 6
a 160 421 8
a 161 142 8
a 161 454 3
a 162 111 3
a 163 329 10
a 163 355 4
a 164 149 2
a 164 211 5
a 164 403 8
a 165 26 7
a 166 253 3
a 166 469 6
a 167 103 3
a 167 148 3
a 168 59 7
a 168 124 9
a 169 97 6
a 169 101 6
a 169 230 3
a 169 468 3
a 170 187 7
a 170 258 3
a 171 140 10
a 171 409 3
a 172 206 10
a 173 28 5
a 173 106 10
a 173 147 10
a 173 237 10
a 173 312 8
a 174 78 5
a 174 494 1
a 175 448 6
a 176 254 6
a 176 414 3
a 177 5 5
a 178 172 8
a 179 73 1
a 180 456 5
a 180 474 6
a 180 482 5
a 181 110 3
a 181 174 3
a 182 107 6
a 182 205 6
a 182 368 8
a 183 12 10
a 183 206 2
a 184 6 9
a 184 292 7
a 184 295 9
a 184 471 9
a 185 146 10
a 185 436 6
a 186 346 7
a 187 126 4
a 187 136 5
a 187 184 5
a 187 359 5
a 187 371 10
a 187 401 10
a 188 7 7
a 189 331 6
a 189 420 3
a 190 22 10
a 190 124 2
a 191 63 7
a 191 120 8
a 191 243 9
a 191 407 9
a 192 29 2
a 192 145 6
a 192 196 9
a 192 348 7
a 192 451 9
a 193 44 7
a 193 65 10
a 193 462 7
a 194 135 9
a 194 353 9
a 194 413 1
a 194 489 8
a 195 276 4
a 195 469 4
a 196 277 5
a 197 194 9
a 197 389 9
a 198 226 6
a 199 430 9
a 200 469 2
a 201 240 3
a 201 301 1
a 202 79 1
a 202 305 4
a 202 500 5
a 203 49 7
a 203 198 4
a 203 412 5
a 203 419 9
a 204 58 8
a 204 397 1
a 204 440 8
a 204 442 10
a 205 203 8
a 206 17 10
a 206 380 4
a 206 469 9
a 207 8 8
a 207 382 8
a 208 331 5
a 209 42 10
a 209 57 1
a 209 486 9
a 210 233 1
a 210 347 6
a 211 319 2
a 212 475 6
a 213 21 3
a 213 74 9
a 213 85 2
a 213 102 2
a 214 122 9
a 214 160 2
a 215 234 5
a 216 391 1
a 216 443 2
a 217 165 1
a 218 336 2
a 218 346 6
a 219 105 10
a 220 343 3
a 221 92 2
a 222 238 3
a 223 13 1
a 223 36 1
a 223 203 7
a 224 114 4
a 224 345 7
a 225 15 8
a 225 70 1
a 225 119 1
a 225 343 9
a 226 65 2
a 226 138 8
a 226 273 4
a 226 282 8
a 226 294 10
a 226 397 4
a 227 53 2
a 227 179 9
a 228 258 4
a 228 270 5
a 229 161 1
a 230 134 6
a 231 319 10
a 232 61 2
a 232 116 3
a 232 226 2
a 232 314 10
a 233 45 1
a 233 420 9
a 233 461 10
a 234 127 5
a 234 277 7
a 234 444 5
a 235 28 2
a 236 98 10
a 237 102 3
a 238 384 4
a 238 434 5
a 239 329 8
a 240 64 4
a 241 277 6
a 241 396 7
a 241 472 7
a 242 246 6
a 242 259 7
a 242 304 5
a 242 477 6
a 243 204 9
a 243 434 9
a 244 333 5
a 245 263 8
a 245 291 4
a 245 349 1
a 246 114 2
a 246 200 5
a 247 359 1
a 248 306 3
a 249 72 9
a 249 276 6
a 249 277 1
a 250 158 5
a 251 62 1
a 251 234 8
a 251 422 8
a 251 479 6
a 252 260 10
a 252 296 2
a 253 319 2
a 253 429 6
a 254 386 2
a 255 13 1
a 256 111 7
a 256 272 7
a 256 347 7
a 257 478 9
a 258 24 1
a 259 167 2
a 259 173 3
a 259 187 3
a 259 411 2
a 260 44 2
a 260 327 1
a 260 499 1
a 261 128 2
a 261 371 6
a 262 45 8
a 262 344 2
a 262 390 9
a 263 180 5
a 263 446 1
a 264 137 2
a 264 293 3
a 264 415 10
a 265 304 7
a 266 456 2
a 267 201 7
a 267 407 6
a 268 124 6
a 268 227 5
a 268 239 2
a 269 5 5
a 269 325 3
a 270 88 7
a 270 281 3
a 271 20 6
a 271 303 5
a 272 46 9
a 272 209 6
a 273 326 7
a 274 87 9
a 275 22 6
a 275 330 8
a 276 262 6
a 276 445 4
a 277 129 10
a 277 220 3
a 278 117 1
a 278 498 10
a 279 466 9
a 280 82 1
a 280 116 8
a 281 164 7
a 281 402 10
a 282 230 6
a 282 268 4
a 282 426 9
a 283 73 6
a 283 399 5
a 283 497 8
a 284 105 4
a 284 169 5
a 284 487 1
a 285 328 6
a 286 10 1
a 286 17 9
a 287 325 9
a 287 495 9
a 288 14 9
a 288 39 8
a 288 218 8
a 289 176 4
a 289 350 6
a 290 31 3
a 290 159 4
a 291 68 3
a 291 447 5
a 292 38 1
a 292 458 5
a 293 373 6
a 294 332 7
a 294 349 2
a 294 352 2
a 295 204 3
a 296 301 2
a 297 130 8
a 298 464 4
a 298 472 4
a 299 266 6
a 299 285 6
a 299 495 1
a 300 192 1
a 301 207 9
a 301 373 9
a 302 83 6
a 302 157 1
a 303 272 1
a 304 346 7
a 304 439 7
a 305 65 6
a 306 155 4
a 306 467 7
a 307 351 1
a 307 411 10
a 308 450 9
a 309 293 6
a 310 194 6
a 310 323 6
a 311 431 1
a 312 457 5
a 313 406 5
a 313 457 10
a 314 300 9
a 315 437 7
a 316 134 6
a 316 372 7
a 317 92 10
a 317 192 10
a 317 413 4
a 318 431 1
a 318 433 3
a 319 146 6
a 320 247 8
a 320 481 5
a 321 440 1
a 322 36 10
a 322 141 5
a 322 156 9
a 322 223 8
a 323 445 1
a 323 466 3
a 324 154 4
a 325 436 1
a 326 399 5
a 327 193 9
a 327 417 6
a 328 117 5
a 329 31 4
a 329 341 1
a 329 472 8
a 330 83 4
a 330 309 7
a 331 19 2
a 331 218 9
a 332 217 4
a 332 252 3
a 332 375 5
a 333 78 1
a 333 381 7
a 334 95 9
a 334 128 7
a 334 253 10
a 334 500 10
a 335 49 9
a 336 108 7
a 336 292 1
a 337 6 10
a 337 435 10
a 338 2 9
a 338 347 8
a 339 77 7
a 339 471 1
a 340 242 7
a 340 255 6
a 340 338 2
a 341 89 5
a 341 278 10
a 341 299 3
a 342 5 9
a 343 12 9
a 343 450 3
a 344 146 4
a 345 220 10
a 345 264 2
a 345 368 5
a 346 50 6
a 346 313 9
a 347 465 9
a 348 141 1
a 348 400 9
a 348 476 3
a 349 164 7
a 349 208 5
a 349 388 6
a 350 74 3
a 351 21 10
a 351 24 5
a 351 151 3
a 352 104 1
a 352 337 2
a 353 3 10
a 353 40 8
a 353 245 8
a 354 240 5
a 354 362 2
a 355 59 5
a 356 231 10
a 356 318 9
a 357 135 10
a 357 193 7
a 357 370 8
a 358 22 2
a 359 403 10
a 359 427 3
a 360 90 4
a 360 268 6
a 360 311 10
a 361 174 9
a 361 300 7
a 362 61 7
a 362 369 5
a 363 382 1
a 363 432 8
a 364 57 2
a 364 363 1
a 365 84 9
a 365 323 9
a 365 327 7
a 366 131 10
a 366 205 8
a 366 232 4
a 367 358 1
a 367 432 2
a 367 447 8
a 368 319 2
a 368 387 3
a 368 392 10
a 369 47 10
a 369 175 9
a 370 159 2
a 371 389 9
a 372 131 3
a 372 233 10
a 373 2 2
a 373 186 1
a 373 329 1
a 374 67 6
a 374 138 10
a 374 385 10
a 375 407 2
a 375 496 8
a 376 133 4
a 376 232 9
a 377 52 7
a 378 27 4
a 378 248 9
a 378 475 3
a 379 144 3
a 379 168 6
a 380 126 5
a 381 324 4
a 382 240 2
a 382 400 5
a 383 20 5
a 383 257 5
a 383 492 2
a 384 37 1
a 384 454 6
a 385 149 5
a 385 151 9
a 386 25 9
a 386 56 5
a 386 165 3
a 387 316 4
a 388 366 6
a 388 436 4
a 389 278 9
a 389 461 9
a 390 318 6
a 390 453 3
a 391 69 2
a 391 385 2
a 392 173 6
a 393 181 7
a 393 182 1
a 394 103 3
a 394 297 6
a 395 120 5
a 396 94 1
a 396 238 6
a 396 302 3
a 396 406 6
a 397 373 9
a 397 391 8
a 398 249 5
a 398 280 10
a 398 289 9
a 399 21 8
a 400 30 4
a 400 155 9
a 401 48 2
a 402 347 10
a 402 490 5
a 403 49 5
a 403 182 8
a 403 381 4
a 404 274 4
a 404 376 8
a 405 455 5
a 405 493 7
a 406 339 6
a 407 469 7
a 408 339 6
a 409 54 7
a 409 185 8
a 409 275 6
a 409 490 3
a 410 66 10
a 411 477 9
a 412 422 9
a 413 45 6
a 414 33 8
a 414 473 6
a 415 450 3
a 416 115 1
a 416 190 9
a 416 236 8
a 416 299 8
a 416 357 2
a 417 254 7
a 417 261 8
a 418 210 1
a 418 255 6
a 418 419 7
a 418 466 9
a 419 214 5
a 419 247 2
a 420 209 10
a 420 375 4
a 421 167 5
a 421 322 5
a 422 159 8
a 423 356 4
a 423 364 4
a 424 80 9
a 424 121 1
a 424 152 9
a 424 268 8
a 424 293 1
a 425 99 10
a 426 237 8
a 426 315 6
a 427 321 5
a 427 428 9
a 427 484 5
a 428 334 6
a 428 446 3
a 429 176 8
a 430 415 6
a 430 425 6
a 431 47 8
a 431 197 10
a 431 418 2
a 432 406 7
a 433 212 5
a 433 485 9
a 434 493 2
a 435 73 1
a 435 242 2
a 436 53 6
a 437 34 8
a 437 113 6
a 437 170 2
a 438 96 7
a 438 153 10
a 438 231 6
a 439 24 2
a 439 279 2
a 440 391 10
a 440 485 4
a 441 485 6
a 442 213 5
a 442 296 2
a 442 466 9
a 443 222 8
a 443 361 2
a 444 58 9
a 444 171 2
a 445 132 3
a 446 214 2
a 446 288 8
a 446 315 7
a 447 424 6
a 448 171 7
a 449 244 2
a 449 342 9
a 449 448 9
a 450 418 4
a 451 220 10
a 452 50 9
a 453 461 9
a 454 6 2
a 454 95 6
a 454 210 9
a 455 217 8
a 455 367 6
a 456 153 7
a 457 25 7
a 457 122 10
a 457 316 1
a 458 212 5
a 459 424 9
a 459 440 9
a 460 125 8
a 461 436 3
a 462 119 10
a 462 125 6
a 462 442 9
a 463 18 10
a 463 238 10
a 463 354 4
a 464 14 8
a 465 71 8
a 465 116 8
a 465 183 1
a 465 455 1
a 466 112 9
a 466 209 1
a 466 424 3
a 467 168 5
a 467 291 3
a 468 254 1
a 468 480 4
a 469 66 5
a 469 234 1
a 469 430 8
a 470 87 10
a 470 202 5
a 470 442 9
a 471 5 10
a 471 365 3
a 472 28 10
a 472 203 1
a 472 235 6
a 473 461 1
a 474 278 3
a 475 47 10
a 475 431 6
a 476 403 9
a 477 81 4
a 477 290 1
a 478 226 2
a 478 283 8
a 479 35 3
a 480 197 10
a 480 398 2
a 481 426 8
a 482 305 7
a 483 335 2
a 483 435 1
a 483 463 4
a 484 148 6
a 485 61 5
a 485 328 5
a 486 59 4
a 486 284 8
a 486 483 9
a 487 473 5
a 488 10 6
a 488 286 9
a 488 340 9
a 488 449 8
a 489 118 6
a 489 177 1
a 489 390 4
a 489 410 7
a 490 477 5
a 491 41 9
a 491 166 6
a 491 200 9
a 492 310 4
a 493 161 4
a 493 486 10
a 494 249 1
a 494 321 3
a 494 446 4
a 495 7 4
a 495 416 2
a 496 250 8
a 496 307 7
a 496 308 10
a 496 386 6
a 496 477 3
a 497 338 10
a 498 86 8
a 498 360 3
a 498 497 1
a 499 335 9
