p max 500 1000
n 1 s
n 500 t
a 1 157 6
a 1 345 1
a 1 472 4
a 2 72 8
a 2 119 4
a 2 124 1
a 2 355 1
a 3 256 4
a 3 353 1
a 3 373 7
a 4 12 4
a 4 25 6
a 4 260 7
a 5 342 3
a 5 440 1
a 5 457 10
a 5 481 4
a 6 21 5
a 6 295 1
a 7 439 7
a 8 288 4
a 8 298 7
a 8 364 3
a 9 85 9
a 9 295 4
a 10 45 2
a 10 67 2
a 10 498 4
a 11 14 2
a 11 296 1
a 12 491 6
a 13 216 10
a 13 384 7
a 13 469 5
a 14 291 9
a 15 180 7
a 15 187 5
a 15 459 4
a 16 66 8
a 16 73 10
a 16 357 1
a 17 95 2
a 18 100 5
a 18 293 6
a 18 411 5
a 19 74 10
a 20 374 2
a 20 410 6
a 21 328 9
a 22 113 8
a 22 293 8
a 23 450 10
a 24 407 10
a 25 290 6
a 25 293 4
a 25 345 3
a 26 482 6
a 27 14 4
a 28 240 6
a 28 266 9
a 28 395 6
a 29 52 7
a 30 56 7
a 30 305 8
a 31 259 7
a 32 118 5
a 32 264 9
a 33 291 3
a 33 413 2
a 33 480 9
a 34 47 3
a 34 136 8
a 34 336 8
a 35 392 4
a 36 5 10
a 36 44 7
a 36 143 6
a 37 284 10
a 38 239 2
a 39 283 3
a 40 346 5
a 41 89 7
a 41 213 7
a 42 150 1
a 42 241 10
a 43 171 6
a 43 230 7
a 43 415 5
a 44 263 9
a 44 406 10
a 44 451 9
a 45 280 9
a 45 337 3
a 46 159 5
a 47 23 10
a 47 151 1
a 48 138 6
a 48 331 1
a 48 352 2
a 48 403 7
a 48 435 3
a 49 303 1
a 49 385 9
a 50 450 8
a 51 38 9
a 51 281 8
a 51 359 1
a 52 83 3
a 52 192 8
a 52 326 4
a 52 419 7
a 53 74 9
a 53 144 3
a 54 252 2
a 54 471 2
a 55 443 3
a 56 162 4
a 56 488 9
a 57 190 8
a 57 215 9
a 57 484 2
a 58 273 9
a 59 171 3
a 60 18 2
a 60 195 10
a 61 108 5
a 61 111 9
a 61 176 8
a 62 28 6
a 62 112 5
a 62 164 5
a 63 498 6
a 64 166 4
a 64 191 6
a 65 99 1
a 65 107 10
a 65 110 8
a 65 127 5
a 65 194 10
a 65 210 4
a 66 185 7
a 66 292 5
a 67 180 10
a 68 225 2
a 68 365 1
a 69 237 1
a 70 359 2
a 71 31 10
a 71 348 8
a 72 472 4
a 73 20 6
a 73 154 5
a 74 262 2
a 74 380 5
a 75 243 8
a 76 340 4
a 76 383 2
a 77 32 8
a 77 118 3
a 78 287 3
a 78 416 6
a 79 18 7
a 79 68 6
a 80 141 7
a 81 156 7
a 81 452 5
a 82 432 5
a 83 355 6
a 84 245 1
a 84 272 6
a 85 219 5
a 86 205 4
a 87 259 9
a 88 249 5
a 89 108 9
a 89 251 7
a 89 331 7
a 90 100 6
a 90 186 2
a 91 10 5
a 91 39 3
a 92 11 4
a 92 29 5
a 92 277 4
a 93 340 10
a 93 392 3
a 94 206 7
a 95 167 5
a 95 300 4
a 96 29 9
a 97 240 8
a 97 313 6
a 97 373 1
a 98 94 8
a 98 138 3
a 99 458 10
a 99 463 6
a 100 337 9
a 101 226 1
a 101 338 9
a 101 492 5
a 102 14 5
a 102 351 1
a 102 417 7
a 103 187 4
a 104 428 3
a 105 108 2
a 105 474 3
a 106 388 4
a 107 132 1
a 107 155 9
a 107 232 8
a 107 315 4
a 108 292 3
a 108 307 7
a 109 175 4
a 109 330 1
a 110 177 9
a 110 322 5
a 111 40 6
a 111 48 9
a 111 445 2
a 112 365 10
a 112 430 10
a 113 201 6
a 114 285 5
a 114 386 7
a 115 292 3
a 116 251 10
a 116 285 3
a 116 368 2
a 117 15 1
a 117 422 2
a 117 500 4
a 118 86 7
a 118 271 7
a 119 272 1
a 119 491 5
a 120 51 5
a 120 60 5
a 120 312 3
a 121 180 3
a 122 62 5
a 122 217 2
a 123 178 5
a 123 340 7
a 123 382 10
a 124 176 10
a 125 209 7
a 126 472 6
a 127 251 5
a 127 438 2
a 128 355 2
a 128 365 9
a 129 366 8
a 129 421 1
a 130 65 8
a 130 97 1
a 130 316 8
a 130 317 8
a 131 389 10
a 131 398 4
a 132 200 5
a 132 313 1
a 133 122 5
a 133 289 5
a 133 324 8
a 133 381 1
a 134 183 1
a 135 109 10
a 135 329 4
a 135 438 5
a 136 59 4
a 137 146 3
a 137 173 3
a 138 71 9
a 139 52 5
a 139 205 6
a 140 153 8
a 141 16 3
a 141 124 6
a 142 37 10
a 143 132 10
a 144 55 9
a 145 345 4
a 146 443 9
a 147 29 1
a 147 198 4
a 148 6 1
a 148 312 10
a 149 292 5
a 150 271 9
a 150 484 10
a 151 166 3
a 152 388 5
a 153 252 7
a 154 124 7
a 155 20 9
a 155 468 3
a 156 368 2
a 156 377 7
a 157 69 10
a 157 209 10
a 157 305 4
a 158 26 1
a 158 267 3
a 159 104 6
a 159 148 7
a 160 374 7
a 161 343 6
a 162 190 9
a 163 57 3
a 164 325 3
a 164 343 6
a 164 360 1
a 164 392 10
a 164 465 10
a 165 302 2
a 166 154 10
a 167 4 5
a 167 35 6
a 167 129 5
a 167 179 1
a 168 21 4
a 168 189 10
a 168 234 4
a 168 500 3
a 169 402 7
a 170 232 7
a 170 453 7
a 171 141 1
a 171 216 7
a 171 361 5
a 171 388 7
a 172 260 4
a 172 376 3
a 172 393 9
a 172 500 6
a 173 4 8
a 173 261 5
a 173 333 7
a 173 463 5
a 174 206 5
a 174 476 2
a 175 396 5
a 176 218 9
a 176 349 10
a 177 271 1
a 177 339 9
a 177 396 1
a 177 477 5
a 178 102 8
a 179 453 10
a 180 156 3
a 180 283 2
a 180 488 6
a 181 114 7
a 181 201 9
a 181 345 3
a 182 25 9
a 182 128 8
a 183 126 10
a 183 258 8
a 183 404 6
a 184 92 10
a 185 214 9
a 185 276 6
a 186 2 3
a 186 208 7
a 186 229 6
a 187 100 2
a 188 61 9
a 188 92 5
a 188 481 3
a 189 115 5
a 189 380 6
a 189 497 10
a 190 77 5
a 191 124 3
a 191 442 5
a 192 90 2
a 192 478 10
a 193 175 10
a 193 227 4
a 194 156 2
a 195 109 6
a 195 149 3
a 195 353 9
a 196 30 9
a 196 48 4
a 196 232 1
a 196 358 7
a 196 428 6
a 196 447 9
a 197 173 3
a 198 478 5
a 199 42 8
a 199 207 9
a 200 178 10
a 200 465 9
a 201 259 5
a 202 58 6
a 202 460 3
a 203 497 1
a 204 364 6
a 204 473 7
a 205 449 10
a 206 17 4
a 206 448 4
a 207 51 10
a 207 405 9
a 208 166 3
a 209 52 9
a 209 137 6
a 210 168 9
a 210 220 2
a 211 220 1
a 212 45 9
a 212 392 10
a 213 257 6
a 214 151 10
a 214 346 6
a 215 76 6
a 216 407 9
a 217 80 3
a 217 259 5
a 218 448 5
a 219 271 10
a 219 327 5
a 220 103 4
a 220 371 1
a 220 482 1
a 221 330 8
a 222 127 3
a 223 147 10
a 223 279 7
a 224 18 1
a 224 20 5
a 224 424 10
a 225 323 1
a 225 461 8
a 226 172 6
a 226 221 7
a 227 229 3
a 227 248 3
a 228 241 5
a 229 316 10
a 230 355 5
a 231 379 8
a 231 402 8
a 232 212 4
a 232 279 6
a 232 282 9
a 233 83 2
a 233 152 1
a 233 219 4
a 234 120 6
a 234 450 10
a 235 2 9
a 235 116 9
a 235 140 4
a 236 345 2
a 237 325 1
a 238 351 8
a 239 272 5
a 239 287 3
a 240 265 9
a 240 426 6
a 241 32 10
a 241 41 6
a 241 427 1
a 242 154 4
a 242 213 2
a 242 354 3
a 243 127 5
a 244 273 6
a 244 413 2
a 244 468 8
a 245 208 9
a 246 17 10
a 246 293 3
a 247 37 7
a 247 117 2
a 247 390 7
a 248 105 1
a 248 267 7
a 248 440 4
a 249 437 1
a 250 195 5
a 250 411 1
a 250 423 5
a 251 232 5
a 252 33 1
a 252 337 10
a 252 390 4
a 253 100 10
a 253 432 3
a 253 437 9
a 254 209 8
a 255 311 8
a 255 362 10
a 255 390 7
a 256 45 6
a 256 494 6
a 257 430 9
a 258 453 8
a 259 309 2
a 259 449 10
a 259 500 2
a 260 212 2
a 260 457 8
a 261 152 9
a 261 189 2
a 261 307 6
a 261 490 8
a 262 295 1
a 263 54 9
a 263 95 7
a 264 436 5
a 265 39 7
a 265 174 9
a 265 299 4
a 266 456 5
a 267 11 5
a 268 36 5
a 269 101 5
a 269 481 4
a 270 491 4
a 271 158 8
a 271 302 5
a 271 497 2
a 272 59 8
a 272 488 8
a 272 493 8
a 273 8 8
a 273 378 1
a 274 77 3
a 274 196 9
a 275 324 2
a 275 369 2
a 275 487 6
a 276 13 1
a 276 160 7
a 276 375 4
a 277 82 7
a 278 27 8
a 278 63 7
a 278 139 7
a 278 306 1
a 279 335 3
a 279 429 1
a 280 467 3
a 281 23 1
a 282 77 4
a 282 196 6
a 283 34 7
a 283 54 10
a 283 224 5
a 283 394 7
a 284 266 5
a 285 411 5
a 286 254 10
a 286 398 7
a 287 110 6
a 288 28 6
a 288 385 2
a 289 422 9
a 290 98 4
a 290 133 1
a 290 299 3
a 290 321 8
a 291 84 7
a 291 255 10
a 292 333 5
a 292 460 1
a 293 35 3
a 294 133 9
a 294 154 4
a 294 496 1
a 295 152 5
a 295 412 6
a 296 276 10
a 297 228 7
a 297 303 2
a 298 148 10
a 298 436 1
a 299 19 6
a 299 401 3
a 299 461 8
a 300 198 1
a 300 466 2
a 301 253 10
a 302 34 3
a 303 103 3
a 303 165 8
a 303 407 9
a 304 229 6
a 304 286 7
a 305 169 8
a 305 431 1
a 306 402 10
a 307 391 9
a 308 24 7
a 308 394 10
a 308 396 1
a 309 175 7
a 310 166 6
a 311 158 2
a 312 68 4
a 312 233 3
a 312 275 3
a 312 301 6
a 312 347 8
a 313 473 9
a 314 81 6
a 315 142 8
a 316 41 3
a 316 425 10
a 317 121 7
a 317 470 2
a 318 284 6
a 318 398 5
a 318 499 10
a 319 363 2
a 319 460 5
a 320 33 1
a 320 75 4
a 320 243 3
a 321 269 8
a 321 372 10
a 321 391 8
a 321 495 4
a 322 182 2
a 322 231 10
a 322 266 3
a 323 82 10
a 323 312 6
a 323 429 10
a 324 69 6
a 325 446 3
a 326 316 4
a 326 427 3
a 327 9 7
a 327 127 4
a 328 71 8
a 328 294 2
a 328 333 6
a 328 411 4
a 329 412 7
a 330 78 6
a 330 148 5
a 330 230 2
a 330 356 6
a 331 274 10
a 332 80 10
a 332 153 1
a 333 7 8
a 333 465 6
a 334 25 7
a 335 149 3
a 336 71 10
a 336 464 7
a 337 50 1
a 337 90 7
a 337 181 10
a 337 253 2
a 337 267 10
a 338 385 6
a 339 83 4
a 339 106 2
a 339 306 9
a 340 44 7
a 340 170 3
a 340 278 9
a 340 387 4
a 341 134 10
a 341 320 9
a 341 373 6
a 341 409 4
a 341 479 10
a 342 211 10
a 342 324 1
a 343 81 8
a 344 7 6
a 344 471 1
a 345 156 3
a 345 297 2
a 346 367 3
a 347 55 8
a 347 67 7
a 348 409 9
a 349 209 5
a 349 250 1
a 349 258 3
a 350 182 1
a 351 81 4
a 351 260 5
a 351 475 5
a 352 79 9
a 352 149 7
a 353 50 8
a 354 414 3
a 354 434 10
a 355 307 3
a 356 255 5
a 356 376 10
a 356 443 7
a 357 448 10
a 358 353 10
a 358 433 6
a 359 137 3
a 359 183 9
a 360 46 10
a 360 456 3
a 361 266 5
a 361 316 10
a 362 172 1
a 362 441 9
a 363 91 9
a 363 254 9
a 363 418 6
a 364 397 9
a 365 76 10
a 366 90 2
a 366 359 7
a 367 227 9
a 367 240 7
a 367 451 5
a 368 53 5
a 368 432 3
a 369 138 10
a 369 197 1
a 370 165 2
a 370 475 5
a 370 489 5
a 371 332 10
a 371 408 8
a 371 449 8
a 372 473 1
a 373 30 9
a 373 228 8
a 373 319 9
a 374 179 3
a 374 242 10
a 374 426 5
a 375 498 9
a 376 296 2
a 377 275 2
a 377 334 8
a 378 191 3
a 378 277 1
a 378 351 7
a 378 391 6
a 378 405 9
a 379 43 3
a 379 73 3
a 379 456 3
a 380 75 3
a 380 88 7
a 380 274 8
a 381 148 10
a 381 202 8
a 381 306 8
a 381 400 9
a 381 458 10
a 382 70 8
a 382 87 10
a 383 26 6
a 383 142 7
a 384 253 3
a 385 26 5
a 385 36 9
a 386 64 3
a 386 353 3
a 386 462 10
a 387 156 5
a 387 228 4
a 388 157 9
a 389 272 3
a 390 167 4
a 390 320 8
a 391 267 6
a 392 341 1
a 392 418 4
a 393 22 4
a 393 160 1
a 393 308 9
a 394 303 4
a 395 70 9
a 395 203 1
a 396 59 1
a 396 397 4
a 397 424 8
a 398 270 10
a 398 276 5
a 399 295 3
a 400 18 9
a 400 73 2
a 401 125 2
a 401 439 5
a 402 86 6
a 403 69 4
a 404 425 1
a 404 470 1
a 405 63 9
a 405 120 7
a 405 423 8
a 406 245 9
a 406 328 10
a 407 284 4
a 408 339 4
a 408 399 7
a 408 431 9
a 409 81 9
a 409 136 6
a 410 135 10
a 410 195 1
a 410 420 3
a 411 498 2
a 412 35 3
a 413 145 5
a 413 166 7
a 414 96 6
a 414 216 6
a 414 268 5
a 415 461 5
a 416 57 2
a 416 109 4
a 417 49 8
a 417 114 8
a 417 247 4
a 418 255 4
a 419 203 3
a 420 87 1
a 421 87 6
a 421 378 4
a 422 240 4
a 423 174 3
a 423 310 8
a 424 252 5
a 425 34 2
a 425 76 1
a 425 344 10
a 426 373 8
a 426 442 2
a 427 3 9
a 427 322 7
a 428 35 1
a 428 75 9
a 428 93 10
a 429 387 8
a 429 478 3
a 430 161 5
a 430 251 9
a 431 142 2
a 431 339 7
a 432 219 6
a 433 89 6
a 433 94 7
a 433 131 7
a 433 217 7
a 434 392 9
a 434 414 5
a 435 149 10
a 435 485 10
a 436 159 6
a 436 370 10
a 436 438 7
a 436 452 5
a 437 191 9
a 437 350 3
a 437 446 2
a 438 102 10
a 438 150 2
a 438 241 8
a 438 379 2
a 439 339 9
a 440 51 2
a 440 245 10
a 440 364 3
a 441 204 6
a 441 374 6
a 441 488 6
a 442 127 4
a 442 284 3
a 442 363 7
a 443 229 5
a 444 113 10
a 444 209 9
a 444 388 10
a 445 222 3
a 445 246 8
a 445 486 6
a 446 225 1
a 447 208 5
a 447 336 2
a 448 184 7
a 448 446 4
a 449 23 9
a 449 237 2
a 449 367 10
a 450 82 6
a 451 361 6
a 452 361 9
a 452 385 3
a 452 492 10
a 453 435 2
a 454 125 8
a 454 237 2
a 455 191 4
a 456 187 8
a 456 205 1
a 456 393 7
a 457 63 4
a 458 444 10
a 458 454 8
a 459 224 8
a 459 249 6
a 460 40 8
a 461 205 10
a 461 219 9
a 462 222 1
a 462 244 10
a 463 246 9
a 463 366 7
a 464 493 3
a 465 485 2
a 466 123 7
a 466 188 3
a 466 238 1
a 466 331 9
a 467 146 6
a 467 354 6
a 468 199 9
a 468 207 5
a 468 349 10
a 469 153 8
a 469 369 5
a 469 467 1
a 470 257 1
a 470 398 4
a 471 130 9
a 471 457 2
a 471 489 1
a 472 273 1
a 472 348 10
a 473 445 4
a 474 470 4
a 475 112 2
a 476 206 3
a 476 451 3
a 477 318 6
a 477 392 5
a 477 466 9
a 478 69 9
a 478 109 3
a 479 67 8
a 480 235 1
a 480 385 1
a 480 483 9
a 481 61 3
a 481 314 4
a 482 88 3
a 482 270 2
a 483 144 2
a 483 207 4
a 483 353 6
a 483 455 10
a 484 191 6
a 485 151 5
a 485 479 6
a 486 22 10
a 486 163 3
a 486 172 10
a 486 239 4
a 487 489 8
a 488 220 10
a 488 380 4
a 489 159 4
a 489 236 6
a 490 58 2
a 490 193 4
a 490 454 9
a 491 3 4
a 491 438 7
a 492 18 9
a 493 119 4
a 493 160 1
a 494 20 3
a 495 70 3
a 495 197 6
a 496 137 10
a 496 223 4
a 497 19 9
a 497 350 8
a 498 118 8
a 498 262 6
a 499 222 2
a 499 304 10
a 499 454 4
