p max 500 1000
n 1 s
n 500 t
a 1 190 7
a 2 283 5
a 2 409 9
a 3 311 4
a 3 421 1
a 4 14 10
a 5 366 10
a 5 415 3
a 6 277 7
a 6 300 3
a 6 326 7
a 7 5 1
a 7 121 3
a 8 47 6
a 8 211 10
a 9 393 7
a 10 386 7
a 11 35 3
a 11 270 8
a 11 274 3
a 11 308 2
a 12 259 2
a 13 33 9
a 13 105 9
a 13 233 7
a 13 403 10
a 14 183 5
a 14 402 7
a 15 404 8
a 15 417 4
a 16 139 4
a 16 232 6
a 17 63 6
a 17 159 3
a 18 277 10
a 19 101 4
a 20 255 7
a 20 430 9
a 21 294 8
a 21 418 2
a 22 363 9
a 22 486 4
a 23 114 4
a 24 319 7
a 24 331 1
a 25 16 1
a 25 176 1
a 25 247 2
a 25 499 6
a 26 52 6
a 27 106 1
a 27 226 2
a 28 2 9
a 28 132 2
a 28 358 6
a 28 434 5
a 28 461 7
a 29 83 4
a 30 146 8
a 30 234 8
a 30 286 4
a 31 259 4
a 32 77 1
a 32 446 1
a 33 167 2
a 33 371 7
a 33 498 3
a 34 149 1
a 35 55 7
a 35 331 5
a 35 391 8
a 36 207 8
a 36 385 4
a 37 374 10
a 37 489 6
a 38 56 3
a 39 141 2
a 39 220 5
a 40 43 4
a 40 392 8
a 40 477 9
a 41 106 8
a 42 65 9
a 42 142 8
a 43 345 7
a 44 433 2
a 45 472 5
a 46 385 9
a 47 48 2
a 47 388 3
a 47 437 9
a 48 42 6
a 48 155 2
a 49 314 7
a 49 321 10
a 49 416 6
a 49 493 8
a 50 67 4
a 50 196 10
a 51 17 7
a 51 481 8
a 52 217 9
a 53 128 8
a 53 423 7
a 53 429 5
a 53 442 2
a 54 107 4
a 54 419 6
a 55 29 10
a 56 121 8
a 56 141 1
a 56 424 1
a 57 54 8
a 57 216 5
a 57 335 1
a 58 86 3
a 58 256 1
a 58 272 9
a 59 57 4
a 60 59 8
a 60 176 4
a 60 410 9
a 61 187 2
a 61 490 9
a 62 48 3
a 62 424 1
a 62 496 1
a 63 248 1
a 63 361 10
a 64 154 7
a 65 320 10
a 66 320 4
a 67 371 10
a 68 427 6
a 69 140 5
a 69 336 6
a 69 369 6
a 70 265 10
a 71 429 4
a 72 15 7
a 72 49 10
a 73 70 7
a 73 290 8
a 73 399 1
a 74 170 1
a 74 193 7
a 75 284 6
a 75 422 3
a 76 42 3
a 76 466 1
a 77 291 1
a 78 310 9
a 78 337 3
a 79 94 7
a 79 266 2
a 80 73 3
a 81 155 5
a 81 162 1
a 81 199 2
a 82 108 8
a 82 433 2
a 82 479 9
a 83 175 5
a 84 147 5
a 85 149 5
a 85 279 10
a 86 50 9
a 86 80 9
a 86 264 7
a 87 217 3
a 87 271 9
a 87 421 4
a 88 224 1
a 88 229 6
a 88 395 10
a 89 26 2
a 89 262 8
a 90 226 8
a 90 328 10
a 91 200 3
a 91 286 7
a 91 359 1
a 91 373 3
a 91 378 4
a 92 37 2
a 92 109 8
a 93 81 1
a 93 419 4
a 93 491 3
a 94 69 9
a 94 259 4
a 94 385 7
a 95 174 10
a 96 28 1
a 96 120 6
a 97 64 1
a 97 140 3
a 98 71 6
a 98 297 7
a 99 185 2
a 99 250 10
a 99 327 3
a 100 307 1
a 101 222 10
a 101 471 6
a 102 46 7
a 102 67 7
a 102 189 1
a 102 315 5
a 102 402 10
a 102 460 5
a 103 489 4
a 104 216 3
a 105 323 7
a 106 261 6
a 106 346 2
a 106 419 4
a 107 273 2
a 107 393 8
a 108 36 3
a 108 366 8
a 108 454 1
a 109 65 8
a 109 309 1
a 110 152 10
a 110 260 10
a 111 119 1
a 111 131 10
a 111 366 7
a 112 62 6
a 112 184 9
a 112 370 2
a 113 453 5
a 114 22 2
a 114 209 7
a 115 221 8
a 115 295 6
a 115 386 8
a 116 171 5
a 116 258 1
a 117 263 6
a 118 66 8
a 118 272 7
a 118 367 1
a 119 245 5
a 119 297 8
a 120 81 5
a 121 283 7
a 121 469 6
a 122 5 8
a 123 66 7
a 123 117 6
a 123 151 7
a 124 172 2
a 124 192 3
a 124 269 2
a 125 195 8
a 125 250 9
a 126 265 8
a 127 51 7
a 127 329 7
a 127 400 6
a 128 40 6
a 128 133 6
a 128 177 9
a 128 282 4
a 128 425 2
a 129 345 1
a 129 399 6
a 130 298 3
a 130 353 6
a 131 487 9
a 132 225 9
a 132 351 5
a 133 49 8
a 134 60 8
a 134 302 1
a 134 398 6
a 134 436 10
a 135 101 4
a 135 241 2
a 135 249 8
a 135 309 1
a 136 145 7
a 137 111 5
a 137 286 9
a 137 291 4
a 138 24 2
a 138 488 5
a 139 318 4
a 139 484 4
a 140 210 9
a 140 231 3
a 140 296 8
a 141 68 4
a 141 456 3
a 142 59 10
a 143 132 8
a 144 29 2
a 144 159 6
a 144 219 9
a 144 375 7
a 145 112 8
a 145 144 8
a 145 188 5
a 145 208 2
a 145 228 9
a 146 429 10
a 146 435 8
a 147 379 7
a 148 239 2
a 149 32 4
a 149 52 2
a 149 123 2
a 150 323 4
a 151 114 1
a 151 394 6
a 152 253 5
a 153 44 1
a 153 264 9
a 153 322 7
a 154 101 9
a 154 318 10
a 155 294 2
a 156 85 5
a 156 150 8
a 157 42 5
a 158 311 7
a 159 174 9
a 159 352 5
a 160 298 4
a 161 100 7
a 161 155 10
a 162 374 9
a 163 111 4
a 163 250 2
a 164 430 4
a 164 455 10
a 165 190 10
a 165 287 5
a 166 40 5
a 167 370 1
a 168 230 4
a 168 372 8
a 169 11 9
a 169 397 7
a 169 478 2
a 170 216 4
a 171 92 6
a 171 274 7
a 172 155 1
a 173 287 5
a 173 339 9
a 174 235 3
a 174 433 3
a 175 6 8
a 175 125 4
a 175 148 2
a 176 209 7
a 177 281 3
a 178 41 9
a 178 110 8
a 178 190 6
a 178 368 4
a 179 411 7
a 180 102 2
a 181 478 3
a 182 213 7
a 183 48 7
a 183 96 3
a 183 204 5
a 184 338 1
a 184 365 4
a 185 2 3
a 185 379 7
a 185 397 2
a 186 187 5
a 186 443 1
a 187 32 2
a 187 258 7
a 187 415 6
a 188 205 6
a 188 403 7
a 189 30 9
a 189 336 7
a 190 153 8
a 191 78 7
a 191 239 7
a 192 303 6
a 192 466 6
a 193 231 10
a 193 257 5
a 194 460 5
a 195 7 4
a 195 266 5
a 195 279 9
a 195 498 7
a 196 53 4
a 196 263 2
a 196 432 5
a 197 247 3
a 197 450 8
a 198 52 3
a 198 124 3
a 198 223 3
a 199 20 8
a 199 106 7
a 199 166 5
a 200 115 3
a 200 480 9
a 201 385 9
a 202 150 8
a 203 377 1
a 203 457 5
a 204 276 4
a 205 246 5
a 206 71 2
a 207 163 5
a 207 458 8
a 207 475 7
a 208 356 4
a 209 166 9
a 210 76 7
a 210 328 3
a 211 385 3
a 212 9 4
a 212 224 7
a 212 267 2
a 212 354 5
a 213 378 8
a 214 93 1
a 214 260 9
a 214 313 4
a 215 377 6
a 216 232 1
a 216 431 4
a 217 3 6
a 217 369 5
a 218 5 7
a 218 13 7
a 218 103 3
a 218 165 6
a 219 118 5
a 219 157 2
a 219 218 1
a 220 25 7
a 220 335 2
a 221 460 6
a 222 478 6
a 223 169 2
a 223 201 7
a 223 212 2
a 223 255 4
a 224 422 1
a 225 83 10
a 225 269 1
a 226 479 4
a 227 249 4
a 228 59 6
a 229 45 3
a 229 422 10
a 230 490 2
a 231 444 8
a 232 307 10
a 232 331 10
a 233 76 2
a 233 462 9
a 233 472 2
a 234 194 10
a 234 477 3
a 235 12 10
a 235 210 1
a 235 215 9
a 236 17 2
a 236 498 5
a 237 90 1
a 237 254 10
a 238 310 8
a 238 355 3
a 239 38 2
a 239 138 5
a 239 197 1
a 239 483 9
a 240 356 9
a 240 401 10
a 240 422 4
a 241 439 5
a 242 142 7
a 242 223 7
a 242 500 9
a 243 281 1
a 244 206 3
a 244 265 5
a 245 154 5
a 245 179 6
a 245 343 2
a 246 209 9
a 246 389 4
a 247 111 5
a 248 111 2
a 248 414 4
a 249 281 10
a 249 472 10
a 250 324 4
a 251 8 10
a 252 61 6
a 252 154 2
a 252 326 5
a 253 36 9
a 254 96 5
a 254 312 5
a 255 313 10
a 256 134 5
a 256 419 2
a 256 464 1
a 257 53 7
a 257 98 2
a 257 136 1
a 258 159 5
a 258 474 3
a 259 227 10
a 260 88 10
a 260 207 9
a 261 294 10
a 261 383 7
a 261 482 1
a 262 104 1
a 262 164 1
a 262 277 5
a 262 299 10
a 262 340 7
a 263 158 7
a 264 457 8
a 265 412 6
a 266 136 3
a 267 391 5
a 268 130 8
a 268 132 2
a 268 172 10
a 269 389 3
a 269 402 9
a 270 293 8
a 271 455 1
a 272 390 5
a 273 102 4
a 273 168 5
a 273 387 7
a 273 457 9
a 274 132 6
a 275 81 8
a 275 334 4
a 276 367 10
a 277 286 9
a 278 219 8
a 278 264 6
a 278 404 1
a 279 137 8
a 279 173 8
a 280 67 5
a 280 73 2
a 280 441 5
a 281 147 5
a 281 458 5
a 282 85 6
a 282 316 2
a 283 216 9
a 283 317 10
a 283 341 3
a 284 319 7
a 285 143 4
a 285 436 9
a 286 317 7
a 287 160 6
a 287 189 7
a 288 469 6
a 289 103 2
a 289 426 4
a 290 374 10
a 291 202 4
a 292 145 7
a 292 272 1
a 293 396 3
a 294 26 8
a 294 361 10
a 295 253 1
a 295 321 4
a 296 297 2
a 296 304 1
a 297 144 5
a 297 354 2
a 298 194 3
a 298 410 5
a 298 413 7
a 298 439 6
a 298 472 10
a 299 224 7
a 300 382 4
a 300 387 3
a 301 9 1
a 301 17 3
a 301 143 8
a 301 364 7
a 301 386 9
a 302 156 8
a 302 492 1
a 303 78 2
a 303 122 6
a 303 126 1
a 303 180 7
a 303 236 8
a 304 89 9
a 304 102 2
a 304 230 10
a 304 305 9
a 305 152 7
a 305 242 9
a 305 289 10
a 305 432 3
a 306 414 2
a 306 470 6
a 307 77 5
a 307 246 10
a 307 280 3
a 307 453 8
a 307 477 2
a 308 2 6
a 308 87 6
a 308 158 2
a 309 473 6
a 310 157 4
a 310 299 7
a 310 494 6
a 311 129 7
a 311 269 9
a 311 398 9
a 312 8 10
a 313 37 10
a 313 394 6
a 313 487 7
a 314 451 7
a 314 455 2
a 315 431 6
a 316 34 6
a 316 135 8
a 317 18 5
a 317 210 6
a 318 114 8
a 319 6 8
a 319 199 2
a 319 445 4
a 320 442 7
a 321 339 9
a 321 440 10
a 322 60 4
a 322 203 3
a 323 243 5
a 324 34 2
a 324 76 6
a 324 252 4
a 324 444 6
a 325 39 3
a 325 90 3
a 326 62 5
a 326 239 9
a 326 284 8
a 327 184 5
a 328 486 1
a 329 297 4
a 329 361 10
a 330 238 2
a 330 499 7
a 331 106 5
a 332 17 4
a 332 129 10
a 332 306 5
a 333 117 4
a 334 173 5
a 334 330 1
a 334 369 5
a 335 477 3
a 336 138 6
a 336 294 2
a 336 449 8
a 337 353 10
a 337 355 7
a 338 14 6
a 338 336 5
a 339 270 7
a 340 10 3
a 340 245 4
a 341 192 4
a 342 11 7
a 342 265 8
a 343 21 3
a 344 82 10
a 345 275 2
a 346 102 7
a 346 202 5
a 347 23 10
a 347 305 6
a 347 383 3
a 347 465 10
a 348 35 3
a 348 75 6
a 348 233 3
a 349 400 8
a 350 58 2
a 350 240 3
a 350 428 8
a 350 473 2
a 351 352 8
a 352 142 1
a 352 287 10
a 352 325 1
a 352 385 4
a 352 404 8
a 353 319 3
a 354 74 8
a 355 24 1
a 355 379 6
a 356 56 1
a 356 267 10
a 357 425 7
a 358 82 2
a 358 122 9
a 359 186 2
a 359 197 4
a 359 316 10
a 360 97 4
a 360 155 1
a 360 193 8
a 361 72 8
a 362 442 8
a 363 4 10
a 363 8 10
a 363 292 3
a 364 212 5
a 364 288 4
a 365 90 5
a 366 263 3
a 366 315 8
a 366 360 8
a 367 279 4
a 368 324 7
a 369 27 6
a 369 406 1
a 370 344 7
a 370 420 3
a 370 500 8
a 371 35 5
a 371 182 7
a 372 118 1
a 373 312 3
a 373 452 5
a 374 4 5
a 374 239 3
a 374 324 9
a 374 411 2
a 375 11 7
a 375 146 4
a 376 438 5
a 377 231 1
a 378 22 10
a 378 361 10
a 379 91 1
a 379 417 8
a 380 19 4
a 380 484 8
a 381 435 7
a 382 275 4
a 382 480 8
a 383 460 8
a 384 185 6
a 384 396 10
a 385 3 6
a 386 9 4
a 387 198 6
a 387 350 2
a 388 329 9
a 388 477 8
a 389 257 9
a 390 90 8
a 391 49 4
a 391 311 7
a 392 216 6
a 393 265 3
a 394 156 5
a 395 99 9
a 395 134 7
a 396 417 1
a 397 43 3
a 397 412 8
a 398 116 6
a 398 225 7
a 398 376 3
a 398 407 4
a 398 441 4
a 399 381 1
a 399 445 9
a 400 21 3
a 400 44 9
a 401 74 2
a 401 275 5
a 401 455 3
a 402 57 5
a 403 312 6
a 404 6 10
a 404 348 9
a 405 72 4
a 405 237 9
a 405 438 8
a 406 223 10
a 407 244 1
a 407 299 3
a 408 314 6
a 409 135 1
a 410 198 7
a 410 384 10
a 410 414 7
a 411 28 4
a 411 228 10
a 412 139 4
a 413 372 10
a 413 411 8
a 414 131 2
a 414 394 1
a 414 447 4
a 414 495 8
a 415 176 7
a 415 340 6
a 416 268 7
a 416 293 5
a 416 409 7
a 417 399 4
a 418 409 9
a 419 99 10
a 420 460 10
a 421 108 5
a 421 433 4
a 422 161 10
a 423 124 9
a 423 175 2
a 424 221 9
a 425 227 3
a 425 327 4
a 426 6 3
a 426 54 9
a 426 57 9
a 426 380 1
a 426 406 1
a 427 28 4
a 427 48 6
a 427 448 7
a 428 204 1
a 428 320 3
a 429 2 8
a 429 177 8
a 429 213 7
a 429 332 2
a 429 467 2
a 429 468 3
a 430 351 7
a 431 134 8
a 431 138 9
a 431 390 6
a 432 90 9
a 432 113 6
a 433 260 9
a 434 80 3
a 434 153 6
a 434 251 6
a 434 333 8
a 435 213 9
a 435 374 10
a 436 184 3
a 436 222 2
a 436 362 1
a 437 46 9
a 437 178 8
a 438 242 1
a 438 321 9
a 439 295 4
a 440 35 9
a 440 290 2
a 440 476 5
a 441 245 1
a 441 270 5
a 442 191 8
a 442 233 4
a 442 427 5
a 442 486 3
a 443 31 3
a 443 139 4
a 443 240 10
a 443 301 3
a 444 257 9
a 444 273 6
a 444 291 5
a 445 456 9
a 446 58 4
a 446 214 5
a 446 323 9
a 446 409 4
a 447 144 3
a 447 500 2
a 448 276 10
a 448 338 10
a 448 342 2
a 448 362 4
a 448 469 8
a 449 93 8
a 450 113 6
a 450 208 5
a 451 49 9
a 451 363 2
a 452 210 9
a 452 294 1
a 453 478 9
a 454 397 3
a 455 454 4
a 456 140 8
a 456 208 7
a 456 357 4
a 457 161 5
a 457 317 7
a 457 367 9
a 458 41 6
a 458 54 9
a 458 84 5
a 459 216 9
a 460 43 6
a 461 117 8
a 461 278 3
a 462 185 7
a 462 405 10
a 463 496 10
a 464 498 9
a 465 55 2
a 465 408 1
a 466 432 9
a 467 443 8
a 467 466 7
a 468 71 4
a 468 105 4
a 469 364 7
a 469 456 2
a 469 500 7
a 470 203 7
a 471 72 4
a 471 112 3
a 471 156 3
a 472 252 6
a 473 201 2
a 474 79 10
a 474 211 7
a 474 333 5
a 474 497 9
a 475 86 9
a 476 445 4
a 477 340 9
a 477 485 2
a 478 104 10
a 479 397 9
a 480 428 10
a 481 347 8
a 481 414 10
a 482 60 8
a 482 127 9
a 483 249 6
a 484 364 2
a 485 196 9
a 485 350 8
a 486 428 9
a 486 459 3
a 487 233 5
a 487 285 8
a 488 222 9
a 489 125 9
a 490 105 9
a 491 154 6
a 491 272 3
a 491 349 2
a 491 463 8
a 492 72 8
a 492 322 3
a 492 428 1
a 493 138 6
a 494 77 1
a 494 95 7
a 495 213 2
a 496 293 2
a 497 128 9
a 497 157 8
a 497 181 5
a 497 355 4
a 497 382 5
a 498 163 3
a 498 307 5
a 498 414 2
a 499 121 8
