p max 500 1000
n 1 s
n 500 t
a 1 458 1
a 2 30 2
a 3 91 7
a 3 445 9
a 4 165 5
a 5 432 3
a 5 454 8
a 5 483 10
a 5 498 2
a 6 421 7
a 6 471 6
a 7 187 4
a 7 436 7
a 7 498 8
a 8 44 2
a 8 73 10
a 8 423 5
a 9 48 5
a 9 408 6
a 10 70 4
a 11 431 1
a 11 450 2
a 11 477 10
a 12 382 4
a 13 160 4
a 13 238 10
a 14 283 2
a 14 329 4
a 15 136 7
a 16 378 10
a 17 101 8
a 17 199 6
a 17 215 7
a 17 455 5
a 18 27 1
a 18 243 5
a 18 397 10
a 19 233 9
a 19 453 7
a 20 100 5
a 20 132 1
a 21 76 5
a 22 95 1
a 22 431 1
a 23 190 8
a 23 427 2
a 24 277 8
a 25 67 2
a 25 123 5
a 25 254 4
a 25 288 4
a 26 418 5
a 26 494 7
a 27 231 3
a 28 13 8
a 28 69 8
a 29 121 8
a 29 447 7
a 30 431 8
a 31 28 7
a 31 48 2
a 31 78 7
a 32 115 4
a 32 134 7
a 32 365 10
a 33 198 10
a 33 223 5
a 33 313 5
a 34 185 3
a 35 150 7
a 35 373 8
a 35 384 1
a 36 12 5
a 37 120 7
a 37 443 4
a 38 109 5
a 38 273 2
a 39 21 9
a 39 163 8
a 39 226 2
a 39 262 6
a 40 388 10
a 40 471 7
a 41 349 10
a 41 394 6
a 41 420 8
a 42 343 10
a 43 338 2
a 44 253 10
a 45 308 8
a 46 35 7
a 46 38 7
a 46 127 2
a 47 355 3
a 47 375 5
a 48 194 5
a 48 198 1
a 48 461 4
a 49 131 6
a 50 107 7
a 50 321 4
a 50 435 6
a 51 174 4
a 52 242 9
a 53 147 6
a 53 161 3
a 53 165 2
a 54 58 1
a 54 185 9
a 55 20 8
a 55 172 7
a 55 213 5
a 56 89 10
a 56 205 6
a 56 368 5
a 57 146 9
a 57 228 10
a 57 399 3
a 58 189 7
a 58 448 10
a 58 475 4
a 59 113 3
a 59 227 3
a 60 331 3
a 60 405 4
a 61 238 5
a 61 304 4
a 62 182 6
a 62 317 6
a 62 433 8
a 63 201 9
a 64 370 9
a 65 129 3
a 66 77 8
a 67 46 6
a 67 465 3
a 68 130 6
a 69 99 3
a 69 153 9
a 69 467 7
a 70 80 3
a 70 265 10
a 70 334 2
a 71 75 6
a 71 389 1
a 71 392 7
a 72 10 2
a 72 456 9
a 73 63 3
a 73 174 8
a 73 460 8
a 73 491 2
a 74 187 5
a 75 94 9
a 75 231 1
a 75 314 1
a 75 485 8
a 76 3 6
a 76 281 10
a 76 311 8
a 77 434 4
a 78 463 10
a 78 478 3
a 79 12 2
a 79 268 4
a 79 337 10
a 80 228 5
a 81 383 6
a 82 196 8
a 82 278 9
a 82 438 1
a 83 287 7
a 83 362 10
a 84 72 4
a 84 115 3
a 84 213 3
a 85 100 10
a 85 462 3
a 85 500 5
a 86 4 7
a 87 303 5
a 88 232 8
a 89 190 5
a 89 256 8
a 90 100 7
a 90 341 5
a 90 439 9
a 91 109 1
a 91 242 3
a 92 30 5
a 92 185 2
a 92 331 1
a 93 59 7
a 93 323 2
a 94 335 2
a 94 465 7
a 95 261 5
a 95 280 2
a 95 309 4
a 96 245 9
a 96 432 4
a 97 69 6
a 97 93 5
a 97 189 3
a 97 224 3
a 98 205 3
a 98 356 8
a 99 70 1
a 99 114 4
a 99 239 6
a 100 22 8
a 100 160 8
a 100 292 10
a 101 160 2
a 102 247 1
a 103 42 10
a 104 194 4
a 105 66 8
a 105 467 2
a 105 499 7
a 106 209 10
a 107 83 7
a 107 122 1
a 107 137 7
a 107 371 8
a 108 479 6
a 109 87 4
a 110 17 9
a 110 97 5
a 111 342 8
a 112 186 10
a 112 276 6
a 112 320 7
a 113 277 7
a 114 125 4
a 114 376 10
a 115 41 3
a 116 154 3
a 116 323 5
a 117 213 5
a 118 173 4
a 118 237 7
a 118 479 6
a 119 379 4
a 120 39 5
a 120 45 8
a 120 347 4
a 121 348 9
a 121 388 6
a 122 380 5
a 123 458 10
a 124 281 2
a 124 314 6
a 125 136 9
a 125 416 8
a 126 36 8
a 127 444 10
a 128 27 6
a 128 395 5
a 129 241 9
a 130 248 5
a 131 345 1
a 132 152 8
a 132 184 7
a 133 251 10
a 134 241 5
a 134 255 3
a 135 197 10
a 135 226 6
a 136 382 9
a 137 150 5
a 137 160 1
a 137 458 4
a 138 221 8
a 138 320 2
a 138 371 1
a 139 486 2
a 139 496 4
a 140 377 7
a 141 7 7
a 141 70 4
a 142 55 2
a 143 77 9
a 143 135 6
a 143 204 4
a 143 319 2
a 143 324 8
a 144 273 6
a 145 207 8
a 146 263 9
a 146 444 10
a 147 164 6
a 147 402 1
a 147 415 7
a 147 490 3
a 148 10 8
a 148 374 8
a 149 125 1
a 149 232 2
a 150 378 7
a 150 487 10
a 151 213 4
a 151 229 2
a 152 41 9
a 152 67 7
a 153 29 5
a 153 66 3
a 154 228 5
a 155 135 10
a 155 301 8
a 155 351 8
a 156 308 4
a 157 38 9
a 157 354 5
a 158 217 1
a 159 47 3
a 159 451 2
a 160 282 7
a 161 62 1
a 161 208 7
a 161 221 10
a 162 235 2
a 162 377 2
a 162 433 7
a 163 162 10
a 163 191 9
a 163 354 9
a 164 12 7
a 164 198 9
a 165 234 9
a 166 444 10
a 167 97 9
a 168 100 7
a 168 334 6
a 169 268 5
a 169 471 9
a 170 32 10
a 170 141 2
a 170 382 2
a 171 220 2
a 171 322 5
a 172 126 5
a 173 73 6
a 173 329 4
a 174 33 7
a 174 430 10
a 175 107 10
a 176 432 2
a 177 243 4
a 178 54 5
a 178 246 5
a 178 409 8
a 179 244 5
a 180 487 3
a 181 26 3
a 181 101 8
a 182 138 8
a 182 469 4
a 183 17 7
a 184 63 3
a 185 87 7
a 185 338 8
a 186 230 2
a 186 245 5
a 186 400 3
a 187 27 7
a 187 145 4
a 187 147 7
a 187 291 1
a 187 381 1
a 188 86 3
a 189 370 4
a 190 50 8
a 190 277 2
a 191 23 4
a 191 410 2
a 191 487 1
a 192 144 9
a 192 223 5
a 193 7 8
a 193 339 3
a 193 422 9
a 194 221 9
a 195 56 9
a 195 167 8
a 195 476 2
a 196 89 1
a 197 230 8
a 198 367 7
a 199 88 1
a 199 103 9
a 199 486 4
a 200 232 5
a 201 225 7
a 202 141 5
a 203 104 10
a 203 254 4
a 203 257 7
a 204 44 9
a 205 100 2
a 206 242 4
a 206 348 2
a 207 16 1
a 207 320 5
a 207 345 3
a 207 444 9
a 207 468 6
a 208 164 2
a 208 264 8
a 208 475 8
a 209 179 5
a 209 385 5
a 209 398 2
a 210 192 3
a 210 344 7
a 211 127 3
a 212 9 6
a 212 97 1
a 212 129 9
a 212 460 10
a 213 34 2
a 213 179 8
a 213 300 4
a 214 8 3
a 214 49 6
a 215 332 4
a 215 451 6
a 216 49 9
a 217 387 9
a 217 455 1
a 218 344 4
a 219 394 1
a 219 484 9
a 219 488 3
a 220 24 8
a 220 130 3
a 220 483 7
a 221 333 6
a 222 126 10
a 222 287 6
a 222 314 2
a 223 35 1
a 223 150 6
a 223 290 2
a 224 36 10
a 224 82 10
a 224 107 7
a 224 163 2
a 224 415 9
a 225 176 3
a 225 219 6
a 225 472 6
a 226 142 8
a 227 238 2
a 227 498 6
a 228 102 2
a 228 342 4
a 229 345 4
a 230 270 10
a 230 274 4
a 230 421 2
a 230 457 6
a 231 190 8
a 232 32 7
a 232 477 7
a 233 49 9
a 234 104 8
a 234 249 5
a 234 255 2
a 235 77 10
a 236 98 1
a 236 174 4
a 237 252 8
a 237 429 4
a 237 466 1
a 238 309 7
a 238 413 5
a 238 497 8
a 239 168 6
a 239 248 1
a 239 337 8
a 239 406 5
a 240 90 5
a 240 422 6
a 241 91 4
a 241 178 8
a 241 375 6
a 242 108 1
a 242 316 2
a 242 427 4
a 243 125 4
a 244 205 8
a 245 300 1
a 245 450 6
a 246 120 7
a 246 171 2
a 246 296 3
a 246 306 9
a 246 339 5
a 246 481 9
a 247 82 9
a 248 123 9
a 248 185 3
a 249 8 1
a 249 318 10
a 250 24 3
a 250 128 4
a 251 428 5
a 252 180 7
a 252 235 5
a 252 495 2
a 253 128 10
a 254 118 8
a 255 74 9
a 255 282 6
a 256 169 8
a 256 238 10
a 256 317 4
a 257 112 8
a 257 263 4
a 258 92 5
a 258 285 6
a 258 469 10
a 258 500 10
a 259 111 10
a 259 472 7
a 260 211 8
a 260 352 5
a 261 204 5
a 261 303 4
a 262 46 2
a 262 445 7
a 263 144 10
a 264 96 7
a 265 11 5
a 265 53 5
a 265 260 8
a 265 266 8
a 266 16 8
a 267 367 6
a 267 419 7
a 268 342 8
a 269 118 7
a 269 251 10
a 269 364 3
a 269 442 6
a 269 464 4
a 270 25 4
a 271 64 7
a 271 260 9
a 271 459 5
a 272 85 4
a 272 379 6
a 273 34 8
a 273 466 5
a 274 447 9
a 275 372 2
a 275 457 3
a 276 188 10
a 276 464 10
a 277 270 4
a 277 350 3
a 278 425 4
a 279 269 9
a 279 366 5
a 279 404 5
a 280 96 4
a 281 289 1
a 281 371 6
a 282 98 9
a 283 256 8
a 283 346 9
a 284 91 10
a 284 428 2
a 285 207 1
a 285 275 3
a 285 312 2
a 285 363 10
a 286 30 6
a 286 106 1
a 287 77 2
a 287 304 2
a 288 307 8
a 288 424 9
a 289 155 6
a 290 275 6
a 290 337 4
a 290 359 1
a 291 19 4
a 292 148 3
a 292 181 7
a 292 370 3
a 293 283 10
a 293 411 1
a 293 414 5
a 294 89 5
a 295 370 4
a 296 110 1
a 296 269 10
a 297 96 8
a 297 357 6
a 298 290 6
a 299 252 4
a 300 426 4
a 301 294 10
a 301 430 2
a 302 120 8
a 303 64 7
a 303 103 4
a 304 170 10
a 304 190 5
a 305 73 7
a 305 222 3
a 305 323 7
a 305 350 2
a 306 38 1
a 307 155 7
a 307 243 8
a 307 449 2
a 308 147 5
a 308 233 1
a 309 422 10
a 310 498 5
a 311 14 9
a 311 294 8
a 312 100 4
a 312 203 5
a 312 451 5
a 313 48 1
a 313 483 10
a 314 188 9
a 315 18 9
a 315 264 1
a 315 325 6
a 316 105 10
a 316 220 3
a 317 340 3
a 317 463 9
a 318 467 1
a 319 49 1
a 319 225 7
a 319 464 3
a 320 29 5
a 321 156 2
a 321 334 8
a 322 363 6
a 323 19 6
a 323 107 8
a 324 206 8
a 324 261 5
a 325 86 8
a 326 285 4
a 327 61 3
a 327 194 8
a 328 20 6
a 328 416 8
a 329 57 6
a 329 152 10
a 329 360 4
a 329 370 8
a 329 460 8
a 330 110 10
a 331 247 10
a 331 482 8
a 332 315 10
a 333 61 4
a 334 33 8
a 334 444 5
a 335 52 3
a 335 109 4
a 335 250 10
a 336 418 9
a 337 2 3
a 337 270 8
a 338 423 1
a 339 300 1
a 339 399 5
a 340 353 10
a 340 377 3
a 340 417 6
a 341 286 9
a 341 403 7
a 341 427 5
a 342 179 4
a 342 391 9
a 343 227 5
a 343 321 6
a 344 148 6
a 345 53 4
a 345 177 5
a 345 326 9
a 346 90 3
a 347 420 5
a 348 88 9
a 349 49 7
a 350 57 9
a 351 236 5
a 351 298 7
a 351 367 6
a 351 393 3
a 352 68 10
a 352 343 6
a 352 429 9
a 352 474 5
a 353 327 9
a 353 345 9
a 354 214 1
a 354 294 9
a 355 400 2
a 355 411 6
a 356 193 6
a 356 415 1
a 357 480 1
a 357 497 2
a 358 19 6
a 358 240 7
a 358 470 10
a 358 487 3
a 359 6 7
a 359 131 3
a 360 262 1
a 361 103 3
a 361 269 7
a 362 401 3
a 362 449 2
a 363 142 5
a 363 218 2
a 363 256 8
a 363 298 1
a 364 37 7
a 364 155 8
a 364 201 2
a 364 308 2
a 364 310 7
a 365 9 10
a 366 173 10
a 366 466 10
a 367 436 6
a 368 36 3
a 368 110 8
a 369 250 6
a 369 392 6
a 370 297 4
a 370 393 6
a 370 477 8
a 371 43 2
a 371 354 7
a 371 383 8
a 372 153 2
a 373 176 3
a 373 407 2
a 374 139 4
a 374 423 4
a 375 71 3
a 376 159 7
a 376 175 9
a 376 418 4
a 377 295 9
a 377 312 5
a 378 83 2
a 378 305 5
a 379 159 8
a 379 293 10
a 380 137 7
a 381 211 9
a 381 231 3
a 381 375 10
a 381 450 3
a 382 429 9
a 383 117 9
a 384 73 5
a 384 91 9
a 384 133 5
a 385 37 8
a 386 30 8
a 387 170 8
a 388 165 9
a 388 338 7
a 389 166 8
a 390 125 6
a 390 394 4
a 391 100 8
a 391 209 9
a 391 412 10
a 392 243 8
a 392 452 4
a 393 5 8
a 393 52 6
a 394 105 10
a 394 196 1
a 394 492 4
a 395 15 2
a 395 181 10
a 396 143 8
a 396 200 9
a 396 466 8
a 397 117 4
a 398 15 8
a 398 71 6
a 399 222 10
a 400 251 1
a 400 278 1
a 400 340 5
a 401 188 3
a 402 177 3
a 403 40 1
a 403 45 1
a 404 153 9
a 404 302 1
a 404 422 6
a 405 85 2
a 405 141 9
a 406 288 10
a 406 434 2
a 407 119 9
a 407 452 5
a 408 4 5
a 408 40 7
a 408 386 7
a 409 60 8
a 409 195 8
a 409 271 9
a 410 259 10
a 410 340 5
a 411 61 2
a 411 101 10
a 412 77 9
a 412 426 10
a 413 84 6
a 413 142 6
a 413 284 7
a 414 17 8
a 415 292 1
a 415 294 1
a 416 81 7
a 416 445 9
a 417 145 3
a 418 4 3
a 418 174 5
a 418 412 5
a 419 68 6
a 420 13 6
a 421 275 6
a 422 42 2
a 422 321 6
a 422 493 3
a 423 180 9
a 423 205 6
a 423 318 6
a 424 42 9
a 424 165 9
a 424 192 3
a 424 279 4
a 425 13 3
a 425 390 8
a 426 340 7
a 427 86 7
a 427 124 1
a 428 76 8
a 428 210 4
a 428 482 3
a 429 54 5
a 429 166 8
a 429 167 3
a 429 212 8
a 429 453 2
a 430 158 8
a 430 183 9
a 430 469 6
a 431 5 2
a 432 246 9
a 432 469 2
a 433 466 8
a 434 324 7
a 434 336 8
a 435 315 6
a 436 173 6
a 436 234 3
a 437 370 2
a 438 358 8
a 438 456 7
a 439 17 1
a 439 489 7
a 440 217 4
a 440 250 5
a 440 420 2
a 441 101 2
a 442 349 4
a 443 140 5
a 443 206 3
a 443 244 4
a 444 286 3
a 444 299 5
a 444 315 4
a 445 162 6
a 446 192 7
a 447 295 5
a 447 437 3
a 448 252 5
a 448 254 5
a 448 258 3
a 449 285 9
a 450 86 7
a 451 99 8
a 451 267 8
a 452 37 7
a 452 116 6
a 452 202 5
a 453 131 5
a 453 462 1
a 454 472 1
a 455 31 1
a 455 68 4
a 455 277 9
a 455 440 1
a 456 117 1
a 456 473 4
a 457 500 5
a 458 177 9
a 458 216 6
a 458 441 8
a 459 215 7
a 459 469 2
a 460 149 10
a 460 272 1
a 460 392 8
a 461 94 5
a 461 369 10
a 462 149 1
a 463 69 8
a 463 295 2
a 463 380 8
a 464 4 3
a 464 396 4
a 465 116 9
a 465 254 1
a 465 282 5
a 465 307 1
a 465 330 5
a 466 25 2
a 467 253 7
a 467 441 9
a 468 123 5
a 469 328 6
a 469 425 9
a 469 474 2
a 470 197 4
a 470 500 10
a 471 60 2
a 471 134 5
a 472 57 10
a 472 124 6
a 472 333 4
a 472 361 7
a 473 165 4
a 473 330 1
a 474 319 1
a 475 61 7
a 476 25 10
a 476 499 10
a 477 55 5
a 477 446 2
a 478 209 8
a 479 121 1
a 479 209 2
a 480 51 4
a 480 186 3
a 481 42 7
a 482 213 7
a 482 309 10
a 483 151 1
a 484 89 2
a 485 128 9
a 486 136 7
a 486 444 3
a 487 115 5
a 487 157 10
a 488 229 7
a 489 148 4
a 489 456 6
a 490 55 5
a 490 65 1
a 490 370 9
a 491 37 10
a 492 75 10
a 493 151 8
a 493 246 2
a 494 19 5
a 494 219 4
a 495 79 6
a 495 102 1
a 495 241 5
a 496 7 8
a 496 38 8
a 496 494 2
a 497 412 2
a 498 121 6
a 498 247 5
a 499 35 5
a 499 96 7
