p max 500 1000
n 1 s
n 500 t
a 1 313 8
a 2 24 5
a 2 32 9
a 3 12 6
a 3 103 3
a 4 93 8
a 4 466 9
a 5 189 2
a 5 419 1
a 6 20 7
a 6 115 1
a 7 283 10
a 8 173 2
a 9 147 6
a 9 197 6
a 10 30 7
a 11 195 10
a 11 475 6
a 12 104 9
a 12 187 1
a 13 106 2
a 13 371 1
a 14 65 2
a 14 241 7
a 14 321 7
a 15 210 9
a 15 462 3
a 16 30 3
a 16 211 9
a 16 348 5
a 17 73 9
a 17 225 4
a 18 350 5
a 19 11 8
a 19 55 9
a 20 336 9
a 20 371 4
a 21 77 4
a 22 13 9
a 22 170 1
a 22 241 1
a 22 352 5
a 23 332 3
a 23 454 6
a 23 470 2
a 23 480 3
a 24 278 6
a 24 312 8
a 24 325 6
a 25 15 5
a 25 51 2
a 26 18 2
a 26 379 4
a 27 334 5
a 27 433 8
a 28 41 3
a 28 52 3
a 28 134 7
a 28 481 7
a 29 167 1
a 30 349 1
a 31 17 4
a 32 211 6
a 32 256 4
a 32 329 9
a 32 356 4
a 33 211 6
a 34 97 3
a 34 199 4
a 35 125 9
a 35 304 5
a 36 50 6
a 37 395 8
a 38 270 1
a 38 307 8
a 38 401 4
a 39 260 4
a 39 272 2
a 39 498 7
a 40 191 6
a 40 386 1
a 41 187 10
a 42 301 10
a 43 3 1
a 43 28 4
a 43 45 4
a 44 17 3
a 44 415 1
a 45 21 1
a 45 100 6
a 46 84 1
a 46 178 1
a 47 36 8
a 47 80 5
a 48 151 9
a 49 454 10
a 50 294 2
a 51 14 4
a 52 153 2
a 52 231 4
a 53 172 3
a 53 342 1
a 54 282 10
a 55 167 3
a 55 454 3
a 56 466 9
a 56 482 7
a 57 88 7
a 58 53 8
a 58 126 8
a 59 173 6
a 59 221 6
a 59 230 2
a 59 325 6
a 60 40 8
a 61 96 3
a 62 90 7
a 63 5 8
a 63 42 5
a 64 26 5
a 64 63 2
a 64 363 2
a 65 76 10
a 65 81 9
a 65 347 2
a 66 304 8
a 66 392 2
a 66 500 6
a 67 132 5
a 67 182 5
a 68 493 7
a 69 212 7
a 69 309 7
a 70 411 8
a 71 446 1
a 72 194 1
a 72 320 6
a 72 418 10
a 73 33 6
a 73 102 4
a 73 395 6
a 74 449 2
a 75 99 2
a 76 234 4
a 77 31 3
a 77 256 5
a 77 267 9
a 78 69 6
a 78 200 10
a 78 221 4
a 78 367 4
a 78 418 2
a 79 64 5
a 80 28 8
a 80 83 6
a 80 131 8
a 81 258 6
a 82 109 1
a 82 472 5
a 82 479 1
a 83 253 2
a 83 294 3
a 84 183 7
a 84 190 2
a 84 284 9
a 84 371 5
a 84 384 6
a 85 323 5
a 86 142 9
a 87 58 10
a 87 347 3
a 88 195 3
a 88 414 1
a 88 421 8
a 89 195 3
a 90 242 7
a 91 281 10
a 92 118 6
a 93 346 3
a 94 137 9
a 95 333 9
a 96 222 4
a 96 250 10
a 96 364 5
a 96 485 10
a 97 191 1
a 98 15 4
a 98 134 4
a 98 229 2
a 98 408 4
a 99 216 3
a 99 441 8
a 100 19 9
a 100 158 2
a 100 230 1
a 100 391 9
a 101 16 3
a 102 133 1
a 102 234 8
a 103 432 7
a 104 354 3
a 105 268 7
a 105 289 8
a 106 165 5
a 106 389 10
a 106 426 10
a 107 8 6
a 107 407 5
a 108 78 5
a 108 109 6
a 108 251 7
a 108 406 9
a 109 139 7
a 110 180 3
a 111 455 6
a 112 6 9
a 112 183 2
a 113 212 3
a 113 492 4
a 114 120 8
a 114 212 7
a 114 326 1
a 114 348 2
a 115 17 5
a 115 381 1
a 116 108 6
a 116 226 5
a 117 338 6
a 117 379 5
a 118 149 6
a 118 331 4
a 118 360 1
a 119 237 6
a 119 378 2
a 120 166 9
a 120 343 1
a 121 251 1
a 122 142 10
a 123 22 6
a 124 2 1
a 124 458 9
a 124 461 6
a 125 416 7
a 126 55 3
a 127 216 2
a 127 281 10
a 128 56 6
a 129 108 7
a 129 171 3
a 129 213 7
a 130 117 8
a 130 368 6
a 131 122 1
a 132 92 2
a 132 282 10
a 133 72 3
a 133 265 2
a 134 78 6
a 134 99 4
a 135 355 4
a 135 456 9
a 136 52 8
a 137 492 4
a 138 56 6
a 138 168 2
a 138 399 9
a 139 90 4
a 139 113 1
a 139 345 8
a 140 311 9
a 140 393 4
a 140 400 8
a 141 220 7
a 142 410 4
a 143 170 1
a 144 86 6
a 144 398 2
a 145 179 2
a 145 188 3
a 145 457 2
a 145 471 1
a 146 63 9
a 146 136 2
a 147 36 6
a 147 279 6
a 147 392 2
a 148 392 5
a 148 416 5
a 149 380 4
a 149 411 6
a 149 440 2
a 150 199 9
a 151 169 7
a 151 218 4
a 151 331 9
a 152 450 10
a 153 280 1
a 153 296 4
a 153 361 7
a 154 116 1
a 155 183 3
a 156 151 2
a 157 245 8
a 157 429 4
a 158 37 7
a 158 139 8
a 159 121 9
a 159 151 3
a 159 217 3
a 160 399 6
a 160 499 3
a 161 6 6
a 161 137 2
a 161 192 5
a 161 308 9
a 162 98 8
a 163 122 9
a 163 204 9
a 163 271 1
a 163 378 3
a 163 464 4
a 164 286 4
a 164 488 9
a 165 241 3
a 165 276 4
a 166 224 7
a 166 486 1
a 167 346 10
a 167 469 9
a 168 478 1
a 168 482 1
a 169 305 6
a 169 359 9
a 170 153 10
a 170 374 10
a 171 276 8
a 171 387 1
a 172 117 1
a 173 164 8
a 173 420 10
a 174 488 5
a 174 496 3
a 175 54 2
a 176 102 1
a 176 209 7
a 177 152 4
a 177 265 9
a 177 435 9
a 178 439 2
a 179 64 2
a 179 489 7
a 180 162 4
a 180 283 5
a 181 213 6
a 181 246 7
a 181 262 2
a 181 445 4
a 182 6 3
a 183 19 9
a 183 113 5
a 183 375 6
a 183 387 8
a 184 469 4
a 185 2 10
a 186 116 1
a 186 189 1
a 186 423 1
a 186 452 6
a 187 71 1
a 187 405 8
a 188 442 6
a 188 469 4
a 188 477 1
a 189 50 10
a 189 492 3
a 190 46 2
a 190 89 4
a 190 135 4
a 190 380 3
a 191 266 8
a 191 296 10
a 191 417 9
a 192 198 2
a 192 397 1
a 193 467 8
a 194 114 7
a 194 412 1
a 195 44 9
a 195 118 4
a 195 236 5
a 196 296 7
a 196 298 4
a 196 436 9
a 197 214 7
a 197 432 10
a 198 109 6
a 198 154 4
a 198 176 6
a 198 449 9
a 199 112 9
a 200 175 8
a 200 308 6
a 201 21 1
a 201 491 10
a 202 54 3
a 203 179 1
a 203 414 10
a 204 130 7
a 204 273 2
a 205 96 5
a 205 460 6
a 206 41 2
a 207 215 8
a 207 221 1
a 208 198 6
a 208 423 8
a 209 78 9
a 209 259 2
a 210 179 6
a 210 232 2
a 211 26 4
a 211 309 9
a 212 146 2
a 212 412 10
a 213 161 8
a 214 336 2
a 214 341 7
a 214 488 3
a 215 95 6
a 215 141 7
a 215 204 5
a 215 415 8
a 216 53 3
a 216 484 3
a 217 74 9
a 217 161 2
a 217 187 9
a 218 129 5
a 219 299 2
a 219 376 10
a 220 164 10
a 221 90 8
a 221 303 10
a 222 74 6
a 223 9 5
a 223 206 10
a 223 254 7
a 223 409 5
a 224 114 4
a 225 385 7
a 226 186 4
a 227 50 10
a 227 58 10
a 227 277 9
a 228 23 10
a 228 84 8
a 229 2 10
a 230 61 3
a 230 428 5
a 231 176 8
a 231 434 4
a 232 254 5
a 233 92 3
a 233 107 8
a 233 161 4
a 233 396 9
a 234 122 8
a 234 202 4
a 234 240 5
a 235 39 2
a 235 127 7
a 235 159 5
a 235 193 2
a 235 413 3
a 236 4 6
a 236 290 6
a 236 317 3
a 237 183 4
a 237 243 8
a 238 75 8
a 238 455 8
a 239 378 3
a 240 403 4
a 240 460 5
a 241 59 7
a 241 138 5
a 241 285 2
a 242 390 1
a 243 293 1
a 243 369 9
a 243 370 6
a 243 460 8
a 243 463 3
a 243 494 9
a 244 105 3
a 245 46 7
a 246 299 3
a 247 105 8
a 248 270 7
a 248 415 10
a 248 458 10
a 249 320 1
a 249 453 4
a 250 15 6
a 250 97 4
a 251 493 7
a 252 194 6
a 252 447 6
a 253 184 9
a 254 45 8
a 254 379 8
a 255 19 5
a 256 13 8
a 256 310 3
a 257 4 7
a 257 218 6
a 257 443 4
a 258 500 10
a 259 466 5
a 260 356 10
a 261 333 10
a 262 79 8
a 262 342 8
a 263 266 8
a 264 162 7
a 265 249 10
a 265 288 6
a 266 46 7
a 267 132 4
a 267 353 5
a 268 250 7
a 268 269 1
a 269 22 3
a 269 185 1
a 269 337 10
a 270 339 10
a 270 354 6
a 270 385 4
a 270 448 9
a 271 376 5
a 271 377 6
a 271 444 10
a 271 451 2
a 272 111 7
a 272 144 7
a 273 331 9
a 274 22 6
a 274 111 6
a 275 40 1
a 275 362 10
a 275 473 6
a 276 35 2
a 277 191 1
a 278 433 10
a 279 208 3
a 279 471 7
a 280 486 6
a 281 258 5
a 281 261 8
a 282 148 2
a 282 327 6
a 282 346 9
a 282 362 3
a 283 111 7
a 283 175 4
a 284 123 3
a 284 226 7
a 284 500 7
a 285 70 4
a 286 189 5
a 286 443 7
a 287 264 5
a 287 394 9
a 288 27 8
a 288 102 3
a 289 146 5
a 289 383 1
a 289 430 2
a 290 16 5
a 290 22 7
a 290 53 9
a 290 390 9
a 290 440 5
a 291 281 8
a 291 424 10
a 292 334 9
a 292 350 6
a 292 460 6
a 293 238 8
a 293 422 10
a 294 144 2
a 295 264 5
a 295 369 7
a 296 88 7
a 296 180 6
a 296 354 4
a 296 399 5
a 297 37 8
a 297 155 1
a 297 315 2
a 298 62 4
a 298 195 4
a 299 63 1
a 300 153 4
a 300 410 9
a 300 435 4
a 301 181 7
a 301 218 7
a 302 218 4
a 302 227 5
a 303 11 5
a 304 194 6
a 304 404 9
a 305 438 7
a 306 118 10
a 306 394 6
a 307 322 4
a 307 393 8
a 308 14 8
a 308 112 4
a 308 347 1
a 309 35 6
a 309 234 7
a 309 264 8
a 310 143 5
a 310 383 10
a 311 37 3
a 312 46 7
a 313 323 6
a 314 175 7
a 314 233 3
a 315 212 9
a 316 8 7
a 316 63 7
a 316 248 8
a 316 260 9
a 317 364 8
a 318 108 10
a 319 159 6
a 319 289 3
a 320 244 10
a 320 263 8
a 320 288 5
a 321 266 8
a 322 157 10
a 323 49 8
a 323 135 8
a 324 357 10
a 325 34 7
a 326 150 6
a 326 390 5
a 327 406 9
a 328 10 7
a 328 117 2
a 328 302 5
a 328 314 3
a 328 486 2
a 329 258 8
a 329 275 8
a 330 125 7
a 330 365 5
a 331 35 7
a 331 177 2
a 331 220 8
a 331 287 10
a 331 495 10
a 332 76 10
a 332 201 5
a 332 438 6
a 333 157 9
a 333 248 6
a 334 93 10
a 334 373 3
a 335 57 1
a 336 108 3
a 336 225 10
a 337 65 9
a 337 358 7
a 338 66 8
a 338 452 4
a 339 414 3
a 339 477 2
a 340 186 9
a 340 193 5
a 341 273 1
a 341 408 4
a 342 317 8
a 343 60 8
a 344 121 1
a 344 431 9
a 345 57 10
a 345 61 7
a 345 255 1
a 346 223 6
a 347 410 1
a 348 182 9
a 349 285 4
a 349 431 4
a 350 207 8
a 350 372 10
a 350 441 8
a 350 482 10
a 351 252 10
a 351 307 9
a 352 239 9
a 352 436 10
a 353 89 8
a 354 148 10
a 355 485 9
a 356 67 7
a 356 110 4
a 356 330 2
a 357 214 9
a 357 420 3
a 358 339 8
a 358 368 4
a 359 31 4
a 359 257 7
a 360 333 4
a 360 431 8
a 361 64 10
a 361 210 8
a 361 250 7
a 361 352 4
a 361 405 4
a 361 439 7
a 362 25 9
a 362 199 1
a 363 313 10
a 363 318 7
a 364 82 1
a 364 297 5
a 365 172 4
a 365 248 1
a 365 490 10
a 366 395 7
a 367 387 7
a 368 91 9
a 368 120 1
a 368 291 5
a 369 48 7
a 369 247 7
a 370 313 4
a 371 70 1
a 371 206 10
a 371 351 1
a 371 359 9
a 371 450 6
a 372 163 9
a 372 443 7
a 373 29 3
a 373 38 4
a 373 414 2
a 374 47 10
a 375 204 7
a 376 391 3
a 377 237 7
a 377 365 1
a 378 2 3
a 378 138 5
a 378 299 1
a 378 366 2
a 379 208 9
a 380 187 3
a 381 253 9
a 381 319 3
a 382 231 10
a 382 300 3
a 383 12 1
a 383 45 6
a 383 196 3
a 384 280 8
a 384 456 4
a 385 321 7
a 386 106 5
a 386 129 5
a 387 364 6
a 388 193 8
a 389 223 8
a 389 455 10
a 390 123 6
a 390 319 4
a 391 77 5
a 391 82 10
a 391 313 4
a 391 420 3
a 392 316 6
a 392 320 9
a 393 143 6
a 394 75 2
a 394 86 9
a 395 333 10
a 396 297 7
a 397 132 4
a 398 343 2
a 399 223 10
a 399 497 8
a 400 24 7
a 400 273 3
a 401 278 4
a 402 151 8
a 402 176 8
a 402 487 4
a 403 54 9
a 403 225 4
a 404 246 10
a 405 119 3
a 405 418 9
a 406 42 4
a 406 205 9
a 406 223 9
a 406 295 8
a 406 420 7
a 407 281 9
a 408 205 5
a 409 305 7
a 410 147 6
a 410 313 6
a 410 402 1
a 411 140 6
a 411 174 1
a 411 226 5
a 411 465 9
a 412 49 7
a 412 292 6
a 412 349 8
a 412 382 3
a 413 41 6
a 413 203 10
a 413 255 2
a 414 82 4
a 414 113 4
a 415 4 2
a 415 247 5
a 415 266 7
a 415 429 3
a 416 178 5
a 417 111 1
a 418 258 9
a 418 479 6
a 419 461 10
a 420 145 1
a 420 196 10
a 420 483 10
a 421 41 3
a 421 214 10
a 422 323 4
a 422 459 5
a 423 47 7
a 423 60 10
a 423 388 9
a 424 66 5
a 424 160 6
a 424 396 8
a 424 474 4
a 425 131 5
a 425 162 3
a 425 486 3
a 426 277 9
a 427 179 1
a 428 389 2
a 429 119 7
a 429 132 9
a 430 44 4
a 430 330 10
a 430 422 8
a 431 99 2
a 431 306 1
a 432 39 1
a 432 84 1
a 433 425 4
a 434 217 6
a 435 453 10
a 436 219 10
a 436 248 8
a 436 332 2
a 437 118 7
a 437 301 2
a 438 220 3
a 439 20 9
a 439 102 3
a 439 246 7
a 440 43 2
a 440 285 2
a 440 446 2
a 441 14 6
a 441 197 8
a 441 476 6
a 442 191 6
a 442 427 5
a 443 155 5
a 443 335 6
a 443 467 10
a 444 56 2
a 445 120 9
a 445 249 1
a 446 136 4
a 446 186 9
a 447 110 5
a 447 124 5
a 448 105 6
a 448 366 10
a 449 71 10
a 449 425 9
a 450 98 6
a 450 207 5
a 450 235 1
a 450 307 8
a 451 184 5
a 451 256 6
a 452 21 7
a 452 249 1
a 453 387 9
a 454 295 7
a 455 228 8
a 455 296 6
a 456 324 1
a 456 331 7
a 456 389 7
a 456 409 7
a 457 25 6
a 458 134 7
a 458 148 3
a 458 269 5
a 458 437 4
a 459 382 5
a 460 174 4
a 461 133 3
a 461 468 6
a 462 7 7
a 462 156 1
a 463 317 2
a 463 340 5
a 464 231 8
a 465 339 8
a 465 485 5
a 466 49 6
a 467 12 9
a 468 101 4
a 468 128 3
a 468 314 9
a 468 343 8
a 469 87 10
a 469 134 4
a 469 493 6
a 470 409 9
a 471 60 10
a 471 374 4
a 471 473 5
a 472 302 7
a 473 34 7
a 473 75 7
a 473 124 8
a 473 142 4
a 473 225 2
a 473 429 9
a 474 131 8
a 474 322 4
a 475 463 3
a 476 89 7
a 477 279 3
a 477 357 3
a 478 242 3
a 478 328 10
a 479 138 4
a 479 459 9
a 480 220 6
a 481 94 3
a 481 194 9
a 482 346 1
a 483 143 7
a 483 225 1
a 483 274 2
a 484 292 3
a 485 11 1
a 485 448 8
a 486 86 5
a 487 335 6
a 488 187 9
a 489 119 3
a 489 156 1
a 489 191 4
a 489 237 10
a 489 242 3
a 489 320 7
a 489 335 7
a 490 476 10
a 491 464 8
a 492 6 1
a 492 85 3
a 492 423 7
a 493 163 5
a 494 16 8
a 495 172 4
a 496 268 9
a 497 437 3
a 498 219 2
a 498 344 10
a 499 68 10
a 499 381 6
