p max 600 1200
n 1 s
n 600 t
a 1 350 9
a 1 485 1
a 2 179 1
a 3 112 3
a 3 370 5
a 3 515 2
a 4 35 2
a 5 573 2
a 5 576 2
a 6 183 2
a 6 546 7
a 7 145 4
a 7 440 6
a 8 296 2
a 8 376 6
a 8 465 6
a 9 248 3
a 9 488 7
a 10 61 2
a 11 349 1
a 11 513 2
a 12 164 10
a 12 221 6
a 12 444 6
a 13 91 10
a 13 257 1
a 14 170 3
a 14 347 3
a 14 503 7
a 15 234 3
a 16 542 4
a 17 250 1
a 17 421 5
a 18 150 6
a 18 152 9
a 19 65 3
a 19 346 9
a 19 521 1
a 20 16 2
a 20 268 3
a 21 237 2
a 22 174 4
a 22 276 5
a 22 321 2
a 22 384 3
a 23 5 6
a 23 41 10
a 23 381 6
a 24 67 10
a 24 554 6
a 25 24 1
a 26 9 2
a 26 600 8
a 27 345 10
a 27 599 8
a 28 23 7
a 28 51 5
a 29 47 9
a 29 214 8
a 30 79 1
a 30 375 2
a 31 407 9
a 31 519 7
a 32 439 7
a 33 78 7
a 33 138 6
a 34 582 3
a 35 167 6
a 35 302 6
a 36 32 2
a 36 589 10
a 37 504 9
a 38 333 9
a 38 436 7
a 39 82 8
a 39 494 4
a 40 48 9
a 40 558 3
a 40 578 9
a 41 88 1
a 41 236 10
a 41 254 1
a 41 326 9
a 42 124 4
a 42 155 5
a 43 56 8
a 43 152 8
a 43 517 5
a 44 237 10
a 45 239 6
a 46 252 9
a 46 326 5
a 47 307 2
a 47 366 4
a 48 108 1
a 48 341 7
a 48 374 6
a 49 259 6
a 50 68 2
a 50 533 2
a 51 376 7
a 52 26 10
a 52 139 5
a 52 424 8
a 53 17 9
a 54 207 2
a 54 212 3
a 55 46 4
a 55 375 8
a 56 526 10
a 57 443 8
a 58 264 2
a 58 585 7
a 59 233 3
a 59 365 5
a 60 142 8
a 60 267 6
a 61 77 1
a 61 383 3
a 62 46 7
a 62 113 8
a 62 144 4
a 62 253 8
a 62 541 8
a 63 33 7
a 63 100 4
a 64 324 8
a 64 332 4
a 64 343 6
a 64 471 1
a 65 30 5
a 65 109 2
a 66 160 3
a 66 520 7
a 67 174 9
a 68 125 6
a 69 506 8
a 69 575 8
a 70 173 5
a 70 462 7
a 71 228 2
a 72 497 1
a 73 76 7
a 73 363 9
a 73 408 6
a 74 261 6
a 74 402 9
a 74 438 8
a 75 214 1
a 75 296 2
a 76 585 1
a 77 91 7
a 78 407 7
a 78 593 6
a 79 244 4
a 79 435 6
a 80 235 4
a 81 110 8
a 81 159 9
a 82 12 10
a 83 48 7
a 83 256 6
a 84 401 9
a 85 259 8
a 85 352 5
a 85 402 4
a 86 238 10
a 86 459 9
a 87 80 1
a 88 79 10
a 88 213 2
a 88 409 6
a 89 146 9
a 90 28 5
a 90 537 10
a 91 116 10
a 91 586 8
a 92 96 2
a 92 249 2
a 93 104 3
a 93 272 1
a 93 287 2
a 94 49 7
a 95 126 7
a 95 517 7
a 96 290 9
a 96 294 6
a 96 478 4
a 96 479 8
a 97 225 10
a 98 95 6
a 98 305 9
a 99 75 10
a 99 109 9
a 99 417 4
a 99 536 10
a 100 511 3
a 100 587 1
a 101 552 8
a 102 141 9
a 102 209 4
a 102 262 9
a 102 436 8
a 102 505 1
a 103 9 8
a 103 153 2
a 104 528 2
a 104 570 6
a 105 287 1
a 105 439 10
a 106 190 9
a 106 277 4
a 107 279 10
a 108 245 6
a 108 374 1
a 109 32 1
a 109 403 9
a 109 405 9
a 109 477 2
a 109 547 2
a 110 8 10
a 110 38 2
a 110 456 9
a 110 527 9
a 111 341 10
a 111 380 7
a 112 18 10
a 112 550 4
a 113 397 5
a 114 284 3
a 114 432 1
a 114 504 5
a 115 521 6
a 116 451 4
a 116 551 1
a 116 567 1
a 117 522 1
a 118 195 10
a 118 329 2
a 118 490 3
a 119 152 8
a 119 313 3
a 120 18 10
a 120 548 1
a 121 107 4
a 121 225 10
a 122 126 9
a 123 201 10
a 124 524 5
a 124 571 1
a 125 119 2
a 125 301 7
a 126 500 8
a 126 524 4
a 127 84 2
a 127 298 5
a 128 281 10
a 129 188 9
a 129 255 4
a 129 429 3
a 129 453 3
a 130 60 5
a 130 145 9
a 130 476 1
a 131 394 7
a 132 156 9
a 132 454 5
a 133 186 10
a 133 592 10
a 134 7 5
a 135 228 3
a 136 112 9
a 136 595 5
a 137 227 4
a 137 491 7
a 137 524 6
a 137 565 8
a 138 123 2
a 138 185 10
a 138 214 10
a 138 272 7
a 138 338 6
a 138 431 2
a 138 576 7
a 139 396 3
a 139 467 3
a 140 363 8
a 140 466 7
a 140 560 6
a 141 288 1
a 141 335 1
a 142 45 8
a 142 328 4
a 142 437 3
a 142 448 6
a 143 210 2
a 143 426 5
a 144 125 8
a 144 138 10
a 145 251 9
a 145 328 7
a 145 480 3
a 146 148 1
a 146 266 3
a 147 13 1
a 148 233 8
a 148 401 9
a 149 419 4
a 149 464 1
a 150 104 10
a 150 163 6
a 150 299 4
a 151 545 5
a 152 44 3
a 153 394 5
a 154 232 5
a 155 422 9
a 156 96 6
a 157 416 5
a 158 162 7
a 158 418 1
a 159 556 1
a 160 50 6
a 160 112 9
a 161 71 5
a 161 459 3
a 162 545 8
a 163 463 8
a 163 522 3
a 164 239 9
a 164 489 3
a 164 544 3
a 165 199 8
a 165 299 10
a 166 550 5
a 167 437 3
a 168 502 2
a 169 572 5
a 170 35 3
a 170 225 2
a 170 341 3
a 171 24 8
a 172 11 7
a 172 65 8
a 172 582 3
a 173 231 9
a 173 273 10
a 174 321 6
a 174 495 2
a 174 554 3
a 175 141 8
a 175 492 8
a 176 478 7
a 177 78 7
a 177 230 6
a 177 526 5
a 178 360 7
a 179 304 1
a 179 308 4
a 180 312 9
a 181 37 6
a 182 20 10
a 182 58 10
a 182 450 4
a 183 563 7
a 184 482 5
a 185 397 2
a 186 207 2
a 186 410 5
a 187 283 10
a 188 459 6
a 188 508 10
a 189 131 6
a 189 168 3
a 190 441 9
a 190 516 3
a 191 84 2
a 191 310 3
a 191 525 1
a 192 228 7
a 192 346 10
a 193 154 4
a 193 456 3
a 194 71 7
a 194 172 6
a 195 97 7
a 195 133 7
a 195 265 10
a 195 460 2
a 196 306 6
a 196 373 3
a 196 389 10
a 196 440 10
a 197 23 9
a 197 223 2
a 197 406 2
a 198 305 7
a 199 28 8
a 199 115 1
a 200 456 2
a 200 553 4
a 201 17 9
a 201 50 9
a 201 165 3
a 202 413 1
a 203 186 2
a 204 119 8
a 205 372 4
a 206 73 3
a 206 86 1
a 206 177 10
a 207 397 7
a 208 113 5
a 209 312 1
a 209 568 8
a 210 55 5
a 210 411 4
a 211 412 9
a 212 265 6
a 212 562 10
a 213 22 6
a 213 39 1
a 213 232 6
a 213 540 6
a 214 57 1
a 214 393 4
a 214 477 8
a 215 205 3
a 216 141 5
a 216 175 8
a 217 334 8
a 218 92 1
a 219 58 10
a 219 133 8
a 219 210 6
a 220 378 1
a 220 382 1
a 220 518 7
a 221 86 4
a 221 309 5
a 221 365 9
a 222 16 9
a 222 157 7
a 222 286 3
a 223 201 7
a 223 318 5
a 224 158 1
a 224 314 7
a 224 353 8
a 225 5 1
a 225 96 7
a 225 538 2
a 225 584 5
a 226 104 1
a 226 322 1
a 226 452 1
a 226 493 3
a 227 43 5
a 227 406 8
a 228 256 3
a 228 289 2
a 229 168 7
a 229 256 2
a 230 25 8
a 231 240 5
a 232 257 4
a 232 358 8
a 233 64 9
a 233 99 1
a 234 262 10
a 234 331 7
a 234 379 6
a 235 305 2
a 236 90 1
a 236 482 1
a 237 246 7
a 238 132 4
a 239 271 1
a 239 472 6
a 240 105 4
a 241 24 9
a 241 25 1
a 241 185 8
a 242 49 9
a 242 442 4
a 243 36 1
a 243 73 3
a 244 239 2
a 244 475 9
a 245 128 3
a 245 195 9
a 245 329 6
a 246 245 9
a 246 352 2
a 247 280 9
a 247 435 7
a 248 400 7
a 249 555 7
a 250 467 6
a 250 557 9
a 251 87 9
a 251 135 4
a 251 219 2
a 252 308 9
a 253 269 9
a 253 518 2
a 254 361 5
a 255 112 1
a 255 124 10
a 256 37 1
a 256 293 9
a 256 555 5
a 257 7 7
a 257 300 9
a 257 347 2
a 257 390 6
a 257 416 2
a 258 159 9
a 258 261 7
a 259 432 1
a 260 126 9
a 261 260 3
a 262 354 7
a 263 257 3
a 263 355 10
a 264 27 6
a 264 332 6
a 264 530 10
a 265 237 2
a 265 574 6
a 266 248 1
a 266 372 7
a 267 211 3
a 267 319 1
a 267 433 3
a 267 469 7
a 268 94 10
a 268 301 1
a 268 473 6
a 269 160 10
a 270 149 4
a 270 281 10
a 271 377 10
a 271 580 5
a 272 582 3
a 273 236 8
a 273 600 8
a 274 95 9
a 275 274 1
a 275 532 1
a 276 581 9
a 277 294 9
a 277 397 4
a 278 45 10
a 278 218 1
a 278 458 4
a 279 224 8
a 279 457 9
a 280 144 9
a 280 291 6
a 281 364 1
a 282 296 7
a 282 578 7
a 283 66 9
a 283 408 4
a 284 54 4
a 285 166 4
a 285 306 5
a 286 215 9
a 287 156 8
a 287 379 3
a 287 525 5
a 288 152 5
a 289 189 4
a 290 142 9
a 291 411 8
a 291 413 5
a 291 497 8
a 292 41 10
a 293 339 6
a 293 494 5
a 294 361 9
a 295 358 3
a 296 120 4
a 297 190 4
a 297 402 6
a 298 216 6
a 298 523 1
a 299 275 4
a 299 444 5
a 299 469 8
a 300 180 3
a 300 229 4
a 300 335 10
a 301 366 7
a 301 380 9
a 302 178 10
a 302 447 9
a 303 412 2
a 303 596 4
a 304 120 3
a 305 62 2
a 305 239 10
a 305 275 1
a 305 389 6
a 306 377 5
a 306 581 4
a 307 390 4
a 308 33 9
a 308 569 8
a 309 10 6
a 310 55 1
a 311 200 8
a 311 400 2
a 311 479 3
a 311 591 9
a 312 448 3
a 313 168 10
a 314 87 1
a 315 54 5
a 315 389 7
a 315 532 8
a 316 17 10
a 316 33 8
a 316 64 10
a 316 147 10
a 317 479 3
a 318 145 1
a 318 474 6
a 319 274 1
a 319 449 6
a 320 138 5
a 320 208 5
a 321 233 4
a 322 142 1
a 322 285 10
a 322 507 10
a 323 353 8
a 324 440 4
a 325 134 8
a 325 322 6
a 325 434 9
a 325 497 5
a 326 321 9
a 326 513 1
a 327 136 5
a 327 590 1
a 328 119 5
a 329 44 10
a 329 270 9
a 329 585 3
a 330 381 10
a 330 421 8
a 331 9 2
a 332 19 2
a 332 217 10
a 333 121 1
a 333 339 7
a 334 52 2
a 334 367 5
a 335 77 1
a 335 98 9
a 336 242 10
a 337 212 7
a 338 426 5
a 339 584 8
a 340 425 5
a 341 148 9
a 341 158 6
a 341 549 3
a 342 306 4
a 343 104 2
a 343 566 8
a 344 465 4
a 345 28 9
a 346 103 1
a 346 422 8
a 346 565 5
a 347 169 4
a 347 233 6
a 348 238 3
a 349 274 6
a 349 599 3
a 350 40 1
a 350 130 9
a 350 246 1
a 350 267 10
a 351 109 4
a 352 107 5
a 352 129 10
a 353 63 7
a 353 308 2
a 353 327 2
a 354 151 7
a 354 317 6
a 355 118 3
a 355 140 10
a 355 181 8
a 355 452 8
a 356 273 4
a 356 594 6
a 357 177 3
a 357 243 5
a 358 176 7
a 358 280 2
a 358 292 4
a 358 599 4
a 359 83 10
a 359 283 9
a 359 389 10
a 360 132 6
a 360 284 6
a 360 463 5
a 361 513 3
a 362 220 4
a 362 492 2
a 362 509 3
a 363 62 10
a 363 455 9
a 363 506 9
a 364 325 9
a 365 173 5
a 365 423 6
a 366 105 6
a 366 268 7
a 367 179 8
a 368 68 5
a 368 93 9
a 368 187 10
a 368 206 7
a 369 386 2
a 369 399 1
a 370 28 5
a 370 170 6
a 370 193 9
a 371 374 3
a 371 419 4
a 372 125 6
a 372 161 2
a 372 312 5
a 372 351 3
a 372 395 10
a 373 146 3
a 373 218 7
a 374 99 2
a 374 192 7
a 374 428 5
a 374 467 10
a 374 502 10
a 375 33 3
a 375 483 7
a 375 528 7
a 375 535 4
a 376 352 1
a 377 314 1
a 378 65 10
a 378 360 1
a 379 69 3
a 379 576 9
a 380 238 2
a 381 41 7
a 381 399 4
a 381 510 5
a 382 155 3
a 383 188 8
a 384 23 6
a 385 311 1
a 385 541 6
a 386 281 10
a 386 306 7
a 386 404 1
a 387 418 3
a 388 476 7
a 389 415 1
a 389 512 9
a 390 320 2
a 390 330 5
a 390 420 5
a 390 571 5
a 391 303 8
a 391 470 4
a 392 470 1
a 393 21 6
a 393 235 5
a 393 427 8
a 393 478 9
a 393 536 5
a 394 97 3
a 394 109 7
a 395 198 9
a 395 385 5
a 396 177 2
a 396 414 6
a 396 577 8
a 397 372 2
a 398 300 10
a 399 585 4
a 400 484 10
a 400 587 6
a 401 344 7
a 401 421 8
a 401 563 9
a 402 166 6
a 403 412 10
a 403 429 10
a 404 191 2
a 404 196 4
a 405 142 5
a 405 388 1
a 406 130 9
a 407 549 10
a 408 226 8
a 408 273 1
a 408 425 2
a 409 44 9
a 409 53 1
a 409 547 2
a 410 230 9
a 410 339 6
a 411 202 5
a 411 368 8
a 412 171 9
a 412 194 7
a 412 544 5
a 413 351 8
a 414 10 6
a 414 546 3
a 415 408 8
a 415 425 9
a 416 351 4
a 416 390 4
a 416 470 7
a 416 595 1
a 417 61 4
a 417 445 8
a 418 336 3
a 418 553 2
a 419 55 3
a 419 106 3
a 419 531 9
a 420 211 10
a 420 499 9
a 421 61 9
a 421 117 5
a 421 242 7
a 421 556 6
a 422 21 2
a 422 356 9
a 423 116 1
a 424 532 8
a 425 405 9
a 425 451 8
a 426 14 8
a 427 557 1
a 428 586 9
a 429 279 3
a 429 317 3
a 429 410 8
a 429 428 8
a 429 498 9
a 430 556 1
a 431 563 8
a 432 11 4
a 432 366 4
a 433 502 9
a 433 587 4
a 434 241 5
a 434 323 6
a 434 471 6
a 434 597 10
a 435 217 8
a 435 226 6
a 435 590 3
a 436 369 7
a 436 461 2
a 437 507 5
a 438 473 8
a 439 160 10
a 439 343 10
a 439 394 3
a 439 442 8
a 440 184 6
a 441 495 3
a 442 494 10
a 443 139 9
a 443 506 9
a 444 114 8
a 444 203 6
a 444 273 1
a 445 232 2
a 446 273 4
a 447 210 4
a 447 443 4
a 447 579 1
a 448 4 4
a 449 142 7
a 449 586 3
a 450 193 4
a 451 85 5
a 451 178 4
a 452 362 8
a 452 442 6
a 453 72 8
a 453 111 4
a 453 153 7
a 454 342 9
a 454 564 5
a 455 183 3
a 455 268 9
a 456 42 10
a 456 340 4
a 457 285 5
a 458 110 7
a 458 222 2
a 459 559 7
a 460 135 9
a 460 282 3
a 460 319 10
a 461 229 8
a 462 102 9
a 462 162 4
a 462 369 7
a 462 377 4
a 462 392 9
a 463 454 4
a 464 174 5
a 464 196 8
a 465 264 5
a 465 335 2
a 466 154 3
a 466 321 1
a 467 258 10
a 467 545 8
a 468 128 5
a 468 348 4
a 469 339 3
a 470 42 9
a 470 102 7
a 470 266 4
a 470 437 5
a 471 557 10
a 472 120 6
a 472 424 2
a 473 31 5
a 474 63 10
a 474 504 10
a 475 100 4
a 476 34 10
a 476 251 6
a 477 80 4
a 477 92 4
a 478 136 6
a 478 587 6
a 479 70 6
a 479 101 9
a 479 463 8
a 480 187 5
a 480 472 9
a 481 59 5
a 481 564 10
a 482 31 9
a 482 90 6
a 482 167 1
a 483 405 10
a 484 316 5
a 484 321 6
a 484 534 2
a 485 127 7
a 486 47 7
a 486 357 4
a 487 583 1
a 488 27 5
a 488 248 2
a 488 337 2
a 489 43 10
a 489 590 1
a 490 160 5
a 491 217 4
a 492 45 1
a 492 77 5
a 492 543 5
a 493 14 2
a 493 415 7
a 493 599 10
a 494 48 10
a 494 215 4
a 494 487 8
a 495 416 4
a 495 442 7
a 496 189 3
a 496 204 2
a 496 417 5
a 497 258 8
a 497 509 4
a 498 7 5
a 498 29 10
a 498 293 10
a 498 472 9
a 499 506 6
a 500 35 10
a 500 88 6
a 501 159 3
a 501 190 8
a 502 286 3
a 503 446 5
a 503 462 6
a 504 36 4
a 504 199 5
a 505 3 8
a 505 338 5
a 505 572 3
a 506 107 1
a 506 588 7
a 507 313 5
a 508 13 5
a 508 443 2
a 509 586 9
a 510 197 9
a 510 407 1
a 511 2 10
a 511 275 6
a 512 312 4
a 513 231 2
a 514 76 8
a 514 334 8
a 514 486 6
a 515 334 5
a 516 137 5
a 516 143 5
a 517 364 7
a 517 457 4
a 518 12 10
a 518 91 7
a 518 541 5
a 518 574 3
a 519 263 1
a 519 516 8
a 520 43 1
a 520 154 5
a 520 313 2
a 521 532 8
a 522 246 3
a 523 91 7
a 524 127 4
a 524 179 9
a 524 542 6
a 524 586 5
a 525 377 4
a 525 387 8
a 526 174 10
a 526 561 6
a 526 565 1
a 527 496 1
a 528 301 8
a 528 359 3
a 528 457 10
a 528 496 8
a 529 122 2
a 529 437 3
a 530 31 8
a 530 344 6
a 530 501 6
a 530 544 7
a 531 265 4
a 532 178 5
a 532 453 1
a 532 598 8
a 533 135 7
a 533 247 4
a 533 368 7
a 534 177 3
a 534 220 2
a 534 430 8
a 534 481 3
a 535 80 1
a 535 162 1
a 535 426 2
a 536 150 2
a 537 352 3
a 538 99 7
a 538 173 9
a 539 88 3
a 540 130 8
a 540 297 5
a 541 107 7
a 542 6 2
a 542 51 2
a 542 234 6
a 542 325 1
a 543 334 3
a 544 397 8
a 545 95 10
a 545 486 4
a 546 264 8
a 547 137 6
a 547 205 1
a 547 528 7
a 548 583 10
a 548 596 6
a 549 11 4
a 550 14 5
a 551 201 6
a 551 210 8
a 552 97 6
a 552 385 8
a 553 80 8
a 554 251 6
a 554 552 2
a 555 507 9
a 556 371 10
a 557 315 8
a 557 539 2
a 558 265 8
a 558 293 4
a 559 161 6
a 559 295 1
a 559 355 8
a 560 307 10
a 561 19 6
a 561 267 9
a 561 378 10
a 561 516 5
a 562 242 9
a 562 398 1
a 563 395 6
a 564 101 9
a 564 189 10
a 564 391 8
a 565 153 7
a 566 4 2
a 566 403 9
a 567 154 8
a 567 529 8
a 568 238 5
a 569 74 6
a 569 184 3
a 569 322 6
a 570 27 9
a 570 485 5
a 571 278 8
a 571 485 1
a 571 565 2
a 572 371 1
a 572 539 4
a 572 547 10
a 573 463 6
a 573 593 8
a 574 510 8
a 575 120 3
a 575 240 10
a 576 164 5
a 576 186 1
a 577 500 1
a 578 182 9
a 578 260 9
a 578 559 10
a 579 220 3
a 580 22 8
a 580 280 1
a 580 524 7
a 581 263 5
a 581 361 4
a 582 199 3
a 583 88 9
a 584 216 4
a 584 404 2
a 585 10 9
a 585 59 3
a 585 111 8
a 585 352 8
a 585 463 1
a 586 127 8
a 587 322 8
a 587 453 2
a 587 468 1
a 588 116 10
a 589 94 6
a 589 377 5
a 589 451 3
a 590 67 2
a 590 89 9
a 590 122 4
a 591 15 10
a 591 393 6
a 591 577 6
a 592 451 1
a 592 514 4
a 593 213 3
a 594 61 8
a 594 581 3
a 595 195 6
a 595 508 3
a 595 548 2
a 596 29 3
a 597 260 7
a 597 354 5
a 597 409 5
a 598 81 5
a 598 223 4
a 599 451 7
