p max 600 1200
n 1 s
n 600 t
a 1 178 5
a 1 233 3
a 1 479 3
a 2 11 4
a 3 119 10
a 4 473 4
a 4 573 7
a 5 496 5
a 6 218 9
a 7 81 1
a 7 171 7
a 7 295 6
a 8 597 2
a 9 82 1
a 9 512 10
a 10 143 5
a 11 415 3
a 11 463 6
a 12 127 2
a 12 140 8
a 13 104 6
a 13 289 6
a 13 504 3
a 14 399 8
a 14 428 5
a 15 323 2
a 16 460 1
a 17 105 7
a 17 329 7
a 17 387 7
a 18 27 3
a 18 138 3
a 18 362 1
a 19 362 4
a 19 373 10
a 19 462 8
a 20 416 1
a 20 567 4
a 21 81 3
a 21 225 8
a 22 367 3
a 23 61 10
a 23 465 5
a 24 134 3
a 25 64 8
a 25 169 10
a 26 517 10
a 27 129 4
a 27 244 2
a 27 480 8
a 28 98 4
a 28 237 2
a 28 576 1
a 29 127 3
a 30 91 1
a 30 301 10
a 31 186 1
a 32 121 10
a 32 483 7
a 33 402 4
a 34 147 5
a 34 311 4
a 34 404 1
a 34 447 3
a 35 165 1
a 35 265 10
a 36 70 1
a 36 120 10
a 36 254 9
a 36 328 10
a 37 149 2
a 37 297 3
a 38 70 10
a 38 382 9
a 38 418 1
a 38 423 1
a 39 365 1
a 39 559 7
a 40 451 1
a 40 568 5
a 41 9 5
a 42 294 6
a 42 386 7
a 43 182 9
a 44 77 4
a 44 385 6
a 45 418 6
a 46 493 4
a 47 214 4
a 47 253 8
a 48 322 9
a 48 343 10
a 48 365 6
a 48 442 4
a 49 340 9
a 49 566 10
a 50 203 4
a 50 320 5
a 51 74 10
a 51 97 8
a 51 184 4
a 51 465 4
a 52 486 4
a 53 254 10
a 54 177 4
a 54 408 3
a 54 538 3
a 55 12 1
a 56 284 2
a 57 106 4
a 57 211 1
a 58 572 9
a 58 585 9
a 59 319 3
a 59 327 1
a 60 218 9
a 60 506 5
a 61 406 8
a 62 470 10
a 63 88 3
a 63 146 10
a 63 303 2
a 64 309 6
a 65 275 8
a 66 3 7
a 66 109 7
a 66 530 6
a 67 139 3
a 67 299 5
a 68 166 3
a 68 186 6
a 68 247 8
a 68 547 7
a 69 365 2
a 70 90 4
a 71 97 5
a 71 282 1
a 71 482 9
a 72 298 7
a 73 32 7
a 74 585 4
a 75 92 4
a 75 466 9
a 76 495 8
a 77 132 1
a 77 155 9
a 77 353 8
a 78 185 1
a 78 470 5
a 79 108 10
a 79 349 2
a 79 531 4
a 79 577 9
a 80 105 3
a 81 181 2
a 81 193 5
a 81 249 2
a 82 205 8
a 82 336 3
a 82 397 9
a 82 453 3
a 83 9 9
a 84 411 9
a 85 134 5
a 85 232 9
a 85 396 7
a 85 475 7
a 86 172 4
a 87 53 10
a 87 284 10
a 88 175 2
a 88 403 3
a 89 144 2
a 90 128 10
a 90 317 1
a 90 520 6
a 91 133 8
a 91 150 2
a 92 83 7
a 92 142 4
a 92 446 7
a 93 562 3
a 94 43 6
a 94 45 8
a 94 48 6
a 95 425 9
a 96 85 8
a 96 185 8
a 96 474 2
a 97 2 10
a 98 29 4
a 98 111 4
a 98 578 1
a 99 407 3
a 100 334 9
a 100 402 3
a 100 417 6
a 101 575 2
a 102 160 2
a 102 188 8
a 102 340 1
a 102 393 2
a 103 336 5
a 103 545 6
a 104 3 9
a 104 375 7
a 104 570 6
a 105 20 6
a 105 202 2
a 106 116 9
a 107 17 7
a 108 90 6
a 108 333 2
a 108 572 3
a 109 252 2
a 110 7 10
a 110 20 2
a 110 195 8
a 110 221 4
a 110 427 8
a 111 117 9
a 111 445 9
a 112 93 10
a 113 227 6
a 113 241 9
a 114 216 2
a 114 591 7
a 115 15 7
a 115 126 6
a 116 164 9
a 116 249 5
a 116 343 1
a 117 261 7
a 117 473 3
a 117 552 6
a 118 4 2
a 118 329 2
a 119 201 3
a 119 256 5
a 119 358 7
a 120 34 5
a 120 436 5
a 121 309 5
a 121 399 9
a 121 404 5
a 122 459 2
a 123 394 5
a 124 211 7
a 124 415 4
a 125 36 7
a 125 597 8
a 126 350 6
a 126 354 2
a 126 460 2
a 126 597 2
a 127 39 9
a 127 549 10
a 128 32 8
a 128 189 10
a 128 300 1
a 129 50 6
a 129 576 7
a 130 56 4
a 130 191 9
a 130 430 10
a 131 66 5
a 131 148 10
a 132 80 2
a 132 348 4
a 133 580 2
a 133 584 4
a 134 257 4
a 135 74 9
a 135 478 9
a 136 377 5
a 136 396 8
a 137 53 9
a 138 28 3
a 138 431 7
a 139 76 10
a 140 174 10
a 140 339 1
a 141 179 9
a 141 528 1
a 142 87 4
a 142 100 4
a 142 341 6
a 142 455 2
a 143 54 1
a 143 437 10
a 144 53 5
a 144 168 7
a 145 79 5
a 145 99 3
a 146 106 10
a 146 330 5
a 146 521 3
a 147 561 1
a 148 218 2
a 149 8 6
a 149 358 1
a 149 536 5
a 150 126 5
a 151 14 3
a 151 520 6
a 152 23 5
a 152 127 2
a 152 514 7
a 153 32 9
a 153 449 8
a 154 204 5
a 154 272 1
a 155 119 3
a 155 545 3
a 156 568 10
a 157 122 7
a 157 201 8
a 158 69 1
a 159 206 3
a 160 165 10
a 161 64 10
a 161 118 2
a 161 294 9
a 162 163 7
a 162 267 6
a 163 328 7
a 163 387 7
a 163 542 2
a 164 46 1
a 164 69 1
a 164 110 1
a 164 500 1
a 165 37 6
a 165 296 9
a 166 228 8
a 166 512 2
a 167 465 9
a 168 492 10
a 168 546 6
a 169 490 10
a 170 158 3
a 170 207 3
a 170 268 7
a 171 350 1
a 172 103 8
a 172 346 10
a 173 215 4
a 173 320 2
a 173 383 4
a 173 400 3
a 174 385 2
a 175 572 3
a 176 508 7
a 176 535 9
a 176 571 1
a 177 79 3
a 178 218 1
a 178 325 10
a 179 13 6
a 180 222 8
a 180 321 4
a 180 416 5
a 180 453 9
a 181 590 5
a 182 343 1
a 182 471 8
a 183 101 10
a 183 510 3
a 184 125 6
a 184 251 6
a 185 113 1
a 185 231 9
a 185 527 6
a 186 160 4
a 187 4 1
a 188 210 1
a 189 53 1
a 189 223 4
a 190 69 5
a 191 29 7
a 191 72 4
a 191 252 6
a 192 40 3
a 192 43 3
a 192 564 3
a 193 9 8
a 193 21 9
a 194 356 5
a 195 88 8
a 195 277 9
a 195 550 5
a 196 35 9
a 196 342 3
a 197 95 7
a 197 107 7
a 197 261 9
a 197 568 2
a 198 175 2
a 198 468 8
a 199 274 6
a 199 415 3
a 200 33 4
a 201 595 2
a 202 165 5
a 202 367 4
a 203 11 5
a 203 593 1
a 204 374 2
a 205 557 3
a 206 228 6
a 206 426 7
a 207 161 2
a 207 273 1
a 207 426 3
a 207 430 3
a 208 193 3
a 209 217 4
a 210 25 1
a 210 239 1
a 211 335 5
a 211 381 8
a 211 402 3
a 211 588 6
a 212 32 1
a 212 583 8
a 213 389 5
a 213 574 1
a 214 551 5
a 214 566 2
a 215 351 6
a 215 427 2
a 216 226 2
a 216 376 9
a 216 486 1
a 217 11 6
a 217 191 9
a 217 508 2
a 218 275 10
a 219 144 1
a 219 247 7
a 220 118 6
a 221 79 5
a 221 244 2
a 221 300 4
a 221 313 7
a 222 343 2
a 222 391 4
a 223 76 10
a 223 440 4
a 224 33 8
a 224 479 4
a 225 153 4
a 225 198 9
a 225 348 10
a 226 476 1
a 227 135 10
a 227 292 10
a 227 525 4
a 228 395 2
a 228 405 3
a 228 582 4
a 229 19 4
a 229 22 6
a 229 48 3
a 229 196 2
a 229 200 6
a 230 284 1
a 231 55 1
a 231 318 6
a 232 252 8
a 232 324 1
a 233 396 9
a 233 446 7
a 233 536 5
a 233 560 7
a 234 202 7
a 234 290 7
a 234 487 2
a 234 491 3
a 235 379 5
a 236 157 4
a 236 208 3
a 236 534 8
a 237 101 5
a 237 376 8
a 237 476 4
a 238 355 3
a 238 582 2
a 239 84 9
a 239 218 10
a 239 522 10
a 240 242 2
a 240 315 8
a 240 464 1
a 240 553 1
a 241 132 6
a 242 318 8
a 242 435 5
a 242 544 10
a 243 320 4
a 244 218 2
a 244 344 2
a 245 105 9
a 245 523 3
a 246 111 2
a 247 118 1
a 248 369 1
a 248 600 5
a 249 504 6
a 250 45 2
a 250 158 6
a 251 91 8
a 251 291 6
a 252 107 2
a 252 287 4
a 252 310 4
a 253 46 10
a 254 594 10
a 255 299 6
a 255 303 2
a 256 123 4
a 256 420 2
a 256 528 5
a 256 572 1
a 257 262 8
a 258 65 4
a 258 96 8
a 258 560 10
a 259 419 4
a 260 78 6
a 261 413 5
a 261 548 10
a 261 584 6
a 262 183 10
a 262 276 6
a 263 68 2
a 263 124 3
a 263 425 6
a 264 229 5
a 264 248 4
a 264 411 8
a 264 469 9
a 264 583 5
a 265 214 2
a 266 180 4
a 266 230 1
a 267 12 6
a 267 257 9
a 267 397 5
a 267 458 8
a 267 484 3
a 267 549 3
a 268 42 9
a 269 115 1
a 269 213 7
a 269 456 2
a 270 199 7
a 271 224 4
a 271 356 10
a 272 378 1
a 273 384 9
a 274 442 5
a 275 51 7
a 276 210 6
a 277 235 8
a 277 433 10
a 278 166 9
a 278 367 7
a 279 156 7
a 279 346 2
a 280 6 7
a 280 238 6
a 280 408 5
a 281 259 10
a 281 425 5
a 281 575 6
a 282 379 4
a 283 509 9
a 284 388 10
a 285 431 1
a 286 78 8
a 286 381 1
a 287 600 6
a 288 81 6
a 289 533 5
a 290 150 9
a 290 516 1
a 290 555 9
a 291 368 7
a 291 489 6
a 292 241 8
a 292 481 10
a 292 502 1
a 293 467 8
a 294 94 3
a 294 470 1
a 294 581 10
a 295 457 10
a 295 508 5
a 296 373 8
a 297 135 9
a 297 209 9
a 297 587 9
a 298 388 9
a 299 388 6
a 299 448 3
a 300 110 8
a 301 139 8
a 301 197 4
a 301 595 10
a 302 417 1
a 303 597 3
a 304 309 9
a 305 376 1
a 306 449 9
a 307 415 6
a 308 419 5
a 308 428 4
a 308 556 3
a 309 65 10
a 310 173 3
a 310 178 9
a 310 363 1
a 310 414 9
a 311 292 8
a 311 527 8
a 312 81 3
a 312 472 6
a 313 261 9
a 314 190 6
a 314 514 2
a 315 278 7
a 315 529 3
a 315 592 9
a 316 511 7
a 317 151 2
a 317 555 2
a 318 362 1
a 318 589 9
a 319 236 10
a 319 379 4
a 319 520 4
a 320 441 6
a 321 71 3
a 321 166 2
a 322 168 9
a 322 596 2
a 323 28 5
a 323 63 2
a 323 412 8
a 324 31 7
a 324 477 6
a 325 56 3
a 325 511 4
a 326 116 4
a 326 217 10
a 326 456 9
a 327 388 2
a 327 407 5
a 327 580 1
a 328 524 5
a 328 550 5
a 329 174 4
a 329 195 4
a 329 269 9
a 329 376 5
a 330 359 1
a 331 248 4
a 332 591 4
a 332 598 9
a 333 99 2
a 333 438 9
a 334 246 3
a 334 349 6
a 335 578 7
a 336 320 8
a 336 483 3
a 336 515 6
a 337 103 1
a 337 373 5
a 338 270 6
a 338 472 8
a 339 280 3
a 340 361 7
a 340 490 8
a 341 47 6
a 341 508 2
a 342 25 6
a 342 63 7
a 342 123 2
a 342 255 5
a 342 569 8
a 343 130 3
a 343 285 3
a 343 307 1
a 343 517 6
a 344 597 2
a 345 5 2
a 345 130 2
a 345 374 3
a 346 60 9
a 346 260 5
a 347 466 7
a 348 59 10
a 349 72 10
a 349 498 4
a 350 403 6
a 351 129 5
a 352 419 5
a 352 579 5
a 353 272 2
a 353 431 1
a 354 331 6
a 354 405 6
a 355 203 2
a 355 281 8
a 355 498 3
a 356 14 4
a 356 533 1
a 357 141 8
a 357 253 5
a 357 487 10
a 358 154 3
a 359 130 4
a 359 314 2
a 360 509 2
a 361 70 5
a 361 561 10
a 362 209 9
a 362 320 5
a 362 466 3
a 363 76 9
a 363 135 1
a 363 541 8
a 364 18 5
a 364 277 5
a 364 577 6
a 365 600 9
a 366 137 3
a 366 394 6
a 367 378 1
a 367 529 4
a 368 258 4
a 369 301 7
a 369 357 4
a 370 75 1
a 370 549 5
a 371 202 5
a 372 476 1
a 372 485 7
a 373 57 2
a 374 388 9
a 375 229 9
a 375 271 6
a 375 429 9
a 376 446 8
a 377 45 6
a 377 364 7
a 378 278 8
a 379 87 9
a 379 245 9
a 380 129 7
a 381 39 2
a 382 332 6
a 383 49 7
a 383 206 4
a 383 293 5
a 384 419 8
a 385 317 9
a 386 67 9
a 386 430 6
a 387 264 4
a 388 338 1
a 388 493 7
a 389 397 3
a 390 454 2
a 390 600 3
a 391 52 8
a 391 259 2
a 391 273 2
a 391 293 5
a 392 94 2
a 392 509 2
a 393 53 9
a 394 284 2
a 394 554 4
a 395 158 1
a 395 192 9
a 395 338 7
a 395 352 9
a 396 129 7
a 396 213 1
a 397 84 2
a 397 274 3
a 397 384 3
a 398 255 2
a 398 499 7
a 398 507 3
a 399 347 2
a 399 410 2
a 399 537 3
a 400 352 7
a 400 557 5
a 401 246 9
a 401 432 2
a 402 176 5
a 403 101 2
a 404 13 6
a 404 147 9
a 404 197 8
a 404 445 7
a 405 418 8
a 406 89 5
a 406 306 4
a 406 321 10
a 406 522 1
a 407 59 3
a 407 262 1
a 407 266 9
a 408 554 10
a 409 261 5
a 410 302 7
a 410 359 1
a 410 494 2
a 411 26 3
a 411 352 3
a 412 516 7
a 412 575 1
a 413 41 1
a 413 182 1
a 413 387 3
a 414 101 10
a 414 288 4
a 414 350 8
a 414 359 4
a 414 527 7
a 415 377 8
a 416 227 7
a 417 85 8
a 418 344 9
a 419 44 8
a 419 318 5
a 419 370 7
a 419 405 10
a 419 467 3
a 420 34 3
a 420 535 6
a 421 456 5
a 422 464 6
a 423 207 6
a 423 326 1
a 423 540 7
a 423 599 1
a 424 136 9
a 424 216 1
a 424 265 5
a 424 372 6
a 424 505 1
a 425 302 3
a 426 277 9
a 427 409 9
a 427 594 7
a 428 219 6
a 428 494 7
a 429 261 8
a 429 526 6
a 430 62 2
a 430 145 4
a 431 98 8
a 432 43 1
a 433 434 2
a 434 489 6
a 434 573 4
a 435 385 1
a 436 188 5
a 437 319 1
a 438 149 2
a 439 273 3
a 440 207 6
a 441 41 10
a 441 371 3
a 441 424 4
a 441 442 2
a 441 503 4
a 442 263 5
a 443 10 3
a 443 167 1
a 443 192 6
a 444 421 6
a 445 532 10
a 446 162 1
a 446 251 9
a 447 512 8
a 448 79 6
a 448 125 1
a 448 242 10
a 448 496 3
a 449 209 8
a 449 280 4
a 450 223 1
a 450 305 2
a 450 509 2
a 451 362 10
a 452 93 1
a 452 254 5
a 453 250 5
a 453 475 1
a 453 539 10
a 454 201 10
a 455 220 7
a 455 497 8
a 456 111 2
a 457 16 8
a 457 194 5
a 457 271 6
a 458 222 1
a 459 205 7
a 459 574 7
a 460 234 4
a 460 361 1
a 460 419 3
a 461 51 6
a 461 187 7
a 461 288 5
a 461 590 4
a 462 302 8
a 463 395 5
a 464 379 8
a 465 380 3
a 465 390 5
a 466 495 7
a 467 87 5
a 467 131 2
a 467 267 2
a 468 212 8
a 468 220 8
a 468 441 5
a 468 545 8
a 469 353 5
a 469 381 6
a 469 410 1
a 470 313 4
a 470 450 2
a 471 110 8
a 471 149 3
a 472 24 10
a 472 99 3
a 473 453 3
a 474 258 3
a 474 345 1
a 475 216 4
a 475 254 4
a 475 283 4
a 475 304 3
a 476 387 7
a 477 38 7
a 478 411 2
a 478 586 4
a 479 86 9
a 479 283 8
a 479 501 9
a 480 463 5
a 480 543 10
a 481 209 6
a 481 578 4
a 482 30 7
a 482 195 2
a 482 401 4
a 482 403 8
a 483 337 10
a 483 497 5
a 483 519 3
a 484 422 3
a 485 411 7
a 486 227 4
a 487 62 2
a 487 81 4
a 487 102 9
a 487 392 3
a 487 459 9
a 488 18 8
a 488 238 9
a 488 566 8
a 489 160 3
a 490 570 4
a 491 4 4
a 491 577 7
a 492 156 9
a 492 194 3
a 492 224 3
a 492 275 10
a 493 373 2
a 494 382 9
a 495 299 8
a 496 177 10
a 496 264 4
a 497 144 1
a 498 596 6
a 499 255 1
a 500 143 10
a 500 245 3
a 500 274 3
a 500 279 3
a 501 343 2
a 502 347 9
a 503 532 2
a 503 581 4
a 504 263 3
a 504 337 8
a 505 296 3
a 505 367 10
a 505 576 8
a 506 547 3
a 507 42 4
a 507 152 8
a 507 462 4
a 508 276 3
a 508 277 10
a 509 163 1
a 510 291 7
a 511 512 9
a 512 465 10
a 513 112 5
a 513 188 5
a 514 58 1
a 515 220 5
a 516 186 3
a 517 410 9
a 518 442 8
a 518 508 8
a 519 304 4
a 520 187 6
a 521 97 9
a 521 332 10
a 521 560 2
a 522 260 4
a 522 328 9
a 523 56 2
a 524 66 6
a 524 375 9
a 524 512 6
a 525 11 4
a 525 348 1
a 526 163 8
a 526 236 6
a 526 537 4
a 527 2 5
a 527 427 5
a 528 405 4
a 529 377 6
a 530 334 3
a 530 421 10
a 531 258 5
a 531 292 4
a 531 307 1
a 531 319 10
a 532 105 7
a 532 180 7
a 532 360 3
a 532 398 3
a 532 412 8
a 532 488 2
a 533 424 4
a 533 546 5
a 534 53 6
a 535 235 4
a 535 369 2
a 535 394 9
a 536 286 7
a 536 460 8
a 536 562 8
a 537 106 2
a 537 448 3
a 538 15 9
a 538 210 10
a 538 553 8
a 539 38 6
a 539 139 2
a 539 312 10
a 540 133 3
a 540 172 9
a 540 380 9
a 541 14 5
a 541 147 5
a 541 342 5
a 542 211 2
a 543 551 7
a 544 92 3
a 544 323 6
a 545 86 5
a 546 100 10
a 546 169 4
a 546 534 1
a 547 461 1
a 548 54 6
a 548 58 1
a 548 385 6
a 549 14 10
a 549 422 3
a 550 72 8
a 550 594 4
a 551 67 3
a 552 590 9
a 553 335 7
a 554 140 3
a 554 243 6
a 554 308 1
a 555 297 10
a 555 366 2
a 556 95 6
a 556 461 3
a 557 172 4
a 557 261 7
a 558 369 1
a 558 584 1
a 559 199 9
a 559 594 1
a 560 436 1
a 561 59 9
a 561 116 9
a 562 259 2
a 562 565 2
a 563 13 8
a 563 298 10
a 563 510 4
a 564 567 1
a 565 24 4
a 565 406 1
a 566 410 4
a 566 539 4
a 567 7 5
a 568 66 10
a 569 299 6
a 569 500 10
a 570 337 3
a 570 493 3
a 570 513 2
a 571 135 6
a 571 243 7
a 572 465 2
a 573 184 7
a 573 443 3
a 574 405 5
a 574 429 5
a 575 73 1
a 576 154 8
a 576 316 6
a 576 364 10
a 577 106 1
a 578 151 10
a 578 176 1
a 578 336 3
a 578 581 5
a 579 73 10
a 579 363 10
a 579 511 9
a 580 159 8
a 580 378 3
a 580 488 8
a 581 442 4
a 581 454 3
a 582 329 2
a 582 563 10
a 583 175 9
a 583 439 5
a 584 227 4
a 584 296 9
a 585 54 5
a 585 140 1
a 585 518 6
a 586 306 5
a 587 114 10
a 587 300 5
a 588 9 5
a 588 514 7
a 588 558 4
a 589 28 3
a 590 444 8
a 590 510 4
a 591 17 10
a 591 33 6
a 591 504 4
a 592 225 2
a 592 577 10
a 593 57 6
a 593 240 6
a 593 434 8
a 594 94 10
a 594 170 6
a 594 452 1
a 595 548 9
a 596 69 7
a 597 31 8
a 597 425 8
a 597 495 6
a 598 302 10
a 599 12 7
a 599 301 10
a 599 434 8
a 599 553 3
