p max 600 1200
n 1 s
n 600 t
a 1 217 5
a 1 553 4
a 2 95 7
a 2 332 8
a 3 237 5
a 3 360 2
a 3 459 7
a 4 87 3
a 4 397 9
a 5 61 4
a 5 243 10
a 5 469 2
a 5 506 1
a 6 422 2
a 7 26 3
a 7 290 7
a 8 146 6
a 8 205 3
a 9 588 1
a 10 474 3
a 11 220 2
a 11 595 5
a 12 56 8
a 12 317 4
a 12 355 1
a 13 159 10
a 14 67 1
a 15 2 3
a 15 120 10
a 15 255 6
a 15 346 10
a 15 433 10
a 16 462 5
a 17 262 9
a 18 351 5
a 18 493 8
a 19 355 9
a 19 408 3
a 20 205 8
a 21 144 10
a 21 326 4
a 22 491 5
a 23 93 1
a 24 68 9
a 24 116 7
a 24 352 7
a 25 370 1
a 26 363 8
a 27 195 9
a 27 473 6
a 28 109 5
a 28 213 3
a 29 567 9
a 30 224 9
a 31 299 1
a 31 572 9
a 32 275 3
a 32 383 10
a 33 193 3
a 33 206 2
a 34 427 2
a 35 39 3
a 35 241 6
a 36 143 8
a 36 167 7
a 36 397 2
a 37 401 6
a 37 451 1
a 38 419 10
a 39 3 3
a 39 129 10
a 39 168 4
a 39 172 1
a 39 247 9
a 39 273 9
a 40 112 3
a 40 519 3
a 40 580 1
a 41 512 3
a 42 281 6
a 43 157 4
a 43 184 1
a 44 83 6
a 45 311 6
a 45 368 9
a 46 14 10
a 46 280 6
a 46 362 6
a 46 486 8
a 47 285 6
a 48 142 5
a 48 231 8
a 49 456 9
a 50 80 10
a 50 443 10
a 51 208 10
a 51 501 2
a 52 287 1
a 53 76 9
a 53 221 5
a 53 364 6
a 54 18 9
a 54 600 3
a 55 100 4
a 56 126 4
a 56 292 4
a 56 585 9
a 57 182 4
a 57 286 6
a 57 381 2
a 58 20 8
a 58 435 1
a 58 570 3
a 59 358 1
a 59 560 1
a 60 378 4
a 61 27 5
a 61 67 2
a 61 333 9
a 61 465 10
a 61 531 5
a 62 394 9
a 62 596 10
a 63 25 10
a 63 236 3
a 63 466 9
a 63 504 2
a 63 558 3
a 64 137 4
a 64 285 6
a 64 397 3
a 65 303 2
a 65 494 3
a 66 127 5
a 66 301 5
a 67 198 3
a 67 568 3
a 68 390 5
a 68 518 10
a 69 383 5
a 69 453 5
a 70 110 9
a 71 13 9
a 72 247 2
a 73 113 8
a 73 354 10
a 73 561 3
a 74 85 4
a 75 65 7
a 75 354 10
a 76 64 6
a 76 274 5
a 76 378 2
a 76 531 7
a 77 154 9
a 78 381 9
a 78 481 3
a 78 570 4
a 79 171 7
a 80 153 5
a 80 547 1
a 81 239 2
a 81 487 8
a 82 114 5
a 82 266 10
a 82 305 5
a 82 479 3
a 83 107 6
a 83 557 10
a 84 554 4
a 85 182 1
a 85 550 4
a 86 202 6
a 86 307 2
a 87 402 10
a 87 544 8
a 88 91 7
a 88 171 3
a 89 261 2
a 89 437 6
a 89 462 6
a 90 117 10
a 90 152 9
a 91 196 2
a 91 399 2
a 91 449 4
a 92 376 9
a 93 78 9
a 93 123 2
a 93 201 6
a 94 89 2
a 94 404 7
a 95 101 7
a 95 287 7
a 95 530 5
a 96 132 10
a 96 379 2
a 97 71 9
a 97 112 8
a 98 15 3
a 98 75 7
a 99 259 5
a 99 334 10
a 100 51 10
a 100 77 3
a 100 574 1
a 101 13 8
a 102 6 6
a 103 277 8
a 103 417 5
a 104 460 5
a 105 313 3
a 105 329 6
a 106 289 8
a 107 176 6
a 107 234 5
a 108 440 5
a 108 454 4
a 109 99 6
a 109 149 5
a 109 165 1
a 109 220 10
a 110 79 2
a 110 163 10
a 110 370 7
a 110 600 2
a 111 148 7
a 111 258 9
a 112 439 6
a 112 529 7
a 112 590 4
a 113 245 4
a 114 264 2
a 114 304 10
a 114 533 7
a 114 584 3
a 115 464 1
a 116 324 4
a 116 486 3
a 117 312 9
a 117 342 3
a 118 24 4
a 118 490 10
a 119 181 3
a 119 207 1
a 119 342 3
a 120 237 7
a 120 482 10
a 120 593 7
a 121 212 10
a 121 371 8
a 121 463 7
a 122 339 10
a 122 343 10
a 123 107 9
a 123 311 3
a 123 502 1
a 123 525 3
a 123 578 3
a 124 437 8
a 125 179 3
a 125 583 6
a 126 43 9
a 126 534 4
a 127 430 9
a 127 509 4
a 128 298 2
a 128 353 3
a 129 87 3
a 129 327 7
a 129 542 4
a 130 88 1
a 131 125 4
a 131 453 6
a 132 134 3
a 132 413 5
a 132 589 1
a 133 15 7
a 133 245 6
a 133 429 9
a 133 453 3
a 133 599 8
a 134 116 2
a 135 363 8
a 136 72 1
a 137 119 1
a 137 487 1
a 138 54 7
a 138 291 8
a 138 521 8
a 139 143 10
a 139 539 1
a 140 154 3
a 140 283 6
a 141 401 3
a 142 141 3
a 143 320 4
a 143 405 10
a 143 590 10
a 144 250 7
a 144 252 3
a 144 309 6
a 145 390 7
a 145 409 6
a 146 40 10
a 146 490 7
a 146 574 2
a 147 173 3
a 147 558 4
a 148 43 4
a 148 226 5
a 148 512 3
a 149 420 4
a 149 599 1
a 150 97 10
a 150 266 10
a 151 408 6
a 152 98 3
a 153 195 4
a 153 207 10
a 153 268 10
a 154 19 4
a 154 112 1
a 154 388 9
a 154 485 7
a 155 271 9
a 156 585 4
a 156 587 10
a 157 536 7
a 158 142 6
a 158 240 6
a 158 588 1
a 159 199 5
a 160 309 8
a 161 218 4
a 161 329 5
a 161 479 10
a 162 302 1
a 163 422 2
a 164 97 9
a 164 328 9
a 165 95 7
a 165 238 9
a 166 447 2
a 167 485 6
a 168 299 6
a 168 515 1
a 169 30 1
a 169 150 3
a 169 456 7
a 169 471 1
a 170 110 2
a 170 460 1
a 171 195 6
a 172 481 9
a 173 124 4
a 173 376 2
a 174 55 4
a 175 185 1
a 175 558 4
a 176 22 9
a 176 528 6
a 176 536 6
a 177 192 10
a 177 283 6
a 177 338 4
a 178 100 8
a 178 302 5
a 179 46 2
a 180 302 4
a 181 288 1
a 181 493 8
a 182 410 8
a 183 62 9
a 183 466 2
a 183 556 8
a 183 594 9
a 184 78 4
a 184 441 7
a 185 451 4
a 186 300 3
a 187 57 2
a 187 310 7
a 187 427 6
a 188 279 3
a 189 85 7
a 190 226 6
a 191 29 9
a 191 223 10
a 191 387 2
a 191 522 4
a 192 102 10
a 192 400 10
a 192 564 9
a 193 469 3
a 194 330 10
a 194 360 5
a 194 457 1
a 194 508 4
a 195 95 6
a 195 207 2
a 196 11 9
a 197 318 5
a 198 111 6
a 199 394 4
a 199 455 2
a 199 477 3
a 199 493 9
a 199 538 1
a 200 317 6
a 200 347 10
a 200 423 9
a 200 484 8
a 201 3 8
a 201 37 5
a 201 272 7
a 202 344 7
a 203 130 9
a 203 145 7
a 203 485 6
a 204 487 1
a 205 50 2
a 205 437 4
a 205 546 10
a 206 308 1
a 206 360 4
a 207 259 10
a 207 471 10
a 207 537 2
a 207 592 6
a 208 159 10
a 209 68 8
a 209 495 8
a 209 503 9
a 209 554 5
a 210 7 9
a 211 12 1
a 211 32 2
a 211 131 7
a 212 27 7
a 213 176 7
a 214 200 4
a 214 463 3
a 215 178 7
a 215 198 10
a 215 461 6
a 216 194 2
a 217 597 6
a 217 598 8
a 218 13 10
a 218 344 4
a 219 48 1
a 219 160 4
a 219 349 3
a 220 28 3
a 220 450 6
a 221 107 2
a 221 248 6
a 221 322 10
a 221 541 9
a 222 169 3
a 222 316 4
a 222 489 4
a 223 313 7
a 224 63 7
a 224 363 10
a 225 118 2
a 226 242 5
a 226 426 1
a 226 492 4
a 227 3 9
a 228 208 1
a 228 296 9
a 228 357 4
a 229 398 10
a 230 200 2
a 231 31 9
a 231 294 6
a 231 300 5
a 231 486 6
a 232 435 10
a 233 376 5
a 234 230 3
a 235 215 10
a 236 431 6
a 237 473 9
a 238 92 5
a 238 122 10
a 238 262 1
a 238 281 7
a 238 586 1
a 239 102 7
a 239 315 2
a 240 68 7
a 240 331 7
a 241 307 2
a 241 512 6
a 242 37 2
a 242 156 8
a 243 126 3
a 243 155 5
a 243 197 10
a 244 77 2
a 245 584 3
a 246 373 9
a 246 409 4
a 247 591 9
a 248 26 6
a 248 228 7
a 248 237 9
a 248 306 2
a 249 495 6
a 249 577 1
a 250 463 1
a 250 474 10
a 251 156 9
a 252 148 3
a 252 321 5
a 253 210 1
a 253 290 2
a 253 576 4
a 254 167 2
a 254 515 7
a 255 216 10
a 255 251 3
a 255 414 4
a 256 86 1
a 257 121 4
a 257 498 7
a 258 10 3
a 258 412 7
a 259 299 6
a 259 564 3
a 260 354 6
a 260 472 4
a 260 548 4
a 261 36 9
a 261 191 2
a 261 208 3
a 261 232 7
a 261 407 1
a 262 149 1
a 263 146 4
a 263 374 10
a 264 141 9
a 264 324 10
a 265 250 7
a 265 451 6
a 266 508 7
a 266 587 8
a 267 526 1
a 268 237 7
a 269 44 4
a 269 556 8
a 270 152 1
a 270 389 1
a 271 287 7
a 271 589 10
a 272 158 10
a 272 487 1
a 273 74 7
a 274 216 4
a 274 298 4
a 275 99 8
a 276 4 9
a 276 103 7
a 276 216 3
a 276 370 9
a 276 475 8
a 277 449 5
a 277 600 4
a 278 188 2
a 278 423 1
a 279 383 2
a 280 21 1
a 280 505 1
a 281 171 8
a 281 295 4
a 281 390 4
a 281 447 5
a 281 453 4
a 281 488 4
a 282 469 8
a 283 49 6
a 283 438 5
a 284 86 8
a 285 174 1
a 285 413 9
a 285 507 6
a 286 254 4
a 286 430 8
a 286 497 6
a 287 53 7
a 287 81 7
a 287 570 8
a 288 6 1
a 288 234 5
a 288 341 9
a 289 66 10
a 289 242 2
a 290 585 6
a 291 263 4
a 291 540 3
a 292 215 3
a 292 467 7
a 293 82 1
a 293 153 7
a 294 98 4
a 294 533 5
a 295 217 4
a 295 278 3
a 296 159 7
a 296 319 6
a 296 595 8
a 297 453 6
a 297 542 2
a 298 225 7
a 299 92 1
a 299 183 10
a 299 391 1
a 300 271 2
a 300 293 7
a 300 581 7
a 301 315 8
a 301 458 2
a 302 11 2
a 302 45 1
a 302 353 3
a 302 545 1
a 303 24 7
a 304 97 5
a 304 111 4
a 304 168 10
a 305 11 3
a 306 119 2
a 306 387 5
a 306 416 4
a 307 107 5
a 307 551 6
a 308 115 5
a 309 174 5
a 309 337 2
a 309 411 1
a 310 7 4
a 310 298 5
a 311 241 4
a 311 246 8
a 311 369 10
a 311 372 7
a 312 177 4
a 312 245 10
a 312 449 9
a 312 483 4
a 313 43 10
a 313 544 10
a 314 33 5
a 314 500 2
a 314 520 6
a 314 575 4
a 315 236 8
a 316 160 4
a 317 140 4
a 317 270 1
a 318 34 2
a 319 133 7
a 319 244 4
a 319 318 8
a 319 440 2
a 320 234 7
a 320 375 7
a 320 406 4
a 321 204 10
a 321 256 7
a 322 136 4
a 322 276 1
a 323 424 6
a 324 360 3
a 324 367 10
a 325 223 10
a 326 51 1
a 326 186 3
a 327 343 6
a 327 428 5
a 328 265 3
a 328 598 9
a 329 195 1
a 329 540 3
a 330 22 1
a 331 164 10
a 331 414 9
a 332 356 3
a 333 16 4
a 334 125 9
a 334 268 3
a 335 242 1
a 335 423 4
a 336 117 9
a 336 499 3
a 337 99 5
a 337 277 5
a 337 297 9
a 338 76 8
a 338 225 1
a 338 432 10
a 339 127 4
a 339 376 5
a 340 142 6
a 341 206 7
a 342 15 5
a 342 424 9
a 343 5 9
a 343 397 3
a 344 462 8
a 345 220 2
a 345 335 6
a 346 509 2
a 346 511 6
a 347 385 6
a 348 436 6
a 348 528 6
a 348 550 5
a 349 189 2
a 349 563 10
a 350 30 5
a 350 476 10
a 351 209 8
a 352 93 7
a 352 96 8
a 352 356 4
a 352 539 4
a 353 172 9
a 353 448 4
a 353 460 2
a 354 324 7
a 354 518 8
a 355 230 3
a 356 389 10
a 357 505 6
a 358 90 5
a 358 455 1
a 359 519 2
a 360 35 6
a 360 240 10
a 360 269 9
a 360 367 8
a 360 527 9
a 361 323 5
a 362 272 3
a 363 104 1
a 364 148 10
a 365 382 6
a 365 584 7
a 366 242 1
a 367 58 7
a 367 174 9
a 368 103 6
a 368 325 2
a 369 459 7
a 370 400 5
a 371 28 1
a 371 72 3
a 371 417 1
a 372 23 9
a 372 209 1
a 372 389 7
a 373 249 2
a 373 332 9
a 374 184 2
a 374 257 7
a 375 201 1
a 375 260 9
a 375 462 9
a 376 354 2
a 377 347 3
a 377 392 4
a 378 481 3
a 378 519 9
a 379 133 10
a 379 199 7
a 379 372 5
a 380 110 8
a 380 344 3
a 381 572 6
a 382 425 8
a 383 189 1
a 383 529 7
a 384 127 2
a 384 410 2
a 384 421 1
a 385 210 2
a 385 444 4
a 386 40 6
a 386 161 2
a 386 336 3
a 387 230 4
a 387 297 2
a 387 510 7
a 388 61 5
a 388 459 10
a 389 81 4
a 389 442 7
a 390 128 4
a 390 345 5
a 390 391 4
a 391 447 2
a 391 498 9
a 392 120 1
a 393 52 3
a 394 269 1
a 395 583 4
a 396 139 1
a 396 204 10
a 396 217 7
a 397 296 10
a 398 307 2
a 399 184 5
a 399 199 3
a 399 229 7
a 400 123 10
a 400 421 1
a 401 97 3
a 401 583 6
a 402 63 2
a 402 465 6
a 403 106 6
a 403 374 4
a 403 591 3
a 404 396 5
a 404 415 10
a 405 95 5
a 405 235 1
a 406 442 10
a 407 28 9
a 407 175 3
a 407 565 7
a 408 427 9
a 408 585 9
a 409 47 8
a 409 224 7
a 410 34 3
a 410 375 7
a 410 419 7
a 411 107 7
a 412 23 1
a 412 403 7
a 413 8 5
a 413 579 10
a 413 581 2
a 414 421 6
a 415 9 2
a 415 383 10
a 416 42 5
a 416 568 8
a 417 101 8
a 418 91 5
a 419 211 7
a 419 307 5
a 419 514 8
a 420 11 6
a 420 280 7
a 421 30 4
a 421 354 1
a 421 532 9
a 422 526 6
a 423 341 3
a 424 17 7
a 424 41 8
a 425 543 2
a 425 585 7
a 426 451 8
a 427 10 6
a 427 496 5
a 428 89 6
a 428 453 5
a 429 159 8
a 429 276 7
a 430 364 5
a 430 480 3
a 431 418 2
a 432 425 1
a 432 477 2
a 433 211 3
a 434 477 4
a 435 348 9
a 435 433 6
a 436 203 10
a 436 289 8
a 437 96 10
a 437 452 7
a 438 28 2
a 438 431 3
a 439 55 3
a 439 131 8
a 439 446 9
a 439 476 5
a 440 284 7
a 440 289 7
a 440 470 9
a 440 521 7
a 441 103 1
a 441 316 4
a 442 344 10
a 443 137 4
a 444 290 6
a 445 297 10
a 445 581 7
a 446 111 7
a 447 14 1
a 448 597 5
a 449 136 7
a 450 38 4
a 450 124 4
a 450 463 1
a 450 573 3
a 451 86 7
a 451 138 2
a 451 285 8
a 451 398 4
a 452 468 9
a 452 541 5
a 453 62 6
a 453 122 1
a 454 170 4
a 454 362 1
a 455 316 6
a 455 472 3
a 456 421 8
a 457 149 10
a 458 154 7
a 459 153 8
a 459 326 9
a 460 506 10
a 460 573 1
a 461 455 2
a 462 214 1
a 463 209 9
a 463 338 9
a 463 494 8
a 464 52 6
a 464 436 2
a 465 83 1
a 465 564 6
a 466 486 2
a 466 562 1
a 467 168 2
a 467 233 7
a 468 136 5
a 468 517 1
a 469 109 2
a 469 221 1
a 469 597 1
a 470 453 3
a 471 94 7
a 471 252 6
a 471 425 5
a 472 45 4
a 472 314 5
a 472 377 3
a 473 147 2
a 473 571 1
a 473 575 5
a 474 227 2
a 474 350 5
a 474 584 10
a 475 472 4
a 475 529 7
a 476 560 4
a 477 446 2
a 478 343 3
a 479 210 9
a 479 359 8
a 480 62 4
a 481 169 5
a 481 281 4
a 482 85 10
a 483 258 7
a 483 396 7
a 484 302 1
a 484 503 8
a 485 409 8
a 486 262 5
a 487 51 8
a 487 358 4
a 487 582 3
a 488 202 4
a 489 76 10
a 490 65 10
a 491 289 7
a 492 201 6
a 493 222 1
a 493 383 6
a 494 115 2
a 494 214 2
a 495 350 10
a 496 72 4
a 497 16 5
a 497 70 7
a 497 516 2
a 498 566 3
a 499 158 2
a 500 17 2
a 500 430 4
a 501 384 10
a 501 541 3
a 502 180 9
a 502 262 10
a 502 386 9
a 503 85 9
a 503 289 8
a 503 567 6
a 504 183 1
a 505 497 3
a 506 93 4
a 506 227 3
a 507 108 3
a 507 214 10
a 507 385 10
a 507 439 2
a 508 84 9
a 508 518 7
a 509 92 6
a 510 193 2
a 511 151 4
a 511 282 9
a 512 80 4
a 512 140 10
a 512 307 8
a 512 509 9
a 513 395 10
a 513 403 1
a 514 229 3
a 514 237 7
a 515 475 2
a 516 57 1
a 517 161 8
a 518 27 2
a 519 106 4
a 520 104 3
a 520 135 2
a 520 370 2
a 521 149 4
a 522 162 3
a 522 174 4
a 522 279 8
a 522 445 6
a 523 422 4
a 523 478 8
a 524 368 9
a 524 434 1
a 525 330 3
a 526 44 7
a 526 67 5
a 527 480 7
a 528 49 2
a 528 63 6
a 528 161 3
a 528 396 4
a 529 187 6
a 529 465 8
a 530 198 9
a 531 42 4
a 531 75 7
a 531 224 5
a 532 132 8
a 532 205 3
a 532 562 10
a 533 75 2
a 533 555 7
a 534 62 10
a 535 70 7
a 535 323 3
a 535 365 5
a 536 299 9
a 536 357 10
a 537 580 2
a 538 248 1
a 538 519 10
a 539 60 2
a 539 464 8
a 540 562 10
a 540 569 9
a 541 193 5
a 541 289 6
a 541 361 3
a 542 76 6
a 542 552 7
a 543 26 5
a 544 126 7
a 544 160 10
a 544 559 6
a 545 46 4
a 545 391 6
a 545 426 6
a 545 460 1
a 546 255 5
a 547 6 8
a 547 380 6
a 548 375 6
a 548 598 7
a 549 79 6
a 550 148 7
a 551 151 1
a 551 383 8
a 551 390 7
a 552 453 9
a 553 100 4
a 553 466 3
a 554 412 1
a 554 430 6
a 555 211 10
a 555 445 3
a 556 139 4
a 556 251 7
a 556 253 10
a 556 513 4
a 557 69 4
a 557 461 5
a 557 567 3
a 558 224 6
a 558 326 8
a 559 305 7
a 559 393 5
a 560 406 8
a 561 478 5
a 561 564 5
a 562 197 6
a 563 147 1
a 564 60 2
a 564 213 5
a 564 486 3
a 565 29 10
a 565 123 3
a 565 267 10
a 566 466 6
a 567 540 3
a 567 549 6
a 568 163 9
a 568 340 1
a 568 575 2
a 569 21 3
a 569 464 3
a 570 366 2
a 570 448 8
a 570 538 10
a 571 418 7
a 571 526 7
a 572 553 5
a 573 16 6
a 573 68 8
a 574 424 6
a 574 581 1
a 575 235 4
a 575 491 3
a 576 67 5
a 577 209 2
a 577 343 1
a 577 379 2
a 577 539 6
a 578 427 3
a 579 186 2
a 579 524 9
a 580 384 8
a 581 269 6
a 582 88 2
a 582 239 5
a 582 523 8
a 583 256 9
a 583 418 10
a 583 467 8
a 584 219 8
a 584 438 5
a 584 546 4
a 585 84 6
a 585 190 9
a 586 194 8
a 586 496 3
a 587 118 1
a 587 572 9
a 588 11 4
a 589 313 9
a 589 566 8
a 590 105 2
a 590 166 5
a 590 286 5
a 590 388 2
a 591 193 3
a 592 488 9
a 593 59 1
a 593 74 5
a 593 85 4
a 594 73 2
a 594 378 4
a 594 535 6
a 595 346 1
a 596 323 7
a 597 363 10
a 598 205 2
a 598 346 3
a 599 128 5
a 599 337 3
