p max 600 1200
n 1 s
n 600 t
a 1 290 8
a 1 542 8
a 1 562 1
a 2 150 2
a 3 128 3
a 3 269 6
a 4 437 3
a 5 330 5
a 6 55 6
a 7 96 7
a 7 312 8
a 8 197 10
a 8 577 1
a 9 80 1
a 9 206 2
a 9 212 10
a 9 220 9
a 10 432 6
a 11 325 4
a 11 582 2
a 12 376 5
a 13 350 4
a 13 579 6
a 14 527 5
a 15 299 5
a 15 328 4
a 16 140 9
a 17 227 8
a 18 84 9
a 18 428 4
a 19 11 1
a 19 25 2
a 19 236 1
a 19 346 10
a 19 522 2
a 20 52 7
a 20 181 9
a 20 565 6
a 21 5 4
a 21 358 2
a 21 418 9
a 22 304 2
a 22 468 10
a 22 567 2
a 23 172 7
a 23 552 2
a 24 18 2
a 24 76 4
a 25 61 4
a 25 464 5
a 26 347 6
a 27 78 10
a 27 459 5
a 27 511 7
a 28 388 7
a 28 534 2
a 28 570 2
a 29 69 8
a 30 93 5
a 30 362 2
a 31 431 3
a 32 132 2
a 32 260 5
a 32 448 2
a 32 495 10
a 33 140 2
a 33 160 3
a 33 182 4
a 33 395 2
a 33 574 3
a 34 87 8
a 34 593 2
a 35 366 5
a 35 496 8
a 35 586 2
a 36 60 3
a 37 454 8
a 37 466 2
a 38 519 10
a 38 588 5
a 39 14 8
a 39 231 6
a 40 343 5
a 40 600 7
a 41 168 7
a 42 289 2
a 42 364 4
a 42 434 2
a 43 476 7
a 44 6 8
a 44 473 6
a 45 533 10
a 46 2 2
a 46 161 10
a 46 462 2
a 47 193 5
a 47 313 10
a 48 515 10
a 48 535 4
a 49 238 8
a 50 507 7
a 51 216 3
a 51 369 7
a 51 599 3
a 52 183 3
a 52 228 10
a 52 345 4
a 52 382 3
a 53 192 4
a 54 33 7
a 54 215 3
a 54 376 8
a 54 495 8
a 55 17 2
a 55 405 5
a 56 465 6
a 57 114 2
a 57 552 10
a 58 520 1
a 59 307 7
a 59 514 6
a 60 234 7
a 61 135 5
a 61 540 8
a 62 514 7
a 63 406 10
a 64 436 9
a 65 133 7
a 66 5 7
a 66 498 4
a 67 404 9
a 68 267 10
a 68 471 4
a 69 74 4
a 69 95 9
a 70 325 10
a 70 387 6
a 70 487 5
a 70 537 8
a 71 481 8
a 71 486 3
a 72 31 4
a 73 127 2
a 74 554 4
a 75 48 9
a 76 84 8
a 76 434 7
a 76 513 8
a 76 592 10
a 77 227 3
a 78 26 2
a 78 281 6
a 78 401 8
a 79 198 10
a 79 258 10
a 79 375 7
a 80 393 4
a 81 220 2
a 81 365 10
a 81 559 2
a 82 201 6
a 82 312 1
a 82 409 4
a 83 290 2
a 83 477 6
a 84 266 10
a 84 524 3
a 84 556 4
a 85 430 9
a 86 541 2
a 87 46 1
a 87 485 10
a 87 571 7
a 88 133 4
a 88 494 10
a 89 223 5
a 89 476 4
a 90 251 6
a 90 318 3
a 91 41 4
a 91 300 10
a 91 436 10
a 92 380 6
a 92 386 9
a 92 454 4
a 92 482 4
a 92 501 7
a 93 459 3
a 94 142 6
a 94 147 5
a 95 250 9
a 96 340 2
a 97 445 5
a 98 512 9
a 98 585 2
a 99 450 10
a 100 146 3
a 100 552 1
a 101 3 9
a 101 74 1
a 101 150 7
a 101 568 6
a 102 155 8
a 102 316 7
a 102 328 2
a 102 336 4
a 102 387 3
a 103 581 8
a 104 21 1
a 104 378 2
a 104 583 5
a 105 122 2
a 105 235 6
a 106 49 4
a 106 127 10
a 107 245 6
a 107 320 2
a 108 160 3
a 108 451 1
a 109 143 2
a 109 188 1
a 109 493 6
a 110 85 3
a 110 177 3
a 110 573 6
a 111 8 6
a 111 255 10
a 111 264 2
a 111 399 6
a 111 437 2
a 111 535 7
a 111 548 5
a 112 535 9
a 113 15 1
a 113 134 2
a 113 185 8
a 114 226 4
a 114 324 9
a 115 47 1
a 116 124 4
a 117 324 4
a 118 154 5
a 118 581 6
a 119 434 6
a 120 232 1
a 121 156 8
a 121 224 5
a 121 453 4
a 122 42 10
a 122 124 6
a 122 510 1
a 123 394 6
a 124 28 4
a 124 386 6
a 125 13 10
a 125 99 4
a 125 130 7
a 126 351 6
a 126 499 6
a 127 420 7
a 128 87 8
a 129 242 3
a 129 436 8
a 130 86 1
a 130 541 3
a 131 19 10
a 131 213 6
a 131 219 7
a 132 224 4
a 132 287 2
a 133 186 9
a 133 291 2
a 133 329 6
a 133 590 9
a 134 168 3
a 134 261 2
a 134 396 1
a 134 538 9
a 135 357 1
a 135 538 9
a 136 75 6
a 136 313 7
a 136 546 3
a 137 470 3
a 138 338 5
a 138 597 2
a 139 240 10
a 140 48 8
a 140 118 8
a 141 52 8
a 141 88 1
a 141 165 8
a 142 69 5
a 142 219 2
a 142 534 9
a 143 253 7
a 144 58 7
a 144 209 2
a 144 407 9
a 145 133 5
a 145 154 3
a 146 40 1
a 146 351 10
a 146 436 10
a 147 381 4
a 147 390 2
a 147 392 8
a 148 295 2
a 148 398 7
a 149 255 7
a 149 308 7
a 149 580 1
a 150 223 9
a 150 358 9
a 151 98 5
a 151 152 2
a 151 246 7
a 151 377 7
a 152 185 2
a 152 331 2
a 152 417 5
a 152 589 9
a 153 55 9
a 153 277 3
a 154 481 5
a 155 404 1
a 156 105 10
a 156 147 2
a 156 231 8
a 157 359 2
a 158 94 6
a 159 319 10
a 160 581 7
a 161 95 6
a 161 488 2
a 162 571 5
a 163 55 6
a 163 469 4
a 164 25 7
a 164 230 3
a 165 51 7
a 165 365 4
a 166 148 6
a 166 417 8
a 167 237 4
a 167 389 8
a 168 195 3
a 168 331 7
a 169 56 8
a 169 583 8
a 170 227 6
a 171 293 8
a 171 493 3
a 171 594 2
a 172 121 2
a 172 179 6
a 172 497 2
a 173 57 10
a 173 113 6
a 174 135 7
a 174 200 5
a 174 347 6
a 175 262 10
a 175 343 6
a 175 595 1
a 176 52 6
a 177 114 10
a 177 301 10
a 177 429 10
a 178 285 7
a 178 401 7
a 179 314 3
a 179 567 3
a 180 188 5
a 180 411 8
a 181 515 2
a 182 495 3
a 183 90 9
a 183 200 7
a 183 463 1
a 183 502 10
a 184 207 3
a 184 239 6
a 185 384 6
a 186 293 9
a 186 473 6
a 187 144 3
a 187 318 5
a 188 520 10
a 189 123 2
a 189 210 6
a 189 218 8
a 190 198 2
a 191 156 6
a 191 505 8
a 191 554 6
a 192 138 3
a 192 340 7
a 192 387 6
a 193 179 2
a 193 333 8
a 193 527 8
a 194 3 5
a 195 424 10
a 195 530 7
a 196 56 9
a 197 16 5
a 197 242 9
a 197 465 10
a 198 400 7
a 199 227 10
a 199 255 10
a 199 438 6
a 200 12 8
a 200 518 5
a 201 20 8
a 201 379 1
a 201 388 2
a 202 494 5
a 203 29 2
a 203 360 3
a 204 145 7
a 204 594 3
a 205 27 8
a 205 141 8
a 205 421 4
a 206 145 8
a 207 567 3
a 208 145 3
a 208 241 10
a 209 309 4
a 209 314 4
a 210 24 2
a 210 271 8
a 210 591 9
a 210 599 2
a 211 100 10
a 211 103 1
a 211 398 9
a 211 414 8
a 212 313 7
a 212 457 8
a 213 272 7
a 213 426 3
a 214 251 7
a 215 83 4
a 215 467 3
a 216 73 1
a 216 293 5
a 217 50 1
a 217 232 6
a 217 537 10
a 218 274 2
a 219 455 2
a 220 368 6
a 220 484 10
a 220 555 1
a 221 113 8
a 222 267 10
a 223 306 9
a 223 427 4
a 224 214 9
a 224 525 2
a 225 384 4
a 226 82 2
a 227 91 7
a 227 547 8
a 228 459 8
a 228 460 5
a 229 160 1
a 229 191 8
a 229 353 2
a 230 429 8
a 230 599 10
a 231 419 10
a 231 511 4
a 232 87 2
a 232 297 9
a 233 165 8
a 234 270 9
a 234 522 1
a 234 550 9
a 235 126 8
a 235 454 1
a 236 314 4
a 237 229 10
a 237 292 2
a 238 358 3
a 238 583 10
a 239 250 6
a 240 144 1
a 240 587 2
a 241 477 3
a 242 9 4
a 242 523 9
a 242 563 5
a 242 564 2
a 243 48 4
a 244 327 2
a 245 84 7
a 245 431 10
a 246 339 7
a 246 390 2
a 247 119 10
a 247 440 3
a 247 485 8
a 248 109 9
a 249 145 7
a 249 526 5
a 250 251 8
a 250 405 10
a 251 6 2
a 251 275 9
a 252 262 6
a 253 157 5
a 253 520 9
a 254 445 10
a 255 442 9
a 255 447 3
a 255 450 5
a 256 226 1
a 257 95 9
a 257 98 1
a 258 84 7
a 259 197 2
a 259 365 8
a 260 197 7
a 260 453 10
a 261 146 7
a 262 89 1
a 262 94 5
a 262 350 1
a 262 543 1
a 263 316 9
a 263 461 3
a 264 52 10
a 264 79 4
a 264 359 10
a 265 279 10
a 265 474 2
a 266 416 9
a 267 540 1
a 268 18 5
a 268 69 8
a 268 402 10
a 269 474 5
a 270 70 4
a 270 316 3
a 271 376 7
a 272 273 4
a 273 177 6
a 273 234 5
a 274 280 4
a 275 514 6
a 276 265 7
a 276 313 2
a 277 60 9
a 277 515 8
a 278 373 9
a 278 411 8
a 279 158 10
a 279 416 8
a 279 558 4
a 280 16 10
a 280 397 4
a 281 320 2
a 281 407 4
a 282 93 7
a 282 107 2
a 283 86 6
a 283 294 5
a 283 319 10
a 284 70 2
a 285 125 2
a 285 443 5
a 286 425 4
a 286 439 5
a 286 502 9
a 287 348 5
a 288 170 7
a 288 452 6
a 289 138 6
a 289 211 2
a 289 402 3
a 290 186 9
a 290 479 10
a 291 235 2
a 291 243 3
a 291 261 9
a 292 319 3
a 293 363 6
a 294 567 2
a 295 218 9
a 295 222 9
a 296 21 5
a 297 264 6
a 298 356 3
a 299 270 9
a 299 584 4
a 300 100 8
a 300 106 9
a 301 137 6
a 301 169 1
a 301 262 4
a 302 72 7
a 303 187 3
a 303 431 7
a 303 506 2
a 304 335 4
a 305 293 1
a 305 394 10
a 305 455 6
a 306 330 4
a 307 330 1
a 308 163 3
a 308 321 9
a 309 282 9
a 309 495 10
a 310 6 6
a 311 37 2
a 311 231 8
a 311 377 10
a 312 139 6
a 312 442 4
a 313 88 4
a 314 256 1
a 314 276 9
a 315 200 6
a 315 536 1
a 316 110 9
a 316 116 4
a 317 262 1
a 317 489 8
a 318 202 5
a 318 325 1
a 318 423 4
a 319 167 2
a 319 310 10
a 319 414 9
a 319 555 1
a 320 312 10
a 320 543 5
a 321 2 6
a 321 136 9
a 321 403 3
a 321 490 10
a 322 387 4
a 323 208 8
a 323 272 3
a 323 391 9
a 324 537 4
a 325 16 8
a 325 360 9
a 326 121 7
a 326 269 6
a 327 341 1
a 327 501 6
a 328 57 5
a 329 345 1
a 329 376 9
a 330 164 4
a 330 322 4
a 331 31 5
a 331 141 6
a 331 339 10
a 331 525 4
a 332 290 5
a 332 449 10
a 333 259 2
a 333 367 3
a 333 512 2
a 334 229 6
a 334 538 5
a 335 308 5
a 335 315 10
a 336 53 6
a 336 111 10
a 337 240 1
a 338 351 1
a 339 206 5
a 340 356 3
a 340 582 5
a 341 300 1
a 341 464 10
a 342 598 2
a 343 340 7
a 344 298 1
a 344 333 9
a 345 590 1
a 345 595 3
a 346 269 9
a 347 191 2
a 348 429 5
a 349 54 2
a 350 286 2
a 350 405 6
a 351 484 5
a 351 508 8
a 352 54 7
a 352 526 6
a 353 324 5
a 353 547 10
a 354 81 8
a 355 578 4
a 355 597 1
a 356 67 3
a 357 153 6
a 357 502 1
a 358 284 10
a 358 497 2
a 359 280 5
a 359 324 4
a 359 332 9
a 359 483 6
a 360 548 2
a 361 366 1
a 362 295 5
a 363 10 3
a 363 180 4
a 364 395 3
a 365 211 2
a 365 522 3
a 366 582 2
a 367 393 1
a 367 562 8
a 368 384 1
a 369 4 2
a 369 98 5
a 369 413 2
a 370 36 6
a 370 380 1
a 371 317 8
a 372 517 10
a 373 444 10
a 373 551 4
a 373 588 3
a 374 30 3
a 375 222 6
a 375 322 8
a 375 404 7
a 376 507 1
a 376 558 8
a 377 41 9
a 377 154 3
a 378 346 8
a 379 64 1
a 379 112 4
a 379 149 1
a 379 491 4
a 379 559 5
a 380 71 10
a 380 331 3
a 381 490 10
a 382 108 3
a 382 254 9
a 383 41 10
a 383 130 9
a 384 169 1
a 385 166 5
a 385 273 8
a 386 22 2
a 387 204 5
a 387 409 9
a 388 399 9
a 389 110 6
a 389 407 10
a 390 267 8
a 390 513 1
a 391 44 6
a 391 152 5
a 391 446 1
a 392 217 3
a 392 362 9
a 392 503 9
a 393 115 2
a 393 192 10
a 394 552 7
a 395 128 9
a 395 599 6
a 396 39 3
a 396 89 8
a 396 520 5
a 397 225 9
a 397 530 4
a 398 167 6
a 399 55 2
a 399 217 10
a 399 531 2
a 400 248 1
a 400 302 5
a 400 529 1
a 401 177 10
a 401 572 10
a 402 463 7
a 403 290 9
a 403 384 10
a 403 410 10
a 403 553 5
a 404 22 5
a 404 42 1
a 404 59 5
a 404 326 7
a 404 474 8
a 405 372 8
a 406 303 2
a 406 351 4
a 407 7 8
a 407 256 1
a 407 588 4
a 408 283 3
a 408 290 5
a 408 475 6
a 408 544 3
a 408 593 4
a 409 57 6
a 409 424 4
a 410 413 9
a 411 11 7
a 412 504 6
a 412 536 10
a 413 363 4
a 413 504 10
a 414 136 3
a 414 175 3
a 414 487 2
a 415 327 1
a 416 281 2
a 417 117 4
a 417 398 4
a 418 499 3
a 419 176 2
a 419 330 10
a 419 398 3
a 419 557 6
a 420 115 2
a 420 211 4
a 421 59 5
a 422 22 5
a 422 374 3
a 423 176 8
a 423 596 6
a 424 321 4
a 424 419 2
a 425 109 5
a 425 245 9
a 425 313 8
a 426 97 5
a 426 304 8
a 427 179 1
a 427 233 8
a 428 19 4
a 428 56 1
a 429 97 2
a 429 349 8
a 430 9 2
a 430 503 8
a 431 360 9
a 432 385 9
a 432 536 6
a 433 171 4
a 434 436 7
a 435 564 8
a 435 569 1
a 436 433 9
a 436 587 3
a 437 59 9
a 437 146 4
a 437 226 9
a 438 467 6
a 438 529 9
a 439 356 4
a 440 174 9
a 440 207 10
a 440 398 4
a 441 379 2
a 442 35 1
a 442 529 7
a 443 131 10
a 443 240 4
a 443 338 7
a 444 342 7
a 444 541 7
a 445 223 6
a 445 404 9
a 446 58 5
a 446 143 2
a 446 458 7
a 447 125 2
a 448 238 2
a 448 462 3
a 449 312 2
a 449 356 5
a 449 572 3
a 450 68 10
a 450 110 10
a 450 184 3
a 450 261 8
a 451 21 1
a 451 205 8
a 451 548 8
a 452 106 7
a 452 156 3
a 452 354 6
a 453 106 7
a 454 62 7
a 454 319 10
a 455 139 5
a 455 558 9
a 456 267 3
a 456 371 3
a 456 440 8
a 456 511 5
a 457 543 2
a 458 119 9
a 458 316 5
a 458 366 8
a 459 353 4
a 459 558 3
a 460 594 6
a 461 293 1
a 462 146 5
a 463 250 6
a 463 384 3
a 464 401 1
a 465 332 5
a 466 23 2
a 466 281 8
a 466 564 2
a 467 27 6
a 467 119 4
a 468 82 6
a 468 489 6
a 469 562 3
a 470 278 7
a 470 285 10
a 471 101 10
a 472 257 9
a 473 162 7
a 473 344 8
a 473 464 4
a 474 129 5
a 474 341 1
a 475 311 2
a 475 402 3
a 476 215 4
a 477 297 6
a 477 372 9
a 478 125 2
a 478 252 10
a 478 305 5
a 479 127 5
a 479 507 8
a 479 597 1
a 480 21 10
a 481 194 6
a 481 257 10
a 481 323 1
a 481 579 5
a 482 255 8
a 482 448 5
a 483 337 7
a 484 203 9
a 484 353 6
a 485 213 10
a 486 332 8
a 487 464 1
a 487 494 10
a 488 253 6
a 489 386 4
a 489 486 4
a 490 397 4
a 491 410 7
a 492 227 3
a 492 500 8
a 493 83 6
a 493 422 4
a 493 561 1
a 494 371 7
a 494 518 10
a 495 92 4
a 495 545 2
a 495 580 9
a 496 420 2
a 497 106 6
a 498 273 3
a 498 415 7
a 498 580 7
a 499 190 7
a 499 301 7
a 500 9 6
a 500 187 2
a 500 253 7
a 500 445 4
a 500 539 7
a 501 66 4
a 501 436 1
a 502 413 7
a 503 438 7
a 503 560 4
a 504 347 5
a 505 106 9
a 505 427 9
a 506 102 10
a 506 159 5
a 506 195 5
a 506 432 9
a 506 462 5
a 506 521 9
a 507 116 2
a 507 222 5
a 507 286 8
a 507 425 3
a 507 576 4
a 508 32 4
a 508 203 2
a 508 221 4
a 509 93 6
a 509 178 10
a 510 582 1
a 511 173 9
a 511 592 6
a 512 10 9
a 512 303 3
a 512 314 9
a 513 215 6
a 513 334 3
a 514 136 1
a 515 38 1
a 515 370 10
a 515 442 1
a 516 571 1
a 517 171 1
a 517 307 7
a 517 417 8
a 518 381 10
a 519 174 8
a 519 415 6
a 520 302 1
a 521 111 5
a 521 532 4
a 521 533 6
a 522 43 3
a 522 67 6
a 523 136 2
a 524 282 4
a 524 327 3
a 524 442 5
a 525 378 6
a 526 210 1
a 527 118 10
a 527 205 2
a 527 254 3
a 527 456 10
a 527 556 1
a 528 77 5
a 528 444 5
a 529 111 5
a 530 65 1
a 530 224 1
a 531 212 4
a 532 265 8
a 532 492 4
a 533 224 5
a 534 247 9
a 534 343 2
a 535 274 10
a 535 297 4
a 535 368 4
a 535 406 6
a 536 250 7
a 536 435 10
a 537 60 10
a 538 495 6
a 539 267 10
a 540 37 3
a 540 337 4
a 540 566 6
a 541 48 10
a 541 72 8
a 542 45 1
a 542 57 10
a 542 281 2
a 542 335 10
a 543 34 7
a 543 81 6
a 543 263 4
a 543 428 9
a 543 509 8
a 544 434 4
a 544 575 6
a 545 472 5
a 545 518 2
a 545 541 9
a 546 456 3
a 547 103 5
a 547 258 7
a 548 399 9
a 549 592 4
a 550 95 9
a 550 433 1
a 551 307 1
a 551 326 4
a 552 361 1
a 552 416 3
a 553 99 8
a 554 348 6
a 554 597 4
a 555 67 2
a 555 193 2
a 555 383 9
a 555 516 1
a 556 32 3
a 556 478 1
a 557 207 2
a 558 8 5
a 558 79 8
a 558 268 7
a 559 352 2
a 559 400 7
a 559 441 8
a 559 524 3
a 560 51 6
a 561 63 6
a 561 414 3
a 562 147 5
a 563 151 1
a 563 383 2
a 564 265 7
a 565 176 10
a 565 189 2
a 565 412 6
a 566 269 8
a 566 345 2
a 567 493 3
a 567 512 6
a 568 422 8
a 569 140 3
a 569 296 2
a 570 466 6
a 570 598 10
a 570 600 5
a 571 104 8
a 571 520 4
a 572 30 7
a 573 54 6
a 574 568 1
a 575 30 9
a 575 47 5
a 575 111 7
a 575 243 3
a 575 430 7
a 576 517 8
a 576 584 8
a 577 120 1
a 577 140 7
a 578 76 4
a 578 275 1
a 579 74 3
a 579 101 5
a 579 208 3
a 579 363 3
a 580 199 7
a 580 244 8
a 580 358 1
a 581 180 4
a 582 58 4
a 583 252 6
a 583 365 10
a 584 232 1
a 584 528 8
a 585 170 2
a 585 257 3
a 586 121 7
a 586 150 10
a 586 237 2
a 586 598 7
a 587 173 2
a 587 479 2
a 588 196 10
a 588 389 4
a 588 467 10
a 589 94 6
a 590 232 1
a 590 355 7
a 590 408 4
a 590 480 3
a 591 110 4
a 591 288 2
a 592 169 1
a 593 6 9
a 594 249 4
a 594 541 2
a 595 74 4
a 596 356 1
a 597 317 8
a 597 384 10
a 597 549 3
a 598 7 8
a 598 407 6
a 599 147 8
