p max 600 1200
n 1 s
n 600 t
a 1 326 2
a 1 447 7
a 2 133 1
a 3 187 5
a 3 414 2
a 3 439 8
a 3 454 2
a 3 568 7
a 4 324 8
a 4 391 6
a 4 560 8
a 5 48 6
a 6 197 2
a 6 434 4
a 6 554 5
a 7 365 2
a 8 93 2
a 8 255 8
a 8 501 9
a 8 574 10
a 9 230 3
a 9 365 1
a 9 440 10
a 10 282 6
a 10 480 7
a 11 54 6
a 11 235 5
a 12 83 10
a 12 293 2
a 12 566 8
a 13 447 1
a 14 246 6
a 15 169 4
a 16 212 2
a 17 20 9
a 17 360 8
a 18 134 7
a 19 131 2
a 19 215 2
a 19 274 3
a 19 339 7
a 20 208 1
a 20 271 10
a 21 489 6
a 22 74 4
a 22 288 8
a 23 103 9
a 23 245 2
a 24 232 2
a 24 328 7
a 24 347 8
a 24 470 10
a 25 152 9
a 25 298 6
a 25 348 9
a 26 475 8
a 27 440 9
a 28 133 1
a 28 448 7
a 29 100 5
a 30 202 8
a 30 365 4
a 31 207 10
a 31 509 9
a 32 264 8
a 32 565 10
a 33 145 3
a 33 217 10
a 33 486 2
a 33 549 1
a 34 58 8
a 35 534 3
a 36 290 5
a 36 313 3
a 37 381 9
a 38 191 4
a 38 367 6
a 38 492 6
a 39 253 7
a 40 335 9
a 40 433 10
a 41 280 8
a 42 49 8
a 43 193 7
a 43 307 6
a 44 233 2
a 45 355 3
a 45 502 3
a 45 546 9
a 46 270 9
a 47 516 8
a 48 387 9
a 49 23 5
a 49 52 4
a 49 372 3
a 49 378 8
a 50 55 10
a 50 66 6
a 50 190 2
a 51 45 10
a 51 463 8
a 52 340 10
a 52 440 3
a 53 17 4
a 54 77 10
a 54 175 8
a 55 43 7
a 55 402 1
a 55 577 4
a 56 59 7
a 56 349 6
a 57 563 5
a 58 154 6
a 59 108 9
a 59 289 7
a 59 420 7
a 59 531 7
a 60 160 7
a 61 494 10
a 62 125 7
a 63 251 10
a 63 464 7
a 64 334 10
a 65 103 10
a 65 284 2
a 66 289 1
a 66 410 8
a 67 316 6
a 68 67 8
a 68 375 1
a 68 478 1
a 69 36 9
a 70 448 2
a 70 561 2
a 71 280 5
a 72 45 10
a 72 336 10
a 73 385 9
a 73 498 1
a 74 555 5
a 75 287 1
a 75 290 1
a 76 462 2
a 76 580 5
a 77 49 5
a 78 84 9
a 78 459 6
a 79 326 1
a 80 67 1
a 80 81 4
a 80 302 5
a 81 276 4
a 81 493 3
a 81 507 8
a 82 386 7
a 82 451 2
a 83 87 4
a 83 106 6
a 84 16 4
a 84 455 7
a 85 208 6
a 86 299 1
a 87 211 7
a 87 553 2
a 88 110 4
a 88 384 2
a 88 467 3
a 89 303 6
a 89 495 5
a 89 514 2
a 89 529 3
a 89 588 2
a 90 18 9
a 91 417 2
a 92 99 4
a 92 256 1
a 92 366 6
a 92 550 8
a 93 3 1
a 93 92 7
a 93 146 1
a 93 186 7
a 93 371 1
a 93 494 2
a 93 556 2
a 94 135 6
a 94 441 1
a 94 598 1
a 95 276 3
a 96 105 10
a 96 516 7
a 97 184 4
a 97 338 9
a 98 190 3
a 98 376 1
a 99 296 4
a 99 430 10
a 100 457 2
a 101 393 2
a 101 526 6
a 102 19 5
a 102 30 4
a 102 36 10
a 102 271 6
a 102 353 9
a 102 506 3
a 103 356 9
a 104 174 3
a 104 299 10
a 105 158 8
a 106 562 3
a 107 23 7
a 107 415 4
a 108 182 3
a 108 295 5
a 108 428 7
a 109 480 7
a 110 60 2
a 110 90 9
a 110 553 10
a 111 192 1
a 111 194 7
a 111 200 1
a 111 307 10
a 112 109 7
a 112 530 1
a 113 210 10
a 113 221 6
a 113 573 9
a 114 465 6
a 115 43 4
a 115 490 10
a 115 562 6
a 115 594 9
a 116 385 10
a 116 445 1
a 117 292 9
a 117 308 9
a 117 319 6
a 117 432 9
a 117 531 2
a 118 94 10
a 118 314 4
a 118 387 2
a 118 599 2
a 119 58 5
a 120 132 8
a 120 294 2
a 121 340 1
a 122 234 5
a 122 267 8
a 122 494 7
a 123 188 7
a 123 215 10
a 124 300 9
a 124 485 2
a 124 575 7
a 125 106 4
a 125 376 7
a 126 266 1
a 127 316 1
a 127 519 1
a 127 526 7
a 128 9 10
a 128 375 10
a 129 421 1
a 130 215 7
a 130 344 1
a 130 435 1
a 131 71 10
a 132 82 4
a 133 85 1
a 134 142 3
a 134 456 2
a 135 101 4
a 135 380 7
a 136 322 3
a 136 345 4
a 137 111 10
a 137 156 10
a 137 575 6
a 138 330 5
a 138 409 4
a 139 72 3
a 139 491 3
a 140 419 5
a 141 164 7
a 141 328 1
a 142 575 2
a 143 301 6
a 144 22 9
a 144 405 8
a 145 163 1
a 145 198 6
a 145 363 8
a 145 417 1
a 146 137 1
a 146 247 1
a 146 567 7
a 147 551 4
a 148 600 7
a 149 547 6
a 150 33 9
a 150 84 4
a 150 324 4
a 151 88 9
a 151 176 1
a 152 28 1
a 153 45 2
a 153 213 3
a 154 518 9
a 154 592 6
a 155 62 2
a 155 542 8
a 156 261 7
a 156 491 5
a 157 186 2
a 158 327 1
a 159 238 3
a 159 575 10
a 160 136 10
a 160 335 10
a 160 493 6
a 161 15 6
a 161 597 9
a 162 525 6
a 163 116 5
a 163 162 10
a 164 238 8
a 165 590 9
a 166 321 1
a 166 333 7
a 167 82 4
a 167 400 4
a 168 192 8
a 169 33 10
a 170 58 4
a 170 76 10
a 171 63 6
a 171 244 8
a 171 318 6
a 171 441 2
a 172 458 2
a 173 149 10
a 174 240 10
a 174 437 6
a 174 470 9
a 175 514 10
a 175 523 1
a 176 103 7
a 176 417 10
a 177 148 2
a 177 410 10
a 177 421 7
a 177 444 7
a 178 154 10
a 178 202 3
a 178 424 10
a 178 527 8
a 179 47 1
a 179 341 4
a 179 565 5
a 180 458 5
a 180 501 6
a 181 442 1
a 182 216 8
a 182 273 9
a 182 547 3
a 183 363 3
a 183 492 9
a 184 345 10
a 184 499 10
a 185 475 9
a 186 580 1
a 187 256 10
a 187 385 1
a 187 401 6
a 187 524 5
a 188 487 9
a 189 81 8
a 189 123 2
a 190 195 3
a 191 302 7
a 191 423 6
a 191 564 5
a 192 184 7
a 192 558 1
a 193 124 7
a 193 178 1
a 194 147 10
a 194 560 7
a 195 22 1
a 195 368 6
a 196 26 4
a 196 475 6
a 197 62 6
a 197 218 6
a 197 322 3
a 197 488 6
a 197 496 9
a 198 153 1
a 198 381 7
a 199 139 6
a 199 233 10
a 200 75 2
a 200 305 1
a 201 52 9
a 202 12 1
a 202 504 3
a 203 11 7
a 203 42 1
a 204 44 3
a 205 18 9
a 205 112 5
a 206 70 2
a 206 356 3
a 206 475 6
a 206 515 4
a 206 520 1
a 206 534 9
a 207 93 6
a 208 531 2
a 208 589 8
a 209 91 10
a 210 600 10
a 211 163 2
a 211 297 1
a 211 538 5
a 212 151 5
a 212 542 8
a 213 15 4
a 213 552 2
a 213 590 9
a 214 121 2
a 214 242 1
a 214 555 4
a 214 582 5
a 215 492 2
a 215 543 7
a 216 52 9
a 216 375 6
a 217 154 3
a 218 117 9
a 218 124 2
a 218 536 10
a 219 342 9
a 219 501 6
a 220 471 2
a 220 592 6
a 221 110 9
a 221 324 8
a 222 293 6
a 222 493 10
a 223 120 4
a 223 574 7
a 224 189 3
a 224 255 6
a 224 332 8
a 224 400 8
a 225 374 5
a 225 499 3
a 226 304 4
a 226 457 8
a 226 539 4
a 227 337 6
a 227 555 3
a 228 466 10
a 228 544 2
a 229 413 5
a 229 565 3
a 230 14 7
a 230 199 7
a 231 449 8
a 232 20 4
a 232 249 1
a 232 407 7
a 233 516 6
a 234 105 1
a 234 556 9
a 235 220 1
a 235 331 5
a 236 77 2
a 236 349 3
a 236 382 3
a 237 556 5
a 238 274 6
a 239 405 4
a 240 181 1
a 240 459 5
a 241 73 5
a 241 581 4
a 242 116 5
a 242 443 4
a 242 447 4
a 243 392 4
a 244 10 8
a 244 469 10
a 245 125 6
a 245 303 3
a 246 456 2
a 246 552 3
a 247 520 4
a 248 307 6
a 248 473 9
a 249 175 5
a 249 593 5
a 250 417 5
a 250 511 9
a 251 169 4
a 251 412 6
a 251 533 5
a 252 109 6
a 252 305 9
a 253 544 3
a 254 173 2
a 254 238 1
a 254 361 9
a 255 36 3
a 255 57 1
a 255 96 10
a 256 152 6
a 256 262 5
a 257 224 5
a 257 321 7
a 258 129 6
a 258 396 4
a 258 451 10
a 258 530 4
a 258 566 3
a 258 580 8
a 259 294 8
a 259 449 2
a 259 577 1
a 260 227 6
a 260 291 6
a 261 252 4
a 261 317 2
a 261 490 3
a 262 224 1
a 263 7 9
a 263 65 4
a 264 241 6
a 265 50 6
a 265 408 7
a 265 460 7
a 266 168 3
a 266 419 7
a 267 323 2
a 267 394 4
a 268 437 5
a 269 64 5
a 269 122 2
a 269 508 6
a 270 227 3
a 270 258 5
a 271 408 5
a 271 545 10
a 272 207 4
a 272 266 4
a 272 411 3
a 273 12 4
a 273 446 1
a 274 317 3
a 274 444 3
a 274 540 8
a 275 421 5
a 275 522 6
a 276 465 9
a 276 524 3
a 277 51 2
a 277 220 5
a 278 534 6
a 279 107 1
a 280 296 6
a 280 591 4
a 281 308 4
a 281 505 9
a 282 251 5
a 282 259 5
a 282 438 3
a 282 587 7
a 283 95 6
a 283 380 5
a 283 418 5
a 283 559 1
a 284 562 2
a 285 529 3
a 286 101 9
a 287 22 1
a 287 98 2
a 287 257 1
a 287 391 10
a 288 390 7
a 289 301 1
a 290 49 8
a 291 343 2
a 291 476 9
a 292 520 3
a 293 287 6
a 293 451 1
a 294 80 6
a 295 35 2
a 295 71 5
a 295 144 5
a 295 185 9
a 295 278 3
a 296 147 2
a 296 472 6
a 297 179 6
a 297 393 9
a 298 345 1
a 299 303 3
a 300 70 7
a 300 219 10
a 301 236 6
a 301 395 7
a 302 227 5
a 302 370 9
a 302 377 9
a 303 56 4
a 303 153 1
a 303 163 4
a 304 337 2
a 305 295 3
a 306 2 1
a 306 44 4
a 307 4 8
a 307 537 9
a 308 18 7
a 308 138 6
a 308 468 2
a 308 541 10
a 309 576 10
a 309 578 2
a 310 62 6
a 310 268 9
a 310 299 1
a 310 344 7
a 310 412 9
a 311 544 5
a 312 37 6
a 312 310 5
a 312 435 7
a 313 600 1
a 314 98 9
a 314 219 10
a 314 265 2
a 315 141 5
a 315 235 6
a 316 64 3
a 317 13 7
a 317 429 1
a 317 487 5
a 318 234 1
a 318 327 8
a 319 180 1
a 319 461 5
a 319 503 4
a 320 4 7
a 320 68 3
a 320 352 8
a 321 305 1
a 322 18 2
a 322 51 4
a 322 168 1
a 323 136 2
a 324 69 10
a 324 254 7
a 325 483 9
a 326 71 4
a 327 338 5
a 328 46 10
a 329 183 4
a 329 236 10
a 329 330 10
a 329 499 8
a 330 277 3
a 331 538 8
a 332 337 1
a 332 439 10
a 332 442 7
a 333 107 8
a 333 569 2
a 334 53 6
a 334 80 10
a 334 233 10
a 335 197 1
a 335 283 5
a 335 431 7
a 336 334 2
a 336 559 6
a 337 93 10
a 337 309 3
a 338 196 9
a 338 215 9
a 339 237 6
a 339 373 5
a 339 464 7
a 340 85 5
a 340 203 7
a 340 260 9
a 341 171 6
a 341 562 3
a 342 10 6
a 342 49 4
a 342 286 6
a 343 117 7
a 343 274 8
a 343 280 10
a 344 122 5
a 344 415 3
a 344 463 10
a 345 15 5
a 346 112 1
a 347 569 9
a 348 155 2
a 348 480 8
a 349 170 2
a 350 4 5
a 351 455 3
a 352 351 8
a 352 370 8
a 353 27 4
a 353 118 6
a 353 453 5
a 353 521 10
a 353 567 6
a 354 118 6
a 354 272 8
a 355 33 5
a 355 87 2
a 355 107 8
a 356 348 3
a 357 6 7
a 357 175 7
a 357 397 1
a 357 425 6
a 357 529 4
a 358 78 1
a 358 163 7
a 359 437 3
a 360 281 5
a 361 36 2
a 361 298 5
a 362 248 9
a 362 531 10
a 363 497 9
a 364 355 1
a 364 366 4
a 365 12 8
a 365 116 6
a 366 229 8
a 366 369 3
a 367 278 1
a 367 324 10
a 367 570 4
a 368 61 8
a 368 388 4
a 368 599 4
a 369 364 3
a 370 343 9
a 371 119 3
a 371 253 8
a 371 339 2
a 371 412 8
a 372 44 9
a 372 325 3
a 372 350 6
a 373 503 9
a 374 358 10
a 374 455 4
a 374 545 4
a 375 319 2
a 375 600 4
a 376 24 1
a 377 386 6
a 378 253 6
a 378 571 10
a 379 102 10
a 379 195 8
a 380 580 1
a 381 572 9
a 382 133 8
a 382 229 6
a 383 341 3
a 384 451 4
a 384 461 4
a 385 166 9
a 385 304 6
a 386 43 6
a 386 221 10
a 387 344 9
a 388 564 2
a 389 26 1
a 390 560 2
a 391 160 9
a 391 547 1
a 392 40 1
a 392 41 1
a 392 42 6
a 393 5 3
a 393 36 8
a 393 114 7
a 393 329 7
a 394 320 5
a 394 573 6
a 395 167 2
a 395 310 5
a 396 542 3
a 397 31 5
a 397 143 9
a 397 308 10
a 397 430 5
a 398 433 8
a 399 313 3
a 399 416 10
a 400 16 1
a 400 74 2
a 400 327 2
a 400 346 5
a 400 359 7
a 401 254 9
a 402 595 1
a 403 38 7
a 403 320 5
a 403 500 2
a 403 581 6
a 404 43 8
a 404 333 10
a 405 290 5
a 406 55 2
a 406 170 7
a 406 474 3
a 407 21 10
a 407 279 6
a 408 413 1
a 408 505 6
a 408 578 6
a 409 189 10
a 409 399 9
a 410 14 7
a 410 477 1
a 411 473 4
a 411 479 9
a 412 423 5
a 412 594 2
a 413 102 3
a 413 396 7
a 414 81 7
a 414 452 6
a 415 82 3
a 415 237 8
a 416 32 2
a 416 351 8
a 416 427 7
a 417 319 8
a 417 597 10
a 417 598 2
a 418 425 5
a 418 528 6
a 418 579 9
a 419 499 1
a 419 585 2
a 420 14 2
a 420 58 6
a 421 346 3
a 421 357 7
a 421 524 3
a 422 33 1
a 422 450 8
a 422 563 5
a 423 77 3
a 423 374 5
a 423 392 1
a 424 135 6
a 424 226 3
a 425 48 4
a 425 154 8
a 425 206 3
a 426 256 6
a 427 139 5
a 427 154 9
a 428 177 1
a 428 211 7
a 429 511 9
a 430 111 3
a 430 533 3
a 431 176 5
a 432 72 10
a 432 358 3
a 433 539 6
a 434 61 3
a 434 551 9
a 435 137 3
a 435 349 6
a 436 116 4
a 437 69 5
a 437 482 3
a 437 587 9
a 438 46 6
a 438 140 9
a 438 301 5
a 438 586 8
a 439 450 10
a 440 6 9
a 441 18 6
a 441 301 9
a 442 226 5
a 443 466 1
a 444 308 7
a 445 263 1
a 446 17 9
a 446 346 10
a 447 77 8
a 448 223 4
a 448 500 2
a 449 4 10
a 449 165 4
a 449 378 8
a 450 83 7
a 450 134 9
a 451 104 10
a 451 354 5
a 452 28 5
a 452 213 10
a 453 307 2
a 454 328 4
a 455 492 8
a 456 524 9
a 457 510 10
a 458 155 8
a 459 40 2
a 460 305 9
a 461 4 5
a 462 128 10
a 462 343 10
a 462 487 2
a 463 161 3
a 463 413 3
a 464 106 3
a 465 41 10
a 466 568 10
a 467 342 7
a 467 491 4
a 468 88 6
a 468 436 1
a 469 121 4
a 470 555 7
a 470 583 9
a 471 311 2
a 472 491 7
a 473 130 7
a 473 466 9
a 474 76 2
a 474 390 8
a 475 264 1
a 475 291 1
a 475 389 7
a 476 44 5
a 476 150 6
a 476 513 3
a 477 104 1
a 477 161 4
a 478 365 8
a 479 100 3
a 479 197 9
a 480 65 3
a 480 184 3
a 480 558 3
a 481 571 4
a 482 89 6
a 482 176 9
a 482 202 3
a 483 21 3
a 483 499 9
a 484 48 5
a 484 225 2
a 485 160 3
a 485 572 5
a 486 324 7
a 487 144 9
a 487 214 2
a 488 2 7
a 488 193 9
a 489 388 2
a 490 205 7
a 490 556 1
a 491 57 1
a 491 222 3
a 492 454 10
a 493 522 5
a 494 427 6
a 495 476 1
a 496 54 1
a 496 231 9
a 496 281 8
a 496 533 10
a 497 49 7
a 498 404 4
a 498 421 3
a 499 275 8
a 499 518 10
a 499 548 5
a 500 498 4
a 501 361 7
a 502 195 5
a 502 523 3
a 503 209 2
a 503 334 4
a 504 138 5
a 505 589 8
a 506 40 1
a 506 86 6
a 506 241 4
a 507 175 3
a 507 304 4
a 508 122 10
a 508 411 10
a 509 331 4
a 510 9 4
a 510 479 6
a 511 112 6
a 511 326 4
a 512 396 3
a 513 46 1
a 513 79 8
a 513 192 6
a 514 115 7
a 514 157 1
a 514 201 5
a 514 361 7
a 515 95 2
a 515 481 4
a 516 369 1
a 516 593 8
a 517 194 7
a 518 212 1
a 518 239 7
a 518 246 5
a 518 263 5
a 519 103 5
a 519 379 2
a 519 483 6
a 520 250 5
a 521 152 4
a 522 250 8
a 522 323 1
a 522 557 8
a 523 518 7
a 523 572 9
a 524 419 8
a 525 260 8
a 525 428 4
a 526 398 6
a 527 158 6
a 527 362 4
a 527 532 4
a 527 556 5
a 528 10 5
a 528 81 1
a 528 269 10
a 529 10 7
a 529 112 1
a 530 489 6
a 530 535 8
a 530 577 1
a 531 475 7
a 532 153 9
a 532 249 7
a 533 462 4
a 534 383 9
a 534 416 7
a 535 533 8
a 536 329 8
a 536 446 1
a 537 91 3
a 537 277 5
a 537 544 6
a 538 62 9
a 538 172 8
a 539 16 7
a 539 247 2
a 540 179 5
a 541 515 9
a 542 106 4
a 543 269 5
a 544 403 6
a 544 469 9
a 545 285 4
a 545 559 1
a 546 243 6
a 546 525 6
a 547 311 5
a 548 413 7
a 548 510 10
a 549 11 5
a 549 30 7
a 550 162 6
a 550 600 9
a 551 109 1
a 551 130 5
a 551 517 4
a 552 328 4
a 552 539 7
a 553 29 6
a 553 34 6
a 553 406 3
a 554 145 7
a 554 382 4
a 555 226 3
a 556 11 4
a 557 196 6
a 557 324 9
a 557 596 8
a 558 39 6
a 558 89 10
a 559 269 9
a 560 170 7
a 560 257 4
a 561 346 9
a 562 126 6
a 562 149 9
a 562 364 9
a 563 14 4
a 563 228 2
a 563 381 10
a 564 97 6
a 564 159 10
a 564 334 5
a 565 509 5
a 566 503 4
a 567 215 8
a 568 60 3
a 568 160 9
a 569 551 6
a 570 193 9
a 570 228 2
a 571 8 9
a 571 243 1
a 571 488 4
a 572 282 3
a 573 213 1
a 573 398 3
a 574 29 1
a 574 135 1
a 574 584 3
a 575 161 8
a 575 526 6
a 576 110 2
a 576 285 3
a 576 315 7
a 577 100 5
a 577 143 10
a 577 436 6
a 578 13 4
a 579 126 6
a 579 429 4
a 579 439 9
a 579 485 4
a 580 164 9
a 580 512 8
a 581 21 2
a 582 328 10
a 582 422 8
a 583 24 9
a 583 127 1
a 583 248 7
a 583 484 2
a 584 22 7
a 585 152 4
a 585 311 4
a 586 3 7
a 586 35 10
a 587 246 8
a 587 312 6
a 587 341 6
a 587 595 5
a 588 25 3
a 588 306 2
a 589 229 10
a 590 101 4
a 591 584 6
a 592 61 6
a 592 137 2
a 592 306 1
a 593 177 7
a 594 77 5
a 594 270 5
a 594 426 3
a 595 260 3
a 595 411 10
a 595 480 7
a 596 23 6
a 596 113 9
a 596 497 4
a 597 154 5
a 598 204 3
a 598 394 3
a 598 496 7
a 599 508 6
