p max 600 1200
n 1 s
n 600 t
a 1 106 9
a 1 160 8
a 2 189 9
a 3 381 2
a 3 565 9
a 4 120 2
a 4 457 7
a 5 21 5
a 5 570 6
a 5 595 3
a 6 387 7
a 7 418 10
a 7 446 4
a 8 201 9
a 8 280 5
a 8 309 4
a 8 559 4
a 9 69 5
a 10 476 2
a 11 17 6
a 11 271 2
a 12 86 7
a 12 204 10
a 12 415 4
a 12 500 10
a 13 223 1
a 13 244 5
a 13 263 1
a 14 252 7
a 15 326 1
a 15 410 5
a 15 573 9
a 16 213 7
a 17 55 5
a 17 355 3
a 17 435 8
a 18 262 4
a 19 90 5
a 19 400 10
a 19 525 3
a 19 580 5
a 20 532 8
a 21 534 10
a 22 274 3
a 23 181 1
a 23 183 1
a 24 91 4
a 24 492 5
a 25 284 2
a 25 500 10
a 26 43 7
a 27 104 1
a 27 278 9
a 27 444 4
a 28 216 7
a 28 352 7
a 28 526 5
a 29 51 1
a 29 428 7
a 29 461 2
a 30 247 5
a 31 288 1
a 32 455 3
a 32 585 6
a 33 322 5
a 33 520 10
a 33 590 6
a 34 89 1
a 34 342 3
a 35 147 7
a 35 312 2
a 36 278 7
a 37 162 6
a 37 330 1
a 38 161 1
a 39 40 9
a 40 189 4
a 41 210 1
a 42 506 8
a 43 227 8
a 44 119 3
a 45 67 8
a 46 146 4
a 46 175 1
a 46 367 3
a 47 6 5
a 47 503 2
a 48 77 9
a 48 167 9
a 48 595 2
a 49 155 10
a 49 573 10
a 50 122 3
a 50 256 4
a 50 298 1
a 51 286 10
a 51 505 8
a 52 433 1
a 52 512 7
a 53 305 4
a 54 34 5
a 54 57 5
a 54 237 8
a 55 359 3
a 56 225 1
a 56 356 9
a 56 584 5
a 57 174 1
a 57 179 7
a 57 233 1
a 57 386 2
a 58 57 5
a 58 91 1
a 59 149 3
a 59 213 8
a 60 40 3
a 60 102 2
a 60 176 3
a 60 178 6
a 61 475 4
a 62 73 8
a 62 368 9
a 62 516 7
a 62 519 1
a 63 321 2
a 64 331 3
a 64 414 2
a 65 457 5
a 65 495 2
a 66 88 2
a 67 257 10
a 68 533 5
a 69 118 2
a 69 307 6
a 69 431 10
a 70 125 1
a 70 507 1
a 70 529 9
a 70 589 7
a 71 373 8
a 72 4 6
a 72 379 9
a 73 114 8
a 73 452 8
a 74 528 10
a 74 534 9
a 75 213 9
a 75 264 9
a 75 419 4
a 76 172 5
a 76 334 7
a 77 446 3
a 78 242 5
a 78 316 2
a 78 582 8
a 79 84 6
a 79 465 4
a 79 482 2
a 80 85 4
a 80 96 4
a 81 405 3
a 81 411 10
a 82 399 2
a 82 504 1
a 83 72 5
a 83 228 4
a 83 357 5
a 84 262 4
a 85 97 7
a 85 421 4
a 86 52 4
a 86 143 1
a 86 348 1
a 86 432 8
a 86 558 4
a 87 35 2
a 88 36 3
a 88 321 1
a 88 398 8
a 89 427 3
a 90 332 8
a 91 191 8
a 92 361 7
a 92 451 10
a 93 546 5
a 94 72 9
a 94 249 2
a 95 68 8
a 95 87 10
a 95 286 8
a 96 116 6
a 96 184 3
a 96 376 1
a 96 440 1
a 97 475 8
a 97 597 9
a 98 193 7
a 99 58 9
a 99 66 5
a 100 439 8
a 101 190 5
a 102 50 9
a 102 79 6
a 102 190 7
a 102 460 8
a 102 481 7
a 103 366 5
a 104 22 5
a 104 382 6
a 104 494 9
a 105 396 2
a 105 444 6
a 106 255 6
a 106 545 5
a 107 338 4
a 107 357 9
a 108 598 10
a 109 145 8
a 109 536 2
a 110 134 7
a 111 15 3
a 111 56 5
a 112 469 5
a 112 548 5
a 113 25 2
a 114 61 2
a 114 311 7
a 114 442 8
a 115 169 7
a 115 180 10
a 115 508 10
a 116 189 7
a 116 445 6
a 116 547 3
a 117 31 1
a 117 111 7
a 117 326 8
a 117 407 4
a 117 416 5
a 118 282 9
a 119 557 1
a 120 185 5
a 121 143 2
a 121 449 7
a 121 490 9
a 122 251 10
a 123 200 1
a 124 112 9
a 124 313 7
a 125 539 4
a 126 19 7
a 126 45 8
a 126 236 4
a 126 598 7
a 127 157 10
a 127 168 1
a 127 439 7
a 127 597 6
a 128 438 1
a 129 349 4
a 130 390 5
a 131 218 5
a 132 277 1
a 132 440 9
a 133 358 3
a 133 362 2
a 134 266 9
a 134 594 8
a 135 544 2
a 136 18 2
a 136 191 8
a 137 267 8
a 138 510 2
a 139 199 5
a 139 518 10
a 140 46 10
a 140 109 7
a 141 380 2
a 141 381 5
a 142 152 10
a 142 160 5
a 143 161 4
a 143 187 10
a 143 309 6
a 144 328 3
a 144 560 5
a 145 44 5
a 146 147 6
a 146 537 9
a 147 250 9
a 147 335 8
a 147 588 10
a 148 53 4
a 149 27 2
a 149 64 6
a 149 532 1
a 150 225 2
a 151 66 8
a 151 226 10
a 152 430 8
a 153 202 3
a 154 193 7
a 154 550 6
a 155 131 6
a 155 150 4
a 155 231 8
a 156 106 7
a 156 491 1
a 156 549 1
a 157 131 6
a 157 194 8
a 157 557 9
a 158 410 7
a 158 437 7
a 158 493 9
a 159 126 3
a 160 194 1
a 160 230 2
a 161 140 4
a 161 169 6
a 162 416 5
a 162 550 8
a 163 558 5
a 164 349 5
a 164 457 6
a 165 318 2
a 165 414 6
a 165 546 8
a 166 50 3
a 167 342 10
a 168 502 9
a 169 9 7
a 169 97 7
a 169 458 6
a 169 484 1
a 170 89 3
a 171 67 3
a 171 383 5
a 172 157 6
a 173 157 7
a 173 576 9
a 174 82 7
a 174 102 2
a 174 128 8
a 175 21 3
a 175 23 2
a 175 273 9
a 176 82 9
a 176 153 2
a 177 158 4
a 177 247 3
a 178 504 6
a 178 592 5
a 179 41 3
a 180 478 9
a 181 273 4
a 182 489 8
a 183 278 9
a 184 43 4
a 184 244 8
a 185 409 7
a 185 522 10
a 186 74 7
a 186 95 4
a 186 346 7
a 187 64 1
a 187 86 8
a 188 245 9
a 188 481 4
a 188 551 1
a 189 154 2
a 189 316 5
a 190 129 4
a 191 17 4
a 191 172 1
a 191 436 10
a 192 314 4
a 192 336 5
a 193 225 3
a 194 13 3
a 195 71 3
a 195 130 4
a 196 486 6
a 197 345 1
a 197 447 4
a 198 507 4
a 199 98 3
a 199 154 9
a 199 258 3
a 199 370 6
a 200 40 4
a 200 235 5
a 201 26 1
a 201 321 2
a 201 322 9
a 202 20 4
a 202 145 2
a 202 505 1
a 203 50 5
a 204 451 3
a 205 305 3
a 205 509 2
a 205 555 10
a 206 542 1
a 207 181 4
a 207 284 6
a 208 243 8
a 209 197 4
a 210 143 9
a 211 248 2
a 211 500 3
a 212 379 2
a 212 520 7
a 213 363 10
a 214 100 10
a 214 479 2
a 214 548 4
a 214 579 9
a 215 58 3
a 215 138 9
a 216 423 2
a 217 509 8
a 217 593 6
a 218 203 9
a 218 265 3
a 218 585 9
a 219 283 5
a 220 546 5
a 221 418 9
a 221 420 7
a 221 470 4
a 221 542 9
a 222 77 9
a 223 38 8
a 223 545 5
a 224 165 8
a 225 266 6
a 226 174 3
a 226 200 4
a 226 567 9
a 227 220 7
a 227 498 5
a 228 422 9
a 228 423 6
a 229 128 10
a 229 238 1
a 229 581 2
a 230 287 6
a 230 587 8
a 231 513 1
a 231 547 6
a 231 573 1
a 231 580 5
a 232 498 8
a 232 527 8
a 232 563 5
a 233 359 8
a 233 383 9
a 233 560 10
a 234 111 7
a 234 518 6
a 235 71 2
a 236 105 2
a 236 178 10
a 237 257 8
a 238 58 6
a 239 76 8
a 239 252 7
a 239 279 2
a 239 427 4
a 239 447 1
a 240 138 2
a 241 206 5
a 241 246 5
a 241 392 1
a 241 575 1
a 242 441 4
a 242 444 6
a 243 18 4
a 243 568 5
a 244 76 3
a 244 164 4
a 244 324 3
a 245 53 9
a 245 210 3
a 245 401 5
a 246 251 10
a 246 600 6
a 247 218 3
a 247 541 7
a 247 559 4
a 248 314 8
a 248 354 1
a 249 292 4
a 250 88 9
a 250 159 2
a 250 299 5
a 251 183 6
a 252 39 5
a 252 382 3
a 253 152 4
a 253 173 2
a 254 302 5
a 254 367 1
a 254 473 1
a 255 238 2
a 255 524 5
a 256 132 3
a 256 284 5
a 256 325 5
a 256 365 6
a 257 168 6
a 257 436 4
a 258 42 3
a 258 533 10
a 259 114 5
a 259 193 3
a 259 466 7
a 260 486 2
a 260 556 5
a 261 319 9
a 261 377 10
a 261 477 1
a 262 358 3
a 262 523 10
a 263 117 8
a 263 555 1
a 264 363 3
a 264 485 3
a 264 594 1
a 265 144 4
a 266 21 8
a 267 282 2
a 268 265 3
a 268 488 1
a 269 170 1
a 269 248 5
a 270 179 6
a 271 423 3
a 272 414 7
a 272 580 9
a 273 94 5
a 273 225 6
a 273 383 5
a 274 476 6
a 274 498 4
a 275 8 5
a 275 245 1
a 275 290 7
a 275 373 4
a 276 244 3
a 276 312 5
a 277 339 2
a 278 346 5
a 278 353 6
a 278 566 7
a 279 476 8
a 279 598 4
a 280 35 5
a 280 196 6
a 280 267 8
a 280 434 1
a 281 229 8
a 282 500 1
a 283 93 8
a 284 9 7
a 284 205 10
a 284 306 3
a 285 331 9
a 286 298 9
a 286 399 7
a 287 591 3
a 288 267 4
a 289 497 8
a 289 516 7
a 290 540 7
a 291 81 8
a 291 107 3
a 291 592 5
a 292 92 7
a 292 346 7
a 292 384 2
a 292 565 7
a 293 425 3
a 293 580 9
a 294 115 4
a 295 197 5
a 295 328 4
a 295 574 6
a 296 40 1
a 296 75 10
a 296 451 8
a 297 261 9
a 297 403 6
a 298 64 10
a 298 119 10
a 298 296 6
a 299 223 10
a 299 260 8
a 300 449 7
a 301 215 9
a 301 304 2
a 301 478 4
a 302 13 7
a 303 73 6
a 303 533 7
a 304 118 10
a 304 132 4
a 304 521 2
a 305 65 3
a 305 404 3
a 305 448 3
a 305 600 3
a 306 373 3
a 306 472 9
a 307 280 4
a 308 236 5
a 308 294 10
a 309 93 3
a 309 364 3
a 309 374 2
a 309 395 2
a 310 36 4
a 311 319 7
a 312 37 3
a 312 202 1
a 312 330 5
a 312 568 4
a 313 458 5
a 313 464 2
a 314 6 5
a 314 83 7
a 314 239 2
a 315 23 5
a 315 134 4
a 315 262 3
a 316 576 10
a 317 303 5
a 317 468 7
a 317 570 3
a 318 102 8
a 318 300 5
a 318 490 10
a 319 241 10
a 320 46 5
a 320 303 4
a 320 406 2
a 321 368 9
a 321 438 7
a 321 535 7
a 322 274 1
a 322 409 3
a 323 428 8
a 323 501 8
a 323 540 9
a 324 351 1
a 325 202 3
a 325 291 1
a 326 123 5
a 326 493 2
a 327 530 5
a 328 75 9
a 329 24 6
a 329 77 9
a 330 536 7
a 331 108 1
a 331 350 8
a 332 124 1
a 332 178 3
a 333 69 1
a 333 173 8
a 333 185 1
a 333 240 1
a 334 211 3
a 334 375 1
a 334 378 10
a 335 130 7
a 335 276 3
a 336 121 4
a 336 337 3
a 337 425 7
a 338 253 9
a 338 427 7
a 339 412 8
a 339 588 8
a 340 12 5
a 340 304 10
a 340 586 5
a 341 519 4
a 342 498 9
a 343 391 8
a 344 22 6
a 344 139 1
a 345 75 4
a 346 404 6
a 347 19 9
a 348 129 6
a 349 207 8
a 349 338 5
a 349 454 8
a 350 9 1
a 350 402 10
a 351 250 4
a 351 338 1
a 352 502 7
a 353 406 6
a 354 273 3
a 355 259 6
a 355 429 5
a 356 339 10
a 356 520 4
a 357 73 2
a 357 103 7
a 357 179 9
a 357 286 2
a 358 351 9
a 358 485 9
a 359 138 5
a 359 304 6
a 360 331 5
a 361 32 1
a 361 402 9
a 362 28 9
a 362 59 9
a 362 583 8
a 363 12 10
a 363 158 9
a 363 337 6
a 363 443 4
a 363 456 2
a 364 96 1
a 364 124 9
a 364 127 5
a 365 70 9
a 365 233 2
a 365 275 2
a 366 63 8
a 366 68 5
a 366 239 3
a 366 404 2
a 367 317 6
a 367 356 10
a 367 450 5
a 368 268 9
a 368 351 6
a 369 308 2
a 370 76 1
a 371 209 9
a 372 488 7
a 373 243 9
a 373 276 4
a 374 182 2
a 374 208 5
a 374 457 10
a 374 486 3
a 375 16 4
a 375 315 7
a 375 489 10
a 376 136 9
a 376 199 1
a 376 482 5
a 377 74 5
a 377 285 5
a 377 559 6
a 378 204 6
a 378 510 3
a 379 161 10
a 379 269 5
a 380 378 8
a 381 37 3
a 381 231 6
a 382 379 9
a 382 456 6
a 383 204 4
a 384 371 8
a 384 423 10
a 384 544 3
a 385 187 4
a 386 117 1
a 386 186 3
a 386 192 1
a 386 334 6
a 387 33 3
a 387 223 5
a 388 86 9
a 389 9 5
a 389 280 5
a 389 319 6
a 390 261 8
a 391 397 1
a 391 577 3
a 392 487 4
a 392 511 1
a 393 142 8
a 393 496 1
a 394 343 3
a 394 408 5
a 395 97 10
a 395 499 1
a 396 115 2
a 396 142 6
a 397 234 10
a 397 334 5
a 398 53 10
a 398 409 8
a 399 38 3
a 400 202 1
a 400 327 7
a 400 376 6
a 401 341 1
a 401 382 5
a 401 415 6
a 402 343 3
a 402 495 8
a 403 39 3
a 403 294 4
a 403 389 2
a 404 293 10
a 404 420 5
a 405 232 5
a 406 347 9
a 407 307 10
a 408 33 4
a 409 438 7
a 410 137 8
a 410 442 3
a 411 478 4
a 412 384 4
a 412 417 2
a 413 44 8
a 413 323 3
a 414 287 8
a 414 294 10
a 414 539 7
a 415 485 4
a 416 474 8
a 417 54 4
a 418 13 2
a 419 54 8
a 419 149 2
a 420 8 6
a 421 99 5
a 421 208 2
a 422 504 7
a 423 252 4
a 424 36 7
a 424 281 10
a 424 392 4
a 424 543 6
a 425 217 4
a 426 24 4
a 427 311 1
a 428 47 7
a 428 179 3
a 428 370 2
a 428 600 1
a 429 519 6
a 430 141 5
a 430 198 5
a 430 385 10
a 430 389 4
a 430 390 1
a 430 530 6
a 431 474 5
a 431 478 8
a 432 282 5
a 432 383 1
a 432 562 1
a 433 212 6
a 433 420 9
a 434 454 2
a 435 255 1
a 435 540 9
a 436 41 6
a 437 405 2
a 437 571 1
a 438 295 2
a 438 571 7
a 438 578 5
a 439 288 8
a 439 333 10
a 439 506 9
a 440 10 8
a 440 508 3
a 440 540 7
a 440 564 7
a 441 416 9
a 442 360 5
a 443 203 5
a 444 148 1
a 445 29 8
a 446 167 10
a 446 178 8
a 446 459 5
a 447 291 7
a 448 447 7
a 449 295 9
a 449 463 10
a 450 128 4
a 450 394 6
a 450 584 7
a 451 382 9
a 451 388 5
a 452 426 9
a 452 444 5
a 453 156 10
a 453 182 5
a 453 256 6
a 453 366 2
a 454 422 4
a 455 55 7
a 455 470 8
a 456 214 3
a 456 447 9
a 457 367 10
a 458 59 8
a 458 372 10
a 459 87 2
a 460 405 3
a 461 80 10
a 461 135 9
a 461 344 8
a 461 471 3
a 462 75 2
a 462 569 6
a 463 48 2
a 463 360 4
a 464 70 10
a 465 272 4
a 465 522 4
a 466 109 8
a 466 391 4
a 467 106 2
a 467 340 7
a 467 598 3
a 468 28 9
a 468 113 3
a 469 69 2
a 469 163 4
a 470 85 9
a 470 119 4
a 470 358 1
a 471 428 10
a 471 450 6
a 471 572 2
a 472 424 2
a 472 577 5
a 473 7 6
a 473 587 4
a 474 44 1
a 474 79 6
a 475 50 8
a 475 57 3
a 475 216 3
a 476 164 1
a 476 278 3
a 476 320 3
a 477 43 7
a 477 95 7
a 478 19 10
a 478 93 7
a 479 229 5
a 479 461 6
a 480 514 9
a 480 521 10
a 481 196 8
a 482 522 8
a 482 554 7
a 483 269 1
a 484 60 4
a 484 66 6
a 484 540 4
a 485 25 2
a 485 554 9
a 486 3 2
a 486 499 1
a 487 37 8
a 487 194 3
a 487 217 6
a 487 297 4
a 488 171 2
a 488 344 7
a 489 448 8
a 490 360 9
a 491 241 1
a 491 310 10
a 491 392 9
a 492 455 4
a 492 533 6
a 493 187 3
a 493 250 9
a 494 71 1
a 495 41 7
a 495 332 3
a 495 511 5
a 496 101 6
a 496 344 10
a 497 591 1
a 498 125 10
a 498 132 10
a 499 195 9
a 499 576 5
a 500 490 6
a 501 160 10
a 501 496 6
a 502 222 5
a 502 271 3
a 503 230 2
a 503 249 8
a 504 108 5
a 504 230 2
a 505 40 4
a 505 148 1
a 505 254 2
a 506 402 8
a 507 436 9
a 508 132 9
a 508 479 7
a 509 336 5
a 510 355 1
a 510 553 2
a 511 283 9
a 511 301 4
a 511 485 8
a 512 168 8
a 513 61 3
a 513 536 3
a 514 353 6
a 515 270 8
a 515 317 8
a 516 146 7
a 517 231 1
a 518 378 7
a 518 393 2
a 518 493 7
a 519 262 7
a 520 113 2
a 521 16 3
a 521 221 9
a 521 261 10
a 521 532 10
a 522 483 10
a 522 584 2
a 523 293 9
a 523 359 4
a 524 211 5
a 524 462 5
a 524 509 2
a 525 55 4
a 525 502 4
a 526 110 10
a 526 250 6
a 527 62 7
a 527 546 8
a 528 177 5
a 528 473 5
a 529 371 8
a 529 415 8
a 530 206 2
a 531 166 7
a 531 318 8
a 531 329 10
a 531 429 8
a 532 332 7
a 532 395 4
a 533 74 10
a 533 552 8
a 534 29 5
a 534 235 8
a 535 125 6
a 535 219 6
a 535 342 2
a 536 255 10
a 536 599 10
a 537 161 4
a 537 275 2
a 538 98 9
a 539 485 1
a 540 92 5
a 540 257 3
a 541 159 7
a 541 182 8
a 541 214 5
a 541 458 9
a 542 457 2
a 543 190 8
a 543 512 3
a 544 11 7
a 544 129 5
a 544 475 7
a 545 131 2
a 545 224 8
a 545 467 7
a 546 597 8
a 547 188 1
a 548 151 2
a 548 400 2
a 549 166 7
a 550 43 7
a 551 4 2
a 552 566 4
a 553 563 6
a 554 146 6
a 554 192 10
a 555 366 10
a 556 408 7
a 557 332 9
a 558 165 4
a 558 495 1
a 559 15 5
a 559 333 10
a 560 13 4
a 561 108 8
a 561 428 9
a 561 591 3
a 562 304 1
a 563 313 1
a 563 324 7
a 564 358 3
a 565 149 9
a 565 439 1
a 565 515 6
a 566 71 10
a 566 361 2
a 567 13 6
a 567 133 3
a 567 308 7
a 567 473 9
a 568 298 3
a 569 298 5
a 569 538 8
a 570 138 9
a 571 297 3
a 572 5 4
a 573 14 1
a 573 280 4
a 574 109 5
a 575 111 6
a 576 48 8
a 577 373 7
a 578 13 3
a 578 271 3
a 579 373 9
a 579 488 8
a 579 517 6
a 580 78 9
a 580 144 3
a 580 227 2
a 580 292 4
a 580 459 3
a 581 49 9
a 581 548 10
a 582 453 9
a 582 470 6
a 583 188 6
a 583 232 2
a 583 372 2
a 584 351 1
a 584 360 7
a 585 210 6
a 586 278 5
a 586 357 6
a 586 411 6
a 586 596 10
a 587 158 3
a 587 209 5
a 587 272 4
a 587 289 2
a 587 480 10
a 588 397 6
a 588 537 10
a 589 5 6
a 589 369 3
a 589 413 2
a 589 463 3
a 590 336 6
a 590 360 2
a 591 15 10
a 591 101 2
a 591 188 2
a 591 308 2
a 592 47 2
a 593 30 6
a 593 347 4
a 593 502 10
a 593 589 9
a 594 126 1
a 594 329 4
a 594 430 4
a 595 2 10
a 595 46 3
a 596 366 7
a 597 290 2
a 597 387 9
a 597 418 10
a 597 531 4
a 598 537 6
a 598 561 10
a 598 594 1
a 599 299 5
