p max 600 1200
n 1 s
n 600 t
a 1 31 7
a 1 142 4
a 2 60 9
a 3 97 3
a 3 162 8
a 3 482 6
a 4 478 8
a 5 82 5
a 5 441 9
a 5 529 3
a 6 120 5
a 6 475 8
a 7 432 2
a 7 466 6
a 8 3 3
a 8 415 4
a 9 191 4
a 9 217 3
a 9 476 3
a 10 4 6
a 11 585 7
a 12 168 8
a 13 120 2
a 13 543 7
a 14 48 9
a 15 513 9
a 15 590 7
a 16 66 1
a 17 49 5
a 17 249 8
a 18 146 4
a 19 109 3
a 19 294 5
a 19 324 4
a 20 563 2
a 21 19 8
a 21 335 10
a 21 381 7
a 21 444 3
a 21 448 10
a 22 46 1
a 22 132 3
a 23 262 7
a 23 320 1
a 23 600 2
a 24 159 7
a 24 333 4
a 25 201 1
a 25 217 8
a 26 224 4
a 26 358 3
a 26 477 3
a 27 592 2
a 28 101 1
a 28 515 6
a 29 64 4
a 30 122 10
a 30 166 4
a 30 406 7
a 30 479 10
a 31 76 9
a 31 143 2
a 31 282 10
a 32 2 7
a 32 431 1
a 33 249 3
a 33 439 2
a 33 570 9
a 34 39 1
a 35 165 7
a 35 330 1
a 36 461 9
a 37 277 9
a 37 544 6
a 38 469 1
a 38 512 1
a 39 242 7
a 39 284 1
a 40 248 2
a 40 456 1
a 41 27 8
a 41 368 8
a 42 281 3
a 43 239 6
a 43 521 9
a 44 33 3
a 45 519 7
a 46 129 2
a 46 307 1
a 47 102 1
a 47 485 3
a 48 414 8
a 49 124 2
a 50 296 9
a 50 493 4
a 50 509 9
a 51 77 5
a 52 39 7
a 52 393 4
a 52 421 6
a 53 194 3
a 53 212 6
a 53 413 8
a 53 452 4
a 53 583 10
a 54 493 2
a 55 170 9
a 55 296 2
a 55 516 4
a 56 46 1
a 57 349 7
a 58 16 8
a 58 431 8
a 59 302 5
a 59 490 5
a 60 126 10
a 61 66 8
a 61 151 3
a 62 115 6
a 62 398 3
a 62 410 6
a 63 283 7
a 64 19 2
a 64 584 4
a 65 97 1
a 65 299 10
a 65 403 3
a 65 498 7
a 66 302 4
a 66 508 4
a 66 565 6
a 67 340 10
a 68 272 6
a 68 428 10
a 68 531 2
a 69 33 7
a 69 407 8
a 69 425 3
a 69 523 8
a 70 166 10
a 70 331 6
a 71 6 10
a 71 86 8
a 71 439 9
a 72 107 1
a 72 251 4
a 72 599 1
a 73 374 2
a 74 106 10
a 74 123 7
a 74 343 2
a 74 489 1
a 75 166 10
a 76 166 8
a 77 132 9
a 77 562 6
a 78 440 4
a 79 188 5
a 80 50 6
a 80 125 4
a 80 290 8
a 81 557 7
a 82 587 3
a 83 115 4
a 83 576 8
a 84 291 7
a 84 344 7
a 84 377 2
a 85 469 10
a 86 33 8
a 87 120 3
a 87 325 2
a 88 263 10
a 88 311 7
a 88 538 2
a 89 363 6
a 89 376 8
a 89 471 2
a 90 548 8
a 90 574 4
a 90 585 4
a 91 30 9
a 92 366 7
a 92 531 2
a 93 482 2
a 94 237 10
a 94 340 1
a 95 114 6
a 95 135 2
a 95 506 10
a 96 482 2
a 96 531 2
a 97 352 10
a 98 226 2
a 98 352 4
a 98 414 6
a 98 590 4
a 99 104 3
a 99 563 8
a 99 600 7
a 100 60 9
a 101 44 8
a 101 410 10
a 102 180 9
a 102 218 4
a 102 566 5
a 103 545 6
a 104 321 7
a 104 353 4
a 104 524 7
a 105 197 9
a 105 417 6
a 106 167 6
a 106 336 2
a 107 319 10
a 108 55 3
a 108 92 8
a 108 185 1
a 109 329 7
a 109 466 8
a 109 532 4
a 110 23 9
a 110 243 9
a 111 213 6
a 112 285 3
a 113 68 9
a 114 76 3
a 114 429 5
a 115 191 6
a 115 511 6
a 115 535 3
a 116 155 10
a 116 599 5
a 117 21 1
a 118 216 7
a 118 374 2
a 119 190 4
a 119 268 5
a 119 317 6
a 119 515 7
a 120 176 3
a 120 188 8
a 120 571 1
a 121 349 8
a 121 530 1
a 122 172 7
a 123 261 9
a 123 590 7
a 124 397 7
a 125 370 10
a 126 343 2
a 126 380 6
a 127 234 3
a 128 315 2
a 129 263 2
a 130 152 1
a 130 316 8
a 131 52 9
a 131 67 10
a 131 264 3
a 132 195 2
a 132 326 3
a 133 170 6
a 134 89 5
a 134 533 9
a 135 168 2
a 136 309 3
a 137 32 9
a 137 293 2
a 137 305 6
a 138 161 6
a 139 134 9
a 139 321 1
a 140 156 5
a 141 17 5
a 141 122 5
a 142 398 4
a 142 423 7
a 143 124 10
a 143 587 1
a 144 128 5
a 144 363 8
a 145 36 5
a 145 257 6
a 145 334 5
a 146 171 3
a 146 215 5
a 146 422 5
a 146 567 4
a 146 576 10
a 147 163 3
a 148 105 1
a 148 481 4
a 149 163 9
a 149 260 2
a 149 527 2
a 150 222 5
a 150 313 9
a 151 286 3
a 151 379 8
a 152 246 5
a 152 360 5
a 153 258 4
a 154 405 3
a 155 461 6
a 155 593 10
a 156 522 7
a 156 574 7
a 157 259 3
a 157 519 8
a 158 183 6
a 158 509 10
a 159 358 10
a 160 102 2
a 160 581 3
a 161 450 10
a 161 579 4
a 161 591 4
a 162 22 3
a 162 172 7
a 162 538 9
a 163 281 2
a 164 94 3
a 164 189 4
a 164 591 3
a 165 9 2
a 165 43 10
a 165 220 10
a 166 101 1
a 166 323 3
a 167 210 5
a 167 274 9
a 167 364 3
a 168 9 10
a 168 34 1
a 169 20 3
a 169 593 3
a 170 206 10
a 170 402 1
a 170 499 9
a 170 568 7
a 171 256 4
a 171 319 1
a 172 477 7
a 173 295 1
a 174 326 6
a 175 179 1
a 175 240 9
a 176 438 5
a 176 534 7
a 177 409 6
a 177 584 2
a 178 126 3
a 178 271 9
a 178 272 2
a 178 310 1
a 179 113 8
a 179 189 6
a 179 512 7
a 180 367 8
a 180 539 7
a 180 589 4
a 181 201 5
a 182 177 10
a 182 488 4
a 182 516 1
a 183 157 2
a 183 227 10
a 183 456 9
a 184 56 2
a 184 97 1
a 185 451 9
a 185 538 6
a 186 218 9
a 186 582 4
a 187 3 6
a 187 395 10
a 188 243 1
a 188 457 6
a 189 345 3
a 189 404 1
a 189 459 3
a 190 206 4
a 190 269 2
a 191 68 6
a 191 340 5
a 192 334 9
a 192 506 6
a 193 129 7
a 193 285 4
a 194 68 3
a 194 147 10
a 195 140 7
a 195 236 10
a 196 279 3
a 196 408 5
a 197 142 7
a 197 575 10
a 198 197 10
a 198 453 10
a 199 313 8
a 200 524 7
a 201 392 2
a 201 558 6
a 202 137 4
a 202 204 2
a 202 213 9
a 202 455 6
a 203 500 4
a 204 290 5
a 205 255 9
a 206 322 1
a 207 142 7
a 208 454 9
a 209 355 3
a 210 499 1
a 211 277 9
a 211 458 9
a 212 378 9
a 212 500 9
a 213 90 10
a 213 107 6
a 213 309 9
a 213 560 6
a 214 89 4
a 214 481 10
a 215 109 8
a 215 304 4
a 216 41 9
a 217 144 10
a 217 237 8
a 218 150 8
a 218 200 10
a 218 272 1
a 218 298 6
a 219 54 7
a 219 433 3
a 220 256 5
a 220 440 9
a 221 18 6
a 221 121 7
a 221 292 10
a 222 203 10
a 222 509 6
a 223 379 3
a 223 588 8
a 224 380 9
a 225 283 5
a 226 136 10
a 227 478 9
a 228 26 9
a 228 333 9
a 229 547 4
a 230 193 3
a 230 447 6
a 231 65 3
a 231 417 1
a 231 586 4
a 232 244 1
a 232 394 9
a 233 73 10
a 233 426 7
a 234 307 2
a 235 429 2
a 236 176 6
a 236 504 4
a 237 580 9
a 238 71 1
a 239 64 5
a 240 329 3
a 241 310 6
a 241 378 8
a 242 427 4
a 243 21 3
a 243 505 10
a 244 359 9
a 245 247 2
a 245 587 6
a 246 486 10
a 247 193 9
a 247 249 7
a 247 297 7
a 248 58 4
a 248 231 4
a 249 116 8
a 250 361 8
a 250 397 10
a 250 550 3
a 251 98 4
a 251 428 5
a 251 443 6
a 252 95 4
a 252 116 8
a 252 549 9
a 253 62 8
a 253 67 7
a 253 470 5
a 254 117 2
a 254 237 8
a 254 427 2
a 254 571 10
a 255 355 1
a 255 438 1
a 255 444 10
a 256 474 5
a 257 493 1
a 258 414 6
a 259 345 3
a 260 266 8
a 260 577 9
a 261 37 7
a 261 294 1
a 261 351 10
a 262 35 10
a 262 127 5
a 262 274 5
a 262 445 6
a 262 552 4
a 263 165 1
a 263 198 4
a 263 211 7
a 263 387 2
a 264 91 4
a 265 175 2
a 265 469 8
a 266 442 8
a 266 510 4
a 266 558 2
a 267 66 1
a 267 490 6
a 268 349 1
a 269 212 4
a 270 155 2
a 271 53 3
a 271 480 9
a 271 554 10
a 271 575 7
a 272 80 5
a 273 29 10
a 273 217 4
a 274 68 4
a 275 585 5
a 276 473 10
a 277 459 9
a 278 550 1
a 279 14 8
a 279 445 6
a 279 472 9
a 280 4 8
a 281 121 1
a 281 309 7
a 282 85 10
a 282 551 6
a 283 91 5
a 284 372 3
a 285 24 7
a 285 269 7
a 285 547 8
a 286 149 2
a 286 370 2
a 287 21 8
a 287 578 8
a 288 507 4
a 288 597 7
a 289 307 4
a 290 40 10
a 290 57 1
a 290 123 10
a 291 58 10
a 291 151 8
a 291 287 1
a 292 199 3
a 292 291 4
a 293 221 10
a 293 581 10
a 294 371 10
a 295 394 6
a 295 449 5
a 296 158 8
a 296 176 8
a 297 225 6
a 298 401 4
a 299 324 2
a 300 159 10
a 301 454 9
a 302 39 4
a 302 564 4
a 303 152 6
a 303 273 5
a 304 523 10
a 305 11 6
a 305 112 5
a 306 235 1
a 306 337 5
a 307 235 1
a 308 61 6
a 308 300 8
a 308 437 3
a 309 192 9
a 310 11 3
a 311 214 1
a 311 477 7
a 312 141 8
a 312 357 10
a 313 173 9
a 313 219 5
a 314 495 6
a 315 70 6
a 315 394 2
a 316 506 4
a 316 596 6
a 317 41 3
a 318 119 4
a 318 577 9
a 319 222 6
a 319 495 1
a 320 21 4
a 321 48 7
a 321 411 8
a 321 433 3
a 322 71 6
a 322 199 6
a 322 483 2
a 322 565 2
a 323 134 10
a 323 317 3
a 323 405 6
a 323 570 9
a 324 139 6
a 324 222 4
a 325 7 10
a 325 466 7
a 325 559 5
a 326 99 2
a 326 590 4
a 326 595 7
a 327 81 1
a 327 131 9
a 327 465 1
a 328 96 1
a 328 308 2
a 329 162 1
a 330 574 8
a 331 10 3
a 331 462 4
a 331 468 9
a 332 467 7
a 332 522 5
a 332 569 3
a 333 416 2
a 333 474 9
a 334 209 2
a 335 38 5
a 335 168 3
a 335 514 2
a 335 598 10
a 336 209 4
a 336 228 5
a 336 556 4
a 337 185 3
a 337 281 8
a 337 350 9
a 337 494 7
a 338 70 1
a 338 76 2
a 339 434 5
a 339 579 10
a 340 510 3
a 340 593 5
a 341 73 6
a 342 310 2
a 343 327 2
a 344 139 1
a 345 58 2
a 345 72 5
a 345 129 7
a 345 540 3
a 346 73 9
a 346 288 4
a 347 33 3
a 348 366 8
a 348 440 5
a 349 388 9
a 349 460 5
a 350 74 8
a 350 258 8
a 351 321 3
a 352 60 3
a 352 280 9
a 353 595 7
a 354 91 9
a 354 458 10
a 354 517 5
a 354 542 8
a 355 562 10
a 356 224 8
a 357 10 5
a 358 388 3
a 359 51 5
a 359 100 2
a 359 125 7
a 359 464 10
a 359 500 7
a 360 526 5
a 360 563 6
a 361 96 4
a 361 236 8
a 361 581 4
a 362 28 8
a 362 482 7
a 363 133 4
a 363 164 5
a 363 595 2
a 364 155 6
a 364 347 1
a 365 20 4
a 365 382 2
a 366 65 8
a 366 238 3
a 367 28 3
a 367 81 3
a 367 306 9
a 368 571 9
a 369 24 7
a 369 514 3
a 370 37 5
a 370 517 3
a 370 586 4
a 371 443 1
a 371 546 6
a 372 15 8
a 372 60 8
a 373 195 9
a 373 386 9
a 373 412 9
a 374 349 7
a 374 497 6
a 375 207 10
a 376 58 6
a 376 176 3
a 377 538 8
a 378 117 2
a 378 327 9
a 379 64 2
a 379 428 10
a 380 369 10
a 380 528 1
a 380 533 5
a 381 185 5
a 382 327 7
a 383 68 8
a 383 283 6
a 383 545 8
a 384 245 9
a 384 422 9
a 384 468 6
a 385 202 2
a 385 454 3
a 385 541 10
a 386 131 5
a 386 315 1
a 387 48 3
a 388 140 3
a 388 501 4
a 388 557 10
a 389 45 7
a 389 87 6
a 389 275 9
a 389 357 6
a 389 568 1
a 390 342 5
a 390 401 3
a 391 406 10
a 392 413 5
a 393 26 10
a 393 182 8
a 394 90 5
a 395 456 8
a 396 196 8
a 397 193 5
a 397 362 5
a 398 563 3
a 398 595 3
a 399 13 8
a 399 284 6
a 399 317 5
a 400 349 4
a 400 373 6
a 400 471 9
a 400 553 2
a 401 20 1
a 402 522 2
a 402 525 5
a 403 411 7
a 404 267 7
a 405 88 10
a 405 333 10
a 406 145 7
a 407 145 6
a 407 250 2
a 408 451 4
a 409 466 1
a 410 181 4
a 410 400 7
a 411 314 8
a 411 363 4
a 411 477 3
a 411 478 3
a 412 108 8
a 412 458 1
a 413 543 6
a 414 88 7
a 414 195 1
a 415 85 9
a 415 147 10
a 416 182 7
a 416 446 5
a 417 242 1
a 418 161 7
a 418 289 5
a 419 38 6
a 420 332 3
a 420 486 7
a 421 138 10
a 421 153 4
a 421 179 5
a 421 517 3
a 422 539 9
a 423 280 7
a 424 4 3
a 424 93 7
a 424 281 8
a 424 373 7
a 425 411 7
a 426 299 5
a 427 119 3
a 427 401 9
a 428 581 8
a 429 110 2
a 429 180 9
a 429 372 6
a 430 3 10
a 430 127 2
a 431 223 1
a 431 292 8
a 432 28 9
a 432 252 6
a 432 368 2
a 433 110 8
a 433 600 6
a 434 176 2
a 434 205 2
a 434 356 3
a 434 580 5
a 435 155 4
a 435 196 2
a 435 270 10
a 435 397 9
a 436 190 3
a 437 147 7
a 437 390 5
a 438 46 2
a 438 312 5
a 438 448 4
a 439 258 10
a 440 265 8
a 440 353 3
a 441 27 5
a 442 577 7
a 443 254 6
a 443 279 3
a 444 154 2
a 445 78 6
a 446 192 3
a 447 220 7
a 447 374 1
a 448 113 5
a 448 455 1
a 449 42 4
a 449 186 7
a 449 301 10
a 450 59 3
a 450 114 4
a 450 394 7
a 450 406 2
a 451 207 4
a 452 243 6
a 452 280 1
a 453 181 3
a 453 572 6
a 454 142 6
a 455 106 9
a 455 219 8
a 455 258 3
a 455 496 1
a 456 166 4
a 457 140 10
a 457 181 6
a 458 81 1
a 458 142 5
a 459 408 9
a 459 503 8
a 460 25 7
a 460 81 10
a 461 170 7
a 461 321 2
a 461 460 10
a 462 11 8
a 463 103 3
a 463 282 2
a 463 491 1
a 464 7 5
a 464 12 6
a 464 504 7
a 465 266 6
a 466 32 2
a 467 130 1
a 467 163 10
a 467 328 1
a 468 47 5
a 468 558 8
a 469 8 5
a 470 198 2
a 470 241 2
a 470 343 10
a 471 20 7
a 471 119 2
a 471 418 1
a 472 322 2
a 472 561 8
a 472 586 3
a 473 174 10
a 473 556 4
a 474 9 5
a 474 568 1
a 475 301 2
a 476 295 9
a 476 396 3
a 477 104 8
a 478 87 3
a 478 152 5
a 478 341 3
a 479 185 7
a 479 434 10
a 480 439 3
a 481 83 3
a 481 274 7
a 481 385 10
a 482 77 6
a 482 441 2
a 483 480 2
a 484 63 4
a 484 518 7
a 485 7 5
a 486 37 5
a 487 279 10
a 487 536 5
a 488 531 9
a 489 99 8
a 489 337 3
a 489 484 3
a 490 286 9
a 490 519 7
a 491 36 5
a 491 338 1
a 491 555 1
a 492 67 4
a 492 267 8
a 493 77 10
a 493 553 8
a 494 359 10
a 494 573 6
a 495 264 1
a 495 462 8
a 496 249 4
a 497 411 1
a 498 365 3
a 498 391 2
a 498 429 5
a 498 446 5
a 498 595 1
a 499 69 10
a 499 338 4
a 500 288 2
a 501 178 6
a 501 456 4
a 501 506 7
a 502 230 6
a 502 252 1
a 503 36 3
a 503 48 9
a 503 487 4
a 504 489 3
a 505 240 4
a 505 514 3
a 506 25 6
a 507 100 9
a 508 104 1
a 508 160 5
a 508 252 9
a 509 311 9
a 510 174 3
a 510 396 10
a 510 406 1
a 511 118 6
a 512 42 1
a 512 332 3
a 513 2 7
a 514 184 8
a 514 445 4
a 514 520 4
a 515 151 5
a 515 371 6
a 516 172 8
a 517 157 4
a 517 339 6
a 518 20 4
a 519 597 1
a 520 148 7
a 520 162 7
a 521 451 10
a 521 577 8
a 522 63 2
a 522 405 5
a 523 413 9
a 524 125 9
a 524 583 4
a 525 558 7
a 526 534 8
a 527 207 9
a 527 424 5
a 527 582 3
a 528 149 2
a 528 303 9
a 528 567 3
a 529 86 2
a 529 594 4
a 530 53 4
a 530 336 3
a 530 486 3
a 531 84 6
a 531 298 5
a 532 187 2
a 532 346 4
a 532 457 6
a 532 575 4
a 532 592 2
a 533 9 3
a 534 187 9
a 534 293 6
a 535 118 6
a 535 496 9
a 536 31 5
a 536 232 3
a 537 321 10
a 537 507 10
a 538 40 5
a 538 454 2
a 539 234 7
a 539 246 7
a 539 276 9
a 539 541 1
a 540 358 2
a 541 290 10
a 541 503 8
a 542 262 6
a 542 332 1
a 542 492 8
a 543 355 6
a 544 48 9
a 544 233 6
a 545 236 8
a 545 508 7
a 546 135 9
a 546 383 1
a 546 419 4
a 546 424 1
a 546 502 3
a 547 563 9
a 548 116 6
a 549 156 1
a 549 463 5
a 549 475 3
a 550 277 5
a 550 399 6
a 550 521 7
a 551 321 4
a 552 3 2
a 552 154 2
a 552 198 8
a 552 278 4
a 553 373 4
a 554 138 8
a 554 354 5
a 555 30 5
a 555 234 5
a 555 435 8
a 556 222 1
a 557 326 10
a 557 564 3
a 557 573 3
a 558 16 9
a 558 300 10
a 558 436 10
a 558 534 6
a 559 11 4
a 559 146 2
a 559 196 10
a 559 208 4
a 559 430 4
a 559 491 8
a 560 5 8
a 560 260 9
a 560 286 1
a 560 426 5
a 560 473 5
a 561 20 9
a 561 108 6
a 562 111 6
a 562 145 5
a 562 263 1
a 562 384 10
a 563 351 2
a 564 8 4
a 564 335 7
a 565 480 6
a 566 395 7
a 567 225 6
a 567 373 2
a 567 462 1
a 568 376 2
a 569 120 5
a 569 247 5
a 569 546 4
a 569 574 6
a 570 89 1
a 570 220 5
a 570 238 5
a 570 577 2
a 571 178 4
a 571 495 3
a 572 251 9
a 573 238 2
a 574 191 1
a 575 6 7
a 575 191 5
a 575 192 4
a 575 253 4
a 575 375 8
a 576 298 5
a 576 485 8
a 577 161 6
a 577 306 10
a 578 11 8
a 578 153 1
a 578 589 4
a 579 136 10
a 579 565 10
a 580 325 5
a 581 445 9
a 581 503 6
a 582 550 9
a 583 505 8
a 584 267 4
a 585 75 9
a 585 183 8
a 585 255 1
a 585 416 5
a 586 405 8
a 587 251 6
a 588 119 9
a 588 494 3
a 589 54 6
a 590 79 5
a 590 389 1
a 590 401 5
a 590 562 5
a 591 229 1
a 591 318 6
a 591 348 10
a 591 526 6
a 591 537 3
a 592 378 2
a 593 38 3
a 593 78 1
a 593 80 3
a 594 41 1
a 594 60 7
a 595 95 3
a 595 548 6
a 596 100 10
a 596 420 9
a 597 464 6
a 597 473 5
a 597 505 4
a 598 6 10
a 598 216 8
a 598 407 8
a 599 169 4
a 599 269 6
