p max 600 1200
n 1 s
n 600 t
a 1 184 5
a 2 17 6
a 2 45 4
a 2 314 10
a 3 118 2
a 3 191 5
a 4 203 8
a 4 530 10
a 4 571 2
a 5 291 4
a 5 551 6
a 5 589 3
a 6 12 3
a 6 169 10
a 6 355 3
a 6 380 10
a 7 223 3
a 7 423 10
a 8 64 6
a 8 137 2
a 9 200 5
a 10 310 6
a 10 410 8
a 10 508 6
a 10 562 4
a 11 212 2
a 11 566 10
a 12 37 3
a 12 394 10
a 12 472 6
a 12 483 7
a 13 170 9
a 13 236 8
a 13 572 1
a 14 111 3
a 15 19 6
a 15 53 1
a 16 208 4
a 17 86 6
a 18 319 2
a 19 115 1
a 20 100 1
a 20 109 2
a 20 148 10
a 21 343 5
a 21 362 3
a 21 440 6
a 22 430 3
a 23 561 4
a 23 577 3
a 24 244 3
a 25 271 2
a 25 503 2
a 25 582 8
a 26 172 6
a 26 311 8
a 26 369 8
a 26 450 9
a 27 100 7
a 27 539 7
a 28 259 7
a 28 373 2
a 28 473 2
a 29 483 1
a 30 7 6
a 30 39 5
a 30 46 4
a 30 337 2
a 30 411 5
a 31 572 7
a 32 44 5
a 32 357 8
a 33 133 1
a 33 547 7
a 34 49 2
a 35 239 10
a 35 453 8
a 36 213 3
a 36 572 7
a 37 170 5
a 37 258 3
a 37 269 3
a 37 360 4
a 38 82 7
a 38 520 9
a 38 551 1
a 38 596 3
a 38 598 1
a 39 74 4
a 39 237 5
a 40 39 7
a 40 197 7
a 41 329 6
a 41 378 10
a 42 18 9
a 42 152 10
a 42 180 4
a 42 181 2
a 43 21 5
a 43 158 6
a 43 267 2
a 43 544 6
a 44 15 4
a 44 268 5
a 44 548 4
a 45 254 8
a 45 554 4
a 46 212 2
a 46 279 8
a 46 586 8
a 47 163 5
a 47 282 4
a 47 293 1
a 47 319 4
a 47 518 4
a 48 3 5
a 48 83 10
a 48 242 8
a 49 117 3
a 50 195 3
a 51 146 3
a 52 384 6
a 52 404 8
a 52 531 1
a 53 219 4
a 53 403 3
a 54 159 9
a 54 214 3
a 54 253 7
a 54 291 5
a 55 461 6
a 55 574 5
a 56 483 4
a 57 579 10
a 58 321 1
a 59 233 8
a 60 333 4
a 61 139 7
a 62 44 3
a 62 144 1
a 62 218 1
a 62 321 6
a 62 555 8
a 63 241 5
a 63 262 7
a 63 359 2
a 64 107 3
a 64 211 10
a 64 479 3
a 64 547 2
a 65 176 1
a 65 443 5
a 66 23 10
a 66 146 5
a 66 165 4
a 66 538 2
a 67 61 9
a 68 236 4
a 68 299 1
a 69 13 3
a 69 449 6
a 70 119 6
a 70 301 3
a 70 570 6
a 71 49 5
a 71 58 10
a 71 77 1
a 72 55 8
a 72 415 4
a 73 319 10
a 73 597 1
a 74 120 6
a 75 282 1
a 76 277 6
a 76 319 5
a 76 444 2
a 76 455 4
a 77 421 10
a 78 20 7
a 78 88 4
a 79 5 9
a 79 34 6
a 80 120 7
a 80 125 9
a 80 248 6
a 80 255 2
a 81 320 3
a 82 109 8
a 83 80 3
a 83 382 7
a 83 576 2
a 84 101 5
a 84 171 2
a 85 288 3
a 85 322 2
a 86 21 2
a 87 128 1
a 87 229 5
a 87 486 10
a 88 144 3
a 88 578 8
a 89 286 9
a 89 560 9
a 90 321 7
a 90 564 1
a 91 72 3
a 91 596 3
a 92 488 3
a 93 11 5
a 93 64 6
a 93 283 5
a 94 263 2
a 95 375 10
a 95 464 8
a 96 228 2
a 96 316 8
a 97 467 2
a 97 513 8
a 98 28 9
a 99 478 10
a 100 239 8
a 100 455 9
a 101 36 7
a 101 413 1
a 102 16 4
a 102 448 9
a 103 33 5
a 104 377 8
a 105 149 5
a 105 452 8
a 106 412 2
a 107 145 8
a 107 173 8
a 108 110 3
a 109 236 10
a 109 567 8
a 110 179 2
a 110 194 4
a 110 229 1
a 110 278 2
a 111 139 2
a 111 528 10
a 112 234 8
a 113 171 9
a 113 349 2
a 113 464 9
a 114 75 6
a 114 155 1
a 114 506 3
a 115 361 6
a 115 561 4
a 116 225 2
a 116 276 1
a 116 312 8
a 117 55 7
a 117 327 9
a 118 322 1
a 118 565 10
a 119 130 5
a 120 94 1
a 121 129 7
a 121 464 3
a 121 501 8
a 122 117 4
a 122 215 10
a 123 55 3
a 123 539 9
a 124 548 1
a 125 230 2
a 125 358 8
a 126 83 1
a 126 300 9
a 127 378 6
a 128 382 6
a 129 348 3
a 129 390 3
a 130 328 3
a 130 541 2
a 131 101 6
a 131 334 1
a 131 359 9
a 132 112 1
a 132 124 6
a 132 474 5
a 133 192 7
a 133 589 5
a 134 45 7
a 135 514 3
a 136 49 9
a 136 323 2
a 137 492 3
a 138 206 6
a 138 402 9
a 138 511 7
a 139 491 4
a 140 404 6
a 141 419 7
a 141 553 2
a 142 126 4
a 142 264 2
a 142 290 10
a 143 326 8
a 143 510 7
a 144 229 6
a 145 22 5
a 145 537 10
a 146 78 10
a 146 185 10
a 146 200 1
a 146 257 2
a 146 422 6
a 147 167 5
a 147 383 1
a 147 569 10
a 147 600 10
a 148 141 1
a 148 530 3
a 149 106 1
a 149 555 10
a 150 408 5
a 151 88 3
a 151 184 6
a 152 121 4
a 152 560 4
a 153 398 8
a 153 404 7
a 154 4 4
a 154 302 3
a 155 145 2
a 156 363 8
a 156 418 3
a 156 478 9
a 156 559 3
a 157 356 10
a 157 368 3
a 157 371 7
a 158 180 10
a 159 95 7
a 160 335 7
a 161 179 6
a 161 399 5
a 162 350 5
a 163 251 2
a 163 256 5
a 163 526 1
a 163 552 2
a 164 571 9
a 165 220 2
a 165 350 6
a 165 413 7
a 166 355 9
a 166 474 2
a 167 213 9
a 167 429 3
a 167 437 2
a 168 247 7
a 169 600 1
a 170 308 3
a 171 60 8
a 171 313 9
a 171 380 1
a 172 162 10
a 173 438 5
a 173 441 1
a 174 58 2
a 174 218 10
a 175 383 10
a 175 532 2
a 176 31 1
a 176 52 4
a 177 237 10
a 177 475 9
a 178 71 6
a 178 233 4
a 179 430 8
a 180 183 3
a 180 235 4
a 180 271 6
a 180 325 2
a 180 366 5
a 181 391 2
a 182 10 2
a 182 13 1
a 183 319 9
a 184 326 4
a 184 545 2
a 185 57 2
a 185 349 7
a 186 199 1
a 186 354 3
a 186 581 1
a 186 585 1
a 187 58 4
a 188 31 3
a 188 466 3
a 188 470 4
a 189 179 7
a 190 417 9
a 191 336 4
a 191 460 10
a 191 480 4
a 192 148 5
a 193 12 3
a 193 173 7
a 194 285 8
a 195 88 9
a 195 237 8
a 195 499 3
a 196 10 6
a 196 154 7
a 196 545 3
a 197 373 10
a 197 378 4
a 198 359 6
a 199 79 1
a 199 592 2
a 200 232 10
a 201 166 2
a 201 306 1
a 201 391 5
a 202 24 7
a 202 123 5
a 202 228 10
a 203 571 10
a 204 136 1
a 205 59 5
a 205 376 1
a 205 570 9
a 206 172 1
a 207 49 6
a 207 512 8
a 207 568 7
a 208 468 7
a 209 138 6
a 209 527 6
a 210 73 3
a 210 92 10
a 211 214 9
a 211 284 2
a 212 114 8
a 212 188 9
a 213 33 10
a 213 461 8
a 214 281 2
a 215 285 2
a 215 429 6
a 216 187 2
a 216 275 10
a 216 515 3
a 217 172 8
a 217 201 10
a 218 260 2
a 218 443 7
a 219 171 5
a 219 240 8
a 219 252 9
a 219 382 10
a 220 14 1
a 220 421 3
a 220 509 4
a 220 580 5
a 221 235 8
a 221 305 10
a 221 332 1
a 222 196 6
a 223 517 2
a 224 25 2
a 225 564 7
a 226 253 1
a 226 347 10
a 227 77 6
a 227 442 4
a 228 32 1
a 228 410 9
a 229 377 2
a 230 127 6
a 230 491 1
a 231 60 4
a 231 226 4
a 231 274 7
a 232 247 6
a 232 362 1
a 233 72 8
a 234 176 3
a 234 189 1
a 234 414 9
a 235 27 1
a 236 357 1
a 237 61 3
a 237 502 9
a 238 272 8
a 238 273 5
a 238 405 4
a 238 580 1
a 239 69 10
a 239 204 4
a 239 519 3
a 240 401 1
a 240 544 6
a 241 258 10
a 241 372 8
a 241 406 6
a 242 465 10
a 242 494 9
a 243 436 2
a 243 534 2
a 244 28 8
a 244 96 3
a 244 155 7
a 244 280 7
a 244 482 8
a 244 514 7
a 245 190 5
a 245 408 9
a 246 22 3
a 246 594 1
a 247 174 5
a 247 208 7
a 247 505 5
a 247 521 8
a 248 427 8
a 248 571 1
a 249 216 9
a 250 257 1
a 250 306 8
a 251 515 9
a 252 88 9
a 252 232 3
a 252 423 5
a 253 25 4
a 253 255 7
a 254 95 6
a 254 547 10
a 255 352 7
a 256 476 3
a 256 587 5
a 257 144 5
a 257 175 7
a 258 63 2
a 258 156 5
a 259 359 6
a 260 373 10
a 261 337 10
a 261 364 1
a 262 326 2
a 263 34 6
a 263 469 2
a 264 470 7
a 265 158 10
a 265 534 4
a 266 421 1
a 267 468 9
a 268 442 7
a 268 575 5
a 269 263 4
a 269 478 9
a 270 519 6
a 271 4 4
a 271 149 3
a 271 245 7
a 272 192 6
a 272 393 1
a 273 551 6
a 273 573 9
a 274 479 7
a 275 233 8
a 275 249 5
a 276 150 3
a 276 254 9
a 276 549 3
a 277 117 5
a 277 459 9
a 278 261 2
a 278 296 9
a 278 425 9
a 278 553 1
a 279 20 1
a 279 168 10
a 280 506 6
a 281 342 4
a 282 392 7
a 282 457 8
a 283 174 4
a 283 555 10
a 284 19 1
a 284 38 7
a 284 386 5
a 285 530 5
a 286 218 8
a 286 227 1
a 287 135 2
a 287 385 1
a 287 390 3
a 288 429 4
a 289 240 5
a 290 99 6
a 290 138 5
a 291 160 6
a 291 427 2
a 292 135 5
a 292 522 6
a 293 316 9
a 293 340 2
a 294 276 9
a 294 515 4
a 295 47 5
a 295 191 10
a 296 200 8
a 297 23 4
a 297 65 5
a 297 193 1
a 297 307 5
a 298 108 1
a 298 454 4
a 298 569 5
a 298 583 10
a 299 111 2
a 299 356 1
a 300 62 7
a 300 80 10
a 301 298 9
a 301 556 4
a 302 429 3
a 302 474 9
a 303 182 1
a 303 261 8
a 304 129 2
a 305 186 2
a 305 451 2
a 306 245 8
a 307 317 5
a 307 463 4
a 308 216 4
a 308 494 5
a 309 48 2
a 309 344 7
a 309 481 3
a 309 599 1
a 310 16 10
a 310 30 10
a 310 69 1
a 311 43 4
a 312 100 10
a 313 99 6
a 314 411 4
a 315 68 8
a 315 516 4
a 316 462 4
a 317 185 3
a 317 214 3
a 317 538 5
a 318 94 6
a 318 96 4
a 318 337 4
a 319 195 4
a 319 570 10
a 320 23 9
a 321 210 3
a 321 381 8
a 322 339 2
a 322 527 7
a 323 316 6
a 324 17 7
a 324 66 7
a 324 68 9
a 325 292 8
a 325 307 6
a 326 522 5
a 327 543 1
a 328 553 6
a 329 92 9
a 330 122 6
a 330 439 9
a 331 14 10
a 331 294 6
a 331 400 8
a 332 2 10
a 332 293 10
a 333 219 1
a 334 264 6
a 335 477 5
a 335 535 7
a 336 81 8
a 336 420 8
a 337 25 2
a 337 91 3
a 338 267 4
a 339 151 5
a 339 205 9
a 339 335 10
a 339 459 10
a 340 257 7
a 340 487 3
a 341 324 1
a 341 392 7
a 341 579 3
a 342 479 6
a 343 500 5
a 343 540 4
a 344 289 3
a 344 451 6
a 345 191 10
a 346 148 5
a 347 360 2
a 348 139 8
a 348 238 3
a 348 481 8
a 349 412 10
a 349 448 6
a 349 461 8
a 350 494 6
a 351 62 5
a 352 220 8
a 352 532 1
a 353 230 2
a 353 484 3
a 354 156 7
a 354 424 1
a 355 339 2
a 355 368 6
a 355 595 7
a 356 502 2
a 357 247 2
a 358 131 10
a 358 200 1
a 359 66 5
a 360 52 1
a 360 374 10
a 360 479 8
a 361 327 2
a 362 131 9
a 363 111 7
a 363 274 6
a 363 501 10
a 364 92 10
a 364 162 8
a 365 295 8
a 366 347 2
a 366 519 2
a 367 97 10
a 368 313 1
a 368 430 4
a 369 67 7
a 369 71 8
a 370 130 8
a 371 63 9
a 372 407 8
a 372 414 8
a 373 76 1
a 373 85 5
a 374 47 5
a 374 143 6
a 375 460 8
a 375 502 8
a 376 114 1
a 376 374 4
a 377 299 9
a 377 315 3
a 378 309 4
a 378 575 10
a 379 167 1
a 380 178 2
a 380 219 10
a 380 265 1
a 380 541 8
a 381 231 2
a 381 582 3
a 382 74 9
a 383 14 7
a 383 76 7
a 383 161 5
a 384 8 5
a 384 87 6
a 384 550 1
a 385 354 3
a 386 542 4
a 387 116 4
a 388 84 7
a 388 539 7
a 389 271 5
a 389 592 4
a 390 426 2
a 391 71 6
a 391 343 7
a 391 584 2
a 392 9 5
a 392 89 8
a 392 529 7
a 393 56 3
a 393 408 4
a 393 588 7
a 394 413 4
a 395 582 6
a 396 26 10
a 396 221 9
a 396 461 1
a 397 488 5
a 398 487 9
a 399 448 8
a 400 419 5
a 400 504 7
a 401 39 6
a 401 331 9
a 401 342 6
a 401 452 2
a 402 73 8
a 402 541 6
a 403 529 3
a 404 92 2
a 404 345 6
a 405 56 3
a 405 209 10
a 405 552 3
a 405 554 3
a 406 309 8
a 406 416 6
a 407 207 8
a 408 100 4
a 409 80 5
a 409 346 6
a 409 417 7
a 409 489 4
a 410 485 8
a 411 270 3
a 411 496 8
a 411 580 7
a 412 63 8
a 412 310 1
a 413 250 7
a 413 308 4
a 413 312 9
a 413 583 8
a 414 350 8
a 415 298 1
a 416 559 7
a 417 41 2
a 417 482 3
a 418 29 10
a 419 457 6
a 419 558 6
a 420 140 5
a 420 497 9
a 421 53 5
a 422 250 7
a 423 28 10
a 423 52 9
a 424 433 1
a 425 89 3
a 425 102 8
a 425 190 6
a 425 556 9
a 426 417 4
a 427 590 10
a 428 305 4
a 429 47 9
a 430 20 1
a 431 388 5
a 432 419 9
a 433 43 6
a 433 147 9
a 433 164 2
a 433 211 9
a 434 12 10
a 434 397 2
a 434 571 3
a 434 586 2
a 435 449 2
a 436 115 9
a 436 330 6
a 436 365 7
a 437 289 4
a 437 354 10
a 437 428 10
a 438 91 9
a 438 281 2
a 438 421 5
a 438 546 10
a 439 156 9
a 439 370 2
a 439 432 2
a 440 592 6
a 441 73 6
a 441 224 7
a 442 239 10
a 442 356 9
a 443 228 6
a 443 582 10
a 444 408 9
a 445 206 8
a 445 439 7
a 446 542 9
a 447 175 6
a 447 340 8
a 447 531 1
a 448 131 7
a 448 212 8
a 449 480 6
a 450 42 9
a 450 204 2
a 450 333 8
a 451 10 7
a 452 29 2
a 452 164 2
a 453 127 8
a 453 510 10
a 453 542 10
a 453 573 2
a 454 447 1
a 455 128 1
a 456 80 3
a 456 118 4
a 456 222 10
a 456 247 5
a 456 328 4
a 457 532 6
a 458 240 1
a 458 554 1
a 459 28 8
a 459 198 1
a 459 587 4
a 460 285 8
a 461 48 10
a 461 105 1
a 461 385 3
a 462 226 1
a 463 110 3
a 463 172 7
a 463 266 7
a 463 458 3
a 464 584 9
a 465 426 6
a 465 437 1
a 466 303 7
a 466 403 7
a 467 295 8
a 468 202 5
a 468 310 6
a 468 554 7
a 469 177 3
a 469 373 5
a 470 24 3
a 470 103 3
a 471 14 4
a 471 513 7
a 472 97 7
a 472 369 4
a 472 409 7
a 473 268 10
a 473 315 7
a 473 353 10
a 474 4 1
a 475 40 4
a 475 518 2
a 476 86 5
a 476 362 1
a 476 379 1
a 476 517 5
a 477 57 6
a 477 195 8
a 478 13 10
a 479 145 2
a 480 506 3
a 481 113 10
a 481 485 5
a 481 513 2
a 482 187 2
a 482 439 3
a 483 221 5
a 484 456 1
a 485 592 5
a 486 475 8
a 487 401 3
a 488 132 2
a 488 507 7
a 488 539 6
a 489 51 9
a 489 243 7
a 490 297 10
a 490 342 7
a 491 27 6
a 491 394 10
a 492 2 1
a 492 217 4
a 492 565 6
a 493 273 6
a 494 310 10
a 494 362 10
a 495 352 4
a 495 464 6
a 496 160 2
a 497 179 4
a 497 256 8
a 498 21 10
a 498 540 4
a 499 199 6
a 500 197 1
a 500 300 9
a 501 324 4
a 501 537 10
a 502 48 5
a 503 208 9
a 504 256 9
a 504 431 3
a 504 441 2
a 505 414 5
a 506 316 6
a 506 557 7
a 507 367 3
a 507 434 9
a 507 486 3
a 508 385 3
a 509 2 8
a 509 98 3
a 509 381 6
a 510 296 4
a 510 422 8
a 511 116 2
a 511 503 9
a 512 93 10
a 512 193 4
a 512 488 9
a 512 544 2
a 513 93 7
a 513 304 10
a 514 70 8
a 514 212 10
a 515 133 10
a 516 81 4
a 516 123 9
a 516 338 5
a 517 17 5
a 517 214 5
a 517 318 8
a 517 565 2
a 518 443 8
a 519 130 4
a 519 500 5
a 519 581 7
a 520 151 7
a 520 180 5
a 521 93 8
a 521 497 10
a 522 131 3
a 523 5 10
a 523 38 8
a 524 303 3
a 524 591 7
a 525 63 8
a 525 463 7
a 525 498 7
a 526 50 2
a 526 187 7
a 526 548 7
a 526 594 10
a 527 142 10
a 527 494 6
a 528 134 8
a 528 150 1
a 529 61 9
a 529 176 3
a 529 355 7
a 530 177 7
a 530 533 8
a 531 168 9
a 531 215 3
a 531 286 6
a 532 372 8
a 532 477 3
a 533 172 7
a 534 124 2
a 534 246 7
a 534 523 5
a 535 153 8
a 535 285 9
a 536 268 6
a 536 367 10
a 537 282 1
a 537 418 3
a 538 113 5
a 538 383 1
a 539 384 1
a 539 525 4
a 540 205 5
a 540 244 9
a 540 536 3
a 540 563 10
a 541 105 2
a 542 351 8
a 542 490 7
a 542 494 5
a 543 44 6
a 544 35 9
a 544 524 3
a 545 143 7
a 545 243 2
a 545 386 2
a 546 94 2
a 547 122 6
a 547 600 7
a 548 94 7
a 549 88 6
a 550 492 2
a 550 600 5
a 551 302 4
a 552 136 5
a 552 446 3
a 553 54 6
a 553 187 5
a 553 283 6
a 553 435 9
a 553 445 10
a 554 89 8
a 554 228 5
a 554 456 8
a 554 471 8
a 555 541 2
a 556 243 6
a 557 204 9
a 558 298 4
a 558 388 10
a 559 207 5
a 559 320 9
a 559 395 9
a 559 408 2
a 559 495 1
a 560 295 7
a 560 381 7
a 561 355 4
a 561 364 5
a 562 536 8
a 563 377 4
a 563 445 3
a 564 121 10
a 564 183 9
a 564 330 10
a 564 590 1
a 565 446 8
a 565 553 10
a 566 234 6
a 566 543 6
a 566 559 2
a 566 561 3
a 567 23 10
a 568 264 10
a 568 567 8
a 569 237 7
a 570 94 7
a 570 447 1
a 571 267 4
a 571 387 3
a 572 394 7
a 572 468 3
a 572 550 1
a 573 178 6
a 573 462 10
a 574 177 10
a 574 287 2
a 574 393 5
a 574 409 8
a 574 491 4
a 575 53 9
a 576 584 10
a 577 528 4
a 578 90 9
a 578 495 2
a 579 291 10
a 580 282 1
a 581 63 3
a 581 105 10
a 582 157 5
a 582 493 1
a 582 498 10
a 583 147 3
a 584 313 5
a 585 358 1
a 585 415 2
a 585 542 7
a 586 567 1
a 587 35 8
a 587 104 6
a 587 600 10
a 588 153 3
a 589 196 7
a 589 285 9
a 589 341 7
a 590 290 2
a 591 286 10
a 591 389 3
a 592 465 4
a 592 481 2
a 593 10 10
a 594 149 8
a 595 6 10
a 595 62 9
a 596 190 5
a 596 396 3
a 596 593 9
a 597 88 2
a 598 337 2
a 599 288 1
