p max 600 1200
n 1 s
n 600 t
a 1 535 1
a 2 242 8
a 3 162 5
a 3 526 4
a 4 397 4
a 5 29 9
a 5 555 1
a 6 139 1
a 7 283 6
a 7 289 7
a 8 80 8
a 8 219 8
a 8 501 3
a 9 118 5
a 9 417 1
a 10 128 8
a 11 218 1
a 12 274 1
a 13 89 3
a 13 357 7
a 13 383 8
a 13 503 3
a 14 292 9
a 14 425 4
a 15 193 10
a 16 402 10
a 17 300 3
a 18 456 10
a 19 217 5
a 19 236 2
a 19 245 4
a 20 481 2
a 21 276 8
a 21 327 9
a 22 290 9
a 23 52 6
a 23 372 4
a 23 578 3
a 24 558 10
a 25 272 3
a 25 331 2
a 26 326 1
a 26 351 9
a 27 223 2
a 27 497 6
a 28 150 6
a 28 420 8
a 29 369 4
a 30 105 3
a 31 101 2
a 31 120 3
a 31 424 10
a 31 547 9
a 32 4 10
a 32 227 5
a 33 220 3
a 33 312 2
a 33 495 4
a 33 585 4
a 34 323 3
a 35 450 5
a 36 217 3
a 36 408 5
a 36 443 2
a 37 158 1
a 37 461 8
a 37 514 8
a 38 169 6
a 38 202 1
a 38 264 7
a 39 370 7
a 39 437 9
a 39 536 3
a 40 44 3
a 41 411 6
a 42 215 1
a 43 242 9
a 43 405 6
a 44 117 5
a 44 142 4
a 44 355 4
a 45 325 10
a 45 492 4
a 46 173 9
a 46 200 10
a 46 221 1
a 47 155 6
a 48 136 7
a 49 14 3
a 49 313 5
a 49 463 6
a 50 290 7
a 50 325 5
a 51 140 9
a 51 456 7
a 51 595 1
a 52 114 1
a 52 231 10
a 53 561 4
a 53 564 2
a 54 362 3
a 55 16 4
a 55 524 2
a 56 83 3
a 56 109 1
a 56 317 5
a 57 180 9
a 58 349 4
a 59 298 10
a 60 96 10
a 60 108 2
a 60 324 6
a 61 154 3
a 61 408 2
a 62 139 7
a 62 417 8
a 63 54 4
a 63 106 6
a 63 247 10
a 64 6 8
a 64 36 7
a 65 153 5
a 65 452 9
a 65 512 7
a 66 131 6
a 66 143 4
a 66 491 1
a 67 77 4
a 68 325 10
a 69 218 4
a 69 262 6
a 69 379 8
a 70 57 1
a 70 177 6
a 70 430 3
a 71 125 3
a 71 547 2
a 71 583 10
a 72 136 3
a 72 286 5
a 72 509 6
a 72 590 7
a 73 471 4
a 74 416 4
a 75 576 9
a 76 68 8
a 76 195 3
a 77 4 10
a 77 88 10
a 78 11 6
a 78 137 10
a 78 447 1
a 79 4 5
a 79 242 5
a 79 466 9
a 80 32 6
a 80 148 10
a 80 568 6
a 81 189 9
a 82 97 9
a 82 220 4
a 82 265 2
a 82 394 4
a 82 552 8
a 82 556 9
a 83 123 6
a 83 178 2
a 84 527 10
a 85 124 2
a 85 202 6
a 85 571 6
a 86 2 2
a 86 554 1
a 87 531 5
a 88 26 5
a 88 212 4
a 89 269 5
a 89 430 3
a 90 2 8
a 91 9 4
a 91 407 7
a 92 433 4
a 92 459 10
a 93 338 1
a 93 346 2
a 94 43 3
a 95 28 6
a 95 218 10
a 95 246 3
a 96 473 9
a 96 590 10
a 97 228 6
a 97 518 1
a 98 462 4
a 99 515 3
a 99 570 1
a 100 82 7
a 100 341 6
a 101 271 8
a 101 402 5
a 101 555 6
a 102 30 4
a 103 518 10
a 104 546 6
a 105 345 7
a 105 468 9
a 105 526 8
a 106 511 8
a 107 242 2
a 108 533 7
a 109 70 5
a 110 383 3
a 111 23 7
a 111 335 6
a 112 338 4
a 113 367 1
a 114 100 1
a 114 476 4
a 114 481 2
a 114 500 10
a 115 128 6
a 115 413 1
a 115 448 5
a 116 315 5
a 117 6 8
a 117 80 4
a 117 114 9
a 118 187 10
a 119 346 4
a 120 77 7
a 120 79 7
a 120 255 6
a 121 71 6
a 122 170 7
a 122 378 8
a 123 74 3
a 123 320 6
a 123 537 4
a 124 279 9
a 124 335 2
a 124 494 2
a 125 65 2
a 125 385 1
a 126 12 10
a 126 110 3
a 126 130 5
a 126 454 9
a 127 381 6
a 127 385 9
a 128 385 8
a 128 457 1
a 129 72 3
a 129 127 7
a 130 73 5
a 130 453 9
a 131 90 6
a 131 271 2
a 131 375 8
a 132 517 6
a 133 68 5
a 134 10 7
a 134 366 1
a 135 525 10
a 136 69 8
a 137 193 1
a 137 428 6
a 138 24 8
a 138 94 6
a 138 161 5
a 138 171 1
a 139 29 9
a 139 369 6
a 139 397 1
a 140 146 4
a 141 293 6
a 142 430 7
a 142 469 6
a 142 531 2
a 143 324 10
a 143 486 2
a 144 481 3
a 144 508 10
a 145 210 4
a 145 410 6
a 146 205 2
a 146 419 9
a 146 565 9
a 147 367 1
a 147 388 4
a 147 403 3
a 148 286 6
a 149 398 1
a 150 49 2
a 150 127 10
a 150 370 8
a 150 414 5
a 151 340 8
a 151 382 5
a 152 193 7
a 152 248 2
a 152 472 7
a 153 581 5
a 153 600 7
a 154 54 7
a 154 174 4
a 154 516 8
a 155 350 4
a 155 426 2
a 155 505 6
a 156 31 2
a 156 152 2
a 156 438 4
a 157 268 4
a 158 200 6
a 158 232 2
a 158 458 7
a 159 7 4
a 159 365 1
a 159 504 3
a 159 572 8
a 160 258 6
a 160 445 10
a 161 69 2
a 161 187 10
a 161 244 8
a 161 368 4
a 161 578 9
a 162 238 4
a 162 484 9
a 163 171 3
a 163 194 1
a 164 44 1
a 164 528 9
a 165 325 6
a 165 420 2
a 166 155 5
a 166 263 8
a 166 330 10
a 166 512 10
a 166 534 1
a 167 134 6
a 167 191 4
a 168 440 1
a 169 34 7
a 169 45 1
a 169 423 3
a 170 5 8
a 170 187 1
a 170 217 4
a 170 474 2
a 171 106 6
a 171 193 7
a 171 228 2
a 172 188 2
a 172 334 9
a 172 422 9
a 172 515 3
a 173 195 5
a 173 347 3
a 173 445 1
a 173 499 3
a 174 156 10
a 174 322 1
a 175 556 8
a 176 149 8
a 176 238 7
a 176 247 4
a 177 38 2
a 177 95 3
a 177 373 1
a 178 179 1
a 178 208 4
a 178 337 2
a 178 384 8
a 179 360 7
a 179 562 6
a 179 588 4
a 180 185 7
a 180 315 7
a 180 448 5
a 181 48 1
a 181 477 7
a 182 72 3
a 182 219 5
a 182 380 7
a 183 459 2
a 183 491 3
a 184 21 4
a 184 180 6
a 184 539 4
a 184 548 7
a 185 145 5
a 185 194 3
a 185 242 3
a 185 545 7
a 186 471 7
a 187 260 10
a 187 287 7
a 188 144 1
a 188 264 8
a 188 589 6
a 189 390 10
a 189 429 1
a 189 505 6
a 190 577 8
a 191 230 3
a 191 488 1
a 191 541 8
a 191 591 10
a 192 113 8
a 192 369 9
a 192 455 7
a 192 533 9
a 193 266 7
a 193 525 9
a 194 362 5
a 195 263 10
a 196 181 7
a 196 444 6
a 197 479 4
a 197 537 9
a 198 157 2
a 198 572 1
a 198 580 9
a 199 3 4
a 199 225 7
a 199 265 3
a 200 27 2
a 201 321 7
a 202 396 7
a 202 569 8
a 203 285 7
a 203 566 8
a 204 545 7
a 205 397 6
a 205 400 8
a 205 532 10
a 205 586 2
a 206 53 5
a 206 61 3
a 206 147 5
a 207 98 4
a 207 251 10
a 207 261 7
a 207 540 3
a 208 371 1
a 209 284 3
a 209 502 2
a 210 501 2
a 211 332 5
a 212 132 4
a 212 267 9
a 213 396 5
a 213 583 2
a 214 303 4
a 214 433 6
a 214 487 1
a 215 10 4
a 215 186 6
a 216 15 8
a 216 206 6
a 217 51 5
a 217 190 10
a 217 296 8
a 218 41 4
a 218 147 3
a 219 178 6
a 219 224 10
a 219 412 2
a 220 223 3
a 220 555 7
a 221 68 10
a 221 433 10
a 221 434 10
a 222 19 5
a 222 338 8
a 222 466 10
a 222 520 5
a 223 104 4
a 223 393 9
a 223 412 9
a 224 78 2
a 224 159 10
a 224 413 1
a 225 160 10
a 225 286 2
a 225 579 6
a 226 58 10
a 226 370 2
a 226 576 1
a 226 592 5
a 227 48 2
a 227 269 10
a 228 372 1
a 229 17 5
a 229 232 3
a 230 184 9
a 230 412 9
a 231 40 8
a 231 46 4
a 231 577 5
a 232 34 9
a 232 385 4
a 233 105 7
a 233 281 9
a 234 573 7
a 235 406 1
a 235 435 5
a 236 94 10
a 236 406 6
a 236 588 2
a 237 197 2
a 237 234 2
a 237 453 10
a 238 250 7
a 238 567 4
a 239 422 3
a 240 421 10
a 240 427 2
a 241 250 8
a 241 506 8
a 242 173 2
a 242 395 7
a 243 158 2
a 243 441 2
a 244 70 6
a 244 362 9
a 245 104 2
a 245 464 1
a 245 597 3
a 246 99 5
a 246 278 3
a 246 496 2
a 247 165 1
a 247 404 2
a 248 346 4
a 248 563 1
a 249 185 5
a 249 252 9
a 250 450 1
a 251 156 10
a 251 540 7
a 252 122 9
a 252 581 1
a 253 138 2
a 254 257 9
a 254 518 3
a 255 296 1
a 256 122 9
a 256 213 1
a 257 333 6
a 258 517 8
a 258 566 2
a 258 598 3
a 259 44 6
a 259 192 9
a 259 407 4
a 259 416 1
a 260 347 1
a 260 356 8
a 260 485 4
a 261 342 4
a 262 84 9
a 262 274 6
a 262 557 10
a 263 350 6
a 264 145 3
a 264 551 7
a 265 46 5
a 265 367 1
a 266 8 5
a 266 180 3
a 267 254 2
a 267 296 3
a 267 329 8
a 267 374 10
a 268 132 3
a 268 182 6
a 268 442 4
a 269 357 5
a 270 166 4
a 270 401 7
a 270 529 7
a 271 176 9
a 271 524 3
a 271 558 7
a 272 58 2
a 272 529 3
a 273 501 8
a 274 334 8
a 275 56 3
a 275 527 9
a 276 177 8
a 276 207 4
a 276 243 7
a 277 534 8
a 278 85 5
a 278 261 6
a 278 432 6
a 278 460 10
a 279 110 7
a 279 224 3
a 280 167 7
a 280 176 9
a 280 573 8
a 281 4 5
a 281 201 5
a 281 355 2
a 281 518 7
a 282 391 5
a 283 430 2
a 283 542 5
a 284 295 3
a 284 326 9
a 285 211 8
a 286 13 6
a 286 218 9
a 286 349 8
a 286 411 7
a 286 513 8
a 287 59 3
a 287 391 10
a 288 105 5
a 288 314 1
a 288 439 8
a 289 166 3
a 289 348 5
a 290 423 9
a 291 9 6
a 291 159 5
a 292 91 4
a 293 239 8
a 293 426 3
a 293 449 8
a 293 457 6
a 294 211 9
a 294 316 10
a 294 351 2
a 295 166 7
a 295 593 5
a 296 16 10
a 296 548 3
a 297 93 3
a 297 459 1
a 298 57 9
a 298 462 7
a 299 123 7
a 299 282 1
a 300 267 8
a 300 386 5
a 300 584 1
a 301 118 8
a 301 237 10
a 302 215 4
a 303 90 1
a 303 147 1
a 303 368 7
a 304 76 10
a 305 373 8
a 305 599 8
a 306 121 1
a 306 155 9
a 306 361 8
a 307 463 5
a 307 577 5
a 308 390 4
a 309 67 7
a 309 284 4
a 310 408 2
a 311 37 6
a 311 460 8
a 312 304 3
a 312 344 7
a 313 461 8
a 314 295 5
a 314 306 10
a 315 107 1
a 315 134 4
a 315 358 2
a 316 309 7
a 317 418 10
a 317 513 10
a 318 391 4
a 319 108 9
a 320 332 6
a 320 423 2
a 321 112 3
a 321 239 5
a 322 115 8
a 322 493 6
a 323 50 8
a 323 260 2
a 323 308 9
a 324 11 6
a 324 582 8
a 325 344 5
a 325 357 8
a 326 62 8
a 326 120 9
a 326 543 3
a 327 93 9
a 327 587 3
a 328 44 2
a 328 419 3
a 328 572 5
a 329 85 7
a 330 321 9
a 330 387 6
a 331 98 7
a 332 63 7
a 332 204 2
a 332 268 7
a 332 307 9
a 332 461 10
a 333 125 7
a 334 21 10
a 334 233 7
a 335 276 9
a 335 469 4
a 335 506 8
a 336 30 8
a 336 91 7
a 336 116 6
a 337 25 5
a 337 380 6
a 338 343 5
a 338 479 4
a 339 542 1
a 340 70 1
a 340 140 7
a 341 472 8
a 342 293 1
a 342 516 8
a 343 353 1
a 343 411 10
a 343 519 7
a 344 386 7
a 345 21 2
a 345 488 6
a 346 99 5
a 347 190 9
a 347 309 6
a 348 43 7
a 348 570 8
a 349 384 9
a 350 211 8
a 351 65 10
a 352 199 3
a 352 566 3
a 353 176 6
a 354 18 5
a 354 143 5
a 354 209 7
a 354 345 5
a 355 272 5
a 355 273 6
a 356 343 2
a 357 141 1
a 357 278 10
a 357 284 6
a 358 45 4
a 359 167 5
a 359 501 1
a 360 46 6
a 360 160 6
a 361 598 5
a 362 568 7
a 363 111 7
a 363 259 10
a 363 321 1
a 363 535 2
a 364 23 8
a 364 186 8
a 365 373 1
a 365 391 8
a 366 216 4
a 366 434 1
a 367 399 7
a 367 400 5
a 368 189 2
a 368 301 3
a 368 314 8
a 369 496 7
a 369 598 2
a 370 33 9
a 370 267 3
a 370 446 5
a 371 226 10
a 371 247 3
a 372 92 5
a 372 253 5
a 372 280 9
a 372 299 6
a 373 298 4
a 373 367 1
a 373 544 5
a 374 16 5
a 375 465 6
a 376 91 7
a 376 129 5
a 376 378 1
a 376 521 7
a 377 462 8
a 377 486 8
a 378 480 7
a 379 29 4
a 380 27 7
a 380 275 8
a 381 76 1
a 381 102 3
a 381 161 5
a 382 240 5
a 382 474 4
a 383 523 6
a 384 276 1
a 385 231 3
a 385 600 5
a 386 342 3
a 386 521 6
a 387 355 8
a 387 465 4
a 388 92 8
a 388 175 1
a 389 167 6
a 390 265 2
a 390 546 2
a 390 595 2
a 391 385 9
a 392 9 1
a 392 439 6
a 393 87 9
a 393 137 2
a 393 273 3
a 393 561 6
a 394 127 9
a 395 197 7
a 395 385 9
a 396 126 3
a 396 449 5
a 397 356 9
a 398 15 10
a 398 490 2
a 399 267 8
a 399 270 1
a 400 256 10
a 400 342 1
a 400 450 9
a 401 350 1
a 402 18 5
a 402 203 10
a 402 364 10
a 403 592 7
a 404 11 1
a 405 288 3
a 405 385 1
a 405 389 1
a 406 243 6
a 406 310 10
a 406 427 2
a 407 212 10
a 408 593 4
a 409 262 8
a 410 81 8
a 410 318 10
a 410 511 2
a 411 206 6
a 412 86 4
a 412 231 6
a 413 319 1
a 414 366 8
a 415 213 5
a 415 458 2
a 416 193 5
a 417 376 10
a 417 564 10
a 418 75 5
a 418 337 7
a 419 109 2
a 419 181 1
a 419 522 6
a 420 48 6
a 421 62 2
a 421 138 8
a 421 417 6
a 422 142 7
a 422 229 1
a 422 260 9
a 423 265 3
a 423 587 8
a 424 80 7
a 425 498 7
a 426 300 9
a 426 316 8
a 427 396 9
a 427 530 3
a 428 42 10
a 428 212 1
a 428 431 10
a 429 372 5
a 430 580 10
a 431 36 3
a 431 507 8
a 431 599 10
a 432 158 5
a 432 283 9
a 433 354 9
a 433 415 6
a 433 430 10
a 434 362 5
a 435 205 4
a 435 363 1
a 436 301 10
a 437 164 1
a 437 389 6
a 437 493 6
a 438 359 1
a 438 393 2
a 439 64 5
a 439 210 8
a 440 22 2
a 440 61 4
a 441 103 4
a 441 392 6
a 441 573 10
a 442 368 5
a 442 538 2
a 442 567 2
a 442 596 8
a 443 35 10
a 443 399 7
a 443 574 2
a 444 495 2
a 445 125 3
a 445 130 6
a 446 13 4
a 446 575 9
a 447 92 8
a 447 169 10
a 447 333 2
a 448 301 9
a 448 510 4
a 449 370 1
a 449 377 9
a 449 555 8
a 450 534 6
a 451 81 5
a 451 311 1
a 451 364 8
a 452 211 5
a 453 93 7
a 454 27 3
a 454 45 1
a 455 97 6
a 455 498 3
a 456 211 4
a 456 391 9
a 457 234 7
a 458 568 2
a 459 180 2
a 459 523 3
a 460 473 2
a 461 60 5
a 461 333 6
a 462 39 1
a 462 125 8
a 462 366 9
a 463 199 2
a 464 220 5
a 464 594 10
a 465 47 8
a 465 560 6
a 466 141 6
a 467 339 1
a 467 352 6
a 467 535 6
a 468 409 4
a 468 432 3
a 469 132 8
a 469 342 5
a 469 475 6
a 470 574 1
a 471 318 8
a 471 371 5
a 472 580 7
a 473 385 8
a 473 547 2
a 474 297 9
a 474 596 10
a 475 141 4
a 476 337 8
a 477 599 8
a 478 254 2
a 478 435 2
a 478 512 2
a 479 163 6
a 479 304 6
a 480 91 1
a 481 56 10
a 481 71 4
a 481 146 7
a 482 6 4
a 483 198 1
a 484 570 9
a 485 555 8
a 486 107 10
a 486 249 7
a 486 344 9
a 487 118 8
a 487 438 7
a 488 353 4
a 489 20 7
a 489 111 6
a 489 307 6
a 490 388 1
a 490 522 2
a 491 77 5
a 491 172 9
a 492 143 8
a 492 274 3
a 492 329 9
a 493 141 5
a 493 179 9
a 494 340 2
a 495 97 6
a 496 222 10
a 496 444 10
a 497 189 10
a 497 582 4
a 498 490 10
a 499 440 7
a 499 478 2
a 500 197 9
a 500 305 2
a 501 139 2
a 501 146 6
a 501 165 8
a 502 440 1
a 502 593 6
a 503 474 8
a 504 347 3
a 505 114 1
a 505 168 8
a 505 398 3
a 506 372 10
a 507 133 6
a 507 423 1
a 508 546 8
a 509 221 3
a 510 81 9
a 511 314 9
a 512 390 4
a 512 522 5
a 513 334 2
a 513 578 6
a 514 314 3
a 514 382 4
a 514 456 8
a 515 550 7
a 516 79 4
a 516 214 7
a 516 376 10
a 516 559 9
a 517 138 1
a 517 200 1
a 517 328 3
a 518 553 10
a 519 281 8
a 520 294 9
a 520 556 6
a 521 531 3
a 522 558 1
a 523 251 4
a 523 583 8
a 524 2 1
a 524 177 4
a 524 302 1
a 525 9 1
a 525 549 2
a 526 266 9
a 526 336 5
a 527 282 5
a 527 467 10
a 527 568 2
a 528 182 4
a 529 323 7
a 530 235 5
a 530 341 3
a 531 54 2
a 531 124 4
a 532 213 6
a 533 265 8
a 533 519 9
a 534 435 7
a 535 49 10
a 536 193 7
a 537 221 7
a 538 590 3
a 539 543 6
a 540 220 2
a 541 170 3
a 542 157 9
a 543 64 2
a 543 290 1
a 544 66 6
a 544 266 8
a 544 496 2
a 545 447 6
a 546 243 9
a 547 85 8
a 548 183 6
a 549 451 2
a 549 567 5
a 550 394 3
a 551 39 7
a 552 141 1
a 552 323 4
a 553 425 9
a 554 45 9
a 555 287 1
a 556 297 10
a 556 336 1
a 557 47 1
a 557 174 4
a 558 135 7
a 558 560 10
a 559 28 5
a 559 206 7
a 560 215 1
a 560 254 3
a 561 55 1
a 561 161 10
a 561 344 3
a 562 549 6
a 563 340 6
a 563 480 6
a 564 314 7
a 564 486 2
a 565 195 5
a 565 553 6
a 566 170 5
a 566 196 10
a 566 504 7
a 567 539 2
a 568 69 7
a 568 489 7
a 568 550 10
a 569 319 6
a 569 471 5
a 569 585 3
a 570 110 3
a 570 436 6
a 571 70 6
a 572 176 7
a 573 20 5
a 574 277 6
a 574 317 8
a 575 468 4
a 576 130 10
a 576 323 5
a 577 476 5
a 577 590 5
a 578 82 8
a 578 291 9
a 578 431 10
a 578 598 2
a 579 433 7
a 579 441 4
a 579 482 5
a 580 289 3
a 580 292 10
a 581 226 5
a 581 241 6
a 581 483 9
a 582 314 1
a 583 477 10
a 584 53 2
a 585 151 9
a 585 169 3
a 586 15 9
a 586 60 10
a 587 172 3
a 588 84 7
a 589 198 3
a 589 399 3
a 589 470 2
a 590 317 2
a 591 588 8
a 592 526 1
a 593 520 9
a 594 74 1
a 594 311 5
a 594 342 9
a 595 65 1
a 596 410 3
a 596 556 3
a 597 443 10
a 598 183 1
a 598 500 7
a 599 48 3
a 599 119 5
