p max 600 1200
n 1 s
n 600 t
a 1 90 9
a 1 305 2
a 1 505 2
a 2 25 6
a 3 50 4
a 3 84 6
a 3 468 7
a 3 490 10
a 4 421 7
a 4 434 7
a 5 246 6
a 5 522 2
a 5 567 9
a 6 466 2
a 7 305 1
a 8 567 5
a 9 498 7
a 10 179 3
a 10 324 7
a 10 464 8
a 10 560 4
a 11 116 7
a 11 204 7
a 11 316 10
a 12 469 2
a 12 487 10
a 13 260 2
a 14 427 5
a 15 7 5
a 15 12 1
a 16 165 6
a 17 327 8
a 17 401 10
a 18 28 1
a 18 523 2
a 18 580 5
a 19 2 5
a 20 194 5
a 20 391 9
a 20 466 6
a 21 265 9
a 21 365 9
a 22 595 10
a 23 472 4
a 23 492 9
a 23 493 3
a 24 314 10
a 24 526 6
a 25 251 4
a 25 481 6
a 26 302 6
a 26 469 6
a 27 333 3
a 27 440 3
a 28 349 9
a 29 224 10
a 29 244 10
a 29 252 8
a 29 387 3
a 30 44 10
a 31 15 7
a 31 203 2
a 31 341 1
a 31 371 3
a 32 9 7
a 32 74 8
a 32 379 9
a 33 72 8
a 33 349 3
a 33 358 3
a 33 360 3
a 34 8 9
a 34 96 9
a 34 131 10
a 34 293 6
a 35 137 8
a 35 195 4
a 35 402 4
a 36 205 2
a 36 257 4
a 36 300 3
a 36 317 2
a 37 279 4
a 37 496 1
a 38 57 5
a 39 372 9
a 39 465 9
a 40 3 2
a 40 176 2
a 41 311 3
a 41 349 8
a 42 381 5
a 43 342 7
a 44 35 5
a 44 573 5
a 45 238 10
a 46 294 1
a 46 490 1
a 47 246 8
a 48 292 7
a 48 532 4
a 49 103 5
a 49 129 2
a 49 259 4
a 50 157 2
a 50 223 6
a 51 417 9
a 51 467 10
a 52 427 1
a 53 94 2
a 53 126 6
a 54 464 6
a 55 95 1
a 55 107 5
a 56 109 9
a 56 168 6
a 57 383 10
a 58 242 9
a 59 237 6
a 59 381 2
a 59 488 1
a 60 185 10
a 60 453 3
a 61 190 1
a 61 254 10
a 61 577 6
a 62 84 3
a 62 162 1
a 63 566 4
a 64 220 10
a 64 566 1
a 65 91 8
a 65 385 10
a 65 467 6
a 66 170 6
a 67 176 9
a 67 269 8
a 68 235 6
a 68 272 5
a 68 388 1
a 69 40 6
a 69 362 9
a 69 398 2
a 70 170 5
a 71 98 2
a 71 543 5
a 72 40 3
a 72 153 3
a 72 159 4
a 72 290 5
a 73 418 3
a 74 226 2
a 74 262 6
a 74 377 3
a 75 164 3
a 75 238 1
a 75 358 1
a 76 425 1
a 77 487 5
a 78 73 7
a 78 143 8
a 78 298 3
a 79 183 8
a 79 512 5
a 80 62 9
a 80 436 4
a 81 67 10
a 81 127 8
a 82 222 5
a 83 405 5
a 83 415 10
a 83 483 8
a 83 493 4
a 83 552 5
a 84 67 9
a 84 357 8
a 84 590 3
a 85 42 10
a 85 308 9
a 85 539 5
a 86 468 1
a 87 181 10
a 87 284 4
a 87 548 9
a 88 10 9
a 89 482 9
a 90 336 7
a 90 529 3
a 91 163 4
a 91 552 5
a 92 381 2
a 93 28 3
a 94 346 2
a 94 371 9
a 94 416 10
a 95 304 7
a 95 484 10
a 96 406 1
a 96 443 7
a 97 247 3
a 97 294 5
a 97 390 10
a 98 126 2
a 99 43 9
a 100 305 10
a 100 561 8
a 101 91 6
a 101 193 1
a 101 461 7
a 101 589 9
a 102 596 6
a 103 160 7
a 103 471 1
a 104 66 10
a 105 263 4
a 106 105 6
a 106 515 6
a 106 545 1
a 107 83 6
a 107 115 4
a 107 256 6
a 107 299 9
a 107 350 6
a 107 541 5
a 108 65 1
a 108 529 8
a 108 535 4
a 109 66 3
a 109 403 6
a 110 218 6
a 111 52 2
a 111 151 2
a 111 209 3
a 112 81 6
a 112 197 10
a 112 236 9
a 112 245 8
a 113 10 7
a 113 46 2
a 114 230 9
a 114 334 5
a 115 409 9
a 116 331 5
a 116 486 10
a 117 194 7
a 117 306 3
a 118 289 9
a 118 320 4
a 118 435 7
a 119 267 1
a 120 39 2
a 120 414 8
a 120 505 4
a 121 94 8
a 122 336 2
a 123 19 3
a 123 464 8
a 124 64 3
a 124 424 1
a 125 217 1
a 125 328 2
a 125 361 5
a 125 600 9
a 126 34 9
a 126 135 10
a 126 266 8
a 127 300 10
a 127 551 6
a 128 154 2
a 128 418 7
a 128 502 1
a 129 89 2
a 130 118 8
a 130 285 6
a 130 307 1
a 130 334 4
a 131 67 7
a 132 61 1
a 132 146 6
a 132 179 2
a 132 234 5
a 133 52 10
a 133 331 10
a 133 534 1
a 134 58 5
a 134 424 3
a 135 533 6
a 136 198 1
a 137 254 10
a 137 363 6
a 138 233 4
a 139 91 5
a 139 335 3
a 139 420 9
a 140 37 4
a 140 122 5
a 140 295 10
a 141 282 5
a 142 499 3
a 143 479 1
a 143 545 1
a 144 268 4
a 145 473 7
a 145 483 5
a 146 142 3
a 146 556 7
a 147 309 7
a 147 325 8
a 148 164 5
a 149 22 9
a 149 319 10
a 149 553 8
a 150 359 9
a 151 5 5
a 152 110 2
a 152 479 8
a 153 66 10
a 154 53 4
a 154 232 6
a 154 304 8
a 155 136 9
a 155 348 6
a 155 386 8
a 155 530 10
a 156 288 10
a 156 302 6
a 157 62 2
a 158 375 7
a 159 509 10
a 160 38 4
a 160 473 6
a 161 213 3
a 161 312 4
a 161 332 2
a 162 275 4
a 162 578 4
a 163 29 7
a 163 160 1
a 163 269 2
a 163 486 4
a 164 311 7
a 164 481 6
a 164 491 2
a 165 208 6
a 165 427 10
a 166 470 6
a 167 390 3
a 168 215 1
a 168 478 7
a 169 143 6
a 169 168 8
a 169 178 10
a 169 185 8
a 170 83 9
a 170 451 10
a 170 588 10
a 171 152 10
a 171 372 10
a 172 467 3
a 172 549 6
a 173 12 4
a 173 443 5
a 174 110 4
a 174 455 7
a 175 77 7
a 175 527 3
a 176 137 7
a 176 379 6
a 177 113 1
a 177 600 8
a 178 176 7
a 178 260 1
a 178 591 1
a 179 593 8
a 180 171 8
a 180 262 7
a 180 502 1
a 181 93 9
a 181 167 4
a 181 289 8
a 182 25 2
a 182 484 7
a 183 445 9
a 183 454 8
a 183 510 5
a 184 153 9
a 185 475 6
a 186 32 3
a 186 191 2
a 186 564 9
a 187 293 7
a 187 375 5
a 187 517 10
a 188 557 6
a 189 344 2
a 189 367 1
a 190 225 10
a 191 278 8
a 191 495 4
a 191 519 2
a 192 243 5
a 192 329 1
a 192 427 8
a 193 37 2
a 193 80 10
a 193 169 3
a 193 376 7
a 194 240 6
a 195 138 9
a 195 340 8
a 195 570 8
a 195 577 7
a 196 24 6
a 197 538 1
a 198 194 10
a 199 75 2
a 200 325 2
a 200 408 9
a 201 51 4
a 202 362 6
a 202 431 8
a 203 201 6
a 203 342 6
a 204 404 3
a 205 75 8
a 206 53 9
a 207 252 10
a 207 399 8
a 208 119 4
a 209 100 8
a 210 234 5
a 211 299 7
a 212 535 1
a 213 241 4
a 213 339 9
a 213 536 3
a 214 77 8
a 214 99 3
a 214 135 8
a 214 447 2
a 215 399 1
a 215 496 4
a 216 4 10
a 216 281 5
a 216 336 2
a 216 380 4
a 217 139 2
a 217 182 7
a 217 382 3
a 218 510 6
a 219 235 9
a 219 314 1
a 220 338 8
a 220 438 8
a 220 581 5
a 221 347 2
a 221 450 5
a 222 286 3
a 222 393 10
a 222 546 5
a 223 62 2
a 223 114 10
a 223 369 3
a 224 60 10
a 224 250 2
a 225 527 10
a 226 446 4
a 227 433 1
a 228 377 5
a 228 396 2
a 229 200 7
a 229 265 6
a 229 502 8
a 230 206 5
a 230 351 5
a 230 579 6
a 231 176 9
a 231 449 8
a 232 323 2
a 233 142 7
a 233 421 2
a 233 499 6
a 234 47 1
a 234 107 2
a 234 271 2
a 234 411 5
a 234 541 1
a 235 35 7
a 236 502 2
a 236 571 10
a 237 10 7
a 237 514 4
a 238 550 4
a 239 109 7
a 239 587 9
a 240 288 4
a 240 410 9
a 241 423 3
a 242 187 6
a 242 199 1
a 242 545 7
a 243 168 1
a 243 229 3
a 244 446 6
a 244 596 3
a 245 173 1
a 245 218 5
a 245 375 5
a 246 57 1
a 247 35 2
a 248 45 10
a 248 175 7
a 248 286 7
a 249 397 4
a 250 16 10
a 251 31 10
a 251 291 7
a 252 561 3
a 253 80 6
a 253 528 4
a 254 220 1
a 255 82 4
a 256 150 9
a 257 20 7
a 258 498 1
a 259 587 9
a 260 222 9
a 260 494 2
a 261 348 6
a 261 523 5
a 261 529 6
a 262 328 7
a 263 343 9
a 264 54 9
a 265 90 3
a 266 267 4
a 266 322 7
a 266 384 9
a 267 51 9
a 267 365 5
a 268 11 10
a 268 175 8
a 268 184 8
a 269 179 7
a 270 342 7
a 271 92 7
a 271 423 3
a 271 434 7
a 272 66 3
a 272 179 2
a 272 518 6
a 273 171 10
a 274 204 4
a 274 231 10
a 274 259 4
a 275 251 8
a 276 378 1
a 276 495 6
a 277 86 3
a 277 301 8
a 277 355 4
a 277 527 2
a 278 41 2
a 278 276 4
a 279 181 7
a 280 185 6
a 280 438 3
a 281 330 10
a 281 374 2
a 282 546 7
a 283 14 5
a 283 267 3
a 284 327 4
a 284 543 2
a 285 35 8
a 286 106 10
a 286 172 3
a 286 307 9
a 287 86 5
a 287 592 4
a 288 140 5
a 288 142 2
a 289 119 3
a 289 150 5
a 290 173 9
a 290 287 3
a 290 579 7
a 291 227 3
a 291 315 5
a 291 396 5
a 291 485 9
a 292 439 6
a 293 82 8
a 293 253 3
a 293 392 5
a 293 490 3
a 294 110 4
a 294 356 9
a 294 372 5
a 294 439 4
a 294 533 10
a 294 594 2
a 295 343 5
a 295 500 4
a 295 599 10
a 296 5 1
a 296 599 1
a 297 158 2
a 297 258 2
a 298 106 7
a 298 233 9
a 298 238 2
a 299 327 7
a 300 438 1
a 300 448 7
a 301 263 1
a 302 2 9
a 302 189 7
a 302 458 4
a 303 191 6
a 303 257 6
a 303 325 10
a 303 409 2
a 304 246 5
a 304 585 3
a 305 526 4
a 306 83 9
a 307 216 5
a 308 44 9
a 308 240 1
a 308 512 1
a 309 133 4
a 310 57 7
a 310 457 5
a 310 523 2
a 311 79 1
a 311 239 9
a 311 248 7
a 311 284 2
a 311 333 3
a 312 277 4
a 312 304 7
a 313 459 3
a 314 6 10
a 315 152 6
a 315 160 1
a 316 358 7
a 317 330 9
a 317 441 3
a 318 59 4
a 318 210 1
a 318 246 6
a 319 83 1
a 319 407 5
a 319 513 10
a 320 53 3
a 320 501 8
a 321 273 5
a 321 508 3
a 322 207 8
a 322 303 6
a 323 154 2
a 324 384 2
a 324 416 9
a 324 504 10
a 325 193 1
a 325 283 5
a 326 286 2
a 326 441 1
a 327 189 6
a 327 395 7
a 327 444 6
a 328 366 3
a 328 509 9
a 329 88 4
a 329 353 7
a 329 382 8
a 330 145 2
a 330 439 5
a 330 534 2
a 331 328 5
a 331 366 2
a 332 122 4
a 332 276 6
a 333 435 5
a 334 62 2
a 334 120 9
a 334 404 9
a 335 33 3
a 335 558 9
a 336 133 8
a 336 578 2
a 337 187 7
a 338 206 2
a 339 397 10
a 340 248 7
a 341 327 3
a 342 391 2
a 343 41 5
a 343 595 8
a 344 541 2
a 345 112 5
a 345 358 2
a 345 524 4
a 346 413 2
a 346 587 5
a 347 114 9
a 348 63 3
a 348 431 5
a 349 47 2
a 349 303 1
a 349 559 2
a 350 130 5
a 350 474 8
a 351 38 6
a 352 186 10
a 352 397 3
a 352 449 1
a 353 70 4
a 353 221 7
a 354 412 5
a 354 424 2
a 354 504 2
a 354 566 7
a 355 121 5
a 355 169 1
a 356 113 6
a 356 368 6
a 356 542 6
a 357 31 7
a 357 143 3
a 358 13 2
a 358 390 4
a 359 60 3
a 359 473 1
a 359 555 6
a 360 163 3
a 360 583 10
a 361 359 10
a 361 512 1
a 362 100 6
a 362 335 10
a 363 187 5
a 364 573 5
a 365 347 10
a 365 536 10
a 366 72 5
a 367 123 7
a 367 281 3
a 368 325 1
a 368 400 3
a 369 277 7
a 369 288 7
a 369 538 9
a 370 38 8
a 371 366 8
a 371 480 2
a 371 500 4
a 371 584 9
a 372 596 2
a 373 316 4
a 374 153 9
a 375 149 4
a 375 370 9
a 376 225 3
a 376 297 5
a 376 373 1
a 377 541 6
a 378 98 2
a 379 305 6
a 379 591 9
a 380 434 7
a 381 228 5
a 381 550 6
a 382 144 3
a 383 179 2
a 384 236 6
a 384 489 4
a 385 450 7
a 386 527 2
a 386 557 2
a 387 215 5
a 387 579 6
a 388 402 9
a 389 201 1
a 389 368 2
a 389 550 4
a 390 235 10
a 391 133 1
a 391 540 2
a 392 103 6
a 393 190 1
a 394 356 7
a 395 296 4
a 396 13 7
a 396 158 2
a 396 426 3
a 397 538 5
a 398 214 2
a 399 321 8
a 399 373 3
a 400 531 5
a 401 595 7
a 402 92 7
a 402 190 1
a 403 303 5
a 403 474 9
a 404 24 3
a 404 53 4
a 404 264 9
a 404 586 10
a 405 507 4
a 406 111 6
a 406 144 7
a 406 463 10
a 407 266 8
a 408 16 4
a 408 87 3
a 408 101 5
a 408 170 1
a 408 254 4
a 408 462 3
a 409 153 8
a 409 475 2
a 410 572 3
a 411 70 4
a 411 318 8
a 411 416 2
a 412 56 4
a 412 212 5
a 413 196 4
a 413 376 3
a 413 381 10
a 414 165 6
a 414 216 6
a 415 110 5
a 415 147 1
a 415 482 5
a 416 177 2
a 417 43 6
a 417 296 10
a 417 574 9
a 418 562 6
a 419 543 6
a 420 7 9
a 420 516 1
a 421 589 3
a 422 509 2
a 423 90 5
a 424 113 2
a 424 517 7
a 425 600 1
a 426 172 6
a 426 456 3
a 426 476 6
a 426 560 9
a 427 465 7
a 428 527 3
a 429 349 8
a 430 76 6
a 430 586 3
a 431 108 6
a 432 111 4
a 433 28 1
a 433 324 8
a 434 71 9
a 434 72 5
a 434 156 8
a 435 516 9
a 436 252 7
a 436 498 6
a 437 430 1
a 438 151 4
a 438 320 7
a 438 554 8
a 439 20 6
a 439 507 7
a 439 512 10
a 440 130 3
a 440 214 6
a 440 359 7
a 440 432 2
a 441 39 2
a 441 483 9
a 442 323 7
a 442 328 2
a 442 401 4
a 443 202 5
a 443 331 5
a 443 565 10
a 444 250 9
a 445 66 7
a 445 108 8
a 445 429 6
a 446 232 7
a 446 257 2
a 446 581 2
a 447 357 8
a 447 433 1
a 448 413 5
a 449 28 5
a 449 188 1
a 449 419 2
a 450 69 2
a 451 177 8
a 452 147 2
a 452 544 5
a 453 211 10
a 453 369 3
a 454 57 7
a 455 244 6
a 455 532 5
a 456 264 7
a 457 275 4
a 457 345 8
a 458 115 1
a 459 600 1
a 460 487 6
a 461 381 3
a 461 519 3
a 462 210 3
a 463 525 7
a 463 544 4
a 464 56 10
a 464 124 5
a 464 127 4
a 465 243 9
a 466 156 4
a 466 430 1
a 467 329 7
a 467 494 2
a 468 553 4
a 469 559 5
a 470 236 9
a 470 322 4
a 471 235 8
a 472 261 6
a 473 126 4
a 473 379 7
a 474 327 9
a 474 521 1
a 475 341 7
a 475 354 5
a 476 264 1
a 477 407 6
a 477 548 7
a 478 85 7
a 478 165 3
a 478 281 1
a 479 229 1
a 479 255 8
a 480 133 4
a 481 96 2
a 481 261 4
a 481 383 4
a 482 171 6
a 483 192 1
a 484 27 1
a 484 192 2
a 484 470 10
a 484 494 5
a 485 506 9
a 486 46 6
a 486 55 7
a 486 219 4
a 487 56 2
a 487 274 10
a 487 300 6
a 488 6 3
a 488 33 8
a 488 103 10
a 489 509 9
a 490 5 6
a 490 369 10
a 491 54 7
a 491 148 1
a 491 456 3
a 492 237 8
a 492 319 2
a 493 225 3
a 494 46 6
a 494 75 6
a 494 141 9
a 494 414 3
a 495 389 10
a 496 573 10
a 497 122 3
a 497 180 8
a 498 68 6
a 498 88 3
a 498 339 3
a 499 270 9
a 499 562 2
a 499 575 5
a 500 130 2
a 500 340 4
a 501 174 6
a 501 185 10
a 501 300 1
a 501 444 4
a 501 477 1
a 502 593 8
a 503 365 9
a 503 593 10
a 504 307 2
a 504 567 2
a 505 146 10
a 505 231 6
a 506 100 6
a 507 16 7
a 507 537 6
a 508 333 9
a 509 224 5
a 509 446 6
a 510 132 1
a 511 36 6
a 511 232 6
a 511 365 7
a 512 263 3
a 512 488 10
a 513 314 9
a 513 541 2
a 514 150 2
a 514 228 3
a 515 161 3
a 515 219 10
a 516 274 1
a 516 442 10
a 517 361 9
a 518 53 7
a 518 228 7
a 518 310 3
a 519 165 7
a 519 286 10
a 519 353 7
a 520 70 6
a 520 198 4
a 521 443 6
a 522 533 1
a 523 446 4
a 524 34 8
a 524 242 4
a 524 527 6
a 525 389 7
a 525 403 3
a 526 296 2
a 526 309 9
a 527 375 2
a 528 451 10
a 529 165 1
a 529 508 2
a 530 132 9
a 530 335 10
a 530 486 5
a 531 128 1
a 531 270 1
a 531 290 3
a 532 485 5
a 533 67 2
a 533 94 5
a 533 466 9
a 534 568 9
a 534 579 2
a 535 331 9
a 536 337 3
a 536 375 1
a 537 269 8
a 537 572 7
a 538 104 1
a 538 200 9
a 538 282 10
a 538 428 3
a 539 400 8
a 540 118 6
a 540 249 9
a 540 460 3
a 540 576 1
a 541 177 9
a 541 179 9
a 541 352 6
a 541 582 1
a 542 363 2
a 542 437 6
a 543 23 4
a 543 30 7
a 543 166 10
a 543 241 6
a 544 129 6
a 544 231 5
a 545 73 2
a 545 459 9
a 546 242 3
a 546 280 3
a 546 597 8
a 547 524 7
a 548 21 6
a 548 503 4
a 549 428 5
a 550 308 2
a 550 585 6
a 551 97 8
a 551 257 8
a 552 11 8
a 552 21 3
a 552 123 2
a 552 511 2
a 553 144 7
a 553 361 4
a 553 376 5
a 554 265 10
a 555 422 2
a 555 488 9
a 556 170 6
a 556 321 4
a 556 425 3
a 557 515 3
a 558 84 7
a 559 380 7
a 560 43 6
a 561 159 1
a 561 466 6
a 562 21 5
a 563 288 5
a 563 569 2
a 564 17 5
a 564 114 8
a 565 134 7
a 565 403 9
a 566 49 10
a 566 94 3
a 566 149 5
a 566 382 3
a 567 453 7
a 568 52 6
a 569 344 3
a 569 479 9
a 569 497 7
a 570 294 10
a 571 18 1
a 571 78 5
a 571 79 5
a 571 345 8
a 572 387 3
a 573 69 3
a 573 515 9
a 574 89 6
a 574 220 6
a 574 318 10
a 574 446 2
a 575 48 3
a 575 326 4
a 575 598 4
a 576 523 1
a 577 210 5
a 578 102 2
a 578 486 10
a 578 506 10
a 579 268 10
a 579 415 7
a 579 520 8
a 580 189 3
a 581 160 7
a 582 151 10
a 582 223 3
a 583 125 4
a 583 364 8
a 583 440 1
a 584 326 6
a 584 475 3
a 584 531 2
a 585 130 6
a 585 155 1
a 586 121 9
a 586 445 10
a 586 494 1
a 586 523 9
a 587 124 2
a 588 247 4
a 588 452 3
a 589 519 8
a 590 312 6
a 590 333 7
a 591 24 7
a 591 117 5
a 592 136 4
a 593 26 2
a 593 313 8
a 593 394 1
a 593 547 1
a 593 576 2
a 594 540 4
a 595 482 2
a 595 563 9
a 596 95 4
a 596 529 2
a 597 142 8
a 597 300 3
a 598 50 2
a 598 410 5
a 599 130 7
