p max 600 1200
n 1 s
n 600 t
a 1 455 7
a 2 296 5
a 3 212 4
a 3 568 8
a 4 30 5
a 5 152 4
a 5 244 10
a 5 495 4
a 6 97 3
a 6 295 7
a 7 287 10
a 7 308 8
a 7 443 5
a 8 352 2
a 9 103 7
a 9 551 6
a 10 50 3
a 10 111 5
a 10 351 7
a 11 63 1
a 11 558 8
a 12 3 1
a 12 45 9
a 12 404 2
a 13 283 7
a 14 54 4
a 14 57 4
a 14 366 2
a 14 369 10
a 15 545 4
a 16 8 5
a 16 350 3
a 16 562 1
a 17 200 1
a 17 361 7
a 18 107 7
a 19 158 5
a 19 395 6
a 20 595 6
a 20 600 8
a 21 449 4
a 21 502 7
a 22 401 6
a 23 467 2
a 23 476 4
a 23 544 3
a 24 221 7
a 24 415 10
a 25 99 4
a 25 140 1
a 26 89 4
a 26 440 5
a 27 567 6
a 28 241 8
a 29 15 4
a 29 138 10
a 29 399 10
a 30 85 5
a 30 591 4
a 31 96 10
a 32 319 1
a 32 370 2
a 33 212 10
a 33 513 2
a 34 538 8
a 35 170 10
a 36 555 5
a 37 343 6
a 38 210 8
a 38 257 3
a 38 290 8
a 39 226 1
a 40 229 2
a 40 462 10
a 41 211 3
a 41 286 10
a 41 437 3
a 41 564 7
a 42 356 5
a 42 547 9
a 43 371 2
a 44 157 8
a 44 353 5
a 45 382 5
a 45 518 5
a 46 205 10
a 46 235 10
a 46 387 10
a 47 300 7
a 48 222 9
a 49 491 4
a 49 520 7
a 50 139 9
a 51 70 1
a 51 281 10
a 51 464 5
a 52 329 6
a 52 406 4
a 53 77 3
a 54 526 4
a 55 65 7
a 56 10 6
a 56 126 10
a 56 206 10
a 57 474 7
a 57 564 9
a 58 228 6
a 59 599 7
a 60 265 3
a 61 420 2
a 62 40 9
a 63 166 10
a 63 350 5
a 63 400 3
a 63 563 8
a 64 516 4
a 64 563 9
a 65 113 7
a 66 426 6
a 66 506 8
a 67 469 6
a 67 518 6
a 67 599 10
a 68 385 10
a 68 478 2
a 69 275 1
a 69 586 6
a 70 191 4
a 70 439 4
a 71 51 1
a 71 156 9
a 71 326 8
a 72 384 10
a 73 393 10
a 73 429 1
a 74 373 3
a 75 481 10
a 75 517 9
a 76 117 2
a 77 9 2
a 77 252 4
a 78 190 10
a 79 374 1
a 79 401 10
a 79 513 1
a 80 89 4
a 80 389 9
a 80 500 8
a 80 579 8
a 81 183 4
a 81 223 2
a 81 589 3
a 82 280 9
a 83 177 9
a 83 347 1
a 84 47 8
a 84 237 3
a 85 154 3
a 85 258 6
a 86 241 10
a 86 362 6
a 87 73 10
a 87 383 1
a 88 50 8
a 88 498 6
a 89 74 8
a 89 242 3
a 90 38 3
a 90 338 10
a 91 48 2
a 91 65 1
a 91 191 6
a 91 215 3
a 92 12 4
a 92 197 8
a 93 391 6
a 94 510 5
a 95 196 1
a 95 470 8
a 96 74 6
a 97 352 10
a 98 83 8
a 98 168 7
a 99 106 1
a 100 327 7
a 101 366 4
a 102 521 4
a 103 268 3
a 104 31 1
a 104 541 9
a 105 52 3
a 105 186 9
a 105 477 3
a 106 483 2
a 107 13 9
a 107 247 3
a 107 287 2
a 107 404 9
a 108 27 4
a 109 527 7
a 110 121 10
a 110 149 9
a 110 237 4
a 110 546 7
a 111 133 10
a 112 120 1
a 112 549 5
a 113 32 8
a 113 248 9
a 114 148 5
a 114 189 9
a 114 215 2
a 115 354 3
a 115 406 6
a 115 409 2
a 116 205 1
a 116 412 8
a 116 450 4
a 116 534 8
a 117 96 10
a 117 119 9
a 117 218 3
a 118 222 10
a 118 249 8
a 119 255 9
a 119 440 10
a 120 212 4
a 121 328 8
a 121 347 10
a 121 473 5
a 122 61 6
a 123 122 9
a 123 134 10
a 124 50 5
a 124 153 4
a 124 208 5
a 124 272 8
a 125 552 9
a 126 474 6
a 127 203 2
a 127 537 6
a 128 46 4
a 128 256 7
a 128 528 4
a 129 282 5
a 130 259 5
a 130 317 6
a 130 551 7
a 131 538 9
a 132 56 2
a 132 225 2
a 132 461 9
a 133 278 8
a 133 392 1
a 134 597 6
a 135 121 1
a 135 441 5
a 135 460 10
a 135 480 2
a 136 306 1
a 136 391 9
a 137 190 2
a 137 191 8
a 138 214 5
a 138 263 5
a 138 522 6
a 139 532 4
a 140 111 5
a 140 220 7
a 140 595 9
a 141 254 2
a 141 457 10
a 142 145 8
a 142 529 8
a 143 226 9
a 143 387 2
a 144 81 6
a 144 142 1
a 144 493 5
a 144 550 1
a 145 135 3
a 145 297 8
a 146 82 3
a 146 281 3
a 146 373 1
a 147 51 8
a 147 294 5
a 148 147 1
a 148 194 8
a 148 240 4
a 148 304 7
a 148 405 1
a 149 255 10
a 149 312 3
a 150 39 5
a 150 413 8
a 150 465 6
a 150 542 10
a 151 586 6
a 152 373 9
a 153 149 10
a 153 404 5
a 154 115 1
a 155 76 1
a 156 398 5
a 156 443 1
a 157 92 3
a 157 169 5
a 157 390 10
a 158 216 6
a 158 489 5
a 158 506 10
a 159 69 2
a 159 391 6
a 160 463 7
a 161 387 4
a 162 42 1
a 163 185 4
a 163 385 4
a 164 478 6
a 164 580 8
a 165 60 9
a 165 146 7
a 165 179 8
a 166 2 10
a 166 139 10
a 166 217 9
a 166 228 8
a 167 198 8
a 167 299 2
a 168 28 9
a 168 281 3
a 169 61 7
a 169 192 5
a 170 323 5
a 171 68 4
a 171 270 8
a 171 388 1
a 171 487 5
a 172 284 5
a 173 6 4
a 174 593 7
a 175 385 7
a 175 544 6
a 176 4 9
a 176 538 4
a 176 547 7
a 177 113 5
a 177 409 6
a 177 517 10
a 178 482 6
a 178 503 2
a 179 175 10
a 179 273 6
a 179 298 1
a 179 416 3
a 179 590 4
a 180 104 9
a 180 455 9
a 181 70 7
a 182 480 4
a 183 2 9
a 184 26 10
a 184 450 6
a 185 6 7
a 185 342 2
a 186 385 3
a 187 32 4
a 187 55 1
a 187 476 10
a 188 76 10
a 188 589 7
a 189 87 2
a 189 225 10
a 189 555 6
a 190 29 3
a 191 238 2
a 192 267 6
a 192 398 8
a 193 467 2
a 194 423 8
a 194 448 9
a 195 74 9
a 195 563 9
a 196 473 8
a 197 88 10
a 197 118 7
a 197 155 7
a 198 212 1
a 198 327 2
a 198 496 7
a 199 146 2
a 199 331 2
a 199 360 4
a 199 533 5
a 200 6 1
a 200 296 3
a 201 282 6
a 201 385 5
a 202 361 4
a 203 25 2
a 203 544 8
a 204 129 6
a 204 470 9
a 205 274 2
a 205 304 1
a 206 393 9
a 207 314 10
a 207 431 7
a 208 282 10
a 209 466 1
a 209 576 1
a 210 342 9
a 210 452 4
a 211 39 9
a 211 319 2
a 212 80 7
a 212 124 3
a 212 363 2
a 213 471 6
a 213 490 9
a 213 519 9
a 214 580 4
a 215 284 3
a 215 527 1
a 215 572 10
a 216 21 6
a 216 219 8
a 217 52 9
a 217 165 7
a 218 367 10
a 219 354 4
a 219 449 4
a 220 507 10
a 221 232 9
a 222 264 8
a 223 142 10
a 224 95 9
a 224 139 4
a 225 123 5
a 225 396 2
a 226 41 2
a 226 352 4
a 227 41 5
a 227 318 6
a 227 337 7
a 228 49 2
a 228 84 8
a 228 204 7
a 229 62 1
a 229 106 3
a 229 150 8
a 229 506 5
a 230 250 10
a 230 294 1
a 230 536 7
a 231 198 6
a 231 311 9
a 231 490 5
a 232 297 9
a 232 558 5
a 233 234 1
a 233 501 9
a 234 476 7
a 234 549 9
a 235 188 6
a 236 203 6
a 236 539 9
a 237 124 6
a 238 270 2
a 239 180 4
a 239 252 9
a 239 394 9
a 239 564 3
a 239 587 7
a 240 532 10
a 241 33 10
a 241 397 7
a 242 107 6
a 243 323 9
a 243 366 1
a 243 534 2
a 244 143 5
a 245 424 9
a 246 66 2
a 247 523 9
a 248 42 8
a 248 90 8
a 248 108 10
a 248 243 9
a 248 378 4
a 249 332 10
a 249 562 10
a 250 544 4
a 251 72 6
a 252 16 7
a 252 380 5
a 253 55 5
a 254 17 3
a 254 561 10
a 254 592 10
a 255 127 10
a 255 512 4
a 256 98 7
a 256 220 10
a 256 230 10
a 257 358 6
a 258 215 2
a 258 427 9
a 259 138 5
a 260 36 9
a 260 367 7
a 260 543 4
a 261 374 4
a 262 336 8
a 262 463 2
a 262 583 5
a 263 248 3
a 263 454 3
a 264 438 4
a 265 238 5
a 266 14 8
a 266 159 5
a 267 246 1
a 267 484 5
a 267 576 6
a 268 473 2
a 269 365 5
a 270 232 9
a 270 263 5
a 271 113 3
a 271 440 5
a 272 101 2
a 272 132 8
a 272 375 6
a 273 278 2
a 273 492 2
a 274 308 3
a 275 24 1
a 275 284 10
a 275 348 7
a 275 468 3
a 276 67 9
a 276 453 6
a 277 199 3
a 277 289 8
a 278 16 4
a 278 453 8
a 279 350 6
a 280 165 9
a 281 444 7
a 282 341 4
a 282 356 8
a 282 388 4
a 282 570 3
a 282 589 2
a 283 78 5
a 283 407 9
a 284 13 1
a 285 197 6
a 285 346 8
a 285 379 9
a 285 420 4
a 285 478 3
a 285 548 1
a 285 559 9
a 286 307 2
a 286 347 8
a 286 358 10
a 286 414 7
a 287 141 6
a 287 580 2
a 288 123 4
a 288 287 4
a 288 523 9
a 288 571 2
a 289 90 3
a 289 572 9
a 290 16 3
a 291 432 5
a 292 544 5
a 293 430 8
a 294 91 8
a 295 397 7
a 295 445 8
a 295 454 1
a 296 317 1
a 297 43 6
a 297 133 6
a 298 219 7
a 298 410 6
a 299 395 5
a 299 439 3
a 300 55 6
a 300 333 10
a 301 68 5
a 301 553 2
a 301 594 4
a 302 297 3
a 302 410 3
a 303 155 10
a 303 251 1
a 303 364 7
a 303 483 5
a 304 164 9
a 304 341 2
a 305 391 5
a 305 460 4
a 305 510 1
a 306 172 8
a 306 364 4
a 307 280 10
a 307 310 10
a 308 87 4
a 308 136 8
a 309 422 2
a 310 17 10
a 310 588 4
a 311 133 7
a 311 443 4
a 312 201 8
a 313 434 6
a 314 213 3
a 314 312 4
a 315 71 3
a 315 304 9
a 316 167 10
a 316 431 7
a 317 71 5
a 318 103 3
a 319 179 2
a 319 511 7
a 319 568 7
a 320 591 7
a 321 100 1
a 322 424 1
a 322 571 4
a 323 259 2
a 323 355 6
a 323 509 8
a 324 333 3
a 324 367 5
a 324 514 10
a 325 261 4
a 326 525 5
a 327 271 2
a 328 503 9
a 329 56 8
a 329 592 3
a 330 302 10
a 331 224 3
a 331 300 2
a 332 265 3
a 332 382 9
a 332 457 2
a 332 530 2
a 333 192 5
a 333 399 10
a 333 456 5
a 334 157 1
a 335 143 10
a 335 372 3
a 335 493 9
a 336 214 1
a 336 324 2
a 337 125 4
a 338 300 2
a 338 432 2
a 338 470 8
a 338 568 1
a 338 598 9
a 339 212 10
a 339 428 1
a 340 169 9
a 340 200 6
a 341 117 6
a 341 499 9
a 341 574 3
a 342 5 9
a 342 239 10
a 342 575 2
a 343 16 3
a 344 135 10
a 344 438 8
a 345 368 4
a 346 123 3
a 346 159 9
a 346 430 9
a 347 110 1
a 347 343 2
a 347 422 10
a 348 122 10
a 348 227 9
a 349 225 1
a 350 338 2
a 350 427 5
a 351 109 1
a 351 535 5
a 352 110 3
a 352 130 2
a 352 245 6
a 353 18 9
a 353 278 7
a 353 576 6
a 354 157 2
a 354 200 4
a 354 274 8
a 355 162 9
a 355 218 2
a 355 314 2
a 356 276 2
a 356 505 5
a 356 578 7
a 357 243 10
a 358 40 5
a 358 572 3
a 359 73 2
a 359 132 6
a 360 505 5
a 360 597 8
a 361 427 3
a 362 273 5
a 363 245 5
a 363 337 1
a 363 389 2
a 364 504 2
a 365 77 8
a 365 305 5
a 366 125 8
a 366 215 3
a 367 150 9
a 367 271 8
a 367 407 5
a 367 531 8
a 368 409 5
a 368 567 9
a 369 472 7
a 369 531 4
a 370 39 7
a 370 59 2
a 370 262 5
a 370 403 9
a 371 365 10
a 371 497 4
a 371 596 2
a 372 369 6
a 373 488 7
a 373 498 4
a 373 541 1
a 374 486 3
a 375 75 10
a 376 463 9
a 377 147 3
a 377 458 9
a 378 222 1
a 378 473 7
a 379 22 10
a 380 315 7
a 380 377 8
a 380 382 7
a 380 564 9
a 381 11 2
a 382 504 7
a 382 597 6
a 383 453 2
a 384 31 3
a 384 145 4
a 384 411 1
a 384 532 6
a 384 593 4
a 385 152 5
a 385 233 3
a 386 96 2
a 386 196 9
a 386 283 7
a 387 151 2
a 387 251 7
a 388 253 7
a 389 84 2
a 389 404 10
a 389 551 2
a 390 337 6
a 391 72 10
a 391 202 6
a 391 419 4
a 392 6 2
a 392 18 10
a 393 15 5
a 393 290 4
a 394 15 10
a 394 34 4
a 394 81 9
a 395 29 1
a 395 173 9
a 395 421 10
a 396 261 10
a 396 313 1
a 397 261 3
a 397 485 4
a 398 94 9
a 398 104 7
a 398 525 9
a 399 65 1
a 399 435 4
a 400 450 8
a 401 111 3
a 401 357 2
a 402 600 7
a 403 402 10
a 404 267 6
a 405 527 2
a 405 575 7
a 406 79 2
a 406 238 5
a 406 561 1
a 407 44 10
a 407 233 4
a 408 331 5
a 409 74 9
a 410 328 3
a 411 103 10
a 412 316 2
a 413 33 4
a 413 94 2
a 414 250 3
a 415 311 6
a 416 303 7
a 417 27 5
a 417 122 9
a 417 425 8
a 418 7 5
a 418 156 5
a 418 238 1
a 419 355 4
a 420 280 1
a 421 34 5
a 422 44 9
a 422 53 5
a 422 158 3
a 423 85 4
a 423 93 9
a 424 186 8
a 424 332 1
a 424 490 1
a 424 508 8
a 425 140 5
a 425 398 8
a 426 241 1
a 426 288 2
a 426 446 3
a 427 23 8
a 427 293 3
a 427 301 5
a 427 459 5
a 428 326 3
a 428 429 1
a 429 29 7
a 429 134 3
a 429 430 9
a 430 351 3
a 431 306 3
a 432 35 4
a 433 407 4
a 434 530 6
a 435 164 3
a 435 581 5
a 436 503 8
a 437 239 5
a 438 124 8
a 438 209 5
a 439 520 7
a 440 24 8
a 441 501 4
a 441 507 10
a 442 30 2
a 442 327 8
a 442 328 1
a 442 581 7
a 443 490 3
a 444 78 8
a 445 187 2
a 446 188 1
a 446 229 8
a 447 473 2
a 448 355 9
a 448 545 8
a 449 107 6
a 449 238 8
a 450 115 9
a 451 282 1
a 452 63 3
a 453 64 2
a 453 102 5
a 453 160 6
a 453 206 7
a 453 535 10
a 454 510 1
a 455 174 9
a 456 91 10
a 456 230 1
a 456 555 10
a 457 472 9
a 458 270 2
a 459 115 7
a 459 417 3
a 460 304 5
a 461 110 2
a 461 584 1
a 462 137 9
a 462 174 2
a 462 251 6
a 462 433 10
a 462 444 10
a 463 9 8
a 463 47 1
a 463 127 6
a 464 486 2
a 464 578 3
a 465 248 2
a 465 515 4
a 465 585 1
a 466 195 2
a 467 282 3
a 468 142 9
a 468 166 4
a 468 402 9
a 468 574 10
a 469 146 4
a 469 349 10
a 470 540 9
a 471 161 7
a 471 247 1
a 471 279 2
a 472 254 5
a 472 521 3
a 473 334 10
a 473 417 1
a 473 461 4
a 474 376 5
a 474 590 10
a 475 440 5
a 476 75 2
a 476 434 6
a 476 573 9
a 477 148 8
a 477 260 3
a 478 392 3
a 479 345 4
a 479 475 3
a 480 79 9
a 480 226 5
a 481 19 7
a 482 118 9
a 482 266 6
a 483 58 3
a 483 112 2
a 483 193 5
a 483 301 3
a 484 354 6
a 485 296 1
a 485 389 7
a 486 555 4
a 487 223 7
a 487 418 7
a 488 7 2
a 489 11 5
a 489 335 5
a 489 450 8
a 490 33 8
a 490 59 4
a 490 171 7
a 490 447 7
a 491 55 1
a 492 97 5
a 492 290 5
a 493 160 2
a 493 436 10
a 494 114 9
a 494 196 5
a 494 522 7
a 495 100 9
a 495 334 10
a 495 526 8
a 496 18 10
a 496 77 3
a 496 535 3
a 497 35 1
a 497 126 1
a 498 476 8
a 499 181 3
a 499 199 7
a 499 292 9
a 499 529 6
a 500 176 4
a 500 229 5
a 500 593 6
a 501 168 4
a 501 243 3
a 502 62 6
a 502 600 4
a 503 368 9
a 503 461 8
a 503 532 4
a 504 170 3
a 504 338 8
a 505 113 9
a 505 329 6
a 506 31 3
a 506 302 7
a 507 226 8
a 507 325 6
a 507 540 3
a 508 131 9
a 508 584 2
a 509 458 7
a 510 183 4
a 511 534 1
a 512 256 3
a 512 425 7
a 513 554 10
a 513 580 2
a 514 108 8
a 514 137 6
a 514 157 2
a 514 176 9
a 514 506 5
a 514 515 3
a 515 142 3
a 515 182 9
a 515 321 2
a 515 586 7
a 516 137 8
a 517 332 1
a 518 412 8
a 518 557 4
a 519 230 10
a 520 300 5
a 520 310 5
a 521 66 6
a 521 132 4
a 521 186 10
a 521 202 10
a 522 6 4
a 522 22 6
a 523 588 8
a 524 500 4
a 525 258 8
a 525 493 7
a 526 72 9
a 526 320 8
a 526 322 7
a 527 128 10
a 527 411 2
a 528 359 3
a 528 507 4
a 529 332 5
a 529 520 1
a 529 596 2
a 530 323 7
a 531 63 1
a 531 281 7
a 531 340 9
a 532 317 4
a 532 446 7
a 533 193 3
a 534 407 4
a 534 552 4
a 535 29 2
a 536 37 4
a 536 207 3
a 536 291 2
a 536 309 5
a 536 463 9
a 537 83 9
a 538 54 10
a 538 269 8
a 539 11 4
a 539 264 7
a 540 231 10
a 540 276 4
a 540 376 3
a 540 560 10
a 541 20 8
a 541 191 10
a 541 384 3
a 542 44 7
a 543 66 4
a 543 316 3
a 543 415 1
a 544 43 5
a 544 184 10
a 544 381 6
a 545 107 4
a 546 148 9
a 546 386 10
a 547 144 1
a 547 238 9
a 547 566 5
a 548 75 10
a 548 584 7
a 549 248 7
a 549 479 5
a 549 537 5
a 550 44 7
a 551 32 5
a 551 371 7
a 552 182 7
a 553 285 5
a 553 513 3
a 554 442 2
a 554 451 9
a 555 11 9
a 555 15 9
a 555 408 5
a 555 494 9
a 556 195 9
a 556 218 3
a 557 2 10
a 557 524 3
a 558 183 6
a 559 361 10
a 559 524 8
a 559 569 9
a 560 129 10
a 560 201 9
a 560 344 1
a 560 480 8
a 561 86 7
a 561 137 3
a 562 109 8
a 563 301 4
a 563 558 9
a 564 263 3
a 565 535 5
a 566 325 4
a 566 556 4
a 567 148 10
a 568 113 9
a 568 565 3
a 569 253 7
a 569 386 5
a 570 454 9
a 571 354 3
a 572 261 3
a 572 448 1
a 573 116 7
a 573 443 8
a 573 568 1
a 574 9 1
a 574 591 5
a 575 347 5
a 575 501 7
a 576 25 5
a 577 105 5
a 577 263 10
a 577 285 1
a 577 453 3
a 578 275 9
a 579 180 6
a 580 19 9
a 580 430 10
a 581 163 9
a 581 244 5
a 581 511 5
a 582 236 2
a 582 558 6
a 583 213 1
a 584 595 10
a 585 70 5
a 585 363 7
a 586 303 10
a 586 482 8
a 586 529 2
a 587 98 4
a 588 4 2
a 588 237 10
a 588 277 4
a 589 187 6
a 589 478 9
a 590 476 10
a 591 261 5
a 591 281 8
a 591 330 10
a 591 525 4
a 592 76 4
a 592 408 5
a 593 248 1
a 593 582 6
a 594 514 2
a 595 292 4
a 595 475 1
a 596 325 1
a 597 427 8
a 597 577 3
a 598 178 10
a 598 339 7
a 598 582 1
a 599 195 9
a 599 451 10
a 599 583 5
