p max 600 1200
n 1 s
n 600 t
a 1 532 10
a 2 94 7
a 2 274 2
a 3 367 8
a 3 544 5
a 3 574 4
a 4 16 5
a 4 277 6
a 5 466 8
a 6 476 5
a 7 418 10
a 8 271 10
a 9 211 2
a 9 576 5
a 10 405 2
a 11 161 9
a 11 418 7
a 12 273 9
a 12 474 3
a 13 330 5
a 14 115 4
a 14 234 9
a 15 244 9
a 15 314 7
a 15 333 6
a 16 180 7
a 16 216 10
a 17 55 10
a 17 460 9
a 18 399 4
a 18 523 8
a 19 14 2
a 19 374 1
a 20 105 10
a 20 242 3
a 21 127 1
a 21 365 3
a 21 427 5
a 22 87 1
a 23 260 8
a 23 356 6
a 24 315 7
a 24 598 6
a 25 342 9
a 26 197 10
a 26 347 3
a 26 589 7
a 27 186 9
a 28 200 9
a 28 424 1
a 29 103 2
a 29 344 3
a 30 334 5
a 30 447 3
a 31 25 2
a 31 381 4
a 31 405 5
a 32 517 3
a 33 265 9
a 34 224 8
a 35 38 7
a 36 532 9
a 37 32 5
a 38 329 10
a 39 11 7
a 39 162 7
a 39 433 8
a 40 519 8
a 41 15 7
a 41 261 9
a 42 192 7
a 43 323 8
a 44 381 3
a 45 149 9
a 45 259 9
a 45 481 2
a 46 360 9
a 46 371 10
a 46 597 10
a 47 337 10
a 47 339 4
a 48 132 5
a 49 250 9
a 49 321 4
a 50 371 6
a 50 485 9
a 51 257 3
a 51 565 1
a 52 313 9
a 53 88 10
a 53 583 2
a 54 225 5
a 54 357 9
a 55 173 8
a 55 305 6
a 56 182 5
a 57 178 9
a 57 215 6
a 57 600 3
a 58 28 3
a 58 79 3
a 59 36 5
a 59 493 2
a 60 433 8
a 60 468 5
a 61 73 1
a 61 133 2
a 61 541 7
a 62 275 4
a 62 300 3
a 62 484 4
a 63 51 1
a 64 110 2
a 64 171 2
a 65 119 1
a 65 453 7
a 66 346 9
a 66 519 9
a 67 53 4
a 67 70 3
a 67 545 7
a 67 562 1
a 68 197 2
a 69 173 5
a 69 577 3
a 70 49 3
a 70 436 4
a 71 73 8
a 71 265 5
a 72 583 6
a 73 329 2
a 74 151 4
a 74 342 8
a 74 404 7
a 75 528 10
a 76 389 3
a 77 99 9
a 77 236 3
a 77 513 10
a 78 218 4
a 78 383 7
a 79 452 4
a 80 483 10
a 80 598 6
a 81 514 5
a 82 418 3
a 83 84 5
a 84 195 1
a 85 287 9
a 85 415 2
a 86 50 6
a 86 568 4
a 87 263 4
a 88 365 5
a 88 490 1
a 89 88 10
a 90 400 10
a 90 442 6
a 91 274 6
a 91 486 7
a 91 572 5
a 92 150 3
a 92 152 9
a 93 32 4
a 93 260 4
a 94 405 3
a 95 554 1
a 96 260 10
a 96 373 10
a 97 261 10
a 97 378 8
a 98 297 9
a 98 328 7
a 99 29 8
a 100 238 1
a 100 276 9
a 100 332 5
a 100 493 1
a 101 502 6
a 102 37 3
a 102 169 1
a 103 26 3
a 103 586 2
a 104 490 9
a 105 171 9
a 105 185 2
a 105 359 4
a 106 102 8
a 106 112 5
a 106 382 8
a 107 190 4
a 107 386 9
a 108 298 4
a 108 322 1
a 109 132 5
a 109 498 5
a 110 189 8
a 110 466 9
a 111 476 1
a 112 54 5
a 113 260 10
a 114 457 7
a 115 241 2
a 115 467 10
a 116 242 7
a 116 261 4
a 117 52 7
a 117 344 6
a 118 54 9
a 118 292 9
a 119 148 3
a 119 290 7
a 119 555 7
a 120 103 2
a 121 38 8
a 121 305 9
a 122 338 10
a 122 565 1
a 123 246 2
a 123 320 3
a 123 509 7
a 124 203 8
a 125 103 10
a 125 171 3
a 125 255 10
a 126 263 6
a 126 531 5
a 126 533 8
a 126 556 7
a 127 202 3
a 127 593 6
a 128 176 8
a 129 24 9
a 129 96 5
a 129 283 9
a 130 353 1
a 130 492 7
a 131 300 2
a 131 307 1
a 132 40 4
a 132 126 3
a 132 429 5
a 133 271 8
a 133 547 4
a 134 129 1
a 135 260 3
a 135 349 7
a 135 476 6
a 136 53 10
a 136 401 8
a 137 191 7
a 138 55 7
a 138 186 10
a 139 96 1
a 139 122 7
a 140 183 7
a 140 370 8
a 141 89 7
a 141 380 1
a 142 227 6
a 142 358 1
a 143 270 5
a 143 311 9
a 143 567 6
a 144 187 1
a 144 237 10
a 145 177 4
a 146 257 5
a 146 266 7
a 146 391 5
a 147 131 6
a 147 385 3
a 147 386 1
a 148 140 10
a 148 406 4
a 148 426 8
a 149 461 7
a 150 355 1
a 151 260 3
a 152 574 7
a 153 79 5
a 154 40 5
a 154 148 4
a 154 172 3
a 155 165 4
a 155 293 4
a 156 325 2
a 156 348 5
a 157 123 9
a 158 267 5
a 158 538 9
a 159 439 3
a 159 469 6
a 160 489 6
a 161 237 3
a 162 195 2
a 162 289 9
a 162 460 5
a 163 104 8
a 163 105 7
a 163 458 1
a 163 554 8
a 164 29 10
a 164 208 3
a 165 274 7
a 165 285 3
a 165 557 10
a 166 116 6
a 167 276 6
a 168 213 4
a 168 505 6
a 169 35 7
a 170 262 1
a 171 378 1
a 172 432 10
a 173 20 6
a 173 464 1
a 174 135 9
a 174 520 1
a 175 222 3
a 175 393 2
a 176 227 9
a 176 343 3
a 176 392 7
a 177 304 3
a 177 306 6
a 177 478 1
a 177 488 4
a 178 401 3
a 179 308 6
a 180 308 5
a 181 63 1
a 181 376 10
a 182 167 3
a 182 276 4
a 183 6 1
a 183 18 7
a 183 85 1
a 184 580 7
a 185 270 1
a 186 258 1
a 187 41 8
a 187 318 5
a 188 278 6
a 188 571 4
a 189 303 9
a 190 402 2
a 190 540 9
a 191 158 3
a 191 219 5
a 191 262 6
a 192 341 8
a 193 179 6
a 193 233 10
a 194 452 5
a 194 454 5
a 195 311 3
a 195 348 5
a 195 410 1
a 195 532 2
a 195 566 10
a 196 345 2
a 196 506 6
a 197 110 10
a 197 330 10
a 198 580 7
a 199 331 5
a 200 353 5
a 200 494 8
a 201 23 6
a 201 552 4
a 202 118 9
a 202 236 6
a 203 220 10
a 203 458 5
a 204 121 1
a 205 38 3
a 205 45 8
a 206 425 8
a 207 30 7
a 207 113 10
a 207 509 4
a 207 583 3
a 208 22 6
a 208 207 7
a 208 254 7
a 209 275 8
a 209 327 7
a 210 213 2
a 210 423 2
a 210 558 3
a 211 168 6
a 211 569 5
a 212 459 4
a 213 150 9
a 213 240 1
a 213 414 7
a 214 459 10
a 214 545 2
a 215 469 4
a 216 502 2
a 217 590 10
a 218 73 8
a 218 81 9
a 218 145 3
a 218 424 7
a 219 69 1
a 219 253 5
a 220 380 1
a 220 586 10
a 221 435 8
a 222 233 7
a 222 587 4
a 223 231 3
a 223 262 2
a 223 301 4
a 223 350 9
a 224 417 9
a 224 529 3
a 225 558 4
a 226 90 9
a 226 134 5
a 226 568 5
a 227 44 3
a 227 286 7
a 227 390 8
a 228 85 6
a 228 280 6
a 229 86 9
a 229 153 9
a 229 487 1
a 230 191 9
a 231 347 1
a 232 162 8
a 233 62 10
a 233 270 7
a 233 302 9
a 233 352 1
a 234 157 1
a 234 435 10
a 234 437 7
a 234 580 8
a 235 127 2
a 235 589 7
a 236 292 5
a 237 448 1
a 238 296 6
a 238 312 3
a 238 501 2
a 239 81 2
a 240 114 4
a 240 523 2
a 241 119 1
a 242 105 5
a 243 46 6
a 243 97 2
a 243 120 1
a 244 376 4
a 244 470 3
a 245 277 7
a 246 31 1
a 246 106 5
a 246 147 8
a 247 138 6
a 247 413 2
a 248 198 7
a 248 512 9
a 249 232 1
a 249 261 7
a 249 584 4
a 250 95 9
a 251 247 8
a 251 288 8
a 252 34 8
a 252 378 8
a 253 529 7
a 253 532 10
a 254 52 5
a 255 71 9
a 256 231 7
a 256 393 9
a 257 107 10
a 257 130 3
a 257 175 4
a 258 154 10
a 258 407 6
a 258 446 1
a 258 551 7
a 259 342 9
a 259 556 9
a 260 311 5
a 260 421 10
a 260 441 8
a 260 495 7
a 261 589 4
a 262 109 9
a 262 278 6
a 262 364 3
a 263 76 5
a 263 581 1
a 264 460 7
a 265 28 6
a 265 419 9
a 266 86 5
a 267 3 1
a 267 186 6
a 268 423 5
a 269 265 5
a 270 321 6
a 271 173 5
a 271 489 2
a 271 553 2
a 272 158 6
a 273 141 4
a 273 397 1
a 273 428 3
a 274 182 4
a 274 488 5
a 275 256 9
a 275 474 9
a 276 421 6
a 277 95 8
a 277 279 5
a 277 450 7
a 278 102 2
a 278 432 10
a 278 509 1
a 279 187 1
a 279 425 7
a 280 125 4
a 280 379 5
a 281 4 3
a 281 559 5
a 281 600 7
a 282 355 9
a 282 452 3
a 283 450 10
a 284 390 2
a 285 300 3
a 286 42 6
a 286 176 8
a 286 201 8
a 287 194 1
a 287 573 9
a 288 314 9
a 289 53 9
a 289 216 4
a 289 479 9
a 290 101 9
a 290 217 8
a 290 550 9
a 291 388 3
a 292 132 9
a 292 585 4
a 293 100 6
a 293 262 3
a 293 449 9
a 294 185 3
a 295 118 7
a 296 70 5
a 296 251 10
a 297 313 7
a 297 473 2
a 298 233 2
a 298 344 5
a 299 255 1
a 300 403 1
a 300 494 4
a 301 165 3
a 301 206 6
a 301 450 7
a 302 592 2
a 303 247 7
a 303 452 2
a 304 156 2
a 305 116 1
a 305 221 1
a 305 337 3
a 305 346 6
a 305 400 5
a 306 21 3
a 306 586 5
a 307 7 10
a 307 19 2
a 307 60 1
a 307 269 9
a 307 370 2
a 307 407 10
a 307 595 5
a 308 468 7
a 309 136 9
a 309 282 8
a 309 369 4
a 310 53 2
a 311 245 6
a 311 371 4
a 312 351 8
a 312 436 7
a 312 588 9
a 313 85 7
a 313 258 3
a 313 500 4
a 314 256 4
a 314 434 3
a 314 462 10
a 314 579 3
a 315 266 1
a 315 409 4
a 315 599 1
a 316 231 1
a 316 284 10
a 316 310 3
a 317 42 1
a 318 199 9
a 318 588 1
a 319 141 10
a 319 178 1
a 319 214 3
a 320 77 10
a 321 183 2
a 321 384 9
a 321 386 9
a 321 546 9
a 322 60 2
a 322 576 5
a 323 401 7
a 324 177 5
a 324 437 9
a 324 466 5
a 325 200 10
a 326 154 6
a 326 248 3
a 326 487 8
a 327 555 7
a 328 417 4
a 328 528 2
a 329 87 10
a 329 397 2
a 329 593 9
a 330 21 1
a 330 575 3
a 331 204 6
a 331 283 1
a 331 412 3
a 331 463 5
a 331 549 1
a 332 68 4
a 332 420 2
a 333 394 6
a 333 395 10
a 334 212 7
a 334 357 1
a 335 419 10
a 335 555 8
a 336 214 2
a 336 340 4
a 336 464 2
a 337 451 2
a 337 537 9
a 338 531 5
a 339 159 9
a 340 115 5
a 340 295 1
a 341 268 3
a 341 476 6
a 341 563 9
a 342 84 1
a 342 529 6
a 343 287 9
a 343 474 9
a 344 92 5
a 344 148 2
a 344 210 2
a 345 129 7
a 345 214 6
a 346 205 10
a 346 209 2
a 347 10 1
a 348 263 1
a 348 302 3
a 348 523 4
a 349 281 10
a 350 298 8
a 350 451 1
a 351 206 1
a 352 576 6
a 353 342 1
a 354 479 9
a 355 451 3
a 355 471 5
a 356 77 9
a 356 81 3
a 357 294 3
a 357 565 6
a 358 91 7
a 358 120 9
a 359 101 2
a 359 303 10
a 360 218 9
a 360 590 1
a 361 194 9
a 361 450 10
a 362 56 4
a 362 165 4
a 363 257 2
a 363 457 2
a 364 22 9
a 364 100 8
a 364 434 4
a 365 9 5
a 365 369 7
a 365 588 7
a 366 128 4
a 366 592 4
a 367 199 5
a 367 521 10
a 368 63 9
a 369 65 5
a 369 527 4
a 370 572 8
a 371 25 4
a 371 526 9
a 372 410 2
a 373 279 6
a 374 135 5
a 374 308 6
a 375 533 9
a 376 55 3
a 376 139 3
a 377 354 7
a 377 416 10
a 378 12 5
a 378 408 1
a 379 252 4
a 379 496 7
a 380 81 4
a 380 343 8
a 381 548 1
a 382 17 8
a 382 119 2
a 383 35 3
a 383 155 9
a 383 494 3
a 383 527 5
a 384 304 6
a 384 465 8
a 384 559 1
a 385 159 9
a 385 291 4
a 386 407 9
a 386 454 9
a 386 592 9
a 387 138 7
a 387 170 10
a 388 470 5
a 389 144 2
a 390 48 8
a 390 522 10
a 391 133 10
a 391 333 10
a 391 581 8
a 392 354 2
a 392 496 8
a 392 508 4
a 393 324 7
a 394 16 2
a 394 436 7
a 395 223 3
a 395 244 7
a 395 272 7
a 395 283 10
a 395 389 4
a 396 9 3
a 396 281 1
a 397 114 6
a 397 438 1
a 398 396 1
a 398 406 5
a 398 481 10
a 399 88 6
a 399 192 2
a 399 238 10
a 399 571 2
a 400 514 7
a 401 5 8
a 401 553 5
a 402 93 9
a 402 209 3
a 402 530 10
a 402 566 6
a 403 69 3
a 403 582 2
a 404 3 7
a 404 37 10
a 404 334 2
a 405 149 5
a 405 226 3
a 405 535 7
a 406 66 8
a 406 112 7
a 407 69 2
a 407 249 3
a 407 455 3
a 408 247 2
a 409 157 5
a 409 171 10
a 410 155 1
a 410 352 6
a 411 54 9
a 412 13 1
a 412 70 9
a 413 181 6
a 414 395 7
a 415 363 3
a 415 510 9
a 415 570 6
a 416 160 7
a 417 121 6
a 417 184 3
a 418 546 3
a 419 478 3
a 420 380 3
a 420 472 5
a 421 385 8
a 421 507 9
a 422 460 8
a 423 14 8
a 423 23 3
a 423 298 4
a 423 319 4
a 423 398 8
a 424 57 10
a 424 298 10
a 425 64 6
a 425 101 7
a 425 323 2
a 425 366 4
a 425 499 7
a 426 91 9
a 426 417 7
a 427 585 3
a 428 340 2
a 429 354 2
a 430 167 7
a 430 286 2
a 431 354 5
a 432 55 1
a 433 100 3
a 433 208 6
a 434 218 6
a 435 187 2
a 435 280 4
a 436 228 1
a 437 492 3
a 438 551 4
a 439 52 4
a 439 335 3
a 440 186 10
a 440 291 1
a 440 497 8
a 441 7 7
a 441 33 2
a 441 402 8
a 442 293 3
a 443 83 6
a 443 431 6
a 444 77 2
a 444 217 4
a 444 424 1
a 445 341 10
a 445 393 8
a 446 407 7
a 446 422 3
a 447 584 1
a 448 70 6
a 448 424 3
a 449 419 8
a 450 61 3
a 450 271 10
a 451 455 5
a 451 591 10
a 452 75 6
a 452 397 1
a 453 150 7
a 453 264 3
a 454 80 6
a 454 156 3
a 454 235 8
a 454 525 7
a 455 230 3
a 456 45 3
a 457 146 3
a 457 298 9
a 457 500 4
a 458 361 9
a 459 553 9
a 460 535 5
a 460 556 8
a 461 481 4
a 461 516 6
a 462 531 6
a 463 281 8
a 463 328 2
a 463 372 5
a 464 25 8
a 465 54 6
a 465 354 7
a 466 47 7
a 466 363 4
a 467 267 9
a 467 522 4
a 468 67 7
a 468 482 1
a 468 582 1
a 469 19 5
a 469 76 9
a 469 296 1
a 469 368 10
a 470 586 5
a 471 420 1
a 471 502 2
a 472 376 4
a 472 514 6
a 473 26 10
a 473 408 5
a 474 495 7
a 475 92 1
a 475 255 9
a 475 362 6
a 475 542 4
a 476 42 9
a 476 189 9
a 476 250 5
a 477 41 9
a 477 234 1
a 477 395 7
a 477 467 7
a 477 548 2
a 478 115 7
a 478 435 10
a 479 12 10
a 479 27 5
a 479 45 2
a 479 503 9
a 480 333 6
a 480 477 6
a 480 525 5
a 481 387 1
a 481 433 8
a 482 57 7
a 482 143 2
a 483 397 7
a 484 240 6
a 484 461 2
a 485 215 6
a 486 387 8
a 486 517 7
a 486 523 5
a 487 535 5
a 488 47 8
a 488 124 10
a 489 440 5
a 489 561 6
a 490 193 1
a 490 528 1
a 491 540 4
a 491 558 6
a 492 225 8
a 493 191 6
a 493 225 8
a 494 169 1
a 494 196 3
a 494 228 4
a 494 363 2
a 494 478 5
a 495 79 4
a 496 78 7
a 496 467 3
a 496 589 10
a 497 536 3
a 497 548 5
a 498 239 6
a 498 486 7
a 499 90 9
a 499 377 5
a 499 445 9
a 499 560 10
a 500 438 10
a 501 8 4
a 502 135 7
a 502 177 9
a 503 243 3
a 503 561 9
a 504 74 9
a 504 137 1
a 504 163 7
a 504 564 4
a 505 43 8
a 505 362 5
a 506 257 9
a 506 452 5
a 506 539 6
a 507 135 5
a 507 388 10
a 508 10 8
a 508 168 2
a 508 376 3
a 509 423 4
a 509 473 5
a 509 511 10
a 509 594 1
a 510 166 2
a 510 195 9
a 511 55 3
a 511 95 10
a 511 108 8
a 511 309 8
a 511 361 5
a 512 232 1
a 513 51 5
a 513 341 10
a 513 524 2
a 514 111 10
a 514 327 5
a 514 360 10
a 514 515 7
a 515 203 10
a 515 399 5
a 516 188 1
a 516 507 9
a 517 212 1
a 517 336 5
a 517 460 9
a 518 30 6
a 518 430 8
a 519 60 5
a 519 271 4
a 520 208 5
a 520 510 6
a 521 58 1
a 521 417 3
a 521 501 3
a 522 121 2
a 522 174 4
a 522 356 8
a 522 469 7
a 523 267 5
a 523 413 8
a 524 63 6
a 524 424 5
a 525 299 9
a 525 496 6
a 526 229 2
a 526 550 7
a 527 324 2
a 527 365 9
a 528 538 9
a 529 556 3
a 530 187 10
a 530 510 9
a 531 190 5
a 531 483 6
a 531 518 10
a 532 385 2
a 533 343 1
a 533 443 10
a 534 440 7
a 534 488 4
a 535 270 1
a 535 316 4
a 535 534 3
a 536 95 3
a 536 557 9
a 537 218 1
a 537 278 9
a 538 34 8
a 539 370 7
a 540 344 2
a 541 145 2
a 542 370 2
a 543 230 8
a 543 324 3
a 544 118 10
a 545 599 3
a 546 132 8
a 546 400 9
a 546 444 5
a 546 560 3
a 547 25 3
a 547 114 9
a 548 122 4
a 548 329 2
a 549 317 1
a 549 395 5
a 550 82 8
a 550 89 4
a 550 164 1
a 551 356 4
a 552 581 8
a 553 237 7
a 553 241 8
a 554 2 1
a 554 97 8
a 554 365 8
a 555 99 3
a 555 420 8
a 555 473 2
a 555 522 7
a 555 591 7
a 556 116 3
a 557 423 2
a 558 123 6
a 558 451 2
a 559 31 8
a 559 480 7
a 559 531 6
a 560 142 1
a 560 366 4
a 561 71 9
a 561 541 9
a 562 198 4
a 562 199 3
a 562 563 10
a 563 223 4
a 563 509 1
a 564 13 7
a 565 364 8
a 566 82 2
a 566 160 6
a 567 144 10
a 567 315 3
a 567 496 1
a 567 596 1
a 568 98 8
a 568 344 9
a 569 97 9
a 570 427 9
a 570 456 10
a 570 475 10
a 571 39 4
a 572 85 9
a 572 136 4
a 572 224 4
a 573 8 7
a 573 33 5
a 573 300 1
a 573 331 7
a 573 378 1
a 573 544 4
a 574 71 1
a 575 67 1
a 576 272 2
a 577 502 8
a 578 270 8
a 579 29 8
a 580 59 3
a 580 253 1
a 580 326 2
a 580 379 9
a 581 414 6
a 582 83 9
a 582 118 1
a 583 117 6
a 583 448 10
a 583 582 1
a 584 441 5
a 585 181 4
a 585 345 9
a 586 18 1
a 586 72 7
a 586 150 10
a 586 506 4
a 587 116 1
a 587 494 8
a 587 564 2
a 588 173 6
a 588 411 1
a 589 450 5
a 590 94 10
a 591 5 4
a 591 132 10
a 592 297 6
a 592 539 8
a 593 162 1
a 593 178 7
a 593 375 3
a 593 543 10
a 594 184 2
a 594 202 8
a 595 130 9
a 595 466 9
a 596 492 4
a 597 39 10
a 597 243 7
a 597 578 9
a 598 86 6
a 598 161 5
a 598 491 7
a 598 504 1
a 599 122 1
