p max 600 1200
n 1 s
n 600 t
a 1 38 2
a 1 274 3
a 2 132 3
a 2 309 5
a 2 435 5
a 3 177 1
a 3 405 3
a 4 29 6
a 5 84 7
a 6 256 6
a 6 484 1
a 7 18 9
a 7 163 9
a 7 253 8
a 7 318 3
a 7 425 6
a 8 193 10
a 9 204 1
a 9 396 2
a 10 321 8
a 11 130 6
a 12 251 2
a 12 256 5
a 13 70 3
a 13 270 7
a 13 452 6
a 14 92 2
a 14 382 4
a 14 517 3
a 15 591 6
a 16 340 2
a 17 397 9
a 17 569 5
a 18 487 10
a 18 518 3
a 18 570 2
a 19 70 6
a 20 242 3
a 20 440 5
a 21 314 1
a 21 338 4
a 21 458 5
a 21 576 2
a 22 447 3
a 23 39 2
a 23 175 6
a 23 319 7
a 23 514 5
a 24 422 1
a 25 56 4
a 25 341 1
a 26 258 7
a 26 293 6
a 27 483 7
a 27 534 4
a 28 199 6
a 29 449 8
a 30 482 7
a 31 126 6
a 31 133 9
a 31 177 1
a 31 210 1
a 31 252 3
a 31 533 7
a 31 549 7
a 32 320 9
a 32 365 7
a 33 27 4
a 33 209 4
a 33 541 6
a 33 573 1
a 34 303 2
a 34 349 1
a 34 442 9
a 35 122 6
a 35 227 1
a 36 150 5
a 36 474 1
a 36 499 1
a 37 268 3
a 37 465 7
a 37 478 3
a 38 98 6
a 38 136 9
a 39 468 2
a 40 237 3
a 41 580 9
a 42 73 8
a 42 384 10
a 43 47 10
a 43 445 8
a 43 460 7
a 44 180 3
a 44 476 8
a 45 76 4
a 46 302 4
a 47 476 8
a 48 49 8
a 48 74 1
a 48 580 3
a 49 218 8
a 49 300 2
a 49 430 2
a 50 112 8
a 51 365 7
a 52 384 5
a 53 71 1
a 53 133 4
a 54 214 3
a 54 490 6
a 54 512 2
a 55 276 5
a 56 116 3
a 56 457 6
a 57 222 6
a 57 402 8
a 58 397 4
a 59 123 7
a 60 329 4
a 60 336 1
a 61 17 1
a 61 18 4
a 62 7 7
a 62 63 4
a 62 189 7
a 62 211 10
a 62 504 8
a 62 571 1
a 63 342 5
a 64 164 1
a 65 94 6
a 66 88 8
a 66 107 7
a 67 11 7
a 68 395 4
a 69 125 2
a 70 239 4
a 70 454 8
a 70 550 3
a 71 85 8
a 71 138 4
a 72 331 6
a 72 485 7
a 73 339 10
a 73 543 5
a 73 544 8
a 74 591 3
a 75 71 8
a 75 277 10
a 75 558 9
a 76 312 1
a 76 350 9
a 76 493 1
a 77 190 10
a 77 332 1
a 77 545 1
a 78 428 3
a 79 118 5
a 79 408 6
a 80 477 8
a 80 557 8
a 81 16 2
a 81 57 8
a 81 80 3
a 81 340 6
a 82 250 10
a 83 159 1
a 84 321 8
a 85 530 4
a 86 93 10
a 86 103 1
a 87 184 4
a 87 527 9
a 88 491 2
a 88 569 3
a 89 46 10
a 89 224 4
a 89 306 3
a 90 296 7
a 90 459 6
a 90 475 6
a 90 520 8
a 90 524 6
a 90 552 3
a 90 600 8
a 91 8 9
a 91 272 1
a 91 500 7
a 92 157 7
a 92 373 4
a 92 542 5
a 92 560 7
a 93 89 5
a 93 592 1
a 94 71 10
a 95 498 4
a 95 566 4
a 96 397 7
a 97 130 10
a 97 298 9
a 98 358 8
a 98 373 4
a 98 557 4
a 98 563 8
a 99 188 9
a 100 255 5
a 100 260 7
a 100 430 3
a 101 253 3
a 102 13 1
a 102 224 8
a 102 283 1
a 103 66 4
a 103 321 5
a 104 42 7
a 104 126 8
a 104 139 4
a 105 91 5
a 105 351 8
a 105 409 10
a 106 470 5
a 107 58 4
a 107 299 2
a 107 562 4
a 108 201 1
a 109 525 9
a 109 538 10
a 110 581 2
a 111 586 7
a 112 464 6
a 113 398 6
a 114 246 10
a 114 312 6
a 114 508 10
a 115 101 9
a 115 137 7
a 115 332 10
a 116 593 7
a 117 81 6
a 117 271 8
a 117 506 1
a 118 119 2
a 119 162 6
a 119 388 2
a 120 136 8
a 120 552 6
a 121 531 5
a 122 463 6
a 122 496 5
a 123 351 3
a 123 441 10
a 124 317 10
a 125 384 6
a 125 424 1
a 126 268 4
a 127 532 3
a 128 117 1
a 128 298 9
a 129 95 5
a 129 174 7
a 129 300 9
a 130 81 10
a 131 6 9
a 131 369 4
a 131 470 1
a 131 479 8
a 132 273 1
a 132 290 6
a 133 256 2
a 134 343 1
a 134 407 1
a 135 71 2
a 135 100 5
a 136 199 7
a 136 258 8
a 137 28 5
a 137 203 1
a 138 173 6
a 139 508 3
a 140 64 8
a 140 560 5
a 141 15 10
a 142 162 7
a 143 98 7
a 144 353 5
a 144 461 6
a 145 316 4
a 146 140 8
a 146 411 8
a 147 206 8
a 147 585 10
a 148 549 6
a 149 558 3
a 150 65 5
a 151 154 2
a 151 407 5
a 152 44 10
a 152 160 10
a 152 264 2
a 152 433 10
a 152 472 5
a 153 73 7
a 154 134 9
a 154 184 5
a 154 325 7
a 155 580 10
a 156 370 9
a 156 565 4
a 156 576 3
a 157 68 5
a 157 555 8
a 158 339 4
a 158 577 7
a 159 21 9
a 159 36 1
a 159 444 2
a 160 229 8
a 160 390 5
a 161 104 2
a 161 218 10
a 161 235 8
a 162 331 8
a 163 137 2
a 163 282 7
a 163 404 9
a 164 49 5
a 164 490 2
a 165 317 8
a 165 590 2
a 166 383 7
a 166 517 1
a 167 84 5
a 167 255 1
a 168 443 6
a 169 91 3
a 169 96 8
a 170 337 6
a 170 398 2
a 170 595 1
a 171 202 4
a 171 540 5
a 172 376 6
a 173 28 10
a 173 260 5
a 174 103 8
a 174 347 7
a 174 519 3
a 175 585 3
a 176 331 2
a 177 236 10
a 177 510 4
a 178 57 7
a 178 322 9
a 179 54 3
a 179 542 1
a 180 13 5
a 180 513 3
a 181 505 2
a 182 23 4
a 182 552 3
a 182 559 9
a 183 105 7
a 183 178 4
a 183 245 1
a 183 581 2
a 184 72 5
a 184 396 5
a 185 152 4
a 185 589 4
a 186 308 3
a 186 542 1
a 187 146 9
a 188 24 7
a 188 271 1
a 189 214 10
a 189 242 4
a 190 177 1
a 190 472 7
a 191 171 7
a 191 291 10
a 191 297 7
a 191 465 6
a 192 83 3
a 192 593 6
a 192 594 4
a 193 92 6
a 194 180 1
a 194 223 9
a 194 434 6
a 194 462 9
a 195 142 4
a 195 186 8
a 195 232 1
a 196 270 7
a 196 367 4
a 196 402 1
a 196 449 3
a 196 589 3
a 197 147 7
a 197 459 1
a 198 243 8
a 198 400 2
a 199 243 4
a 199 285 2
a 199 497 6
a 199 531 7
a 200 181 1
a 201 11 9
a 201 62 6
a 201 188 5
a 201 354 7
a 202 166 6
a 203 440 4
a 203 507 9
a 204 167 9
a 204 292 2
a 204 399 1
a 204 532 10
a 205 55 9
a 205 523 1
a 206 311 6
a 206 568 8
a 207 155 2
a 207 330 5
a 207 344 10
a 207 589 8
a 208 20 7
a 208 170 1
a 208 372 9
a 209 382 2
a 210 472 6
a 211 10 8
a 211 82 8
a 211 182 1
a 212 565 8
a 213 212 2
a 213 250 5
a 214 98 3
a 215 186 7
a 215 508 4
a 216 228 10
a 216 241 8
a 216 258 2
a 216 569 1
a 216 597 7
a 217 124 8
a 217 313 7
a 218 215 3
a 218 233 8
a 219 332 6
a 220 14 7
a 220 511 7
a 221 127 5
a 221 478 10
a 222 200 7
a 223 317 8
a 223 434 4
a 224 471 4
a 225 231 1
a 225 284 8
a 226 232 5
a 226 308 5
a 226 462 3
a 227 306 10
a 227 310 6
a 227 535 10
a 228 7 4
a 229 202 9
a 229 503 4
a 230 166 9
a 230 173 1
a 230 191 9
a 231 435 8
a 232 198 7
a 232 315 6
a 232 339 5
a 233 86 8
a 233 210 3
a 233 237 4
a 233 539 10
a 234 339 3
a 234 439 9
a 235 211 10
a 236 305 1
a 237 158 2
a 237 337 8
a 238 468 4
a 239 439 3
a 239 506 4
a 240 599 1
a 241 179 8
a 241 259 1
a 241 423 8
a 242 496 3
a 243 78 8
a 243 172 6
a 243 522 8
a 244 85 7
a 245 130 3
a 245 432 1
a 246 323 8
a 246 335 4
a 246 571 7
a 247 143 1
a 248 541 1
a 249 231 10
a 249 450 6
a 250 212 5
a 250 467 6
a 251 460 6
a 252 15 4
a 252 249 3
a 253 347 7
a 253 482 3
a 254 431 3
a 254 594 4
a 255 415 5
a 255 420 5
a 255 443 7
a 256 124 10
a 256 376 1
a 256 392 1
a 256 421 8
a 256 548 4
a 257 518 5
a 257 521 3
a 258 67 10
a 259 327 5
a 259 564 4
a 260 330 7
a 260 401 2
a 261 92 9
a 261 380 5
a 262 321 4
a 263 29 9
a 263 432 6
a 264 279 9
a 264 509 3
a 265 158 8
a 265 336 4
a 266 164 7
a 266 510 7
a 266 585 9
a 267 376 2
a 267 535 6
a 268 193 2
a 268 208 1
a 268 288 1
a 269 15 2
a 269 460 5
a 270 389 2
a 271 37 7
a 271 455 8
a 272 571 1
a 273 205 10
a 273 226 9
a 273 238 4
a 273 526 4
a 274 128 10
a 274 492 1
a 275 26 8
a 275 281 4
a 275 558 10
a 275 577 6
a 276 56 1
a 276 462 3
a 276 586 3
a 277 221 8
a 278 170 9
a 278 583 3
a 279 182 8
a 279 599 7
a 280 102 3
a 280 206 8
a 281 9 8
a 281 504 8
a 282 58 10
a 283 230 8
a 283 409 9
a 284 123 4
a 285 286 4
a 285 546 10
a 286 104 6
a 287 416 4
a 288 508 4
a 289 410 3
a 289 555 5
a 290 586 2
a 291 3 9
a 292 4 1
a 292 177 3
a 293 25 9
a 293 359 2
a 293 396 10
a 294 271 2
a 295 172 5
a 296 107 1
a 296 115 6
a 296 423 2
a 297 60 9
a 297 90 4
a 297 148 6
a 298 76 3
a 298 170 3
a 298 208 10
a 299 416 10
a 299 443 6
a 300 143 6
a 300 233 6
a 300 412 6
a 300 599 5
a 301 394 6
a 302 60 10
a 302 481 6
a 303 276 4
a 303 477 6
a 304 212 1
a 304 485 6
a 304 600 9
a 305 109 2
a 305 543 10
a 306 580 6
a 307 419 2
a 308 378 7
a 308 453 10
a 309 285 8
a 309 374 10
a 309 492 6
a 310 199 8
a 310 305 7
a 311 217 1
a 312 12 5
a 313 146 4
a 313 295 8
a 313 437 1
a 313 457 1
a 314 243 9
a 315 13 9
a 315 254 2
a 316 405 10
a 316 561 3
a 317 51 5
a 317 447 2
a 318 133 5
a 318 263 4
a 318 322 5
a 319 446 3
a 320 302 1
a 320 457 8
a 321 348 5
a 322 85 5
a 322 143 4
a 322 229 9
a 323 279 7
a 324 238 10
a 325 84 4
a 325 427 7
a 326 311 9
a 326 519 5
a 327 380 7
a 327 388 3
a 328 124 6
a 328 596 6
a 329 300 7
a 330 141 8
a 331 114 6
a 332 161 6
a 332 590 1
a 333 147 1
a 334 269 3
a 334 282 8
a 334 360 3
a 335 371 3
a 336 110 8
a 336 155 2
a 336 227 8
a 337 179 3
a 337 391 9
a 338 104 10
a 339 496 7
a 340 11 2
a 340 381 7
a 340 413 5
a 341 411 5
a 342 365 3
a 342 377 6
a 342 399 7
a 343 204 8
a 344 19 5
a 344 200 5
a 345 125 10
a 346 12 2
a 346 51 3
a 346 537 7
a 346 594 2
a 347 42 8
a 347 96 4
a 347 568 3
a 348 192 2
a 348 529 1
a 349 53 5
a 349 280 2
a 350 33 1
a 350 77 5
a 351 121 2
a 352 199 9
a 353 55 4
a 354 359 4
a 355 84 3
a 355 280 3
a 356 461 9
a 357 362 2
a 358 20 8
a 359 533 4
a 360 428 5
a 361 404 10
a 362 50 7
a 363 168 2
a 363 375 5
a 364 65 6
a 364 250 6
a 365 230 2
a 366 50 3
a 366 270 7
a 366 355 9
a 367 315 6
a 368 549 6
a 369 78 8
a 370 32 5
a 370 169 10
a 370 334 2
a 370 351 10
a 371 110 10
a 371 158 10
a 371 191 8
a 372 428 3
a 372 589 10
a 373 106 2
a 373 132 8
a 373 141 10
a 374 196 9
a 374 221 8
a 374 314 10
a 374 463 8
a 375 453 2
a 376 85 2
a 376 394 8
a 376 527 6
a 377 72 9
a 377 226 10
a 377 286 7
a 378 145 2
a 378 474 3
a 379 17 7
a 379 453 5
a 380 5 8
a 380 357 10
a 381 30 7
a 381 144 1
a 381 216 5
a 381 429 6
a 381 490 1
a 382 594 4
a 383 506 2
a 383 529 5
a 384 106 5
a 384 196 1
a 384 265 6
a 385 124 5
a 386 121 6
a 386 188 9
a 386 215 10
a 386 364 1
a 386 468 6
a 386 502 1
a 387 436 8
a 387 560 2
a 388 171 8
a 389 13 2
a 390 301 2
a 391 59 1
a 391 367 2
a 391 403 5
a 392 455 3
a 392 501 8
a 393 4 3
a 394 99 9
a 395 460 8
a 396 332 5
a 397 120 7
a 397 361 2
a 398 301 3
a 398 454 1
a 398 474 9
a 399 247 3
a 399 579 9
a 399 584 7
a 400 44 1
a 400 304 6
a 400 352 10
a 401 491 5
a 402 77 5
a 402 197 5
a 402 207 4
a 402 448 3
a 403 35 3
a 403 83 7
a 403 328 1
a 404 258 8
a 405 229 1
a 406 110 9
a 407 94 5
a 407 571 2
a 408 135 6
a 408 209 1
a 409 43 4
a 409 198 8
a 409 582 5
a 410 191 6
a 411 362 5
a 411 581 5
a 412 170 5
a 413 310 7
a 413 494 8
a 413 542 2
a 414 99 10
a 414 486 4
a 414 539 1
a 415 538 8
a 415 578 2
a 416 443 4
a 416 471 8
a 417 59 5
a 417 483 4
a 417 566 8
a 418 3 3
a 418 193 2
a 419 247 5
a 419 511 3
a 420 412 10
a 421 262 2
a 421 294 9
a 421 520 5
a 422 165 6
a 422 291 7
a 422 341 10
a 423 321 7
a 424 193 8
a 425 169 7
a 426 94 4
a 426 461 3
a 427 207 6
a 427 371 4
a 427 564 7
a 428 49 4
a 428 287 6
a 429 117 3
a 430 183 10
a 430 239 5
a 431 89 4
a 431 269 1
a 432 461 2
a 432 477 2
a 433 41 8
a 433 206 9
a 434 185 6
a 434 248 10
a 434 458 7
a 434 547 10
a 435 84 3
a 436 404 9
a 437 45 4
a 438 187 1
a 438 411 6
a 439 280 7
a 439 588 6
a 440 575 3
a 441 488 2
a 442 492 3
a 442 578 6
a 443 252 6
a 444 10 6
a 444 45 2
a 444 193 7
a 444 333 7
a 445 226 10
a 445 343 2
a 446 75 7
a 446 278 3
a 446 566 2
a 447 39 3
a 447 530 2
a 448 489 6
a 449 69 10
a 449 367 3
a 450 29 7
a 450 208 8
a 450 585 10
a 451 159 3
a 451 560 7
a 452 34 1
a 452 362 1
a 453 2 9
a 454 87 10
a 455 504 6
a 455 554 10
a 456 226 6
a 456 592 7
a 457 181 2
a 458 119 8
a 458 361 10
a 459 307 6
a 459 419 7
a 460 364 1
a 460 465 9
a 461 348 3
a 461 486 2
a 462 196 2
a 463 162 6
a 463 516 8
a 464 422 7
a 464 484 8
a 465 67 7
a 465 325 2
a 465 356 3
a 465 357 8
a 466 267 3
a 466 571 7
a 466 591 4
a 467 152 3
a 467 296 9
a 467 546 1
a 468 167 2
a 469 334 8
a 470 175 6
a 471 222 10
a 471 229 1
a 472 219 2
a 472 441 9
a 473 38 5
a 473 156 5
a 473 355 4
a 473 478 7
a 474 513 9
a 475 404 9
a 475 406 2
a 475 446 2
a 476 17 2
a 477 311 6
a 478 541 8
a 479 178 5
a 479 598 6
a 480 47 7
a 480 451 7
a 480 482 5
a 481 57 4
a 481 97 9
a 482 270 7
a 482 363 1
a 483 341 7
a 483 567 1
a 484 210 1
a 484 536 5
a 485 547 5
a 486 60 2
a 486 200 5
a 486 262 8
a 487 130 3
a 487 176 8
a 488 264 8
a 488 385 9
a 489 48 2
a 489 274 5
a 489 555 2
a 490 194 3
a 490 351 10
a 491 2 9
a 491 399 10
a 492 78 8
a 492 489 5
a 493 61 8
a 493 74 9
a 494 57 8
a 494 106 8
a 494 261 8
a 494 338 3
a 495 209 6
a 495 342 8
a 495 438 2
a 496 123 2
a 496 540 2
a 497 318 1
a 497 328 2
a 497 389 8
a 497 568 9
a 498 258 1
a 499 348 1
a 500 176 10
a 500 240 1
a 501 181 7
a 501 515 6
a 501 599 9
a 502 551 9
a 502 580 3
a 503 234 3
a 503 321 2
a 504 536 3
a 505 54 2
a 505 386 1
a 505 393 7
a 505 408 8
a 506 174 9
a 506 587 1
a 507 40 9
a 507 275 6
a 507 508 9
a 507 575 7
a 508 473 10
a 508 492 2
a 509 131 8
a 509 272 3
a 510 326 8
a 510 343 8
a 510 505 9
a 511 308 7
a 512 151 6
a 512 424 4
a 513 306 4
a 514 489 5
a 515 31 9
a 515 144 8
a 515 217 7
a 515 497 5
a 516 123 5
a 516 178 4
a 516 417 7
a 516 455 5
a 517 39 4
a 517 65 7
a 517 107 7
a 518 125 1
a 518 466 2
a 518 556 9
a 519 580 9
a 520 131 1
a 520 198 9
a 521 571 10
a 522 383 3
a 523 148 1
a 523 234 1
a 523 256 2
a 523 454 5
a 524 170 1
a 525 594 3
a 526 493 9
a 527 113 1
a 527 284 6
a 528 237 4
a 528 395 3
a 529 59 6
a 529 456 9
a 530 129 4
a 530 455 1
a 531 266 9
a 531 272 5
a 531 522 2
a 532 262 7
a 533 27 2
a 533 550 9
a 534 366 2
a 534 392 2
a 535 201 9
a 535 573 10
a 536 119 4
a 537 120 4
a 537 243 8
a 537 289 5
a 538 153 3
a 538 464 6
a 539 592 5
a 540 80 5
a 540 532 3
a 541 19 8
a 542 252 6
a 542 528 4
a 543 79 5
a 543 349 4
a 544 368 3
a 544 509 8
a 544 565 7
a 545 172 6
a 546 460 4
a 546 584 2
a 547 65 3
a 547 316 8
a 547 523 9
a 548 107 9
a 548 114 2
a 548 244 5
a 549 168 1
a 549 287 10
a 549 307 3
a 550 188 4
a 550 369 5
a 551 253 2
a 552 69 1
a 552 387 8
a 553 43 5
a 554 220 7
a 554 268 8
a 555 477 8
a 556 235 7
a 556 324 1
a 557 275 4
a 557 346 7
a 558 31 8
a 558 244 2
a 559 42 9
a 559 349 4
a 560 64 6
a 560 574 4
a 561 426 4
a 561 562 1
a 561 588 4
a 562 108 10
a 562 400 6
a 562 488 9
a 562 530 5
a 563 116 9
a 563 384 4
a 564 58 2
a 564 149 2
a 565 188 4
a 565 302 8
a 565 436 5
a 566 75 1
a 567 101 8
a 568 12 10
a 569 382 4
a 569 383 6
a 570 111 3
a 570 296 2
a 570 469 5
a 570 521 10
a 570 572 10
a 571 411 2
a 571 464 4
a 571 547 2
a 572 490 5
a 573 98 2
a 573 345 8
a 574 290 5
a 574 552 8
a 575 121 8
a 576 240 7
a 576 416 9
a 577 231 8
a 577 509 8
a 578 261 4
a 579 140 8
a 579 202 5
a 580 505 3
a 581 134 3
a 581 195 6
a 582 213 6
a 582 269 5
a 583 52 3
a 583 149 4
a 583 403 4
a 583 480 9
a 584 21 9
a 584 272 7
a 585 22 2
a 585 182 2
a 585 257 4
a 586 42 7
a 587 231 10
a 588 390 8
a 589 138 4
a 589 379 5
a 590 146 1
a 590 225 4
a 591 540 5
a 592 574 7
a 593 495 4
a 593 546 6
a 593 597 8
a 594 112 1
a 594 113 5
a 595 87 6
a 595 198 7
a 595 556 8
a 596 412 10
a 597 329 3
a 597 414 1
a 598 448 3
a 598 536 7
a 599 418 5
a 599 444 4
a 599 553 1
