p max 600 1200
n 1 s
n 600 t
a 1 58 1
a 1 81 9
a 1 179 9
a 2 275 2
a 2 425 4
a 3 41 3
a 3 352 2
a 4 357 10
a 4 578 9
a 5 314 1
a 6 87 4
a 6 253 6
a 7 293 10
a 7 428 8
a 8 221 1
a 8 302 10
a 8 460 5
a 9 170 9
a 9 206 7
a 9 380 2
a 10 17 1
a 10 383 7
a 11 236 9
a 12 262 2
a 13 166 7
a 13 590 2
a 14 283 5
a 15 51 4
a 15 337 3
a 15 433 3
a 16 153 1
a 16 405 4
a 17 44 4
a 17 156 1
a 17 271 1
a 17 330 4
a 17 361 1
a 17 395 4
a 18 468 4
a 19 383 10
a 19 430 8
a 19 550 10
a 19 600 2
a 20 66 1
a 20 242 10
a 20 260 7
a 21 142 9
a 21 229 2
a 21 392 5
a 22 152 9
a 23 399 8
a 23 498 7
a 24 112 9
a 24 179 2
a 25 378 9
a 25 472 3
a 26 64 9
a 26 322 6
a 27 434 6
a 28 121 7
a 28 216 5
a 28 256 7
a 28 579 9
a 29 236 4
a 30 116 5
a 30 163 3
a 30 282 7
a 30 599 9
a 31 127 1
a 31 420 6
a 31 451 3
a 32 115 2
a 32 170 3
a 32 346 5
a 33 242 1
a 34 234 8
a 34 591 4
a 35 7 2
a 36 106 9
a 36 193 7
a 37 452 4
a 38 432 2
a 39 48 9
a 39 89 9
a 39 384 7
a 39 576 1
a 40 267 3
a 40 401 6
a 41 421 8
a 41 568 6
a 42 386 4
a 43 116 9
a 43 330 4
a 43 546 5
a 44 387 1
a 45 588 4
a 46 3 3
a 47 448 10
a 48 572 9
a 49 550 1
a 50 242 7
a 50 569 7
a 51 468 9
a 52 135 3
a 52 226 7
a 52 529 7
a 53 184 7
a 53 304 8
a 53 553 5
a 54 53 4
a 55 255 9
a 55 461 6
a 55 483 2
a 55 502 5
a 56 225 2
a 56 462 8
a 56 539 7
a 57 544 10
a 58 306 2
a 59 536 10
a 60 23 6
a 60 573 2
a 61 247 10
a 62 239 7
a 63 65 1
a 63 473 7
a 64 571 8
a 65 143 2
a 65 255 9
a 66 169 7
a 66 171 7
a 66 272 5
a 67 140 9
a 67 394 9
a 67 595 7
a 68 266 2
a 69 162 10
a 69 315 9
a 69 420 10
a 70 242 8
a 71 451 3
a 71 503 8
a 72 134 9
a 73 213 9
a 73 339 5
a 73 362 3
a 73 506 7
a 74 230 8
a 74 508 4
a 75 282 9
a 75 291 6
a 76 208 3
a 76 250 8
a 76 572 10
a 77 543 10
a 77 594 9
a 78 120 9
a 79 118 9
a 79 249 3
a 80 344 9
a 81 276 4
a 81 340 2
a 82 554 10
a 83 531 2
a 84 318 1
a 85 319 4
a 85 496 1
a 86 130 7
a 86 253 10
a 86 334 5
a 87 168 3
a 87 287 7
a 87 336 3
a 88 490 2
a 89 108 2
a 89 443 6
a 90 23 9
a 90 481 10
a 91 123 2
a 91 392 2
a 91 482 2
a 92 185 6
a 93 152 2
a 93 553 4
a 94 376 4
a 95 371 2
a 95 383 7
a 96 345 1
a 96 435 5
a 96 444 3
a 96 570 3
a 97 136 10
a 97 237 6
a 98 196 5
a 98 443 7
a 98 537 1
a 99 226 3
a 99 364 4
a 100 261 9
a 100 561 5
a 101 94 8
a 101 430 4
a 102 148 1
a 103 149 9
a 103 250 1
a 104 11 4
a 104 240 8
a 104 266 8
a 104 456 6
a 105 10 3
a 105 14 1
a 105 35 7
a 105 389 5
a 105 416 5
a 105 510 5
a 106 50 9
a 107 125 8
a 107 192 9
a 107 288 2
a 108 143 3
a 109 5 4
a 109 518 7
a 109 577 1
a 110 7 6
a 110 107 3
a 110 212 4
a 111 319 2
a 111 422 9
a 111 431 6
a 112 262 10
a 112 325 8
a 113 196 8
a 113 390 10
a 114 307 7
a 114 321 1
a 114 596 10
a 115 23 3
a 115 316 4
a 115 557 4
a 116 112 10
a 116 352 9
a 116 443 5
a 117 389 6
a 117 398 3
a 117 492 6
a 117 544 5
a 118 89 4
a 118 313 10
a 119 85 4
a 119 559 3
a 120 106 9
a 121 177 4
a 121 555 9
a 122 194 4
a 122 225 6
a 123 59 3
a 123 325 9
a 123 446 5
a 123 513 7
a 123 530 5
a 124 152 7
a 124 269 2
a 124 317 8
a 125 168 1
a 126 36 6
a 126 261 1
a 127 24 1
a 127 171 4
a 127 480 9
a 128 551 6
a 129 526 4
a 130 269 5
a 130 551 6
a 130 552 2
a 131 45 5
a 131 224 9
a 131 296 4
a 131 367 1
a 132 485 7
a 133 3 6
a 133 210 7
a 133 541 3
a 133 557 5
a 134 29 1
a 134 110 4
a 134 113 7
a 134 558 6
a 135 339 9
a 136 211 8
a 137 97 2
a 137 497 8
a 138 383 7
a 139 116 8
a 139 457 9
a 140 92 8
a 140 183 4
a 140 222 8
a 141 427 9
a 141 428 1
a 142 354 4
a 142 461 9
a 143 350 1
a 143 368 3
a 143 566 7
a 144 100 3
a 144 571 3
a 145 405 6
a 145 578 4
a 146 187 9
a 146 281 6
a 147 458 8
a 147 484 6
a 148 243 6
a 148 355 4
a 149 50 8
a 150 43 5
a 150 123 10
a 151 122 7
a 151 290 7
a 151 423 7
a 152 16 7
a 152 74 4
a 153 34 9
a 153 268 8
a 153 417 7
a 153 522 1
a 154 529 2
a 155 442 3
a 156 103 6
a 156 494 10
a 156 587 8
a 157 333 6
a 157 336 6
a 157 387 6
a 157 581 7
a 158 446 7
a 159 353 10
a 160 375 5
a 160 423 7
a 160 472 10
a 160 534 9
a 161 245 8
a 161 284 10
a 162 362 9
a 162 487 9
a 162 566 10
a 163 258 8
a 164 22 5
a 165 427 1
a 166 31 7
a 166 303 7
a 166 337 1
a 166 574 1
a 167 243 4
a 167 270 10
a 167 410 5
a 168 35 1
a 169 438 4
a 169 467 3
a 170 116 4
a 170 582 5
a 171 490 10
a 172 70 4
a 172 99 3
a 172 325 4
a 173 446 5
a 174 376 1
a 174 427 4
a 175 589 8
a 176 49 7
a 176 57 6
a 176 463 5
a 176 590 2
a 177 16 6
a 177 528 1
a 178 155 3
a 178 254 9
a 178 260 8
a 178 549 7
a 179 417 2
a 180 574 10
a 181 363 5
a 182 14 4
a 182 277 7
a 183 173 1
a 183 366 10
a 183 418 9
a 183 429 8
a 183 590 10
a 184 186 6
a 185 69 2
a 185 380 7
a 186 326 8
a 186 549 3
a 187 138 7
a 187 440 4
a 188 408 9
a 188 502 5
a 189 224 6
a 190 101 8
a 190 156 10
a 191 80 10
a 192 274 10
a 192 360 9
a 192 363 8
a 192 559 3
a 193 53 5
a 193 591 5
a 194 6 2
a 194 426 6
a 194 548 4
a 195 21 3
a 195 478 5
a 196 230 7
a 196 359 3
a 197 258 3
a 198 421 4
a 199 111 2
a 199 240 8
a 199 322 9
a 199 489 9
a 200 68 7
a 200 146 2
a 200 411 10
a 200 415 5
a 201 102 2
a 201 396 3
a 202 98 7
a 202 154 7
a 202 267 4
a 202 391 8
a 203 509 8
a 204 93 1
a 204 113 6
a 204 257 7
a 205 430 10
a 206 253 2
a 206 465 9
a 207 519 1
a 208 484 7
a 209 453 10
a 209 594 6
a 210 258 9
a 210 349 4
a 210 584 3
a 211 470 2
a 212 175 10
a 212 284 4
a 212 341 8
a 213 134 6
a 213 173 4
a 214 172 8
a 214 466 5
a 215 279 5
a 215 280 2
a 215 420 5
a 216 294 8
a 216 566 5
a 217 517 4
a 218 471 1
a 219 311 2
a 220 63 4
a 221 587 4
a 222 250 1
a 222 545 1
a 223 507 3
a 224 447 5
a 225 271 1
a 226 230 1
a 227 177 4
a 228 103 10
a 229 347 3
a 229 391 1
a 229 532 7
a 230 19 6
a 230 204 4
a 231 3 10
a 231 597 8
a 232 557 3
a 233 9 10
a 234 83 6
a 234 174 6
a 234 285 6
a 235 133 8
a 235 438 8
a 236 78 9
a 236 517 7
a 237 246 3
a 237 276 3
a 238 202 4
a 239 296 8
a 239 458 4
a 240 203 8
a 240 219 2
a 240 315 1
a 241 198 1
a 241 339 4
a 241 424 4
a 242 17 7
a 243 51 10
a 243 100 4
a 244 125 5
a 244 220 2
a 245 84 8
a 245 500 8
a 246 216 5
a 247 69 6
a 248 185 1
a 248 281 8
a 248 376 8
a 249 125 2
a 249 274 2
a 250 26 8
a 250 41 10
a 250 535 6
a 251 188 3
a 251 568 2
a 252 124 7
a 252 564 2
a 253 274 4
a 253 559 6
a 254 371 1
a 255 25 8
a 255 215 5
a 256 138 3
a 257 42 3
a 257 331 10
a 258 586 7
a 259 181 2
a 259 194 6
a 259 373 10
a 259 555 3
a 260 6 10
a 260 102 1
a 261 410 5
a 261 431 8
a 261 501 2
a 261 520 2
a 262 236 9
a 262 252 9
a 262 253 5
a 262 277 10
a 262 445 3
a 263 15 7
a 263 265 7
a 263 490 7
a 264 443 9
a 265 581 4
a 266 567 6
a 267 198 7
a 267 353 8
a 268 66 4
a 269 90 4
a 270 390 4
a 270 413 3
a 270 428 6
a 270 524 7
a 270 563 2
a 271 181 2
a 272 21 9
a 272 271 4
a 272 420 7
a 272 448 6
a 273 341 1
a 274 536 2
a 275 97 6
a 275 117 7
a 275 353 7
a 275 572 9
a 276 63 2
a 276 195 6
a 276 262 10
a 276 374 5
a 276 479 10
a 277 598 10
a 278 125 2
a 279 460 8
a 280 105 1
a 280 130 3
a 280 593 3
a 281 257 7
a 281 478 8
a 282 33 8
a 283 132 4
a 283 495 7
a 284 559 10
a 284 560 10
a 285 522 6
a 286 301 6
a 286 386 4
a 287 346 7
a 287 397 4
a 288 478 6
a 289 211 1
a 289 511 4
a 290 200 10
a 290 516 4
a 291 476 6
a 292 157 4
a 293 50 4
a 293 124 8
a 293 404 4
a 294 362 4
a 295 239 10
a 296 369 4
a 297 97 5
a 297 348 8
a 297 380 7
a 297 581 6
a 298 454 6
a 299 81 8
a 299 521 7
a 300 246 9
a 300 327 10
a 301 103 10
a 301 120 9
a 302 162 10
a 303 95 6
a 303 263 6
a 304 357 4
a 304 568 7
a 305 106 7
a 305 566 5
a 306 468 6
a 306 479 8
a 307 553 9
a 308 273 2
a 309 308 8
a 309 499 2
a 310 317 1
a 310 562 4
a 311 18 6
a 311 55 5
a 311 382 2
a 312 207 10
a 312 332 10
a 313 251 9
a 313 447 7
a 313 591 2
a 314 236 2
a 315 129 9
a 315 518 3
a 316 241 7
a 316 588 4
a 317 71 3
a 317 307 10
a 318 103 9
a 318 216 10
a 318 233 1
a 319 201 3
a 319 452 6
a 319 529 2
a 320 94 7
a 321 110 3
a 321 158 6
a 322 111 8
a 322 189 4
a 323 99 10
a 323 594 8
a 324 271 3
a 325 9 6
a 325 600 8
a 326 12 4
a 326 411 1
a 327 116 5
a 327 483 4
a 328 546 6
a 329 236 4
a 330 5 1
a 330 507 6
a 331 99 5
a 332 32 10
a 332 311 10
a 333 167 2
a 334 123 10
a 334 343 4
a 335 329 2
a 335 423 7
a 336 337 4
a 336 519 3
a 337 354 9
a 338 176 7
a 338 521 9
a 339 235 9
a 339 585 5
a 340 449 1
a 341 410 2
a 342 59 4
a 343 151 1
a 343 298 4
a 343 344 2
a 344 241 7
a 344 265 1
a 344 369 10
a 345 10 6
a 345 324 2
a 345 567 10
a 346 91 9
a 346 275 10
a 347 160 2
a 347 223 6
a 348 294 7
a 348 547 10
a 349 56 9
a 349 78 2
a 349 425 3
a 350 269 10
a 351 420 5
a 351 504 2
a 352 27 3
a 352 349 5
a 353 141 4
a 353 418 8
a 354 480 4
a 355 47 9
a 355 377 2
a 356 125 6
a 357 368 10
a 358 207 1
a 359 186 8
a 359 235 3
a 359 381 10
a 359 459 10
a 360 328 8
a 360 395 3
a 361 437 2
a 362 591 2
a 363 90 9
a 363 147 9
a 363 319 5
a 363 417 7
a 364 159 3
a 364 278 7
a 364 320 4
a 364 586 5
a 365 234 2
a 366 60 2
a 366 356 2
a 366 429 5
a 367 231 8
a 368 231 3
a 369 76 10
a 369 316 7
a 370 366 5
a 371 22 3
a 371 128 2
a 372 114 5
a 372 234 10
a 373 221 9
a 374 218 4
a 375 174 8
a 375 472 5
a 376 186 5
a 376 512 10
a 377 372 2
a 378 162 6
a 379 281 5
a 380 158 9
a 381 13 3
a 381 332 9
a 381 482 4
a 382 556 5
a 382 589 3
a 383 6 1
a 383 63 3
a 384 12 10
a 384 108 9
a 385 326 2
a 385 505 9
a 386 5 10
a 386 320 8
a 386 437 8
a 387 283 3
a 387 363 2
a 388 34 7
a 389 17 10
a 389 481 1
a 390 109 3
a 390 190 10
a 390 459 3
a 391 145 10
a 391 318 7
a 392 406 10
a 393 249 2
a 393 253 3
a 393 519 7
a 394 222 9
a 394 299 3
a 395 62 8
a 395 291 9
a 395 440 6
a 395 598 10
a 396 459 1
a 397 160 6
a 397 256 9
a 397 405 2
a 398 404 9
a 399 80 8
a 399 121 10
a 399 238 9
a 399 423 9
a 400 323 1
a 400 399 8
a 400 542 3
a 401 430 5
a 402 74 1
a 402 191 2
a 402 481 7
a 403 260 3
a 403 541 7
a 404 310 8
a 404 486 2
a 404 535 5
a 405 78 7
a 405 525 7
a 406 79 2
a 406 427 4
a 407 412 1
a 407 471 7
a 407 586 1
a 408 166 2
a 409 400 10
a 410 357 5
a 410 470 2
a 410 519 8
a 411 358 10
a 412 228 7
a 412 385 8
a 412 565 6
a 413 211 5
a 414 168 8
a 415 286 7
a 415 308 2
a 415 536 1
a 416 243 9
a 417 105 5
a 418 323 1
a 419 393 6
a 419 406 5
a 419 501 1
a 420 35 3
a 421 427 1
a 422 47 9
a 422 474 1
a 422 580 8
a 423 98 4
a 424 18 3
a 424 235 5
a 425 267 6
a 425 319 6
a 425 388 9
a 426 126 3
a 427 204 5
a 428 40 4
a 428 408 8
a 429 74 2
a 430 194 5
a 431 198 1
a 431 292 9
a 432 554 10
a 433 159 9
a 434 39 5
a 434 132 2
a 434 137 5
a 435 284 3
a 436 60 3
a 436 202 7
a 437 549 4
a 438 417 6
a 439 541 6
a 440 33 9
a 440 305 10
a 441 42 9
a 442 163 1
a 443 586 2
a 444 144 5
a 444 320 7
a 444 488 5
a 445 199 6
a 445 273 9
a 445 486 8
a 446 545 8
a 447 88 6
a 447 289 1
a 447 305 5
a 447 409 7
a 448 559 7
a 449 28 4
a 449 85 2
a 449 86 1
a 449 327 1
a 450 333 4
a 450 561 9
a 451 94 2
a 451 462 6
a 451 475 8
a 452 554 10
a 452 567 3
a 453 103 6
a 454 190 1
a 454 227 7
a 455 95 3
a 455 482 2
a 456 491 8
a 456 504 6
a 457 375 4
a 458 226 5
a 459 494 10
a 460 575 8
a 460 582 1
a 461 65 10
a 461 186 6
a 462 234 7
a 462 318 7
a 462 402 5
a 463 204 7
a 464 590 4
a 465 38 4
a 465 244 1
a 466 238 8
a 467 6 2
a 467 202 1
a 468 495 9
a 469 235 1
a 469 551 10
a 470 504 5
a 471 509 6
a 471 517 6
a 472 342 5
a 472 457 5
a 472 525 7
a 473 237 8
a 473 515 1
a 473 575 4
a 474 48 4
a 474 61 10
a 475 144 5
a 476 478 3
a 477 98 5
a 477 542 2
a 478 9 7
a 479 229 5
a 479 483 3
a 480 568 6
a 481 338 1
a 482 300 5
a 482 360 8
a 482 450 5
a 483 165 6
a 483 451 1
a 484 333 5
a 485 312 6
a 485 449 1
a 486 330 9
a 487 46 6
a 487 297 2
a 487 441 6
a 488 139 8
a 489 75 1
a 489 401 8
a 490 73 2
a 490 331 2
a 490 432 10
a 491 334 7
a 492 20 4
a 492 40 10
a 492 435 5
a 493 169 2
a 493 210 9
a 494 151 5
a 494 367 6
a 494 400 8
a 495 105 3
a 495 464 10
a 496 44 7
a 497 25 4
a 498 522 9
a 499 133 3
a 499 560 2
a 500 548 9
a 501 72 8
a 501 140 2
a 501 477 7
a 502 491 8
a 503 434 2
a 503 550 10
a 504 7 9
a 504 92 7
a 504 531 2
a 505 143 3
a 506 377 4
a 506 568 1
a 507 331 10
a 508 494 9
a 508 590 10
a 509 569 7
a 510 8 2
a 510 265 5
a 510 270 6
a 511 276 1
a 511 338 3
a 512 160 4
a 512 321 7
a 512 439 1
a 513 258 9
a 514 479 8
a 515 404 4
a 516 275 10
a 516 372 9
a 516 407 2
a 516 508 6
a 517 37 9
a 517 487 9
a 518 102 5
a 518 120 10
a 518 150 9
a 518 259 5
a 519 197 3
a 519 498 4
a 520 16 4
a 520 248 3
a 520 365 2
a 521 13 10
a 522 184 10
a 523 161 10
a 524 61 1
a 524 84 10
a 525 194 10
a 525 379 4
a 525 414 10
a 526 540 3
a 527 178 6
a 527 264 6
a 527 420 4
a 528 259 8
a 529 227 6
a 530 186 1
a 530 314 10
a 531 98 4
a 531 384 10
a 532 30 1
a 532 148 6
a 532 571 9
a 533 235 5
a 534 163 8
a 534 311 2
a 535 301 6
a 535 455 1
a 536 54 7
a 537 382 2
a 538 231 4
a 538 338 5
a 539 425 4
a 540 26 5
a 540 214 1
a 540 409 1
a 541 480 8
a 542 164 6
a 542 239 9
a 542 272 8
a 543 139 5
a 543 290 6
a 543 592 6
a 544 493 5
a 545 169 9
a 545 241 5
a 545 351 2
a 546 2 6
a 546 52 4
a 546 324 4
a 546 516 2
a 547 13 1
a 547 64 1
a 547 244 3
a 547 412 4
a 548 77 3
a 548 96 7
a 548 217 8
a 548 526 10
a 549 25 5
a 549 131 6
a 550 329 9
a 551 433 4
a 551 495 1
a 552 198 3
a 552 306 4
a 553 209 2
a 553 519 3
a 554 230 6
a 554 335 4
a 554 384 6
a 555 454 5
a 555 462 10
a 556 46 1
a 557 283 9
a 557 476 9
a 558 54 8
a 558 67 4
a 558 132 5
a 558 514 5
a 559 182 8
a 559 557 3
a 560 225 9
a 561 364 8
a 561 493 1
a 562 25 2
a 562 193 4
a 562 419 6
a 562 523 5
a 563 205 7
a 563 319 8
a 564 361 7
a 564 466 9
a 565 302 3
a 565 582 10
a 566 161 9
a 566 260 3
a 566 442 1
a 566 458 7
a 567 469 3
a 568 431 5
a 568 553 3
a 569 185 4
a 569 232 2
a 569 284 10
a 570 228 5
a 570 514 3
a 571 167 4
a 571 295 6
a 571 560 3
a 572 427 5
a 572 436 4
a 573 90 5
a 573 193 4
a 573 205 5
a 573 312 9
a 574 510 2
a 575 474 8
a 576 211 5
a 576 429 9
a 576 485 4
a 576 538 9
a 577 47 8
a 577 299 5
a 578 143 10
a 578 370 8
a 579 37 10
a 580 435 1
a 580 540 8
a 581 19 5
a 581 403 1
a 581 408 1
a 581 553 10
a 582 53 10
a 582 362 9
a 583 318 9
a 584 162 3
a 584 455 5
a 585 93 8
a 585 180 8
a 585 349 2
a 586 41 8
a 586 247 3
a 587 226 2
a 588 157 1
a 588 527 10
a 588 533 4
a 588 583 6
a 589 9 7
a 589 50 9
a 590 3 1
a 590 308 9
a 590 432 2
a 591 82 6
a 591 128 2
a 591 201 10
a 591 553 5
a 592 119 8
a 592 504 3
a 592 533 10
a 592 555 5
a 593 104 6
a 593 124 3
a 593 126 7
a 593 469 5
a 594 96 2
a 594 110 1
a 595 218 7
a 595 580 8
a 596 46 10
a 596 126 1
a 596 217 4
a 596 358 1
a 596 556 10
a 597 286 8
a 597 477 4
a 598 4 10
a 598 315 10
a 599 309 2
a 599 390 9
