p max 600 1200
n 1 s
n 600 t
a 1 175 10
a 1 376 4
a 2 49 7
a 3 48 4
a 3 110 4
a 3 241 5
a 3 310 10
a 4 69 9
a 5 210 3
a 6 212 5
a 6 338 9
a 6 356 6
a 6 371 5
a 7 246 8
a 7 543 9
a 8 55 4
a 8 272 8
a 8 482 7
a 9 232 6
a 9 415 6
a 9 533 8
a 10 448 1
a 10 499 7
a 11 517 10
a 12 430 1
a 13 48 7
a 13 194 9
a 13 293 1
a 13 448 8
a 13 509 7
a 14 127 3
a 14 460 3
a 15 30 10
a 15 303 1
a 15 387 3
a 15 402 7
a 16 58 8
a 16 550 8
a 17 141 10
a 17 211 1
a 17 441 2
a 18 30 2
a 18 329 5
a 19 8 9
a 19 14 4
a 19 488 4
a 19 519 9
a 20 267 4
a 21 581 8
a 22 323 7
a 23 550 1
a 24 32 5
a 24 181 4
a 25 243 3
a 25 462 8
a 26 281 1
a 26 291 10
a 26 500 10
a 27 461 9
a 28 585 4
a 29 129 10
a 29 467 6
a 30 355 6
a 31 362 9
a 32 458 5
a 33 82 9
a 34 5 8
a 34 195 4
a 34 226 5
a 34 317 4
a 35 414 10
a 35 422 4
a 35 598 9
a 36 338 7
a 36 433 6
a 37 69 5
a 37 135 8
a 37 200 4
a 37 279 7
a 38 42 2
a 38 136 7
a 38 460 1
a 39 244 1
a 39 332 9
a 40 106 1
a 41 339 4
a 42 230 8
a 42 487 9
a 43 46 2
a 43 334 8
a 44 593 5
a 45 421 10
a 46 20 8
a 47 129 4
a 47 503 5
a 47 526 8
a 48 43 10
a 49 58 6
a 50 66 5
a 51 362 7
a 51 415 8
a 52 63 5
a 53 198 7
a 54 232 9
a 54 317 5
a 54 408 9
a 55 173 3
a 55 516 10
a 56 88 9
a 57 321 1
a 57 551 10
a 58 47 5
a 58 148 1
a 58 361 5
a 58 563 1
a 59 40 5
a 59 555 4
a 60 19 8
a 60 252 6
a 60 589 9
a 61 48 3
a 61 121 6
a 61 554 6
a 62 2 4
a 63 414 8
a 64 275 7
a 65 163 1
a 65 309 2
a 65 600 2
a 66 187 6
a 66 420 3
a 67 41 6
a 68 524 7
a 69 426 4
a 70 448 6
a 71 134 5
a 71 362 7
a 72 130 8
a 73 476 3
a 74 9 2
a 74 57 4
a 74 156 9
a 75 311 10
a 76 37 8
a 77 175 2
a 77 320 3
a 78 154 3
a 78 229 3
a 78 251 5
a 79 424 8
a 79 576 7
a 80 380 5
a 80 479 7
a 81 93 8
a 81 446 7
a 81 491 10
a 82 500 8
a 83 381 6
a 83 434 6
a 84 450 10
a 85 81 6
a 85 207 9
a 85 353 6
a 85 365 5
a 86 229 6
a 87 41 3
a 87 168 6
a 87 375 5
a 88 104 3
a 88 133 5
a 89 13 1
a 89 45 3
a 90 234 3
a 90 343 5
a 90 406 9
a 91 274 6
a 92 37 7
a 92 64 1
a 92 83 4
a 93 46 6
a 93 315 3
a 94 15 8
a 95 89 5
a 95 193 8
a 95 247 6
a 96 264 8
a 96 566 10
a 97 333 2
a 98 100 6
a 98 235 9
a 99 474 5
a 100 76 3
a 100 166 5
a 101 126 7
a 101 282 3
a 101 320 7
a 102 443 3
a 102 444 10
a 103 361 5
a 104 63 1
a 105 42 10
a 105 484 7
a 106 26 4
a 106 66 6
a 106 200 5
a 106 457 4
a 107 103 4
a 107 277 3
a 107 352 7
a 108 97 6
a 108 389 6
a 109 398 9
a 110 392 1
a 110 399 3
a 110 402 7
a 110 522 3
a 111 342 10
a 111 469 8
a 112 64 8
a 112 436 5
a 112 495 7
a 113 393 5
a 113 572 9
a 113 574 7
a 114 13 5
a 114 86 3
a 114 156 4
a 114 325 6
a 115 30 4
a 116 402 6
a 117 74 4
a 118 5 2
a 119 509 2
a 120 46 6
a 120 252 6
a 121 289 10
a 122 428 2
a 123 85 5
a 123 383 7
a 123 476 10
a 124 324 8
a 124 480 3
a 125 290 8
a 125 584 9
a 126 107 10
a 126 217 2
a 126 418 4
a 127 502 1
a 128 382 5
a 128 533 3
a 129 278 1
a 130 161 2
a 131 281 7
a 131 382 10
a 131 412 6
a 132 29 7
a 132 273 6
a 132 304 1
a 133 30 8
a 133 175 8
a 134 206 9
a 135 193 10
a 136 432 5
a 137 238 1
a 137 500 4
a 137 525 4
a 138 10 3
a 138 343 7
a 138 454 4
a 139 155 7
a 139 319 10
a 140 315 2
a 141 307 5
a 141 369 8
a 142 313 3
a 142 433 8
a 143 125 7
a 143 429 9
a 143 587 7
a 144 52 4
a 144 449 1
a 145 441 6
a 146 233 1
a 146 425 8
a 147 360 4
a 147 431 2
a 147 550 3
a 148 73 9
a 149 348 7
a 149 531 1
a 150 23 1
a 150 372 6
a 150 422 3
a 150 540 4
a 150 541 3
a 151 86 10
a 152 280 7
a 152 546 10
a 153 64 7
a 153 575 10
a 154 349 8
a 155 188 3
a 155 237 7
a 155 304 10
a 156 147 9
a 156 285 2
a 156 497 10
a 157 333 1
a 157 374 1
a 158 346 7
a 159 56 9
a 160 288 6
a 160 535 5
a 161 2 3
a 161 456 3
a 161 557 10
a 162 43 9
a 162 147 8
a 162 542 5
a 163 172 10
a 163 313 8
a 164 338 2
a 164 398 4
a 165 227 9
a 165 267 4
a 165 568 7
a 166 453 3
a 167 443 2
a 168 21 7
a 168 347 3
a 169 529 6
a 169 532 5
a 170 73 6
a 170 263 10
a 171 70 10
a 172 205 4
a 172 326 8
a 173 159 9
a 173 472 2
a 173 569 5
a 174 132 9
a 174 507 1
a 175 393 5
a 176 218 6
a 176 468 1
a 176 516 2
a 177 329 4
a 178 236 9
a 179 210 10
a 179 530 2
a 179 537 4
a 179 557 1
a 180 420 2
a 180 568 4
a 181 83 5
a 182 404 2
a 182 479 3
a 182 496 9
a 182 573 1
a 183 147 1
a 183 201 3
a 184 54 5
a 185 39 10
a 186 479 6
a 186 540 4
a 186 586 3
a 187 423 10
a 187 600 5
a 188 290 1
a 189 224 4
a 189 452 4
a 190 236 3
a 190 332 5
a 190 544 1
a 191 213 9
a 191 439 8
a 191 475 10
a 191 520 5
a 192 308 6
a 192 466 9
a 192 513 10
a 193 554 7
a 194 411 5
a 195 245 8
a 195 445 2
a 196 116 5
a 196 240 4
a 196 413 8
a 197 505 10
a 198 16 8
a 198 225 7
a 199 92 8
a 200 142 2
a 200 174 4
a 200 298 3
a 201 182 5
a 201 461 2
a 201 476 8
a 202 457 7
a 203 106 5
a 203 388 3
a 204 216 6
a 205 426 7
a 205 494 4
a 206 58 6
a 206 107 10
a 206 200 4
a 207 328 3
a 208 257 4
a 209 117 9
a 209 543 4
a 210 167 7
a 210 530 6
a 211 120 7
a 211 199 7
a 212 300 4
a 212 411 9
a 212 465 1
a 213 165 1
a 214 388 7
a 214 428 8
a 214 546 5
a 215 169 6
a 215 206 4
a 215 359 8
a 216 379 5
a 216 449 1
a 216 524 1
a 217 503 4
a 218 96 3
a 218 368 10
a 219 306 2
a 219 377 2
a 219 589 9
a 220 515 7
a 221 202 2
a 221 331 3
a 222 367 4
a 223 56 1
a 224 6 2
a 224 146 6
a 224 287 1
a 225 322 10
a 225 400 3
a 226 478 9
a 227 451 4
a 227 513 10
a 228 496 10
a 228 553 2
a 229 68 9
a 229 228 8
a 229 425 7
a 229 577 8
a 230 254 7
a 230 458 1
a 231 309 7
a 231 463 6
a 231 596 5
a 232 186 5
a 232 589 1
a 233 298 1
a 233 323 9
a 234 36 3
a 234 74 8
a 234 355 1
a 234 456 3
a 235 189 6
a 235 411 5
a 235 444 1
a 236 250 1
a 237 280 2
a 237 391 9
a 237 481 5
a 237 560 4
a 238 130 3
a 238 150 1
a 239 28 4
a 240 472 2
a 241 464 2
a 242 126 7
a 242 583 7
a 243 7 2
a 243 593 1
a 244 97 9
a 244 549 8
a 245 229 5
a 245 243 6
a 245 393 6
a 246 496 1
a 247 238 3
a 248 111 8
a 248 250 3
a 249 77 6
a 250 219 7
a 250 358 5
a 250 527 1
a 251 108 5
a 251 110 10
a 251 201 10
a 252 4 2
a 252 322 3
a 252 518 1
a 253 339 8
a 254 14 9
a 254 220 7
a 254 336 2
a 254 506 5
a 255 99 5
a 255 430 5
a 255 440 7
a 256 57 8
a 257 60 3
a 257 164 8
a 258 139 8
a 258 518 4
a 259 32 3
a 259 119 2
a 259 246 4
a 260 33 5
a 261 553 9
a 262 153 5
a 262 161 1
a 262 378 4
a 262 519 3
a 263 401 4
a 263 474 6
a 264 144 1
a 264 415 3
a 265 4 5
a 265 259 3
a 265 272 10
a 265 296 3
a 266 60 5
a 267 261 8
a 268 492 4
a 268 509 8
a 269 184 2
a 269 354 4
a 270 35 3
a 270 370 10
a 270 600 7
a 271 408 5
a 272 54 5
a 272 97 7
a 272 155 9
a 273 230 1
a 274 33 6
a 274 160 9
a 274 402 5
a 274 536 2
a 274 600 2
a 275 218 9
a 276 188 8
a 277 311 5
a 278 54 5
a 278 437 4
a 279 81 7
a 279 215 1
a 280 90 9
a 280 228 3
a 281 12 2
a 282 399 3
a 282 453 9
a 283 360 7
a 284 35 4
a 284 137 8
a 284 221 4
a 285 237 1
a 285 445 2
a 286 26 3
a 286 177 6
a 286 257 10
a 286 350 6
a 286 480 9
a 287 184 8
a 288 464 5
a 289 34 6
a 289 425 2
a 290 68 4
a 290 498 7
a 291 143 8
a 291 192 6
a 292 527 2
a 293 60 5
a 293 111 4
a 294 91 4
a 294 487 8
a 294 575 1
a 295 202 2
a 295 413 4
a 295 464 8
a 295 504 2
a 296 386 7
a 296 566 2
a 297 472 9
a 298 158 6
a 299 308 7
a 299 497 10
a 300 52 8
a 300 526 4
a 301 396 7
a 301 419 4
a 302 220 10
a 302 457 3
a 303 357 3
a 303 479 1
a 304 277 8
a 304 294 1
a 305 393 7
a 306 455 10
a 307 495 8
a 308 557 5
a 309 149 5
a 310 34 3
a 310 125 6
a 311 398 4
a 312 288 3
a 312 381 1
a 313 269 4
a 314 58 3
a 314 63 9
a 314 277 5
a 315 289 9
a 315 308 3
a 315 588 2
a 316 363 8
a 317 58 1
a 318 547 2
a 318 590 7
a 319 459 4
a 319 466 7
a 320 223 2
a 321 341 9
a 321 514 5
a 321 525 3
a 322 213 1
a 323 376 7
a 324 498 1
a 325 530 8
a 326 186 4
a 327 2 4
a 327 521 9
a 328 62 4
a 329 28 8
a 329 363 7
a 330 498 5
a 331 265 7
a 331 365 10
a 331 570 8
a 332 49 4
a 332 140 5
a 332 162 8
a 333 21 8
a 333 35 10
a 334 516 8
a 335 453 3
a 336 238 9
a 336 311 4
a 336 424 7
a 337 79 10
a 337 413 9
a 337 417 5
a 338 103 4
a 338 214 6
a 338 236 5
a 339 5 7
a 339 256 1
a 339 343 5
a 340 44 9
a 340 232 8
a 340 246 4
a 341 25 1
a 341 242 1
a 341 337 5
a 342 24 3
a 342 368 8
a 342 385 4
a 343 547 3
a 344 410 7
a 344 552 3
a 345 580 7
a 346 133 9
a 346 358 1
a 347 465 10
a 348 307 10
a 349 591 10
a 350 584 7
a 351 498 1
a 352 179 6
a 353 47 7
a 353 511 1
a 354 121 10
a 354 548 9
a 355 178 8
a 355 258 7
a 356 105 10
a 356 178 5
a 356 335 6
a 357 171 3
a 357 204 1
a 357 220 1
a 357 276 6
a 358 158 8
a 358 510 2
a 359 213 5
a 360 317 8
a 360 442 4
a 361 33 6
a 362 475 1
a 362 585 6
a 363 27 1
a 363 417 7
a 363 567 6
a 364 115 7
a 364 132 10
a 364 522 2
a 365 257 5
a 366 279 1
a 367 152 8
a 367 380 8
a 368 558 5
a 369 69 1
a 370 146 1
a 370 394 3
a 371 46 10
a 371 192 8
a 372 508 4
a 372 517 6
a 373 234 2
a 373 255 4
a 374 278 7
a 374 397 8
a 375 12 7
a 375 69 4
a 376 111 4
a 376 335 5
a 376 342 6
a 377 235 2
a 377 384 1
a 377 589 2
a 378 362 3
a 379 170 3
a 380 97 10
a 380 541 4
a 381 76 10
a 381 477 1
a 382 172 1
a 382 303 10
a 383 115 3
a 384 17 9
a 384 484 7
a 385 86 4
a 386 52 4
a 386 114 9
a 386 271 4
a 386 282 1
a 387 506 3
a 387 581 10
a 388 45 9
a 388 283 9
a 388 425 1
a 389 444 5
a 390 359 5
a 390 411 6
a 391 14 2
a 391 251 9
a 391 253 3
a 392 35 2
a 392 78 3
a 392 261 10
a 393 314 9
a 393 556 10
a 394 421 5
a 395 79 7
a 396 126 9
a 397 71 3
a 397 564 2
a 398 272 1
a 399 50 6
a 399 292 9
a 400 65 7
a 400 76 2
a 401 31 6
a 401 170 1
a 401 212 1
a 401 468 7
a 402 338 8
a 402 524 3
a 403 88 8
a 403 139 3
a 403 211 2
a 404 268 6
a 404 386 2
a 405 140 10
a 405 291 6
a 406 305 9
a 407 266 7
a 407 326 4
a 407 345 10
a 408 226 7
a 408 580 10
a 409 368 1
a 409 586 4
a 410 15 3
a 410 180 5
a 410 223 1
a 410 258 8
a 411 191 2
a 411 304 4
a 412 239 7
a 412 297 3
a 412 303 5
a 412 409 9
a 413 92 2
a 414 132 6
a 414 190 9
a 415 498 7
a 416 330 10
a 416 349 9
a 417 196 6
a 417 213 5
a 418 112 10
a 419 59 7
a 419 363 4
a 419 407 10
a 420 531 8
a 421 183 7
a 421 203 6
a 422 575 6
a 423 108 5
a 423 248 1
a 423 369 10
a 424 18 8
a 424 209 8
a 425 532 9
a 426 43 1
a 426 326 5
a 426 485 7
a 427 157 10
a 427 440 1
a 427 526 10
a 427 565 10
a 427 595 1
a 428 407 10
a 429 131 3
a 429 314 2
a 430 362 1
a 431 4 1
a 431 11 6
a 431 112 6
a 431 381 7
a 432 170 9
a 432 584 8
a 433 574 7
a 434 271 1
a 434 559 8
a 435 110 4
a 436 16 7
a 436 455 3
a 437 305 4
a 438 67 6
a 438 71 2
a 438 526 10
a 438 594 9
a 439 42 7
a 439 245 10
a 440 169 8
a 440 208 10
a 440 396 3
a 441 511 5
a 442 82 4
a 442 221 2
a 442 312 4
a 442 419 1
a 442 427 6
a 442 501 9
a 442 518 4
a 443 357 5
a 443 432 3
a 444 401 2
a 444 579 5
a 445 494 2
a 446 285 5
a 447 421 9
a 447 495 5
a 448 94 5
a 448 327 5
a 448 420 3
a 449 187 2
a 450 299 5
a 450 384 6
a 450 545 1
a 451 295 10
a 451 574 4
a 452 343 6
a 452 405 8
a 453 481 4
a 454 353 6
a 455 23 8
a 455 351 5
a 456 344 7
a 456 349 7
a 457 209 7
a 457 496 9
a 458 112 6
a 458 254 2
a 458 284 2
a 458 508 5
a 459 15 9
a 459 219 3
a 459 301 9
a 460 137 5
a 461 423 1
a 461 510 7
a 462 133 10
a 463 84 6
a 463 545 6
a 463 556 4
a 464 584 7
a 465 203 5
a 465 373 6
a 465 538 10
a 466 364 3
a 466 386 8
a 466 411 1
a 467 151 5
a 467 164 8
a 468 475 6
a 469 538 2
a 470 87 7
a 470 123 2
a 471 53 1
a 471 541 5
a 472 80 10
a 472 244 1
a 473 371 9
a 474 405 9
a 474 593 9
a 475 390 2
a 475 400 2
a 476 328 10
a 476 548 1
a 476 571 8
a 477 546 2
a 478 485 10
a 478 528 7
a 479 51 6
a 480 29 9
a 480 349 7
a 480 360 3
a 480 548 7
a 481 255 10
a 481 375 8
a 482 138 1
a 482 562 5
a 483 3 1
a 483 22 8
a 483 96 4
a 484 205 1
a 485 41 7
a 486 386 2
a 487 45 1
a 487 597 7
a 488 77 3
a 488 342 3
a 488 591 1
a 489 362 2
a 489 397 10
a 489 478 3
a 490 185 1
a 490 221 1
a 490 298 7
a 490 438 7
a 491 113 10
a 491 511 2
a 492 596 5
a 493 85 2
a 493 333 9
a 493 413 6
a 494 217 2
a 495 262 5
a 495 578 9
a 496 62 5
a 496 279 4
a 497 357 10
a 497 555 9
a 498 187 5
a 498 466 10
a 499 284 10
a 499 534 8
a 500 439 1
a 500 489 9
a 500 542 4
a 501 314 7
a 502 72 4
a 502 467 1
a 503 312 8
a 503 473 10
a 504 576 9
a 504 578 3
a 505 70 9
a 505 176 5
a 505 361 6
a 506 209 10
a 507 134 6
a 508 256 3
a 509 235 4
a 509 521 7
a 509 562 5
a 510 450 6
a 511 109 9
a 511 570 3
a 512 56 3
a 513 106 4
a 513 364 8
a 514 92 10
a 514 197 3
a 514 348 2
a 515 153 6
a 515 582 10
a 516 292 7
a 516 424 9
a 516 495 7
a 517 156 1
a 517 494 2
a 518 315 3
a 519 20 1
a 519 39 4
a 519 213 10
a 520 421 1
a 520 565 10
a 521 318 10
a 521 369 5
a 521 512 3
a 522 303 5
a 523 299 6
a 524 54 1
a 524 122 10
a 524 275 10
a 524 502 7
a 524 527 7
a 525 95 3
a 525 303 5
a 525 531 10
a 526 22 10
a 526 423 6
a 526 493 4
a 527 133 4
a 527 486 8
a 528 199 2
a 528 216 3
a 528 249 2
a 528 435 6
a 529 317 6
a 529 592 8
a 530 130 7
a 530 513 2
a 531 75 8
a 531 99 9
a 532 378 1
a 532 498 6
a 532 590 1
a 532 599 3
a 533 286 6
a 533 414 8
a 533 470 3
a 534 165 10
a 534 179 9
a 534 399 2
a 534 539 7
a 535 18 2
a 535 81 8
a 535 515 6
a 536 366 4
a 536 565 10
a 537 322 9
a 537 373 4
a 538 584 5
a 539 229 7
a 539 441 7
a 540 118 7
a 540 437 7
a 541 89 6
a 541 149 6
a 542 123 9
a 542 269 10
a 542 386 8
a 543 148 9
a 543 316 6
a 543 339 9
a 544 249 10
a 544 558 6
a 545 422 3
a 546 124 7
a 546 423 8
a 547 67 8
a 547 274 3
a 547 416 2
a 548 61 8
a 548 145 3
a 548 471 8
a 549 231 9
a 549 270 9
a 549 512 6
a 549 561 9
a 550 459 8
a 550 505 6
a 551 527 10
a 552 10 4
a 553 325 1
a 554 278 5
a 555 101 8
a 555 208 9
a 556 149 10
a 556 321 9
a 556 332 9
a 557 496 3
a 558 564 7
a 559 105 9
a 560 265 9
a 560 490 5
a 561 56 6
a 561 181 8
a 562 277 8
a 562 579 8
a 563 295 2
a 564 518 8
a 565 13 2
a 565 553 4
a 566 372 3
a 567 527 10
a 568 453 4
a 569 315 4
a 570 38 8
a 570 141 5
a 571 220 10
a 571 260 2
a 572 339 5
a 572 359 9
a 572 477 10
a 572 529 6
a 573 413 9
a 574 585 9
a 575 340 5
a 575 490 2
a 576 346 8
a 576 377 10
a 577 38 10
a 577 128 7
a 577 367 5
a 577 428 2
a 577 483 5
a 578 28 1
a 578 73 7
a 578 159 6
a 578 292 2
a 578 302 7
a 578 447 8
a 579 102 8
a 579 281 3
a 580 43 2
a 580 450 2
a 580 493 4
a 581 122 7
a 582 240 2
a 583 163 4
a 584 8 9
a 585 198 3
a 585 282 7
a 586 63 9
a 586 79 9
a 587 93 3
a 587 375 10
a 587 392 4
a 587 394 9
a 588 51 9
a 588 184 1
a 588 299 4
a 589 77 7
a 590 62 7
a 590 222 6
a 591 102 10
a 592 403 3
a 592 471 1
a 592 579 9
a 593 329 7
a 593 523 10
a 594 104 10
a 594 552 8
a 594 562 2
a 595 276 6
a 595 395 4
a 596 98 1
a 596 513 3
a 597 225 6
a 597 307 9
a 598 181 7
a 598 452 9
a 599 337 4
a 599 359 5
