p max 600 1200
n 1 s
n 600 t
a 1 154 7
a 1 314 10
a 2 272 2
a 2 383 6
a 3 159 4
a 4 557 7
a 5 116 7
a 5 529 7
a 5 530 2
a 5 580 3
a 5 590 7
a 6 33 6
a 6 271 4
a 7 483 2
a 8 405 9
a 9 339 5
a 9 362 5
a 10 98 3
a 10 424 4
a 10 484 8
a 11 39 8
a 11 223 6
a 11 508 8
a 12 570 8
a 13 105 4
a 13 146 6
a 13 206 9
a 13 376 9
a 13 473 8
a 13 587 8
a 14 280 5
a 15 95 1
a 15 200 5
a 16 161 9
a 17 169 8
a 18 79 6
a 18 524 1
a 18 546 2
a 19 446 7
a 19 480 8
a 19 486 5
a 19 487 10
a 19 495 6
a 20 65 2
a 21 194 2
a 21 550 10
a 22 246 4
a 23 366 9
a 24 74 9
a 24 582 5
a 25 161 2
a 25 293 2
a 26 33 7
a 26 402 4
a 27 67 2
a 27 290 5
a 28 451 9
a 28 560 10
a 28 577 3
a 29 21 10
a 29 224 2
a 30 566 5
a 31 529 5
a 32 325 10
a 32 381 10
a 33 10 6
a 34 64 1
a 35 2 1
a 35 140 8
a 35 160 7
a 36 157 10
a 36 296 9
a 36 595 7
a 37 139 4
a 37 213 6
a 37 422 3
a 38 94 5
a 38 284 5
a 38 289 2
a 39 78 6
a 40 67 8
a 40 262 3
a 41 49 10
a 41 117 4
a 41 229 7
a 41 503 10
a 42 596 1
a 43 586 7
a 44 34 7
a 44 240 4
a 44 245 9
a 45 495 9
a 46 411 8
a 46 593 9
a 46 594 3
a 47 13 7
a 48 170 5
a 49 214 7
a 49 230 5
a 50 222 1
a 51 137 5
a 51 474 10
a 52 139 9
a 52 163 9
a 53 86 5
a 54 168 10
a 54 341 5
a 55 573 5
a 56 328 2
a 56 516 5
a 57 134 4
a 57 256 6
a 57 486 3
a 58 372 10
a 59 167 9
a 59 275 6
a 59 523 3
a 60 578 4
a 61 95 3
a 62 136 4
a 63 400 1
a 64 373 8
a 65 159 1
a 65 394 7
a 66 40 7
a 66 43 8
a 66 570 6
a 67 121 1
a 67 597 5
a 68 57 9
a 68 359 7
a 68 505 6
a 68 565 10
a 69 126 1
a 69 211 3
a 69 419 10
a 69 445 2
a 70 531 6
a 71 214 5
a 72 427 1
a 72 541 4
a 73 18 6
a 74 51 9
a 75 19 4
a 75 24 10
a 76 7 9
a 77 73 3
a 77 305 10
a 78 466 5
a 78 535 6
a 79 127 2
a 79 419 9
a 79 515 3
a 80 103 1
a 80 113 9
a 80 330 5
a 80 391 2
a 81 141 6
a 81 477 6
a 82 405 10
a 83 255 3
a 84 161 8
a 84 413 5
a 85 165 8
a 85 277 6
a 86 104 3
a 86 216 2
a 87 381 5
a 87 483 4
a 88 16 7
a 89 183 5
a 89 212 9
a 90 211 2
a 91 11 9
a 91 46 8
a 91 309 5
a 92 298 1
a 92 319 10
a 92 331 9
a 92 406 9
a 93 494 4
a 93 598 2
a 94 92 3
a 95 105 5
a 95 260 6
a 96 134 9
a 97 109 9
a 97 129 2
a 97 594 9
a 98 462 8
a 98 552 8
a 98 598 5
a 99 477 10
a 100 430 8
a 100 549 9
a 101 154 4
a 101 415 8
a 102 321 4
a 102 504 9
a 103 120 8
a 104 18 10
a 104 141 2
a 105 220 7
a 105 435 5
a 105 579 3
a 106 114 9
a 106 132 8
a 106 275 10
a 107 302 1
a 108 18 10
a 108 595 6
a 109 540 8
a 110 573 3
a 111 32 1
a 112 177 9
a 112 345 9
a 113 290 3
a 114 20 6
a 114 188 8
a 114 457 4
a 115 379 3
a 116 396 4
a 116 537 5
a 117 60 4
a 117 143 10
a 117 343 4
a 117 547 9
a 117 585 6
a 118 534 7
a 119 169 4
a 119 261 2
a 120 418 3
a 121 580 1
a 122 150 10
a 123 58 3
a 123 130 5
a 123 233 9
a 123 290 2
a 123 455 3
a 124 233 10
a 125 178 1
a 125 489 8
a 126 530 1
a 127 40 6
a 127 598 7
a 128 106 2
a 128 437 7
a 128 467 2
a 129 459 7
a 129 513 3
a 129 537 3
a 130 217 8
a 130 336 10
a 130 508 10
a 130 522 5
a 131 241 5
a 132 44 2
a 132 138 1
a 132 286 8
a 132 472 1
a 132 510 5
a 133 187 8
a 134 104 6
a 134 502 10
a 135 3 6
a 135 84 4
a 136 334 8
a 136 421 6
a 137 53 7
a 137 207 5
a 138 156 1
a 138 531 7
a 139 284 9
a 139 486 7
a 139 511 7
a 140 395 1
a 141 12 1
a 141 403 3
a 141 539 4
a 142 302 8
a 142 588 9
a 143 173 3
a 143 217 9
a 144 189 3
a 144 244 3
a 144 423 4
a 145 449 7
a 145 586 10
a 146 6 8
a 146 548 7
a 147 302 8
a 147 351 1
a 147 377 10
a 148 532 6
a 149 78 10
a 149 305 3
a 149 342 6
a 150 397 5
a 151 347 5
a 151 582 3
a 152 496 5
a 153 55 4
a 153 195 6
a 153 297 3
a 154 557 4
a 155 260 8
a 155 593 1
a 156 235 2
a 156 392 9
a 157 5 8
a 157 551 9
a 158 12 1
a 158 150 3
a 159 61 4
a 159 151 4
a 159 278 7
a 160 83 7
a 160 218 5
a 160 310 5
a 160 545 10
a 161 231 6
a 162 36 6
a 162 141 5
a 163 263 1
a 164 31 4
a 164 226 5
a 164 498 7
a 165 362 9
a 165 471 8
a 166 263 3
a 167 567 3
a 168 297 5
a 169 76 2
a 169 246 4
a 169 315 6
a 170 191 9
a 170 323 9
a 170 451 1
a 171 202 6
a 171 572 1
a 172 512 10
a 173 181 8
a 173 312 8
a 174 108 2
a 174 369 8
a 174 385 4
a 175 458 9
a 175 477 10
a 175 584 9
a 176 39 10
a 176 279 6
a 176 380 10
a 176 467 5
a 177 100 3
a 178 28 1
a 179 106 4
a 180 17 1
a 180 288 6
a 180 517 7
a 181 170 7
a 181 481 4
a 181 487 5
a 182 327 7
a 183 201 2
a 183 490 7
a 183 560 6
a 184 86 1
a 184 131 8
a 184 440 8
a 185 91 7
a 185 171 6
a 185 507 4
a 186 318 10
a 187 432 8
a 187 531 4
a 188 286 4
a 189 204 10
a 189 420 3
a 189 434 7
a 190 90 7
a 190 449 3
a 191 282 4
a 192 101 2
a 192 326 10
a 193 403 6
a 194 72 8
a 195 112 5
a 195 401 8
a 196 54 4
a 196 191 2
a 196 410 4
a 196 462 4
a 197 294 8
a 197 476 5
a 198 449 4
a 199 198 1
a 199 322 2
a 200 387 2
a 201 322 9
a 201 358 8
a 202 268 3
a 203 185 2
a 204 32 9
a 204 286 3
a 204 585 5
a 205 115 4
a 205 133 6
a 205 455 8
a 206 198 10
a 207 92 7
a 207 140 4
a 208 47 4
a 208 325 10
a 209 50 6
a 209 313 6
a 210 18 9
a 210 176 7
a 210 442 5
a 211 266 4
a 211 594 6
a 212 199 1
a 212 355 9
a 213 128 4
a 213 221 2
a 214 276 2
a 214 307 4
a 214 412 6
a 215 351 2
a 215 376 10
a 215 445 9
a 216 463 6
a 217 142 5
a 217 368 10
a 218 91 7
a 218 268 3
a 218 333 5
a 218 335 2
a 219 526 4
a 220 387 6
a 221 149 8
a 221 236 4
a 221 272 3
a 222 573 5
a 223 85 4
a 223 535 10
a 223 562 5
a 224 429 5
a 224 549 2
a 225 123 8
a 225 228 6
a 225 366 4
a 226 151 10
a 227 78 9
a 228 123 1
a 229 150 7
a 230 17 10
a 231 395 10
a 231 572 9
a 232 10 2
a 232 151 7
a 232 205 4
a 233 269 9
a 233 582 8
a 234 185 3
a 235 117 10
a 236 52 8
a 236 245 3
a 237 571 5
a 238 229 8
a 238 384 9
a 238 418 5
a 239 332 2
a 239 388 5
a 240 407 9
a 240 503 9
a 241 282 4
a 241 459 9
a 241 558 2
a 242 469 10
a 242 528 1
a 242 564 8
a 243 355 3
a 243 538 9
a 244 185 2
a 244 251 9
a 244 463 2
a 244 573 3
a 245 215 8
a 245 300 1
a 245 452 2
a 246 231 3
a 246 461 9
a 247 121 6
a 247 170 8
a 248 540 6
a 249 23 4
a 249 37 9
a 249 63 4
a 250 5 6
a 250 122 7
a 250 136 7
a 250 286 4
a 250 360 10
a 250 574 2
a 251 41 10
a 251 55 7
a 252 572 3
a 253 114 1
a 253 347 10
a 253 423 5
a 254 595 7
a 255 32 5
a 255 261 5
a 255 308 3
a 255 492 4
a 256 288 2
a 257 474 5
a 257 572 3
a 258 274 4
a 259 583 5
a 260 430 2
a 260 478 2
a 260 561 2
a 261 222 6
a 261 304 5
a 261 575 7
a 262 315 1
a 262 581 2
a 263 316 9
a 264 196 3
a 264 297 3
a 264 596 2
a 265 345 9
a 265 363 8
a 266 25 7
a 266 401 3
a 267 402 4
a 268 27 6
a 268 210 3
a 268 435 9
a 269 212 7
a 269 217 7
a 270 58 5
a 270 414 3
a 271 22 6
a 271 503 8
a 272 222 3
a 273 385 3
a 274 177 1
a 274 566 2
a 275 161 6
a 275 180 7
a 275 591 4
a 276 306 2
a 276 343 6
a 276 555 5
a 277 329 5
a 277 376 4
a 278 52 4
a 278 400 8
a 278 593 6
a 279 71 9
a 280 145 1
a 280 462 9
a 281 239 6
a 281 589 8
a 282 52 6
a 282 324 9
a 282 565 2
a 283 38 1
a 283 82 7
a 283 153 5
a 283 500 3
a 283 539 3
a 283 567 9
a 284 262 7
a 284 579 8
a 285 8 1
a 285 293 7
a 286 75 3
a 286 591 4
a 287 216 3
a 287 243 7
a 287 340 1
a 288 183 7
a 289 42 3
a 289 85 3
a 289 506 3
a 290 179 1
a 290 262 3
a 290 421 7
a 290 524 6
a 291 327 5
a 291 395 8
a 292 352 8
a 292 579 1
a 293 162 1
a 293 521 3
a 294 351 4
a 294 364 9
a 295 201 2
a 296 429 5
a 297 11 5
a 297 526 3
a 298 188 2
a 298 232 7
a 298 266 1
a 299 406 8
a 300 254 4
a 300 345 6
a 301 508 7
a 302 351 7
a 302 406 9
a 303 343 3
a 304 137 4
a 305 21 4
a 305 549 4
a 306 168 8
a 306 268 9
a 307 268 6
a 308 50 3
a 308 195 6
a 309 479 1
a 310 198 8
a 310 285 5
a 310 417 1
a 311 160 5
a 311 412 2
a 311 433 4
a 311 553 10
a 312 144 10
a 312 180 4
a 313 96 5
a 313 547 6
a 314 272 2
a 315 512 3
a 316 560 4
a 316 564 4
a 317 510 1
a 318 241 9
a 318 554 8
a 319 479 7
a 319 506 4
a 320 270 1
a 320 295 8
a 320 322 3
a 321 356 10
a 321 515 3
a 322 70 9
a 322 174 10
a 322 182 10
a 323 418 9
a 324 16 7
a 324 23 4
a 324 203 8
a 324 496 8
a 325 230 7
a 325 349 7
a 325 544 9
a 326 169 7
a 326 424 2
a 327 268 7
a 327 470 6
a 328 13 6
a 328 412 8
a 329 219 3
a 329 544 9
a 329 556 8
a 330 439 1
a 331 197 4
a 331 476 1
a 332 227 8
a 332 288 9
a 332 389 10
a 333 264 2
a 333 269 1
a 333 320 4
a 334 287 8
a 334 405 2
a 334 599 4
a 335 76 5
a 336 257 2
a 336 429 5
a 337 372 4
a 337 543 2
a 338 536 5
a 339 55 1
a 339 235 3
a 339 480 4
a 340 371 4
a 340 391 1
a 341 64 9
a 341 281 1
a 341 420 7
a 342 136 10
a 342 374 4
a 343 569 4
a 344 301 9
a 344 367 2
a 344 554 2
a 345 227 7
a 345 599 1
a 346 312 7
a 347 223 7
a 347 356 4
a 348 141 8
a 348 276 10
a 349 252 6
a 349 315 3
a 349 465 5
a 350 305 7
a 351 88 10
a 351 382 2
a 351 523 7
a 352 31 10
a 352 139 5
a 353 104 9
a 354 56 10
a 354 596 2
a 355 208 4
a 355 469 3
a 356 28 10
a 356 111 5
a 356 280 4
a 356 569 1
a 357 253 9
a 357 352 7
a 358 360 7
a 359 398 7
a 359 523 6
a 360 270 9
a 360 516 2
a 361 95 9
a 362 4 5
a 362 482 1
a 363 554 2
a 364 530 3
a 365 43 2
a 365 514 6
a 366 35 5
a 366 169 9
a 366 397 4
a 367 503 1
a 368 105 9
a 369 234 5
a 369 522 8
a 370 478 2
a 371 199 8
a 371 378 1
a 372 239 2
a 373 318 1
a 373 425 5
a 374 14 10
a 375 470 6
a 375 571 9
a 376 535 3
a 377 383 4
a 378 278 1
a 379 21 5
a 379 97 10
a 379 249 2
a 379 391 8
a 380 186 1
a 380 326 1
a 380 372 3
a 381 244 5
a 381 555 8
a 382 45 7
a 382 59 5
a 382 375 1
a 383 356 7
a 384 110 6
a 385 311 8
a 386 495 2
a 387 431 8
a 388 303 4
a 388 477 4
a 389 257 9
a 389 316 1
a 390 125 9
a 390 459 5
a 391 54 10
a 391 148 3
a 392 72 1
a 392 190 9
a 392 274 6
a 392 485 8
a 393 145 4
a 394 274 8
a 394 400 5
a 395 343 2
a 396 99 2
a 397 133 8
a 398 132 6
a 399 424 8
a 400 320 1
a 401 181 6
a 401 193 5
a 402 233 10
a 402 282 1
a 403 430 8
a 403 489 3
a 404 281 9
a 404 327 10
a 405 353 1
a 405 409 8
a 405 416 2
a 406 353 6
a 406 374 8
a 407 598 2
a 408 47 6
a 408 166 4
a 408 237 9
a 408 533 10
a 408 586 10
a 409 93 7
a 409 181 6
a 409 578 2
a 410 246 2
a 410 397 8
a 410 526 8
a 411 589 8
a 412 338 10
a 412 590 4
a 413 370 7
a 413 375 8
a 414 17 4
a 414 130 1
a 414 346 6
a 414 535 10
a 415 301 3
a 416 231 7
a 416 404 7
a 416 512 1
a 417 210 8
a 417 317 2
a 417 557 1
a 418 63 7
a 419 327 10
a 419 356 5
a 420 489 5
a 421 107 8
a 421 250 8
a 421 294 8
a 421 514 8
a 422 89 9
a 422 184 3
a 422 292 3
a 422 522 5
a 422 568 10
a 423 302 4
a 424 71 1
a 424 501 8
a 425 455 3
a 426 166 2
a 427 119 6
a 427 205 4
a 428 50 6
a 428 192 5
a 428 342 4
a 429 292 10
a 430 30 7
a 430 175 5
a 430 224 1
a 430 439 1
a 431 45 2
a 431 536 6
a 432 252 4
a 432 428 6
a 433 249 10
a 434 120 5
a 434 254 3
a 435 11 4
a 436 214 9
a 437 259 1
a 437 438 10
a 438 204 3
a 439 514 5
a 440 468 1
a 440 534 3
a 441 124 9
a 441 344 1
a 441 359 8
a 442 139 3
a 442 491 6
a 443 19 4
a 443 348 5
a 443 542 7
a 443 567 6
a 444 187 9
a 444 205 1
a 445 374 6
a 446 83 6
a 447 54 9
a 448 341 3
a 448 502 3
a 449 301 1
a 449 399 5
a 450 336 10
a 451 495 1
a 452 243 10
a 452 454 5
a 453 261 5
a 454 234 1
a 454 273 9
a 454 361 2
a 454 532 9
a 454 541 1
a 455 509 8
a 456 548 9
a 456 594 2
a 457 86 5
a 457 589 6
a 458 62 4
a 458 407 6
a 459 115 5
a 459 225 10
a 460 543 7
a 461 248 7
a 462 305 3
a 462 550 2
a 463 293 4
a 463 431 8
a 463 456 8
a 463 525 6
a 464 450 9
a 464 551 4
a 465 27 10
a 465 283 7
a 466 209 9
a 466 214 5
a 467 200 3
a 468 156 9
a 468 386 2
a 468 465 8
a 469 71 4
a 469 258 8
a 469 436 8
a 469 497 4
a 470 307 1
a 471 222 10
a 471 519 3
a 471 571 1
a 472 465 8
a 473 90 5
a 473 447 9
a 474 568 5
a 475 281 10
a 476 84 1
a 477 103 10
a 478 337 2
a 479 100 5
a 479 347 2
a 480 96 7
a 480 368 1
a 481 310 1
a 482 131 3
a 482 575 10
a 483 232 6
a 484 164 5
a 484 466 9
a 485 66 10
a 485 380 4
a 486 123 4
a 486 303 9
a 486 443 8
a 486 568 4
a 487 379 7
a 487 549 9
a 488 165 1
a 488 201 6
a 488 393 5
a 489 90 2
a 489 539 8
a 490 44 3
a 490 254 8
a 491 365 3
a 491 486 6
a 492 551 1
a 493 462 3
a 494 29 1
a 494 81 6
a 494 153 4
a 495 421 7
a 495 465 2
a 496 80 7
a 497 26 8
a 497 94 9
a 497 458 5
a 497 493 7
a 498 278 6
a 498 336 10
a 498 354 5
a 498 383 2
a 498 456 4
a 499 33 9
a 499 147 7
a 500 232 6
a 501 429 1
a 502 464 1
a 502 580 7
a 503 218 4
a 503 279 3
a 504 98 4
a 504 247 6
a 504 408 9
a 505 181 2
a 505 267 4
a 506 155 9
a 507 70 9
a 507 600 10
a 508 523 1
a 509 23 1
a 509 54 9
a 510 104 2
a 510 159 8
a 510 325 9
a 511 182 10
a 511 190 4
a 511 488 9
a 512 109 1
a 512 241 10
a 513 159 9
a 514 434 1
a 515 164 8
a 515 255 4
a 516 118 2
a 516 211 1
a 516 393 5
a 517 214 5
a 518 335 8
a 518 448 8
a 519 446 9
a 520 367 6
a 521 72 10
a 521 337 6
a 522 47 6
a 523 221 3
a 524 77 7
a 524 318 3
a 524 390 8
a 524 425 8
a 525 577 6
a 526 515 2
a 527 128 9
a 527 399 3
a 528 160 4
a 528 265 2
a 528 497 8
a 529 532 8
a 530 487 7
a 531 325 1
a 532 43 6
a 532 438 5
a 533 486 2
a 534 85 7
a 534 291 7
a 535 162 9
a 535 200 2
a 535 321 3
a 535 326 5
a 536 4 4
a 536 15 10
a 536 99 1
a 536 157 3
a 537 165 7
a 538 291 4
a 538 594 5
a 539 9 7
a 539 195 7
a 539 271 6
a 539 516 6
a 539 588 7
a 540 388 10
a 541 201 5
a 542 75 8
a 543 238 10
a 543 512 2
a 544 65 10
a 544 239 1
a 545 137 3
a 545 576 4
a 546 135 2
a 546 242 5
a 546 515 10
a 547 22 1
a 547 569 10
a 548 581 1
a 549 84 10
a 549 507 5
a 550 441 2
a 551 48 7
a 551 350 4
a 551 486 10
a 552 110 7
a 552 453 3
a 552 559 2
a 552 562 9
a 553 171 9
a 553 179 7
a 553 299 10
a 553 509 3
a 554 14 10
a 554 538 1
a 555 175 9
a 556 595 3
a 557 70 9
a 558 163 1
a 558 441 4
a 559 62 10
a 559 464 5
a 559 574 4
a 560 445 7
a 561 158 3
a 561 248 8
a 561 479 5
a 562 68 6
a 562 216 4
a 562 239 1
a 562 452 5
a 563 103 3
a 563 164 3
a 563 387 8
a 564 127 3
a 564 500 7
a 565 357 1
a 565 369 10
a 565 418 10
a 566 53 4
a 566 336 9
a 566 592 9
a 567 543 5
a 568 97 5
a 568 155 9
a 569 312 3
a 569 314 3
a 570 80 6
a 570 87 4
a 570 95 1
a 570 152 6
a 570 251 3
a 571 172 4
a 571 527 5
a 572 172 7
a 572 473 4
a 572 499 2
a 572 563 9
a 573 69 6
a 573 152 7
a 573 426 10
a 573 471 6
a 574 520 2
a 575 443 9
a 576 51 5
a 576 263 1
a 577 448 2
a 578 112 9
a 578 226 5
a 579 306 9
a 580 213 10
a 580 338 1
a 581 243 7
a 582 185 4
a 583 184 2
a 583 600 6
a 584 7 8
a 584 208 7
a 585 404 5
a 585 410 9
a 585 518 1
a 586 340 7
a 586 373 8
a 586 540 10
a 587 460 9
a 587 475 5
a 587 564 6
a 588 207 5
a 589 170 8
a 589 311 5
a 589 373 1
a 589 583 5
a 590 102 9
a 590 503 7
a 591 249 1
a 591 536 8
a 592 317 9
a 592 444 5
a 593 522 1
a 593 534 7
a 594 57 8
a 594 332 7
a 595 60 8
a 596 251 6
a 596 520 10
a 596 552 7
a 597 438 4
a 597 538 10
a 598 501 7
a 599 55 5
a 599 219 4
