p max 600 1200
n 1 s
n 600 t
a 1 40 9
a 1 201 2
a 2 348 7
a 2 544 10
a 3 18 2
a 3 92 2
a 3 496 9
a 4 242 1
a 5 176 9
a 5 353 9
a 5 374 5
a 6 42 1
a 6 89 7
a 6 405 2
a 6 526 9
a 7 140 8
a 7 488 8
a 8 197 9
a 9 50 10
a 9 382 7
a 10 116 9
a 10 388 10
a 11 27 2
a 11 408 10
a 11 493 3
a 12 225 8
a 13 153 5
a 13 392 10
a 13 402 2
a 14 86 3
a 15 125 2
a 15 443 8
a 15 538 4
a 16 431 9
a 16 457 10
a 17 56 2
a 18 246 9
a 19 558 6
a 20 427 8
a 20 478 6
a 20 486 3
a 20 497 6
a 21 187 5
a 21 243 6
a 22 200 6
a 22 231 6
a 22 470 2
a 22 506 10
a 23 344 3
a 23 422 4
a 24 180 6
a 24 476 2
a 25 107 5
a 25 332 4
a 26 408 6
a 26 499 2
a 27 487 5
a 28 70 8
a 28 410 2
a 29 10 8
a 29 462 9
a 30 242 6
a 31 27 2
a 31 35 10
a 31 414 10
a 32 161 9
a 33 64 3
a 33 478 9
a 34 322 7
a 35 224 6
a 35 396 2
a 36 97 9
a 36 272 7
a 36 439 10
a 36 460 10
a 36 536 6
a 37 105 1
a 38 375 7
a 39 249 3
a 40 80 1
a 41 101 6
a 41 446 5
a 42 19 4
a 42 494 4
a 43 55 2
a 44 59 6
a 45 230 2
a 45 273 3
a 46 21 1
a 46 378 6
a 46 410 7
a 47 91 3
a 47 142 3
a 48 304 2
a 48 384 1
a 48 578 8
a 49 89 10
a 49 560 10
a 50 26 4
a 50 461 4
a 51 401 7
a 52 118 7
a 53 51 3
a 53 309 2
a 54 246 8
a 54 326 4
a 55 523 1
a 56 37 5
a 56 437 6
a 57 63 2
a 57 174 6
a 57 447 4
a 57 456 7
a 58 239 5
a 59 103 10
a 59 463 6
a 60 21 3
a 60 438 10
a 61 88 10
a 62 135 2
a 63 127 6
a 63 296 9
a 64 229 10
a 64 437 6
a 65 356 6
a 66 293 5
a 66 350 10
a 67 114 8
a 68 163 7
a 68 232 6
a 69 229 4
a 69 270 1
a 70 474 9
a 70 491 10
a 71 188 2
a 71 464 4
a 72 260 3
a 72 437 5
a 73 159 1
a 73 265 7
a 73 327 5
a 73 377 4
a 74 187 8
a 74 325 6
a 75 286 6
a 75 444 1
a 75 485 2
a 75 502 1
a 76 171 2
a 76 244 8
a 76 566 3
a 77 143 2
a 77 348 8
a 77 462 9
a 78 114 8
a 79 241 1
a 80 97 7
a 80 211 3
a 80 330 9
a 80 464 8
a 81 445 7
a 81 462 5
a 82 73 4
a 82 313 8
a 83 60 5
a 83 339 3
a 84 213 10
a 85 302 3
a 85 580 9
a 86 55 8
a 86 146 9
a 86 505 4
a 87 73 8
a 88 93 8
a 88 178 7
a 89 128 9
a 90 335 1
a 90 440 9
a 91 318 6
a 91 579 8
a 92 65 6
a 92 98 4
a 93 65 10
a 93 105 9
a 93 342 3
a 93 389 2
a 93 428 7
a 94 129 1
a 94 573 7
a 95 367 7
a 95 571 6
a 96 88 3
a 96 214 9
a 97 132 2
a 97 513 2
a 98 104 4
a 98 189 10
a 98 304 3
a 98 306 8
a 99 159 4
a 99 315 7
a 99 435 1
a 100 475 3
a 100 505 3
a 101 84 4
a 102 488 8
a 102 501 10
a 103 569 2
a 104 56 5
a 104 514 4
a 105 196 10
a 105 202 9
a 105 210 9
a 105 579 5
a 106 312 6
a 107 43 9
a 107 225 2
a 107 324 2
a 108 89 2
a 108 535 10
a 109 218 6
a 110 253 10
a 110 474 3
a 111 40 3
a 112 202 4
a 113 425 9
a 114 160 3
a 114 345 10
a 115 370 9
a 115 413 8
a 116 299 9
a 116 341 10
a 116 381 5
a 117 28 9
a 117 532 7
a 117 587 3
a 118 71 10
a 118 294 2
a 118 314 6
a 118 519 2
a 119 448 2
a 119 592 8
a 120 165 8
a 120 229 6
a 120 331 7
a 120 366 5
a 121 113 8
a 122 65 2
a 123 83 6
a 123 284 3
a 124 150 5
a 124 433 4
a 124 449 1
a 125 419 9
a 125 598 10
a 126 275 8
a 126 567 7
a 127 348 6
a 128 122 9
a 128 483 6
a 129 19 6
a 129 443 8
a 129 503 9
a 130 167 2
a 131 19 9
a 131 348 2
a 131 359 5
a 132 500 2
a 133 451 7
a 133 480 1
a 133 559 7
a 134 281 8
a 134 346 7
a 134 363 3
a 135 178 10
a 135 585 8
a 136 267 3
a 137 573 4
a 138 63 3
a 138 322 4
a 139 108 2
a 139 537 3
a 140 9 9
a 140 106 2
a 140 345 2
a 141 36 6
a 141 277 5
a 142 179 4
a 142 522 7
a 142 590 7
a 143 542 8
a 144 147 3
a 144 160 5
a 145 55 1
a 145 173 2
a 146 82 3
a 147 287 1
a 147 441 9
a 147 508 5
a 148 317 10
a 148 504 1
a 149 560 10
a 150 152 5
a 150 257 2
a 151 99 7
a 151 576 5
a 152 48 7
a 152 460 1
a 152 582 9
a 153 141 3
a 153 324 8
a 153 333 7
a 154 39 6
a 154 74 10
a 154 448 3
a 155 271 10
a 156 406 9
a 156 490 8
a 157 210 2
a 157 363 10
a 158 52 1
a 158 434 5
a 159 80 2
a 159 223 9
a 160 130 2
a 161 102 4
a 161 169 4
a 161 247 2
a 162 97 3
a 163 509 3
a 164 238 5
a 164 432 8
a 164 437 4
a 165 310 3
a 165 321 1
a 166 221 2
a 167 103 6
a 167 541 8
a 168 112 6
a 169 186 9
a 169 449 10
a 169 504 9
a 170 58 2
a 171 32 1
a 172 585 2
a 173 201 3
a 174 525 8
a 174 546 2
a 175 161 7
a 175 230 8
a 176 388 9
a 176 565 8
a 177 76 2
a 177 132 2
a 177 465 2
a 178 33 8
a 179 205 5
a 179 569 3
a 180 100 4
a 180 471 9
a 181 104 7
a 181 187 3
a 181 517 3
a 182 148 2
a 182 379 2
a 182 404 5
a 182 555 3
a 183 322 5
a 183 450 2
a 184 500 1
a 184 587 7
a 185 570 6
a 186 193 2
a 186 407 10
a 186 507 6
a 186 576 10
a 187 64 1
a 187 107 5
a 188 51 4
a 188 167 6
a 189 124 10
a 189 542 2
a 190 571 6
a 190 581 8
a 191 44 4
a 191 209 7
a 192 5 1
a 192 65 8
a 193 55 7
a 193 561 7
a 194 151 9
a 194 251 8
a 195 396 5
a 196 132 3
a 196 518 7
a 196 566 8
a 197 483 8
a 197 562 7
a 198 121 3
a 198 216 6
a 198 240 10
a 198 533 8
a 199 115 10
a 199 233 6
a 200 393 9
a 201 169 3
a 202 459 9
a 202 482 5
a 203 272 8
a 204 36 5
a 204 185 10
a 204 369 8
a 204 378 8
a 205 23 8
a 206 86 9
a 206 347 4
a 206 564 4
a 207 320 6
a 207 400 1
a 208 367 6
a 208 584 7
a 209 92 10
a 209 552 1
a 210 33 9
a 210 201 10
a 210 457 8
a 211 44 2
a 211 88 3
a 212 588 6
a 213 30 5
a 213 186 1
a 213 235 9
a 214 190 10
a 214 216 4
a 214 301 8
a 214 591 8
a 215 79 3
a 216 297 8
a 216 578 7
a 217 192 2
a 218 188 2
a 218 574 10
a 219 552 3
a 220 188 4
a 221 4 7
a 221 13 5
a 222 448 10
a 223 221 5
a 223 321 10
a 223 497 9
a 224 90 4
a 224 441 3
a 225 482 3
a 226 387 5
a 227 31 3
a 227 134 8
a 227 218 7
a 227 380 10
a 227 539 8
a 227 593 3
a 228 15 1
a 228 158 6
a 228 245 2
a 228 467 1
a 228 512 4
a 229 156 3
a 230 330 4
a 231 253 3
a 232 34 5
a 232 168 5
a 232 378 8
a 233 124 7
a 233 445 10
a 233 501 8
a 233 558 1
a 234 31 5
a 234 32 5
a 235 159 9
a 236 427 10
a 237 360 1
a 237 397 8
a 238 204 2
a 238 538 5
a 238 556 7
a 239 59 6
a 239 271 1
a 239 452 4
a 240 432 5
a 240 466 6
a 240 529 4
a 241 109 9
a 241 182 10
a 241 194 2
a 241 263 8
a 242 317 9
a 242 510 10
a 243 81 10
a 243 387 5
a 244 258 6
a 244 465 1
a 245 197 3
a 245 234 2
a 245 375 9
a 245 551 5
a 246 511 8
a 247 342 7
a 247 422 10
a 248 534 8
a 249 20 10
a 250 130 10
a 250 599 7
a 251 14 6
a 251 246 3
a 251 406 2
a 251 481 4
a 252 469 3
a 252 581 10
a 253 228 3
a 253 330 8
a 254 528 2
a 255 514 4
a 255 586 6
a 256 382 3
a 257 195 8
a 257 300 1
a 258 47 3
a 259 227 2
a 259 465 8
a 260 64 3
a 261 130 7
a 261 299 5
a 262 62 1
a 262 208 8
a 263 9 1
a 264 120 7
a 265 81 2
a 265 295 7
a 266 230 5
a 267 47 4
a 267 486 9
a 268 241 3
a 268 385 3
a 268 396 1
a 269 99 6
a 269 337 10
a 269 398 1
a 270 193 10
a 271 365 3
a 272 427 10
a 273 357 7
a 274 122 7
a 274 459 6
a 275 154 7
a 275 268 8
a 275 503 6
a 276 560 3
a 277 537 10
a 278 243 4
a 278 251 8
a 279 7 1
a 279 124 10
a 279 187 5
a 280 477 4
a 280 491 3
a 280 556 6
a 280 570 6
a 281 328 2
a 282 41 7
a 283 203 2
a 283 590 2
a 284 129 8
a 284 136 8
a 284 256 7
a 285 215 7
a 285 256 9
a 285 261 1
a 286 79 2
a 287 264 3
a 288 206 4
a 288 390 3
a 288 409 1
a 288 455 7
a 289 465 2
a 290 267 4
a 290 318 2
a 291 61 1
a 291 485 6
a 292 164 8
a 292 509 6
a 293 12 9
a 293 157 2
a 294 335 9
a 294 511 7
a 295 251 4
a 295 412 5
a 296 486 3
a 297 398 8
a 298 215 5
a 299 99 1
a 299 238 8
a 300 429 6
a 300 587 8
a 300 589 5
a 301 117 6
a 301 347 1
a 301 519 6
a 302 108 8
a 303 283 8
a 304 77 2
a 304 222 4
a 304 340 1
a 304 500 7
a 304 597 10
a 305 187 2
a 305 248 9
a 305 584 1
a 305 600 10
a 306 80 9
a 306 123 2
a 306 327 1
a 307 294 6
a 307 323 1
a 308 351 9
a 308 440 10
a 309 209 6
a 310 243 9
a 310 371 10
a 311 172 7
a 311 377 6
a 311 528 8
a 312 160 1
a 312 356 5
a 312 548 10
a 313 153 9
a 314 78 1
a 314 315 7
a 314 334 8
a 314 376 6
a 314 395 1
a 315 508 3
a 315 575 6
a 316 64 8
a 316 543 8
a 317 96 1
a 317 362 5
a 318 123 3
a 318 343 5
a 319 246 1
a 319 421 8
a 320 40 6
a 320 472 6
a 321 169 9
a 322 325 3
a 322 426 9
a 323 480 8
a 323 524 6
a 324 446 2
a 325 31 4
a 326 42 7
a 326 288 5
a 327 387 2
a 328 201 10
a 328 278 8
a 328 470 7
a 329 156 1
a 329 577 1
a 330 73 5
a 330 191 10
a 330 315 6
a 331 112 6
a 331 135 2
a 332 194 4
a 332 508 1
a 333 20 9
a 334 479 6
a 334 546 5
a 335 197 5
a 336 331 3
a 337 282 9
a 338 89 5
a 338 356 8
a 338 492 2
a 339 22 10
a 340 177 6
a 340 252 4
a 341 25 4
a 341 95 4
a 341 473 4
a 342 366 5
a 342 442 3
a 343 103 5
a 344 32 4
a 344 51 1
a 345 50 1
a 345 110 3
a 345 153 6
a 346 19 4
a 346 119 7
a 346 596 8
a 347 56 5
a 347 330 5
a 348 175 2
a 348 177 10
a 349 13 5
a 349 72 3
a 350 151 10
a 351 101 1
a 351 368 4
a 351 500 3
a 352 290 9
a 352 483 7
a 353 303 4
a 353 509 8
a 354 99 8
a 354 308 4
a 354 336 2
a 355 311 1
a 355 324 3
a 356 351 3
a 356 423 10
a 357 478 1
a 358 250 9
a 359 340 4
a 359 508 4
a 360 170 8
a 360 393 4
a 360 481 2
a 360 543 6
a 361 441 9
a 362 123 8
a 363 162 6
a 363 251 3
a 364 436 10
a 365 361 5
a 366 62 10
a 366 358 3
a 366 447 6
a 367 352 7
a 367 440 4
a 368 407 9
a 369 353 1
a 369 357 1
a 370 362 4
a 371 38 7
a 371 188 4
a 372 75 5
a 372 289 2
a 372 320 3
a 372 563 8
a 373 3 8
a 373 447 9
a 373 468 6
a 374 316 6
a 375 48 5
a 375 509 2
a 376 325 7
a 377 153 3
a 377 339 7
a 378 150 10
a 378 166 2
a 379 52 1
a 379 335 5
a 380 114 7
a 381 43 2
a 381 554 5
a 382 93 1
a 382 183 7
a 383 166 1
a 384 91 9
a 384 184 2
a 384 326 5
a 384 373 8
a 384 540 2
a 385 49 7
a 385 203 6
a 386 148 6
a 386 541 7
a 387 478 6
a 388 149 5
a 388 273 6
a 388 299 1
a 389 199 10
a 389 453 8
a 389 470 5
a 389 534 1
a 389 583 8
a 390 444 7
a 391 197 7
a 391 423 2
a 392 540 2
a 393 226 9
a 393 232 2
a 393 267 10
a 393 569 2
a 394 4 1
a 394 180 10
a 395 38 8
a 395 271 4
a 395 516 8
a 396 135 3
a 396 258 8
a 396 471 6
a 397 155 3
a 397 492 10
a 398 186 2
a 398 531 10
a 398 559 1
a 399 16 2
a 399 107 6
a 400 576 10
a 401 93 7
a 401 128 1
a 402 121 6
a 402 255 8
a 402 572 6
a 403 129 10
a 403 269 4
a 404 242 3
a 404 496 1
a 405 269 9
a 406 41 7
a 406 386 2
a 407 196 6
a 407 282 10
a 408 549 9
a 409 174 1
a 410 51 2
a 410 79 9
a 411 9 6
a 412 250 4
a 412 256 7
a 413 54 4
a 413 458 8
a 414 445 9
a 415 134 2
a 415 370 7
a 415 467 1
a 415 553 10
a 416 138 9
a 416 285 10
a 416 533 4
a 417 8 8
a 417 515 6
a 418 272 7
a 418 568 2
a 419 364 5
a 419 448 5
a 419 449 6
a 419 595 4
a 420 415 3
a 420 425 5
a 420 558 10
a 420 565 1
a 421 179 10
a 422 356 3
a 423 39 7
a 424 121 3
a 424 233 10
a 425 43 5
a 425 527 4
a 426 503 2
a 427 253 9
a 428 584 8
a 429 371 6
a 429 387 2
a 429 401 10
a 430 461 5
a 431 117 8
a 431 146 1
a 432 17 1
a 432 490 4
a 433 264 2
a 433 293 6
a 433 371 9
a 433 547 10
a 434 64 6
a 434 523 1
a 435 45 3
a 435 458 5
a 436 58 8
a 436 534 10
a 437 51 2
a 438 515 1
a 439 545 6
a 439 547 3
a 440 24 8
a 440 212 6
a 440 342 1
a 441 157 8
a 441 314 5
a 442 447 8
a 443 172 1
a 443 193 8
a 444 245 3
a 445 470 8
a 446 30 5
a 446 52 7
a 447 100 7
a 447 307 2
a 447 319 7
a 447 361 5
a 448 436 3
a 449 93 3
a 449 418 10
a 449 557 8
a 450 361 3
a 451 20 7
a 451 340 7
a 452 134 9
a 452 328 4
a 452 436 7
a 452 502 1
a 453 325 10
a 454 50 4
a 455 570 10
a 456 55 6
a 456 480 5
a 457 96 7
a 457 600 7
a 458 583 8
a 459 163 1
a 460 27 6
a 460 181 7
a 460 249 4
a 461 131 2
a 461 247 9
a 462 209 10
a 462 283 1
a 462 394 1
a 462 474 4
a 463 124 5
a 463 344 6
a 464 193 7
a 465 236 6
a 466 536 7
a 467 366 4
a 468 111 9
a 468 199 7
a 468 319 9
a 469 137 10
a 469 144 2
a 469 239 4
a 470 153 4
a 470 372 4
a 471 327 7
a 471 590 2
a 472 154 9
a 473 118 7
a 473 360 9
a 473 567 7
a 474 255 10
a 475 213 4
a 475 281 10
a 476 2 8
a 476 8 2
a 477 135 1
a 477 261 7
a 478 219 1
a 478 503 7
a 479 355 9
a 479 505 9
a 480 368 1
a 481 339 5
a 481 358 5
a 482 27 4
a 482 548 4
a 482 589 5
a 483 23 2
a 483 68 4
a 483 296 4
a 484 481 7
a 484 588 1
a 485 88 1
a 486 341 4
a 487 262 3
a 487 291 9
a 487 462 7
a 488 23 5
a 488 344 4
a 489 8 6
a 489 388 10
a 490 3 9
a 490 11 3
a 490 234 6
a 491 26 4
a 492 110 5
a 492 156 10
a 492 312 1
a 493 316 6
a 493 320 4
a 493 339 8
a 493 365 2
a 493 471 4
a 494 254 6
a 495 26 8
a 495 128 8
a 495 292 9
a 495 489 7
a 496 33 4
a 496 133 1
a 497 114 2
a 497 190 2
a 497 404 10
a 498 45 2
a 498 390 5
a 498 465 6
a 499 115 9
a 499 361 10
a 500 175 8
a 500 309 3
a 500 492 8
a 501 83 7
a 501 504 8
a 502 470 4
a 503 219 7
a 504 218 6
a 504 530 1
a 505 285 6
a 505 598 8
a 506 13 10
a 506 205 1
a 506 536 1
a 507 254 9
a 507 302 1
a 508 21 3
a 508 120 1
a 509 153 5
a 509 311 1
a 509 417 9
a 510 94 2
a 510 488 3
a 511 441 3
a 512 117 3
a 512 594 2
a 512 600 10
a 513 17 3
a 514 19 6
a 514 411 1
a 515 541 1
a 516 71 8
a 516 134 6
a 517 71 6
a 518 338 9
a 518 437 3
a 518 567 3
a 519 298 10
a 519 367 8
a 520 59 9
a 521 241 9
a 522 46 3
a 522 55 10
a 522 108 1
a 523 259 4
a 523 508 2
a 524 502 3
a 525 89 6
a 526 95 5
a 526 138 6
a 526 177 8
a 527 43 6
a 527 69 5
a 528 35 7
a 529 333 6
a 529 498 7
a 530 219 2
a 530 329 2
a 531 384 8
a 531 487 6
a 532 391 5
a 533 250 3
a 533 424 5
a 534 475 10
a 535 113 7
a 535 193 8
a 536 355 5
a 537 215 10
a 537 217 9
a 538 525 9
a 539 90 3
a 539 300 7
a 540 261 9
a 541 239 8
a 541 292 5
a 542 268 4
a 543 139 6
a 543 366 9
a 543 386 5
a 543 440 4
a 544 418 6
a 545 326 2
a 546 446 2
a 546 550 4
a 547 259 10
a 548 156 7
a 548 279 4
a 549 134 7
a 550 324 6
a 550 454 8
a 551 215 10
a 552 224 10
a 552 570 5
a 553 399 2
a 553 589 9
a 554 229 2
a 555 404 2
a 556 6 2
a 556 149 8
a 556 192 5
a 556 274 4
a 557 44 5
a 557 354 9
a 558 443 9
a 559 197 4
a 560 431 1
a 561 336 3
a 562 218 2
a 563 598 5
a 564 20 4
a 564 145 1
a 564 305 1
a 564 353 9
a 565 266 5
a 565 396 3
a 566 385 6
a 567 422 9
a 567 520 2
a 568 314 5
a 569 489 1
a 570 152 8
a 570 210 9
a 570 349 10
a 571 122 1
a 571 276 5
a 571 600 6
a 572 521 2
a 572 540 4
a 573 280 5
a 573 403 5
a 573 590 4
a 574 23 10
a 574 391 3
a 574 495 8
a 575 22 10
a 575 106 6
a 575 137 4
a 575 580 7
a 576 66 7
a 576 184 10
a 577 555 6
a 578 18 9
a 578 20 2
a 579 84 5
a 579 343 8
a 579 595 1
a 580 248 5
a 580 274 9
a 580 420 6
a 581 430 3
a 581 482 10
a 582 297 5
a 583 137 6
a 583 333 10
a 584 198 5
a 584 220 6
a 584 368 3
a 584 403 1
a 584 416 1
a 585 578 3
a 586 39 3
a 587 126 5
a 587 237 7
a 587 585 9
a 588 24 1
a 588 29 10
a 588 57 5
a 589 194 1
a 590 4 10
a 590 314 6
a 590 549 7
a 591 270 1
a 591 525 6
a 592 64 8
a 592 67 10
a 592 102 3
a 592 247 9
a 593 85 7
a 593 564 8
a 594 350 2
a 594 383 7
a 595 143 6
a 595 487 4
a 596 87 5
a 596 484 4
a 596 537 1
a 597 53 4
a 597 207 8
a 597 375 9
a 598 60 1
a 598 236 8
a 599 32 5
