p max 600 1200
n 1 s
n 600 t
a 1 155 8
a 1 416 4
a 2 206 3
a 3 560 7
a 4 463 8
a 5 81 8
a 5 386 5
a 5 484 8
a 6 49 1
a 6 228 6
a 6 242 9
a 6 491 9
a 7 139 5
a 7 354 4
a 8 390 9
a 8 419 1
a 9 177 7
a 9 550 8
a 10 163 5
a 10 239 5
a 10 566 8
a 11 151 3
a 11 571 10
a 12 307 4
a 12 391 10
a 13 598 9
a 14 232 8
a 14 510 10
a 14 588 6
a 15 340 8
a 15 490 10
a 16 95 8
a 16 287 7
a 17 106 8
a 17 144 9
a 17 342 8
a 17 570 9
a 18 337 6
a 19 343 1
a 19 442 8
a 19 533 8
a 20 55 7
a 20 292 2
a 21 292 10
a 22 380 5
a 22 392 7
a 23 201 9
a 23 408 5
a 23 416 6
a 24 28 3
a 24 126 10
a 24 266 2
a 25 298 9
a 25 359 8
a 26 86 10
a 27 171 8
a 27 197 9
a 28 19 4
a 28 532 1
a 28 551 5
a 28 578 1
a 29 519 10
a 30 156 2
a 31 158 1
a 32 81 9
a 32 104 9
a 32 570 2
a 33 331 4
a 33 404 5
a 34 292 8
a 35 502 2
a 36 64 7
a 36 76 2
a 36 193 1
a 36 370 9
a 36 585 1
a 37 404 6
a 37 423 4
a 38 550 5
a 38 555 4
a 39 78 6
a 39 360 1
a 40 294 2
a 40 400 6
a 40 546 5
a 41 124 2
a 41 250 9
a 41 364 5
a 42 128 10
a 43 308 3
a 43 478 3
a 44 254 9
a 44 379 1
a 45 409 3
a 45 527 1
a 46 399 8
a 47 312 10
a 47 449 4
a 47 557 3
a 48 189 4
a 48 263 5
a 48 265 10
a 49 175 2
a 49 383 5
a 49 572 5
a 50 161 10
a 50 559 4
a 51 395 6
a 51 559 5
a 52 2 10
a 52 62 4
a 52 225 7
a 53 417 1
a 54 146 8
a 55 149 4
a 55 212 2
a 55 485 6
a 56 519 9
a 57 200 7
a 57 459 5
a 58 309 9
a 58 521 3
a 59 512 10
a 60 243 4
a 61 99 7
a 61 572 7
a 62 550 8
a 63 275 4
a 63 318 3
a 63 354 7
a 64 374 8
a 65 83 6
a 66 237 2
a 67 59 4
a 68 390 2
a 69 211 9
a 69 324 7
a 70 183 8
a 70 473 3
a 70 492 1
a 71 4 8
a 71 6 9
a 72 18 4
a 72 69 6
a 72 334 10
a 73 66 1
a 73 142 9
a 73 575 7
a 74 245 9
a 74 589 10
a 75 247 8
a 75 275 7
a 76 342 1
a 77 19 7
a 77 396 7
a 78 212 3
a 79 277 8
a 79 300 4
a 79 437 7
a 80 9 3
a 80 552 4
a 80 595 2
a 81 52 3
a 81 229 6
a 81 426 7
a 82 87 7
a 82 346 4
a 83 108 7
a 83 390 10
a 84 8 9
a 84 444 10
a 85 20 4
a 86 278 1
a 87 390 7
a 88 182 3
a 89 374 7
a 90 302 7
a 90 568 7
a 91 217 10
a 91 588 8
a 92 138 10
a 92 148 6
a 92 243 10
a 92 420 4
a 92 512 9
a 93 158 1
a 93 562 4
a 94 82 5
a 95 8 4
a 96 92 3
a 96 417 10
a 96 464 7
a 97 234 7
a 97 551 10
a 98 250 5
a 98 503 9
a 99 84 8
a 100 78 6
a 100 365 2
a 101 14 2
a 101 55 5
a 102 123 2
a 102 453 2
a 102 486 2
a 103 58 8
a 103 99 6
a 103 200 7
a 104 213 5
a 104 254 6
a 104 353 8
a 105 195 2
a 106 396 9
a 107 220 2
a 107 518 3
a 108 115 2
a 108 198 6
a 108 412 5
a 108 422 3
a 109 176 8
a 109 177 1
a 110 223 8
a 110 526 6
a 111 340 3
a 111 519 4
a 112 352 5
a 112 575 7
a 113 100 5
a 113 378 5
a 113 415 2
a 114 61 7
a 115 23 6
a 115 118 9
a 116 63 9
a 116 108 7
a 116 314 10
a 117 290 10
a 118 324 6
a 119 585 2
a 120 148 10
a 120 210 4
a 120 346 9
a 120 600 7
a 121 25 8
a 121 85 4
a 121 188 9
a 121 309 4
a 122 90 10
a 122 425 4
a 123 426 9
a 124 76 7
a 125 402 9
a 125 427 9
a 125 573 8
a 126 104 1
a 126 501 6
a 127 213 4
a 128 4 3
a 128 240 1
a 128 479 7
a 128 583 9
a 129 290 2
a 130 305 7
a 131 273 8
a 132 136 5
a 132 335 8
a 132 467 6
a 133 6 8
a 133 531 7
a 134 246 9
a 134 381 2
a 134 525 9
a 135 436 10
a 135 452 8
a 136 375 2
a 136 457 4
a 136 549 8
a 137 431 10
a 137 569 9
a 138 448 9
a 139 11 7
a 139 74 1
a 140 142 4
a 140 573 9
a 141 213 5
a 142 345 7
a 142 523 3
a 142 590 4
a 143 45 2
a 143 221 9
a 143 401 1
a 143 497 1
a 143 597 6
a 144 286 2
a 144 328 2
a 145 432 9
a 145 598 8
a 146 38 9
a 147 84 5
a 147 319 8
a 147 363 7
a 148 560 4
a 149 256 6
a 149 263 6
a 149 295 7
a 150 27 3
a 150 46 10
a 150 97 1
a 150 377 3
a 150 537 10
a 151 240 3
a 151 307 4
a 151 327 5
a 152 515 8
a 152 525 9
a 153 13 8
a 153 117 10
a 153 462 5
a 153 466 6
a 154 216 4
a 154 344 9
a 155 359 2
a 156 421 5
a 157 117 7
a 158 201 10
a 158 257 3
a 158 583 6
a 159 214 1
a 159 432 9
a 160 91 4
a 160 492 10
a 161 130 3
a 162 293 4
a 162 539 1
a 163 60 3
a 163 436 8
a 164 120 7
a 164 196 3
a 164 348 1
a 165 34 5
a 166 218 5
a 167 55 1
a 167 99 1
a 168 48 9
a 168 88 4
a 168 253 2
a 168 256 2
a 168 331 8
a 168 563 10
a 169 360 1
a 170 112 7
a 170 472 1
a 170 486 9
a 171 404 2
a 172 325 9
a 173 12 7
a 174 302 3
a 174 363 1
a 174 382 10
a 175 53 2
a 175 59 7
a 175 198 10
a 176 116 10
a 176 154 8
a 176 372 7
a 176 490 6
a 177 105 7
a 177 301 4
a 177 506 10
a 177 581 3
a 178 441 2
a 179 200 9
a 179 435 2
a 179 556 4
a 180 96 4
a 180 232 5
a 181 82 3
a 181 246 4
a 182 190 2
a 182 534 2
a 183 288 6
a 183 456 3
a 184 159 2
a 185 156 3
a 186 230 7
a 187 209 1
a 187 398 2
a 188 164 6
a 188 186 1
a 189 438 1
a 190 11 1
a 190 579 10
a 191 97 7
a 191 371 10
a 192 437 2
a 193 474 8
a 194 62 7
a 194 371 3
a 195 163 3
a 196 366 10
a 196 474 4
a 196 476 8
a 197 565 8
a 198 163 4
a 199 517 4
a 200 17 3
a 200 72 8
a 200 160 2
a 201 25 1
a 201 80 5
a 201 225 5
a 201 356 3
a 201 544 4
a 202 67 10
a 202 398 2
a 203 343 10
a 204 162 6
a 204 589 8
a 205 365 7
a 205 388 1
a 205 541 2
a 205 584 10
a 206 240 4
a 206 440 2
a 206 596 3
a 207 495 1
a 208 135 1
a 208 144 8
a 209 346 3
a 210 241 1
a 211 376 1
a 211 496 2
a 211 530 1
a 212 400 3
a 212 551 10
a 212 577 1
a 213 10 9
a 213 57 10
a 213 251 7
a 213 518 5
a 214 408 9
a 215 216 1
a 215 523 10
a 216 108 4
a 216 264 10
a 217 170 2
a 217 543 3
a 218 227 5
a 218 431 8
a 219 37 2
a 219 507 9
a 219 599 7
a 220 24 8
a 220 321 8
a 220 562 10
a 221 444 10
a 222 181 8
a 222 279 3
a 222 386 6
a 223 445 1
a 223 540 5
a 224 561 9
a 225 330 6
a 225 401 8
a 226 133 2
a 226 477 7
a 226 574 8
a 227 571 1
a 228 93 4
a 228 180 6
a 229 126 1
a 229 319 8
a 230 422 10
a 231 193 2
a 231 444 2
a 232 147 3
a 232 431 10
a 232 499 7
a 233 312 1
a 233 480 9
a 233 600 5
a 234 245 6
a 234 482 8
a 235 211 6
a 236 56 6
a 236 452 10
a 236 481 9
a 237 347 3
a 237 409 7
a 237 529 8
a 238 182 8
a 239 225 4
a 239 489 2
a 240 38 10
a 241 415 9
a 242 197 4
a 243 88 6
a 244 258 9
a 244 355 5
a 244 367 10
a 244 500 1
a 245 53 4
a 245 131 10
a 245 498 10
a 245 536 5
a 245 553 8
a 246 111 3
a 246 136 1
a 247 544 6
a 248 283 7
a 249 51 10
a 249 323 1
a 250 34 9
a 251 18 1
a 251 46 4
a 251 408 3
a 251 450 2
a 252 315 1
a 253 461 9
a 253 560 1
a 253 565 5
a 254 581 4
a 254 594 10
a 255 101 2
a 255 466 5
a 256 163 5
a 256 592 2
a 257 384 8
a 257 561 10
a 258 154 6
a 258 262 8
a 259 260 3
a 259 467 5
a 260 316 10
a 261 356 6
a 262 301 10
a 263 207 5
a 264 39 1
a 264 151 10
a 264 513 2
a 265 85 7
a 265 329 9
a 266 32 10
a 266 377 4
a 267 174 2
a 267 430 2
a 268 518 4
a 269 171 4
a 269 185 3
a 270 192 9
a 270 352 4
a 271 199 1
a 271 251 8
a 271 338 1
a 272 33 7
a 272 206 4
a 273 225 10
a 273 465 4
a 274 396 2
a 274 564 8
a 275 200 10
a 275 205 2
a 276 114 1
a 276 514 7
a 277 270 1
a 278 174 5
a 279 510 6
a 280 409 4
a 280 452 1
a 281 459 9
a 282 121 2
a 282 122 2
a 282 535 4
a 283 490 6
a 284 249 6
a 284 539 5
a 285 543 10
a 286 140 5
a 287 93 10
a 287 305 4
a 287 538 3
a 288 259 6
a 289 5 4
a 289 16 8
a 289 184 9
a 289 317 9
a 289 330 9
a 289 576 7
a 290 236 7
a 290 371 4
a 291 479 10
a 292 457 2
a 293 215 1
a 293 488 1
a 294 571 3
a 295 113 10
a 295 537 4
a 296 297 8
a 296 320 8
a 297 375 3
a 298 333 7
a 299 102 2
a 299 413 4
a 299 516 9
a 299 534 10
a 300 498 8
a 301 60 3
a 301 403 2
a 302 142 5
a 302 222 7
a 303 186 4
a 303 393 6
a 303 435 4
a 303 555 3
a 304 70 6
a 304 426 3
a 305 382 8
a 306 581 10
a 307 428 6
a 307 550 4
a 308 238 8
a 308 282 10
a 308 309 9
a 308 511 4
a 309 70 1
a 309 421 4
a 310 178 8
a 311 75 6
a 311 383 7
a 312 98 2
a 312 338 6
a 312 527 5
a 312 528 9
a 313 253 5
a 314 129 5
a 314 511 7
a 315 392 8
a 316 370 6
a 317 18 9
a 317 77 6
a 318 34 6
a 318 151 6
a 318 406 8
a 319 415 4
a 320 277 5
a 321 190 8
a 321 537 2
a 322 44 2
a 322 285 7
a 322 354 2
a 323 241 6
a 324 501 3
a 325 457 8
a 326 344 9
a 327 392 1
a 328 91 5
a 328 326 5
a 329 89 2
a 329 384 7
a 330 539 1
a 330 600 3
a 331 320 1
a 331 461 7
a 332 354 9
a 332 454 6
a 333 103 4
a 333 284 7
a 334 429 6
a 334 580 1
a 335 51 10
a 336 91 8
a 337 54 2
a 337 335 9
a 338 169 5
a 338 287 10
a 339 52 5
a 340 74 8
a 340 85 10
a 341 107 2
a 341 241 7
a 341 375 6
a 341 390 6
a 341 441 1
a 342 94 8
a 342 494 7
a 342 518 10
a 342 598 8
a 343 104 8
a 344 558 10
a 345 409 9
a 345 591 7
a 346 574 10
a 347 76 2
a 347 207 3
a 348 540 3
a 348 587 6
a 349 73 7
a 349 475 5
a 350 451 7
a 350 565 1
a 351 321 8
a 351 514 10
a 352 86 8
a 352 127 9
a 353 339 9
a 354 191 8
a 355 337 3
a 356 205 2
a 357 335 1
a 358 357 10
a 358 504 3
a 358 580 5
a 359 112 1
a 359 136 7
a 360 434 5
a 360 592 8
a 361 235 9
a 361 275 10
a 362 244 3
a 363 577 2
a 364 190 10
a 364 231 8
a 364 258 4
a 365 579 3
a 366 269 8
a 366 486 4
a 367 308 2
a 367 418 3
a 367 458 4
a 368 233 10
a 369 202 9
a 369 211 1
a 369 543 10
a 370 226 4
a 370 502 8
a 371 257 2
a 371 506 1
a 372 146 4
a 372 167 8
a 372 260 5
a 373 211 6
a 373 292 8
a 374 263 3
a 375 203 9
a 375 291 6
a 375 376 10
a 375 439 10
a 375 495 9
a 376 5 5
a 376 321 7
a 377 586 6
a 378 335 6
a 378 476 6
a 379 207 10
a 379 398 3
a 380 372 5
a 380 529 5
a 381 179 3
a 381 219 7
a 381 225 10
a 382 496 4
a 383 248 10
a 384 130 1
a 384 224 6
a 384 406 5
a 385 310 6
a 385 417 7
a 386 375 3
a 387 167 4
a 388 317 4
a 388 447 10
a 388 600 4
a 389 328 10
a 390 132 2
a 390 194 10
a 390 333 6
a 390 465 2
a 391 244 8
a 391 376 8
a 391 433 2
a 391 540 2
a 392 429 1
a 393 146 4
a 394 248 10
a 395 207 5
a 395 342 9
a 396 157 4
a 396 336 4
a 397 85 10
a 398 599 5
a 399 190 2
a 399 276 8
a 400 30 6
a 401 59 1
a 402 344 10
a 403 183 9
a 404 117 7
a 404 303 5
a 405 47 7
a 405 310 3
a 405 360 7
a 405 397 7
a 406 10 4
a 407 107 7
a 408 413 3
a 409 43 6
a 409 160 8
a 409 306 8
a 410 44 1
a 411 326 7
a 411 328 10
a 412 322 4
a 412 518 9
a 413 81 3
a 414 40 4
a 414 332 10
a 414 483 1
a 414 548 5
a 415 214 6
a 415 558 1
a 416 2 5
a 416 304 5
a 416 348 6
a 417 539 3
a 418 59 8
a 419 356 8
a 420 441 5
a 421 91 8
a 421 210 8
a 421 387 9
a 422 174 1
a 422 290 4
a 422 339 6
a 423 489 2
a 424 135 5
a 425 54 9
a 425 169 8
a 426 112 6
a 427 29 10
a 427 542 5
a 428 594 5
a 429 86 8
a 429 295 1
a 430 481 1
a 430 493 7
a 431 128 10
a 431 443 9
a 432 163 10
a 432 273 9
a 433 145 6
a 433 280 7
a 434 30 2
a 434 111 5
a 434 301 10
a 435 357 10
a 436 109 1
a 436 229 6
a 436 371 5
a 436 446 5
a 437 34 7
a 438 270 8
a 438 316 1
a 438 554 8
a 439 118 6
a 440 33 10
a 440 159 3
a 441 2 7
a 441 73 7
a 441 134 1
a 442 20 6
a 442 488 4
a 443 198 2
a 443 222 5
a 443 545 6
a 444 230 10
a 445 110 1
a 445 153 7
a 445 485 8
a 446 315 6
a 446 345 9
a 446 411 9
a 447 588 7
a 448 373 4
a 448 422 3
a 449 312 6
a 449 394 2
a 450 55 3
a 450 517 3
a 451 362 9
a 451 397 3
a 451 424 8
a 452 22 7
a 452 514 4
a 453 36 8
a 453 104 7
a 453 145 9
a 453 208 2
a 453 590 6
a 454 285 5
a 454 509 4
a 455 34 3
a 455 341 6
a 455 369 6
a 456 135 7
a 456 248 6
a 456 389 4
a 457 268 3
a 457 393 9
a 458 29 2
a 458 48 2
a 459 191 3
a 459 350 7
a 459 512 8
a 460 137 2
a 460 358 8
a 461 40 8
a 461 125 6
a 462 409 10
a 463 240 8
a 464 24 10
a 464 68 8
a 464 304 4
a 465 152 9
a 465 558 7
a 466 142 7
a 466 281 3
a 467 35 2
a 467 267 9
a 468 189 8
a 468 463 4
a 469 118 2
a 469 456 8
a 470 238 7
a 471 2 10
a 472 521 1
a 473 143 3
a 473 274 10
a 473 434 1
a 473 524 5
a 474 140 2
a 475 42 8
a 475 313 9
a 475 347 6
a 476 250 9
a 477 61 5
a 477 195 4
a 477 414 1
a 477 554 4
a 478 14 1
a 479 366 10
a 480 150 1
a 480 546 5
a 481 118 1
a 482 272 9
a 482 292 4
a 483 2 6
a 484 100 9
a 484 508 6
a 485 309 4
a 486 219 2
a 486 233 5
a 486 460 5
a 487 186 10
a 487 469 7
a 487 522 1
a 488 433 10
a 488 460 3
a 488 471 3
a 489 429 7
a 490 278 5
a 491 300 4
a 492 299 9
a 492 494 4
a 492 586 2
a 493 146 5
a 493 182 8
a 494 351 10
a 494 453 2
a 495 484 3
a 496 33 4
a 496 64 9
a 496 172 1
a 497 489 10
a 498 285 10
a 499 291 5
a 500 11 10
a 500 49 8
a 500 65 1
a 500 136 7
a 500 140 4
a 500 505 6
a 501 482 5
a 502 7 2
a 502 384 3
a 502 572 5
a 503 132 3
a 504 237 6
a 504 307 10
a 505 296 4
a 505 337 8
a 506 221 10
a 507 15 6
a 507 26 10
a 507 50 9
a 507 287 5
a 507 455 1
a 507 470 9
a 507 520 10
a 508 95 2
a 508 183 3
a 508 255 10
a 508 258 9
a 508 566 9
a 509 153 2
a 510 96 6
a 511 72 2
a 511 337 9
a 511 476 1
a 512 15 3
a 513 12 10
a 513 125 9
a 513 158 6
a 513 378 3
a 514 190 4
a 515 20 3
a 515 119 1
a 515 204 8
a 515 274 9
a 516 230 5
a 516 455 3
a 517 388 6
a 518 378 1
a 519 429 7
a 520 80 10
a 520 283 1
a 521 226 5
a 521 546 8
a 522 218 10
a 522 336 1
a 522 468 6
a 523 521 2
a 524 207 4
a 525 8 7
a 525 63 9
a 525 357 9
a 526 168 10
a 526 404 4
a 527 121 8
a 527 187 5
a 527 442 8
a 528 71 8
a 529 141 4
a 529 230 4
a 529 368 3
a 530 571 7
a 531 261 8
a 531 584 2
a 532 325 8
a 533 16 2
a 533 127 2
a 533 499 6
a 534 79 5
a 534 166 7
a 534 181 10
a 534 223 10
a 535 510 9
a 536 79 7
a 536 96 7
a 537 4 3
a 538 380 5
a 538 406 1
a 539 39 2
a 539 293 10
a 540 249 2
a 540 312 5
a 541 121 10
a 541 173 6
a 541 538 3
a 542 207 9
a 543 101 5
a 544 275 10
a 544 561 3
a 545 264 9
a 546 361 4
a 546 429 4
a 547 397 5
a 548 259 8
a 548 590 8
a 549 90 3
a 549 133 9
a 550 2 8
a 550 478 1
a 551 516 5
a 552 294 2
a 552 338 4
a 553 301 1
a 554 207 2
a 554 349 10
a 555 456 1
a 556 38 10
a 556 164 4
a 556 384 3
a 557 568 9
a 558 286 10
a 559 278 7
a 559 488 8
a 560 156 2
a 560 165 3
a 560 334 7
a 561 114 1
a 561 187 3
a 561 407 10
a 562 293 10
a 562 448 6
a 563 82 8
a 563 382 5
a 564 171 3
a 564 589 6
a 564 599 9
a 565 134 10
a 565 405 9
a 566 3 2
a 566 456 7
a 566 489 7
a 566 552 9
a 567 599 7
a 568 148 8
a 568 267 7
a 569 295 2
a 569 364 7
a 570 197 2
a 570 559 7
a 571 41 9
a 572 274 4
a 573 21 3
a 573 298 8
a 573 361 4
a 574 245 9
a 574 252 10
a 574 300 7
a 574 477 6
a 575 274 9
a 575 410 6
a 575 590 10
a 576 31 1
a 576 565 6
a 577 170 4
a 577 325 8
a 578 83 3
a 578 335 8
a 578 487 7
a 579 417 9
a 579 560 6
a 580 19 8
a 580 399 2
a 581 31 8
a 581 245 4
a 582 532 9
a 583 163 7
a 583 402 10
a 584 213 3
a 584 233 3
a 584 547 9
a 584 554 5
a 585 51 3
a 585 362 7
a 586 178 6
a 586 304 7
a 587 234 5
a 587 271 4
a 588 330 4
a 589 289 7
a 589 380 2
a 590 117 5
a 590 228 9
a 590 311 4
a 591 223 2
a 591 582 1
a 592 103 9
a 592 340 3
a 592 593 4
a 593 589 4
a 594 153 7
a 594 222 7
a 595 68 5
a 595 71 5
a 595 290 4
a 595 385 7
a 596 509 10
a 596 551 7
a 597 92 7
a 597 438 5
a 597 567 2
a 598 53 3
a 599 41 3
a 599 297 1
a 599 327 10
a 599 336 5
a 599 374 10
a 599 443 4
a 599 566 7
