p max 600 1200
n 1 s
n 600 t
a 1 25 10
a 1 270 10
a 2 265 10
a 2 445 5
a 3 482 2
a 3 583 2
a 4 348 8
a 4 364 5
a 4 468 1
a 5 391 5
a 6 303 3
a 6 326 7
a 7 132 8
a 7 195 4
a 7 408 9
a 8 31 2
a 8 345 5
a 9 2 10
a 9 342 2
a 9 458 7
a 10 567 3
a 11 499 7
a 11 567 3
a 11 598 2
a 12 75 7
a 12 308 7
a 12 552 9
a 13 382 10
a 13 407 2
a 14 17 7
a 14 593 10
a 14 595 3
a 15 383 4
a 15 417 6
a 16 41 9
a 16 65 6
a 16 101 1
a 16 586 6
a 17 571 4
a 18 207 2
a 18 309 5
a 19 94 6
a 19 157 2
a 19 235 4
a 20 598 2
a 21 45 5
a 21 212 4
a 21 295 2
a 21 445 7
a 21 501 7
a 22 11 9
a 22 196 7
a 23 243 3
a 23 320 10
a 23 437 2
a 24 14 7
a 24 395 6
a 25 56 9
a 25 68 6
a 26 202 9
a 26 471 2
a 26 562 10
a 27 525 2
a 28 244 3
a 28 321 10
a 28 471 4
a 29 532 10
a 29 592 10
a 30 472 1
a 31 82 9
a 31 114 7
a 31 352 3
a 31 384 10
a 32 223 3
a 32 580 2
a 33 209 7
a 34 10 7
a 34 408 10
a 35 588 5
a 36 97 6
a 37 421 9
a 38 92 4
a 39 381 2
a 40 66 6
a 40 83 4
a 41 115 10
a 41 538 4
a 42 189 3
a 42 517 8
a 42 569 9
a 43 255 1
a 44 11 8
a 44 406 8
a 45 319 4
a 45 364 10
a 46 111 4
a 47 249 10
a 48 587 3
a 49 77 8
a 50 282 1
a 51 276 1
a 52 37 9
a 52 369 8
a 52 390 7
a 53 32 1
a 53 437 4
a 54 172 1
a 55 20 5
a 55 103 3
a 56 415 9
a 56 453 9
a 57 481 3
a 58 96 8
a 59 474 7
a 59 580 7
a 60 521 3
a 61 383 10
a 62 163 1
a 62 198 1
a 63 135 9
a 64 91 8
a 64 553 4
a 65 414 4
a 65 514 10
a 66 127 10
a 66 170 6
a 66 172 6
a 67 384 1
a 67 499 1
a 68 27 9
a 68 134 7
a 68 335 10
a 68 473 8
a 68 516 8
a 69 424 3
a 69 427 2
a 70 15 1
a 71 96 4
a 71 133 9
a 71 478 10
a 72 442 2
a 73 123 4
a 73 161 2
a 74 333 2
a 75 63 7
a 75 471 3
a 76 169 6
a 77 58 2
a 77 516 3
a 78 263 6
a 79 185 8
a 79 457 7
a 79 498 2
a 80 278 10
a 80 399 1
a 81 135 6
a 82 113 2
a 83 145 9
a 84 146 8
a 84 186 10
a 84 324 2
a 85 11 1
a 85 109 1
a 85 147 4
a 85 199 3
a 86 41 8
a 86 174 2
a 86 287 5
a 87 29 7
a 87 56 6
a 87 191 8
a 87 359 9
a 88 283 7
a 88 591 3
a 89 106 2
a 90 52 8
a 90 60 9
a 90 135 3
a 90 493 10
a 90 548 2
a 91 154 1
a 91 479 5
a 92 180 7
a 92 585 7
a 93 376 8
a 94 31 5
a 94 465 4
a 94 543 7
a 95 359 5
a 96 30 1
a 96 247 3
a 96 368 7
a 97 16 6
a 97 201 10
a 97 274 6
a 97 429 2
a 98 150 1
a 98 498 3
a 99 474 7
a 100 550 4
a 101 39 8
a 101 373 5
a 102 532 5
a 103 83 5
a 103 230 4
a 104 175 6
a 104 546 1
a 105 440 8
a 106 30 9
a 106 225 6
a 106 299 2
a 106 472 6
a 107 484 6
a 108 400 3
a 108 427 4
a 109 316 3
a 109 332 6
a 110 301 6
a 111 192 5
a 111 333 7
a 111 346 10
a 111 449 1
a 111 478 9
a 111 486 2
a 112 103 8
a 112 332 1
a 113 182 10
a 113 302 10
a 113 325 1
a 114 48 5
a 114 468 9
a 115 169 9
a 115 305 4
a 115 593 3
a 116 51 2
a 116 87 7
a 116 525 6
a 116 541 8
a 117 155 5
a 118 171 3
a 118 514 5
a 119 83 6
a 120 256 5
a 120 310 4
a 120 313 2
a 121 478 1
a 122 396 2
a 122 423 9
a 123 75 5
a 124 118 5
a 124 154 8
a 124 169 2
a 125 121 10
a 125 264 7
a 125 365 5
a 126 431 3
a 127 67 4
a 127 544 6
a 128 339 3
a 128 460 10
a 129 131 8
a 129 315 2
a 129 345 1
a 129 371 2
a 130 82 2
a 130 550 3
a 131 248 5
a 132 35 6
a 132 158 10
a 132 480 5
a 132 522 5
a 133 378 6
a 133 541 9
a 134 200 4
a 135 413 2
a 136 39 1
a 136 517 3
a 137 8 4
a 137 446 10
a 137 533 2
a 138 354 7
a 138 435 10
a 138 445 8
a 139 62 4
a 139 138 4
a 140 173 8
a 140 375 9
a 140 528 3
a 141 422 10
a 141 470 8
a 141 575 1
a 142 34 4
a 142 206 10
a 143 66 8
a 143 291 7
a 144 74 4
a 144 274 9
a 144 357 6
a 145 525 7
a 145 540 6
a 146 359 10
a 146 511 10
a 147 195 8
a 147 244 4
a 148 436 4
a 149 572 2
a 150 126 8
a 150 225 6
a 150 377 8
a 150 554 4
a 151 25 5
a 151 47 2
a 151 78 10
a 151 440 10
a 152 26 1
a 152 290 3
a 152 447 9
a 153 340 8
a 154 149 8
a 154 387 4
a 155 384 8
a 156 96 3
a 156 292 1
a 157 310 3
a 158 273 6
a 159 3 3
a 159 218 7
a 159 279 6
a 159 323 4
a 159 504 4
a 160 30 3
a 160 293 6
a 160 338 6
a 161 214 5
a 161 371 7
a 162 267 1
a 163 209 1
a 163 355 2
a 164 33 3
a 164 365 7
a 164 578 3
a 165 384 4
a 165 443 10
a 166 502 10
a 167 256 4
a 167 444 7
a 168 429 8
a 169 256 9
a 169 458 1
a 170 477 8
a 171 222 8
a 171 358 9
a 171 398 6
a 172 144 2
a 173 265 6
a 173 282 6
a 174 290 2
a 174 502 2
a 175 548 3
a 176 12 3
a 177 77 7
a 177 264 8
a 178 577 7
a 179 298 4
a 180 538 5
a 181 59 7
a 182 66 3
a 182 314 3
a 183 179 2
a 183 564 3
a 184 27 3
a 184 508 3
a 185 348 7
a 185 515 8
a 186 49 6
a 187 542 3
a 188 120 7
a 188 551 7
a 189 131 4
a 189 215 6
a 190 390 8
a 191 351 5
a 192 441 5
a 192 497 8
a 193 167 5
a 193 208 6
a 194 140 5
a 194 234 7
a 194 344 2
a 194 482 8
a 195 210 1
a 195 546 6
a 196 163 1
a 197 111 4
a 197 551 3
a 198 411 8
a 199 362 10
a 200 112 3
a 200 164 10
a 200 294 9
a 201 441 3
a 202 321 3
a 203 86 5
a 204 213 9
a 204 461 10
a 205 13 1
a 205 433 4
a 206 190 9
a 206 275 2
a 207 397 9
a 207 447 2
a 207 565 5
a 208 550 7
a 209 520 7
a 210 560 4
a 211 258 1
a 212 515 6
a 213 21 5
a 213 253 1
a 213 261 1
a 214 380 7
a 215 289 4
a 215 351 2
a 215 589 1
a 216 28 3
a 216 361 4
a 217 82 5
a 218 21 4
a 218 360 7
a 218 385 7
a 219 72 5
a 219 246 1
a 219 535 3
a 219 577 6
a 220 167 9
a 221 138 10
a 222 42 1
a 223 88 3
a 223 351 1
a 224 174 8
a 225 228 1
a 226 405 5
a 226 542 10
a 227 19 9
a 227 49 10
a 228 383 8
a 228 470 7
a 228 577 7
a 229 252 10
a 229 313 10
a 229 559 5
a 230 483 1
a 231 90 3
a 231 502 8
a 232 167 6
a 232 260 6
a 232 485 4
a 233 163 3
a 234 27 4
a 235 59 7
a 235 100 2
a 235 112 2
a 236 79 4
a 236 148 5
a 236 386 4
a 237 248 1
a 238 80 5
a 239 595 9
a 240 155 1
a 240 521 6
a 240 574 4
a 241 296 1
a 241 455 9
a 241 492 4
a 242 9 3
a 242 140 6
a 242 144 10
a 243 102 5
a 243 149 2
a 244 137 4
a 245 395 4
a 246 403 1
a 246 535 10
a 247 97 6
a 247 424 2
a 248 25 5
a 248 401 8
a 249 46 1
a 249 228 9
a 249 401 5
a 250 460 4
a 251 33 10
a 251 104 1
a 251 379 10
a 251 599 2
a 252 116 10
a 252 388 8
a 252 416 8
a 253 265 6
a 254 301 10
a 255 417 3
a 256 4 2
a 256 411 6
a 257 25 5
a 258 204 10
a 259 309 8
a 260 14 5
a 260 91 3
a 260 196 2
a 260 334 10
a 261 55 4
a 261 585 8
a 262 390 8
a 263 18 6
a 263 82 9
a 263 326 7
a 263 432 7
a 264 391 3
a 264 523 6
a 265 12 7
a 265 124 1
a 265 353 8
a 266 492 5
a 267 36 6
a 267 210 4
a 267 380 9
a 268 165 8
a 268 596 2
a 269 35 6
a 269 92 5
a 270 38 8
a 270 71 3
a 270 231 7
a 271 380 3
a 271 490 10
a 272 369 4
a 273 337 3
a 273 404 3
a 274 214 1
a 274 557 3
a 275 311 4
a 275 507 1
a 276 59 8
a 276 73 9
a 276 413 7
a 276 581 9
a 277 103 7
a 277 304 5
a 278 245 4
a 278 600 4
a 279 201 10
a 279 283 9
a 279 462 6
a 280 32 8
a 281 157 3
a 281 453 6
a 281 538 3
a 282 573 1
a 283 286 2
a 284 323 5
a 285 125 6
a 286 275 8
a 286 442 8
a 286 506 1
a 287 430 7
a 287 549 3
a 288 304 8
a 289 23 9
a 289 73 3
a 290 43 5
a 290 160 5
a 290 350 6
a 291 450 5
a 292 234 10
a 293 410 10
a 293 428 3
a 293 510 1
a 294 197 5
a 294 382 8
a 295 101 10
a 295 290 1
a 295 404 9
a 296 61 9
a 296 266 2
a 297 89 4
a 297 247 3
a 297 389 7
a 298 248 9
a 298 422 6
a 298 484 4
a 299 113 2
a 299 182 6
a 299 197 9
a 300 532 5
a 301 457 5
a 302 14 3
a 302 221 6
a 302 568 5
a 303 123 10
a 303 509 7
a 304 108 6
a 304 441 9
a 305 76 7
a 305 145 6
a 306 121 1
a 306 524 1
a 307 530 7
a 308 11 5
a 309 226 7
a 309 529 10
a 310 219 6
a 310 539 3
a 311 517 2
a 312 180 3
a 312 423 5
a 312 455 6
a 313 74 7
a 313 530 9
a 314 386 5
a 315 493 2
a 316 252 6
a 317 156 9
a 317 242 6
a 318 86 5
a 318 398 3
a 318 570 9
a 319 242 2
a 320 255 2
a 320 462 8
a 321 451 8
a 322 184 5
a 323 454 4
a 323 508 5
a 324 191 8
a 325 169 4
a 325 421 10
a 326 291 4
a 326 376 8
a 327 125 4
a 327 540 1
a 328 223 2
a 328 374 7
a 329 99 8
a 330 97 6
a 331 165 8
a 332 430 8
a 332 436 10
a 332 456 5
a 333 163 7
a 334 388 3
a 335 580 8
a 336 45 8
a 337 129 6
a 337 318 1
a 337 527 7
a 338 127 10
a 338 475 8
a 338 478 8
a 338 479 1
a 339 482 9
a 339 536 3
a 340 298 8
a 341 64 10
a 341 197 9
a 341 249 3
a 342 85 5
a 342 564 9
a 343 396 1
a 344 207 1
a 345 70 5
a 345 578 1
a 346 76 7
a 347 330 1
a 347 570 3
a 348 183 6
a 348 297 10
a 349 36 4
a 349 220 10
a 350 127 2
a 350 503 7
a 351 336 8
a 351 450 1
a 352 80 1
a 352 208 5
a 352 490 6
a 353 156 8
a 354 66 7
a 354 217 2
a 355 325 6
a 356 511 4
a 356 551 8
a 357 167 5
a 358 141 5
a 359 372 3
a 360 197 2
a 361 162 5
a 361 184 6
a 362 202 10
a 362 416 5
a 363 267 9
a 364 3 2
a 365 98 4
a 365 271 8
a 365 484 1
a 366 290 7
a 367 147 4
a 367 233 10
a 368 186 1
a 368 426 7
a 369 354 3
a 370 569 10
a 371 442 6
a 372 253 2
a 373 469 4
a 374 153 1
a 374 310 10
a 375 49 4
a 376 493 10
a 377 23 9
a 378 102 7
a 378 526 5
a 379 516 10
a 380 490 9
a 381 64 6
a 381 241 7
a 381 267 7
a 381 420 9
a 382 108 7
a 382 441 6
a 382 493 7
a 383 222 8
a 384 129 3
a 384 239 5
a 384 534 5
a 384 572 3
a 385 317 10
a 385 481 10
a 385 556 4
a 386 19 1
a 386 139 2
a 387 228 2
a 388 343 1
a 389 12 9
a 389 550 8
a 390 494 1
a 390 513 8
a 391 67 6
a 391 186 1
a 391 200 2
a 392 16 5
a 392 459 1
a 393 122 5
a 394 345 6
a 394 592 3
a 395 486 7
a 396 113 7
a 396 254 3
a 397 34 6
a 397 250 1
a 398 531 3
a 399 474 9
a 400 69 10
a 400 475 1
a 400 588 9
a 401 273 10
a 401 279 1
a 401 367 3
a 402 32 8
a 403 209 9
a 403 322 7
a 403 450 10
a 404 371 9
a 404 400 5
a 405 140 2
a 405 375 2
a 406 462 1
a 407 76 8
a 407 512 10
a 408 177 6
a 408 213 5
a 408 347 1
a 408 552 10
a 408 554 1
a 408 593 10
a 409 289 4
a 409 439 4
a 410 7 3
a 410 193 9
a 410 222 6
a 411 97 4
a 412 298 5
a 412 328 6
a 412 389 4
a 413 39 7
a 413 110 4
a 413 558 1
a 414 266 4
a 414 355 4
a 415 19 5
a 415 181 4
a 416 162 1
a 417 6 8
a 417 41 9
a 417 343 5
a 418 376 3
a 418 434 5
a 418 538 5
a 419 586 4
a 420 52 4
a 420 236 5
a 421 339 2
a 421 381 8
a 421 524 8
a 422 213 7
a 422 584 5
a 423 513 2
a 424 311 7
a 424 547 10
a 425 42 4
a 425 218 3
a 425 292 9
a 426 36 9
a 426 451 5
a 427 347 10
a 427 467 4
a 428 534 2
a 429 249 8
a 429 272 6
a 430 166 10
a 430 319 10
a 431 136 4
a 431 463 1
a 432 44 9
a 432 137 4
a 432 333 9
a 433 347 10
a 433 506 8
a 434 33 4
a 434 122 3
a 435 61 4
a 435 141 10
a 435 582 5
a 436 63 2
a 436 76 7
a 437 133 10
a 437 252 10
a 438 7 5
a 439 143 7
a 439 181 3
a 439 572 10
a 440 245 9
a 440 271 1
a 441 258 8
a 441 523 10
a 441 589 6
a 442 24 6
a 442 499 5
a 443 355 8
a 443 500 3
a 444 265 1
a 444 484 5
a 444 496 5
a 445 532 5
a 446 370 10
a 446 502 3
a 447 53 5
a 447 470 2
a 448 98 6
a 448 349 7
a 449 102 5
a 449 136 7
a 449 219 4
a 449 291 3
a 450 514 2
a 451 46 2
a 451 362 1
a 452 77 2
a 452 165 5
a 452 355 2
a 452 374 2
a 453 386 5
a 453 422 6
a 454 160 7
a 454 476 2
a 455 45 7
a 455 268 5
a 455 541 5
a 455 557 5
a 456 125 5
a 456 146 7
a 457 181 5
a 457 483 9
a 458 54 4
a 458 583 5
a 459 283 1
a 460 182 1
a 460 204 3
a 460 281 10
a 460 562 8
a 461 188 10
a 462 280 7
a 462 466 7
a 463 296 9
a 464 78 4
a 464 128 7
a 464 232 1
a 465 264 3
a 466 296 1
a 467 105 6
a 467 209 10
a 467 211 4
a 467 233 5
a 467 363 6
a 467 366 1
a 468 424 4
a 468 432 5
a 469 405 8
a 469 556 8
a 469 597 4
a 470 6 6
a 470 286 10
a 470 495 5
a 470 581 8
a 471 38 7
a 471 194 7
a 471 209 6
a 471 479 2
a 471 505 4
a 472 263 3
a 472 451 7
a 473 224 10
a 473 227 4
a 474 185 1
a 474 278 8
a 475 62 9
a 475 284 3
a 475 341 2
a 475 503 2
a 476 67 2
a 476 477 8
a 477 479 8
a 477 514 1
a 478 57 10
a 478 73 8
a 479 251 2
a 479 575 7
a 480 240 6
a 480 496 2
a 481 104 9
a 482 279 2
a 482 520 10
a 483 430 4
a 483 438 10
a 484 6 3
a 484 238 3
a 484 253 1
a 484 572 5
a 485 207 8
a 485 231 1
a 486 250 2
a 486 479 3
a 487 178 6
a 487 437 1
a 487 457 6
a 488 309 8
a 488 537 5
a 489 19 4
a 489 95 8
a 490 48 2
a 490 73 10
a 490 576 1
a 491 49 1
a 491 99 6
a 491 392 1
a 492 312 2
a 492 542 7
a 492 562 4
a 493 99 4
a 493 142 1
a 494 178 6
a 494 489 10
a 495 242 9
a 495 517 1
a 496 214 1
a 497 178 7
a 497 581 9
a 498 209 10
a 498 573 7
a 498 574 3
a 499 372 1
a 499 441 3
a 500 329 1
a 501 402 1
a 501 586 9
a 502 106 1
a 502 393 9
a 502 394 9
a 502 429 1
a 503 184 9
a 503 391 9
a 504 297 3
a 504 520 3
a 505 168 4
a 505 340 1
a 505 487 5
a 505 560 7
a 506 403 6
a 507 328 9
a 507 531 3
a 508 72 2
a 508 224 8
a 508 356 8
a 509 300 2
a 509 561 2
a 510 11 4
a 511 47 4
a 511 188 1
a 512 193 3
a 512 203 10
a 512 285 3
a 512 382 4
a 513 119 6
a 513 395 8
a 514 180 5
a 515 40 3
a 515 118 6
a 515 464 10
a 516 17 8
a 516 410 4
a 516 448 5
a 517 496 2
a 518 5 3
a 518 259 2
a 518 584 3
a 519 81 1
a 519 125 1
a 519 243 2
a 520 20 4
a 521 84 3
a 521 281 1
a 521 307 7
a 522 123 1
a 522 167 5
a 523 93 7
a 523 202 8
a 523 229 7
a 523 277 4
a 523 329 1
a 524 278 1
a 524 454 2
a 525 415 3
a 526 216 9
a 526 597 7
a 527 146 2
a 528 494 1
a 528 555 6
a 529 105 3
a 529 433 7
a 529 587 1
a 530 103 6
a 530 425 4
a 531 328 4
a 532 8 1
a 532 38 7
a 533 202 9
a 534 457 5
a 535 544 9
a 536 257 7
a 536 351 2
a 536 427 9
a 536 519 3
a 537 59 7
a 538 551 1
a 539 74 2
a 539 600 4
a 540 27 9
a 540 288 6
a 540 418 1
a 541 85 7
a 541 197 3
a 542 477 10
a 543 130 10
a 543 356 5
a 543 469 6
a 544 43 5
a 544 152 7
a 544 319 7
a 545 119 4
a 546 60 2
a 546 518 3
a 547 327 6
a 547 564 6
a 548 187 3
a 548 465 1
a 549 280 2
a 549 491 2
a 549 588 6
a 549 594 5
a 550 263 1
a 550 306 1
a 550 409 5
a 551 23 2
a 551 28 9
a 551 92 5
a 552 107 4
a 552 168 1
a 552 411 2
a 552 506 6
a 553 102 6
a 553 301 7
a 553 436 2
a 553 488 3
a 553 585 3
a 553 590 4
a 554 262 2
a 554 328 3
a 555 532 5
a 556 23 3
a 557 170 2
a 558 202 6
a 558 390 4
a 559 61 2
a 559 563 10
a 560 393 1
a 560 550 4
a 561 60 3
a 562 307 8
a 563 351 9
a 563 412 8
a 564 350 10
a 564 571 2
a 565 149 10
a 565 499 1
a 566 117 3
a 566 323 10
a 566 555 8
a 567 365 9
a 568 159 1
a 568 176 1
a 569 151 9
a 569 237 5
a 569 276 5
a 569 571 5
a 570 255 10
a 571 232 5
a 571 591 5
a 572 187 10
a 573 38 9
a 573 198 3
a 573 529 4
a 574 396 4
a 575 265 5
a 576 15 8
a 576 22 3
a 576 528 5
a 576 534 8
a 577 150 1
a 577 506 2
a 578 110 5
a 578 547 9
a 579 405 1
a 580 564 3
a 581 182 10
a 581 269 10
a 581 558 7
a 582 20 9
a 582 250 9
a 583 50 3
a 583 419 9
a 583 507 3
a 583 554 1
a 584 377 5
a 585 205 7
a 585 540 4
a 586 382 7
a 586 561 4
a 587 331 3
a 587 407 1
a 588 184 3
a 588 231 7
a 589 431 2
a 589 552 6
a 590 263 7
a 590 414 7
a 591 137 3
a 591 452 10
a 591 545 7
a 592 291 4
a 593 109 1
a 593 579 10
a 594 435 6
a 595 581 5
a 596 176 9
a 596 212 9
a 597 301 2
a 597 566 3
a 598 588 4
a 599 3 5
a 599 54 5
a 599 511 8
