p max 600 1200
n 1 s
n 600 t
a 1 495 8
a 1 524 4
a 2 144 4
a 2 247 8
a 3 280 9
a 4 285 1
a 4 339 5
a 5 25 3
a 5 99 5
a 6 152 4
a 6 462 5
a 7 583 4
a 8 262 4
a 8 401 1
a 9 311 1
a 9 390 7
a 9 503 5
a 10 7 1
a 10 56 2
a 10 58 7
a 10 259 6
a 11 18 5
a 11 119 7
a 11 226 3
a 11 322 6
a 12 135 1
a 12 255 9
a 13 374 1
a 14 325 7
a 14 557 2
a 14 570 1
a 15 96 10
a 15 351 8
a 15 485 2
a 16 12 7
a 16 71 9
a 17 21 7
a 17 125 3
a 18 59 4
a 18 261 9
a 18 317 5
a 18 572 7
a 19 87 8
a 19 312 6
a 19 428 6
a 20 215 7
a 20 496 4
a 21 168 9
a 21 233 4
a 21 534 9
a 22 252 4
a 22 500 3
a 23 77 10
a 23 507 9
a 24 242 6
a 24 347 10
a 25 167 10
a 25 244 8
a 26 109 3
a 27 547 8
a 28 133 2
a 28 591 1
a 29 213 6
a 29 367 5
a 30 93 5
a 31 110 1
a 31 204 9
a 31 505 6
a 32 155 10
a 33 114 6
a 34 189 4
a 35 26 6
a 35 467 3
a 36 175 1
a 36 455 3
a 37 183 6
a 37 200 9
a 37 296 2
a 37 524 7
a 38 136 9
a 38 386 9
a 39 147 3
a 39 515 2
a 40 6 4
a 40 214 9
a 40 320 6
a 40 449 7
a 41 106 1
a 41 256 3
a 41 271 7
a 41 502 8
a 41 542 3
a 42 119 1
a 43 75 7
a 43 560 8
a 44 448 3
a 45 269 4
a 46 68 2
a 46 268 10
a 47 244 4
a 47 378 9
a 47 387 6
a 48 8 6
a 49 55 10
a 50 54 6
a 51 336 8
a 51 368 3
a 52 82 3
a 53 255 1
a 53 338 4
a 54 239 3
a 54 294 5
a 55 57 4
a 55 107 7
a 55 325 1
a 56 25 5
a 56 166 3
a 56 565 2
a 57 212 3
a 57 474 5
a 58 32 2
a 58 553 6
a 58 592 8
a 59 31 6
a 59 103 7
a 59 253 6
a 59 406 2
a 60 598 5
a 61 292 9
a 61 510 1
a 61 525 3
a 62 344 10
a 62 381 10
a 62 402 7
a 62 516 4
a 63 56 2
a 63 287 5
a 63 504 6
a 64 265 6
a 64 285 9
a 64 412 5
a 65 323 2
a 65 390 2
a 66 100 4
a 66 458 10
a 67 38 3
a 68 53 2
a 68 201 9
a 68 370 8
a 69 137 5
a 69 299 10
a 70 403 9
a 71 213 5
a 71 457 2
a 71 551 1
a 72 83 9
a 72 124 1
a 72 543 6
a 73 72 10
a 73 446 9
a 74 233 10
a 74 432 10
a 75 243 4
a 75 404 1
a 75 532 4
a 76 105 7
a 76 505 10
a 77 547 7
a 78 278 6
a 78 289 1
a 78 385 7
a 78 410 6
a 79 249 8
a 80 69 4
a 80 182 1
a 81 10 7
a 81 28 9
a 81 244 10
a 82 53 6
a 82 231 1
a 82 361 10
a 82 416 7
a 83 153 7
a 83 365 4
a 84 89 6
a 85 222 9
a 86 128 7
a 87 232 1
a 87 296 2
a 87 315 4
a 88 52 4
a 89 380 4
a 89 488 8
a 90 46 10
a 90 160 2
a 90 307 8
a 90 333 1
a 91 438 8
a 92 20 3
a 92 48 4
a 92 49 4
a 92 207 4
a 92 334 3
a 92 346 5
a 92 497 7
a 93 15 7
a 93 174 9
a 93 235 5
a 94 27 5
a 94 473 3
a 95 12 4
a 95 186 7
a 95 322 5
a 96 7 7
a 96 276 9
a 96 461 8
a 97 529 4
a 98 73 2
a 98 264 5
a 99 538 3
a 100 283 8
a 100 319 2
a 101 453 9
a 101 457 9
a 102 350 6
a 103 56 2
a 103 203 3
a 104 263 8
a 105 339 4
a 106 471 7
a 106 587 3
a 106 589 9
a 107 293 10
a 107 510 7
a 108 350 7
a 108 509 4
a 109 50 4
a 109 501 3
a 110 354 3
a 110 408 8
a 111 169 8
a 112 23 9
a 113 26 5
a 113 388 2
a 114 482 2
a 114 558 9
a 115 430 7
a 116 276 6
a 117 189 5
a 118 257 10
a 119 93 5
a 119 142 8
a 120 154 2
a 120 329 8
a 121 240 3
a 122 374 3
a 122 510 3
a 123 425 2
a 124 156 10
a 125 191 1
a 125 468 8
a 126 365 7
a 127 218 4
a 127 337 7
a 128 310 1
a 129 443 9
a 129 468 8
a 130 37 9
a 130 169 3
a 130 210 10
a 130 333 7
a 131 215 4
a 132 26 10
a 133 358 5
a 133 522 3
a 134 191 1
a 134 428 3
a 135 113 6
a 135 301 7
a 136 311 4
a 137 600 6
a 138 217 6
a 138 221 6
a 138 227 10
a 139 330 6
a 139 532 9
a 140 104 10
a 141 127 9
a 142 212 10
a 143 25 9
a 143 560 5
a 144 10 7
a 144 485 6
a 144 582 6
a 145 449 7
a 145 482 10
a 145 572 4
a 146 45 2
a 146 83 5
a 147 560 7
a 147 564 3
a 148 357 7
a 148 465 1
a 148 495 10
a 149 148 10
a 150 205 5
a 150 327 8
a 151 493 3
a 152 273 2
a 153 152 3
a 153 372 10
a 154 4 3
a 154 345 1
a 154 385 1
a 154 464 9
a 155 151 9
a 155 193 6
a 156 86 10
a 156 527 3
a 157 320 7
a 158 250 6
a 159 163 2
a 159 574 1
a 160 188 6
a 160 220 7
a 160 529 1
a 161 66 7
a 161 118 7
a 161 403 7
a 162 36 6
a 162 41 2
a 162 185 1
a 163 321 1
a 163 480 10
a 164 251 4
a 164 490 5
a 165 466 3
a 166 93 1
a 166 295 6
a 166 332 1
a 166 451 10
a 167 294 7
a 168 53 10
a 169 238 3
a 170 419 8
a 171 108 1
a 172 104 7
a 172 179 5
a 173 157 2
a 174 152 10
a 174 434 7
a 174 551 3
a 175 131 3
a 176 83 2
a 176 600 8
a 177 31 3
a 178 183 2
a 178 302 10
a 178 550 10
a 179 106 4
a 180 348 2
a 181 484 2
a 181 506 3
a 182 143 1
a 182 373 5
a 183 341 4
a 183 463 2
a 184 278 9
a 185 300 7
a 185 339 5
a 186 29 5
a 186 69 8
a 186 298 6
a 186 479 4
a 187 240 1
a 188 525 2
a 189 239 6
a 189 242 7
a 190 427 1
a 190 506 4
a 191 91 2
a 192 93 6
a 192 375 2
a 192 546 1
a 193 91 6
a 194 297 5
a 194 545 3
a 195 223 10
a 195 535 6
a 196 478 1
a 197 398 6
a 197 444 5
a 197 581 1
a 198 564 10
a 199 461 3
a 200 397 8
a 200 398 1
a 200 568 5
a 201 435 1
a 201 441 1
a 201 456 9
a 202 138 9
a 202 411 5
a 202 433 8
a 203 92 5
a 204 453 10
a 205 250 2
a 205 472 5
a 206 432 6
a 207 307 3
a 207 360 6
a 207 383 8
a 207 448 9
a 207 590 6
a 208 22 8
a 208 586 3
a 209 72 8
a 209 365 8
a 209 554 4
a 210 533 2
a 211 168 3
a 211 469 5
a 212 251 10
a 212 295 6
a 212 395 8
a 213 390 1
a 214 22 1
a 214 34 9
a 214 583 2
a 215 98 10
a 216 198 7
a 216 256 2
a 217 54 1
a 217 578 10
a 217 583 8
a 218 84 3
a 218 376 1
a 219 248 4
a 220 127 1
a 220 216 8
a 220 465 2
a 221 236 5
a 221 509 10
a 222 175 4
a 222 190 4
a 222 293 2
a 222 472 3
a 223 128 4
a 223 149 3
a 224 149 3
a 224 320 5
a 224 593 5
a 225 63 4
a 225 288 3
a 225 475 6
a 226 90 4
a 226 473 1
a 227 226 5
a 228 51 1
a 228 478 5
a 229 342 2
a 230 74 1
a 230 280 10
a 231 220 9
a 231 459 4
a 231 506 8
a 232 249 4
a 232 474 5
a 233 412 6
a 233 600 7
a 234 196 7
a 234 343 8
a 234 371 9
a 235 123 10
a 235 349 10
a 235 364 10
a 235 407 7
a 236 180 8
a 237 222 2
a 238 195 4
a 239 173 10
a 239 287 3
a 239 494 10
a 240 212 4
a 240 308 3
a 241 324 7
a 242 245 10
a 243 109 4
a 243 206 2
a 244 460 5
a 245 9 4
a 245 394 3
a 245 584 2
a 246 315 3
a 247 158 3
a 248 162 8
a 248 220 10
a 249 91 2
a 249 103 4
a 250 222 6
a 250 286 4
a 250 345 7
a 250 350 1
a 251 412 8
a 252 117 1
a 252 306 9
a 252 496 6
a 252 567 10
a 253 417 9
a 253 560 1
a 253 575 10
a 254 305 8
a 254 405 3
a 254 476 9
a 255 19 9
a 255 103 5
a 255 179 6
a 256 255 7
a 256 471 8
a 256 556 1
a 256 591 4
a 257 464 8
a 258 327 8
a 259 237 6
a 259 278 9
a 260 162 4
a 260 391 7
a 261 77 7
a 261 95 5
a 261 442 8
a 261 488 1
a 261 539 2
a 262 321 7
a 262 447 10
a 262 463 5
a 263 252 1
a 264 187 4
a 264 286 1
a 265 14 7
a 265 476 4
a 266 92 2
a 267 395 7
a 268 426 8
a 269 227 2
a 269 479 9
a 270 492 9
a 270 541 5
a 270 600 2
a 271 390 5
a 271 428 6
a 272 76 4
a 272 187 5
a 273 109 2
a 273 454 7
a 274 310 6
a 275 52 6
a 275 441 7
a 275 515 8
a 276 34 8
a 276 312 4
a 277 42 3
a 277 412 5
a 278 515 6
a 279 13 4
a 279 244 2
a 279 284 4
a 280 72 10
a 281 41 4
a 281 166 3
a 281 347 6
a 282 257 9
a 283 196 9
a 283 270 1
a 283 340 6
a 284 55 1
a 284 409 1
a 285 13 8
a 285 260 5
a 285 562 3
a 286 528 7
a 286 566 6
a 287 516 2
a 288 354 3
a 289 92 9
a 289 469 3
a 289 499 5
a 290 159 3
a 290 491 10
a 291 298 10
a 291 518 10
a 292 85 3
a 292 192 5
a 292 215 2
a 292 248 2
a 293 497 9
a 294 45 4
a 294 486 10
a 295 202 3
a 295 495 2
a 296 438 5
a 297 452 1
a 298 332 2
a 299 74 5
a 300 105 4
a 301 304 5
a 301 426 3
a 302 310 10
a 302 419 3
a 302 508 7
a 303 78 9
a 303 109 10
a 303 410 10
a 303 571 2
a 304 273 10
a 305 411 6
a 306 131 5
a 306 271 7
a 306 489 8
a 307 74 9
a 308 139 1
a 308 257 7
a 309 136 3
a 310 483 1
a 310 599 5
a 311 464 3
a 312 162 10
a 313 41 6
a 313 246 3
a 313 569 7
a 314 342 1
a 314 504 8
a 315 355 5
a 316 87 3
a 316 219 2
a 317 61 8
a 317 62 10
a 317 310 6
a 318 438 1
a 318 537 10
a 319 258 5
a 319 488 2
a 320 292 10
a 321 126 1
a 321 233 2
a 322 274 5
a 322 422 3
a 323 62 5
a 323 88 9
a 323 183 10
a 323 368 6
a 324 177 9
a 324 450 7
a 325 224 2
a 325 391 10
a 325 467 10
a 326 544 9
a 326 579 4
a 327 119 7
a 327 294 7
a 327 552 6
a 328 338 3
a 329 96 7
a 329 489 6
a 330 481 7
a 330 524 2
a 331 54 7
a 332 64 6
a 332 86 8
a 332 197 6
a 332 203 3
a 333 271 6
a 334 387 2
a 335 95 4
a 335 422 4
a 336 125 9
a 336 316 4
a 337 290 7
a 337 465 1
a 338 60 7
a 338 61 7
a 338 240 5
a 339 43 2
a 339 357 1
a 340 42 8
a 340 361 1
a 341 143 10
a 341 359 2
a 341 523 10
a 342 81 7
a 342 177 10
a 343 333 3
a 343 407 7
a 343 440 8
a 344 484 5
a 344 595 5
a 345 189 3
a 345 221 6
a 346 548 9
a 347 329 4
a 348 291 5
a 348 489 8
a 349 247 6
a 349 486 5
a 350 35 6
a 350 469 8
a 351 205 1
a 352 427 3
a 353 426 1
a 354 53 4
a 354 549 9
a 355 170 3
a 355 245 9
a 355 369 5
a 355 470 5
a 355 561 3
a 355 562 7
a 356 74 1
a 356 243 4
a 357 474 10
a 358 70 6
a 358 130 6
a 359 399 7
a 360 102 8
a 361 140 9
a 361 458 9
a 362 383 5
a 363 236 3
a 364 266 3
a 365 232 9
a 366 70 3
a 366 230 8
a 367 400 6
a 367 491 8
a 367 548 9
a 368 83 3
a 369 505 10
a 370 118 8
a 370 274 2
a 370 526 2
a 371 250 9
a 372 259 10
a 372 563 8
a 373 79 5
a 373 476 9
a 374 216 10
a 374 455 5
a 375 420 2
a 375 529 8
a 376 89 9
a 376 377 9
a 377 368 1
a 378 67 3
a 378 421 4
a 379 46 9
a 380 192 9
a 381 387 2
a 382 124 2
a 382 140 3
a 382 209 7
a 383 302 9
a 384 117 1
a 385 469 9
a 385 511 4
a 385 577 9
a 386 421 7
a 387 130 10
a 387 328 8
a 387 584 1
a 388 68 5
a 388 179 5
a 389 240 8
a 389 555 3
a 390 223 3
a 390 393 6
a 390 405 10
a 391 102 9
a 391 141 6
a 391 301 1
a 392 145 3
a 392 352 3
a 393 403 4
a 393 531 10
a 394 388 8
a 395 348 4
a 395 381 9
a 396 114 10
a 396 398 5
a 397 388 7
a 398 160 1
a 398 332 4
a 399 372 4
a 400 243 10
a 400 283 2
a 401 368 8
a 402 383 9
a 402 445 5
a 403 286 5
a 404 134 1
a 404 272 10
a 404 357 7
a 405 326 10
a 405 465 8
a 405 594 6
a 406 525 4
a 407 118 8
a 407 205 5
a 407 545 9
a 408 205 7
a 409 314 10
a 410 270 2
a 411 132 5
a 411 213 5
a 411 517 2
a 412 250 10
a 412 384 9
a 413 180 10
a 413 400 8
a 414 33 7
a 414 155 6
a 415 40 1
a 415 253 10
a 416 355 3
a 416 475 1
a 417 199 8
a 417 598 5
a 418 161 3
a 418 474 4
a 418 585 8
a 419 235 8
a 419 516 2
a 420 38 1
a 420 442 3
a 421 148 7
a 421 343 6
a 421 427 1
a 422 172 2
a 422 238 4
a 422 583 10
a 423 304 5
a 423 594 9
a 424 23 9
a 424 194 1
a 424 480 10
a 425 165 10
a 425 496 1
a 426 281 10
a 426 473 7
a 427 478 10
a 427 518 3
a 428 100 3
a 428 257 2
a 429 433 2
a 430 462 4
a 430 540 9
a 431 536 6
a 431 597 3
a 432 472 10
a 433 460 10
a 433 473 1
a 434 284 8
a 435 331 3
a 435 574 2
a 436 470 3
a 437 136 5
a 437 493 9
a 438 65 4
a 438 128 5
a 439 291 10
a 439 317 10
a 439 401 4
a 439 466 3
a 440 493 10
a 441 85 4
a 442 293 3
a 443 102 3
a 443 463 2
a 444 75 1
a 444 101 8
a 444 313 3
a 445 3 6
a 445 452 1
a 445 487 5
a 446 72 3
a 446 379 1
a 446 402 6
a 447 580 9
a 448 418 1
a 448 431 8
a 449 112 1
a 449 121 2
a 449 282 9
a 449 547 3
a 450 123 9
a 450 597 7
a 451 5 7
a 451 198 2
a 451 521 9
a 452 435 8
a 453 5 4
a 453 414 4
a 454 383 8
a 455 301 7
a 456 16 8
a 456 488 8
a 457 218 9
a 457 273 3
a 458 132 7
a 458 154 7
a 459 165 7
a 459 440 6
a 459 576 4
a 460 250 2
a 460 446 6
a 461 535 5
a 462 569 1
a 463 275 3
a 463 336 3
a 463 487 4
a 464 178 4
a 465 461 5
a 466 171 2
a 466 176 5
a 466 376 3
a 467 108 7
a 467 164 9
a 467 233 5
a 467 352 1
a 467 356 8
a 467 435 10
a 468 349 10
a 468 585 8
a 469 267 5
a 469 363 8
a 470 119 9
a 471 49 3
a 471 89 6
a 471 258 3
a 471 354 5
a 472 308 2
a 473 24 1
a 473 208 9
a 473 410 9
a 474 119 2
a 475 345 1
a 476 34 7
a 477 169 7
a 477 229 3
a 478 57 9
a 478 566 9
a 479 44 8
a 479 125 7
a 479 133 7
a 480 90 8
a 480 120 6
a 480 437 8
a 481 42 3
a 481 81 10
a 482 573 1
a 483 225 5
a 483 239 4
a 483 337 1
a 484 45 4
a 484 98 1
a 484 514 2
a 485 146 10
a 485 169 3
a 485 301 3
a 486 40 10
a 486 303 9
a 487 82 4
a 487 235 10
a 488 112 1
a 488 114 3
a 488 585 5
a 489 569 9
a 490 224 7
a 491 17 2
a 492 494 8
a 493 224 7
a 494 109 1
a 494 176 4
a 494 451 4
a 495 29 8
a 495 193 2
a 495 396 6
a 496 184 1
a 496 413 4
a 496 468 10
a 497 381 5
a 498 444 4
a 499 269 5
a 500 94 10
a 500 437 4
a 500 533 3
a 501 482 9
a 502 364 3
a 502 496 4
a 503 335 1
a 503 433 3
a 503 593 2
a 504 128 4
a 504 430 10
a 505 254 9
a 505 269 8
a 505 401 5
a 505 423 2
a 506 553 4
a 506 566 4
a 507 179 5
a 508 454 9
a 509 116 4
a 509 251 3
a 509 520 3
a 510 423 8
a 511 104 10
a 512 156 9
a 512 198 6
a 512 544 5
a 513 296 2
a 514 33 4
a 514 191 10
a 514 498 8
a 515 119 7
a 515 299 8
a 516 27 6
a 517 60 1
a 517 122 8
a 517 264 9
a 517 331 1
a 518 159 1
a 518 531 3
a 519 218 6
a 520 13 3
a 520 211 8
a 520 309 9
a 520 318 4
a 520 439 3
a 521 289 9
a 521 425 2
a 522 251 6
a 523 475 4
a 523 599 6
a 524 17 4
a 524 383 2
a 524 406 8
a 525 277 4
a 525 396 9
a 526 513 5
a 526 560 3
a 527 131 1
a 527 441 1
a 527 592 2
a 528 39 2
a 528 97 9
a 529 298 3
a 529 519 7
a 530 488 9
a 531 472 3
a 532 2 8
a 532 90 1
a 533 158 4
a 533 247 5
a 533 468 1
a 534 171 3
a 535 348 6
a 535 573 1
a 536 312 9
a 536 382 10
a 537 129 7
a 537 306 5
a 537 363 7
a 538 137 4
a 539 204 2
a 539 345 8
a 539 347 6
a 539 386 1
a 539 477 6
a 540 461 9
a 540 467 1
a 541 296 2
a 542 124 4
a 542 192 4
a 542 234 7
a 542 500 2
a 542 596 3
a 543 408 5
a 543 417 9
a 544 468 1
a 544 522 8
a 545 530 1
a 545 538 9
a 546 426 2
a 547 181 2
a 547 420 3
a 547 425 9
a 547 512 3
a 547 530 6
a 548 291 3
a 548 588 5
a 549 413 4
a 550 111 4
a 550 288 5
a 550 580 4
a 551 69 4
a 551 439 1
a 552 357 2
a 553 30 5
a 553 205 1
a 553 241 9
a 553 415 8
a 553 435 9
a 553 559 2
a 554 279 8
a 554 421 3
a 555 429 7
a 555 478 9
a 556 145 8
a 557 289 8
a 558 221 7
a 559 115 5
a 559 431 9
a 559 552 9
a 560 11 3
a 560 174 8
a 560 211 6
a 561 379 3
a 562 225 6
a 563 27 2
a 563 67 4
a 563 507 5
a 564 69 10
a 564 116 7
a 565 572 10
a 566 21 9
a 566 391 2
a 567 97 9
a 567 333 4
a 567 392 2
a 568 195 1
a 568 389 1
a 568 590 2
a 569 332 3
a 570 263 2
a 570 266 10
a 570 600 7
a 571 81 5
a 572 170 1
a 572 366 1
a 573 228 4
a 573 499 10
a 574 375 10
a 575 304 9
a 576 74 2
a 576 197 9
a 577 16 7
a 577 438 10
a 578 143 8
a 578 361 3
a 578 452 10
a 579 6 1
a 579 47 7
a 579 393 8
a 580 159 10
a 580 399 4
a 581 199 7
a 581 507 1
a 582 209 9
a 583 105 1
a 583 409 8
a 584 125 1
a 584 353 10
a 585 441 3
a 586 55 8
a 586 501 6
a 587 111 4
a 587 154 9
a 587 488 7
a 588 268 2
a 588 324 7
a 589 8 7
a 589 556 4
a 590 407 9
a 591 410 6
a 591 475 2
a 592 80 2
a 592 150 7
a 592 157 4
a 592 314 7
a 593 394 8
a 594 106 10
a 594 362 8
a 595 387 1
a 596 63 5
a 597 80 2
a 597 178 10
a 597 436 7
a 597 569 1
a 598 424 7
a 598 490 1
a 599 81 5
