p max 600 1200
n 1 s
n 600 t
a 1 252 2
a 1 384 3
a 1 436 3
a 1 447 7
a 2 11 2
a 2 135 10
a 3 567 6
a 4 544 10
a 5 25 10
a 5 63 7
a 6 227 9
a 6 260 4
a 6 404 8
a 7 533 1
a 7 551 1
a 8 331 4
a 9 169 7
a 9 390 6
a 9 458 10
a 9 466 2
a 10 53 9
a 10 156 10
a 10 310 7
a 10 347 8
a 11 45 2
a 11 522 5
a 12 202 1
a 13 321 3
a 13 572 1
a 14 286 8
a 14 397 6
a 14 410 7
a 15 72 6
a 16 36 2
a 17 3 6
a 17 64 6
a 17 180 8
a 18 232 6
a 18 322 6
a 18 419 1
a 18 530 9
a 19 202 3
a 19 290 1
a 20 35 10
a 20 304 7
a 21 92 5
a 21 174 6
a 21 423 10
a 22 111 1
a 22 441 10
a 22 450 6
a 22 460 6
a 23 90 2
a 23 268 2
a 23 309 3
a 24 109 10
a 25 329 7
a 25 416 3
a 26 9 2
a 26 554 8
a 27 329 4
a 27 392 4
a 28 162 6
a 29 211 6
a 29 467 7
a 29 521 10
a 29 567 3
a 30 125 10
a 31 197 6
a 31 236 10
a 31 505 3
a 32 270 4
a 32 482 6
a 33 52 10
a 33 115 7
a 33 360 3
a 34 106 5
a 34 225 4
a 35 121 8
a 36 545 3
a 37 341 2
a 37 430 1
a 38 76 2
a 38 218 4
a 39 218 9
a 40 93 4
a 40 558 9
a 41 509 8
a 42 68 5
a 43 335 10
a 44 79 8
a 44 329 3
a 44 360 7
a 45 168 4
a 46 96 6
a 46 550 7
a 46 569 6
a 47 360 1
a 47 502 2
a 47 509 2
a 48 88 5
a 48 341 2
a 48 493 6
a 49 65 3
a 50 13 7
a 50 516 8
a 50 552 9
a 51 408 1
a 51 464 9
a 52 148 1
a 52 422 9
a 53 449 7
a 53 476 8
a 54 71 6
a 54 322 5
a 55 158 2
a 55 457 3
a 56 90 1
a 56 228 9
a 56 300 3
a 57 7 4
a 57 582 10
a 58 44 1
a 59 84 4
a 60 179 1
a 60 587 7
a 61 414 8
a 62 38 9
a 62 532 5
a 63 473 4
a 64 242 5
a 64 301 1
a 64 342 8
a 65 575 7
a 66 36 2
a 66 144 1
a 66 372 4
a 66 591 1
a 67 540 1
a 68 22 1
a 68 269 3
a 69 49 3
a 69 112 10
a 70 34 2
a 70 377 8
a 70 544 1
a 71 253 2
a 72 215 2
a 73 136 9
a 73 545 9
a 74 321 5
a 75 15 9
a 75 42 1
a 76 78 2
a 76 192 8
a 77 154 3
a 77 245 3
a 77 517 10
a 78 105 1
a 79 89 7
a 79 249 7
a 79 308 4
a 79 316 10
a 79 468 9
a 80 16 5
a 81 225 2
a 82 295 6
a 83 30 1
a 84 80 10
a 84 91 10
a 84 385 3
a 85 221 1
a 85 411 7
a 86 588 9
a 87 455 2
a 88 135 6
a 89 241 9
a 90 69 3
a 90 361 9
a 91 388 6
a 91 498 10
a 92 17 4
a 92 218 9
a 93 212 4
a 93 400 1
a 94 526 7
a 95 538 1
a 96 138 3
a 97 109 2
a 97 166 2
a 98 164 4
a 98 246 4
a 99 10 4
a 99 253 3
a 99 398 8
a 100 38 2
a 100 76 3
a 100 502 7
a 100 537 10
a 101 450 6
a 102 43 1
a 102 226 3
a 103 65 5
a 104 579 1
a 105 22 3
a 105 33 7
a 105 165 6
a 106 371 9
a 107 167 2
a 107 290 1
a 108 168 1
a 108 222 2
a 108 360 5
a 108 525 8
a 109 162 2
a 109 448 7
a 110 146 8
a 110 189 4
a 111 87 6
a 111 136 2
a 111 583 2
a 112 30 4
a 113 384 5
a 113 503 8
a 114 339 6
a 115 474 10
a 116 229 2
a 116 526 7
a 117 383 9
a 117 459 4
a 118 86 3
a 119 267 2
a 119 538 4
a 119 564 5
a 120 36 10
a 120 460 9
a 120 498 1
a 121 223 9
a 121 244 2
a 121 314 4
a 121 328 4
a 122 54 6
a 122 344 3
a 123 50 6
a 123 59 6
a 123 242 4
a 123 246 4
a 123 547 8
a 124 87 10
a 124 325 3
a 124 557 2
a 125 361 10
a 126 113 5
a 126 181 1
a 126 342 1
a 127 108 9
a 127 157 8
a 127 241 2
a 127 314 5
a 127 465 4
a 128 41 3
a 128 63 2
a 129 327 8
a 129 464 1
a 130 42 4
a 130 101 4
a 130 221 2
a 130 443 10
a 131 550 5
a 132 102 10
a 132 163 2
a 133 20 7
a 133 199 10
a 133 306 3
a 133 456 10
a 134 77 9
a 135 122 8
a 135 380 8
a 135 597 4
a 136 145 9
a 136 308 4
a 136 476 5
a 136 536 5
a 137 351 9
a 137 440 9
a 137 512 4
a 138 208 4
a 138 513 8
a 139 264 4
a 139 573 8
a 140 116 1
a 140 125 1
a 140 366 8
a 140 570 5
a 141 110 2
a 141 205 2
a 141 510 5
a 142 576 8
a 143 58 5
a 143 152 9
a 143 207 9
a 143 375 3
a 144 71 4
a 144 303 6
a 144 472 2
a 144 556 6
a 145 197 10
a 146 417 2
a 146 600 5
a 147 117 5
a 148 147 3
a 148 575 10
a 149 329 5
a 150 16 5
a 150 29 8
a 150 33 3
a 150 302 5
a 151 129 1
a 152 88 3
a 153 212 9
a 153 294 2
a 153 510 3
a 153 519 7
a 153 562 5
a 153 563 8
a 154 116 2
a 155 42 8
a 156 138 10
a 156 162 8
a 157 464 7
a 158 259 9
a 158 276 4
a 158 289 5
a 159 269 5
a 159 320 9
a 160 233 1
a 160 480 10
a 161 330 6
a 161 519 8
a 162 335 1
a 163 40 7
a 163 401 4
a 164 73 7
a 164 117 5
a 164 572 5
a 165 249 4
a 165 451 10
a 166 409 4
a 166 468 6
a 167 53 10
a 167 173 6
a 168 173 9
a 169 263 7
a 169 432 4
a 170 98 7
a 170 188 2
a 171 75 8
a 171 578 3
a 172 170 1
a 172 353 7
a 172 402 10
a 173 563 5
a 174 275 3
a 174 316 10
a 175 169 1
a 175 280 6
a 176 30 8
a 176 41 7
a 176 538 2
a 177 178 5
a 177 238 9
a 177 345 6
a 178 264 5
a 179 43 6
a 179 480 2
a 179 535 1
a 180 49 4
a 180 91 10
a 180 463 3
a 181 466 8
a 182 160 10
a 182 413 10
a 183 323 2
a 183 448 5
a 184 149 4
a 184 206 8
a 184 285 8
a 184 507 1
a 185 74 7
a 185 295 6
a 185 405 3
a 186 437 2
a 187 384 3
a 188 182 9
a 188 541 5
a 189 582 5
a 189 599 4
a 190 439 10
a 191 65 3
a 191 357 6
a 191 402 5
a 192 569 9
a 193 429 9
a 193 499 10
a 193 500 7
a 193 581 7
a 194 378 3
a 194 428 10
a 195 509 4
a 196 127 2
a 197 92 2
a 198 426 2
a 198 520 3
a 199 195 7
a 199 361 7
a 199 396 1
a 199 541 2
a 200 543 5
a 200 548 5
a 200 552 2
a 201 43 8
a 201 95 2
a 202 170 3
a 203 128 9
a 203 200 2
a 203 474 9
a 204 292 6
a 204 448 7
a 204 596 3
a 205 395 10
a 206 311 7
a 206 370 9
a 207 381 4
a 207 414 1
a 207 507 3
a 208 194 4
a 209 251 1
a 209 477 9
a 209 533 10
a 210 151 9
a 211 456 3
a 212 322 4
a 213 3 6
a 214 20 5
a 214 21 4
a 214 331 8
a 215 255 7
a 216 190 5
a 216 533 4
a 217 314 3
a 218 262 3
a 218 468 6
a 218 479 9
a 219 14 3
a 219 109 7
a 220 46 9
a 221 540 5
a 222 189 9
a 223 482 6
a 224 183 10
a 224 492 9
a 225 70 6
a 225 511 6
a 226 258 8
a 226 296 4
a 227 226 1
a 227 282 8
a 228 317 10
a 228 425 9
a 228 488 5
a 229 366 10
a 230 152 3
a 231 223 2
a 231 513 6
a 232 519 10
a 233 40 2
a 234 75 6
a 234 129 4
a 234 149 4
a 235 140 6
a 235 231 7
a 235 263 8
a 235 278 8
a 236 82 2
a 236 524 7
a 237 449 5
a 238 239 1
a 238 574 4
a 239 209 10
a 239 579 7
a 240 332 5
a 240 353 1
a 241 155 10
a 241 168 1
a 242 370 9
a 243 152 2
a 243 452 6
a 244 582 5
a 245 201 5
a 245 336 9
a 246 551 3
a 247 266 9
a 248 585 4
a 249 337 4
a 250 459 7
a 250 500 7
a 251 267 8
a 252 301 1
a 253 158 3
a 253 251 4
a 253 568 4
a 254 19 10
a 254 486 5
a 255 59 4
a 256 242 3
a 256 549 10
a 257 72 4
a 257 220 9
a 257 226 9
a 258 57 7
a 258 558 8
a 259 215 8
a 259 547 10
a 260 406 3
a 260 436 10
a 261 39 8
a 261 123 7
a 262 14 6
a 262 256 2
a 262 293 1
a 263 527 9
a 264 396 9
a 265 268 6
a 265 289 5
a 266 465 7
a 267 485 10
a 268 137 5
a 268 597 6
a 269 358 6
a 270 154 5
a 270 274 10
a 270 368 3
a 271 50 1
a 271 166 4
a 271 283 7
a 271 471 4
a 272 226 2
a 273 23 9
a 273 327 5
a 273 543 9
a 273 591 10
a 274 527 7
a 275 453 2
a 275 563 3
a 275 589 9
a 275 595 2
a 276 278 6
a 276 367 9
a 277 150 10
a 277 240 4
a 277 367 9
a 278 105 10
a 278 258 8
a 278 454 2
a 279 422 10
a 280 108 6
a 281 402 2
a 281 417 10
a 281 570 10
a 282 307 6
a 282 530 2
a 283 360 3
a 284 98 5
a 284 358 3
a 284 456 6
a 285 493 4
a 286 26 10
a 286 100 4
a 286 425 5
a 287 324 9
a 288 85 3
a 288 524 2
a 289 2 8
a 289 167 9
a 290 37 1
a 290 332 10
a 291 4 1
a 292 566 3
a 292 594 5
a 293 74 3
a 293 398 7
a 294 13 10
a 295 297 3
a 295 553 6
a 296 235 5
a 296 444 9
a 296 494 9
a 296 512 7
a 297 230 10
a 297 399 7
a 297 508 5
a 298 7 10
a 298 83 9
a 298 151 3
a 298 154 10
a 298 584 7
a 299 304 9
a 300 353 7
a 300 484 5
a 301 319 3
a 301 473 5
a 302 248 6
a 302 484 6
a 303 31 2
a 303 41 3
a 304 19 9
a 304 566 1
a 305 5 3
a 306 309 9
a 307 247 3
a 308 224 5
a 308 302 1
a 308 321 7
a 309 123 7
a 309 126 3
a 309 183 7
a 310 213 8
a 310 236 4
a 310 344 10
a 310 407 7
a 311 162 3
a 312 578 7
a 313 88 2
a 313 315 6
a 313 348 4
a 313 352 9
a 314 582 7
a 315 329 10
a 316 411 5
a 317 104 8
a 317 142 10
a 317 151 9
a 318 86 6
a 319 11 3
a 319 138 4
a 319 523 8
a 320 110 1
a 320 255 3
a 320 501 3
a 320 559 2
a 320 592 1
a 321 107 3
a 322 185 5
a 322 555 3
a 323 415 10
a 324 134 2
a 325 232 7
a 326 349 1
a 326 434 3
a 327 243 7
a 327 284 2
a 328 260 6
a 328 424 4
a 329 278 2
a 329 512 5
a 330 25 6
a 330 596 10
a 331 86 5
a 332 45 10
a 332 158 1
a 333 200 6
a 333 335 1
a 334 370 6
a 335 62 10
a 335 67 10
a 335 237 1
a 335 442 3
a 336 297 4
a 336 499 1
a 337 230 3
a 338 35 4
a 338 219 5
a 338 335 4
a 339 265 8
a 339 426 10
a 340 323 4
a 340 395 2
a 341 114 8
a 341 490 3
a 341 504 3
a 342 557 3
a 343 67 7
a 343 276 10
a 344 36 5
a 344 469 10
a 345 352 2
a 346 26 4
a 347 400 9
a 347 446 8
a 347 468 1
a 348 462 10
a 348 577 7
a 349 60 5
a 349 517 7
a 350 356 4
a 351 400 1
a 352 261 3
a 353 536 2
a 354 55 10
a 355 226 3
a 356 452 3
a 357 303 3
a 357 369 3
a 357 387 3
a 358 183 2
a 359 202 9
a 359 356 7
a 359 462 6
a 360 61 2
a 361 44 4
a 361 336 2
a 362 315 9
a 363 221 5
a 363 333 3
a 363 354 4
a 364 214 2
a 364 260 6
a 365 82 4
a 365 153 4
a 365 270 2
a 365 324 1
a 366 269 1
a 366 549 6
a 367 61 8
a 367 202 2
a 367 565 9
a 368 56 5
a 368 298 9
a 368 359 10
a 368 388 9
a 368 585 6
a 368 598 3
a 369 365 4
a 369 483 8
a 370 198 4
a 371 421 1
a 371 474 8
a 371 513 1
a 371 573 3
a 372 30 4
a 372 574 2
a 373 194 5
a 373 221 8
a 374 338 8
a 374 502 5
a 375 341 6
a 375 504 8
a 376 119 1
a 376 370 1
a 376 485 10
a 377 272 10
a 377 359 5
a 377 429 4
a 378 118 3
a 378 487 6
a 379 301 6
a 380 403 4
a 380 509 5
a 381 363 7
a 381 393 7
a 381 419 6
a 382 318 3
a 383 31 5
a 383 288 10
a 383 475 4
a 383 481 8
a 383 539 2
a 384 455 9
a 384 556 4
a 385 337 5
a 386 223 7
a 386 588 4
a 387 310 8
a 388 182 5
a 388 386 4
a 389 53 2
a 390 282 6
a 390 287 7
a 391 394 10
a 391 527 1
a 392 569 9
a 393 176 5
a 393 274 4
a 393 296 5
a 394 187 3
a 394 250 9
a 395 81 2
a 395 161 1
a 395 215 2
a 395 477 3
a 396 171 6
a 396 190 3
a 397 279 8
a 397 497 7
a 397 520 10
a 398 175 9
a 398 380 3
a 399 333 8
a 399 437 6
a 400 12 3
a 400 324 7
a 401 514 6
a 401 529 8
a 402 541 1
a 403 138 10
a 403 491 5
a 404 225 3
a 404 303 9
a 404 489 5
a 405 83 4
a 405 587 1
a 406 141 3
a 406 268 4
a 407 80 3
a 407 120 8
a 407 134 3
a 407 254 10
a 407 515 4
a 408 332 10
a 408 449 8
a 409 378 7
a 410 277 3
a 410 466 4
a 411 5 2
a 411 196 1
a 412 27 6
a 412 376 7
a 412 506 10
a 412 588 5
a 413 6 4
a 413 95 6
a 413 105 2
a 414 453 6
a 415 85 1
a 415 418 3
a 416 192 4
a 416 556 4
a 417 388 9
a 418 391 4
a 418 439 2
a 419 45 9
a 420 376 5
a 421 420 4
a 421 556 6
a 422 382 6
a 422 458 1
a 423 131 8
a 423 402 10
a 423 461 10
a 424 45 7
a 425 77 10
a 425 109 10
a 425 132 9
a 425 207 6
a 426 391 9
a 426 496 7
a 427 4 2
a 427 346 3
a 428 183 9
a 429 133 1
a 429 314 5
a 430 545 1
a 431 48 10
a 431 145 10
a 431 247 3
a 432 91 9
a 432 413 2
a 433 245 2
a 434 177 6
a 434 257 4
a 434 403 3
a 435 320 6
a 436 307 5
a 436 393 8
a 437 32 3
a 437 230 2
a 438 124 3
a 438 269 8
a 439 160 10
a 440 126 9
a 440 361 10
a 440 467 2
a 440 518 5
a 441 56 2
a 441 159 10
a 442 246 3
a 443 224 1
a 443 405 8
a 443 423 1
a 444 182 5
a 444 339 5
a 444 364 3
a 445 324 10
a 445 427 6
a 446 381 7
a 446 600 1
a 447 46 1
a 447 433 2
a 447 578 6
a 448 156 1
a 449 541 7
a 450 371 6
a 450 394 6
a 451 198 8
a 452 45 6
a 452 305 8
a 453 84 9
a 453 153 9
a 453 266 8
a 454 496 8
a 455 76 8
a 455 415 6
a 455 434 6
a 456 339 6
a 457 407 8
a 458 579 9
a 458 583 1
a 459 305 5
a 460 117 6
a 460 446 4
a 461 504 2
a 462 452 7
a 463 576 1
a 464 479 5
a 465 13 5
a 465 345 6
a 466 501 7
a 467 204 3
a 468 508 4
a 469 48 9
a 469 234 5
a 469 555 7
a 470 589 5
a 471 136 6
a 471 534 4
a 471 546 5
a 472 439 1
a 472 454 10
a 473 130 4
a 473 205 1
a 474 204 5
a 474 313 7
a 474 565 3
a 475 273 2
a 475 355 2
a 476 303 5
a 476 434 6
a 476 514 2
a 477 545 3
a 478 415 2
a 479 20 5
a 479 107 7
a 480 379 3
a 481 57 4
a 481 103 3
a 481 561 8
a 482 18 1
a 482 425 3
a 483 441 10
a 484 137 5
a 485 528 9
a 485 533 7
a 485 578 3
a 486 9 7
a 486 173 4
a 486 487 9
a 487 284 3
a 488 81 3
a 489 68 8
a 489 264 8
a 490 174 9
a 491 59 6
a 492 540 9
a 492 590 1
a 493 560 4
a 494 66 2
a 494 355 5
a 494 425 1
a 495 172 9
a 495 335 8
a 495 483 4
a 495 505 5
a 496 146 4
a 496 167 7
a 497 115 8
a 497 511 7
a 498 55 2
a 498 198 6
a 498 235 9
a 498 422 8
a 498 569 9
a 499 520 5
a 499 571 5
a 500 143 4
a 500 478 4
a 501 505 6
a 502 205 10
a 503 95 9
a 504 139 4
a 504 326 7
a 504 586 7
a 505 77 5
a 505 389 7
a 505 470 2
a 506 419 3
a 507 95 8
a 507 191 6
a 508 74 6
a 509 4 6
a 509 263 9
a 510 213 4
a 511 146 2
a 512 121 1
a 512 495 3
a 512 524 2
a 513 233 4
a 513 291 1
a 513 336 8
a 514 300 8
a 515 51 8
a 515 523 3
a 516 100 4
a 516 240 10
a 517 94 7
a 517 299 5
a 517 327 9
a 517 412 10
a 518 31 6
a 519 138 10
a 519 410 6
a 519 558 9
a 520 417 2
a 521 163 9
a 521 247 1
a 522 573 2
a 523 10 1
a 524 32 10
a 524 287 5
a 525 101 6
a 525 388 9
a 526 273 1
a 526 401 5
a 526 557 1
a 527 72 9
a 527 540 5
a 528 92 7
a 529 385 2
a 530 208 7
a 530 326 8
a 530 334 8
a 530 575 6
a 530 580 8
a 531 192 3
a 532 379 6
a 532 468 9
a 533 19 8
a 534 425 3
a 535 98 9
a 535 127 8
a 535 193 1
a 535 415 6
a 536 143 5
a 536 178 5
a 537 99 3
a 537 250 3
a 537 261 7
a 537 593 1
a 538 563 2
a 539 118 8
a 539 203 10
a 540 99 4
a 540 481 5
a 541 196 3
a 541 216 3
a 541 284 6
a 541 542 1
a 542 39 1
a 542 294 8
a 543 280 5
a 543 475 4
a 544 511 7
a 545 449 4
a 546 318 8
a 546 567 1
a 547 550 8
a 548 87 3
a 549 44 2
a 550 97 5
a 550 172 4
a 550 343 6
a 551 132 8
a 552 66 6
a 552 374 5
a 552 503 8
a 553 413 6
a 553 593 9
a 554 526 3
a 554 529 10
a 555 371 2
a 555 581 5
a 556 47 10
a 556 540 1
a 557 110 9
a 558 164 3
a 558 167 7
a 559 465 1
a 559 576 5
a 560 384 9
a 560 597 8
a 561 33 6
a 562 86 5
a 562 201 6
a 563 90 6
a 563 139 1
a 564 149 5
a 565 3 2
a 565 428 3
a 565 478 10
a 566 75 7
a 567 99 2
a 567 340 7
a 567 520 4
a 567 528 1
a 568 186 7
a 568 412 3
a 569 438 2
a 569 573 5
a 570 482 6
a 571 35 10
a 571 432 2
a 571 583 8
a 572 468 9
a 572 521 8
a 573 28 1
a 573 377 9
a 573 542 10
a 574 150 1
a 575 318 10
a 576 304 10
a 576 473 1
a 577 210 6
a 577 258 3
a 577 279 5
a 577 435 9
a 578 9 2
a 578 161 8
a 579 258 6
a 579 350 1
a 580 206 10
a 581 361 5
a 582 8 10
a 582 95 1
a 583 227 3
a 583 362 10
a 584 75 2
a 584 431 10
a 585 24 9
a 585 116 10
a 585 260 7
a 585 373 1
a 585 531 5
a 586 152 4
a 586 460 9
a 587 175 1
a 588 482 4
a 588 546 4
a 589 441 5
a 589 586 8
a 590 331 2
a 591 474 3
a 592 271 3
a 592 281 4
a 592 445 5
a 592 547 9
a 593 184 6
a 593 240 2
a 594 107 5
a 594 217 3
a 594 560 5
a 595 466 10
a 596 19 8
a 596 516 5
a 597 28 3
a 597 56 9
a 597 337 2
a 598 312 3
a 598 567 6
a 599 311 8
a 599 315 8
a 599 329 8
