p max 600 1200
n 1 s
n 600 t
a 1 167 6
a 1 587 8
a 2 490 7
a 2 526 2
a 3 280 7
a 3 369 6
a 4 362 3
a 5 257 10
a 5 418 7
a 6 260 6
a 7 298 9
a 7 443 9
a 8 151 10
a 8 293 7
a 8 457 6
a 9 112 8
a 9 181 1
a 10 591 1
a 11 587 2
a 12 102 3
a 12 478 4
a 13 326 7
a 13 381 7
a 13 433 9
a 14 572 2
a 15 105 1
a 15 544 7
a 16 94 6
a 17 467 1
a 18 216 8
a 19 308 7
a 19 500 9
a 20 308 3
a 20 310 5
a 20 386 6
a 21 112 6
a 21 118 1
a 21 197 3
a 21 311 1
a 21 471 4
a 22 73 2
a 23 424 10
a 23 522 1
a 24 139 5
a 24 381 7
a 25 471 2
a 26 185 8
a 26 296 9
a 26 552 7
a 27 82 3
a 27 85 5
a 27 95 5
a 27 332 8
a 28 224 2
a 29 208 6
a 29 399 1
a 29 476 1
a 30 319 8
a 31 420 5
a 32 36 4
a 32 172 8
a 32 226 1
a 33 504 9
a 33 520 5
a 34 55 9
a 34 355 7
a 34 448 8
a 34 462 7
a 35 323 6
a 36 256 5
a 37 74 4
a 38 377 7
a 38 432 7
a 38 437 7
a 38 482 1
a 39 6 1
a 40 351 7
a 40 458 1
a 40 589 8
a 41 25 3
a 42 200 1
a 43 335 3
a 44 258 6
a 44 464 2
a 45 404 3
a 45 593 6
a 46 237 10
a 47 97 9
a 48 270 2
a 48 536 9
a 49 145 8
a 49 283 4
a 50 189 9
a 50 264 2
a 51 77 1
a 51 125 10
a 52 72 2
a 52 85 3
a 53 433 10
a 53 534 8
a 54 423 3
a 54 453 8
a 55 15 3
a 55 213 4
a 55 215 1
a 55 320 7
a 56 86 4
a 56 179 8
a 56 198 7
a 56 558 9
a 57 4 9
a 58 454 5
a 59 94 1
a 59 202 1
a 59 468 6
a 60 38 6
a 60 150 4
a 60 236 8
a 60 494 6
a 61 66 1
a 61 265 3
a 61 279 10
a 62 14 4
a 62 318 4
a 63 72 6
a 63 142 2
a 63 235 2
a 64 203 3
a 65 302 9
a 66 265 3
a 66 452 6
a 67 336 1
a 67 422 8
a 68 271 1
a 69 26 5
a 69 62 2
a 69 84 1
a 70 186 6
a 71 316 7
a 71 319 8
a 71 576 5
a 72 503 3
a 72 570 1
a 72 592 10
a 73 42 1
a 73 265 2
a 73 289 5
a 73 306 7
a 74 553 3
a 75 57 5
a 75 497 1
a 76 43 9
a 76 411 3
a 77 552 8
a 78 36 10
a 78 239 10
a 78 439 4
a 79 551 9
a 80 95 3
a 80 98 8
a 81 396 5
a 82 144 7
a 82 370 4
a 83 153 9
a 83 388 4
a 84 377 3
a 84 379 6
a 85 97 10
a 85 255 7
a 86 172 1
a 86 532 2
a 87 378 10
a 87 433 3
a 88 23 8
a 88 305 4
a 89 161 1
a 89 259 9
a 89 523 10
a 90 156 2
a 90 158 1
a 90 241 2
a 91 281 6
a 91 350 1
a 92 110 1
a 92 113 7
a 92 472 5
a 92 518 7
a 93 124 3
a 93 473 2
a 94 40 1
a 94 149 3
a 94 209 10
a 95 212 5
a 95 338 4
a 96 111 4
a 96 380 3
a 97 542 1
a 98 542 1
a 98 577 7
a 99 124 8
a 99 271 4
a 100 53 2
a 100 59 6
a 100 288 6
a 100 437 2
a 101 263 7
a 101 494 10
a 102 199 5
a 102 518 5
a 103 112 6
a 103 586 9
a 104 295 7
a 105 431 7
a 105 435 1
a 105 465 8
a 105 583 1
a 106 415 9
a 106 511 8
a 107 331 2
a 107 469 9
a 108 383 7
a 109 182 3
a 109 521 7
a 110 265 1
a 111 276 1
a 111 318 7
a 111 402 8
a 111 542 1
a 112 120 4
a 112 544 10
a 113 58 7
a 113 161 3
a 113 178 6
a 113 285 10
a 114 118 7
a 115 215 10
a 115 274 2
a 115 385 1
a 116 106 5
a 116 182 10
a 117 22 3
a 117 190 1
a 117 389 8
a 117 562 5
a 118 371 10
a 119 114 8
a 119 475 10
a 120 510 7
a 121 268 9
a 121 444 7
a 122 20 4
a 122 140 8
a 123 484 4
a 124 466 8
a 125 272 3
a 126 358 1
a 126 446 3
a 127 542 8
a 128 399 8
a 129 189 10
a 129 455 10
a 130 579 3
a 131 121 4
a 131 237 9
a 131 461 10
a 132 183 8
a 133 207 8
a 133 231 7
a 134 21 8
a 134 338 5
a 135 293 8
a 136 9 1
a 136 253 6
a 137 216 9
a 138 172 9
a 139 84 1
a 139 90 6
a 139 166 8
a 139 268 3
a 139 344 6
a 139 351 8
a 139 361 3
a 139 415 4
a 140 75 2
a 140 422 10
a 141 111 4
a 141 214 1
a 141 250 5
a 142 2 3
a 142 109 1
a 142 258 2
a 142 277 4
a 143 132 1
a 143 152 1
a 144 15 7
a 145 244 9
a 146 97 3
a 146 255 8
a 147 469 7
a 148 136 9
a 148 262 9
a 148 585 3
a 149 224 1
a 149 231 6
a 149 588 6
a 149 600 6
a 150 218 1
a 151 64 2
a 151 417 8
a 151 448 3
a 152 189 8
a 152 269 2
a 153 365 1
a 153 525 2
a 154 533 1
a 155 253 9
a 156 189 6
a 157 460 6
a 157 488 8
a 158 26 10
a 158 71 1
a 158 330 1
a 159 63 5
a 159 408 3
a 160 285 3
a 160 462 2
a 161 447 10
a 162 44 2
a 162 47 7
a 162 123 8
a 163 337 2
a 164 122 7
a 164 467 8
a 165 170 2
a 165 360 5
a 166 18 8
a 166 276 10
a 166 446 9
a 167 504 1
a 167 524 1
a 168 4 5
a 168 102 1
a 168 254 9
a 168 470 5
a 169 51 5
a 169 96 7
a 170 114 1
a 170 495 8
a 171 103 10
a 172 117 6
a 172 304 7
a 173 327 7
a 174 16 9
a 174 160 5
a 174 204 8
a 174 265 10
a 175 350 3
a 176 122 2
a 177 22 1
a 178 136 3
a 178 138 4
a 178 179 8
a 178 376 4
a 179 17 4
a 179 133 7
a 179 387 1
a 180 104 8
a 181 245 2
a 182 86 1
a 182 290 1
a 183 219 4
a 183 294 5
a 184 152 1
a 184 416 1
a 184 432 8
a 184 504 5
a 185 226 2
a 186 549 3
a 187 33 5
a 187 140 4
a 187 393 8
a 187 412 7
a 187 600 6
a 188 72 9
a 189 455 5
a 190 53 10
a 191 167 10
a 191 321 7
a 191 395 1
a 191 437 8
a 192 93 4
a 193 122 4
a 193 329 5
a 194 322 1
a 194 543 8
a 195 472 7
a 196 69 2
a 196 402 4
a 197 166 5
a 197 579 6
a 198 343 4
a 198 397 1
a 199 278 2
a 200 134 2
a 201 499 1
a 201 531 8
a 201 598 1
a 202 367 5
a 202 572 5
a 203 41 2
a 203 189 10
a 204 11 9
a 204 55 7
a 204 220 1
a 205 574 5
a 206 24 8
a 206 32 7
a 206 431 1
a 206 599 2
a 207 42 8
a 207 360 3
a 207 509 9
a 208 394 2
a 208 451 10
a 208 515 8
a 208 588 7
a 209 2 2
a 210 477 5
a 210 490 1
a 210 555 2
a 211 257 6
a 211 283 10
a 211 436 10
a 212 154 2
a 212 285 5
a 212 401 8
a 212 467 4
a 212 567 8
a 212 584 4
a 213 292 6
a 214 115 7
a 214 333 5
a 214 574 6
a 215 448 2
a 216 204 6
a 216 443 5
a 217 164 10
a 218 46 1
a 219 112 8
a 219 291 10
a 220 28 6
a 220 36 3
a 220 273 1
a 220 419 9
a 220 442 1
a 221 137 3
a 221 445 1
a 222 68 8
a 222 219 5
a 222 485 3
a 223 128 2
a 223 354 10
a 224 271 1
a 224 481 1
a 224 543 1
a 224 550 4
a 225 302 1
a 225 510 10
a 225 541 7
a 226 10 4
a 226 234 8
a 226 547 6
a 227 7 3
a 227 218 2
a 228 420 10
a 229 460 9
a 230 176 1
a 230 567 8
a 231 10 6
a 231 157 6
a 231 206 2
a 231 295 10
a 232 530 9
a 233 97 5
a 234 275 7
a 235 86 10
a 236 257 3
a 237 33 6
a 238 243 2
a 238 493 2
a 239 91 7
a 240 88 5
a 240 96 6
a 240 135 10
a 240 314 1
a 240 526 5
a 241 430 9
a 242 43 7
a 243 54 10
a 243 391 6
a 244 134 1
a 244 437 3
a 245 132 2
a 245 428 10
a 245 429 6
a 246 153 4
a 247 407 2
a 247 469 3
a 248 132 8
a 249 239 10
a 250 80 2
a 251 100 2
a 251 229 10
a 251 246 6
a 251 291 2
a 251 342 9
a 252 61 9
a 252 368 2
a 252 483 4
a 252 553 6
a 253 182 6
a 253 374 8
a 253 536 1
a 254 181 8
a 254 275 6
a 255 25 3
a 255 201 2
a 255 213 6
a 255 571 3
a 256 163 4
a 256 468 2
a 256 512 8
a 257 216 8
a 257 423 4
a 258 51 2
a 258 327 3
a 259 271 2
a 260 454 3
a 260 460 2
a 261 143 4
a 262 279 10
a 263 425 2
a 264 299 8
a 264 559 2
a 265 221 2
a 266 479 2
a 266 485 6
a 267 316 1
a 268 38 6
a 269 49 6
a 269 586 6
a 270 47 4
a 271 412 5
a 272 447 8
a 272 501 1
a 273 221 2
a 274 372 4
a 275 108 2
a 276 155 3
a 277 115 10
a 277 158 4
a 278 397 4
a 278 539 2
a 279 107 5
a 279 360 1
a 279 394 10
a 280 186 8
a 280 396 1
a 280 427 3
a 280 438 5
a 280 501 6
a 281 146 6
a 282 248 3
a 283 79 7
a 283 345 7
a 283 425 6
a 283 441 3
a 284 352 7
a 285 204 5
a 286 87 10
a 287 66 5
a 288 293 8
a 289 146 10
a 289 370 8
a 290 137 5
a 290 378 6
a 291 292 2
a 292 369 3
a 292 516 8
a 293 75 10
a 293 515 6
a 294 6 6
a 294 282 1
a 295 60 7
a 295 78 10
a 295 245 3
a 295 290 7
a 296 30 6
a 296 565 1
a 297 381 7
a 297 417 6
a 297 575 2
a 297 578 5
a 298 67 2
a 298 82 7
a 298 168 8
a 299 21 6
a 299 101 7
a 299 466 6
a 299 525 4
a 300 5 8
a 301 336 10
a 302 27 7
a 303 99 5
a 303 307 10
a 303 575 4
a 304 63 8
a 304 272 8
a 305 141 3
a 305 192 3
a 305 283 2
a 305 364 1
a 306 544 3
a 307 164 1
a 307 347 9
a 307 372 9
a 308 3 8
a 308 77 9
a 308 223 6
a 308 498 8
a 309 89 4
a 309 133 9
a 309 400 10
a 310 74 6
a 310 531 7
a 311 13 6
a 311 488 9
a 312 242 6
a 312 261 7
a 312 508 2
a 313 57 3
a 313 596 1
a 314 331 4
a 315 187 8
a 315 299 5
a 316 68 8
a 317 197 8
a 317 507 1
a 318 238 5
a 318 328 1
a 319 553 4
a 320 315 5
a 321 141 1
a 322 16 5
a 322 549 10
a 323 23 8
a 323 239 7
a 323 284 2
a 324 33 7
a 324 255 6
a 325 440 5
a 325 591 3
a 326 411 4
a 326 532 2
a 327 76 10
a 327 532 3
a 328 242 1
a 328 325 4
a 329 386 2
a 330 520 2
a 331 333 5
a 332 98 4
a 333 240 2
a 334 211 3
a 334 273 3
a 335 293 1
a 335 301 1
a 335 340 7
a 336 545 5
a 336 584 9
a 337 517 7
a 338 117 1
a 338 208 10
a 339 174 2
a 339 317 10
a 340 306 4
a 341 297 7
a 341 414 10
a 341 485 1
a 341 506 9
a 342 6 3
a 342 193 1
a 342 362 3
a 343 525 10
a 344 48 8
a 344 516 7
a 345 131 10
a 345 180 6
a 345 279 2
a 346 259 8
a 347 267 5
a 347 540 8
a 348 209 2
a 348 559 8
a 349 562 7
a 350 20 9
a 351 181 2
a 351 240 1
a 352 26 10
a 353 188 1
a 353 425 2
a 354 127 10
a 354 157 3
a 354 315 4
a 355 424 3
a 355 519 7
a 356 519 7
a 357 384 6
a 358 178 6
a 359 91 2
a 359 227 4
a 360 282 5
a 361 183 9
a 361 403 10
a 361 573 7
a 362 482 4
a 363 129 7
a 363 374 3
a 364 155 10
a 364 164 3
a 364 238 5
a 365 280 4
a 365 392 5
a 365 425 6
a 366 592 9
a 367 27 2
a 367 566 7
a 368 25 7
a 368 554 9
a 369 54 3
a 369 589 4
a 370 429 9
a 371 439 7
a 372 464 9
a 373 175 8
a 374 82 10
a 375 77 4
a 375 244 8
a 376 349 6
a 376 368 9
a 376 557 2
a 377 70 1
a 377 129 7
a 377 384 7
a 378 344 5
a 378 410 3
a 379 92 9
a 379 213 8
a 379 248 4
a 379 444 10
a 380 186 2
a 380 528 7
a 381 394 9
a 382 266 6
a 382 325 3
a 383 196 2
a 383 381 1
a 384 103 5
a 384 436 1
a 385 294 7
a 386 331 8
a 387 254 7
a 388 105 5
a 388 119 6
a 388 406 7
a 389 24 8
a 389 28 10
a 389 325 8
a 390 27 9
a 391 39 7
a 391 41 5
a 391 569 6
a 392 189 4
a 393 582 2
a 394 193 1
a 395 335 3
a 395 371 1
a 396 165 1
a 397 233 2
a 397 303 3
a 397 363 2
a 398 529 3
a 398 546 1
a 399 193 2
a 399 295 3
a 400 163 1
a 401 79 5
a 401 375 10
a 402 291 9
a 402 564 3
a 403 353 1
a 403 512 4
a 404 342 10
a 405 459 10
a 405 528 5
a 406 238 7
a 407 147 3
a 407 270 1
a 408 107 6
a 409 140 4
a 409 162 6
a 410 270 4
a 410 581 4
a 410 594 3
a 411 245 10
a 411 354 2
a 412 560 4
a 413 167 7
a 414 479 10
a 414 492 5
a 415 300 1
a 415 460 7
a 416 333 8
a 416 350 4
a 417 165 1
a 417 465 9
a 418 493 5
a 418 563 1
a 419 173 3
a 419 212 2
a 419 498 5
a 420 72 9
a 421 40 4
a 421 487 9
a 421 514 7
a 422 112 2
a 422 296 3
a 423 145 9
a 423 218 7
a 423 543 7
a 424 50 3
a 424 144 7
a 424 381 6
a 424 527 1
a 425 51 6
a 425 598 5
a 426 504 2
a 427 459 9
a 427 533 9
a 428 247 7
a 428 379 2
a 429 83 8
a 429 89 10
a 429 222 2
a 429 298 2
a 430 74 4
a 430 344 2
a 431 188 6
a 431 337 1
a 432 111 3
a 433 171 6
a 433 531 7
a 434 413 1
a 434 480 3
a 434 513 7
a 434 535 7
a 435 65 2
a 435 143 1
a 436 10 4
a 436 91 10
a 436 390 4
a 436 408 8
a 437 119 7
a 437 313 7
a 438 194 1
a 439 13 10
a 439 455 9
a 440 265 7
a 441 29 3
a 441 484 8
a 442 287 4
a 442 366 3
a 443 470 4
a 444 47 7
a 444 356 7
a 444 491 7
a 444 591 9
a 445 117 8
a 445 312 4
a 446 335 7
a 446 580 1
a 447 534 10
a 448 150 10
a 448 287 7
a 449 114 10
a 449 195 9
a 449 254 7
a 449 339 7
a 450 141 3
a 450 324 7
a 450 538 5
a 450 560 7
a 450 592 8
a 451 183 4
a 451 431 1
a 452 272 9
a 453 363 5
a 453 408 8
a 453 434 1
a 454 175 5
a 454 590 2
a 455 263 6
a 455 338 6
a 456 259 7
a 456 539 4
a 457 420 10
a 458 78 3
a 458 260 6
a 459 372 9
a 459 421 1
a 460 208 6
a 460 286 6
a 460 292 7
a 460 519 3
a 461 400 1
a 462 65 4
a 462 259 4
a 463 341 10
a 463 595 5
a 464 228 3
a 464 352 10
a 464 529 3
a 465 237 4
a 466 510 9
a 467 148 3
a 467 350 2
a 468 191 5
a 468 267 3
a 468 571 1
a 469 317 5
a 469 485 7
a 470 111 4
a 470 386 8
a 471 237 9
a 471 517 2
a 472 199 6
a 473 193 9
a 474 595 10
a 475 309 9
a 475 490 10
a 476 211 4
a 476 463 6
a 477 187 2
a 477 273 8
a 478 37 4
a 478 355 8
a 479 349 1
a 479 453 10
a 479 474 4
a 480 184 8
a 481 115 8
a 481 359 3
a 481 420 4
a 482 438 3
a 483 302 10
a 483 449 7
a 484 61 6
a 485 31 6
a 485 571 1
a 486 19 3
a 486 296 1
a 487 107 8
a 487 194 7
a 487 489 9
a 487 597 1
a 488 70 9
a 488 561 5
a 489 331 3
a 489 404 9
a 489 455 10
a 490 23 7
a 491 599 9
a 492 262 5
a 493 5 5
a 494 226 9
a 495 357 3
a 495 496 3
a 496 110 6
a 496 275 8
a 497 183 10
a 498 315 7
a 499 81 2
a 500 512 8
a 500 537 9
a 501 466 5
a 502 23 8
a 502 323 1
a 503 275 4
a 504 116 7
a 504 278 3
a 505 93 3
a 505 367 8
a 506 28 8
a 507 38 7
a 507 78 10
a 507 334 1
a 508 335 8
a 508 442 3
a 509 56 2
a 509 178 3
a 509 237 8
a 510 122 3
a 510 250 4
a 510 341 8
a 511 137 3
a 511 357 7
a 512 52 3
a 512 190 2
a 512 221 1
a 512 374 9
a 512 554 8
a 513 252 4
a 513 382 8
a 514 5 9
a 514 232 2
a 514 427 3
a 515 144 5
a 515 249 10
a 515 286 10
a 516 404 6
a 517 109 7
a 517 456 1
a 517 589 4
a 518 551 6
a 519 151 8
a 519 159 1
a 519 515 8
a 519 551 6
a 520 590 3
a 520 593 7
a 521 29 2
a 521 175 7
a 521 184 5
a 521 398 9
a 522 81 5
a 522 149 9
a 522 251 4
a 522 582 2
a 523 116 8
a 523 373 4
a 524 391 7
a 525 106 3
a 526 222 9
a 527 256 4
a 527 486 9
a 527 553 6
a 528 297 6
a 529 334 4
a 530 55 7
a 531 376 10
a 531 563 9
a 532 273 2
a 532 409 3
a 532 481 3
a 533 71 5
a 534 383 6
a 534 461 8
a 535 418 3
a 536 153 7
a 536 210 7
a 536 265 6
a 537 179 6
a 537 556 4
a 538 505 2
a 538 586 6
a 539 599 2
a 540 130 10
a 540 169 2
a 540 207 5
a 540 316 10
a 541 79 1
a 542 57 1
a 542 553 4
a 543 52 9
a 543 126 9
a 543 568 9
a 544 379 4
a 545 125 2
a 545 495 4
a 546 581 6
a 547 116 3
a 547 374 4
a 548 27 4
a 548 114 1
a 549 139 1
a 549 447 3
a 550 415 7
a 551 87 5
a 551 566 10
a 552 12 2
a 552 598 10
a 553 473 8
a 553 530 5
a 554 332 4
a 554 591 5
a 555 134 4
a 555 366 10
a 555 405 4
a 556 46 7
a 556 73 8
a 556 321 5
a 557 477 2
a 558 330 7
a 558 502 7
a 559 500 5
a 560 35 2
a 560 46 3
a 560 434 7
a 561 519 4
a 561 574 3
a 562 230 7
a 562 320 8
a 562 553 4
a 562 565 2
a 563 148 10
a 564 382 10
a 564 577 10
a 565 205 6
a 565 295 7
a 566 34 1
a 566 189 10
a 566 203 7
a 567 256 9
a 567 426 9
a 567 492 2
a 568 507 2
a 568 590 3
a 569 17 2
a 569 45 8
a 569 406 2
a 570 135 3
a 570 337 3
a 571 164 3
a 572 253 3
a 572 473 9
a 573 23 7
a 573 511 6
a 574 446 5
a 575 225 6
a 575 457 5
a 576 321 8
a 576 548 6
a 576 566 9
a 577 11 4
a 578 500 6
a 579 67 9
a 579 535 9
a 579 592 7
a 580 14 8
a 580 57 5
a 580 431 9
a 581 80 8
a 581 177 7
a 581 450 3
a 581 495 6
a 581 567 3
a 582 200 4
a 582 539 10
a 583 383 7
a 584 10 10
a 585 109 4
a 586 154 10
a 586 349 8
a 587 132 8
a 587 316 7
a 587 346 8
a 588 14 7
a 588 348 1
a 589 104 6
a 589 352 1
a 590 277 8
a 590 430 6
a 591 97 6
a 591 546 6
a 592 8 10
a 592 136 1
a 593 48 6
a 593 217 6
a 594 94 10
a 594 537 1
a 595 328 5
a 595 449 7
a 595 599 5
a 596 143 4
a 597 108 10
a 597 249 4
a 598 287 8
a 598 404 3
a 599 208 8
a 599 367 2
