p max 600 1200
n 1 s
n 600 t
a 1 117 7
a 2 43 5
a 2 385 10
a 3 19 9
a 3 305 9
a 4 76 8
a 5 179 7
a 6 105 8
a 6 382 3
a 6 449 9
a 6 459 8
a 7 384 10
a 7 553 5
a 7 562 8
a 8 166 6
a 8 316 7
a 9 218 2
a 9 537 10
a 10 258 8
a 11 127 2
a 11 513 10
a 12 558 7
a 13 139 9
a 13 226 10
a 13 396 6
a 14 26 1
a 14 101 5
a 14 204 3
a 14 342 9
a 15 34 6
a 16 343 1
a 17 218 9
a 18 47 10
a 18 113 2
a 18 461 5
a 18 520 2
a 19 149 8
a 20 216 5
a 20 502 9
a 21 180 4
a 21 188 6
a 21 335 6
a 21 436 2
a 22 512 8
a 23 372 5
a 24 158 1
a 24 332 6
a 25 86 7
a 25 408 7
a 25 572 8
a 26 274 8
a 26 288 3
a 26 506 3
a 27 410 8
a 28 531 1
a 29 440 10
a 29 532 9
a 30 422 7
a 31 459 1
a 31 547 8
a 32 445 8
a 33 66 8
a 33 354 9
a 34 267 9
a 34 524 10
a 35 102 9
a 35 132 10
a 36 176 2
a 37 332 10
a 38 108 8
a 38 194 5
a 38 318 1
a 38 384 7
a 39 162 2
a 40 35 1
a 40 43 9
a 41 10 7
a 41 340 10
a 42 557 5
a 43 85 9
a 43 313 8
a 43 581 8
a 44 201 9
a 44 205 6
a 45 444 1
a 45 567 7
a 45 571 1
a 46 440 3
a 47 31 7
a 48 438 6
a 48 516 4
a 49 115 1
a 49 461 2
a 50 381 9
a 50 424 1
a 51 580 5
a 52 531 4
a 52 551 6
a 53 183 10
a 53 196 10
a 53 207 4
a 53 351 5
a 54 131 8
a 55 356 2
a 56 483 6
a 57 373 5
a 57 499 5
a 57 530 9
a 58 70 8
a 58 136 6
a 58 540 7
a 59 78 4
a 60 340 4
a 61 77 7
a 61 233 9
a 61 487 10
a 61 491 2
a 62 520 5
a 63 48 10
a 63 584 1
a 64 58 9
a 65 94 8
a 65 125 7
a 65 278 1
a 65 533 7
a 66 563 2
a 67 333 2
a 68 480 7
a 68 514 2
a 69 66 6
a 70 47 9
a 70 323 5
a 71 352 6
a 72 427 9
a 72 600 8
a 73 319 6
a 73 535 2
a 74 247 2
a 74 498 4
a 75 339 10
a 75 359 2
a 75 514 2
a 76 225 5
a 77 179 10
a 77 352 4
a 78 155 1
a 78 304 2
a 79 352 5
a 79 464 4
a 80 153 4
a 80 264 6
a 80 590 5
a 81 131 4
a 81 222 10
a 81 416 2
a 82 187 4
a 82 251 4
a 82 325 10
a 82 398 8
a 83 148 7
a 84 33 10
a 84 596 8
a 85 17 1
a 86 6 1
a 86 97 1
a 86 247 9
a 86 401 6
a 87 148 8
a 88 181 1
a 88 434 8
a 89 249 6
a 89 513 2
a 90 350 9
a 91 269 3
a 91 354 10
a 91 574 9
a 92 187 3
a 92 556 3
a 93 24 4
a 93 37 2
a 93 184 5
a 93 197 3
a 94 322 3
a 95 404 8
a 95 559 7
a 96 318 7
a 97 206 8
a 97 503 1
a 97 519 10
a 98 368 3
a 98 453 10
a 99 34 1
a 100 158 5
a 100 312 3
a 101 117 8
a 102 87 6
a 102 404 3
a 103 175 9
a 103 206 1
a 104 123 9
a 105 265 10
a 105 363 8
a 105 364 8
a 106 156 5
a 107 498 4
a 108 454 3
a 109 22 3
a 109 379 6
a 110 367 8
a 111 92 8
a 111 202 8
a 111 402 2
a 112 21 3
a 112 190 1
a 113 168 3
a 113 284 10
a 113 376 9
a 114 21 7
a 114 116 6
a 115 76 5
a 115 567 4
a 116 444 8
a 117 133 8
a 117 327 8
a 117 352 4
a 118 420 9
a 119 300 3
a 119 392 6
a 119 471 8
a 120 467 2
a 120 577 5
a 121 59 1
a 121 174 7
a 121 488 2
a 121 592 10
a 122 12 7
a 122 373 10
a 123 291 1
a 124 521 10
a 125 587 4
a 126 125 8
a 127 160 4
a 127 199 6
a 127 285 8
a 127 428 5
a 128 34 5
a 129 224 3
a 129 404 9
a 130 56 4
a 130 493 5
a 131 178 5
a 131 390 7
a 132 164 6
a 132 435 2
a 133 585 5
a 134 341 8
a 134 539 5
a 135 301 6
a 135 398 9
a 135 462 4
a 136 299 7
a 136 305 3
a 137 197 2
a 137 353 2
a 138 280 5
a 138 364 8
a 139 89 1
a 140 81 5
a 140 217 9
a 140 481 5
a 141 62 3
a 141 259 5
a 142 322 9
a 143 166 10
a 144 180 9
a 145 195 3
a 145 337 4
a 146 128 10
a 146 448 8
a 147 62 6
a 147 393 7
a 147 451 8
a 148 79 8
a 148 435 8
a 148 490 6
a 149 51 5
a 149 578 5
a 150 326 3
a 150 592 10
a 151 91 5
a 151 275 6
a 152 151 1
a 152 192 2
a 153 489 10
a 154 82 10
a 154 135 3
a 154 264 4
a 154 401 5
a 155 53 8
a 155 104 2
a 155 144 6
a 155 181 6
a 156 170 6
a 156 534 5
a 157 37 7
a 158 132 5
a 158 231 2
a 158 437 6
a 158 457 2
a 159 95 10
a 159 548 7
a 160 39 8
a 160 141 3
a 160 233 5
a 160 510 10
a 161 114 1
a 161 421 5
a 162 78 4
a 162 173 5
a 162 285 5
a 163 397 6
a 164 382 7
a 165 199 9
a 165 252 8
a 165 362 9
a 166 302 7
a 167 53 9
a 168 166 7
a 169 11 1
a 169 536 5
a 170 595 4
a 171 120 3
a 171 210 3
a 171 322 10
a 172 44 3
a 172 76 7
a 172 137 4
a 172 313 8
a 173 209 3
a 173 468 2
a 173 595 7
a 174 520 10
a 174 594 5
a 175 26 9
a 175 84 1
a 175 255 4
a 176 266 1
a 177 227 6
a 177 390 10
a 178 295 8
a 178 485 1
a 179 175 10
a 180 16 3
a 180 269 3
a 181 171 8
a 182 598 5
a 183 52 4
a 183 54 7
a 183 245 9
a 183 512 5
a 183 597 2
a 184 309 3
a 184 463 5
a 185 236 6
a 186 329 8
a 187 559 5
a 188 69 2
a 188 280 3
a 188 511 6
a 189 335 4
a 190 41 7
a 190 241 1
a 190 554 8
a 190 583 10
a 191 189 1
a 191 431 7
a 192 72 7
a 192 158 10
a 192 369 2
a 192 426 3
a 193 257 5
a 193 425 5
a 194 2 1
a 195 598 3
a 196 99 3
a 196 239 10
a 196 582 8
a 197 590 8
a 198 28 10
a 198 47 8
a 199 586 1
a 200 389 4
a 201 40 8
a 201 60 7
a 201 442 10
a 202 134 9
a 202 359 9
a 203 23 8
a 203 500 8
a 204 50 5
a 204 69 2
a 204 246 5
a 204 403 7
a 204 570 5
a 205 314 6
a 205 500 9
a 206 126 8
a 206 310 9
a 206 399 7
a 207 31 8
a 207 171 9
a 207 205 7
a 207 317 4
a 208 60 7
a 208 292 6
a 208 298 9
a 208 309 7
a 209 75 9
a 209 296 1
a 210 5 7
a 211 380 5
a 212 130 5
a 212 156 2
a 213 84 6
a 214 334 1
a 214 448 2
a 215 250 7
a 215 587 4
a 216 145 5
a 217 100 8
a 217 450 1
a 217 478 9
a 218 152 6
a 218 157 10
a 218 284 3
a 218 570 2
a 219 3 4
a 219 32 4
a 219 276 7
a 220 25 2
a 220 74 8
a 221 208 4
a 221 210 9
a 221 234 6
a 222 216 8
a 222 347 5
a 222 415 2
a 223 184 6
a 223 413 6
a 224 264 6
a 225 149 5
a 225 494 3
a 225 537 8
a 226 176 10
a 227 52 1
a 227 439 10
a 227 566 3
a 228 9 10
a 228 437 7
a 229 67 10
a 229 213 5
a 230 174 10
a 230 453 3
a 231 18 8
a 231 46 8
a 231 422 6
a 231 509 5
a 231 523 4
a 231 582 10
a 232 296 10
a 232 447 9
a 232 497 10
a 233 212 1
a 233 289 8
a 234 89 5
a 234 121 10
a 234 267 5
a 234 575 6
a 235 271 5
a 235 558 8
a 236 139 7
a 236 351 2
a 237 554 3
a 238 29 3
a 238 169 8
a 238 352 10
a 238 474 10
a 239 503 9
a 240 302 7
a 241 87 2
a 242 555 10
a 242 564 6
a 243 236 4
a 244 231 8
a 245 191 3
a 246 297 3
a 246 361 6
a 246 453 7
a 247 273 6
a 247 371 9
a 248 446 5
a 249 7 5
a 249 60 8
a 249 86 1
a 250 33 7
a 250 237 6
a 250 348 4
a 250 598 4
a 251 215 10
a 251 486 6
a 251 600 1
a 252 45 5
a 252 81 9
a 253 38 6
a 253 256 8
a 253 340 7
a 253 514 2
a 253 525 5
a 254 7 8
a 254 248 6
a 254 446 8
a 254 552 7
a 255 444 10
a 256 508 5
a 257 241 5
a 257 544 2
a 258 67 9
a 259 12 8
a 260 270 1
a 260 423 2
a 260 593 7
a 261 399 5
a 262 102 2
a 263 123 6
a 263 393 10
a 264 303 1
a 265 333 9
a 266 416 2
a 267 172 9
a 267 244 8
a 267 482 9
a 267 549 8
a 268 169 2
a 269 19 1
a 269 507 5
a 270 72 3
a 270 600 7
a 271 180 6
a 272 594 4
a 273 253 3
a 273 445 1
a 274 444 5
a 274 557 3
a 275 458 10
a 276 234 4
a 276 321 10
a 277 174 1
a 277 545 8
a 277 595 1
a 278 585 10
a 279 409 2
a 279 472 10
a 280 113 10
a 281 401 10
a 281 565 10
a 282 143 9
a 282 154 4
a 283 148 8
a 284 98 1
a 284 419 1
a 285 335 7
a 285 504 10
a 285 536 5
a 286 468 10
a 287 388 8
a 287 393 3
a 288 448 1
a 289 161 8
a 289 257 8
a 290 410 8
a 290 459 4
a 291 122 1
a 292 176 7
a 292 307 6
a 293 220 9
a 293 324 9
a 294 140 5
a 294 476 9
a 295 68 9
a 295 205 5
a 296 49 9
a 296 346 8
a 296 576 8
a 297 122 6
a 297 310 4
a 298 206 4
a 298 589 3
a 299 76 2
a 299 240 9
a 299 336 1
a 300 13 5
a 300 42 9
a 300 406 6
a 300 475 6
a 301 407 8
a 301 419 7
a 302 505 2
a 302 550 8
a 303 273 7
a 303 344 8
a 303 387 10
a 304 39 3
a 304 521 5
a 305 543 6
a 306 599 2
a 307 473 8
a 308 34 7
a 308 64 3
a 308 399 7
a 309 372 4
a 309 418 3
a 309 528 2
a 310 356 1
a 310 528 10
a 311 228 2
a 311 473 7
a 311 543 2
a 312 300 6
a 312 535 8
a 313 17 8
a 313 282 1
a 313 420 1
a 314 272 7
a 315 238 1
a 315 243 8
a 315 395 5
a 316 182 7
a 316 223 10
a 316 471 7
a 317 55 9
a 317 156 3
a 317 438 4
a 317 527 3
a 318 304 4
a 319 163 4
a 319 271 5
a 319 441 10
a 320 21 7
a 321 311 8
a 321 413 7
a 321 451 6
a 322 412 3
a 322 592 9
a 323 244 9
a 323 368 8
a 323 375 4
a 324 69 5
a 325 535 7
a 326 445 8
a 327 70 3
a 327 155 8
a 328 393 6
a 328 454 4
a 329 96 6
a 329 99 4
a 329 476 1
a 330 275 5
a 331 135 4
a 332 65 10
a 332 87 1
a 332 92 9
a 332 329 4
a 332 466 3
a 332 517 2
a 333 128 4
a 333 385 2
a 334 60 10
a 334 449 9
a 335 110 4
a 335 127 4
a 335 479 3
a 336 131 2
a 336 177 4
a 336 293 3
a 337 208 2
a 337 254 7
a 337 291 10
a 338 110 4
a 338 483 7
a 338 508 7
a 339 90 8
a 339 101 7
a 339 472 10
a 340 69 9
a 341 258 9
a 341 555 10
a 342 4 9
a 342 215 8
a 342 469 8
a 343 112 10
a 343 116 10
a 343 583 6
a 344 195 7
a 344 240 4
a 344 350 3
a 344 579 7
a 345 58 8
a 345 115 10
a 346 85 8
a 346 109 2
a 346 186 8
a 346 270 10
a 346 452 5
a 347 5 7
a 347 366 7
a 347 538 9
a 348 281 4
a 349 193 8
a 349 383 9
a 349 402 8
a 350 371 1
a 350 496 6
a 351 48 5
a 351 317 5
a 351 325 8
a 351 479 2
a 352 168 6
a 352 568 3
a 353 277 6
a 353 314 7
a 354 242 1
a 355 338 3
a 356 97 6
a 356 228 5
a 356 262 1
a 357 127 7
a 357 219 1
a 357 482 2
a 357 522 7
a 358 298 3
a 359 103 5
a 359 119 2
a 359 367 2
a 360 135 7
a 360 277 8
a 361 568 8
a 362 377 5
a 362 454 3
a 363 86 1
a 364 91 8
a 364 315 2
a 365 434 9
a 366 424 4
a 367 34 1
a 367 253 8
a 368 7 8
a 368 281 10
a 368 283 2
a 368 306 10
a 369 412 3
a 370 162 4
a 370 309 10
a 370 573 6
a 371 94 4
a 371 170 9
a 372 131 8
a 372 471 10
a 373 349 7
a 373 585 2
a 374 61 4
a 374 117 9
a 374 551 4
a 375 74 3
a 376 450 6
a 377 343 10
a 378 70 1
a 379 214 9
a 379 249 1
a 379 450 3
a 380 148 7
a 380 257 4
a 381 263 7
a 382 208 8
a 383 56 7
a 383 203 9
a 383 344 1
a 384 263 2
a 385 5 5
a 385 386 8
a 386 294 6
a 386 345 4
a 386 389 7
a 386 588 8
a 387 520 9
a 388 302 7
a 389 419 4
a 389 430 8
a 389 470 10
a 389 581 9
a 390 402 5
a 391 104 8
a 392 360 2
a 392 366 6
a 392 370 8
a 393 46 2
a 393 63 2
a 394 484 1
a 395 447 2
a 395 563 10
a 396 207 7
a 397 106 10
a 397 257 1
a 397 371 7
a 397 471 9
a 398 127 1
a 398 570 5
a 399 431 6
a 399 593 1
a 400 205 6
a 401 153 8
a 402 165 3
a 402 429 4
a 403 80 1
a 403 232 7
a 403 250 1
a 403 383 4
a 404 402 8
a 405 146 8
a 405 277 5
a 406 47 6
a 407 109 6
a 407 217 10
a 407 555 7
a 408 107 10
a 408 121 7
a 409 38 9
a 409 176 2
a 410 54 9
a 410 153 9
a 410 399 5
a 411 121 4
a 411 175 3
a 412 133 7
a 412 286 10
a 413 164 5
a 413 182 9
a 413 239 10
a 413 290 3
a 414 320 2
a 414 370 10
a 414 405 10
a 415 400 1
a 415 534 1
a 416 378 10
a 417 303 1
a 418 93 7
a 418 122 5
a 418 542 4
a 419 50 3
a 419 328 5
a 419 596 1
a 420 527 8
a 421 302 1
a 421 505 2
a 422 382 5
a 423 243 4
a 423 534 8
a 424 180 9
a 425 122 10
a 425 419 4
a 426 254 2
a 427 230 10
a 428 227 10
a 429 308 7
a 429 326 1
a 429 591 6
a 430 592 8
a 431 95 1
a 431 442 7
a 432 118 6
a 432 207 10
a 432 330 2
a 432 506 5
a 433 523 2
a 434 41 3
a 434 185 10
a 434 279 2
a 435 465 8
a 436 338 9
a 436 580 2
a 437 108 7
a 437 143 9
a 437 573 10
a 438 540 2
a 438 599 3
a 439 425 8
a 440 268 2
a 440 474 7
a 441 372 9
a 442 165 6
a 443 358 5
a 444 326 6
a 444 386 1
a 445 430 3
a 445 458 2
a 446 380 6
a 446 522 1
a 447 146 2
a 447 272 9
a 448 192 5
a 448 198 4
a 448 501 3
a 448 594 9
a 449 141 2
a 450 341 8
a 451 425 1
a 452 23 10
a 453 142 4
a 453 304 7
a 453 305 9
a 453 447 6
a 454 122 5
a 454 345 7
a 455 25 3
a 455 150 7
a 455 239 1
a 455 469 5
a 455 569 1
a 456 123 8
a 457 151 4
a 458 63 10
a 459 257 3
a 460 509 4
a 461 368 6
a 462 221 9
a 462 236 3
a 462 331 5
a 462 390 8
a 463 125 8
a 463 465 8
a 463 553 6
a 464 274 2
a 464 357 8
a 465 571 1
a 466 331 2
a 466 537 6
a 467 71 5
a 467 130 1
a 467 394 1
a 468 102 4
a 468 551 6
a 469 462 4
a 470 505 1
a 471 164 2
a 472 317 5
a 473 53 2
a 473 397 4
a 474 49 5
a 474 478 9
a 475 34 1
a 475 378 6
a 476 227 10
a 477 208 2
a 478 22 5
a 478 75 3
a 479 66 9
a 479 289 6
a 479 495 5
a 480 592 3
a 481 200 4
a 481 597 5
a 482 295 10
a 482 411 8
a 483 74 10
a 483 78 10
a 483 216 7
a 483 490 7
a 484 327 2
a 485 30 9
a 485 268 6
a 486 98 1
a 486 443 10
a 486 561 6
a 487 252 9
a 488 77 6
a 488 229 2
a 489 20 10
a 489 220 7
a 489 584 1
a 490 240 9
a 491 147 9
a 491 435 8
a 491 489 4
a 491 546 7
a 492 8 10
a 492 114 6
a 492 433 9
a 492 447 9
a 493 433 10
a 494 103 1
a 495 280 3
a 495 559 8
a 496 67 3
a 497 229 7
a 497 481 3
a 498 10 9
a 498 271 8
a 498 440 4
a 498 492 2
a 499 368 6
a 500 65 4
a 500 111 2
a 500 347 6
a 500 391 5
a 501 322 5
a 501 340 6
a 501 515 9
a 502 261 6
a 503 539 4
a 504 169 2
a 504 335 6
a 504 477 10
a 505 27 7
a 505 73 8
a 506 141 4
a 507 94 2
a 507 211 9
a 508 302 3
a 509 129 9
a 509 396 6
a 510 133 5
a 511 312 5
a 511 544 8
a 511 560 8
a 512 161 8
a 513 244 10
a 513 333 10
a 514 409 9
a 514 420 10
a 514 541 2
a 515 167 8
a 515 234 9
a 515 496 3
a 516 355 2
a 516 540 4
a 517 588 10
a 518 149 2
a 518 213 7
a 518 461 4
a 519 171 3
a 520 598 5
a 521 219 7
a 522 3 4
a 522 230 10
a 522 302 8
a 523 287 8
a 523 429 10
a 524 39 3
a 525 69 8
a 525 263 4
a 526 127 1
a 526 374 8
a 527 220 7
a 527 266 3
a 528 529 1
a 528 530 3
a 529 201 7
a 530 82 10
a 530 365 7
a 531 383 8
a 532 409 8
a 533 429 9
a 533 455 2
a 534 55 8
a 534 249 2
a 534 484 2
a 535 558 4
a 536 597 5
a 537 361 9
a 538 47 9
a 538 88 2
a 539 298 10
a 539 303 4
a 540 156 7
a 541 32 4
a 541 124 7
a 541 128 10
a 541 531 5
a 542 415 1
a 543 30 9
a 543 456 1
a 543 485 7
a 544 14 4
a 544 287 10
a 545 73 2
a 545 460 8
a 546 475 6
a 546 510 1
a 547 43 1
a 547 357 1
a 547 578 6
a 548 149 8
a 548 260 9
a 548 462 7
a 548 531 9
a 549 225 4
a 549 590 3
a 550 363 7
a 551 182 10
a 552 167 8
a 552 434 9
a 553 36 6
a 553 138 9
a 553 446 8
a 553 518 9
a 554 162 5
a 554 250 6
a 555 343 8
a 555 355 1
a 555 372 6
a 555 432 6
a 556 145 8
a 556 345 4
a 556 526 7
a 557 265 5
a 557 577 8
a 558 42 2
a 559 39 6
a 559 57 1
a 559 235 3
a 560 443 9
a 561 242 2
a 561 339 6
a 561 496 2
a 562 23 8
a 562 563 9
a 563 2 4
a 563 338 6
a 563 352 5
a 564 232 6
a 565 30 5
a 565 83 9
a 566 91 4
a 566 523 3
a 567 27 4
a 567 208 7
a 568 234 10
a 569 120 10
a 570 166 7
a 570 209 3
a 570 414 7
a 571 283 5
a 571 417 7
a 572 434 1
a 573 364 5
a 573 381 4
a 574 89 7
a 575 349 3
a 575 367 3
a 575 587 7
a 576 312 6
a 576 329 4
a 576 543 4
a 577 289 8
a 578 358 1
a 578 484 3
a 579 191 8
a 579 523 6
a 580 91 4
a 581 223 9
a 582 303 2
a 583 94 3
a 583 504 9
a 584 26 9
a 584 586 2
a 585 35 1
a 585 159 8
a 586 579 2
a 587 149 5
a 587 517 10
a 588 217 4
a 588 255 5
a 589 229 10
a 590 15 3
a 590 89 2
a 591 160 8
a 592 261 2
a 592 348 5
a 593 14 9
a 593 529 6
a 593 553 5
a 594 479 6
a 595 494 2
a 596 66 7
a 597 406 9
a 597 485 1
a 598 554 7
a 599 212 1
a 599 539 7
a 599 581 6
