p max 600 1200
n 1 s
n 600 t
a 1 52 5
a 1 132 7
a 1 255 2
a 2 328 9
a 2 329 6
a 2 343 2
a 2 423 5
a 2 543 1
a 3 254 1
a 3 266 4
a 4 359 4
a 5 27 9
a 5 565 8
a 6 332 7
a 7 47 6
a 7 173 8
a 7 441 5
a 8 101 4
a 8 106 5
a 8 167 8
a 9 526 5
a 10 28 5
a 10 538 9
a 11 94 8
a 11 359 2
a 12 554 8
a 13 160 1
a 14 97 1
a 14 392 4
a 15 423 10
a 16 355 5
a 17 213 10
a 18 36 6
a 18 99 8
a 18 278 7
a 19 261 5
a 20 192 8
a 20 400 9
a 20 415 10
a 21 574 2
a 21 579 7
a 22 73 10
a 22 85 10
a 22 408 5
a 22 488 2
a 23 191 9
a 24 5 7
a 24 435 10
a 25 79 1
a 25 249 10
a 25 316 10
a 26 328 10
a 27 103 1
a 27 224 1
a 28 295 3
a 28 303 2
a 28 411 3
a 29 30 1
a 29 187 10
a 29 434 8
a 30 180 5
a 31 444 3
a 31 534 2
a 32 165 2
a 32 401 2
a 33 144 1
a 34 158 3
a 34 541 3
a 35 200 6
a 36 194 5
a 36 251 8
a 36 432 5
a 37 496 1
a 38 95 7
a 38 544 5
a 39 264 5
a 40 270 4
a 40 450 5
a 41 12 10
a 42 193 10
a 42 513 8
a 43 221 7
a 43 241 4
a 44 57 4
a 45 295 4
a 45 335 4
a 46 222 3
a 46 240 3
a 46 279 3
a 46 579 7
a 47 71 3
a 47 529 7
a 48 136 1
a 48 396 1
a 48 417 2
a 48 443 5
a 49 329 3
a 49 552 6
a 50 138 7
a 50 225 4
a 51 428 4
a 51 559 7
a 51 587 4
a 52 561 7
a 53 51 2
a 54 107 4
a 54 177 2
a 54 449 10
a 55 20 7
a 55 45 6
a 55 169 10
a 56 155 4
a 57 549 5
a 58 57 8
a 58 474 4
a 59 125 8
a 59 311 9
a 59 544 8
a 59 574 10
a 60 351 10
a 60 537 5
a 61 557 9
a 62 583 7
a 63 176 4
a 63 403 4
a 64 348 10
a 64 550 2
a 65 102 1
a 66 536 3
a 67 133 8
a 67 158 7
a 67 521 2
a 68 185 6
a 68 318 5
a 68 514 6
a 69 552 2
a 70 171 6
a 71 480 3
a 72 277 7
a 73 61 7
a 73 426 4
a 74 122 9
a 75 175 4
a 75 473 2
a 75 596 6
a 76 333 8
a 77 294 1
a 77 382 3
a 78 415 10
a 79 74 3
a 79 239 4
a 80 370 2
a 80 570 8
a 81 179 7
a 81 261 10
a 81 319 3
a 82 321 2
a 82 569 1
a 83 463 1
a 84 70 2
a 85 58 3
a 85 299 7
a 86 38 10
a 86 268 8
a 87 291 1
a 87 569 2
a 88 119 8
a 89 88 4
a 89 207 3
a 89 467 4
a 89 482 6
a 90 414 7
a 90 538 6
a 90 551 4
a 91 88 8
a 91 191 5
a 91 487 7
a 92 223 4
a 92 426 8
a 92 509 7
a 93 49 3
a 93 269 1
a 93 277 2
a 94 368 10
a 95 46 4
a 95 471 6
a 96 114 7
a 97 117 6
a 98 10 6
a 99 164 5
a 100 557 7
a 101 123 1
a 102 452 1
a 102 503 10
a 103 474 1
a 103 556 8
a 104 139 6
a 104 179 6
a 105 24 10
a 105 317 5
a 105 477 9
a 106 231 9
a 106 339 2
a 107 236 6
a 107 327 6
a 108 356 8
a 108 485 1
a 109 190 2
a 109 351 2
a 110 268 4
a 110 336 7
a 111 240 2
a 111 557 7
a 112 47 7
a 112 183 1
a 113 12 9
a 114 343 10
a 115 16 7
a 115 184 5
a 116 265 10
a 117 209 3
a 117 508 10
a 118 92 1
a 119 400 7
a 119 589 7
a 120 523 7
a 121 199 3
a 121 490 1
a 122 330 3
a 122 570 1
a 123 402 10
a 123 501 1
a 124 132 6
a 124 577 6
a 125 481 2
a 125 574 3
a 125 588 8
a 126 216 3
a 126 554 2
a 127 315 10
a 127 531 3
a 128 13 9
a 128 182 1
a 128 597 2
a 129 465 8
a 129 586 1
a 130 42 1
a 130 468 5
a 130 518 10
a 131 12 2
a 131 133 4
a 132 333 1
a 132 345 4
a 132 350 5
a 132 408 1
a 133 252 3
a 133 325 7
a 134 467 2
a 134 493 4
a 134 551 9
a 135 157 7
a 135 268 5
a 136 491 10
a 137 170 9
a 137 215 5
a 138 420 8
a 138 506 4
a 139 108 10
a 140 78 10
a 140 518 10
a 141 371 10
a 141 556 1
a 142 588 9
a 143 461 4
a 144 12 1
a 144 166 7
a 144 394 8
a 145 185 3
a 145 348 6
a 145 550 1
a 146 33 2
a 146 34 8
a 146 72 10
a 146 83 9
a 146 336 1
a 147 297 4
a 147 302 10
a 147 334 8
a 148 270 5
a 149 266 7
a 149 475 7
a 149 592 1
a 150 332 2
a 151 173 1
a 151 505 7
a 151 600 2
a 152 93 5
a 152 102 10
a 152 419 9
a 153 241 10
a 154 293 10
a 154 504 10
a 155 257 10
a 155 369 3
a 156 426 4
a 156 539 10
a 157 117 2
a 158 204 10
a 158 285 3
a 159 231 8
a 160 348 3
a 161 387 8
a 161 403 9
a 162 156 4
a 163 229 9
a 164 244 6
a 164 504 6
a 164 524 1
a 165 265 4
a 165 484 4
a 166 565 6
a 167 211 6
a 167 259 7
a 168 401 6
a 169 492 6
a 170 113 2
a 170 246 9
a 170 535 5
a 171 27 1
a 171 289 1
a 171 349 6
a 172 391 10
a 173 108 2
a 174 81 8
a 174 440 5
a 175 170 6
a 175 184 3
a 175 270 8
a 175 383 3
a 176 44 7
a 176 356 8
a 177 16 4
a 177 545 9
a 178 318 6
a 179 472 8
a 179 576 10
a 180 48 6
a 181 16 3
a 181 314 3
a 181 335 4
a 182 92 10
a 182 334 1
a 183 214 5
a 183 587 4
a 184 338 6
a 185 270 10
a 185 421 2
a 186 182 5
a 186 258 9
a 186 455 8
a 186 571 8
a 187 215 8
a 188 445 7
a 188 586 10
a 189 32 3
a 189 124 7
a 189 128 9
a 189 132 5
a 189 395 10
a 190 116 3
a 190 371 2
a 191 97 10
a 191 234 3
a 191 464 3
a 192 119 3
a 193 192 3
a 193 197 7
a 194 332 1
a 195 98 1
a 195 407 9
a 195 510 6
a 196 472 1
a 197 267 10
a 198 151 2
a 198 267 6
a 198 506 2
a 199 281 7
a 199 289 7
a 200 13 9
a 200 511 1
a 201 8 1
a 201 339 3
a 201 405 6
a 202 233 6
a 202 322 5
a 202 596 5
a 203 273 4
a 203 463 10
a 203 465 3
a 204 194 3
a 205 116 3
a 205 285 7
a 205 356 10
a 206 323 6
a 206 540 2
a 207 26 8
a 207 358 9
a 207 536 3
a 208 127 5
a 208 210 6
a 209 86 4
a 210 432 8
a 211 463 5
a 212 25 5
a 212 207 4
a 213 71 4
a 213 242 9
a 213 280 1
a 214 252 5
a 215 314 6
a 215 331 6
a 215 454 4
a 216 94 5
a 217 146 4
a 218 416 10
a 219 525 1
a 219 584 8
a 220 280 2
a 221 104 1
a 221 154 4
a 221 276 3
a 221 520 3
a 221 567 4
a 222 305 3
a 222 422 8
a 223 142 10
a 223 327 3
a 224 42 2
a 224 265 7
a 225 333 7
a 226 2 2
a 227 499 2
a 227 537 4
a 228 53 1
a 229 531 7
a 230 174 4
a 231 6 10
a 231 281 7
a 231 475 9
a 232 316 7
a 232 438 10
a 233 452 1
a 234 31 9
a 234 172 3
a 235 81 5
a 236 372 4
a 237 272 4
a 237 512 7
a 237 583 5
a 238 286 6
a 238 462 5
a 239 265 8
a 239 574 1
a 240 495 9
a 241 573 9
a 242 32 6
a 242 210 3
a 242 542 9
a 243 168 9
a 243 358 1
a 244 41 5
a 244 126 3
a 244 320 6
a 244 327 10
a 245 150 6
a 246 30 4
a 247 304 1
a 248 192 1
a 249 248 9
a 249 344 6
a 250 302 5
a 250 447 8
a 251 586 2
a 252 293 2
a 253 25 7
a 253 110 4
a 254 180 3
a 254 256 6
a 255 323 7
a 256 88 8
a 257 300 2
a 257 481 5
a 257 548 4
a 258 69 10
a 258 109 8
a 258 257 10
a 258 364 4
a 258 497 6
a 259 579 9
a 260 240 8
a 261 209 6
a 261 334 4
a 261 496 2
a 261 522 10
a 262 9 6
a 262 24 6
a 263 222 3
a 264 507 8
a 264 572 10
a 265 176 7
a 265 278 2
a 266 244 4
a 266 539 5
a 267 53 9
a 267 353 4
a 268 528 8
a 269 189 8
a 270 164 10
a 270 496 10
a 271 425 3
a 272 239 7
a 273 207 4
a 273 270 3
a 274 145 7
a 274 257 8
a 274 329 1
a 275 260 8
a 275 395 4
a 275 519 9
a 276 70 8
a 276 266 6
a 277 70 8
a 277 430 5
a 278 23 9
a 278 63 9
a 278 264 4
a 278 310 10
a 278 535 7
a 279 101 10
a 279 381 5
a 280 337 9
a 280 462 8
a 281 486 6
a 281 593 1
a 282 93 10
a 282 596 9
a 283 259 9
a 283 432 8
a 284 127 5
a 285 333 7
a 286 407 2
a 287 25 5
a 288 26 3
a 289 46 3
a 289 567 2
a 289 573 4
a 290 57 2
a 290 323 3
a 291 312 2
a 291 435 8
a 292 68 10
a 292 458 3
a 292 459 7
a 293 347 2
a 294 198 9
a 295 294 3
a 295 413 8
a 296 365 4
a 297 345 3
a 297 597 1
a 298 82 2
a 298 561 1
a 299 161 6
a 300 56 6
a 300 334 3
a 300 548 8
a 301 28 2
a 301 201 5
a 301 239 3
a 302 312 1
a 302 357 7
a 303 392 10
a 304 131 10
a 304 401 7
a 305 247 3
a 305 429 6
a 305 486 6
a 306 35 10
a 306 399 5
a 306 404 8
a 307 344 7
a 307 512 7
a 307 575 10
a 308 28 1
a 308 59 3
a 308 470 2
a 308 480 10
a 309 65 1
a 309 251 1
a 310 163 6
a 311 225 4
a 312 560 4
a 313 11 8
a 313 29 4
a 313 64 3
a 313 133 8
a 314 124 10
a 315 114 5
a 315 194 9
a 315 375 2
a 315 533 2
a 316 19 5
a 316 186 7
a 316 530 8
a 317 86 6
a 317 159 4
a 317 189 9
a 317 208 5
a 317 277 3
a 317 282 4
a 317 553 6
a 318 44 6
a 318 48 1
a 318 445 1
a 319 153 2
a 320 121 10
a 320 188 7
a 321 315 7
a 322 72 9
a 323 87 6
a 323 350 9
a 324 205 6
a 324 310 4
a 324 476 5
a 325 9 1
a 325 245 8
a 326 361 9
a 326 457 3
a 327 170 4
a 327 600 2
a 328 118 4
a 328 226 7
a 328 427 2
a 329 117 3
a 330 576 4
a 331 427 7
a 332 204 9
a 332 584 10
a 332 595 8
a 333 340 3
a 333 495 10
a 334 191 6
a 335 339 1
a 335 351 5
a 336 471 4
a 337 319 9
a 337 432 7
a 338 4 8
a 339 157 1
a 339 160 5
a 340 432 3
a 341 71 8
a 341 397 1
a 341 476 9
a 342 582 3
a 343 62 8
a 343 594 9
a 344 75 1
a 345 434 2
a 345 583 5
a 346 244 1
a 347 90 10
a 347 271 5
a 347 589 10
a 348 76 10
a 348 571 9
a 349 200 3
a 350 180 7
a 350 200 4
a 350 212 3
a 350 358 2
a 351 275 7
a 351 305 1
a 352 455 6
a 353 189 5
a 353 238 6
a 354 9 5
a 354 312 7
a 355 229 7
a 356 129 10
a 356 246 2
a 357 301 8
a 357 555 4
a 358 290 9
a 358 332 9
a 358 598 4
a 359 430 2
a 360 450 8
a 360 573 9
a 361 88 3
a 362 322 2
a 362 547 4
a 363 26 8
a 363 342 1
a 363 393 2
a 363 549 1
a 364 99 8
a 365 134 4
a 365 253 9
a 365 347 2
a 365 395 2
a 365 570 5
a 366 224 10
a 366 376 6
a 367 409 2
a 367 425 5
a 368 4 1
a 368 77 10
a 368 431 8
a 368 563 1
a 369 65 5
a 370 213 1
a 370 547 7
a 371 166 5
a 372 424 4
a 373 346 5
a 373 446 9
a 373 599 3
a 374 237 9
a 374 323 5
a 374 365 3
a 375 250 2
a 376 76 3
a 377 15 3
a 377 312 6
a 377 340 6
a 378 104 3
a 378 243 6
a 378 462 10
a 379 282 3
a 379 285 6
a 379 523 4
a 380 317 6
a 380 387 7
a 381 151 10
a 381 175 8
a 381 428 8
a 382 11 3
a 383 181 5
a 383 429 5
a 384 270 1
a 384 564 8
a 385 14 8
a 386 51 7
a 386 398 9
a 386 445 4
a 386 513 5
a 387 122 1
a 387 258 8
a 388 50 4
a 388 147 10
a 388 155 5
a 388 299 7
a 388 578 3
a 389 40 4
a 389 149 5
a 389 317 3
a 390 110 8
a 391 128 8
a 391 443 6
a 392 62 10
a 392 203 6
a 392 457 4
a 393 26 2
a 394 285 2
a 395 72 1
a 395 141 5
a 396 187 6
a 397 20 10
a 397 452 9
a 397 526 4
a 397 544 1
a 398 218 6
a 399 262 5
a 400 2 6
a 400 58 10
a 400 221 8
a 401 291 9
a 401 472 8
a 401 481 5
a 402 91 3
a 402 96 5
a 402 236 7
a 402 461 6
a 403 60 8
a 403 220 9
a 403 380 2
a 404 12 5
a 404 123 3
a 405 38 5
a 406 150 9
a 406 325 2
a 406 449 3
a 407 140 1
a 407 240 8
a 407 287 2
a 408 196 5
a 408 213 6
a 408 228 10
a 409 17 2
a 409 67 3
a 409 259 5
a 409 531 9
a 410 68 8
a 410 106 2
a 410 153 4
a 411 130 10
a 411 566 4
a 412 519 6
a 413 218 8
a 413 276 3
a 413 382 6
a 414 219 5
a 414 263 9
a 415 262 10
a 415 363 9
a 415 443 10
a 416 157 1
a 417 142 7
a 418 156 1
a 418 554 9
a 418 595 8
a 419 217 7
a 420 114 3
a 421 83 1
a 421 274 8
a 421 351 8
a 422 53 8
a 423 235 9
a 423 417 1
a 424 78 2
a 424 188 5
a 424 433 6
a 425 596 9
a 426 48 10
a 426 70 2
a 427 191 9
a 427 366 1
a 428 341 3
a 428 383 5
a 428 494 3
a 429 347 9
a 430 114 2
a 430 172 1
a 430 308 9
a 430 542 2
a 431 226 2
a 431 288 6
a 431 355 1
a 432 236 10
a 432 411 1
a 432 585 7
a 433 82 9
a 433 132 8
a 433 305 7
a 434 3 8
a 434 171 6
a 435 447 6
a 436 108 8
a 436 515 1
a 437 167 10
a 438 7 9
a 439 130 2
a 440 531 4
a 441 53 3
a 442 232 1
a 442 519 10
a 443 112 4
a 443 115 4
a 443 198 3
a 443 548 3
a 444 433 4
a 445 194 7
a 445 431 3
a 445 579 5
a 446 119 6
a 446 528 10
a 447 301 1
a 447 306 7
a 448 146 1
a 448 301 3
a 448 514 10
a 449 223 1
a 450 324 10
a 451 43 4
a 452 239 5
a 452 436 8
a 453 388 4
a 454 418 4
a 455 202 6
a 455 307 2
a 455 491 3
a 455 508 8
a 456 172 5
a 457 424 8
a 457 558 9
a 458 40 1
a 459 180 8
a 460 97 10
a 460 362 9
a 460 377 2
a 461 313 7
a 461 385 6
a 461 512 3
a 461 516 9
a 461 595 7
a 462 501 3
a 463 232 7
a 463 460 2
a 464 146 3
a 464 440 1
a 464 478 3
a 465 55 1
a 466 312 3
a 467 343 10
a 468 191 8
a 468 329 2
a 469 292 4
a 469 540 5
a 470 105 9
a 470 162 6
a 470 360 2
a 470 388 4
a 471 357 4
a 471 469 10
a 472 322 3
a 472 338 10
a 473 126 8
a 473 203 5
a 474 372 7
a 474 438 9
a 475 586 8
a 476 407 7
a 476 442 4
a 477 100 2
a 477 514 7
a 478 152 5
a 478 527 4
a 478 596 5
a 479 299 2
a 480 17 1
a 481 59 5
a 481 354 4
a 482 171 9
a 483 139 1
a 484 138 9
a 484 540 1
a 485 66 7
a 485 141 9
a 485 292 4
a 485 466 9
a 486 108 9
a 486 425 7
a 487 301 6
a 488 203 7
a 489 37 1
a 489 54 7
a 489 332 8
a 490 28 7
a 491 10 6
a 491 117 8
a 492 159 4
a 493 98 9
a 493 216 10
a 493 226 7
a 494 208 10
a 495 367 3
a 495 545 9
a 496 156 8
a 497 257 3
a 497 418 3
a 497 507 4
a 497 532 9
a 497 558 5
a 498 290 2
a 499 41 8
a 499 392 5
a 500 416 5
a 500 592 2
a 501 439 3
a 501 498 6
a 502 129 7
a 502 546 3
a 503 135 7
a 503 361 9
a 503 505 7
a 504 62 3
a 504 227 6
a 504 502 2
a 505 164 4
a 505 195 1
a 506 216 9
a 506 229 6
a 506 539 6
a 507 62 4
a 507 200 10
a 507 390 9
a 508 600 6
a 509 7 5
a 509 119 10
a 509 304 1
a 509 309 9
a 509 590 9
a 510 272 4
a 510 451 7
a 511 111 2
a 511 174 1
a 511 444 10
a 512 73 7
a 512 490 2
a 513 2 3
a 513 31 5
a 514 253 3
a 514 386 8
a 515 63 3
a 515 181 5
a 515 560 6
a 516 347 4
a 516 500 1
a 517 162 2
a 517 167 8
a 517 206 4
a 517 380 10
a 518 5 6
a 518 497 5
a 518 562 5
a 519 199 6
a 519 368 1
a 520 428 6
a 521 175 4
a 521 491 1
a 522 416 6
a 523 144 4
a 523 308 4
a 523 526 8
a 523 582 9
a 524 392 1
a 525 155 10
a 525 296 8
a 526 565 1
a 527 22 9
a 527 165 7
a 528 137 10
a 528 232 9
a 528 246 2
a 528 389 3
a 529 283 6
a 529 453 6
a 529 581 10
a 530 163 1
a 530 371 2
a 531 248 9
a 531 378 9
a 531 391 5
a 531 404 1
a 532 103 1
a 532 444 10
a 533 465 10
a 534 149 2
a 535 325 6
a 536 84 9
a 536 135 7
a 537 157 10
a 538 297 7
a 539 120 5
a 539 148 6
a 539 410 1
a 540 63 7
a 541 464 4
a 542 594 2
a 543 29 8
a 543 143 1
a 543 158 5
a 544 57 10
a 545 283 3
a 545 323 10
a 545 599 7
a 546 384 4
a 546 568 2
a 546 572 8
a 547 587 6
a 548 39 4
a 548 71 10
a 549 3 4
a 549 544 7
a 550 353 9
a 550 471 6
a 551 82 5
a 551 498 1
a 552 161 3
a 552 311 7
a 553 263 6
a 553 424 4
a 553 501 9
a 554 43 6
a 554 75 6
a 554 501 4
a 555 110 8
a 555 489 9
a 556 374 10
a 556 390 10
a 557 297 10
a 558 243 1
a 558 483 1
a 559 148 7
a 559 177 3
a 559 379 2
a 559 520 10
a 560 326 3
a 560 486 3
a 561 456 5
a 561 542 3
a 562 90 6
a 562 387 7
a 563 375 5
a 564 14 8
a 564 55 1
a 564 375 8
a 565 486 6
a 566 80 7
a 566 456 7
a 566 580 5
a 567 468 6
a 568 321 4
a 569 18 4
a 569 220 6
a 569 372 5
a 569 508 4
a 570 282 10
a 571 390 8
a 572 230 8
a 572 466 9
a 573 173 1
a 573 284 6
a 574 145 1
a 574 178 4
a 574 250 6
a 575 54 3
a 575 81 1
a 576 60 10
a 576 359 8
a 576 437 2
a 576 566 8
a 577 324 1
a 577 488 5
a 578 371 9
a 579 298 8
a 579 497 10
a 579 591 7
a 580 10 2
a 580 35 3
a 580 373 9
a 581 122 2
a 581 431 2
a 582 19 1
a 582 108 1
a 582 323 7
a 582 448 1
a 583 303 7
a 583 479 7
a 583 577 1
a 584 79 10
a 585 250 2
a 585 401 7
a 585 517 8
a 586 123 6
a 587 119 4
a 587 317 9
a 587 492 6
a 588 21 6
a 588 173 7
a 588 387 2
a 589 309 9
a 590 193 6
a 590 217 3
a 590 352 4
a 591 89 7
a 591 151 6
a 592 355 8
a 592 412 8
a 593 44 6
a 593 261 9
a 594 488 3
a 595 406 7
a 595 582 7
a 596 285 10
a 597 153 3
a 598 124 6
a 599 126 2
a 599 224 10
