p max 600 1200
n 1 s
n 600 t
a 1 168 3
a 1 439 3
a 2 306 6
a 3 46 9
a 3 232 5
a 3 422 7
a 4 120 4
a 5 3 2
a 5 8 5
a 5 25 3
a 6 85 5
a 6 119 8
a 6 235 8
a 7 235 5
a 8 274 9
a 9 149 2
a 9 533 7
a 10 97 7
a 10 269 1
a 11 126 3
a 11 184 6
a 11 386 6
a 11 537 9
a 11 562 10
a 12 165 10
a 13 79 5
a 13 442 5
a 14 451 1
a 15 159 6
a 16 317 2
a 16 528 9
a 17 188 4
a 18 196 3
a 19 223 7
a 20 583 6
a 21 39 2
a 21 319 9
a 21 597 3
a 22 17 10
a 22 131 3
a 22 566 1
a 23 102 6
a 24 18 2
a 24 80 9
a 24 333 4
a 24 399 4
a 24 572 4
a 25 32 9
a 25 64 4
a 25 122 10
a 25 387 1
a 26 398 3
a 27 75 9
a 27 249 7
a 27 458 1
a 28 239 7
a 29 593 6
a 30 393 10
a 30 511 6
a 31 53 2
a 31 479 1
a 32 38 5
a 33 13 8
a 33 354 2
a 33 387 1
a 34 283 1
a 35 47 3
a 36 266 3
a 37 66 7
a 37 431 7
a 37 482 1
a 38 79 5
a 38 376 2
a 39 37 7
a 39 125 10
a 39 330 1
a 39 342 4
a 40 459 2
a 41 490 5
a 41 557 10
a 42 235 3
a 43 524 3
a 44 449 7
a 44 543 8
a 45 153 8
a 45 399 4
a 45 571 7
a 46 89 9
a 46 131 8
a 47 489 4
a 48 154 5
a 48 285 4
a 48 311 3
a 49 56 5
a 49 298 3
a 49 460 6
a 50 185 2
a 50 490 6
a 51 73 7
a 52 157 4
a 52 164 3
a 53 348 5
a 54 326 9
a 55 294 10
a 55 576 4
a 55 583 2
a 56 70 7
a 56 120 7
a 56 138 4
a 57 490 8
a 58 219 7
a 58 468 7
a 59 113 1
a 59 465 9
a 60 92 3
a 60 124 8
a 60 210 6
a 60 358 4
a 61 41 10
a 61 175 8
a 61 480 6
a 62 56 5
a 63 22 7
a 64 133 4
a 64 246 4
a 64 366 6
a 65 78 8
a 65 416 10
a 66 156 1
a 66 217 4
a 66 429 1
a 67 12 7
a 67 472 4
a 68 17 2
a 68 71 2
a 68 207 6
a 68 596 5
a 69 95 10
a 69 531 7
a 70 9 10
a 70 134 2
a 70 400 5
a 71 435 10
a 72 125 1
a 73 317 6
a 74 586 2
a 75 356 5
a 75 359 9
a 75 556 8
a 76 355 10
a 76 450 2
a 77 223 7
a 77 578 10
a 78 168 1
a 78 348 6
a 78 505 4
a 79 139 5
a 79 320 9
a 80 212 5
a 80 215 10
a 81 21 3
a 82 412 8
a 83 124 2
a 84 389 2
a 85 409 6
a 86 309 8
a 87 93 2
a 87 289 3
a 88 221 1
a 88 393 4
a 88 466 5
a 89 277 9
a 89 343 1
a 89 457 5
a 89 563 1
a 90 545 5
a 91 405 4
a 92 447 4
a 93 105 8
a 94 30 1
a 95 239 6
a 95 476 7
a 96 83 2
a 96 236 1
a 96 398 4
a 97 70 9
a 97 193 3
a 97 386 8
a 98 241 6
a 99 150 5
a 99 283 7
a 99 584 10
a 100 498 5
a 101 509 5
a 101 544 8
a 101 554 6
a 102 258 1
a 103 88 5
a 103 175 9
a 103 380 1
a 104 48 3
a 104 174 9
a 104 478 8
a 104 560 5
a 105 117 6
a 105 167 5
a 106 266 2
a 106 465 5
a 107 45 10
a 107 147 10
a 107 211 7
a 107 551 9
a 108 154 8
a 108 503 7
a 109 275 4
a 109 508 5
a 110 332 5
a 110 505 3
a 110 591 10
a 111 35 6
a 112 137 10
a 112 235 10
a 113 477 2
a 113 554 2
a 114 82 5
a 115 459 2
a 116 66 1
a 116 180 3
a 117 103 10
a 117 139 5
a 117 243 1
a 118 347 9
a 119 22 5
a 119 40 4
a 119 524 8
a 120 22 4
a 121 583 3
a 122 470 8
a 122 487 4
a 123 546 2
a 124 246 2
a 124 250 8
a 124 411 1
a 124 518 7
a 125 247 8
a 125 291 7
a 126 42 9
a 126 267 8
a 127 408 4
a 127 428 10
a 127 559 4
a 128 222 4
a 128 429 1
a 129 244 5
a 129 529 7
a 130 55 2
a 131 363 2
a 131 409 4
a 132 23 2
a 132 105 10
a 132 353 6
a 133 227 7
a 133 494 1
a 134 2 7
a 134 149 5
a 135 180 4
a 136 185 3
a 136 516 8
a 137 182 2
a 137 197 2
a 138 233 5
a 138 283 9
a 138 291 2
a 138 313 5
a 139 61 7
a 139 450 1
a 140 12 6
a 140 55 8
a 141 370 3
a 141 390 8
a 141 461 4
a 141 467 2
a 142 158 9
a 142 560 1
a 142 600 2
a 143 30 8
a 143 38 3
a 144 96 9
a 144 349 8
a 145 62 1
a 145 72 3
a 146 285 5
a 146 287 9
a 147 42 1
a 147 280 3
a 147 387 10
a 147 565 5
a 148 407 6
a 149 129 7
a 149 533 3
a 150 226 3
a 150 335 2
a 150 560 3
a 151 231 2
a 151 566 10
a 151 581 8
a 152 283 2
a 152 372 3
a 153 487 4
a 154 338 8
a 155 288 5
a 155 553 6
a 156 31 8
a 156 361 4
a 157 67 5
a 157 205 4
a 158 205 4
a 159 269 10
a 160 53 2
a 160 258 6
a 160 595 9
a 161 165 8
a 161 317 5
a 162 190 1
a 162 357 5
a 163 377 4
a 163 541 5
a 164 49 4
a 165 152 5
a 165 311 9
a 166 358 1
a 167 90 9
a 167 395 8
a 168 476 8
a 169 253 2
a 169 489 3
a 169 539 9
a 169 573 7
a 170 143 6
a 170 171 8
a 170 312 5
a 171 260 2
a 171 396 5
a 172 163 9
a 172 552 6
a 173 216 2
a 173 379 2
a 174 27 8
a 174 63 3
a 174 342 5
a 175 354 4
a 176 3 6
a 176 88 3
a 176 374 6
a 177 179 4
a 177 347 8
a 178 146 10
a 178 419 6
a 179 400 5
a 180 90 3
a 180 126 4
a 180 295 9
a 181 161 2
a 181 214 3
a 181 215 5
a 181 461 4
a 182 133 1
a 182 271 6
a 182 495 2
a 183 166 1
a 183 580 6
a 184 108 5
a 184 535 6
a 185 338 6
a 185 339 6
a 186 250 7
a 186 256 10
a 187 36 9
a 187 286 6
a 187 396 4
a 188 300 2
a 189 293 8
a 190 265 8
a 191 188 8
a 192 487 2
a 193 442 4
a 194 306 4
a 194 394 6
a 194 593 7
a 195 103 3
a 195 297 5
a 195 383 6
a 195 485 10
a 196 74 5
a 197 352 4
a 197 371 9
a 198 15 8
a 198 272 5
a 198 321 8
a 199 123 9
a 200 96 9
a 200 355 2
a 201 11 4
a 201 112 2
a 201 296 8
a 201 584 7
a 202 438 1
a 202 568 1
a 203 302 3
a 203 571 6
a 204 255 4
a 204 368 3
a 205 55 3
a 205 168 6
a 205 183 1
a 205 473 5
a 205 582 1
a 206 32 10
a 207 551 10
a 207 577 5
a 208 51 5
a 209 213 1
a 209 250 7
a 210 185 7
a 210 278 10
a 211 5 9
a 211 586 1
a 212 184 4
a 213 261 10
a 213 447 9
a 214 4 8
a 214 178 1
a 215 259 2
a 215 389 5
a 215 552 1
a 216 98 9
a 216 541 7
a 217 102 4
a 217 437 3
a 218 469 7
a 219 37 8
a 220 122 3
a 220 491 4
a 221 429 4
a 222 5 6
a 222 58 6
a 222 172 10
a 223 125 3
a 223 240 8
a 223 469 9
a 224 323 2
a 225 484 10
a 226 87 2
a 226 94 3
a 227 123 1
a 227 344 10
a 228 67 2
a 229 197 5
a 229 501 8
a 229 534 5
a 230 362 1
a 231 311 9
a 231 392 3
a 231 517 5
a 232 174 3
a 232 326 9
a 233 315 3
a 233 416 5
a 234 77 4
a 234 108 5
a 234 444 7
a 235 407 5
a 235 524 3
a 236 241 7
a 236 253 6
a 237 404 2
a 237 493 5
a 237 521 1
a 238 127 10
a 238 557 8
a 239 428 8
a 240 14 3
a 240 61 3
a 240 358 7
a 241 208 3
a 241 230 9
a 241 473 1
a 242 38 7
a 242 213 1
a 242 579 10
a 243 517 8
a 243 538 10
a 244 23 3
a 245 130 7
a 245 513 4
a 246 101 9
a 246 215 7
a 246 460 7
a 246 546 10
a 247 106 2
a 247 130 2
a 247 195 1
a 247 419 1
a 248 419 9
a 249 9 9
a 250 532 8
a 251 286 9
a 251 293 1
a 252 57 10
a 252 292 5
a 252 444 10
a 253 333 6
a 254 162 5
a 255 14 5
a 256 274 6
a 256 403 5
a 257 196 4
a 257 453 10
a 258 115 3
a 258 238 2
a 258 392 7
a 259 84 3
a 259 527 4
a 260 69 5
a 260 251 10
a 260 319 1
a 260 520 8
a 260 569 9
a 261 245 6
a 262 255 1
a 263 29 8
a 263 230 7
a 264 242 7
a 264 248 1
a 265 170 6
a 265 239 1
a 265 360 4
a 265 382 9
a 265 506 8
a 266 220 7
a 266 415 9
a 267 506 4
a 268 173 3
a 268 447 5
a 269 217 6
a 269 492 7
a 270 236 3
a 271 300 6
a 271 545 5
a 272 120 9
a 272 142 6
a 273 97 8
a 274 135 6
a 274 187 8
a 274 190 1
a 275 311 1
a 276 597 7
a 277 229 10
a 277 242 10
a 278 65 2
a 278 216 10
a 278 225 5
a 278 527 9
a 279 59 10
a 279 286 5
a 279 465 3
a 280 132 10
a 280 217 8
a 281 101 6
a 282 51 10
a 282 555 2
a 283 430 6
a 284 454 10
a 284 600 10
a 285 384 2
a 286 189 4
a 286 483 8
a 286 525 5
a 287 106 3
a 287 227 8
a 287 572 2
a 288 68 9
a 288 256 9
a 289 194 7
a 290 543 3
a 290 577 4
a 291 177 3
a 291 184 1
a 291 286 7
a 291 303 3
a 292 111 4
a 293 38 1
a 293 359 1
a 294 222 6
a 294 296 9
a 295 588 8
a 296 5 10
a 296 332 3
a 296 496 4
a 297 121 7
a 298 78 10
a 298 325 10
a 299 52 8
a 299 286 3
a 300 57 6
a 300 318 9
a 301 3 4
a 301 305 6
a 302 94 4
a 303 427 7
a 304 431 3
a 305 129 7
a 305 322 6
a 306 187 2
a 306 381 9
a 307 6 2
a 307 311 1
a 307 553 2
a 308 178 6
a 308 375 5
a 308 421 3
a 309 171 3
a 309 234 8
a 310 290 4
a 310 544 7
a 311 43 9
a 311 415 4
a 312 7 9
a 312 189 7
a 312 274 6
a 313 100 4
a 313 433 9
a 314 20 5
a 314 72 4
a 314 194 4
a 315 561 9
a 315 598 5
a 316 225 1
a 316 263 1
a 316 417 9
a 316 454 4
a 316 512 3
a 317 314 4
a 318 172 2
a 318 446 4
a 319 237 5
a 319 274 9
a 319 316 7
a 319 514 3
a 320 33 1
a 320 399 4
a 321 184 3
a 321 594 3
a 322 210 5
a 322 519 5
a 323 95 2
a 324 254 2
a 324 303 7
a 325 197 6
a 326 46 2
a 326 228 5
a 326 461 4
a 327 99 10
a 327 241 6
a 328 80 4
a 328 405 7
a 329 184 2
a 330 203 6
a 331 204 4
a 331 234 3
a 332 25 2
a 332 218 7
a 333 78 2
a 333 327 4
a 334 128 8
a 334 396 6
a 334 427 6
a 335 87 2
a 335 176 1
a 335 384 2
a 336 332 1
a 337 314 4
a 337 540 7
a 338 515 6
a 339 304 9
a 339 325 7
a 340 12 10
a 340 145 6
a 340 192 5
a 341 464 4
a 341 595 1
a 342 110 8
a 342 256 10
a 343 314 8
a 343 365 8
a 343 474 2
a 344 75 8
a 345 93 9
a 345 435 5
a 346 92 7
a 346 385 2
a 346 511 6
a 347 198 9
a 347 200 4
a 348 270 1
a 348 551 10
a 349 187 4
a 349 585 9
a 350 368 9
a 351 127 4
a 352 112 5
a 353 10 1
a 353 595 8
a 354 484 1
a 355 405 7
a 356 464 7
a 357 101 4
a 357 202 5
a 357 206 10
a 358 342 4
a 358 449 8
a 359 516 1
a 360 319 8
a 360 530 9
a 361 119 6
a 361 130 5
a 361 257 7
a 361 340 7
a 362 382 4
a 363 432 3
a 363 570 9
a 364 167 8
a 364 432 7
a 364 567 2
a 365 285 10
a 365 424 4
a 365 445 10
a 366 130 3
a 366 371 6
a 367 51 3
a 368 299 7
a 368 446 7
a 369 431 8
a 369 492 10
a 370 578 9
a 371 93 5
a 371 162 10
a 371 341 10
a 371 521 7
a 371 575 2
a 372 63 6
a 372 590 6
a 373 42 6
a 373 443 3
a 373 455 3
a 373 571 2
a 374 294 10
a 375 154 6
a 376 43 3
a 376 413 5
a 376 510 1
a 377 482 9
a 378 358 8
a 378 398 5
a 379 423 9
a 379 463 10
a 380 148 4
a 380 313 1
a 380 499 1
a 380 548 10
a 381 4 2
a 381 49 4
a 381 300 9
a 382 29 7
a 382 160 6
a 382 310 10
a 382 324 8
a 383 237 6
a 383 252 8
a 384 121 5
a 384 318 10
a 385 551 6
a 386 244 4
a 386 544 2
a 387 388 9
a 388 63 4
a 389 55 3
a 389 471 7
a 390 91 4
a 390 247 5
a 391 465 5
a 392 161 9
a 392 565 9
a 393 344 3
a 393 594 5
a 394 153 7
a 395 379 2
a 395 581 10
a 396 4 10
a 396 434 1
a 396 462 5
a 396 523 8
a 396 564 5
a 397 338 4
a 397 523 9
a 398 381 2
a 398 484 9
a 398 510 6
a 399 181 9
a 399 216 2
a 400 304 1
a 401 191 3
a 401 224 7
a 401 319 4
a 401 369 10
a 402 204 10
a 403 100 2
a 403 486 3
a 404 96 1
a 405 297 5
a 406 369 7
a 406 539 5
a 406 575 9
a 407 68 7
a 408 24 5
a 408 139 7
a 408 331 8
a 409 100 8
a 409 359 9
a 410 244 2
a 410 598 9
a 411 166 4
a 412 404 10
a 412 426 9
a 413 58 4
a 413 350 6
a 413 377 5
a 413 442 2
a 414 152 8
a 415 175 8
a 415 587 6
a 416 585 10
a 417 439 4
a 418 529 5
a 419 64 10
a 419 361 7
a 419 365 2
a 420 418 9
a 421 149 3
a 421 430 10
a 422 74 6
a 422 345 1
a 423 202 3
a 424 195 2
a 425 392 2
a 426 587 5
a 427 63 2
a 427 449 4
a 427 451 6
a 428 144 3
a 428 336 9
a 428 443 2
a 429 279 3
a 429 380 4
a 430 205 7
a 430 497 7
a 431 512 4
a 432 18 10
a 432 107 3
a 432 201 2
a 433 196 6
a 433 281 7
a 434 549 8
a 435 254 1
a 435 481 8
a 436 338 7
a 436 544 6
a 437 115 6
a 437 301 3
a 437 397 2
a 437 542 3
a 438 548 1
a 439 136 2
a 439 452 5
a 440 382 4
a 440 515 10
a 441 90 1
a 442 69 8
a 442 587 3
a 443 331 6
a 444 115 4
a 445 209 10
a 445 397 7
a 446 362 2
a 446 503 8
a 447 381 1
a 448 21 9
a 449 133 2
a 450 37 7
a 451 228 7
a 452 234 9
a 453 373 4
a 453 592 4
a 454 76 7
a 454 102 6
a 454 172 3
a 455 261 8
a 455 351 5
a 456 577 5
a 457 439 1
a 458 327 8
a 459 170 3
a 459 388 2
a 460 74 10
a 460 250 10
a 461 292 6
a 461 409 2
a 462 34 2
a 463 292 4
a 463 554 9
a 464 580 5
a 464 595 2
a 465 293 1
a 466 140 1
a 466 273 4
a 466 328 5
a 466 485 1
a 467 53 10
a 467 242 9
a 468 197 3
a 468 574 6
a 469 405 3
a 469 570 10
a 470 107 2
a 471 104 9
a 471 132 10
a 472 572 10
a 473 442 4
a 474 5 7
a 474 285 6
a 474 406 2
a 475 277 3
a 476 118 9
a 476 343 10
a 477 445 1
a 478 105 9
a 479 111 2
a 479 334 3
a 480 582 8
a 480 599 10
a 481 218 1
a 482 19 1
a 482 446 4
a 483 234 8
a 483 387 2
a 483 542 9
a 484 44 2
a 484 242 8
a 485 31 1
a 486 7 6
a 486 71 1
a 486 150 1
a 486 532 3
a 487 36 3
a 487 378 2
a 488 159 10
a 488 337 9
a 488 450 6
a 489 251 10
a 489 347 2
a 490 223 6
a 491 43 1
a 491 219 8
a 491 245 1
a 492 148 5
a 493 198 10
a 494 23 8
a 494 410 5
a 494 468 6
a 494 484 2
a 495 157 4
a 495 478 8
a 495 591 4
a 496 152 4
a 496 420 6
a 497 502 2
a 498 134 6
a 498 261 5
a 499 31 9
a 499 504 6
a 500 570 3
a 500 589 7
a 501 343 7
a 501 348 5
a 502 77 6
a 502 550 5
a 502 588 4
a 503 558 6
a 503 574 10
a 504 203 8
a 504 208 7
a 505 72 10
a 505 73 1
a 505 136 3
a 505 165 5
a 505 275 7
a 505 547 6
a 506 418 8
a 506 549 4
a 507 51 3
a 507 587 10
a 508 225 5
a 508 334 5
a 509 86 9
a 509 324 6
a 509 532 1
a 510 339 5
a 511 570 10
a 512 13 8
a 512 47 8
a 512 109 3
a 512 502 1
a 513 155 7
a 513 276 8
a 513 487 7
a 514 229 7
a 514 391 4
a 515 183 10
a 515 414 7
a 515 481 7
a 516 33 6
a 517 116 2
a 517 375 6
a 517 487 7
a 518 198 7
a 518 368 3
a 518 472 3
a 518 526 2
a 519 72 10
a 519 323 7
a 519 367 1
a 519 549 7
a 520 535 9
a 521 390 2
a 522 502 6
a 523 287 9
a 523 309 8
a 524 243 9
a 525 448 8
a 526 417 10
a 527 169 6
a 528 184 7
a 528 317 5
a 528 364 9
a 529 34 5
a 529 263 5
a 530 284 7
a 530 420 3
a 531 88 8
a 531 95 9
a 531 564 5
a 531 578 5
a 532 209 3
a 532 264 8
a 532 441 6
a 533 26 10
a 533 241 4
a 533 346 6
a 534 464 5
a 535 129 2
a 536 229 10
a 536 294 7
a 536 476 7
a 537 50 8
a 537 115 8
a 537 436 8
a 537 552 10
a 538 457 8
a 539 66 5
a 539 456 10
a 540 54 7
a 540 150 10
a 540 500 7
a 540 559 6
a 541 165 6
a 541 412 9
a 541 522 1
a 542 532 6
a 543 184 1
a 543 438 1
a 543 579 10
a 544 149 1
a 544 401 2
a 544 558 8
a 545 158 2
a 545 475 9
a 545 498 1
a 546 169 10
a 546 501 8
a 547 169 7
a 547 407 5
a 548 114 6
a 548 396 10
a 549 486 6
a 550 81 1
a 551 52 10
a 551 282 2
a 552 205 6
a 552 376 7
a 553 208 8
a 554 468 6
a 555 423 4
a 555 469 6
a 556 53 10
a 556 151 10
a 556 307 8
a 556 318 10
a 557 17 2
a 557 93 8
a 557 141 2
a 558 21 7
a 558 536 8
a 558 588 7
a 559 28 2
a 559 262 10
a 559 320 9
a 559 498 8
a 560 583 4
a 561 87 7
a 561 440 3
a 562 93 1
a 563 163 7
a 564 186 9
a 564 377 6
a 564 541 4
a 565 62 9
a 566 591 6
a 567 215 2
a 567 373 5
a 567 400 5
a 567 402 4
a 568 523 3
a 569 507 6
a 569 551 3
a 570 143 6
a 571 185 8
a 571 425 4
a 572 81 6
a 572 183 8
a 573 373 9
a 574 340 6
a 575 396 1
a 575 448 8
a 576 65 1
a 577 354 9
a 578 268 5
a 578 347 10
a 578 569 4
a 579 504 6
a 580 128 3
a 580 223 7
a 580 327 7
a 580 488 7
a 581 35 3
a 581 97 3
a 581 265 5
a 582 87 8
a 582 252 10
a 583 317 10
a 583 516 2
a 584 308 2
a 584 356 10
a 585 526 7
a 586 16 1
a 586 281 2
a 586 306 8
a 586 329 9
a 586 412 6
a 587 97 5
a 587 319 5
a 588 6 5
a 589 233 5
a 590 267 4
a 590 355 5
a 591 59 1
a 592 536 1
a 593 433 10
a 594 199 3
a 594 322 8
a 594 576 6
a 595 128 5
a 596 60 6
a 596 267 4
a 597 188 5
a 597 525 6
a 598 216 1
a 599 185 4
a 599 249 1
a 599 272 5
a 599 366 3
