p max 600 1200
n 1 s
n 600 t
a 1 168 9
a 2 19 2
a 2 135 3
a 2 570 7
a 3 72 7
a 3 542 10
a 3 558 4
a 4 189 3
a 4 436 6
a 5 294 3
a 6 34 6
a 6 317 10
a 7 136 10
a 7 142 1
a 7 249 8
a 8 233 8
a 8 505 3
a 9 452 9
a 9 519 9
a 10 232 5
a 11 283 6
a 11 403 4
a 12 524 10
a 12 540 2
a 13 169 5
a 13 484 7
a 14 26 3
a 14 137 3
a 14 575 4
a 15 195 9
a 16 322 2
a 16 446 2
a 17 591 5
a 18 438 10
a 19 168 4
a 19 380 6
a 19 425 2
a 19 525 3
a 20 231 3
a 21 286 4
a 21 374 1
a 21 514 3
a 22 211 9
a 22 324 10
a 22 376 10
a 22 456 5
a 23 31 1
a 23 89 6
a 23 293 6
a 24 68 5
a 24 353 4
a 25 58 7
a 25 108 6
a 26 303 8
a 27 311 6
a 27 315 5
a 28 293 10
a 29 392 10
a 29 564 1
a 30 535 7
a 30 585 4
a 31 372 1
a 32 300 6
a 32 567 7
a 33 59 6
a 33 293 10
a 34 12 9
a 34 343 10
a 35 7 9
a 35 40 10
a 35 69 4
a 36 188 7
a 36 250 6
a 36 450 4
a 37 278 5
a 37 293 1
a 38 2 4
a 38 315 8
a 38 400 7
a 39 157 2
a 39 313 2
a 39 577 10
a 40 546 2
a 41 199 7
a 42 53 8
a 43 228 10
a 44 341 3
a 44 362 6
a 45 532 3
a 45 566 8
a 46 33 9
a 46 167 3
a 47 119 1
a 47 195 8
a 47 409 6
a 47 506 4
a 48 138 6
a 48 239 6
a 48 406 5
a 49 160 9
a 49 199 3
a 49 218 8
a 50 76 4
a 50 241 2
a 50 362 7
a 51 156 1
a 51 307 2
a 52 259 4
a 53 81 10
a 53 249 3
a 53 292 5
a 54 64 10
a 54 90 6
a 54 176 3
a 54 177 5
a 54 471 8
a 55 97 1
a 55 243 8
a 55 260 2
a 55 361 2
a 56 5 10
a 56 513 2
a 57 97 7
a 58 210 1
a 59 20 1
a 59 577 2
a 60 137 6
a 60 325 8
a 60 422 6
a 61 198 1
a 61 295 1
a 61 452 5
a 62 27 3
a 62 273 1
a 62 305 10
a 62 591 1
a 63 166 6
a 63 477 7
a 64 131 8
a 64 449 1
a 65 250 6
a 65 544 7
a 66 4 3
a 67 235 8
a 67 261 4
a 67 353 8
a 67 412 2
a 68 340 7
a 68 414 3
a 69 36 8
a 69 105 8
a 69 574 3
a 70 386 5
a 71 403 2
a 71 453 8
a 72 494 8
a 73 61 7
a 73 65 10
a 74 29 6
a 74 208 8
a 74 379 4
a 75 183 6
a 75 397 5
a 76 117 6
a 76 299 7
a 76 367 7
a 76 508 7
a 77 488 1
a 77 526 8
a 78 38 6
a 78 174 4
a 78 185 5
a 78 295 1
a 79 111 6
a 80 262 7
a 80 315 8
a 80 352 3
a 80 522 3
a 81 308 1
a 82 515 2
a 83 475 4
a 83 587 3
a 84 224 1
a 85 88 9
a 85 437 3
a 85 447 6
a 86 124 6
a 86 460 3
a 87 88 4
a 87 488 9
a 88 97 10
a 88 466 8
a 89 133 5
a 89 224 9
a 90 418 10
a 91 352 5
a 92 453 2
a 92 502 8
a 93 13 3
a 93 488 7
a 94 297 10
a 94 331 7
a 94 427 10
a 95 120 2
a 95 388 9
a 96 595 3
a 97 73 7
a 98 96 2
a 99 158 8
a 99 159 3
a 99 435 6
a 100 9 7
a 100 442 1
a 100 579 8
a 101 165 7
a 102 130 9
a 102 190 8
a 103 157 7
a 103 231 3
a 103 415 3
a 104 424 1
a 105 382 6
a 106 145 10
a 106 519 7
a 107 379 6
a 107 506 6
a 108 100 1
a 109 160 8
a 110 26 8
a 110 184 1
a 111 394 4
a 112 133 10
a 112 421 7
a 112 485 1
a 113 511 10
a 114 247 2
a 115 102 4
a 115 418 1
a 116 386 6
a 117 318 10
a 118 416 10
a 119 68 9
a 119 126 10
a 119 330 5
a 119 463 8
a 119 525 8
a 120 431 6
a 120 511 2
a 121 266 9
a 121 384 10
a 121 596 7
a 122 217 7
a 122 405 3
a 123 156 4
a 123 267 2
a 123 594 3
a 124 228 6
a 124 314 1
a 124 326 8
a 125 300 1
a 126 14 9
a 126 531 6
a 127 242 9
a 128 48 9
a 129 493 2
a 130 441 7
a 130 581 3
a 131 155 6
a 131 207 1
a 131 350 10
a 132 197 7
a 133 132 7
a 133 568 4
a 134 98 9
a 135 62 1
a 135 520 3
a 136 387 8
a 136 529 4
a 137 454 7
a 137 539 2
a 138 61 10
a 139 12 2
a 139 413 7
a 140 54 1
a 140 332 4
a 140 460 6
a 140 561 10
a 141 366 9
a 141 480 4
a 141 579 5
a 142 202 4
a 142 391 7
a 143 77 2
a 143 363 6
a 143 491 7
a 144 68 7
a 145 532 8
a 146 84 1
a 147 134 7
a 147 581 6
a 148 536 5
a 149 77 7
a 149 219 8
a 150 399 10
a 151 86 5
a 151 222 4
a 151 564 8
a 152 418 3
a 153 80 9
a 153 113 6
a 154 44 6
a 154 371 3
a 155 464 2
a 156 528 7
a 157 256 5
a 158 400 5
a 159 489 7
a 159 544 7
a 160 300 9
a 160 516 1
a 161 144 6
a 162 598 1
a 163 43 9
a 164 218 4
a 165 150 6
a 165 160 7
a 166 363 3
a 167 271 10
a 167 321 9
a 168 246 2
a 169 93 4
a 170 266 6
a 170 483 4
a 171 111 3
a 171 161 1
a 171 308 9
a 171 438 3
a 172 226 9
a 172 512 4
a 172 532 8
a 173 344 5
a 173 481 6
a 173 550 6
a 174 151 2
a 174 245 5
a 174 356 6
a 175 178 2
a 175 547 5
a 175 595 3
a 176 319 7
a 176 451 6
a 177 144 9
a 178 402 7
a 178 593 10
a 179 127 5
a 179 302 7
a 180 135 4
a 181 116 3
a 182 493 6
a 182 588 2
a 183 274 7
a 183 305 6
a 184 55 6
a 184 241 6
a 184 455 5
a 185 7 6
a 185 598 8
a 186 155 6
a 186 264 5
a 187 155 10
a 188 185 4
a 188 198 7
a 189 126 7
a 189 275 4
a 189 372 3
a 189 476 6
a 189 589 9
a 190 94 6
a 190 543 7
a 191 164 9
a 191 189 5
a 191 584 5
a 192 247 8
a 192 523 10
a 193 81 10
a 194 28 7
a 195 115 8
a 196 250 2
a 196 366 6
a 196 597 3
a 197 82 2
a 197 583 9
a 198 230 3
a 198 445 8
a 199 277 1
a 199 532 8
a 200 162 4
a 201 257 1
a 201 588 10
a 202 240 5
a 202 326 4
a 203 92 2
a 203 138 10
a 203 301 9
a 203 430 10
a 204 246 4
a 204 346 3
a 205 312 6
a 205 323 3
a 205 356 4
a 205 381 2
a 206 13 3
a 206 46 1
a 206 426 4
a 207 284 7
a 208 32 4
a 209 84 5
a 209 533 2
a 210 585 6
a 211 333 4
a 212 228 3
a 212 237 8
a 212 459 6
a 213 99 2
a 213 568 8
a 214 81 4
a 214 249 2
a 214 582 4
a 215 327 1
a 216 293 9
a 217 572 9
a 218 79 3
a 218 518 6
a 219 162 1
a 220 333 2
a 221 50 1
a 221 320 8
a 222 93 9
a 223 452 4
a 224 34 5
a 224 383 4
a 225 42 1
a 225 155 3
a 225 221 6
a 226 198 7
a 226 576 7
a 227 25 1
a 227 482 8
a 228 256 10
a 228 459 1
a 228 581 1
a 229 390 4
a 230 205 7
a 230 247 5
a 230 351 3
a 230 517 4
a 231 96 4
a 231 341 3
a 231 510 8
a 232 462 5
a 233 170 2
a 233 487 2
a 234 199 7
a 235 325 9
a 235 596 5
a 236 69 9
a 236 203 7
a 237 2 10
a 237 129 9
a 237 388 9
a 238 23 9
a 238 209 3
a 239 150 5
a 240 292 7
a 241 91 3
a 241 406 10
a 242 44 6
a 242 446 3
a 243 459 8
a 244 25 3
a 244 402 6
a 245 45 2
a 245 103 4
a 246 359 10
a 246 389 7
a 247 4 4
a 247 387 1
a 248 352 3
a 248 424 3
a 249 578 8
a 250 51 6
a 250 79 7
a 250 227 6
a 251 599 5
a 252 17 8
a 252 318 9
a 252 556 3
a 253 533 5
a 253 551 10
a 254 27 10
a 255 400 10
a 255 420 8
a 256 468 2
a 257 31 6
a 257 493 8
a 258 121 7
a 258 365 9
a 258 495 7
a 259 32 10
a 259 121 3
a 259 152 3
a 259 586 8
a 260 259 5
a 260 410 1
a 261 84 1
a 262 229 10
a 262 339 5
a 263 126 2
a 264 116 6
a 264 162 1
a 264 557 8
a 265 41 8
a 265 144 8
a 265 323 5
a 265 394 4
a 266 337 2
a 266 516 6
a 267 243 10
a 267 565 7
a 268 34 2
a 268 373 3
a 269 15 9
a 270 78 9
a 270 394 3
a 271 455 1
a 272 164 5
a 272 353 2
a 273 195 5
a 273 225 6
a 274 88 9
a 274 141 2
a 274 204 1
a 274 464 7
a 275 60 8
a 275 139 10
a 275 467 1
a 276 38 8
a 276 105 2
a 276 345 7
a 277 16 1
a 278 264 10
a 279 419 5
a 279 514 5
a 279 600 8
a 280 33 8
a 280 57 9
a 281 183 5
a 281 550 10
a 282 446 9
a 283 51 3
a 284 457 10
a 285 104 6
a 285 270 9
a 285 444 10
a 286 359 4
a 286 440 10
a 287 342 5
a 287 563 3
a 288 130 2
a 288 149 1
a 288 154 1
a 289 296 5
a 290 70 8
a 290 254 7
a 291 4 4
a 291 214 3
a 292 108 1
a 292 219 3
a 293 123 6
a 293 232 1
a 293 430 2
a 294 42 9
a 294 311 4
a 295 163 9
a 295 284 8
a 296 242 6
a 297 165 9
a 297 456 10
a 298 581 4
a 299 193 7
a 299 528 9
a 300 30 1
a 300 497 6
a 301 336 2
a 301 405 3
a 302 294 2
a 302 391 9
a 302 409 7
a 302 448 7
a 303 222 7
a 304 103 7
a 304 228 5
a 305 490 4
a 306 258 5
a 307 226 3
a 307 328 8
a 308 442 10
a 309 54 5
a 309 474 8
a 310 106 10
a 310 478 4
a 311 348 2
a 311 377 9
a 311 434 5
a 312 264 5
a 312 334 7
a 313 101 1
a 313 329 5
a 314 380 7
a 315 147 6
a 315 268 10
a 316 37 8
a 316 39 1
a 316 43 9
a 316 182 6
a 316 455 8
a 317 231 1
a 317 290 8
a 318 61 8
a 318 370 10
a 319 143 4
a 319 382 9
a 319 397 8
a 320 543 1
a 321 433 4
a 321 571 10
a 322 234 5
a 322 268 6
a 322 272 1
a 322 311 2
a 323 165 10
a 324 97 5
a 324 524 5
a 324 567 1
a 325 110 1
a 325 403 2
a 325 462 5
a 326 133 9
a 326 534 6
a 327 314 1
a 327 371 5
a 328 220 3
a 328 339 2
a 328 600 9
a 329 477 3
a 330 299 4
a 331 26 6
a 332 61 9
a 332 102 9
a 333 364 7
a 334 25 4
a 334 469 8
a 335 108 10
a 336 183 4
a 336 230 10
a 337 303 4
a 337 340 2
a 338 8 9
a 339 418 4
a 339 548 4
a 340 120 2
a 341 125 7
a 341 543 2
a 341 590 7
a 342 285 5
a 342 343 3
a 342 375 5
a 343 94 1
a 343 438 10
a 344 66 9
a 344 75 10
a 344 165 3
a 344 215 4
a 345 86 8
a 345 399 9
a 346 541 6
a 346 586 5
a 347 124 6
a 347 253 3
a 348 3 5
a 348 154 1
a 349 432 1
a 349 442 7
a 349 495 4
a 350 304 7
a 351 417 1
a 351 563 9
a 352 182 3
a 353 422 9
a 353 511 5
a 354 172 4
a 355 47 6
a 355 279 2
a 356 202 5
a 356 357 4
a 356 398 5
a 357 8 4
a 358 241 9
a 359 28 8
a 359 216 1
a 360 84 7
a 360 580 8
a 361 95 4
a 361 216 8
a 361 487 1
a 362 410 4
a 363 107 7
a 363 117 10
a 363 594 9
a 364 111 10
a 364 257 2
a 364 520 7
a 365 79 6
a 365 255 3
a 366 51 3
a 366 139 4
a 367 495 6
a 368 16 1
a 368 19 5
a 368 152 1
a 368 196 4
a 369 285 1
a 369 511 3
a 369 572 9
a 370 33 9
a 370 48 2
a 370 445 9
a 371 71 3
a 371 114 6
a 371 375 9
a 372 134 2
a 372 306 6
a 372 338 9
a 372 388 7
a 372 500 4
a 373 74 9
a 373 313 6
a 374 265 9
a 374 307 2
a 375 120 2
a 376 144 2
a 376 153 4
a 376 235 1
a 376 390 4
a 377 308 9
a 377 347 5
a 378 85 3
a 378 170 2
a 379 80 10
a 380 87 4
a 380 137 9
a 380 258 6
a 381 390 4
a 382 158 6
a 382 194 7
a 383 122 5
a 383 279 1
a 383 515 2
a 384 385 5
a 385 34 4
a 385 546 6
a 386 25 8
a 387 485 1
a 387 593 3
a 388 46 5
a 389 47 7
a 389 314 6
a 390 483 5
a 390 573 8
a 391 115 9
a 391 248 3
a 392 118 2
a 392 462 1
a 393 112 1
a 394 451 1
a 395 167 1
a 396 576 9
a 397 20 9
a 398 150 4
a 398 548 1
a 399 374 8
a 400 394 5
a 401 523 10
a 402 506 9
a 402 566 1
a 403 47 7
a 403 217 8
a 404 14 3
a 405 35 3
a 405 244 2
a 405 441 9
a 406 56 1
a 406 355 3
a 406 405 6
a 407 21 4
a 407 106 8
a 407 428 9
a 407 496 9
a 407 552 1
a 408 264 4
a 409 330 3
a 410 190 4
a 411 194 7
a 412 109 10
a 412 191 1
a 412 472 10
a 413 212 2
a 413 368 10
a 413 416 5
a 414 385 1
a 414 454 1
a 415 22 10
a 415 597 8
a 416 83 9
a 416 192 3
a 416 473 10
a 416 513 9
a 417 5 3
a 417 304 3
a 417 458 6
a 417 546 4
a 418 365 5
a 419 8 8
a 419 267 9
a 420 360 2
a 420 468 7
a 420 564 6
a 421 34 5
a 421 179 4
a 421 284 5
a 422 67 1
a 422 171 5
a 422 319 9
a 423 231 4
a 424 419 3
a 424 568 7
a 425 272 9
a 426 455 4
a 427 245 3
a 427 505 5
a 428 3 7
a 428 78 3
a 429 423 3
a 429 485 9
a 430 324 10
a 430 404 8
a 430 562 3
a 431 509 10
a 431 559 2
a 432 166 10
a 433 571 9
a 434 55 3
a 434 291 7
a 434 396 9
a 435 86 1
a 435 98 3
a 435 276 7
a 436 553 7
a 437 186 8
a 437 592 2
a 438 120 6
a 438 200 9
a 439 206 8
a 440 369 10
a 441 283 5
a 441 401 2
a 442 193 9
a 442 335 10
a 442 388 2
a 442 457 4
a 443 8 5
a 443 52 2
a 443 158 6
a 444 238 7
a 444 490 3
a 445 137 4
a 446 354 10
a 446 373 6
a 447 207 1
a 447 494 7
a 448 441 2
a 448 578 5
a 449 125 4
a 450 27 9
a 450 312 6
a 451 441 9
a 452 86 5
a 452 169 8
a 453 51 7
a 453 104 9
a 453 131 2
a 453 579 1
a 454 41 7
a 454 124 5
a 455 563 3
a 456 544 1
a 457 140 6
a 458 247 10
a 458 264 4
a 458 535 2
a 459 168 2
a 460 574 5
a 461 286 4
a 461 288 1
a 461 396 3
a 461 538 5
a 462 357 8
a 463 236 4
a 463 536 3
a 464 171 7
a 464 197 3
a 465 172 10
a 465 600 2
a 466 380 1
a 467 116 2
a 467 537 2
a 468 30 5
a 468 136 6
a 469 10 9
a 469 201 3
a 469 252 8
a 469 372 5
a 469 406 6
a 470 89 10
a 470 148 3
a 470 242 1
a 471 249 8
a 471 509 1
a 472 180 9
a 472 423 10
a 473 24 5
a 473 275 6
a 473 465 7
a 474 221 8
a 475 201 4
a 475 357 4
a 476 514 1
a 477 175 3
a 477 217 1
a 478 20 8
a 478 263 1
a 479 171 4
a 479 439 6
a 480 30 7
a 480 146 2
a 481 369 1
a 481 458 8
a 482 405 8
a 483 395 9
a 484 545 2
a 485 28 3
a 485 214 9
a 486 25 1
a 486 210 3
a 486 213 5
a 486 269 1
a 486 310 5
a 487 13 1
a 487 112 4
a 487 492 9
a 487 533 4
a 488 23 3
a 488 36 8
a 488 128 7
a 489 6 9
a 489 110 6
a 489 190 7
a 490 187 9
a 490 195 9
a 490 395 5
a 490 475 10
a 491 140 4
a 491 186 5
a 491 575 6
a 492 411 7
a 492 521 10
a 493 200 4
a 493 208 6
a 493 265 8
a 493 571 4
a 494 393 10
a 494 400 2
a 495 45 6
a 495 498 5
a 496 187 10
a 496 308 3
a 497 96 6
a 498 97 7
a 498 549 9
a 499 31 10
a 500 170 6
a 500 554 9
a 501 18 5
a 501 106 9
a 501 370 3
a 502 246 8
a 503 194 8
a 504 16 4
a 505 72 7
a 505 595 3
a 506 243 7
a 506 526 7
a 507 24 2
a 507 366 10
a 508 378 2
a 508 410 2
a 509 65 1
a 510 236 1
a 510 321 3
a 511 130 8
a 512 35 9
a 512 219 4
a 513 113 3
a 513 289 1
a 513 321 1
a 514 548 6
a 515 443 4
a 515 526 5
a 516 426 4
a 517 226 8
a 517 461 10
a 518 153 8
a 518 282 9
a 519 94 10
a 519 211 4
a 519 529 5
a 520 192 6
a 521 251 8
a 521 341 4
a 522 93 8
a 522 212 3
a 523 65 7
a 524 173 8
a 524 545 6
a 524 561 10
a 524 577 4
a 525 495 10
a 526 206 3
a 526 313 1
a 527 7 6
a 527 15 8
a 527 327 6
a 527 346 3
a 528 218 9
a 529 111 6
a 529 181 1
a 529 407 8
a 530 130 3
a 531 523 6
a 531 530 6
a 532 271 6
a 533 220 1
a 533 341 1
a 533 482 7
a 534 63 1
a 534 82 8
a 534 152 3
a 535 556 10
a 536 28 2
a 536 556 9
a 537 430 9
a 538 301 9
a 539 368 3
a 540 445 9
a 541 81 10
a 541 501 9
a 542 281 1
a 542 413 10
a 543 499 10
a 543 548 7
a 544 464 2
a 545 232 5
a 545 248 2
a 546 323 6
a 546 527 8
a 547 53 5
a 547 93 2
a 547 433 1
a 548 415 1
a 548 569 10
a 549 260 3
a 549 280 6
a 549 535 6
a 550 140 1
a 551 238 3
a 551 260 7
a 552 34 9
a 553 414 2
a 553 551 4
a 554 45 7
a 554 181 8
a 554 386 10
a 554 539 1
a 555 429 5
a 555 507 10
a 556 146 10
a 557 320 7
a 557 494 4
a 558 74 10
a 559 470 2
a 559 496 6
a 559 553 7
a 560 388 9
a 561 171 1
a 561 342 3
a 561 399 10
a 562 531 8
a 562 545 6
a 563 11 3
a 563 256 5
a 563 359 8
a 563 411 9
a 564 236 1
a 564 270 7
a 565 70 1
a 565 85 5
a 565 218 4
a 566 101 3
a 566 246 10
a 566 333 5
a 566 592 1
a 567 17 7
a 567 177 5
a 567 197 6
a 567 434 9
a 568 252 5
a 568 358 8
a 569 528 9
a 569 599 3
a 570 599 6
a 571 195 9
a 571 238 1
a 572 73 3
a 572 269 9
a 573 97 7
a 573 116 10
a 573 477 9
a 574 463 4
a 575 223 5
a 575 287 1
a 575 566 8
a 576 139 4
a 577 100 1
a 577 570 4
a 578 461 4
a 578 547 1
a 579 49 8
a 579 184 9
a 579 443 6
a 580 264 5
a 580 364 7
a 581 541 7
a 582 364 3
a 582 427 6
a 582 504 10
a 582 560 2
a 583 302 3
a 584 288 2
a 584 298 2
a 584 540 2
a 585 349 7
a 585 568 7
a 586 36 1
a 586 503 7
a 587 324 1
a 588 288 3
a 589 109 8
a 589 387 1
a 590 220 9
a 590 486 7
a 591 410 1
a 592 426 4
a 593 130 7
a 593 296 7
a 594 43 7
a 595 309 4
a 595 555 1
a 596 302 3
a 596 397 1
a 596 410 5
a 596 452 4
a 597 233 6
a 597 316 2
a 597 429 3
a 598 398 8
a 598 408 5
a 598 479 7
a 599 254 2
a 599 373 10
a 599 555 10
