p max 600 1200
n 1 s
n 600 t
a 1 550 8
a 2 13 10
a 2 290 5
a 2 344 6
a 3 11 8
a 3 101 1
a 3 212 6
a 4 51 1
a 4 489 4
a 5 16 10
a 5 151 6
a 5 473 5
a 5 584 9
a 6 332 6
a 7 257 7
a 8 236 6
a 8 425 8
a 9 63 2
a 10 385 6
a 10 404 5
a 10 576 5
a 11 5 8
a 12 450 5
a 13 567 10
a 14 68 7
a 14 442 5
a 15 220 5
a 15 559 10
a 16 469 7
a 17 362 3
a 17 463 5
a 18 262 4
a 19 190 6
a 19 371 10
a 20 116 6
a 20 268 7
a 21 58 3
a 21 91 4
a 21 369 1
a 22 596 1
a 23 52 3
a 23 511 8
a 23 553 2
a 24 179 1
a 24 233 2
a 25 27 10
a 26 342 7
a 27 90 8
a 28 248 9
a 28 331 2
a 28 521 3
a 29 7 1
a 29 261 4
a 30 287 4
a 30 560 1
a 31 246 2
a 31 466 2
a 32 259 9
a 32 306 9
a 32 393 8
a 33 395 9
a 33 520 7
a 34 231 6
a 34 557 2
a 35 150 4
a 36 30 4
a 36 85 2
a 36 267 1
a 36 388 2
a 36 597 2
a 37 170 1
a 37 580 1
a 38 248 8
a 38 397 5
a 39 437 7
a 40 310 9
a 41 37 10
a 41 120 9
a 41 410 1
a 41 557 2
a 42 358 10
a 42 413 3
a 43 238 1
a 43 307 8
a 43 348 9
a 43 405 10
a 43 596 9
a 44 312 9
a 45 425 3
a 46 210 6
a 47 20 7
a 47 147 10
a 47 247 10
a 47 275 1
a 47 314 9
a 48 96 10
a 48 281 2
a 48 443 5
a 48 494 5
a 48 538 9
a 49 108 6
a 49 495 2
a 50 33 5
a 50 252 1
a 51 106 2
a 51 245 4
a 52 96 6
a 52 477 7
a 53 171 4
a 53 512 5
a 54 439 1
a 55 223 8
a 56 282 4
a 56 338 5
a 57 128 5
a 57 244 5
a 57 319 7
a 58 417 4
a 59 152 1
a 59 239 5
a 59 349 5
a 60 259 6
a 61 15 10
a 61 48 1
a 61 221 2
a 61 512 7
a 62 221 5
a 62 280 1
a 62 592 7
a 63 3 6
a 63 599 2
a 64 92 6
a 64 242 8
a 64 351 2
a 65 551 5
a 66 88 5
a 66 471 7
a 66 558 6
a 67 154 5
a 67 169 10
a 67 249 1
a 67 280 7
a 67 394 5
a 68 402 6
a 69 89 10
a 69 168 10
a 69 424 7
a 70 54 10
a 70 477 9
a 71 215 5
a 71 403 5
a 72 210 4
a 72 272 10
a 73 272 4
a 73 463 1
a 74 26 9
a 75 76 9
a 76 204 4
a 76 305 4
a 77 125 4
a 77 444 9
a 78 402 1
a 79 372 3
a 79 397 8
a 80 373 4
a 80 410 6
a 80 416 3
a 81 72 4
a 81 431 2
a 81 529 6
a 82 96 9
a 83 521 10
a 84 50 1
a 84 366 6
a 85 507 6
a 85 580 2
a 86 38 7
a 86 419 7
a 87 243 5
a 88 130 10
a 88 376 4
a 89 378 4
a 89 394 6
a 89 473 6
a 90 144 10
a 90 341 4
a 91 317 7
a 91 497 5
a 92 16 1
a 92 402 4
a 93 94 6
a 93 551 7
a 94 187 6
a 94 493 5
a 95 109 9
a 95 487 7
a 96 118 10
a 96 539 5
a 97 83 4
a 97 128 9
a 97 193 9
a 98 32 8
a 98 149 10
a 99 173 6
a 99 207 9
a 99 567 5
a 100 27 9
a 100 213 7
a 101 406 8
a 101 559 10
a 102 100 10
a 102 216 5
a 102 553 10
a 103 134 4
a 103 456 7
a 104 157 1
a 104 496 10
a 104 558 3
a 105 381 8
a 106 248 2
a 106 465 8
a 107 329 8
a 107 459 2
a 108 456 2
a 109 214 8
a 109 335 1
a 110 9 2
a 110 199 5
a 110 434 3
a 110 542 2
a 111 54 7
a 112 145 4
a 113 145 6
a 113 389 7
a 114 282 7
a 114 425 1
a 114 458 9
a 115 269 5
a 116 28 2
a 116 383 1
a 116 559 3
a 117 309 4
a 118 37 6
a 118 84 4
a 118 218 4
a 119 182 3
a 119 429 3
a 119 466 1
a 120 66 9
a 120 204 5
a 121 292 3
a 121 401 6
a 122 466 1
a 123 47 7
a 123 115 8
a 124 568 6
a 125 28 9
a 125 499 4
a 126 68 10
a 126 132 3
a 127 512 8
a 128 415 6
a 128 438 9
a 128 464 3
a 129 452 6
a 130 357 3
a 130 450 2
a 131 116 4
a 132 477 2
a 133 66 4
a 134 356 2
a 134 579 10
a 135 386 3
a 135 484 1
a 136 246 6
a 136 293 9
a 137 434 3
a 138 265 7
a 138 363 6
a 139 76 10
a 139 539 2
a 140 106 5
a 141 266 1
a 141 375 10
a 141 563 10
a 142 334 6
a 143 62 9
a 143 134 5
a 144 139 8
a 145 364 9
a 146 471 3
a 147 126 1
a 147 173 2
a 148 184 4
a 149 473 6
a 150 391 1
a 150 575 9
a 150 594 10
a 151 122 8
a 151 188 4
a 152 521 9
a 153 277 7
a 154 168 10
a 154 198 7
a 154 304 7
a 155 102 3
a 156 217 6
a 157 230 4
a 157 311 2
a 158 285 4
a 158 341 3
a 159 75 4
a 159 465 3
a 160 531 4
a 160 584 7
a 161 62 9
a 161 154 1
a 161 183 2
a 162 339 9
a 162 517 10
a 163 27 4
a 163 265 2
a 164 143 6
a 165 323 6
a 165 555 3
a 166 202 8
a 166 289 6
a 166 433 4
a 167 132 4
a 167 194 4
a 167 215 6
a 168 149 9
a 168 298 7
a 169 57 8
a 170 72 6
a 170 444 6
a 171 545 7
a 171 554 3
a 172 345 4
a 173 56 7
a 173 266 3
a 173 288 3
a 173 481 8
a 174 383 1
a 174 504 10
a 175 349 1
a 176 130 2
a 176 340 6
a 176 568 9
a 177 367 3
a 178 456 4
a 179 128 1
a 180 230 3
a 181 277 10
a 181 504 9
a 182 422 10
a 183 310 1
a 183 328 1
a 183 467 8
a 184 217 1
a 185 36 8
a 186 84 1
a 186 486 7
a 187 59 5
a 187 87 8
a 187 456 6
a 188 349 1
a 188 475 5
a 189 166 3
a 189 274 1
a 190 242 3
a 190 460 5
a 191 3 10
a 191 210 3
a 192 454 7
a 192 596 9
a 193 421 2
a 193 582 5
a 194 308 6
a 194 425 10
a 194 476 8
a 195 70 8
a 195 315 7
a 195 334 9
a 196 175 3
a 196 382 1
a 196 502 6
a 197 213 9
a 197 296 9
a 198 41 10
a 198 352 4
a 199 542 7
a 200 478 4
a 201 509 8
a 202 176 10
a 202 557 9
a 203 561 6
a 203 583 8
a 204 287 2
a 205 283 3
a 206 47 10
a 206 276 1
a 206 354 7
a 206 436 5
a 206 532 5
a 207 6 7
a 207 342 6
a 207 375 2
a 208 235 8
a 208 252 5
a 208 555 3
a 209 556 1
a 209 563 9
a 210 123 4
a 210 227 7
a 211 203 5
a 212 307 2
a 212 571 5
a 213 52 1
a 214 412 3
a 215 229 9
a 215 271 8
a 215 600 2
a 216 145 8
a 216 331 1
a 216 358 7
a 217 258 1
a 217 450 6
a 218 233 6
a 218 279 8
a 218 387 1
a 218 589 3
a 218 600 1
a 219 63 5
a 219 196 2
a 220 255 8
a 220 551 2
a 221 403 6
a 222 291 6
a 222 294 3
a 223 140 3
a 223 492 7
a 224 268 3
a 225 534 2
a 225 553 9
a 226 25 1
a 226 325 8
a 226 363 10
a 227 282 4
a 227 591 2
a 228 38 5
a 229 14 3
a 229 159 8
a 229 205 6
a 230 73 3
a 230 355 5
a 230 467 9
a 231 77 9
a 231 219 9
a 231 468 1
a 231 505 3
a 232 471 7
a 233 358 10
a 233 400 5
a 233 488 2
a 234 201 6
a 234 250 5
a 234 337 7
a 235 440 10
a 235 457 4
a 235 493 4
a 236 530 9
a 237 561 1
a 238 299 8
a 238 437 8
a 239 55 4
a 239 82 5
a 239 428 10
a 239 549 3
a 240 43 4
a 240 177 7
a 240 207 5
a 240 229 6
a 241 376 5
a 241 487 3
a 242 200 6
a 243 465 6
a 243 503 8
a 244 83 1
a 244 548 7
a 245 566 10
a 246 189 6
a 246 385 6
a 247 214 1
a 247 427 2
a 248 201 5
a 248 379 4
a 249 457 9
a 250 378 4
a 251 54 9
a 252 269 6
a 253 480 3
a 253 586 3
a 254 71 5
a 254 287 7
a 255 403 3
a 256 277 5
a 256 319 1
a 257 223 7
a 257 253 4
a 257 527 9
a 258 58 8
a 258 144 4
a 259 74 4
a 259 537 3
a 259 543 8
a 260 530 2
a 261 203 6
a 261 301 1
a 261 314 8
a 262 138 10
a 262 408 9
a 263 23 4
a 263 116 5
a 263 264 7
a 263 273 1
a 264 271 9
a 265 90 2
a 265 419 3
a 266 21 1
a 266 113 4
a 267 353 10
a 267 407 10
a 268 210 9
a 269 22 8
a 269 103 9
a 270 329 6
a 270 482 3
a 271 258 7
a 271 514 10
a 272 196 10
a 272 217 7
a 272 396 8
a 272 490 9
a 273 153 5
a 273 249 3
a 273 412 10
a 273 528 2
a 274 86 1
a 275 489 10
a 276 333 5
a 277 67 4
a 277 129 6
a 277 143 4
a 277 570 6
a 278 7 6
a 278 180 7
a 278 333 6
a 278 377 2
a 279 89 7
a 280 206 9
a 280 238 4
a 280 323 7
a 281 471 3
a 282 446 4
a 282 541 9
a 283 143 5
a 284 276 5
a 284 483 2
a 285 596 5
a 286 97 3
a 286 198 2
a 287 144 6
a 287 430 4
a 287 505 7
a 288 197 5
a 288 416 7
a 289 103 1
a 289 259 2
a 290 244 8
a 290 327 5
a 291 109 5
a 291 409 1
a 292 42 8
a 293 295 4
a 293 312 10
a 293 437 6
a 294 82 1
a 295 593 8
a 296 212 9
a 296 392 8
a 296 394 5
a 297 35 3
a 297 135 9
a 297 437 8
a 298 332 5
a 298 454 2
a 299 303 8
a 299 573 10
a 300 263 10
a 301 486 8
a 302 14 4
a 302 141 3
a 302 426 9
a 303 387 5
a 303 515 10
a 303 545 8
a 304 94 7
a 304 470 7
a 305 490 4
a 306 235 2
a 306 491 10
a 307 135 8
a 307 485 2
a 308 285 4
a 309 19 3
a 309 102 1
a 310 399 8
a 311 189 4
a 312 121 9
a 312 262 3
a 313 25 2
a 313 470 10
a 314 547 9
a 315 146 1
a 315 243 1
a 315 353 5
a 316 413 3
a 317 26 8
a 317 342 5
a 318 371 4
a 318 489 3
a 318 576 5
a 319 251 7
a 320 50 4
a 321 452 6
a 322 159 7
a 323 21 2
a 323 78 8
a 323 160 4
a 323 241 6
a 324 111 5
a 325 32 10
a 325 252 5
a 326 16 10
a 327 184 8
a 327 192 7
a 327 278 4
a 328 179 2
a 328 392 5
a 329 171 9
a 330 359 8
a 331 307 10
a 332 13 4
a 333 300 2
a 333 410 2
a 333 441 3
a 334 322 2
a 334 344 8
a 335 486 1
a 336 559 5
a 337 240 10
a 337 361 4
a 337 432 4
a 337 563 4
a 338 570 8
a 339 71 9
a 339 526 3
a 339 553 1
a 340 60 8
a 340 483 3
a 341 444 5
a 342 163 9
a 342 244 2
a 343 286 8
a 343 370 6
a 344 538 9
a 345 473 6
a 345 519 4
a 345 572 7
a 346 108 7
a 346 241 1
a 347 31 6
a 347 58 4
a 348 53 7
a 348 479 8
a 348 530 1
a 348 595 2
a 349 306 10
a 349 416 3
a 349 472 5
a 350 469 6
a 350 563 3
a 350 578 3
a 351 367 10
a 351 566 4
a 352 112 2
a 352 389 5
a 352 399 10
a 353 288 6
a 354 600 10
a 355 451 6
a 355 472 9
a 356 184 5
a 356 189 5
a 357 9 4
a 357 50 4
a 357 262 10
a 358 356 4
a 358 590 1
a 359 334 9
a 360 506 10
a 361 177 8
a 361 360 6
a 362 186 7
a 362 550 3
a 362 598 3
a 363 159 3
a 363 329 9
a 363 501 4
a 364 232 6
a 365 336 2
a 365 493 1
a 366 135 1
a 366 168 2
a 366 448 5
a 366 473 2
a 367 528 6
a 367 581 4
a 368 196 4
a 369 36 10
a 369 139 10
a 369 485 10
a 369 558 4
a 370 421 10
a 371 158 8
a 371 452 10
a 372 29 10
a 373 131 8
a 374 354 8
a 375 227 8
a 375 364 4
a 375 575 4
a 376 143 7
a 376 337 9
a 376 439 7
a 377 64 1
a 378 119 4
a 378 552 3
a 379 49 10
a 379 237 3
a 379 243 4
a 379 294 7
a 380 344 2
a 381 85 6
a 381 97 5
a 381 203 7
a 382 54 3
a 382 235 7
a 383 354 2
a 383 420 8
a 384 339 4
a 384 354 5
a 384 585 9
a 385 5 7
a 385 106 10
a 386 150 6
a 387 40 3
a 387 85 10
a 388 109 4
a 389 417 1
a 389 462 1
a 390 40 2
a 390 44 6
a 391 445 7
a 391 540 5
a 392 122 9
a 392 374 6
a 393 554 7
a 394 40 9
a 394 401 4
a 394 452 5
a 394 587 7
a 395 405 2
a 396 345 8
a 396 563 5
a 397 257 6
a 398 340 5
a 398 462 4
a 399 335 5
a 400 10 6
a 400 201 1
a 401 71 4
a 401 74 2
a 402 346 9
a 402 414 9
a 402 456 8
a 403 298 7
a 403 577 5
a 404 319 2
a 405 351 3
a 405 496 6
a 405 562 10
a 406 306 4
a 406 423 3
a 407 184 5
a 407 434 6
a 408 247 6
a 409 134 6
a 409 290 5
a 410 104 7
a 410 424 10
a 411 49 8
a 411 535 1
a 412 448 9
a 413 423 9
a 414 80 6
a 415 87 9
a 415 225 2
a 415 269 7
a 416 45 7
a 416 133 3
a 416 475 3
a 417 446 10
a 417 588 6
a 418 3 6
a 419 421 4
a 419 519 5
a 420 193 3
a 421 50 9
a 422 30 2
a 423 369 7
a 423 475 8
a 424 42 10
a 424 83 10
a 424 105 2
a 424 217 4
a 425 87 3
a 426 67 10
a 426 164 9
a 426 330 6
a 427 381 10
a 427 428 4
a 427 446 9
a 428 29 4
a 428 384 3
a 428 596 5
a 429 64 4
a 429 255 9
a 429 263 8
a 430 20 7
a 430 93 3
a 431 57 9
a 431 254 4
a 431 329 10
a 431 470 1
a 432 31 10
a 432 350 8
a 433 470 3
a 434 282 6
a 434 351 4
a 434 453 1
a 435 102 8
a 435 269 9
a 436 406 8
a 437 154 5
a 437 564 10
a 438 533 8
a 438 539 3
a 439 401 7
a 439 508 4
a 440 12 4
a 440 23 8
a 440 110 10
a 440 132 10
a 440 161 7
a 440 164 1
a 440 208 1
a 441 403 2
a 441 447 9
a 442 4 7
a 442 117 5
a 442 268 10
a 443 444 9
a 444 335 1
a 444 339 4
a 444 464 6
a 445 600 6
a 446 2 1
a 446 89 10
a 446 525 4
a 447 262 7
a 448 181 4
a 448 319 5
a 448 326 10
a 448 419 2
a 448 555 7
a 449 172 3
a 449 359 10
a 449 494 1
a 450 194 4
a 450 224 7
a 451 17 9
a 452 319 4
a 453 334 4
a 454 438 3
a 455 276 8
a 455 547 10
a 456 444 8
a 457 363 10
a 457 498 4
a 458 12 4
a 459 300 2
a 459 417 4
a 460 144 10
a 461 403 2
a 462 188 9
a 462 336 5
a 463 61 3
a 463 185 7
a 463 416 7
a 464 107 8
a 464 193 7
a 464 529 8
a 465 155 2
a 465 460 8
a 466 232 6
a 467 194 9
a 467 297 8
a 468 42 9
a 469 34 10
a 469 375 2
a 470 215 4
a 471 49 4
a 471 347 3
a 472 204 9
a 472 559 3
a 472 593 10
a 473 515 4
a 474 232 5
a 475 369 4
a 475 544 5
a 476 384 7
a 477 500 4
a 478 8 2
a 478 95 5
a 478 427 9
a 478 461 2
a 479 308 7
a 479 320 5
a 480 59 7
a 480 369 9
a 480 478 5
a 481 18 6
a 481 22 2
a 481 365 2
a 482 292 7
a 482 565 5
a 483 241 2
a 484 277 8
a 484 382 2
a 484 395 5
a 485 69 5
a 485 523 2
a 486 123 2
a 486 462 4
a 486 536 5
a 487 324 1
a 487 368 9
a 487 469 9
a 488 79 3
a 488 537 4
a 488 586 5
a 489 161 1
a 489 302 8
a 489 304 9
a 490 7 3
a 490 137 9
a 490 260 10
a 490 590 6
a 490 597 4
a 491 182 9
a 492 7 5
a 492 232 4
a 493 74 8
a 493 124 8
a 493 449 5
a 493 539 8
a 494 459 10
a 495 110 3
a 495 509 10
a 496 201 10
a 497 253 2
a 497 317 5
a 497 422 3
a 498 211 10
a 499 166 7
a 499 228 2
a 499 334 6
a 499 498 3
a 500 490 8
a 501 544 7
a 502 156 6
a 502 377 5
a 503 323 3
a 503 398 6
a 504 408 7
a 504 543 10
a 505 39 1
a 505 226 7
a 505 273 4
a 506 286 3
a 506 316 5
a 506 339 5
a 507 234 7
a 507 412 3
a 508 341 3
a 509 59 1
a 509 524 6
a 510 209 6
a 510 347 7
a 511 228 5
a 512 320 7
a 513 504 9
a 513 574 8
a 514 418 10
a 514 500 3
a 514 573 4
a 515 46 2
a 515 304 10
a 516 318 1
a 517 170 3
a 517 546 9
a 518 178 4
a 518 253 7
a 519 119 6
a 520 479 6
a 520 555 9
a 521 362 1
a 521 479 8
a 522 173 10
a 522 314 9
a 523 375 1
a 523 404 10
a 523 430 8
a 524 156 3
a 525 115 8
a 525 390 1
a 525 554 2
a 526 528 9
a 527 394 2
a 528 202 5
a 528 211 3
a 528 284 10
a 528 328 3
a 529 86 10
a 529 510 2
a 530 283 9
a 530 362 8
a 531 65 10
a 531 270 7
a 532 285 6
a 532 549 5
a 533 270 4
a 533 343 9
a 533 496 6
a 534 81 5
a 534 111 6
a 534 457 9
a 534 518 7
a 535 521 10
a 535 552 7
a 536 11 6
a 536 81 3
a 536 492 5
a 537 5 1
a 537 61 8
a 537 189 7
a 538 541 6
a 539 98 5
a 539 165 5
a 539 579 8
a 540 577 10
a 541 191 7
a 541 341 6
a 542 223 4
a 543 26 8
a 543 251 10
a 543 309 5
a 544 136 8
a 544 195 9
a 544 228 2
a 545 17 9
a 545 567 10
a 546 295 3
a 547 411 3
a 547 580 3
a 548 236 2
a 549 114 2
a 549 174 1
a 549 188 10
a 549 258 1
a 550 3 2
a 550 22 7
a 551 472 9
a 552 225 10
a 552 566 4
a 553 74 4
a 553 86 4
a 554 131 6
a 554 424 10
a 555 131 8
a 555 256 10
a 555 433 1
a 555 580 5
a 556 275 5
a 557 20 7
a 558 88 9
a 558 516 3
a 559 80 2
a 559 146 2
a 559 222 4
a 560 296 2
a 560 537 3
a 561 93 10
a 562 122 7
a 562 278 9
a 562 561 10
a 563 269 9
a 564 337 9
a 565 209 8
a 565 400 2
a 566 171 10
a 567 421 9
a 568 82 8
a 568 167 8
a 568 230 5
a 569 132 4
a 570 149 7
a 570 445 10
a 570 506 7
a 570 598 1
a 571 12 5
a 571 41 9
a 571 127 3
a 571 380 1
a 571 500 5
a 572 523 6
a 572 570 3
a 573 148 10
a 573 327 1
a 573 501 9
a 574 104 3
a 574 162 10
a 575 44 6
a 575 386 8
a 576 568 3
a 577 299 10
a 577 522 4
a 578 594 9
a 579 235 6
a 580 99 7
a 580 318 3
a 580 324 4
a 581 477 9
a 582 344 6
a 582 474 9
a 583 150 6
a 583 276 5
a 584 442 3
a 585 142 6
a 585 329 5
a 585 513 4
a 586 385 9
a 587 38 9
a 587 257 1
a 587 516 9
a 588 52 7
a 589 13 3
a 589 24 6
a 590 196 4
a 590 435 8
a 590 569 6
a 591 246 3
a 591 385 3
a 591 455 6
a 592 317 6
a 592 321 9
a 592 490 9
a 593 462 1
a 594 200 8
a 594 289 8
a 595 353 4
a 595 499 4
a 596 197 8
a 596 495 10
a 597 313 10
a 597 509 10
a 598 537 2
a 599 534 5
