p max 600 1200
n 1 s
n 600 t
a 1 54 6
a 1 92 6
a 1 584 3
a 2 87 2
a 3 278 1
a 3 600 7
a 4 153 7
a 4 200 1
a 4 376 8
a 4 493 2
a 5 261 6
a 5 336 8
a 6 288 2
a 6 402 2
a 6 481 7
a 7 136 4
a 7 418 9
a 7 503 7
a 8 7 3
a 8 221 5
a 8 393 3
a 9 332 5
a 10 17 7
a 11 154 8
a 11 450 9
a 12 35 7
a 13 177 4
a 14 99 4
a 15 301 10
a 15 530 1
a 15 555 5
a 16 465 8
a 16 579 7
a 16 595 7
a 17 564 3
a 18 31 3
a 18 396 2
a 19 512 5
a 20 276 2
a 20 369 6
a 21 147 10
a 22 191 2
a 22 320 4
a 23 453 1
a 24 10 5
a 25 242 6
a 25 258 8
a 25 332 7
a 26 53 2
a 26 345 6
a 27 11 7
a 27 37 6
a 27 166 3
a 27 182 1
a 27 382 3
a 27 580 6
a 28 87 4
a 29 276 5
a 30 178 2
a 30 512 2
a 31 559 10
a 32 90 3
a 32 238 5
a 32 424 2
a 33 321 3
a 33 460 2
a 34 258 4
a 34 442 5
a 35 135 9
a 36 238 1
a 37 10 9
a 38 245 3
a 39 270 9
a 40 87 3
a 40 564 2
a 41 182 7
a 42 121 3
a 42 526 3
a 43 470 3
a 43 527 5
a 44 199 10
a 45 42 3
a 45 324 5
a 45 491 1
a 46 441 5
a 47 387 4
a 48 86 8
a 48 124 3
a 48 156 3
a 49 156 3
a 49 239 8
a 50 240 6
a 50 569 6
a 51 218 6
a 51 557 3
a 52 163 7
a 52 248 9
a 52 356 4
a 53 185 6
a 54 289 3
a 54 304 7
a 54 322 5
a 55 363 9
a 56 259 2
a 56 564 6
a 57 307 7
a 57 397 4
a 57 537 8
a 58 501 9
a 58 507 3
a 59 46 5
a 59 415 2
a 60 139 4
a 60 420 1
a 61 185 1
a 61 505 9
a 62 60 2
a 62 252 10
a 63 52 10
a 63 364 10
a 64 248 8
a 65 59 5
a 65 412 2
a 66 21 3
a 67 298 4
a 68 280 8
a 68 501 8
a 69 42 4
a 69 243 3
a 69 531 1
a 70 550 4
a 71 510 5
a 71 544 10
a 72 196 3
a 72 277 9
a 73 162 3
a 73 201 2
a 74 219 8
a 74 536 10
a 75 150 1
a 75 282 10
a 75 302 1
a 75 507 2
a 76 133 8
a 76 552 3
a 77 588 1
a 78 133 8
a 78 448 6
a 79 69 4
a 80 9 2
a 80 317 4
a 81 65 9
a 81 159 8
a 82 436 5
a 82 448 7
a 83 384 6
a 83 493 7
a 84 44 2
a 84 228 5
a 84 527 9
a 85 145 10
a 85 216 1
a 85 493 1
a 86 81 4
a 86 312 2
a 86 418 7
a 86 514 9
a 87 341 9
a 88 224 2
a 88 252 10
a 88 590 2
a 89 291 3
a 90 372 10
a 91 25 2
a 91 62 5
a 91 371 5
a 92 142 8
a 93 27 8
a 93 537 3
a 94 157 5
a 95 135 5
a 95 366 3
a 96 396 1
a 97 10 3
a 97 286 8
a 97 444 7
a 98 154 1
a 99 77 7
a 99 92 1
a 99 116 9
a 99 466 8
a 100 49 3
a 100 238 7
a 100 350 6
a 101 59 8
a 102 238 1
a 103 247 3
a 104 67 7
a 104 247 4
a 104 475 8
a 105 485 2
a 105 495 1
a 106 546 7
a 107 367 3
a 108 257 7
a 108 411 6
a 109 488 6
a 109 592 6
a 110 336 5
a 110 338 5
a 110 547 3
a 111 8 10
a 111 128 7
a 111 392 6
a 112 2 6
a 112 326 5
a 112 419 5
a 113 279 6
a 113 463 1
a 114 580 7
a 115 208 8
a 115 269 4
a 116 391 9
a 117 499 3
a 117 563 9
a 117 592 9
a 118 221 3
a 118 492 3
a 119 295 3
a 119 504 6
a 119 505 7
a 120 119 3
a 120 291 1
a 121 13 6
a 121 91 8
a 121 346 7
a 121 588 4
a 122 99 5
a 122 233 8
a 122 472 3
a 123 450 4
a 124 79 4
a 125 343 5
a 126 45 6
a 126 125 3
a 127 323 8
a 127 500 2
a 128 268 2
a 129 284 4
a 129 376 10
a 129 468 9
a 130 192 4
a 131 147 5
a 131 535 1
a 132 76 8
a 132 189 1
a 132 421 6
a 132 496 8
a 133 255 2
a 133 440 2
a 133 473 6
a 134 349 7
a 134 406 2
a 134 429 8
a 134 548 10
a 135 187 7
a 135 215 7
a 135 508 5
a 136 455 4
a 137 70 6
a 138 175 9
a 138 245 2
a 139 454 7
a 139 458 4
a 140 400 4
a 141 565 6
a 142 28 9
a 142 140 3
a 143 315 5
a 144 209 9
a 144 517 2
a 144 586 8
a 145 3 4
a 145 125 8
a 145 227 2
a 146 182 1
a 146 379 9
a 147 201 2
a 147 367 5
a 147 410 7
a 148 486 7
a 149 271 7
a 150 471 7
a 151 404 4
a 152 327 2
a 153 432 9
a 154 73 4
a 155 29 4
a 155 542 6
a 156 15 1
a 156 257 3
a 157 191 10
a 158 241 7
a 159 272 5
a 159 322 8
a 160 55 10
a 160 342 1
a 161 78 10
a 161 520 4
a 162 249 7
a 162 373 9
a 162 480 5
a 163 264 2
a 163 480 9
a 164 2 10
a 165 297 9
a 165 423 7
a 165 583 8
a 166 142 2
a 166 264 1
a 166 274 6
a 166 299 8
a 166 355 8
a 167 220 10
a 167 318 10
a 167 332 1
a 168 429 6
a 168 564 9
a 169 20 10
a 170 92 7
a 171 178 7
a 171 252 7
a 171 559 1
a 172 535 9
a 173 451 4
a 173 474 6
a 174 268 9
a 174 327 5
a 174 592 3
a 175 446 2
a 176 123 1
a 177 76 8
a 178 313 8
a 179 557 9
a 180 23 5
a 180 208 9
a 180 222 10
a 180 309 10
a 181 524 2
a 181 570 7
a 182 372 3
a 182 429 1
a 182 456 9
a 183 72 4
a 183 568 7
a 184 71 9
a 184 226 9
a 184 444 3
a 184 577 6
a 185 78 5
a 185 132 9
a 185 184 6
a 185 578 1
a 186 383 6
a 187 177 10
a 187 275 8
a 187 403 10
a 188 428 5
a 189 18 6
a 189 439 5
a 190 551 5
a 191 213 7
a 192 140 6
a 192 243 3
a 193 61 1
a 193 114 6
a 193 261 5
a 194 24 9
a 194 217 4
a 194 568 8
a 194 594 4
a 195 299 10
a 196 404 2
a 196 405 4
a 197 190 5
a 197 335 4
a 198 227 10
a 198 310 8
a 198 468 2
a 199 23 7
a 199 112 10
a 199 372 9
a 199 508 6
a 200 208 8
a 200 422 4
a 201 362 3
a 201 525 2
a 201 529 8
a 202 110 10
a 202 254 9
a 203 304 7
a 204 70 9
a 204 129 1
a 204 429 3
a 204 545 8
a 204 553 10
a 205 40 1
a 205 195 2
a 205 334 10
a 206 265 2
a 206 435 4
a 206 500 7
a 207 210 1
a 207 575 9
a 208 282 3
a 208 556 9
a 209 394 1
a 209 446 2
a 209 502 10
a 209 549 1
a 210 501 7
a 211 83 5
a 211 248 10
a 212 482 3
a 212 599 1
a 213 79 5
a 213 541 3
a 214 596 10
a 215 85 6
a 216 263 5
a 216 351 1
a 217 536 6
a 217 573 1
a 218 514 2
a 218 516 7
a 219 253 3
a 219 433 9
a 220 36 8
a 220 193 9
a 221 194 2
a 221 432 8
a 222 427 5
a 223 62 1
a 223 138 5
a 223 141 4
a 223 144 4
a 224 120 7
a 224 131 5
a 224 362 2
a 225 46 2
a 225 365 1
a 225 518 6
a 226 142 10
a 226 375 10
a 227 256 2
a 227 475 1
a 228 285 3
a 228 590 7
a 229 267 10
a 230 472 10
a 230 488 1
a 231 397 8
a 232 41 6
a 232 149 4
a 232 223 7
a 232 293 2
a 233 368 4
a 234 266 5
a 234 347 10
a 235 20 4
a 236 127 1
a 236 461 3
a 236 512 7
a 237 599 1
a 238 581 7
a 239 154 4
a 239 174 9
a 240 13 8
a 240 399 1
a 241 20 2
a 241 172 4
a 242 62 7
a 242 177 6
a 242 389 6
a 243 199 5
a 244 181 5
a 244 369 9
a 244 484 5
a 245 326 3
a 246 399 5
a 247 289 1
a 248 74 10
a 249 89 1
a 249 405 3
a 250 330 1
a 250 503 10
a 251 354 5
a 251 538 8
a 252 385 6
a 253 394 7
a 254 246 5
a 254 590 8
a 255 31 4
a 256 232 1
a 257 438 1
a 257 545 1
a 258 39 7
a 258 147 4
a 258 191 1
a 258 314 8
a 258 444 4
a 259 391 5
a 260 104 2
a 260 198 6
a 260 424 5
a 261 4 5
a 261 311 2
a 261 424 6
a 261 555 3
a 262 536 9
a 263 419 4
a 264 87 10
a 264 467 4
a 265 478 7
a 265 560 1
a 266 600 1
a 267 310 2
a 268 327 10
a 268 341 10
a 268 526 9
a 268 537 6
a 268 551 7
a 269 410 7
a 270 586 8
a 271 284 9
a 272 496 3
a 273 500 6
a 274 353 5
a 275 179 8
a 276 191 3
a 277 24 7
a 277 75 9
a 278 128 4
a 278 207 5
a 278 443 3
a 279 33 8
a 279 523 9
a 279 538 6
a 280 326 4
a 280 483 3
a 281 7 5
a 281 14 9
a 281 44 9
a 282 31 4
a 282 51 3
a 283 205 6
a 284 484 2
a 285 132 7
a 286 31 5
a 287 273 7
a 288 108 3
a 288 498 8
a 289 397 10
a 290 77 8
a 290 170 4
a 291 412 7
a 292 91 7
a 292 240 10
a 293 436 6
a 293 458 1
a 294 501 9
a 295 340 7
a 295 380 4
a 296 272 6
a 296 515 8
a 297 38 8
a 297 408 3
a 298 272 1
a 299 186 7
a 299 467 10
a 300 297 10
a 301 97 8
a 301 444 3
a 301 470 4
a 302 49 2
a 302 512 6
a 303 162 8
a 303 597 8
a 304 352 10
a 305 231 6
a 306 127 9
a 307 408 6
a 308 470 4
a 309 394 4
a 309 544 4
a 310 330 4
a 310 430 10
a 311 117 4
a 311 120 2
a 311 447 10
a 312 338 6
a 312 533 1
a 313 168 8
a 313 479 3
a 313 589 6
a 314 176 7
a 314 435 10
a 314 470 3
a 315 141 8
a 316 287 5
a 316 580 8
a 317 169 6
a 317 296 2
a 318 594 4
a 319 353 1
a 320 179 7
a 320 251 10
a 320 335 9
a 320 437 2
a 321 256 9
a 321 561 5
a 322 305 10
a 322 595 3
a 323 266 1
a 323 549 3
a 324 72 2
a 324 202 3
a 324 237 5
a 324 497 7
a 325 263 3
a 325 283 1
a 326 251 5
a 326 550 9
a 327 226 2
a 328 152 9
a 328 462 10
a 329 96 2
a 329 110 5
a 329 462 6
a 330 199 1
a 331 392 5
a 331 598 4
a 332 458 7
a 332 514 2
a 333 57 5
a 333 282 8
a 333 373 5
a 334 211 6
a 334 565 6
a 335 52 8
a 335 323 5
a 336 461 7
a 337 411 1
a 337 571 6
a 338 66 2
a 338 544 10
a 339 248 6
a 339 333 7
a 339 575 4
a 340 76 8
a 340 307 9
a 341 83 7
a 341 434 3
a 342 439 2
a 343 205 6
a 343 317 6
a 344 220 4
a 344 303 1
a 344 408 7
a 345 463 4
a 345 528 2
a 346 139 1
a 346 352 1
a 347 368 4
a 347 415 5
a 348 594 1
a 349 48 9
a 350 213 1
a 350 217 10
a 351 72 3
a 351 401 6
a 352 107 8
a 352 369 1
a 353 199 8
a 353 218 4
a 353 479 10
a 354 277 9
a 354 417 6
a 355 35 4
a 355 155 4
a 355 281 2
a 356 273 2
a 357 234 6
a 358 56 7
a 358 175 8
a 358 270 5
a 358 528 4
a 359 393 7
a 360 126 4
a 360 174 1
a 360 197 10
a 361 65 1
a 361 109 2
a 362 402 5
a 362 464 4
a 362 481 9
a 363 505 7
a 364 14 5
a 364 315 3
a 364 358 7
a 364 568 6
a 365 345 9
a 366 118 10
a 366 413 4
a 366 497 6
a 367 135 2
a 367 345 4
a 368 69 6
a 368 296 7
a 369 12 7
a 370 485 6
a 371 58 6
a 371 225 7
a 372 45 6
a 372 74 4
a 372 576 5
a 373 36 8
a 373 403 4
a 373 483 6
a 373 543 6
a 374 17 7
a 374 214 7
a 374 230 10
a 374 412 2
a 375 315 7
a 376 233 5
a 377 356 3
a 377 524 4
a 378 520 7
a 379 48 4
a 379 137 5
a 379 541 3
a 379 562 6
a 380 19 6
a 380 123 7
a 381 503 10
a 382 144 4
a 383 313 10
a 384 85 5
a 384 313 6
a 384 396 3
a 384 482 2
a 384 579 3
a 385 263 4
a 385 278 1
a 385 319 9
a 386 28 1
a 386 209 10
a 386 363 5
a 387 492 8
a 388 143 6
a 388 583 6
a 389 570 2
a 390 146 2
a 390 446 5
a 391 6 9
a 391 331 4
a 391 348 7
a 391 498 2
a 392 16 10
a 392 386 1
a 393 288 4
a 393 442 9
a 393 469 9
a 394 565 10
a 395 174 5
a 395 188 2
a 396 401 9
a 397 21 6
a 397 192 1
a 397 292 2
a 397 359 5
a 398 433 2
a 399 26 9
a 399 191 7
a 399 236 5
a 399 251 1
a 400 8 8
a 400 509 4
a 401 30 8
a 401 262 5
a 402 82 1
a 402 423 3
a 402 596 5
a 403 102 10
a 403 168 5
a 404 380 9
a 404 558 10
a 405 195 4
a 406 419 8
a 406 505 9
a 407 277 8
a 407 460 2
a 408 378 1
a 409 401 2
a 409 533 3
a 410 548 2
a 411 540 8
a 411 589 1
a 412 338 2
a 412 568 10
a 413 388 6
a 414 289 7
a 415 8 8
a 416 143 3
a 416 199 7
a 417 69 4
a 417 77 10
a 417 104 10
a 418 5 6
a 419 62 9
a 420 374 10
a 420 404 1
a 420 432 2
a 421 172 4
a 421 232 3
a 421 447 1
a 422 364 10
a 423 300 5
a 423 463 10
a 423 506 1
a 424 154 10
a 424 215 8
a 424 581 9
a 425 165 8
a 425 326 7
a 425 370 9
a 426 178 1
a 427 123 7
a 427 153 3
a 427 183 9
a 427 378 7
a 427 461 9
a 428 461 5
a 429 305 8
a 430 151 7
a 430 341 8
a 430 379 8
a 431 565 10
a 432 395 10
a 432 426 8
a 432 511 6
a 433 48 5
a 433 98 10
a 433 111 6
a 433 155 8
a 433 342 6
a 434 383 5
a 435 453 1
a 436 559 1
a 437 371 9
a 437 423 5
a 438 241 10
a 438 244 4
a 439 47 5
a 439 258 10
a 440 121 8
a 440 148 7
a 440 519 3
a 441 107 8
a 441 486 1
a 441 532 7
a 442 66 4
a 443 297 3
a 444 144 5
a 444 249 1
a 444 302 3
a 444 554 4
a 445 136 7
a 446 30 4
a 446 41 3
a 447 150 10
a 448 71 8
a 449 139 1
a 449 422 4
a 450 273 3
a 450 445 6
a 450 540 4
a 451 162 9
a 452 583 5
a 453 456 3
a 454 247 10
a 455 266 1
a 455 281 9
a 456 212 9
a 456 476 10
a 456 584 6
a 457 321 9
a 458 343 2
a 459 526 6
a 460 27 9
a 460 387 1
a 460 534 10
a 461 425 3
a 461 453 3
a 461 556 4
a 462 147 2
a 462 515 1
a 463 16 6
a 464 343 6
a 464 496 7
a 465 158 1
a 465 445 7
a 466 403 4
a 467 44 9
a 467 68 5
a 467 103 5
a 467 490 1
a 468 286 3
a 468 494 6
a 469 40 3
a 469 157 7
a 469 472 7
a 470 12 10
a 470 339 3
a 471 480 6
a 472 32 1
a 472 276 7
a 472 477 4
a 473 380 6
a 473 487 5
a 473 542 7
a 473 571 2
a 474 501 5
a 474 536 5
a 475 67 2
a 475 204 10
a 475 214 10
a 475 391 2
a 475 600 7
a 476 250 7
a 476 329 10
a 476 532 8
a 476 587 4
a 477 18 1
a 478 251 9
a 479 206 3
a 479 389 9
a 479 428 7
a 480 267 2
a 481 238 8
a 481 582 9
a 482 104 9
a 483 119 7
a 484 280 7
a 485 211 3
a 486 241 3
a 487 16 4
a 487 528 3
a 487 579 8
a 488 43 4
a 488 511 9
a 489 6 5
a 489 351 9
a 490 152 8
a 490 311 6
a 490 361 8
a 491 80 6
a 491 438 5
a 492 204 9
a 493 453 10
a 494 200 1
a 494 586 8
a 495 265 6
a 496 91 7
a 496 231 2
a 496 385 10
a 497 118 4
a 497 377 2
a 497 427 4
a 498 360 10
a 498 526 1
a 499 253 10
a 500 5 9
a 500 50 7
a 500 98 1
a 501 29 2
a 501 106 5
a 501 189 8
a 502 45 1
a 502 84 5
a 502 339 5
a 502 457 4
a 503 163 9
a 503 320 7
a 503 412 10
a 504 201 8
a 504 308 9
a 504 443 3
a 505 95 4
a 505 578 1
a 506 186 8
a 506 388 4
a 507 185 10
a 507 407 7
a 508 282 10
a 508 305 5
a 508 449 7
a 509 229 4
a 509 383 10
a 510 45 3
a 511 34 6
a 511 88 5
a 511 170 5
a 512 18 6
a 512 143 8
a 513 241 5
a 513 387 5
a 514 27 6
a 514 353 10
a 515 538 10
a 516 105 1
a 516 130 2
a 516 551 7
a 517 292 7
a 517 434 5
a 518 235 10
a 518 262 8
a 518 281 6
a 519 200 3
a 519 298 8
a 519 344 7
a 520 168 2
a 521 141 1
a 521 381 5
a 522 49 4
a 523 166 9
a 524 395 3
a 525 173 4
a 525 541 9
a 526 205 4
a 526 422 1
a 527 537 10
a 527 574 10
a 528 443 7
a 529 164 3
a 529 171 8
a 529 553 4
a 530 258 1
a 530 283 4
a 531 364 2
a 532 216 10
a 533 100 7
a 533 255 7
a 534 25 9
a 534 455 8
a 535 279 9
a 535 523 3
a 536 398 2
a 537 51 10
a 537 567 9
a 538 597 3
a 539 209 9
a 539 316 4
a 540 296 8
a 540 385 3
a 540 546 10
a 541 452 9
a 541 459 9
a 541 468 8
a 541 522 1
a 542 419 1
a 543 101 3
a 543 132 7
a 543 172 9
a 543 572 1
a 544 434 8
a 545 390 9
a 545 457 9
a 546 337 1
a 546 390 1
a 546 447 2
a 547 79 6
a 547 203 5
a 547 294 2
a 547 504 2
a 548 180 9
a 548 302 1
a 548 451 2
a 548 489 6
a 549 124 10
a 549 196 7
a 549 431 2
a 550 113 3
a 550 119 6
a 551 115 3
a 551 505 9
a 552 481 1
a 553 135 6
a 553 539 5
a 554 586 10
a 555 65 2
a 555 565 6
a 556 116 2
a 556 167 1
a 556 477 9
a 557 260 10
a 557 271 9
a 557 489 7
a 558 191 9
a 558 598 10
a 559 267 4
a 559 291 8
a 559 352 2
a 559 398 7
a 560 416 4
a 561 583 3
a 562 30 7
a 563 150 7
a 563 409 7
a 563 593 6
a 564 165 9
a 564 211 4
a 565 100 6
a 565 279 10
a 565 353 5
a 565 441 6
a 566 294 3
a 567 229 7
a 567 410 10
a 567 431 6
a 568 495 6
a 568 555 10
a 569 93 9
a 569 366 2
a 569 588 7
a 569 591 4
a 570 475 7
a 571 22 4
a 571 531 8
a 572 167 3
a 572 509 3
a 573 58 8
a 573 343 7
a 574 128 2
a 575 521 7
a 576 161 6
a 576 340 10
a 576 390 4
a 577 134 3
a 577 248 9
a 578 234 1
a 578 368 6
a 579 400 4
a 579 482 2
a 579 513 10
a 580 160 6
a 580 454 6
a 580 585 10
a 581 192 1
a 581 267 9
a 581 328 10
a 582 73 8
a 582 281 1
a 583 28 1
a 583 416 4
a 584 219 10
a 585 63 5
a 585 64 7
a 585 445 4
a 585 471 9
a 586 507 8
a 587 334 10
a 587 518 3
a 587 521 3
a 588 254 2
a 588 404 8
a 589 122 3
a 589 243 9
a 589 253 9
a 589 325 1
a 589 414 5
a 590 30 7
a 590 43 4
a 590 290 4
a 591 256 1
a 592 20 8
a 592 560 10
a 593 153 2
a 594 357 5
a 594 500 8
a 595 179 4
a 595 458 4
a 596 78 8
a 596 306 10
a 597 94 2
a 597 564 3
a 598 226 9
a 599 196 9
a 599 566 7
