p max 600 1200
n 1 s
n 600 t
a 1 130 4
a 1 340 2
a 2 99 1
a 3 20 8
a 3 565 4
a 4 222 10
a 4 241 2
a 4 251 7
a 4 337 10
a 4 542 8
a 5 173 7
a 5 215 4
a 5 519 2
a 6 352 1
a 6 431 9
a 7 454 3
a 8 59 4
a 8 209 1
a 8 288 8
a 8 322 6
a 9 5 2
a 10 27 3
a 11 133 2
a 11 179 5
a 11 581 6
a 12 162 9
a 12 235 9
a 12 478 6
a 12 486 2
a 13 461 5
a 14 272 10
a 14 333 6
a 14 436 2
a 14 536 7
a 15 61 1
a 15 480 9
a 16 151 7
a 17 187 10
a 17 257 10
a 17 345 5
a 18 362 1
a 19 255 7
a 19 298 1
a 19 539 1
a 20 444 9
a 20 588 6
a 21 142 1
a 21 353 4
a 22 386 2
a 23 164 3
a 23 203 4
a 24 504 10
a 24 563 2
a 25 103 6
a 25 133 4
a 25 317 5
a 26 258 4
a 27 247 8
a 27 409 8
a 28 47 1
a 29 206 7
a 29 460 6
a 30 55 4
a 30 147 6
a 31 251 8
a 32 174 9
a 32 541 6
a 33 47 2
a 33 105 2
a 33 342 8
a 34 342 9
a 35 275 9
a 35 394 1
a 36 325 2
a 36 419 1
a 36 528 5
a 36 570 8
a 37 120 6
a 38 15 3
a 39 501 7
a 40 160 6
a 41 280 8
a 41 568 8
a 42 242 5
a 43 235 10
a 43 332 2
a 44 553 6
a 45 517 6
a 46 176 6
a 46 429 8
a 47 216 5
a 47 483 6
a 48 57 7
a 48 62 5
a 48 394 5
a 48 468 7
a 49 52 8
a 49 104 2
a 50 62 2
a 50 398 5
a 50 477 6
a 51 381 2
a 52 316 2
a 52 378 1
a 53 263 1
a 54 83 2
a 54 214 3
a 55 422 9
a 56 155 8
a 57 155 1
a 57 219 7
a 57 290 2
a 58 46 8
a 59 237 5
a 59 401 3
a 60 89 2
a 60 232 1
a 61 119 10
a 62 149 1
a 62 575 2
a 63 164 5
a 63 198 1
a 64 29 8
a 64 31 10
a 65 123 9
a 65 255 6
a 66 35 8
a 66 118 7
a 67 125 2
a 67 311 2
a 68 559 4
a 69 113 3
a 69 346 5
a 70 29 4
a 70 273 3
a 70 392 5
a 71 470 8
a 72 531 1
a 73 71 2
a 73 155 10
a 73 186 8
a 73 506 8
a 74 260 7
a 74 305 2
a 75 199 5
a 75 221 4
a 75 274 1
a 75 479 5
a 75 505 7
a 76 29 8
a 76 116 3
a 76 424 8
a 77 239 9
a 77 451 4
a 77 576 10
a 78 177 5
a 78 576 7
a 79 98 4
a 80 511 4
a 80 572 7
a 81 538 5
a 81 587 4
a 82 243 9
a 82 336 3
a 82 440 2
a 83 450 7
a 83 477 6
a 84 125 3
a 84 291 2
a 85 351 6
a 85 450 8
a 86 312 2
a 86 571 7
a 87 224 8
a 88 227 5
a 89 61 10
a 90 229 7
a 90 416 5
a 90 533 4
a 91 380 4
a 91 392 4
a 91 513 8
a 92 235 1
a 92 306 10
a 93 323 4
a 93 420 6
a 94 14 9
a 94 368 3
a 94 463 6
a 94 578 9
a 95 92 3
a 95 422 4
a 96 112 9
a 96 269 10
a 97 9 6
a 97 224 7
a 97 264 10
a 98 234 5
a 98 499 4
a 99 21 8
a 100 46 9
a 100 132 8
a 100 316 6
a 101 472 2
a 102 362 9
a 102 559 7
a 103 529 9
a 104 231 2
a 105 340 6
a 106 332 3
a 107 298 6
a 108 422 7
a 109 6 6
a 109 112 6
a 109 593 8
a 110 349 5
a 111 432 1
a 111 455 7
a 112 50 4
a 112 64 5
a 112 148 7
a 113 327 8
a 113 439 5
a 114 480 7
a 115 236 10
a 116 241 4
a 117 437 2
a 117 481 6
a 118 139 6
a 118 333 5
a 118 349 9
a 118 472 10
a 118 526 4
a 119 58 7
a 119 98 5
a 119 262 8
a 119 480 2
a 120 89 7
a 120 166 2
a 121 553 6
a 122 7 7
a 122 11 2
a 123 438 10
a 123 502 1
a 124 17 7
a 124 76 3
a 124 187 9
a 125 595 8
a 126 250 4
a 126 547 10
a 127 112 8
a 127 409 1
a 128 45 3
a 128 311 9
a 128 585 2
a 129 45 5
a 130 57 2
a 130 195 7
a 131 48 8
a 132 435 10
a 132 473 6
a 133 78 3
a 133 234 8
a 134 294 4
a 135 223 7
a 135 576 3
a 136 106 3
a 137 170 8
a 137 329 3
a 137 337 10
a 138 19 4
a 138 343 2
a 138 458 8
a 139 373 5
a 139 491 3
a 139 556 3
a 140 445 6
a 140 512 5
a 141 242 10
a 141 365 3
a 141 600 9
a 142 72 9
a 142 180 2
a 142 375 8
a 142 413 7
a 143 336 1
a 144 90 1
a 144 440 3
a 145 111 4
a 145 407 2
a 146 15 10
a 146 68 10
a 146 115 9
a 146 242 10
a 147 301 8
a 147 397 10
a 147 492 8
a 148 49 8
a 148 108 1
a 148 351 3
a 149 462 1
a 149 484 5
a 150 299 6
a 151 290 10
a 152 541 8
a 152 559 7
a 153 362 2
a 153 433 10
a 154 163 7
a 154 461 3
a 154 561 6
a 155 95 9
a 156 321 6
a 157 434 6
a 157 544 8
a 158 447 10
a 158 460 2
a 158 557 5
a 159 12 2
a 159 129 1
a 159 294 2
a 160 22 1
a 161 43 5
a 162 94 6
a 162 267 8
a 162 426 5
a 163 107 9
a 163 446 3
a 163 497 3
a 163 583 7
a 164 231 1
a 164 346 6
a 164 599 10
a 165 203 4
a 166 217 3
a 167 124 8
a 167 204 10
a 167 591 3
a 168 58 5
a 168 143 9
a 168 405 5
a 169 24 10
a 169 565 5
a 170 9 4
a 170 228 9
a 171 185 9
a 171 310 2
a 171 438 4
a 171 518 7
a 172 507 4
a 173 404 1
a 173 520 9
a 174 151 2
a 175 129 5
a 175 534 7
a 176 121 7
a 176 524 4
a 177 34 2
a 177 230 5
a 177 575 1
a 178 75 10
a 178 265 10
a 179 413 2
a 179 491 4
a 180 187 2
a 180 562 4
a 181 364 2
a 182 26 9
a 182 529 8
a 182 558 9
a 183 270 4
a 184 40 9
a 184 91 7
a 184 366 5
a 184 403 10
a 185 256 4
a 186 62 1
a 187 18 10
a 187 98 7
a 187 343 5
a 188 41 5
a 188 178 10
a 188 450 2
a 189 388 8
a 190 417 1
a 190 497 8
a 191 16 9
a 191 572 5
a 192 221 9
a 192 269 6
a 193 80 4
a 193 95 8
a 194 429 9
a 194 494 6
a 195 475 2
a 196 368 7
a 197 128 2
a 197 593 7
a 198 54 3
a 198 77 2
a 198 262 3
a 198 464 2
a 199 572 1
a 200 86 9
a 200 136 1
a 200 268 4
a 200 556 6
a 201 121 8
a 202 122 7
a 202 233 4
a 202 313 6
a 202 430 9
a 203 206 2
a 204 226 1
a 204 284 8
a 205 416 3
a 205 527 8
a 206 138 4
a 206 210 1
a 207 221 1
a 207 388 10
a 207 509 9
a 208 69 7
a 208 269 2
a 209 279 8
a 209 335 1
a 209 492 1
a 210 44 3
a 210 388 8
a 211 78 7
a 211 142 1
a 211 280 5
a 211 306 1
a 212 422 4
a 212 467 6
a 212 582 2
a 213 308 9
a 213 435 5
a 214 65 6
a 214 100 4
a 214 207 7
a 214 220 3
a 215 531 7
a 216 142 7
a 216 171 6
a 217 198 4
a 217 263 3
a 217 514 2
a 218 146 7
a 218 493 2
a 219 432 5
a 220 300 7
a 220 332 1
a 221 155 1
a 222 512 6
a 223 60 1
a 223 245 9
a 223 452 6
a 224 33 1
a 225 100 7
a 225 244 6
a 226 182 10
a 227 238 3
a 228 19 2
a 228 224 10
a 229 35 4
a 229 254 2
a 230 94 10
a 231 600 10
a 232 104 9
a 232 505 1
a 233 12 8
a 233 302 8
a 234 79 7
a 234 109 5
a 235 3 3
a 235 25 4
a 235 60 3
a 235 442 9
a 235 546 3
a 236 151 8
a 236 272 4
a 237 292 6
a 237 379 2
a 238 279 5
a 238 551 7
a 239 130 2
a 239 323 1
a 240 53 6
a 240 344 2
a 241 206 2
a 241 213 1
a 242 232 3
a 242 330 3
a 243 199 4
a 243 372 6
a 244 126 7
a 244 181 1
a 245 79 7
a 245 259 5
a 245 589 2
a 246 28 1
a 246 85 4
a 246 321 3
a 247 202 7
a 247 585 9
a 248 32 4
a 249 134 5
a 249 155 8
a 249 236 3
a 249 600 2
a 250 117 8
a 250 313 1
a 251 239 6
a 251 358 10
a 252 39 1
a 252 567 1
a 252 584 10
a 253 85 3
a 253 92 10
a 254 260 9
a 254 548 7
a 255 213 4
a 255 445 7
a 256 328 4
a 256 553 9
a 257 141 9
a 257 493 1
a 257 532 3
a 258 352 10
a 259 324 6
a 260 406 8
a 260 440 8
a 261 251 7
a 261 323 6
a 262 216 5
a 262 427 10
a 263 69 2
a 263 355 5
a 264 541 5
a 264 576 10
a 264 597 9
a 265 2 3
a 265 87 3
a 265 202 2
a 265 327 2
a 265 488 2
a 266 94 5
a 266 182 5
a 266 411 4
a 267 185 3
a 267 387 6
a 268 393 2
a 268 452 8
a 269 40 5
a 269 367 9
a 270 80 4
a 271 42 10
a 271 63 1
a 271 532 5
a 272 490 3
a 272 547 6
a 273 460 3
a 274 27 10
a 274 304 4
a 275 19 1
a 276 140 10
a 276 309 10
a 276 479 7
a 277 36 9
a 277 145 10
a 278 284 9
a 279 125 6
a 279 175 2
a 280 154 10
a 280 481 1
a 281 586 6
a 282 155 7
a 282 386 9
a 283 106 9
a 283 271 3
a 283 279 5
a 284 150 3
a 285 154 8
a 286 364 4
a 286 496 3
a 286 539 1
a 287 257 4
a 288 393 9
a 288 489 2
a 289 371 9
a 289 484 1
a 290 388 9
a 291 373 7
a 291 487 2
a 291 515 10
a 292 506 5
a 293 200 5
a 294 221 9
a 294 485 7
a 295 57 9
a 296 350 6
a 297 404 2
a 298 59 10
a 298 230 4
a 299 92 3
a 299 246 2
a 300 31 3
a 300 452 9
a 300 517 4
a 301 554 7
a 301 600 3
a 302 46 3
a 303 116 8
a 303 540 5
a 304 163 7
a 304 208 2
a 304 445 2
a 305 5 4
a 306 151 4
a 307 549 10
a 308 244 4
a 309 432 9
a 309 470 9
a 310 169 1
a 310 466 1
a 310 560 10
a 311 79 5
a 312 100 4
a 312 331 9
a 312 369 1
a 313 30 6
a 313 130 4
a 314 237 4
a 315 596 5
a 316 70 1
a 316 382 3
a 316 587 4
a 317 287 10
a 317 479 4
a 317 511 7
a 318 126 3
a 318 520 4
a 319 33 4
a 319 356 7
a 320 159 7
a 320 399 2
a 321 83 10
a 321 94 4
a 321 113 7
a 322 492 8
a 323 37 3
a 323 381 3
a 324 355 8
a 325 422 1
a 326 365 4
a 327 14 1
a 327 356 3
a 327 408 1
a 328 85 6
a 328 255 5
a 328 265 6
a 329 52 8
a 329 350 9
a 330 11 8
a 331 165 7
a 331 204 10
a 332 189 6
a 332 416 6
a 332 454 3
a 333 220 10
a 334 283 5
a 334 340 6
a 334 586 8
a 335 42 1
a 336 431 2
a 337 82 9
a 337 144 10
a 337 325 7
a 337 357 2
a 338 456 9
a 338 492 5
a 339 364 5
a 340 312 2
a 340 442 10
a 340 528 3
a 341 24 8
a 341 482 7
a 342 372 10
a 343 205 3
a 343 225 2
a 343 448 6
a 343 530 7
a 344 159 6
a 344 179 8
a 345 121 7
a 345 143 3
a 346 173 9
a 347 357 5
a 348 158 3
a 348 421 1
a 349 168 7
a 349 595 4
a 350 233 8
a 350 299 1
a 351 297 5
a 351 395 1
a 351 587 9
a 352 403 7
a 352 474 7
a 353 157 1
a 353 213 5
a 354 485 4
a 355 136 7
a 355 150 10
a 356 387 10
a 356 582 7
a 357 132 3
a 357 240 8
a 357 550 5
a 357 581 1
a 358 598 7
a 359 200 8
a 360 381 8
a 361 383 9
a 361 473 5
a 362 182 8
a 363 449 9
a 364 73 4
a 364 310 1
a 365 200 2
a 365 252 6
a 366 48 8
a 366 275 4
a 367 8 2
a 367 19 1
a 368 51 4
a 368 204 8
a 368 592 3
a 369 592 10
a 370 102 8
a 370 161 5
a 370 193 7
a 370 341 4
a 370 457 6
a 370 555 2
a 371 250 9
a 371 494 10
a 372 319 6
a 372 326 7
a 372 465 8
a 373 195 7
a 373 282 10
a 374 197 1
a 374 533 6
a 374 554 6
a 375 282 6
a 375 482 9
a 376 544 3
a 377 43 5
a 377 402 7
a 378 40 9
a 378 218 7
a 378 289 5
a 378 558 4
a 379 81 3
a 379 452 9
a 380 553 6
a 381 549 5
a 381 591 8
a 382 555 7
a 383 96 6
a 383 143 7
a 383 423 1
a 384 191 3
a 384 385 10
a 385 65 2
a 385 411 3
a 386 56 8
a 386 419 4
a 387 124 3
a 388 245 2
a 388 258 2
a 388 547 7
a 389 35 7
a 389 170 8
a 389 242 7
a 390 274 2
a 390 389 7
a 391 21 2
a 391 307 3
a 391 544 10
a 392 366 9
a 393 406 3
a 394 381 4
a 395 583 5
a 396 599 1
a 397 19 1
a 397 285 4
a 398 97 4
a 398 242 1
a 398 522 3
a 399 21 9
a 399 455 6
a 399 594 9
a 400 185 7
a 401 587 10
a 402 114 5
a 402 533 3
a 403 529 6
a 403 535 3
a 404 11 5
a 405 446 4
a 405 459 4
a 406 339 10
a 406 354 8
a 407 265 8
a 408 372 1
a 408 463 9
a 409 75 1
a 410 101 5
a 410 498 6
a 410 580 1
a 411 21 3
a 411 598 6
a 412 578 2
a 413 151 7
a 414 119 10
a 414 211 2
a 414 552 6
a 415 293 4
a 415 510 9
a 416 237 6
a 416 256 3
a 416 390 4
a 417 272 8
a 418 93 10
a 418 227 5
a 419 35 4
a 420 22 8
a 420 575 2
a 421 134 3
a 422 382 6
a 423 543 7
a 423 558 1
a 423 580 10
a 424 120 2
a 424 392 3
a 425 255 4
a 426 582 10
a 427 554 4
a 428 184 1
a 428 340 3
a 428 375 8
a 429 18 7
a 430 583 3
a 431 107 9
a 432 344 10
a 432 370 10
a 432 475 9
a 433 442 2
a 434 319 2
a 434 325 7
a 434 553 1
a 435 384 8
a 436 592 8
a 437 78 9
a 438 469 9
a 439 377 4
a 439 383 6
a 439 388 7
a 440 127 5
a 440 159 3
a 440 376 9
a 440 402 1
a 441 573 2
a 442 444 5
a 443 511 8
a 444 284 2
a 445 106 5
a 446 361 1
a 446 410 9
a 446 534 4
a 447 251 7
a 447 478 1
a 448 92 8
a 448 584 4
a 449 366 1
a 449 387 8
a 450 23 10
a 450 511 8
a 451 95 6
a 451 279 1
a 452 361 8
a 452 597 1
a 453 226 3
a 453 253 2
a 454 492 2
a 455 12 1
a 455 316 9
a 455 338 10
a 456 53 7
a 456 295 6
a 457 230 7
a 457 261 8
a 457 324 4
a 457 327 2
a 458 194 1
a 458 591 3
a 459 13 9
a 459 70 1
a 459 74 3
a 459 348 6
a 460 45 1
a 461 420 4
a 462 281 3
a 463 89 2
a 463 489 7
a 464 192 5
a 465 219 9
a 465 507 5
a 466 106 10
a 466 430 3
a 466 525 8
a 467 179 2
a 467 317 6
a 468 135 7
a 468 470 10
a 469 113 8
a 469 308 1
a 470 70 7
a 470 210 3
a 470 384 7
a 471 530 4
a 472 374 4
a 473 4 2
a 473 212 3
a 473 347 7
a 473 545 1
a 474 555 7
a 474 573 2
a 475 90 1
a 475 218 10
a 475 569 5
a 476 153 6
a 477 385 9
a 478 38 1
a 478 395 1
a 479 327 4
a 480 544 8
a 481 391 8
a 481 550 4
a 482 158 2
a 482 503 7
a 483 381 2
a 484 76 10
a 484 371 1
a 485 567 4
a 486 333 1
a 486 359 4
a 486 417 5
a 487 579 1
a 487 582 5
a 488 66 8
a 488 92 4
a 488 190 6
a 488 400 5
a 489 464 1
a 490 7 10
a 490 510 6
a 491 422 7
a 492 53 10
a 492 495 1
a 493 98 7
a 493 341 6
a 494 166 8
a 494 344 9
a 495 267 8
a 495 303 5
a 496 29 4
a 496 183 9
a 496 241 2
a 497 70 4
a 497 425 10
a 498 137 8
a 498 188 1
a 498 421 6
a 498 566 6
a 499 65 6
a 499 531 3
a 500 441 2
a 500 537 8
a 501 69 10
a 501 99 6
a 501 215 5
a 501 500 1
a 502 450 10
a 502 476 6
a 502 588 7
a 503 213 2
a 503 415 3
a 503 563 8
a 504 153 6
a 504 356 2
a 505 212 9
a 505 400 8
a 506 180 5
a 506 339 10
a 506 514 8
a 507 330 4
a 507 562 7
a 508 29 3
a 509 173 4
a 510 110 10
a 510 571 1
a 511 196 8
a 511 539 5
a 512 293 3
a 513 67 10
a 513 397 4
a 513 587 5
a 514 589 7
a 515 238 9
a 515 454 7
a 515 590 8
a 516 137 3
a 517 220 7
a 517 396 4
a 518 279 8
a 519 527 2
a 520 350 1
a 521 14 1
a 521 47 5
a 521 584 2
a 522 29 8
a 522 449 2
a 523 38 1
a 523 250 10
a 524 211 2
a 524 339 8
a 525 193 5
a 525 381 4
a 526 136 8
a 527 276 6
a 527 318 4
a 527 336 8
a 527 360 6
a 527 471 2
a 528 171 7
a 529 306 6
a 529 412 9
a 530 5 10
a 530 172 5
a 531 108 10
a 531 374 7
a 532 258 1
a 532 314 2
a 533 303 1
a 534 48 9
a 535 520 4
a 536 249 2
a 536 266 3
a 537 32 1
a 537 320 3
a 537 446 10
a 538 363 7
a 538 599 9
a 539 221 8
a 539 334 2
a 540 490 1
a 541 64 1
a 541 527 2
a 542 172 4
a 543 251 5
a 543 464 10
a 543 489 4
a 544 158 1
a 544 169 9
a 544 270 1
a 544 424 7
a 545 233 8
a 546 121 4
a 546 390 1
a 547 59 7
a 548 147 4
a 548 437 2
a 548 495 1
a 549 36 8
a 549 397 1
a 549 418 6
a 550 128 4
a 551 528 7
a 552 589 10
a 553 25 1
a 554 366 8
a 554 577 7
a 555 131 10
a 555 285 4
a 555 315 10
a 556 216 1
a 556 443 8
a 556 508 10
a 557 592 1
a 558 461 2
a 558 589 8
a 559 5 9
a 559 50 7
a 559 84 2
a 559 292 8
a 559 493 10
a 559 523 7
a 560 37 4
a 560 109 6
a 561 257 5
a 561 595 3
a 562 63 2
a 563 34 1
a 563 278 8
a 564 46 2
a 564 249 10
a 565 530 1
a 565 579 2
a 566 208 6
a 566 377 1
a 567 262 2
a 567 373 9
a 568 117 3
a 569 184 4
a 569 385 2
a 569 414 3
a 570 227 5
a 571 59 10
a 571 156 7
a 571 277 2
a 571 521 1
a 572 548 5
a 573 201 10
a 573 252 8
a 573 261 7
a 573 278 7
a 574 67 7
a 574 501 6
a 575 260 5
a 575 507 4
a 576 88 9
a 576 349 5
a 576 510 1
a 577 93 1
a 577 434 8
a 578 160 2
a 578 272 2
a 579 491 9
a 580 565 10
a 581 10 6
a 581 579 5
a 581 596 8
a 582 452 4
a 583 281 4
a 583 593 2
a 584 161 9
a 584 194 6
a 584 217 7
a 584 441 3
a 584 574 8
a 585 494 8
a 585 507 8
a 586 240 8
a 586 304 10
a 586 453 2
a 586 536 2
a 587 141 7
a 587 431 1
a 587 516 7
a 588 142 5
a 588 167 6
a 588 296 5
a 588 428 8
a 588 443 7
a 589 62 4
a 589 248 3
a 589 349 7
a 590 408 4
a 590 564 10
a 591 589 5
a 592 170 7
a 593 342 10
a 594 247 4
a 594 284 4
a 595 152 5
a 595 414 1
a 595 507 10
a 596 192 4
a 596 277 5
a 596 520 3
a 597 248 5
a 598 268 7
a 599 110 6
a 599 111 6
a 599 286 5
a 599 593 9
