p max 600 1200
n 1 s
n 600 t
a 1 149 8
a 1 278 10
a 1 368 5
a 1 500 6
a 2 75 3
a 2 129 1
a 2 353 4
a 2 458 6
a 3 240 10
a 4 191 1
a 4 314 5
a 5 102 7
a 5 192 3
a 5 544 6
a 6 89 8
a 6 93 3
a 6 497 4
a 7 103 6
a 8 182 1
a 8 322 6
a 8 470 3
a 9 351 3
a 10 96 2
a 10 100 8
a 10 229 8
a 11 568 6
a 12 335 7
a 12 395 10
a 13 78 5
a 13 203 9
a 13 455 7
a 14 50 6
a 14 93 10
a 14 527 10
a 15 313 3
a 15 427 8
a 15 574 5
a 16 449 4
a 16 587 9
a 17 428 10
a 17 520 3
a 18 284 10
a 18 292 7
a 18 314 1
a 18 435 5
a 19 388 8
a 19 478 2
a 19 523 4
a 20 51 10
a 20 452 10
a 21 337 6
a 22 509 4
a 23 30 10
a 23 140 4
a 23 175 10
a 23 411 5
a 24 487 7
a 25 243 8
a 25 320 6
a 26 228 9
a 26 240 4
a 26 270 10
a 26 296 2
a 26 511 1
a 26 525 6
a 27 112 7
a 27 557 2
a 28 527 2
a 28 582 1
a 29 86 2
a 29 456 2
a 30 536 6
a 31 51 7
a 31 297 4
a 31 324 6
a 32 310 8
a 33 425 3
a 34 39 3
a 34 303 3
a 35 51 7
a 36 102 3
a 36 417 10
a 37 124 3
a 38 138 4
a 38 157 8
a 38 442 3
a 39 449 3
a 39 502 3
a 40 2 2
a 40 82 10
a 40 570 5
a 41 12 5
a 41 23 3
a 41 115 3
a 42 230 4
a 43 337 4
a 44 575 6
a 45 568 5
a 46 563 8
a 47 277 6
a 48 507 10
a 49 46 2
a 50 199 1
a 50 307 5
a 50 395 8
a 51 222 5
a 51 243 6
a 52 141 4
a 52 351 10
a 52 418 10
a 53 111 7
a 53 239 7
a 54 103 8
a 54 237 7
a 54 326 4
a 55 558 7
a 56 164 5
a 56 205 10
a 56 525 8
a 57 107 5
a 57 142 2
a 57 576 2
a 58 312 9
a 59 137 2
a 59 570 10
a 60 106 4
a 60 588 1
a 61 69 10
a 61 188 10
a 61 202 9
a 61 587 5
a 62 186 7
a 63 66 10
a 63 402 5
a 63 466 2
a 64 130 3
a 64 464 7
a 65 237 3
a 66 59 4
a 66 172 7
a 67 383 2
a 67 532 7
a 68 18 5
a 68 185 2
a 68 217 2
a 68 238 1
a 69 377 5
a 70 598 10
a 71 454 1
a 71 592 3
a 72 52 10
a 72 250 3
a 72 377 4
a 73 118 5
a 73 480 7
a 74 342 10
a 74 505 4
a 75 9 10
a 75 136 2
a 75 467 4
a 76 436 10
a 76 451 10
a 77 293 3
a 77 565 4
a 78 158 6
a 78 262 1
a 78 281 5
a 79 150 10
a 79 359 2
a 80 156 10
a 80 211 3
a 81 350 4
a 81 523 8
a 82 179 7
a 83 198 7
a 83 221 1
a 84 357 1
a 84 497 1
a 85 58 2
a 85 173 7
a 85 261 1
a 85 598 9
a 86 149 8
a 87 54 7
a 87 77 3
a 88 45 4
a 88 206 1
a 89 121 4
a 89 194 10
a 90 254 2
a 90 540 6
a 91 513 8
a 92 245 3
a 92 398 5
a 93 281 8
a 93 312 7
a 93 331 4
a 93 474 4
a 94 417 4
a 95 423 6
a 96 141 7
a 96 445 3
a 97 120 1
a 97 218 5
a 97 430 5
a 98 30 3
a 98 201 6
a 99 4 6
a 99 582 10
a 100 6 6
a 100 341 5
a 100 554 8
a 101 387 6
a 101 420 6
a 102 340 10
a 102 416 7
a 103 436 10
a 104 288 8
a 104 496 7
a 105 593 5
a 106 81 3
a 106 356 8
a 106 397 9
a 107 328 1
a 108 73 1
a 108 518 2
a 108 542 10
a 109 35 9
a 110 64 10
a 111 323 8
a 111 568 6
a 112 18 6
a 112 30 9
a 112 182 9
a 112 586 2
a 113 239 1
a 113 484 6
a 113 535 2
a 114 22 8
a 114 135 7
a 114 344 2
a 114 379 1
a 115 126 1
a 115 364 1
a 116 46 4
a 117 43 9
a 117 159 3
a 117 395 10
a 117 580 9
a 118 333 3
a 118 566 2
a 119 126 7
a 119 165 6
a 120 378 10
a 120 418 6
a 121 305 1
a 121 344 3
a 122 63 2
a 122 194 3
a 123 266 10
a 123 534 9
a 124 28 8
a 124 71 2
a 124 292 1
a 125 374 5
a 125 544 10
a 126 9 3
a 126 72 6
a 126 128 1
a 126 465 5
a 126 600 4
a 127 137 7
a 127 522 1
a 128 367 2
a 129 158 8
a 130 102 2
a 130 392 5
a 131 231 8
a 132 164 1
a 132 287 10
a 133 210 8
a 133 469 2
a 134 109 6
a 134 185 7
a 135 306 9
a 135 526 10
a 136 260 6
a 136 535 4
a 137 62 2
a 137 109 6
a 137 116 8
a 137 150 10
a 137 494 5
a 138 46 1
a 138 183 10
a 138 293 10
a 139 77 1
a 139 120 1
a 139 433 10
a 140 251 9
a 141 88 9
a 141 282 5
a 142 120 3
a 143 394 6
a 143 443 4
a 143 453 10
a 143 457 2
a 143 519 10
a 144 290 10
a 145 155 5
a 145 403 2
a 146 20 6
a 147 67 4
a 147 313 6
a 148 129 8
a 149 321 5
a 150 382 4
a 150 561 7
a 150 577 7
a 151 392 5
a 151 508 8
a 151 572 10
a 152 134 7
a 152 362 4
a 152 378 1
a 152 462 8
a 152 543 9
a 153 37 9
a 153 401 8
a 154 36 5
a 154 485 5
a 154 549 4
a 155 316 7
a 156 97 9
a 156 279 6
a 156 556 3
a 156 567 2
a 157 175 4
a 157 464 10
a 158 81 8
a 158 404 10
a 158 471 7
a 158 492 10
a 159 317 3
a 160 30 4
a 160 303 7
a 160 507 4
a 161 182 4
a 162 170 1
a 162 254 1
a 163 261 8
a 163 421 10
a 163 472 6
a 163 479 4
a 164 510 7
a 165 34 4
a 165 179 8
a 166 29 7
a 166 244 8
a 167 54 8
a 168 119 1
a 169 484 2
a 170 121 1
a 171 41 2
a 171 434 5
a 172 48 1
a 172 258 6
a 173 302 8
a 174 128 2
a 175 522 10
a 175 530 3
a 175 555 10
a 176 156 4
a 177 217 6
a 178 208 4
a 178 216 3
a 178 429 10
a 179 12 6
a 180 170 7
a 180 423 5
a 180 461 10
a 181 122 2
a 181 547 5
a 181 597 3
a 182 39 9
a 183 162 2
a 183 302 4
a 184 93 6
a 184 242 10
a 185 76 7
a 185 139 9
a 185 161 9
a 186 86 5
a 186 95 1
a 187 13 1
a 187 215 9
a 187 272 2
a 187 419 7
a 188 182 2
a 189 556 9
a 190 348 1
a 190 389 9
a 190 424 1
a 191 107 7
a 191 414 5
a 192 223 2
a 192 446 1
a 193 132 6
a 193 268 1
a 193 366 5
a 193 486 8
a 193 495 8
a 194 259 6
a 195 240 9
a 195 585 3
a 196 9 3
a 196 355 7
a 197 504 6
a 197 559 2
a 198 19 8
a 198 580 3
a 199 37 7
a 200 192 4
a 200 407 2
a 201 25 6
a 201 53 2
a 201 330 1
a 201 384 7
a 202 46 3
a 202 87 9
a 202 181 8
a 203 75 9
a 204 179 4
a 205 160 2
a 205 179 9
a 206 24 8
a 206 224 2
a 206 235 9
a 206 255 10
a 206 387 10
a 207 548 5
a 207 583 3
a 208 297 4
a 209 330 1
a 209 561 7
a 210 227 2
a 210 523 10
a 211 171 7
a 211 286 1
a 211 424 7
a 212 82 3
a 213 152 8
a 213 379 9
a 214 342 5
a 214 409 9
a 215 599 6
a 216 74 4
a 217 233 1
a 217 312 3
a 218 144 4
a 218 214 10
a 218 222 5
a 219 346 6
a 219 550 10
a 220 546 6
a 221 127 4
a 221 190 4
a 221 258 1
a 221 476 1
a 221 549 7
a 222 31 10
a 222 113 9
a 222 155 3
a 223 317 9
a 224 172 6
a 224 285 1
a 225 22 7
a 225 305 3
a 225 310 4
a 225 593 1
a 226 139 1
a 227 138 2
a 228 44 1
a 228 397 1
a 229 120 3
a 229 328 9
a 230 16 10
a 230 368 3
a 231 107 8
a 231 170 9
a 232 204 8
a 233 36 1
a 233 108 9
a 233 254 3
a 234 398 8
a 235 188 7
a 235 333 9
a 235 545 10
a 236 329 7
a 236 368 10
a 236 462 1
a 237 37 9
a 237 75 8
a 237 560 8
a 238 233 7
a 239 225 10
a 240 74 5
a 240 271 6
a 240 420 8
a 241 106 1
a 241 230 1
a 241 266 4
a 241 360 9
a 241 361 1
a 242 263 3
a 242 275 4
a 243 179 1
a 243 460 9
a 244 57 4
a 244 317 3
a 244 456 7
a 245 332 4
a 246 234 3
a 246 506 10
a 246 572 8
a 247 534 7
a 247 589 10
a 248 189 10
a 249 425 2
a 249 456 6
a 250 99 5
a 250 491 10
a 250 557 2
a 251 103 6
a 252 203 8
a 252 395 1
a 253 237 4
a 253 550 2
a 254 236 7
a 254 404 4
a 254 544 5
a 255 275 7
a 255 453 1
a 256 125 10
a 256 280 7
a 256 381 7
a 256 386 5
a 256 413 8
a 257 91 9
a 258 206 6
a 258 287 4
a 258 383 3
a 259 148 9
a 259 172 10
a 259 211 1
a 260 231 9
a 260 268 10
a 261 68 8
a 261 138 8
a 261 327 3
a 261 574 3
a 262 126 6
a 263 28 1
a 263 232 3
a 263 246 2
a 264 96 5
a 265 195 8
a 265 282 4
a 265 343 6
a 266 189 9
a 266 476 4
a 266 511 9
a 266 546 4
a 267 289 10
a 267 451 3
a 268 301 6
a 268 378 1
a 268 439 7
a 269 211 5
a 270 184 10
a 270 239 2
a 270 408 3
a 270 415 10
a 271 114 7
a 272 377 6
a 272 552 10
a 273 380 2
a 273 436 4
a 274 101 1
a 274 210 3
a 274 348 1
a 275 22 1
a 275 49 2
a 275 575 6
a 276 382 8
a 276 441 3
a 277 45 2
a 278 314 9
a 279 192 2
a 280 447 8
a 280 596 9
a 281 16 5
a 282 587 4
a 283 121 8
a 283 274 7
a 283 398 1
a 284 529 10
a 285 112 6
a 286 207 6
a 286 557 10
a 287 378 4
a 287 412 10
a 288 318 3
a 288 466 4
a 289 395 8
a 290 493 8
a 291 280 1
a 292 252 5
a 292 321 5
a 292 484 9
a 293 381 6
a 293 459 2
a 294 340 3
a 294 472 6
a 295 367 2
a 295 421 8
a 296 455 3
a 297 213 4
a 297 257 6
a 298 55 8
a 298 325 9
a 299 403 3
a 300 181 10
a 300 290 10
a 300 373 1
a 301 197 10
a 301 265 7
a 302 536 5
a 303 67 8
a 304 64 8
a 305 255 3
a 306 139 7
a 306 186 9
a 306 595 8
a 307 174 3
a 307 528 5
a 308 246 10
a 308 306 3
a 308 347 8
a 309 23 6
a 310 355 1
a 311 498 2
a 311 596 4
a 312 137 5
a 313 484 7
a 314 304 2
a 315 146 1
a 316 118 8
a 316 385 4
a 316 483 3
a 317 174 3
a 317 245 9
a 318 92 5
a 318 172 9
a 318 315 6
a 319 115 10
a 320 194 1
a 320 352 9
a 321 10 1
a 321 212 4
a 322 78 5
a 323 156 2
a 323 309 2
a 324 23 10
a 324 83 8
a 324 572 2
a 325 71 2
a 325 182 4
a 326 90 10
a 326 420 2
a 326 590 3
a 327 410 3
a 328 513 4
a 328 575 2
a 328 600 7
a 329 256 5
a 330 10 9
a 330 311 7
a 330 354 6
a 330 400 5
a 331 121 10
a 332 302 4
a 332 309 6
a 333 344 9
a 334 124 5
a 334 342 7
a 335 259 5
a 335 591 6
a 336 453 1
a 337 135 6
a 337 450 4
a 338 42 10
a 339 47 1
a 339 123 8
a 339 300 3
a 339 512 5
a 340 143 2
a 340 558 7
a 341 441 4
a 342 27 8
a 342 61 3
a 342 273 5
a 342 345 7
a 342 593 1
a 343 206 6
a 344 421 2
a 344 501 3
a 344 533 4
a 345 549 2
a 346 235 8
a 347 171 9
a 347 564 4
a 348 35 5
a 348 517 1
a 348 599 5
a 349 327 8
a 350 551 7
a 351 565 6
a 352 105 6
a 353 237 7
a 353 488 7
a 354 277 6
a 354 541 2
a 355 92 1
a 355 283 4
a 356 545 7
a 357 315 1
a 358 414 9
a 359 9 5
a 360 27 1
a 360 216 4
a 360 405 5
a 360 410 1
a 361 89 1
a 361 331 7
a 362 227 5
a 362 302 9
a 363 124 1
a 364 282 6
a 364 485 4
a 365 403 1
a 366 65 10
a 366 244 5
a 367 492 3
a 368 433 2
a 369 26 6
a 369 107 5
a 370 421 8
a 370 487 2
a 370 541 2
a 371 370 6
a 372 24 10
a 373 32 1
a 373 123 1
a 373 162 8
a 374 130 3
a 374 168 10
a 374 510 9
a 375 127 1
a 376 3 2
a 377 399 7
a 377 422 9
a 378 51 10
a 378 314 10
a 378 339 7
a 378 370 1
a 379 22 4
a 380 192 4
a 381 483 6
a 382 290 1
a 383 99 3
a 383 363 5
a 383 515 5
a 384 522 3
a 385 171 5
a 386 11 3
a 386 178 9
a 386 405 6
a 387 249 9
a 387 424 4
a 387 578 2
a 388 196 2
a 388 266 6
a 389 73 3
a 389 588 6
a 390 325 6
a 391 482 6
a 391 569 2
a 392 70 7
a 392 252 9
a 392 479 3
a 392 571 3
a 393 33 3
a 394 265 9
a 394 268 4
a 394 454 10
a 395 445 8
a 396 100 9
a 396 406 4
a 396 563 7
a 397 90 4
a 397 167 1
a 398 176 8
a 398 556 1
a 399 42 10
a 400 183 9
a 401 376 7
a 401 444 3
a 401 499 10
a 402 225 4
a 402 446 4
a 402 597 8
a 403 203 5
a 403 224 10
a 403 437 1
a 404 259 4
a 405 198 6
a 405 253 10
a 406 361 7
a 406 568 5
a 407 495 9
a 408 346 3
a 409 248 3
a 409 278 9
a 410 28 4
a 410 57 2
a 410 440 1
a 411 85 4
a 411 417 10
a 412 313 5
a 413 19 8
a 413 196 9
a 414 119 1
a 414 240 4
a 414 241 4
a 414 328 9
a 415 232 5
a 416 319 1
a 417 177 8
a 417 257 1
a 418 405 9
a 419 71 8
a 419 80 2
a 419 321 4
a 420 196 6
a 421 256 10
a 421 475 3
a 421 505 4
a 422 323 9
a 422 529 6
a 423 510 8
a 424 200 2
a 424 530 6
a 424 594 4
a 425 247 8
a 425 451 7
a 426 94 2
a 426 348 3
a 427 393 7
a 427 538 10
a 428 77 10
a 428 251 4
a 428 276 2
a 428 383 3
a 428 591 5
a 429 262 6
a 429 269 5
a 430 238 5
a 430 556 1
a 431 37 1
a 431 426 8
a 431 582 9
a 432 5 1
a 432 524 7
a 433 238 10
a 433 390 4
a 434 41 3
a 434 88 2
a 434 126 1
a 434 489 8
a 434 517 5
a 435 85 8
a 435 146 6
a 436 7 8
a 436 447 1
a 437 298 5
a 438 297 4
a 438 481 2
a 439 227 8
a 440 385 6
a 441 349 2
a 441 523 1
a 442 177 5
a 442 380 8
a 443 495 3
a 444 56 1
a 444 79 10
a 444 87 4
a 445 304 3
a 445 357 8
a 445 391 3
a 446 249 1
a 447 2 9
a 447 514 3
a 448 151 1
a 448 323 8
a 448 438 2
a 449 216 6
a 450 254 10
a 450 583 6
a 451 350 9
a 452 119 1
a 453 396 7
a 453 544 6
a 454 162 6
a 454 332 9
a 454 452 5
a 455 287 8
a 456 102 5
a 456 327 8
a 457 117 7
a 457 128 9
a 457 428 9
a 457 520 8
a 458 84 4
a 458 364 10
a 459 166 6
a 459 251 3
a 460 117 2
a 460 377 3
a 460 551 9
a 460 581 8
a 461 460 9
a 462 295 7
a 462 298 7
a 462 306 4
a 463 189 8
a 464 40 7
a 464 91 5
a 465 98 10
a 465 320 5
a 465 548 8
a 466 33 10
a 466 244 7
a 466 584 9
a 467 170 7
a 468 12 10
a 468 209 3
a 468 294 4
a 468 504 8
a 469 520 7
a 469 539 7
a 470 498 4
a 471 226 9
a 471 291 3
a 471 319 7
a 471 400 9
a 472 509 8
a 473 124 6
a 473 129 7
a 474 98 3
a 474 337 9
a 475 148 6
a 476 227 1
a 477 196 4
a 477 448 4
a 478 106 8
a 479 228 9
a 479 363 6
a 479 431 10
a 480 426 2
a 481 270 2
a 482 321 8
a 483 495 7
a 484 271 2
a 484 568 8
a 485 468 7
a 485 482 7
a 485 516 1
a 486 80 9
a 486 104 4
a 487 266 9
a 487 463 6
a 488 350 1
a 488 553 4
a 489 585 8
a 490 17 4
a 490 105 7
a 491 334 9
a 491 584 3
a 491 596 8
a 492 241 4
a 493 196 9
a 494 320 10
a 494 537 4
a 495 316 3
a 495 473 1
a 496 364 1
a 497 180 4
a 497 540 7
a 498 520 5
a 499 99 1
a 499 154 8
a 500 194 2
a 500 584 6
a 501 140 10
a 502 153 6
a 502 257 7
a 503 246 6
a 504 388 5
a 504 499 7
a 505 139 4
a 505 204 8
a 505 437 2
a 506 346 4
a 506 472 7
a 507 384 1
a 508 55 7
a 508 375 8
a 508 381 6
a 509 425 2
a 510 131 3
a 510 220 2
a 510 272 10
a 510 316 7
a 511 94 5
a 512 105 2
a 512 385 6
a 513 11 1
a 514 545 9
a 515 11 2
a 516 42 4
a 516 545 10
a 517 75 2
a 517 444 7
a 517 597 9
a 518 241 6
a 519 261 8
a 520 20 7
a 520 580 8
a 521 145 1
a 522 149 5
a 523 283 10
a 524 251 9
a 525 5 3
a 525 338 1
a 525 351 3
a 525 519 1
a 526 372 10
a 526 430 1
a 527 371 1
a 528 60 10
a 528 225 8
a 528 308 9
a 528 334 9
a 528 358 2
a 528 432 7
a 529 214 10
a 530 366 4
a 530 459 7
a 531 397 9
a 532 5 2
a 532 258 6
a 532 509 9
a 533 120 9
a 533 594 7
a 534 114 6
a 534 468 6
a 534 538 6
a 534 557 10
a 535 76 2
a 535 407 1
a 535 574 2
a 536 64 4
a 536 94 10
a 536 348 8
a 537 118 7
a 537 336 8
a 538 421 1
a 539 6 1
a 539 140 3
a 540 15 9
a 540 33 1
a 540 496 10
a 541 397 1
a 542 402 6
a 542 478 8
a 543 219 2
a 543 267 10
a 543 299 9
a 543 545 7
a 544 173 8
a 544 477 8
a 545 165 7
a 546 110 6
a 546 124 6
a 547 101 7
a 548 38 6
a 548 59 4
a 548 193 10
a 548 536 9
a 549 396 7
a 550 135 6
a 551 9 5
a 552 14 2
a 552 40 1
a 552 89 10
a 553 74 8
a 553 253 2
a 554 486 10
a 555 201 4
a 556 133 7
a 556 314 2
a 556 579 10
a 557 503 7
a 557 511 6
a 557 521 5
a 558 405 6
a 558 592 5
a 559 3 3
a 559 31 7
a 559 145 7
a 560 75 3
a 560 267 8
a 561 163 6
a 561 357 3
a 562 434 1
a 563 8 10
a 563 522 7
a 564 460 6
a 565 360 4
a 565 531 6
a 566 187 10
a 566 246 6
a 566 369 8
a 566 385 2
a 566 562 6
a 567 599 5
a 568 40 3
a 568 155 10
a 569 147 2
a 569 564 9
a 570 372 7
a 571 58 4
a 572 224 10
a 572 384 7
a 572 422 8
a 573 76 1
a 574 408 7
a 575 371 7
a 575 576 6
a 576 208 10
a 576 264 7
a 576 436 8
a 577 334 10
a 577 573 4
a 578 100 9
a 578 598 8
a 579 422 2
a 580 39 5
a 581 11 3
a 581 21 1
a 582 13 1
a 582 195 1
a 582 490 8
a 583 540 10
a 584 84 4
a 585 70 1
a 585 283 5
a 585 558 9
a 586 319 9
a 586 382 2
a 586 493 8
a 587 44 5
a 588 122 3
a 589 511 8
a 590 365 1
a 590 544 8
a 591 568 2
a 592 363 1
a 593 577 5
a 594 565 5
a 594 599 1
a 595 169 4
a 595 281 3
a 596 322 9
a 597 482 2
a 598 388 9
a 599 27 4
a 599 160 8
