p max 700 1400
n 1 s
n 700 t
a 1 336 4
a 1 431 10
a 2 134 2
a 3 428 3
a 3 539 3
a 4 373 6
a 5 162 8
a 5 277 5
a 5 356 1
a 6 499 2
a 7 10 3
a 8 18 7
a 8 263 9
a 9 210 1
a 10 11 10
a 10 73 6
a 10 168 1
a 11 149 4
a 11 500 6
a 11 667 8
a 12 57 7
a 12 700 3
a 13 475 5
a 13 484 2
a 14 659 10
a 15 574 7
a 16 74 8
a 16 257 7
a 16 268 10
a 17 464 6
a 18 295 7
a 19 263 9
a 20 440 1
a 20 493 1
a 21 36 4
a 21 137 3
a 21 184 3
a 21 674 8
a 22 183 4
a 23 240 1
a 23 617 3
a 24 166 3
a 24 422 8
a 25 536 6
a 26 205 7
a 26 525 10
a 27 8 2
a 27 135 1
a 28 194 5
a 28 337 2
a 29 188 6
a 29 212 8
a 29 380 8
a 30 322 2
a 30 658 2
a 31 229 6
a 31 655 1
a 32 85 7
a 32 482 8
a 33 32 8
a 34 61 6
a 34 90 3
a 34 322 5
a 35 268 2
a 35 574 7
a 36 307 5
a 37 312 3
a 38 41 5
a 38 133 4
a 39 79 8
a 39 618 8
a 40 200 7
a 41 570 2
a 42 143 3
a 42 490 5
a 43 91 7
a 43 252 7
a 43 311 3
a 43 345 2
a 44 643 5
a 45 71 4
a 45 298 3
a 46 293 9
a 46 346 10
a 47 299 5
a 47 479 6
a 48 411 2
a 48 493 4
a 49 53 6
a 50 188 6
a 51 427 2
a 51 547 4
a 52 599 4
a 52 682 1
a 53 108 9
a 54 176 8
a 55 98 1
a 55 191 5
a 55 292 3
a 56 699 5
a 57 198 9
a 57 678 2
a 58 210 4
a 58 268 2
a 58 315 7
a 59 254 5
a 60 270 4
a 61 281 1
a 61 339 9
a 61 503 9
a 61 608 10
a 61 646 5
a 62 235 6
a 62 559 6
a 63 192 7
a 64 693 1
a 65 68 10
a 65 335 9
a 65 355 7
a 66 264 6
a 66 442 2
a 66 586 1
a 67 353 8
a 68 3 7
a 68 601 8
a 68 686 4
a 69 124 2
a 70 56 5
a 71 308 2
a 72 178 4
a 72 232 1
a 73 51 5
a 73 220 10
a 73 355 7
a 74 371 6
a 75 37 6
a 75 227 6
a 75 482 9
a 75 612 10
a 76 27 7
a 76 334 1
a 76 394 8
a 77 94 10
a 78 482 7
a 79 156 7
a 79 584 5
a 80 302 6
a 80 562 6
a 81 600 5
a 81 623 3
a 82 203 6
a 82 207 5
a 82 659 10
a 83 460 5
a 84 259 6
a 84 376 4
a 84 697 6
a 85 326 6
a 85 593 8
a 86 3 3
a 86 464 5
a 87 107 6
a 87 266 10
a 87 324 10
a 87 605 9
a 88 643 8
a 89 465 3
a 90 137 4
a 91 16 8
a 91 70 5
a 91 109 4
a 91 173 6
a 91 314 3
a 91 453 7
a 92 674 10
a 93 295 8
a 93 437 8
a 94 209 3
a 94 325 6
a 94 580 4
a 95 31 4
a 95 497 8
a 96 55 7
a 96 290 2
a 96 389 6
a 96 570 8
a 96 614 5
a 97 152 8
a 97 230 6
a 97 654 2
a 98 416 3
a 98 611 4
a 99 172 2
a 99 358 9
a 99 535 7
a 99 577 9
a 100 289 10
a 101 486 1
a 101 647 10
a 102 512 4
a 103 249 1
a 103 368 9
a 103 447 5
a 104 139 6
a 104 168 3
a 105 697 10
a 106 669 6
a 107 191 5
a 107 385 7
a 107 675 7
a 108 300 5
a 109 194 4
a 110 357 7
a 110 601 9
a 111 225 8
a 111 660 5
a 112 358 5
a 113 299 10
a 113 594 6
a 113 646 3
a 114 379 10
a 114 635 9
a 115 218 8
a 115 415 9
a 116 155 3
a 116 170 2
a 116 528 4
a 116 593 1
a 116 650 9
a 117 15 3
a 117 301 4
a 117 373 1
a 117 589 2
a 117 600 3
a 118 246 8
a 118 302 2
a 119 12 10
a 119 69 6
a 119 478 7
a 120 149 9
a 120 320 9
a 121 365 3
a 122 418 2
a 123 302 3
a 123 563 1
a 124 307 9
a 125 90 2
a 126 648 6
a 126 699 9
a 127 146 8
a 127 206 7
a 127 695 6
a 128 195 10
a 128 677 6
a 129 328 3
a 129 520 3
a 130 198 8
a 130 276 3
a 131 310 4
a 131 628 5
a 132 319 9
a 132 644 3
a 133 7 2
a 134 498 10
a 134 638 4
a 135 14 4
a 135 230 6
a 136 183 9
a 136 519 10
a 136 558 7
a 137 541 5
a 137 603 1
a 137 663 8
a 138 265 8
a 139 174 4
a 139 567 5
a 140 24 7
a 140 159 10
a 141 48 8
a 141 129 3
a 141 189 9
a 141 214 8
a 141 601 1
a 142 490 2
a 143 222 8
a 143 555 5
a 144 83 8
a 144 575 4
a 144 690 3
a 145 42 6
a 145 225 10
a 146 288 7
a 146 458 5
a 147 178 3
a 147 405 6
a 148 646 2
a 149 222 4
a 150 69 3
a 150 177 2
a 151 376 5
a 151 407 3
a 152 603 9
a 153 65 6
a 153 225 3
a 154 2 2
a 154 19 3
a 154 142 5
a 154 454 10
a 155 96 3
a 155 98 9
a 156 498 1
a 157 39 4
a 157 167 8
a 157 677 7
a 158 147 6
a 158 262 9
a 159 500 8
a 159 544 4
a 160 117 8
a 160 241 2
a 160 342 6
a 161 226 4
a 162 467 2
a 163 393 7
a 163 458 4
a 163 671 8
a 164 52 7
a 164 265 7
a 165 82 3
a 166 277 5
a 167 7 10
a 167 217 8
a 168 99 5
a 169 3 10
a 169 119 9
a 170 434 7
a 170 613 5
a 171 96 10
a 171 416 6
a 171 430 1
a 171 541 9
a 171 562 5
a 172 146 1
a 172 382 8
a 173 142 6
a 174 126 6
a 175 598 1
a 176 278 6
a 176 637 3
a 177 232 2
a 177 432 5
a 177 583 6
a 178 678 2
a 179 77 3
a 179 425 1
a 179 551 8
a 180 117 10
a 180 487 2
a 181 643 1
a 182 588 9
a 183 605 3
a 184 529 5
a 185 261 3
a 185 406 10
a 186 284 6
a 186 491 9
a 187 205 5
a 187 595 10
a 188 572 5
a 189 114 7
a 190 88 8
a 190 461 10
a 190 634 1
a 191 144 9
a 192 258 3
a 192 266 4
a 192 548 1
a 193 612 9
a 194 462 8
a 195 470 4
a 195 543 10
a 196 435 5
a 197 501 10
a 197 513 10
a 197 596 2
a 198 406 8
a 199 20 4
a 200 140 10
a 201 38 9
a 201 586 7
a 202 671 9
a 203 168 4
a 203 249 6
a 203 512 8
a 204 278 3
a 204 521 9
a 204 554 5
a 204 698 1
a 205 485 6
a 206 8 2
a 207 594 2
a 208 515 1
a 209 163 8
a 209 685 10
a 210 439 4
a 210 649 3
a 210 669 2
a 210 695 1
a 211 291 4
a 211 393 10
a 212 504 7
a 212 522 3
a 213 244 3
a 213 648 8
a 213 680 2
a 214 85 10
a 214 613 10
a 215 289 1
a 216 301 9
a 216 445 1
a 216 468 8
a 217 31 2
a 217 285 10
a 218 160 6
a 219 619 9
a 220 495 4
a 221 43 9
a 222 77 3
a 222 321 5
a 222 485 1
a 223 153 7
a 223 277 5
a 223 674 5
a 224 82 6
a 224 293 7
a 224 399 7
a 224 609 7
a 225 143 6
a 226 371 3
a 227 245 2
a 227 566 7
a 227 700 7
a 228 297 9
a 229 327 10
a 229 676 4
a 230 378 1
a 231 311 9
a 231 598 9
a 232 302 7
a 233 30 1
a 233 61 2
a 233 262 6
a 234 271 6
a 234 544 10
a 234 585 6
a 235 267 5
a 235 614 3
a 235 628 8
a 236 49 1
a 236 137 4
a 236 474 8
a 237 52 7
a 237 296 6
a 237 515 8
a 238 3 8
a 238 371 7
a 238 633 2
a 239 538 1
a 239 594 5
a 240 145 3
a 240 453 10
a 240 548 7
a 241 161 4
a 241 176 2
a 241 502 6
a 242 497 10
a 243 40 2
a 243 370 2
a 244 331 3
a 245 351 4
a 246 389 6
a 247 251 7
a 247 542 1
a 247 683 5
a 248 505 6
a 248 609 3
a 249 239 4
a 249 273 5
a 250 125 8
a 251 307 9
a 251 462 4
a 251 463 7
a 251 679 7
a 252 509 9
a 252 515 10
a 252 687 3
a 253 204 7
a 253 216 2
a 254 125 7
a 254 536 7
a 254 631 10
a 255 95 7
a 255 553 1
a 256 26 6
a 256 120 5
a 257 122 10
a 257 494 7
a 257 643 2
a 258 249 10
a 259 86 6
a 259 644 8
a 260 71 3
a 260 77 10
a 261 396 10
a 261 503 6
a 261 676 5
a 262 298 6
a 262 561 7
a 263 462 7
a 264 685 5
a 265 231 7
a 265 440 5
a 265 569 8
a 266 249 4
a 266 624 10
a 267 197 9
a 267 401 1
a 267 435 9
a 268 113 8
a 268 176 1
a 269 17 10
a 269 542 8
a 270 424 4
a 271 3 9
a 271 224 1
a 271 312 5
a 272 96 9
a 272 215 2
a 272 452 5
a 273 218 1
a 274 26 9
a 274 581 8
a 275 165 3
a 275 198 10
a 276 77 9
a 277 256 3
a 277 640 8
a 278 40 2
a 279 155 3
a 279 342 1
a 280 232 7
a 280 359 6
a 280 471 7
a 281 153 8
a 281 169 5
a 281 367 5
a 282 545 7
a 282 600 4
a 283 230 7
a 284 161 9
a 284 351 2
a 284 423 1
a 285 267 3
a 286 115 5
a 286 604 4
a 287 641 8
a 288 632 10
a 289 262 7
a 290 158 7
a 290 511 4
a 291 404 3
a 291 583 3
a 292 109 9
a 293 467 5
a 294 9 1
a 295 573 1
a 296 273 6
a 296 597 6
a 296 627 3
a 297 274 10
a 298 84 3
a 299 663 8
a 300 345 7
a 301 128 3
a 301 573 10
a 302 245 10
a 302 282 7
a 303 372 4
a 303 541 8
a 303 578 1
a 304 669 6
a 305 260 2
a 305 620 7
a 306 441 2
a 306 547 7
a 307 92 10
a 307 685 8
a 308 243 2
a 308 571 10
a 309 412 10
a 309 532 6
a 310 488 9
a 310 577 10
a 310 650 4
a 311 64 4
a 311 413 3
a 311 455 3
a 311 664 10
a 312 8 3
a 312 11 3
a 313 303 6
a 314 9 10
a 315 460 7
a 316 507 5
a 316 677 6
a 317 81 6
a 317 228 10
a 317 399 7
a 317 521 1
a 318 557 9
a 319 631 2
a 320 41 5
a 320 75 10
a 320 388 1
a 320 417 10
a 321 371 5
a 322 87 1
a 322 448 7
a 322 670 10
a 323 222 3
a 323 350 3
a 324 416 7
a 325 101 2
a 326 66 2
a 326 149 8
a 326 472 10
a 327 56 7
a 328 2 6
a 328 665 1
a 329 132 5
a 329 619 7
a 329 690 1
a 330 398 2
a 330 502 10
a 331 488 10
a 332 28 2
a 332 429 3
a 332 655 8
a 333 124 2
a 333 456 1
a 333 622 8
a 334 108 10
a 334 308 7
a 334 351 5
a 335 112 5
a 335 647 10
a 336 48 5
a 336 420 8
a 337 612 8
a 338 25 7
a 338 222 3
a 339 201 10
a 339 408 4
a 340 220 3
a 340 679 2
a 341 698 4
a 342 221 4
a 342 571 6
a 343 572 1
a 343 678 10
a 344 365 5
a 345 402 2
a 346 594 9
a 347 412 10
a 348 186 6
a 349 341 10
a 349 653 10
a 350 118 4
a 350 352 2
a 350 410 6
a 350 546 4
a 351 517 2
a 352 526 2
a 353 60 3
a 354 68 4
a 354 264 8
a 354 397 8
a 355 154 3
a 355 157 10
a 355 234 8
a 356 13 7
a 356 623 6
a 357 69 4
a 357 581 10
a 357 616 8
a 358 131 4
a 358 353 7
a 359 127 10
a 359 130 5
a 360 533 2
a 360 574 3
a 361 464 1
a 361 568 2
a 362 67 6
a 362 179 4
a 362 582 8
a 363 95 3
a 364 592 10
a 365 45 10
a 365 104 3
a 365 331 8
a 366 520 7
a 367 585 9
a 368 34 3
a 368 320 9
a 368 688 2
a 369 412 7
a 370 296 8
a 371 591 4
a 371 633 2
a 372 95 9
a 373 127 2
a 374 518 3
a 375 460 6
a 375 481 4
a 375 518 10
a 375 632 2
a 376 244 1
a 377 106 4
a 378 251 2
a 378 331 8
a 378 347 1
a 379 242 7
a 379 252 1
a 380 21 9
a 380 252 3
a 381 279 2
a 381 368 6
a 381 576 3
a 382 309 10
a 382 610 6
a 383 23 4
a 384 570 3
a 385 567 1
a 385 644 4
a 386 235 9
a 386 378 9
a 386 540 6
a 387 7 1
a 387 303 10
a 387 438 9
a 388 78 10
a 388 192 5
a 388 285 2
a 389 632 1
a 390 384 10
a 390 450 5
a 391 103 4
a 391 346 7
a 392 148 6
a 392 569 1
a 393 308 7
a 394 269 3
a 394 366 6
a 394 398 3
a 394 472 6
a 394 523 5
a 394 666 9
a 395 197 2
a 395 256 8
a 395 370 4
a 396 316 6
a 397 438 6
a 397 483 3
a 398 232 8
a 399 217 6
a 399 256 7
a 399 626 4
a 400 540 9
a 401 271 5
a 401 684 3
a 402 207 4
a 402 682 1
a 403 96 9
a 404 35 2
a 405 39 10
a 406 561 4
a 407 6 10
a 407 334 1
a 407 499 8
a 407 564 3
a 408 252 8
a 409 656 4
a 410 78 4
a 410 328 1
a 411 577 4
a 411 625 2
a 411 641 3
a 412 344 6
a 412 628 2
a 412 657 1
a 413 650 3
a 414 634 5
a 415 81 6
a 415 175 8
a 415 493 6
a 416 124 4
a 416 332 7
a 417 182 8
a 417 305 3
a 417 603 5
a 418 385 1
a 419 9 6
a 419 237 9
a 420 14 7
a 420 302 7
a 420 504 8
a 421 23 7
a 421 447 5
a 422 321 4
a 422 428 8
a 423 280 10
a 423 667 2
a 424 64 6
a 424 537 1
a 425 149 6
a 425 455 8
a 426 576 1
a 427 289 5
a 427 334 5
a 428 9 1
a 428 20 6
a 428 575 7
a 429 185 7
a 429 408 2
a 430 306 10
a 431 58 10
a 431 131 5
a 431 639 7
a 432 289 6
a 433 306 7
a 433 570 5
a 434 50 8
a 434 53 1
a 435 383 4
a 436 301 1
a 437 613 5
a 438 458 9
a 438 496 5
a 439 594 6
a 440 152 9
a 441 83 4
a 441 323 6
a 441 693 1
a 442 161 2
a 442 595 5
a 443 485 2
a 444 589 9
a 445 493 5
a 446 304 3
a 447 167 3
a 447 289 5
a 447 297 8
a 448 444 3
a 448 497 1
a 449 384 7
a 449 697 10
a 450 394 5
a 451 38 4
a 451 100 3
a 451 365 4
a 452 134 4
a 452 317 3
a 452 690 9
a 453 98 8
a 454 91 10
a 454 330 8
a 454 341 9
a 454 377 7
a 455 504 6
a 456 165 1
a 456 336 5
a 457 639 7
a 458 571 6
a 459 268 3
a 459 634 6
a 460 594 7
a 460 694 4
a 461 234 3
a 461 409 4
a 461 452 3
a 462 43 1
a 463 272 10
a 463 639 3
a 463 662 7
a 464 476 4
a 465 226 7
a 465 547 7
a 466 296 10
a 466 550 9
a 467 190 5
a 467 673 8
a 468 528 8
a 468 629 10
a 469 274 4
a 470 2 10
a 470 400 10
a 471 33 9
a 471 207 5
a 472 81 2
a 472 126 6
a 472 516 1
a 473 164 4
a 473 186 8
a 474 210 8
a 474 530 2
a 475 469 1
a 475 481 2
a 476 160 8
a 476 454 8
a 476 592 1
a 476 636 7
a 477 50 10
a 477 360 8
a 478 576 9
a 479 189 10
a 480 590 2
a 480 669 10
a 481 40 8
a 482 146 1
a 482 402 3
a 483 123 4
a 483 695 6
a 484 71 2
a 484 621 9
a 485 263 1
a 485 614 1
a 485 681 2
a 486 105 1
a 486 383 3
a 486 570 9
a 487 192 9
a 488 419 8
a 489 88 10
a 489 406 6
a 490 594 6
a 491 645 9
a 492 484 7
a 492 558 7
a 493 23 7
a 494 603 1
a 495 233 2
a 495 276 6
a 495 649 10
a 496 202 10
a 496 275 7
a 496 286 9
a 496 365 5
a 497 24 2
a 497 29 3
a 497 274 2
a 497 286 1
a 498 633 3
a 499 97 4
a 499 454 1
a 500 114 2
a 500 656 10
a 501 78 6
a 501 193 2
a 501 337 5
a 501 524 8
a 501 582 2
a 502 634 7
a 503 18 7
a 503 247 10
a 503 630 7
a 504 270 10
a 504 317 2
a 504 565 8
a 505 62 1
a 505 228 1
a 505 260 6
a 506 151 6
a 506 485 4
a 506 501 2
a 507 42 5
a 507 255 1
a 508 223 2
a 508 517 5
a 508 526 8
a 508 700 2
a 509 45 6
a 510 8 5
a 510 102 3
a 510 508 9
a 511 312 1
a 512 140 1
a 512 167 10
a 512 325 2
a 513 331 8
a 513 355 7
a 513 496 2
a 514 219 10
a 514 430 2
a 514 549 4
a 515 86 5
a 515 690 4
a 516 102 1
a 517 11 10
a 517 381 2
a 518 186 8
a 519 673 9
a 519 695 1
a 520 22 8
a 520 89 9
a 520 411 5
a 521 174 7
a 521 236 3
a 521 361 6
a 521 551 1
a 521 668 3
a 522 79 2
a 522 503 9
a 523 110 8
a 523 173 3
a 523 607 10
a 524 301 10
a 525 59 8
a 526 162 1
a 526 390 8
a 527 46 5
a 528 339 3
a 529 374 9
a 529 629 10
a 530 110 4
a 530 138 3
a 530 340 10
a 530 661 9
a 531 11 3
a 531 76 10
a 531 123 4
a 531 283 3
a 532 138 1
a 533 621 7
a 534 215 2
a 535 107 3
a 535 164 5
a 535 518 6
a 536 117 1
a 536 451 2
a 537 9 7
a 537 216 1
a 538 161 8
a 539 240 4
a 540 237 8
a 540 313 9
a 540 485 4
a 541 101 7
a 541 165 7
a 542 78 3
a 542 392 8
a 543 55 1
a 543 573 1
a 544 692 6
a 545 279 10
a 545 307 1
a 546 623 1
a 547 115 5
a 547 613 3
a 548 273 10
a 549 341 7
a 549 491 7
a 550 8 7
a 550 448 1
a 551 213 7
a 551 615 10
a 551 628 3
a 552 44 10
a 552 588 9
a 552 608 2
a 553 408 2
a 554 28 5
a 554 143 4
a 555 165 8
a 555 348 6
a 556 106 9
a 556 424 8
a 556 489 8
a 556 612 6
a 557 193 9
a 558 90 4
a 559 107 10
a 559 691 7
a 560 661 8
a 561 354 9
a 561 459 8
a 562 492 2
a 563 229 2
a 563 557 9
a 564 112 8
a 564 697 3
a 565 154 3
a 566 197 7
a 567 234 1
a 568 80 6
a 568 287 10
a 569 363 8
a 569 550 3
a 570 461 9
a 570 587 2
a 571 41 6
a 571 93 5
a 571 686 9
a 572 60 7
a 572 225 8
a 572 510 6
a 573 124 4
a 573 211 6
a 573 478 8
a 573 689 3
a 574 84 4
a 574 527 1
a 574 660 3
a 575 70 10
a 575 171 8
a 575 187 6
a 575 459 1
a 576 72 9
a 576 587 6
a 577 13 2
a 577 196 1
a 577 467 9
a 577 529 3
a 577 555 4
a 578 588 6
a 578 665 2
a 579 414 8
a 579 692 9
a 580 381 5
a 581 29 3
a 581 254 4
a 582 168 10
a 582 304 8
a 583 309 3
a 584 157 2
a 584 418 5
a 584 579 5
a 585 310 2
a 586 425 10
a 587 210 1
a 588 422 6
a 588 515 2
a 589 304 10
a 589 672 4
a 590 650 10
a 591 111 6
a 591 272 2
a 591 473 8
a 592 483 3
a 593 283 8
a 594 495 6
a 594 623 2
a 595 43 4
a 595 98 3
a 595 287 8
a 596 4 1
a 596 249 1
a 596 494 7
a 596 639 4
a 597 489 3
a 597 642 7
a 597 696 7
a 598 50 8
a 598 238 5
a 598 589 9
a 599 206 4
a 599 498 1
a 600 182 10
a 600 196 10
a 601 79 6
a 601 199 2
a 602 409 10
a 603 276 10
a 604 163 7
a 605 95 6
a 605 141 6
a 605 339 9
a 606 116 5
a 606 498 7
a 607 566 6
a 608 40 10
a 608 63 1
a 608 148 6
a 608 193 9
a 609 180 1
a 609 338 9
a 609 395 1
a 609 476 9
a 609 488 3
a 610 414 7
a 610 436 3
a 610 437 8
a 611 21 3
a 611 32 7
a 611 124 2
a 611 240 2
a 611 540 3
a 612 35 2
a 612 645 3
a 613 581 6
a 614 149 1
a 615 157 10
a 616 125 3
a 616 582 2
a 617 265 1
a 617 494 10
a 618 577 6
a 619 542 9
a 620 334 6
a 621 56 4
a 621 139 7
a 621 352 9
a 622 220 6
a 622 571 8
a 622 602 1
a 623 192 7
a 623 524 3
a 624 104 2
a 624 349 4
a 625 94 4
a 625 150 5
a 625 655 3
a 626 194 8
a 626 552 4
a 627 70 9
a 627 413 7
a 627 533 7
a 628 3 6
a 628 527 5
a 628 531 2
a 629 285 1
a 629 466 10
a 629 480 6
a 630 37 5
a 630 375 9
a 630 457 9
a 630 586 8
a 631 105 5
a 631 188 7
a 632 388 10
a 632 426 9
a 633 244 4
a 633 329 10
a 633 423 10
a 633 463 3
a 633 556 5
a 634 578 7
a 635 164 4
a 635 412 8
a 635 529 7
a 636 554 2
a 636 597 4
a 637 47 6
a 637 82 2
a 637 248 9
a 637 395 8
a 638 5 1
a 638 103 5
a 639 515 7
a 640 58 4
a 640 163 3
a 640 443 4
a 641 46 10
a 641 130 9
a 641 316 6
a 641 656 4
a 642 203 7
a 642 218 2
a 643 390 4
a 643 419 4
a 643 514 5
a 644 83 4
a 644 606 7
a 645 181 1
a 645 364 7
a 645 616 4
a 646 75 3
a 646 102 7
a 646 200 3
a 647 57 2
a 647 695 8
a 648 261 8
a 648 465 6
a 648 584 8
a 649 57 4
a 649 635 1
a 649 674 8
a 650 10 2
a 650 54 6
a 650 667 9
a 651 292 5
a 651 543 2
a 652 99 3
a 652 651 6
a 653 46 10
a 653 317 1
a 654 229 1
a 654 435 5
a 655 281 1
a 655 322 6
a 655 333 4
a 655 446 7
a 655 647 9
a 656 548 8
a 657 5 6
a 657 105 10
a 657 651 9
a 658 386 9
a 658 457 3
a 659 119 2
a 659 128 9
a 660 33 9
a 660 309 3
a 661 245 10
a 661 550 5
a 662 554 10
a 663 150 2
a 664 140 4
a 665 362 10
a 665 560 5
a 665 610 9
a 666 278 5
a 666 369 6
a 667 59 4
a 667 158 1
a 667 427 2
a 667 469 3
a 668 492 3
a 668 630 6
a 669 27 5
a 669 387 4
a 669 414 4
a 669 696 8
a 670 166 5
a 670 403 3
a 670 560 8
a 671 449 4
a 671 526 7
a 672 343 2
a 672 646 4
a 673 253 5
a 673 367 4
a 674 35 9
a 674 121 7
a 674 208 5
a 674 478 5
a 675 76 2
a 676 217 4
a 676 383 3
a 676 433 10
a 677 421 3
a 677 615 8
a 678 45 10
a 678 144 4
a 678 318 9
a 679 482 1
a 680 258 4
a 680 475 3
a 680 534 7
a 681 322 4
a 681 477 3
a 681 621 3
a 682 435 1
a 682 506 4
a 683 93 4
a 684 83 8
a 685 435 1
a 686 136 10
a 686 165 5
a 686 240 6
a 687 391 1
a 687 442 10
a 687 583 4
a 688 338 1
a 689 368 5
a 690 283 9
a 691 295 8
a 692 177 7
a 693 454 3
a 693 611 2
a 694 378 10
a 695 121 10
a 696 294 9
a 696 630 10
a 697 241 9
a 698 410 5
a 699 55 9
a 699 250 6
a 699 366 8
a 699 652 6
