p max 700 1400
n 1 s
n 700 t
a 1 122 8
a 1 430 2
a 1 477 8
a 1 694 4
a 2 38 8
a 3 91 3
a 3 428 1
a 4 211 2
a 4 592 2
a 5 387 7
a 5 434 6
a 5 595 4
a 6 70 9
a 7 91 3
a 7 461 5
a 8 302 10
a 9 240 2
a 10 495 5
a 10 635 1
a 11 495 9
a 12 319 10
a 12 565 7
a 13 85 6
a 13 383 3
a 14 241 1
a 15 87 7
a 16 105 10
a 16 122 3
a 17 675 6
a 18 526 7
a 18 633 8
a 18 667 8
a 19 23 7
a 19 215 10
a 19 450 1
a 20 563 1
a 20 620 2
a 21 94 1
a 21 294 9
a 22 390 6
a 23 462 8
a 24 280 6
a 24 398 1
a 25 228 7
a 26 79 9
a 27 377 7
a 27 507 4
a 28 360 9
a 29 209 2
a 30 376 4
a 30 417 6
a 30 423 6
a 31 183 3
a 31 244 10
a 31 622 9
a 32 14 10
a 33 239 9
a 33 277 1
a 33 555 8
a 34 655 1
a 35 261 9
a 35 362 8
a 35 424 1
a 36 294 6
a 36 359 6
a 36 471 4
a 37 186 8
a 38 448 8
a 38 461 9
a 38 554 8
a 39 197 10
a 40 192 4
a 41 8 4
a 41 159 6
a 42 181 1
a 42 441 7
a 42 499 5
a 43 56 2
a 43 413 4
a 44 377 6
a 44 561 6
a 45 48 1
a 46 287 2
a 47 261 4
a 47 271 10
a 47 562 6
a 48 213 7
a 49 552 8
a 49 558 6
a 49 582 7
a 50 133 8
a 50 136 9
a 50 483 2
a 51 551 5
a 52 367 6
a 53 413 2
a 53 695 8
a 54 394 1
a 55 201 9
a 55 503 7
a 56 397 4
a 56 511 10
a 57 595 2
a 58 240 5
a 58 379 6
a 58 477 9
a 59 69 6
a 59 570 1
a 60 232 10
a 61 212 4
a 62 10 5
a 62 55 9
a 63 223 5
a 64 5 10
a 65 290 1
a 66 21 7
a 66 458 6
a 67 512 5
a 68 429 6
a 69 546 2
a 69 656 10
a 70 40 7
a 70 328 9
a 71 551 6
a 72 611 5
a 73 45 1
a 73 83 4
a 73 345 1
a 73 351 9
a 73 602 4
a 74 177 3
a 74 235 2
a 74 638 6
a 74 688 2
a 75 164 7
a 75 556 8
a 76 359 3
a 76 378 6
a 77 172 1
a 77 217 2
a 78 123 6
a 78 364 5
a 79 335 1
a 79 614 9
a 80 198 6
a 80 388 9
a 80 639 4
a 81 141 3
a 81 512 7
a 82 417 7
a 82 571 10
a 83 440 10
a 84 442 2
a 84 451 4
a 85 92 6
a 85 410 1
a 85 411 2
a 85 541 10
a 86 78 4
a 86 366 2
a 86 565 10
a 86 665 9
a 87 65 5
a 88 145 8
a 89 334 7
a 90 677 3
a 91 110 9
a 92 54 5
a 92 97 7
a 92 401 2
a 92 486 7
a 93 376 8
a 94 234 6
a 94 661 6
a 95 654 2
a 96 32 8
a 97 478 9
a 97 583 10
a 98 89 2
a 98 189 4
a 98 556 3
a 99 655 3
a 100 550 6
a 101 275 10
a 101 394 2
a 102 395 10
a 102 415 8
a 102 593 10
a 103 638 6
a 104 127 9
a 105 143 8
a 105 696 8
a 106 443 10
a 106 676 9
a 107 71 10
a 107 654 6
a 108 244 10
a 108 363 6
a 109 347 9
a 109 398 1
a 109 456 2
a 110 48 3
a 110 95 9
a 111 415 2
a 112 326 5
a 113 508 1
a 113 684 1
a 114 107 2
a 114 371 1
a 115 64 1
a 115 246 1
a 115 396 3
a 116 100 7
a 116 586 3
a 117 572 4
a 118 210 6
a 118 328 10
a 118 625 3
a 119 168 4
a 120 365 3
a 120 407 9
a 120 550 1
a 121 406 6
a 122 377 2
a 123 42 2
a 123 147 2
a 123 435 9
a 124 402 1
a 124 431 9
a 124 665 5
a 125 434 3
a 126 187 9
a 126 465 1
a 126 594 3
a 127 49 10
a 127 679 5
a 128 683 3
a 129 62 5
a 129 332 2
a 130 266 1
a 130 559 9
a 131 265 1
a 132 278 9
a 132 339 10
a 132 636 10
a 133 638 7
a 134 12 2
a 134 43 7
a 135 75 2
a 135 572 1
a 136 58 10
a 136 464 2
a 137 82 2
a 138 61 10
a 138 127 5
a 138 205 1
a 138 690 8
a 139 26 4
a 139 404 3
a 140 144 9
a 141 336 4
a 142 253 9
a 142 356 2
a 143 236 8
a 143 272 9
a 143 279 6
a 143 322 6
a 143 625 6
a 144 632 5
a 145 275 3
a 145 431 8
a 145 488 9
a 146 42 6
a 146 342 4
a 146 626 6
a 147 677 7
a 148 113 9
a 148 155 5
a 148 214 1
a 148 369 1
a 148 617 7
a 149 416 3
a 150 224 2
a 150 362 2
a 150 504 7
a 151 624 3
a 151 641 8
a 152 345 6
a 153 138 9
a 153 374 10
a 153 585 10
a 154 32 1
a 154 661 7
a 155 13 3
a 155 619 8
a 156 138 10
a 157 409 10
a 157 503 2
a 157 692 4
a 158 44 6
a 158 202 3
a 159 251 6
a 160 78 5
a 160 429 7
a 160 599 8
a 161 112 3
a 161 272 4
a 161 312 10
a 161 354 8
a 161 629 7
a 162 344 4
a 163 306 8
a 163 336 1
a 163 424 6
a 164 79 3
a 164 105 5
a 165 43 10
a 165 537 1
a 166 689 1
a 167 482 8
a 168 37 10
a 168 395 6
a 169 13 6
a 170 599 9
a 171 184 3
a 171 230 7
a 171 403 5
a 172 30 8
a 172 379 10
a 172 686 5
a 173 387 1
a 174 406 7
a 174 512 10
a 174 596 4
a 174 664 9
a 175 129 2
a 175 282 2
a 175 384 2
a 175 399 10
a 176 463 1
a 177 118 1
a 178 194 3
a 178 232 6
a 178 666 7
a 179 168 2
a 179 393 9
a 180 583 6
a 180 671 10
a 181 542 5
a 182 601 9
a 183 173 6
a 183 504 2
a 184 39 3
a 184 203 3
a 184 485 4
a 184 559 1
a 184 610 3
a 185 284 9
a 185 545 5
a 186 340 7
a 186 372 8
a 186 633 8
a 187 491 10
a 187 492 3
a 188 159 9
a 188 229 9
a 189 515 6
a 190 580 6
a 191 391 7
a 191 691 6
a 192 649 8
a 193 291 10
a 193 553 8
a 193 557 7
a 194 533 7
a 194 584 7
a 194 630 4
a 195 325 10
a 195 526 10
a 196 110 8
a 196 114 9
a 196 245 10
a 196 515 9
a 197 425 9
a 198 76 9
a 199 295 8
a 199 575 4
a 200 137 4
a 200 474 2
a 201 319 4
a 201 557 3
a 202 594 1
a 203 316 9
a 203 621 8
a 204 111 4
a 204 236 10
a 204 505 2
a 204 650 6
a 205 51 5
a 205 231 7
a 205 563 1
a 206 635 7
a 207 99 5
a 207 200 5
a 208 209 5
a 208 688 3
a 209 101 2
a 209 360 3
a 209 366 1
a 209 374 7
a 210 247 1
a 210 279 8
a 211 255 7
a 212 376 9
a 212 564 3
a 213 89 7
a 213 140 7
a 214 133 9
a 215 89 5
a 215 589 10
a 216 68 2
a 216 193 6
a 216 323 1
a 217 270 5
a 218 510 7
a 219 375 6
a 219 474 9
a 220 237 6
a 220 315 5
a 220 404 5
a 221 31 8
a 221 219 6
a 221 428 9
a 222 600 7
a 223 13 7
a 223 222 2
a 224 358 3
a 224 435 2
a 225 634 9
a 226 206 4
a 226 242 6
a 227 235 5
a 227 259 7
a 228 86 7
a 228 136 7
a 228 195 10
a 228 697 2
a 229 16 10
a 229 529 10
a 230 34 3
a 230 680 9
a 230 683 9
a 231 223 5
a 231 386 6
a 231 436 5
a 231 476 6
a 232 568 4
a 232 623 4
a 233 429 10
a 234 72 3
a 234 195 9
a 235 305 1
a 235 497 3
a 236 85 1
a 236 402 7
a 236 640 1
a 236 653 3
a 237 139 3
a 237 515 9
a 238 115 5
a 239 208 6
a 239 287 9
a 239 541 9
a 239 597 9
a 240 185 7
a 240 587 5
a 241 6 1
a 241 81 1
a 242 188 5
a 242 364 2
a 242 637 3
a 243 85 2
a 243 309 7
a 244 469 10
a 245 233 1
a 245 335 6
a 245 479 7
a 246 658 7
a 247 321 9
a 247 603 6
a 248 574 4
a 248 609 1
a 249 62 5
a 249 270 10
a 249 420 8
a 250 50 2
a 251 18 3
a 251 57 7
a 251 288 9
a 252 324 7
a 253 200 7
a 253 357 1
a 253 445 7
a 253 657 3
a 254 84 6
a 254 432 5
a 254 519 7
a 255 128 10
a 255 183 6
a 255 190 9
a 256 276 9
a 256 355 2
a 257 110 6
a 257 162 7
a 258 245 10
a 258 573 7
a 259 429 6
a 259 613 9
a 259 637 10
a 260 192 6
a 261 165 4
a 261 513 1
a 262 237 2
a 262 489 3
a 263 245 9
a 264 532 5
a 264 582 3
a 265 170 10
a 265 687 1
a 266 216 8
a 266 310 8
a 267 346 7
a 267 507 1
a 268 141 6
a 268 669 1
a 269 98 8
a 269 206 10
a 269 672 10
a 270 7 9
a 270 362 5
a 270 577 6
a 271 130 8
a 272 10 5
a 272 664 2
a 273 29 6
a 273 217 4
a 274 231 7
a 274 252 5
a 274 338 1
a 274 373 4
a 274 416 9
a 275 147 5
a 275 699 7
a 276 382 2
a 277 399 9
a 277 538 2
a 277 611 4
a 278 68 5
a 279 97 7
a 279 221 3
a 280 277 8
a 281 277 6
a 282 50 4
a 282 132 2
a 283 27 6
a 283 62 2
a 284 303 6
a 285 433 2
a 286 224 6
a 286 522 9
a 287 466 1
a 287 530 1
a 288 36 7
a 289 274 10
a 289 464 10
a 290 29 5
a 290 137 7
a 290 218 4
a 290 316 6
a 291 353 6
a 292 163 8
a 292 541 6
a 293 281 9
a 293 585 2
a 294 154 9
a 294 659 8
a 295 653 8
a 296 171 1
a 296 180 3
a 297 49 6
a 297 414 8
a 298 72 7
a 299 176 10
a 299 363 8
a 300 59 10
a 300 166 4
a 300 481 1
a 301 69 9
a 302 56 2
a 302 510 2
a 303 113 10
a 304 307 6
a 305 583 5
a 305 687 5
a 306 57 4
a 306 581 8
a 307 672 1
a 308 190 9
a 308 568 2
a 308 678 1
a 308 695 8
a 309 513 6
a 310 222 10
a 311 628 6
a 312 401 9
a 312 523 4
a 313 603 3
a 314 356 1
a 314 678 1
a 315 38 2
a 315 635 4
a 316 67 6
a 317 415 1
a 317 628 4
a 318 186 7
a 318 264 7
a 318 469 2
a 318 622 6
a 319 315 7
a 320 305 9
a 320 540 1
a 321 263 8
a 321 474 7
a 322 9 5
a 323 399 8
a 323 456 10
a 324 48 6
a 325 9 2
a 325 149 10
a 325 227 5
a 325 333 3
a 326 664 10
a 327 338 2
a 328 22 6
a 328 463 7
a 329 177 2
a 329 668 10
a 330 173 9
a 330 184 10
a 330 682 10
a 331 15 5
a 332 292 6
a 332 460 5
a 333 274 5
a 334 310 6
a 335 5 9
a 335 385 3
a 335 467 9
a 335 539 6
a 336 295 1
a 337 112 5
a 337 440 6
a 338 145 9
a 338 209 3
a 339 406 2
a 340 167 10
a 340 457 1
a 341 80 9
a 341 160 5
a 341 525 10
a 342 313 5
a 342 377 7
a 342 421 8
a 343 296 2
a 343 425 4
a 344 80 8
a 344 390 8
a 345 249 8
a 346 301 3
a 346 576 6
a 347 296 6
a 348 581 3
a 349 2 6
a 350 42 2
a 350 300 1
a 351 327 5
a 352 90 2
a 352 254 2
a 352 298 3
a 352 553 9
a 353 570 9
a 354 537 1
a 354 652 7
a 355 135 1
a 355 570 8
a 356 651 2
a 357 668 3
a 358 44 5
a 358 448 7
a 359 35 7
a 359 87 1
a 359 248 2
a 359 623 10
a 360 29 3
a 360 419 8
a 360 480 8
a 361 121 4
a 361 264 7
a 361 405 3
a 362 157 1
a 362 605 6
a 363 115 2
a 363 631 1
a 364 339 7
a 364 451 6
a 365 439 1
a 365 448 1
a 366 168 1
a 366 616 2
a 367 47 1
a 367 324 3
a 368 14 2
a 368 41 4
a 368 342 8
a 368 662 1
a 368 698 6
a 369 47 2
a 369 436 7
a 370 603 6
a 371 283 1
a 372 682 6
a 373 581 4
a 374 215 2
a 374 381 1
a 374 462 10
a 374 584 6
a 375 651 3
a 376 255 1
a 376 368 1
a 376 566 6
a 377 179 10
a 377 357 9
a 377 627 10
a 378 461 5
a 378 552 9
a 379 189 8
a 380 152 9
a 380 506 7
a 380 520 5
a 381 102 9
a 381 169 2
a 381 352 8
a 381 539 4
a 382 263 8
a 383 70 8
a 383 388 9
a 383 531 10
a 384 45 9
a 385 564 10
a 386 693 3
a 387 87 6
a 387 207 6
a 388 573 3
a 389 477 7
a 390 130 9
a 390 674 6
a 391 600 6
a 392 33 8
a 392 464 5
a 393 480 3
a 393 651 8
a 394 366 3
a 395 19 8
a 395 59 1
a 395 201 7
a 396 22 10
a 396 329 9
a 397 652 3
a 398 134 9
a 398 211 3
a 399 167 10
a 399 343 4
a 399 508 3
a 400 9 10
a 400 673 8
a 401 89 10
a 401 168 5
a 401 296 2
a 401 590 6
a 402 228 1
a 402 308 6
a 403 163 2
a 403 286 5
a 404 93 4
a 404 147 8
a 404 628 1
a 405 16 6
a 405 370 7
a 406 93 7
a 407 178 8
a 407 416 9
a 408 549 10
a 408 559 8
a 409 2 5
a 409 362 10
a 409 535 8
a 409 693 5
a 410 59 4
a 411 265 9
a 411 267 9
a 411 382 1
a 412 418 2
a 412 500 10
a 413 146 7
a 413 304 2
a 413 380 2
a 414 214 10
a 415 143 6
a 415 560 2
a 416 212 5
a 416 387 5
a 416 400 2
a 417 455 3
a 417 551 10
a 418 438 5
a 418 455 5
a 418 689 5
a 419 134 7
a 419 206 2
a 419 608 5
a 420 134 6
a 420 307 6
a 421 227 6
a 422 145 8
a 423 383 9
a 424 177 1
a 425 288 6
a 425 422 9
a 426 487 9
a 426 498 8
a 427 89 7
a 428 53 6
a 428 388 5
a 429 302 2
a 429 514 3
a 429 581 2
a 430 417 1
a 430 550 8
a 431 289 5
a 431 494 7
a 431 576 10
a 431 619 1
a 432 565 5
a 433 537 10
a 433 672 7
a 434 156 1
a 434 672 4
a 435 166 4
a 436 375 9
a 436 644 3
a 437 6 3
a 437 536 6
a 438 9 9
a 439 226 3
a 439 442 9
a 439 544 3
a 440 408 6
a 441 604 9
a 441 626 3
a 442 354 7
a 443 437 1
a 443 616 8
a 443 642 2
a 444 15 5
a 444 245 10
a 444 529 8
a 445 199 7
a 445 491 3
a 445 501 9
a 445 502 1
a 446 423 10
a 446 628 3
a 447 30 2
a 447 150 4
a 447 331 3
a 448 493 10
a 448 516 4
a 449 496 8
a 450 418 1
a 450 570 9
a 451 536 3
a 451 631 10
a 452 586 1
a 453 29 9
a 453 603 3
a 453 646 10
a 454 5 7
a 455 466 7
a 456 541 1
a 457 431 1
a 458 69 9
a 458 76 4
a 458 136 6
a 458 203 6
a 459 295 10
a 459 335 2
a 460 329 7
a 460 330 3
a 460 387 2
a 461 95 10
a 461 218 10
a 461 527 5
a 462 448 1
a 462 598 4
a 463 535 6
a 463 591 10
a 463 615 10
a 464 269 9
a 464 589 7
a 465 553 7
a 466 111 9
a 466 130 10
a 466 389 4
a 467 8 7
a 468 168 3
a 468 333 8
a 468 471 10
a 468 658 7
a 469 196 8
a 469 279 5
a 470 347 7
a 470 413 1
a 471 544 8
a 472 217 1
a 473 317 6
a 474 267 1
a 474 451 3
a 475 52 3
a 475 638 2
a 476 605 6
a 477 158 7
a 477 580 3
a 478 220 9
a 478 407 10
a 478 517 8
a 479 169 2
a 479 192 9
a 479 641 9
a 480 197 5
a 481 694 4
a 482 569 10
a 483 374 10
a 484 582 5
a 484 698 10
a 485 246 3
a 485 299 1
a 485 301 9
a 485 314 5
a 486 136 1
a 486 484 7
a 486 578 1
a 486 680 1
a 487 131 1
a 487 251 1
a 487 414 6
a 487 530 2
a 488 107 4
a 488 115 1
a 488 283 6
a 488 303 4
a 489 473 7
a 489 476 7
a 489 586 3
a 490 394 2
a 491 114 9
a 492 527 7
a 493 24 2
a 493 566 7
a 494 443 4
a 494 482 10
a 495 81 8
a 495 643 10
a 496 497 6
a 497 128 1
a 497 414 7
a 498 43 5
a 498 77 9
a 498 197 1
a 499 288 2
a 499 655 4
a 500 327 8
a 500 337 6
a 501 255 1
a 501 420 5
a 502 470 7
a 502 635 6
a 503 669 9
a 504 417 4
a 504 658 8
a 505 164 1
a 505 323 9
a 506 166 7
a 506 335 6
a 507 185 2
a 507 237 4
a 507 666 3
a 508 237 2
a 509 204 3
a 509 415 2
a 509 438 5
a 510 82 9
a 510 132 10
a 510 238 10
a 511 201 7
a 511 257 8
a 511 697 6
a 512 120 7
a 512 507 4
a 512 542 4
a 512 565 6
a 513 66 8
a 513 154 6
a 513 352 7
a 514 470 1
a 514 586 5
a 515 311 10
a 516 119 3
a 516 439 4
a 516 449 2
a 517 104 1
a 517 260 8
a 518 399 8
a 518 534 10
a 519 107 1
a 519 567 8
a 520 482 10
a 521 182 5
a 521 334 7
a 521 482 10
a 521 492 8
a 522 101 1
a 522 304 3
a 522 431 8
a 522 691 10
a 523 74 9
a 523 367 1
a 523 647 6
a 524 220 1
a 524 546 7
a 525 117 9
a 525 367 3
a 525 521 10
a 525 528 9
a 526 345 9
a 526 353 9
a 526 589 8
a 527 90 6
a 528 176 10
a 529 124 1
a 529 293 1
a 529 458 1
a 530 140 4
a 530 225 5
a 531 9 5
a 531 65 3
a 531 496 7
a 531 518 4
a 532 197 3
a 533 276 9
a 534 350 3
a 535 235 3
a 535 382 7
a 535 472 2
a 536 15 6
a 537 338 3
a 538 155 4
a 539 337 8
a 539 700 9
a 540 50 5
a 540 447 3
a 541 165 8
a 541 216 8
a 541 274 6
a 542 192 4
a 542 523 6
a 543 93 9
a 543 685 7
a 544 88 2
a 544 168 6
a 544 634 6
a 545 544 6
a 546 36 1
a 546 174 6
a 547 490 4
a 547 599 4
a 548 186 10
a 548 249 8
a 548 666 3
a 549 348 1
a 549 441 9
a 550 494 7
a 551 396 1
a 551 606 10
a 552 367 2
a 553 218 1
a 553 609 4
a 554 200 10
a 554 234 2
a 554 337 10
a 555 249 9
a 556 221 1
a 556 243 6
a 556 349 10
a 557 7 8
a 558 23 3
a 558 216 6
a 559 297 9
a 559 486 8
a 559 670 5
a 560 63 8
a 560 93 6
a 561 11 9
a 561 241 1
a 561 443 10
a 562 268 8
a 562 322 10
a 563 411 10
a 563 609 1
a 564 480 2
a 565 194 10
a 565 246 6
a 565 344 3
a 566 60 7
a 566 318 1
a 566 523 6
a 567 6 5
a 568 106 4
a 568 410 3
a 568 613 3
a 569 173 7
a 569 468 8
a 570 161 3
a 570 479 9
a 571 404 4
a 571 676 2
a 572 154 10
a 573 68 2
a 574 47 1
a 574 262 9
a 575 226 8
a 576 388 10
a 576 648 3
a 577 67 8
a 577 71 1
a 577 276 1
a 577 527 2
a 577 600 4
a 578 16 7
a 578 157 1
a 579 250 3
a 579 433 6
a 580 374 10
a 581 432 2
a 582 440 4
a 583 91 9
a 584 655 6
a 585 459 4
a 585 499 1
a 585 543 2
a 585 620 9
a 586 258 3
a 586 698 1
a 587 31 4
a 588 118 9
a 588 454 10
a 588 669 3
a 589 283 9
a 589 496 6
a 590 602 5
a 591 516 3
a 591 618 6
a 592 108 1
a 592 125 4
a 592 392 6
a 592 568 6
a 592 671 1
a 593 294 9
a 594 46 2
a 594 311 8
a 594 585 4
a 595 103 10
a 595 126 2
a 595 167 7
a 596 4 9
a 596 104 7
a 596 265 6
a 596 473 1
a 597 533 3
a 598 298 8
a 598 446 9
a 599 372 7
a 599 586 8
a 599 632 7
a 600 139 2
a 601 333 3
a 601 649 9
a 602 365 8
a 602 655 1
a 603 343 9
a 604 36 7
a 604 316 3
a 604 433 1
a 605 158 5
a 605 508 10
a 606 45 8
a 607 39 1
a 607 675 2
a 608 21 4
a 608 426 5
a 609 44 10
a 610 160 4
a 610 199 1
a 611 136 7
a 611 612 7
a 612 20 5
a 612 96 5
a 612 134 4
a 612 397 4
a 613 545 1
a 613 678 3
a 614 63 6
a 614 116 1
a 615 320 5
a 615 411 9
a 616 548 7
a 617 216 5
a 617 239 5
a 617 369 5
a 617 434 9
a 617 618 9
a 618 266 3
a 618 452 7
a 619 599 10
a 620 677 1
a 620 690 4
a 621 175 5
a 621 434 7
a 621 684 6
a 622 216 6
a 622 569 1
a 623 675 1
a 624 504 2
a 624 620 4
a 625 58 7
a 626 612 5
a 627 103 1
a 628 199 6
a 628 326 1
a 629 144 4
a 629 232 4
a 629 444 4
a 630 365 6
a 631 255 7
a 631 476 8
a 632 98 1
a 632 361 6
a 632 579 6
a 633 148 5
a 633 197 1
a 633 349 4
a 633 350 1
a 634 524 7
a 635 408 9
a 635 455 1
a 636 145 1
a 637 210 7
a 638 8 5
a 638 339 6
a 638 524 7
a 639 240 7
a 639 528 7
a 640 252 10
a 640 332 9
a 640 406 7
a 641 273 10
a 641 395 10
a 642 317 10
a 642 379 7
a 643 112 5
a 643 699 3
a 644 362 3
a 645 89 9
a 646 673 5
a 647 198 10
a 647 288 5
a 647 696 4
a 648 26 10
a 648 341 5
a 648 362 9
a 649 109 2
a 649 291 9
a 649 375 3
a 649 498 10
a 649 692 1
a 650 190 10
a 651 207 1
a 651 660 3
a 651 663 3
a 652 377 1
a 653 132 1
a 653 311 9
a 653 471 7
a 653 548 8
a 654 136 5
a 654 573 5
a 654 587 5
a 655 413 8
a 656 25 5
a 656 156 7
a 656 191 6
a 656 290 6
a 656 601 8
a 657 25 6
a 658 12 5
a 658 285 1
a 659 165 3
a 660 44 10
a 660 465 7
a 661 374 6
a 661 460 2
a 662 358 9
a 663 3 9
a 663 66 8
a 664 438 9
a 665 434 6
a 666 690 1
a 667 205 2
a 667 260 5
a 668 443 5
a 669 257 5
a 670 17 1
a 670 21 7
a 670 346 2
a 671 69 1
a 671 700 8
a 672 453 4
a 672 475 2
a 673 412 6
a 673 417 3
a 673 509 2
a 674 75 2
a 674 215 5
a 674 302 9
a 674 681 4
a 675 276 6
a 676 200 1
a 676 490 4
a 677 132 3
a 678 267 8
a 679 404 8
a 680 656 8
a 681 152 4
a 682 73 7
a 682 142 4
a 682 506 5
a 682 612 1
a 683 432 5
a 683 545 2
a 684 226 6
a 684 427 4
a 685 317 10
a 685 675 6
a 686 68 9
a 687 497 10
a 687 547 4
a 687 645 7
a 688 453 5
a 688 592 7
a 688 626 6
a 689 608 2
a 690 169 9
a 690 213 1
a 691 151 10
a 691 220 9
a 692 351 1
a 692 607 2
a 693 588 2
a 693 596 7
a 694 635 1
a 695 28 4
a 695 46 9
a 696 228 9
a 696 632 7
a 697 153 2
a 697 171 4
a 697 256 9
a 697 340 8
a 697 497 7
a 698 661 8
a 699 107 7
