p max 700 1400
n 1 s
n 700 t
a 1 41 7
a 1 375 6
a 2 653 3
a 3 424 8
a 3 522 5
a 3 600 1
a 4 375 1
a 5 9 10
a 5 587 8
a 6 329 10
a 7 605 10
a 8 95 7
a 8 262 1
a 8 643 1
a 9 338 3
a 10 291 9
a 10 361 4
a 11 153 5
a 11 608 5
a 11 692 4
a 12 109 10
a 12 301 4
a 12 599 4
a 13 626 3
a 13 681 6
a 14 57 1
a 14 303 4
a 14 324 4
a 14 411 9
a 15 130 2
a 15 255 6
a 16 118 9
a 17 300 5
a 17 520 7
a 18 534 7
a 19 465 2
a 20 231 6
a 21 69 6
a 21 590 1
a 22 110 10
a 23 272 4
a 23 310 6
a 24 271 2
a 24 434 4
a 25 38 8
a 26 39 7
a 27 278 9
a 27 292 5
a 27 463 1
a 28 410 1
a 29 93 6
a 30 236 6
a 31 698 5
a 32 492 3
a 32 632 6
a 33 417 6
a 34 371 4
a 35 112 8
a 35 433 3
a 36 250 4
a 36 388 2
a 36 555 7
a 37 678 9
a 38 33 2
a 39 199 6
a 39 581 6
a 40 667 6
a 41 465 8
a 41 550 4
a 42 16 7
a 42 389 6
a 42 518 1
a 43 353 5
a 43 407 9
a 43 603 2
a 44 100 2
a 44 336 10
a 45 126 2
a 45 631 7
a 46 354 1
a 46 606 5
a 47 552 7
a 47 565 8
a 48 422 4
a 49 151 10
a 49 279 9
a 49 665 5
a 50 116 10
a 50 217 9
a 51 583 3
a 52 53 1
a 52 109 4
a 53 264 8
a 54 162 5
a 54 282 10
a 54 364 3
a 54 512 6
a 55 147 7
a 55 281 5
a 56 219 8
a 56 511 7
a 56 570 7
a 57 450 9
a 58 464 1
a 58 639 3
a 59 270 3
a 59 308 1
a 60 87 10
a 60 349 3
a 60 546 2
a 61 69 6
a 61 133 1
a 62 335 5
a 63 40 3
a 63 164 3
a 63 465 7
a 64 299 7
a 64 375 3
a 65 152 7
a 66 201 2
a 66 505 5
a 66 556 1
a 67 76 4
a 67 154 2
a 68 491 5
a 69 148 4
a 69 280 3
a 69 432 8
a 70 120 8
a 70 181 8
a 70 405 7
a 71 517 9
a 71 645 7
a 72 264 10
a 72 408 5
a 73 5 4
a 73 598 10
a 74 200 6
a 74 205 1
a 74 301 1
a 75 589 4
a 76 269 8
a 76 661 4
a 77 67 2
a 77 124 6
a 77 682 1
a 78 59 5
a 78 502 3
a 79 258 10
a 79 434 7
a 79 534 7
a 79 649 4
a 80 45 9
a 80 59 1
a 81 126 6
a 81 471 3
a 82 270 8
a 83 243 10
a 83 523 5
a 84 272 6
a 85 72 5
a 85 260 3
a 85 650 1
a 86 191 7
a 86 429 8
a 87 571 10
a 88 118 9
a 88 273 3
a 88 487 3
a 89 676 1
a 90 448 4
a 91 204 5
a 91 354 4
a 91 601 6
a 92 263 9
a 92 605 4
a 93 504 4
a 94 223 1
a 94 591 6
a 94 688 4
a 95 298 5
a 95 630 1
a 96 442 4
a 96 463 10
a 96 549 1
a 97 437 2
a 98 429 3
a 98 669 3
a 99 112 2
a 99 349 9
a 99 673 2
a 100 155 10
a 100 482 5
a 101 211 5
a 101 361 10
a 102 28 2
a 102 633 4
a 103 84 2
a 103 502 7
a 103 534 3
a 104 188 3
a 104 359 2
a 105 557 6
a 106 226 8
a 106 637 6
a 106 676 2
a 107 18 8
a 108 163 7
a 108 640 10
a 109 100 6
a 109 285 4
a 110 14 4
a 111 61 4
a 111 115 8
a 112 55 7
a 113 580 7
a 114 78 7
a 114 537 3
a 115 266 2
a 115 345 6
a 115 597 3
a 116 99 1
a 116 292 4
a 116 504 2
a 117 251 2
a 118 129 1
a 118 574 10
a 118 667 1
a 119 440 1
a 120 56 6
a 121 215 9
a 121 268 8
a 121 619 3
a 122 170 10
a 122 457 10
a 123 67 10
a 123 495 4
a 123 609 7
a 124 652 9
a 125 240 7
a 125 329 5
a 125 656 10
a 126 13 4
a 126 58 10
a 126 311 1
a 127 98 2
a 127 438 5
a 127 579 4
a 127 646 3
a 127 678 6
a 128 108 2
a 128 256 2
a 129 596 3
a 129 641 10
a 130 368 2
a 131 72 9
a 131 562 10
a 132 366 3
a 132 508 7
a 133 534 5
a 133 547 3
a 134 253 9
a 135 653 4
a 136 17 2
a 136 19 5
a 136 197 5
a 136 295 3
a 137 326 6
a 137 472 10
a 138 329 9
a 139 79 2
a 139 458 9
a 139 572 7
a 140 415 9
a 140 417 4
a 141 509 3
a 142 498 5
a 143 61 8
a 144 208 1
a 145 560 7
a 145 578 7
a 146 57 5
a 147 349 10
a 148 78 2
a 148 274 5
a 148 286 1
a 149 132 4
a 149 343 7
a 149 466 10
a 149 473 7
a 149 625 4
a 149 654 2
a 150 102 9
a 151 409 1
a 152 582 9
a 152 659 7
a 153 659 10
a 154 343 4
a 154 500 9
a 155 166 4
a 155 607 5
a 156 37 7
a 157 63 7
a 157 233 4
a 157 438 7
a 158 104 10
a 158 266 9
a 159 110 4
a 159 137 4
a 159 672 10
a 160 332 8
a 160 380 1
a 161 20 1
a 161 265 9
a 161 396 1
a 161 634 4
a 162 9 3
a 162 31 8
a 162 432 8
a 163 155 7
a 163 317 6
a 164 171 6
a 164 436 5
a 164 513 6
a 165 73 5
a 165 182 1
a 165 368 1
a 165 504 4
a 166 269 5
a 166 412 10
a 167 8 7
a 167 573 5
a 167 670 7
a 168 206 5
a 168 213 7
a 168 225 4
a 169 209 1
a 170 91 3
a 170 208 7
a 170 335 2
a 170 409 5
a 171 195 10
a 171 344 9
a 171 542 1
a 172 110 4
a 173 4 8
a 173 425 4
a 174 550 9
a 175 417 6
a 175 484 1
a 176 545 4
a 176 559 8
a 176 604 2
a 177 51 2
a 177 535 9
a 178 194 10
a 178 288 8
a 178 485 10
a 178 692 3
a 179 62 7
a 179 283 9
a 180 29 5
a 180 293 4
a 180 503 3
a 181 240 10
a 181 334 3
a 182 96 2
a 182 150 5
a 182 452 8
a 183 78 6
a 184 483 10
a 185 238 8
a 186 398 1
a 187 153 10
a 187 582 5
a 188 11 1
a 188 359 10
a 188 469 4
a 188 517 10
a 189 88 2
a 189 129 7
a 190 469 9
a 190 548 2
a 191 232 3
a 191 580 8
a 192 7 5
a 192 339 6
a 192 427 6
a 192 628 6
a 193 165 2
a 193 279 3
a 193 413 3
a 193 538 2
a 194 300 9
a 194 700 1
a 195 498 1
a 195 563 6
a 196 381 7
a 197 218 10
a 197 460 2
a 197 613 1
a 198 548 3
a 199 537 8
a 199 593 7
a 200 157 1
a 200 343 8
a 201 160 4
a 201 418 1
a 201 449 6
a 201 486 9
a 202 364 9
a 203 185 1
a 203 683 8
a 204 246 7
a 204 419 9
a 205 274 1
a 206 44 5
a 207 693 4
a 207 698 6
a 208 351 6
a 208 456 10
a 209 73 7
a 209 629 8
a 210 291 7
a 210 580 10
a 211 89 9
a 211 149 9
a 212 153 3
a 212 374 3
a 213 146 10
a 214 299 7
a 215 302 5
a 215 447 5
a 216 113 5
a 216 588 4
a 217 320 7
a 218 27 2
a 218 103 10
a 218 489 8
a 218 571 3
a 218 668 9
a 219 173 1
a 220 75 3
a 220 410 9
a 220 494 7
a 221 372 2
a 221 406 4
a 221 454 6
a 221 597 8
a 222 81 7
a 222 345 7
a 222 414 6
a 223 347 3
a 223 698 2
a 224 446 1
a 225 456 3
a 226 90 5
a 226 126 2
a 227 384 7
a 227 639 4
a 227 680 7
a 228 547 3
a 228 652 9
a 229 17 3
a 229 450 3
a 229 700 1
a 230 224 2
a 230 449 1
a 231 223 4
a 231 249 7
a 232 13 10
a 232 320 6
a 232 331 3
a 233 400 5
a 233 633 7
a 234 238 4
a 234 668 4
a 235 24 1
a 235 304 6
a 235 319 7
a 236 178 3
a 236 233 1
a 237 49 1
a 237 73 8
a 237 353 10
a 238 40 4
a 239 223 6
a 240 200 1
a 240 287 9
a 241 22 4
a 241 212 4
a 242 24 5
a 242 82 8
a 243 198 1
a 244 57 4
a 244 373 2
a 244 431 10
a 244 664 7
a 245 480 3
a 246 70 5
a 246 193 8
a 246 231 1
a 246 301 6
a 247 288 6
a 247 315 2
a 247 447 8
a 247 663 3
a 248 319 2
a 248 612 9
a 249 532 6
a 250 521 4
a 251 128 3
a 251 360 8
a 252 382 4
a 252 452 2
a 253 55 5
a 253 613 2
a 254 34 9
a 255 181 3
a 255 183 6
a 255 501 5
a 255 516 10
a 256 398 1
a 257 210 10
a 257 668 6
a 258 252 10
a 258 517 1
a 259 447 6
a 259 586 7
a 260 394 5
a 260 422 8
a 260 456 9
a 261 62 9
a 261 403 7
a 262 250 10
a 262 489 2
a 262 570 9
a 263 143 4
a 263 533 1
a 263 616 5
a 263 638 7
a 264 450 6
a 265 397 9
a 266 415 8
a 266 531 5
a 267 579 10
a 268 227 2
a 268 625 1
a 269 323 10
a 269 494 10
a 270 391 2
a 271 228 7
a 271 699 7
a 272 105 1
a 272 595 8
a 272 616 2
a 273 440 6
a 273 486 3
a 273 662 1
a 274 40 9
a 275 326 4
a 275 370 4
a 275 567 5
a 276 337 5
a 276 383 2
a 277 574 2
a 277 636 9
a 278 184 4
a 278 205 4
a 278 395 9
a 278 592 6
a 279 390 5
a 280 425 4
a 280 580 2
a 280 643 6
a 281 94 1
a 281 340 6
a 282 230 4
a 283 692 9
a 284 36 6
a 284 173 1
a 285 474 7
a 286 74 6
a 286 212 8
a 287 21 5
a 287 125 8
a 288 455 10
a 288 523 10
a 288 603 5
a 289 587 4
a 289 655 6
a 290 142 8
a 290 337 10
a 291 188 8
a 292 290 8
a 292 461 6
a 292 500 2
a 293 231 5
a 294 79 10
a 294 312 9
a 294 413 6
a 294 596 10
a 295 44 2
a 295 431 6
a 296 345 3
a 296 398 8
a 296 492 3
a 297 122 7
a 297 696 1
a 298 470 5
a 299 219 5
a 300 83 9
a 300 507 4
a 301 9 1
a 302 118 2
a 302 530 8
a 302 567 2
a 303 105 9
a 303 429 6
a 304 104 5
a 304 251 9
a 305 19 9
a 306 303 10
a 307 694 10
a 308 201 7
a 308 277 1
a 309 570 3
a 309 648 10
a 310 43 6
a 310 544 3
a 311 231 2
a 311 672 4
a 312 60 2
a 312 305 2
a 312 540 3
a 312 554 3
a 313 140 1
a 313 318 8
a 314 513 1
a 315 259 5
a 315 579 4
a 316 97 5
a 316 246 1
a 317 335 6
a 318 430 8
a 318 655 3
a 319 51 4
a 319 443 6
a 320 58 7
a 320 428 8
a 320 678 6
a 321 128 5
a 321 191 5
a 322 642 8
a 323 66 6
a 323 699 2
a 324 170 1
a 325 504 10
a 326 10 8
a 326 174 5
a 326 462 2
a 326 482 9
a 326 607 7
a 327 56 9
a 327 304 6
a 328 2 8
a 328 35 8
a 328 647 8
a 329 403 1
a 330 569 6
a 330 644 1
a 331 63 2
a 332 244 4
a 332 412 7
a 333 154 6
a 333 496 10
a 333 527 4
a 333 575 5
a 334 341 4
a 334 636 2
a 335 27 1
a 336 39 3
a 337 34 1
a 337 171 6
a 337 439 5
a 338 114 8
a 338 180 5
a 338 211 6
a 339 274 7
a 340 43 7
a 340 135 3
a 340 199 8
a 341 296 9
a 341 580 8
a 342 214 9
a 342 340 9
a 343 511 1
a 344 9 10
a 344 158 7
a 345 229 1
a 345 472 3
a 346 481 7
a 347 402 9
a 347 473 9
a 347 525 5
a 347 615 6
a 348 296 2
a 349 515 7
a 349 596 3
a 350 45 2
a 350 117 3
a 350 656 1
a 351 32 9
a 351 426 2
a 351 453 1
a 351 620 2
a 352 488 2
a 352 690 7
a 353 652 5
a 354 601 9
a 355 174 5
a 355 298 2
a 356 222 10
a 357 93 7
a 357 159 5
a 357 670 3
a 358 178 4
a 359 574 8
a 359 655 2
a 360 636 7
a 361 685 6
a 362 506 9
a 363 238 5
a 364 382 4
a 365 93 2
a 365 152 2
a 365 404 9
a 366 139 2
a 366 375 1
a 366 471 2
a 366 614 2
a 367 172 5
a 367 422 10
a 368 439 10
a 369 509 7
a 370 491 7
a 370 638 3
a 371 43 5
a 371 125 2
a 371 202 9
a 371 435 7
a 372 479 3
a 373 519 8
a 373 529 3
a 373 641 8
a 374 217 3
a 374 463 5
a 375 89 3
a 375 447 1
a 376 231 2
a 376 249 6
a 377 261 4
a 377 546 3
a 378 89 5
a 379 89 2
a 380 251 5
a 380 399 10
a 381 423 10
a 381 629 6
a 382 526 1
a 383 513 3
a 383 686 5
a 384 218 1
a 384 272 9
a 384 660 10
a 385 438 3
a 386 457 3
a 387 85 8
a 387 486 5
a 387 568 8
a 387 584 7
a 388 300 9
a 388 348 9
a 389 474 5
a 389 612 5
a 390 625 6
a 391 421 6
a 391 544 2
a 392 502 1
a 393 46 8
a 393 479 3
a 393 577 6
a 393 626 4
a 394 518 3
a 395 582 2
a 396 65 7
a 396 600 6
a 396 666 5
a 397 178 5
a 397 236 9
a 398 83 2
a 398 275 7
a 398 416 1
a 399 267 6
a 400 52 1
a 400 177 6
a 400 379 8
a 401 328 7
a 402 561 4
a 403 276 2
a 403 517 10
a 404 191 8
a 405 355 1
a 405 626 3
a 406 33 1
a 406 430 7
a 407 201 8
a 407 585 1
a 408 327 10
a 408 420 10
a 408 502 8
a 409 30 5
a 409 441 6
a 409 553 7
a 409 674 7
a 410 138 4
a 410 192 2
a 410 387 1
a 411 107 4
a 411 328 1
a 412 121 5
a 413 164 3
a 413 292 2
a 413 376 2
a 413 446 8
a 413 477 2
a 414 106 2
a 414 671 5
a 415 162 9
a 416 329 3
a 417 262 2
a 417 638 2
a 418 68 2
a 418 651 4
a 419 26 4
a 419 225 4
a 420 475 9
a 420 487 8
a 421 86 6
a 421 207 10
a 421 524 4
a 422 8 6
a 422 101 3
a 422 103 6
a 422 223 6
a 423 54 10
a 423 195 6
a 423 369 2
a 424 175 7
a 424 185 5
a 425 189 7
a 425 397 1
a 425 492 7
a 426 619 8
a 427 222 4
a 427 505 8
a 428 171 4
a 428 221 9
a 428 602 5
a 429 157 2
a 429 344 4
a 429 584 8
a 429 610 1
a 430 666 3
a 431 113 9
a 431 209 7
a 431 214 10
a 432 367 1
a 432 521 10
a 433 192 5
a 433 567 4
a 434 170 9
a 434 367 2
a 434 415 4
a 434 535 2
a 435 330 1
a 435 342 10
a 435 490 7
a 436 321 5
a 436 657 3
a 437 679 6
a 438 561 10
a 438 611 5
a 438 698 3
a 439 547 7
a 440 672 3
a 440 683 1
a 441 448 6
a 441 497 4
a 441 588 5
a 441 617 10
a 442 500 7
a 443 401 7
a 443 658 8
a 444 241 5
a 444 539 5
a 444 680 6
a 445 659 8
a 446 92 4
a 446 439 1
a 447 280 5
a 447 352 7
a 448 383 5
a 449 14 5
a 449 326 3
a 450 520 2
a 451 294 2
a 451 333 6
a 451 393 1
a 452 338 1
a 452 533 2
a 453 110 5
a 454 42 5
a 454 523 8
a 455 316 4
a 455 352 8
a 455 408 2
a 456 413 9
a 456 675 8
a 457 251 8
a 458 61 4
a 458 316 7
a 458 386 10
a 459 101 10
a 460 93 1
a 460 356 10
a 461 250 3
a 462 115 10
a 462 631 8
a 463 682 5
a 464 30 6
a 464 348 9
a 465 16 5
a 465 67 3
a 466 14 6
a 467 145 5
a 467 294 7
a 467 614 8
a 468 239 1
a 468 365 9
a 468 371 10
a 468 572 7
a 469 518 7
a 469 583 6
a 470 323 5
a 470 328 3
a 471 5 3
a 472 26 2
a 473 98 8
a 474 454 7
a 474 553 9
a 474 687 10
a 475 621 2
a 475 669 9
a 476 208 6
a 477 82 7
a 477 297 9
a 477 392 10
a 477 590 8
a 477 623 4
a 478 590 2
a 479 212 6
a 479 691 8
a 479 698 8
a 480 91 8
a 481 284 2
a 481 362 8
a 482 509 1
a 483 522 1
a 483 627 9
a 484 391 8
a 484 697 6
a 485 220 3
a 485 631 8
a 486 284 7
a 486 646 6
a 487 39 5
a 487 313 7
a 488 38 2
a 488 468 3
a 488 594 10
a 489 134 10
a 489 273 1
a 489 410 8
a 490 585 3
a 491 444 3
a 491 496 1
a 491 565 4
a 492 176 9
a 492 428 2
a 493 99 5
a 493 163 9
a 493 207 1
a 493 694 10
a 494 294 2
a 495 643 7
a 496 144 2
a 496 203 1
a 496 479 10
a 497 339 8
a 498 65 9
a 498 267 3
a 499 64 10
a 499 349 10
a 499 635 6
a 500 306 1
a 500 578 9
a 501 533 1
a 502 548 2
a 503 183 7
a 503 675 8
a 504 79 5
a 504 242 9
a 505 444 8
a 505 476 4
a 506 3 1
a 506 37 4
a 507 358 7
a 507 543 8
a 507 668 10
a 508 467 1
a 508 628 1
a 509 378 4
a 509 401 6
a 510 651 3
a 511 447 9
a 511 450 4
a 512 476 3
a 513 62 10
a 514 36 7
a 514 480 5
a 515 382 3
a 516 309 8
a 516 380 4
a 516 446 3
a 517 385 8
a 518 322 8
a 518 528 8
a 519 404 5
a 519 589 6
a 520 123 4
a 521 246 10
a 521 483 4
a 522 49 4
a 522 392 3
a 522 551 2
a 523 435 7
a 524 226 9
a 524 699 6
a 525 351 6
a 525 605 1
a 525 644 8
a 526 177 10
a 526 498 9
a 527 29 2
a 527 677 2
a 528 281 10
a 528 313 10
a 529 261 6
a 530 69 10
a 530 357 1
a 531 501 5
a 532 253 9
a 532 462 1
a 532 639 3
a 532 654 5
a 533 53 8
a 533 186 10
a 534 326 3
a 535 317 2
a 536 97 10
a 536 304 6
a 536 331 2
a 537 292 6
a 538 655 7
a 539 172 5
a 539 536 2
a 540 235 3
a 540 461 5
a 541 681 5
a 542 578 6
a 543 634 5
a 543 684 8
a 544 130 4
a 544 190 4
a 544 596 4
a 544 659 10
a 545 216 6
a 545 336 1
a 546 50 9
a 546 270 1
a 547 231 2
a 548 16 8
a 548 216 9
a 548 464 10
a 549 6 2
a 550 95 9
a 551 145 8
a 551 564 9
a 552 68 7
a 552 86 8
a 552 247 10
a 553 127 1
a 553 146 2
a 553 402 2
a 554 72 7
a 554 173 10
a 554 345 5
a 555 153 8
a 555 322 9
a 555 385 7
a 555 499 4
a 556 3 9
a 556 500 10
a 557 594 7
a 558 16 3
a 558 266 2
a 559 222 6
a 559 420 5
a 560 301 4
a 560 671 6
a 561 196 1
a 561 418 1
a 561 470 8
a 562 626 10
a 563 443 5
a 563 451 4
a 563 530 5
a 564 12 1
a 564 573 3
a 565 6 9
a 565 624 1
a 565 689 5
a 566 484 1
a 566 490 5
a 567 187 5
a 567 237 9
a 568 38 7
a 568 150 2
a 569 250 2
a 569 444 7
a 570 436 5
a 570 558 9
a 570 649 9
a 571 167 7
a 572 128 6
a 573 552 5
a 574 158 7
a 574 383 4
a 575 113 5
a 575 437 8
a 576 140 5
a 576 229 6
a 577 509 8
a 578 172 2
a 578 255 1
a 579 598 8
a 579 634 2
a 580 677 2
a 581 80 5
a 581 161 8
a 581 203 3
a 582 131 1
a 582 305 3
a 582 418 3
a 583 42 7
a 583 275 9
a 583 611 7
a 583 658 7
a 584 48 3
a 584 307 3
a 584 395 1
a 584 652 7
a 584 696 4
a 585 329 9
a 586 25 5
a 586 618 5
a 587 356 6
a 587 532 10
a 588 77 9
a 589 621 4
a 590 116 3
a 590 684 6
a 591 125 2
a 591 257 4
a 591 263 6
a 591 379 10
a 592 54 5
a 592 557 2
a 592 647 5
a 593 167 3
a 593 179 1
a 593 248 5
a 593 479 2
a 594 256 6
a 595 335 3
a 595 402 1
a 595 459 10
a 596 71 6
a 596 189 2
a 597 47 8
a 597 97 8
a 598 409 10
a 599 73 10
a 599 390 10
a 599 514 8
a 600 353 2
a 601 645 2
a 602 32 10
a 602 128 4
a 602 286 7
a 602 622 1
a 602 624 6
a 603 245 7
a 603 313 1
a 603 380 9
a 604 48 2
a 605 477 4
a 605 577 5
a 606 178 6
a 606 373 10
a 607 5 7
a 607 350 8
a 608 509 2
a 608 698 2
a 609 128 2
a 609 576 4
a 610 369 10
a 611 182 1
a 611 628 3
a 612 321 4
a 613 136 10
a 613 363 10
a 613 406 7
a 613 661 1
a 614 254 8
a 615 682 2
a 616 168 5
a 616 558 10
a 617 582 10
a 617 601 7
a 618 248 10
a 619 692 8
a 620 143 8
a 620 325 4
a 620 493 9
a 620 648 9
a 621 38 2
a 622 508 4
a 622 608 3
a 623 575 7
a 623 653 4
a 624 113 6
a 624 127 5
a 624 169 6
a 625 381 10
a 625 530 5
a 626 377 2
a 626 561 10
a 627 306 5
a 627 313 6
a 628 635 10
a 629 478 3
a 629 516 8
a 630 62 7
a 630 293 7
a 630 515 9
a 631 254 4
a 631 328 4
a 631 346 1
a 631 618 5
a 632 138 6
a 633 15 2
a 633 387 4
a 634 519 1
a 635 239 1
a 636 94 5
a 636 261 6
a 637 145 7
a 638 621 1
a 639 105 3
a 640 66 4
a 640 403 9
a 641 234 5
a 641 363 10
a 641 510 9
a 641 685 1
a 641 695 8
a 642 698 6
a 643 230 9
a 644 329 3
a 644 541 6
a 645 67 5
a 645 321 1
a 645 445 6
a 646 174 3
a 646 512 9
a 647 22 1
a 647 77 7
a 648 272 8
a 649 700 4
a 650 121 4
a 650 473 5
a 651 670 2
a 651 690 2
a 652 73 8
a 653 233 4
a 654 230 8
a 654 538 8
a 655 474 9
a 655 604 6
a 656 531 6
a 657 149 9
a 658 231 6
a 659 23 10
a 659 134 5
a 659 222 7
a 660 159 8
a 660 600 8
a 661 123 1
a 661 237 1
a 661 609 5
a 662 633 7
a 662 639 9
a 663 538 10
a 664 274 2
a 664 308 2
a 665 141 4
a 665 201 2
a 666 46 9
a 667 391 1
a 668 526 7
a 668 648 4
a 669 256 5
a 669 571 3
a 670 126 10
a 671 40 7
a 671 119 3
a 671 213 10
a 672 102 6
a 672 415 3
a 673 483 8
a 674 695 2
a 675 111 8
a 675 527 9
a 676 21 7
a 676 298 4
a 676 566 6
a 677 63 10
a 678 430 5
a 679 18 9
a 679 185 3
a 679 697 7
a 680 684 5
a 681 642 2
a 681 695 7
a 682 343 6
a 683 150 2
a 683 198 4
a 683 547 10
a 684 579 2
a 684 664 2
a 685 650 10
a 685 679 8
a 686 515 1
a 687 356 3
a 687 365 3
a 687 369 4
a 688 472 2
a 688 619 10
a 689 341 7
a 689 481 3
a 689 617 7
a 690 144 1
a 691 506 8
a 691 657 3
a 692 263 5
a 692 314 6
a 692 460 7
a 693 507 8
a 694 276 2
a 694 522 7
a 695 336 5
a 695 565 2
a 696 57 7
a 696 289 8
a 697 196 8
a 698 668 5
a 699 145 1
a 699 156 3
