p max 700 1400
n 1 s
n 700 t
a 1 626 5
a 2 364 3
a 2 615 8
a 3 19 8
a 3 650 10
a 4 291 3
a 5 99 8
a 5 213 9
a 5 259 10
a 5 321 7
a 6 132 1
a 6 210 8
a 6 649 8
a 6 687 8
a 7 466 7
a 7 507 7
a 8 6 10
a 8 304 8
a 8 660 10
a 9 412 6
a 9 662 10
a 10 281 1
a 11 175 5
a 12 172 6
a 12 403 6
a 12 632 8
a 13 324 7
a 13 630 6
a 14 63 8
a 14 678 8
a 15 61 5
a 15 309 2
a 16 546 1
a 16 566 10
a 17 318 3
a 17 338 3
a 17 387 2
a 18 63 1
a 19 189 8
a 19 665 7
a 20 134 9
a 20 235 2
a 20 647 2
a 21 113 5
a 22 366 8
a 22 435 9
a 23 439 2
a 23 473 1
a 24 180 8
a 24 252 3
a 24 433 5
a 25 40 10
a 25 73 1
a 25 212 9
a 25 351 9
a 26 227 6
a 26 374 4
a 27 21 7
a 27 638 8
a 28 70 5
a 28 77 2
a 29 413 2
a 29 570 2
a 29 597 4
a 30 497 9
a 30 599 6
a 31 330 1
a 31 579 8
a 32 586 10
a 32 587 7
a 33 658 10
a 34 175 6
a 34 271 5
a 34 284 4
a 34 320 7
a 35 384 5
a 35 576 7
a 35 580 8
a 36 370 8
a 36 608 6
a 37 443 3
a 38 650 9
a 39 131 2
a 39 636 9
a 40 624 9
a 41 38 7
a 41 54 1
a 41 66 9
a 41 232 7
a 41 488 5
a 41 621 6
a 42 283 7
a 42 601 8
a 43 586 3
a 44 204 7
a 44 481 9
a 44 676 7
a 44 695 8
a 45 84 7
a 45 425 5
a 45 454 8
a 45 474 6
a 45 663 7
a 46 120 10
a 47 658 5
a 48 205 5
a 48 274 8
a 49 411 6
a 50 141 5
a 50 534 8
a 50 536 8
a 51 104 6
a 51 515 3
a 51 581 2
a 52 487 9
a 52 604 9
a 53 202 6
a 54 645 8
a 55 532 3
a 56 76 7
a 56 391 10
a 57 297 1
a 58 119 8
a 58 446 3
a 59 51 7
a 59 216 3
a 60 72 10
a 60 104 8
a 60 512 9
a 61 28 5
a 61 560 9
a 61 679 5
a 62 272 10
a 63 170 6
a 63 173 6
a 63 563 8
a 64 234 7
a 64 600 3
a 65 694 5
a 66 155 7
a 66 169 4
a 66 624 7
a 67 78 2
a 67 184 2
a 67 615 3
a 67 628 3
a 68 695 8
a 69 490 6
a 69 606 4
a 70 238 4
a 70 251 6
a 71 216 3
a 71 432 4
a 71 444 8
a 72 25 9
a 73 48 2
a 74 373 10
a 75 168 7
a 75 358 6
a 75 421 6
a 75 536 1
a 75 574 10
a 75 679 2
a 76 102 4
a 76 303 9
a 76 360 10
a 77 67 1
a 77 276 1
a 77 442 4
a 77 630 3
a 78 521 4
a 79 507 10
a 80 55 5
a 80 455 8
a 81 471 7
a 82 65 6
a 82 530 3
a 83 24 2
a 83 652 2
a 84 610 3
a 85 30 9
a 85 95 3
a 86 399 8
a 87 371 5
a 87 611 9
a 88 286 8
a 88 472 8
a 88 588 4
a 89 295 6
a 90 600 1
a 91 30 10
a 92 327 10
a 93 235 9
a 93 419 5
a 93 534 6
a 94 377 1
a 94 683 1
a 95 58 1
a 95 306 7
a 95 594 5
a 96 38 8
a 96 81 5
a 96 599 2
a 97 323 8
a 97 553 6
a 97 606 7
a 98 447 7
a 98 664 2
a 99 20 7
a 99 344 8
a 99 600 9
a 99 646 2
a 100 571 9
a 101 224 3
a 101 236 8
a 101 287 5
a 101 355 8
a 102 607 10
a 103 321 4
a 104 354 6
a 105 451 1
a 106 337 2
a 106 668 2
a 107 58 6
a 107 376 7
a 108 472 8
a 108 561 7
a 108 578 6
a 109 157 8
a 110 663 2
a 111 151 9
a 112 165 5
a 112 567 5
a 112 637 5
a 113 568 9
a 114 596 8
a 114 650 3
a 115 142 8
a 116 125 4
a 116 164 7
a 116 216 6
a 116 405 10
a 117 221 9
a 117 469 9
a 117 509 10
a 117 535 10
a 118 349 3
a 118 514 8
a 119 61 6
a 119 113 4
a 120 156 10
a 120 357 10
a 121 253 5
a 122 293 5
a 123 255 8
a 123 448 7
a 123 466 9
a 124 476 3
a 125 667 10
a 125 699 8
a 126 277 8
a 127 110 10
a 127 386 9
a 127 565 7
a 128 407 5
a 128 465 6
a 129 152 9
a 129 336 5
a 130 66 7
a 131 292 2
a 131 297 3
a 131 542 1
a 132 248 9
a 133 552 3
a 133 572 5
a 134 224 1
a 134 320 2
a 134 500 3
a 135 555 7
a 135 605 10
a 136 43 9
a 136 446 7
a 137 198 10
a 137 426 7
a 138 567 8
a 138 668 10
a 138 690 3
a 139 276 4
a 140 300 6
a 140 530 10
a 140 571 8
a 140 687 10
a 141 92 7
a 141 513 3
a 142 10 4
a 142 207 3
a 142 682 7
a 143 278 6
a 144 195 6
a 144 575 4
a 144 603 1
a 145 223 3
a 146 41 2
a 146 194 7
a 147 331 9
a 148 31 7
a 148 177 7
a 148 390 2
a 148 394 2
a 148 412 3
a 149 49 6
a 150 441 4
a 151 290 6
a 152 285 1
a 153 11 8
a 153 197 8
a 153 311 7
a 154 266 1
a 154 294 9
a 154 420 5
a 155 7 4
a 155 587 9
a 156 42 10
a 156 82 1
a 156 584 4
a 157 145 3
a 157 185 9
a 157 482 2
a 158 365 8
a 159 208 4
a 159 675 1
a 160 322 3
a 160 655 4
a 161 299 4
a 162 282 5
a 162 506 6
a 162 550 7
a 162 616 4
a 163 79 7
a 163 452 10
a 164 134 5
a 165 282 8
a 166 169 9
a 166 509 9
a 166 636 10
a 167 244 9
a 167 536 4
a 168 370 6
a 169 179 3
a 170 5 7
a 170 91 6
a 171 21 6
a 171 81 1
a 172 171 5
a 173 79 2
a 174 219 7
a 174 667 4
a 175 240 8
a 176 97 10
a 176 307 8
a 176 625 1
a 177 75 4
a 178 668 1
a 179 555 8
a 179 569 10
a 180 272 3
a 180 312 10
a 181 383 10
a 182 111 9
a 182 311 2
a 183 101 3
a 183 476 7
a 184 202 9
a 184 225 4
a 184 585 7
a 185 438 10
a 185 451 10
a 186 358 8
a 187 45 8
a 187 101 1
a 188 100 5
a 189 95 4
a 189 326 5
a 189 526 10
a 190 369 5
a 191 31 9
a 191 149 6
a 192 57 7
a 193 401 8
a 194 502 8
a 194 507 4
a 195 298 5
a 196 286 10
a 196 315 8
a 196 373 4
a 196 389 6
a 196 533 5
a 196 639 5
a 197 139 8
a 197 492 5
a 197 613 8
a 198 82 2
a 198 431 5
a 198 583 9
a 198 647 1
a 199 403 2
a 200 214 9
a 201 16 4
a 201 610 7
a 202 2 5
a 202 226 3
a 202 487 4
a 202 620 1
a 203 124 10
a 203 202 5
a 204 657 4
a 205 165 6
a 205 510 3
a 206 361 10
a 206 633 5
a 207 171 10
a 207 222 4
a 208 127 7
a 208 171 7
a 209 4 3
a 209 643 9
a 210 379 4
a 210 392 5
a 211 394 10
a 212 621 2
a 213 147 1
a 213 556 9
a 214 579 4
a 214 648 1
a 215 47 8
a 215 285 3
a 215 479 1
a 216 242 2
a 216 383 4
a 216 551 3
a 216 584 1
a 217 25 8
a 218 410 5
a 219 124 8
a 219 609 5
a 220 160 3
a 220 223 2
a 221 441 6
a 221 553 5
a 222 110 9
a 222 485 2
a 223 412 4
a 224 170 10
a 224 445 5
a 225 336 5
a 226 89 5
a 226 140 8
a 226 237 6
a 226 306 2
a 227 389 9
a 228 186 10
a 228 273 7
a 228 657 5
a 229 227 8
a 229 530 6
a 230 117 3
a 231 22 1
a 231 427 6
a 232 437 3
a 232 548 1
a 233 207 8
a 233 499 9
a 234 114 10
a 234 296 6
a 234 579 5
a 235 245 9
a 236 351 3
a 236 619 4
a 237 328 8
a 237 367 5
a 238 440 2
a 239 543 1
a 240 209 2
a 240 384 10
a 241 354 4
a 241 550 9
a 241 595 8
a 242 121 3
a 242 605 3
a 243 294 3
a 243 579 1
a 244 328 2
a 244 398 10
a 245 307 7
a 245 365 9
a 245 446 9
a 246 83 1
a 246 452 7
a 246 523 5
a 247 379 1
a 248 253 6
a 248 371 2
a 249 106 9
a 249 556 10
a 250 5 7
a 250 97 7
a 250 119 8
a 250 392 2
a 251 568 5
a 251 620 7
a 252 305 4
a 252 416 7
a 253 37 6
a 253 522 3
a 253 658 10
a 254 150 2
a 255 183 2
a 256 117 8
a 256 297 5
a 257 11 3
a 257 24 4
a 257 96 1
a 258 335 8
a 258 459 8
a 259 112 8
a 259 513 4
a 260 17 5
a 260 269 7
a 261 15 7
a 261 291 3
a 262 76 8
a 263 140 9
a 263 669 3
a 264 45 1
a 264 471 5
a 265 62 9
a 265 178 7
a 265 625 5
a 266 247 9
a 267 170 8
a 267 190 3
a 267 588 9
a 268 14 1
a 268 25 5
a 269 205 3
a 270 215 9
a 270 275 1
a 271 329 8
a 271 620 4
a 272 452 3
a 272 621 4
a 272 681 1
a 273 337 9
a 274 422 3
a 275 406 9
a 276 324 5
a 276 531 9
a 277 258 9
a 277 395 6
a 278 186 6
a 278 205 7
a 279 416 9
a 280 309 1
a 280 338 1
a 281 33 7
a 281 222 8
a 282 170 9
a 282 199 4
a 282 416 10
a 282 651 4
a 283 313 1
a 283 479 9
a 283 538 4
a 284 137 2
a 284 449 5
a 284 638 2
a 285 173 4
a 286 304 6
a 287 53 6
a 287 70 1
a 288 511 1
a 288 689 6
a 289 274 8
a 290 158 4
a 290 187 6
a 291 199 4
a 292 86 7
a 292 369 7
a 292 623 1
a 293 682 10
a 294 187 3
a 295 26 5
a 295 386 5
a 296 80 8
a 296 346 5
a 296 684 3
a 297 105 6
a 297 529 6
a 297 552 3
a 298 369 2
a 298 700 6
a 299 67 1
a 299 93 5
a 300 386 2
a 301 333 1
a 301 586 6
a 301 689 5
a 302 24 2
a 302 366 6
a 303 9 6
a 303 159 8
a 303 262 10
a 304 241 1
a 304 309 2
a 305 579 3
a 305 694 10
a 306 48 6
a 306 155 9
a 307 466 2
a 308 225 5
a 308 542 10
a 308 562 5
a 309 171 4
a 309 601 2
a 309 634 8
a 310 597 9
a 311 51 7
a 311 438 5
a 312 437 9
a 313 399 4
a 313 629 1
a 314 504 9
a 315 14 6
a 315 18 6
a 315 332 6
a 316 327 7
a 316 394 9
a 316 691 4
a 317 168 1
a 318 225 9
a 318 301 7
a 318 317 1
a 318 463 10
a 319 254 8
a 320 500 1
a 321 416 3
a 322 238 2
a 323 483 8
a 324 102 2
a 324 457 5
a 325 39 8
a 325 424 3
a 326 192 9
a 326 658 3
a 327 229 6
a 327 418 10
a 327 504 1
a 327 613 7
a 327 688 5
a 328 251 9
a 328 672 5
a 329 139 3
a 329 293 9
a 329 370 10
a 330 59 10
a 330 241 3
a 331 364 1
a 331 511 2
a 332 167 3
a 333 52 5
a 333 624 6
a 334 290 10
a 334 411 9
a 334 514 3
a 335 201 5
a 335 567 5
a 335 645 6
a 336 111 5
a 336 537 6
a 336 692 4
a 337 584 3
a 338 577 2
a 338 666 5
a 339 200 7
a 340 148 3
a 340 353 6
a 341 49 4
a 341 191 6
a 342 291 4
a 343 35 2
a 344 14 7
a 344 343 5
a 344 365 1
a 344 546 10
a 345 635 2
a 345 642 1
a 345 674 1
a 346 116 5
a 347 261 8
a 348 54 3
a 348 610 9
a 349 157 2
a 349 589 1
a 350 146 4
a 350 211 2
a 351 107 9
a 351 108 6
a 351 359 5
a 351 458 8
a 352 389 1
a 353 89 5
a 353 532 7
a 354 231 4
a 354 264 5
a 355 176 2
a 355 683 10
a 356 136 9
a 356 362 5
a 356 367 6
a 356 433 10
a 356 554 5
a 357 58 1
a 358 119 2
a 358 622 6
a 359 158 7
a 359 412 10
a 360 125 8
a 360 549 8
a 361 35 6
a 362 151 5
a 362 598 9
a 363 277 8
a 364 50 1
a 364 685 7
a 365 116 6
a 366 662 2
a 367 242 1
a 367 338 6
a 368 101 3
a 368 671 4
a 369 556 4
a 369 654 3
a 370 128 6
a 371 522 1
a 372 519 6
a 372 530 8
a 373 53 2
a 373 367 7
a 374 122 7
a 374 200 7
a 374 232 4
a 375 430 10
a 376 461 3
a 377 8 6
a 377 657 6
a 378 53 6
a 379 689 7
a 380 456 4
a 380 565 7
a 381 194 2
a 381 302 4
a 382 222 7
a 383 74 5
a 383 173 4
a 384 60 6
a 384 144 2
a 384 147 10
a 385 115 5
a 385 635 10
a 386 265 3
a 386 641 2
a 387 493 4
a 387 524 7
a 388 20 1
a 388 363 9
a 388 633 8
a 389 410 6
a 389 576 1
a 390 248 8
a 390 402 10
a 390 473 9
a 390 533 10
a 391 57 9
a 391 292 8
a 391 462 6
a 392 308 3
a 392 447 5
a 392 483 4
a 392 486 6
a 392 697 9
a 393 440 10
a 393 450 8
a 393 593 5
a 393 646 7
a 394 163 9
a 394 265 8
a 395 11 6
a 395 283 9
a 396 175 2
a 397 504 9
a 398 85 5
a 398 87 5
a 399 381 2
a 399 508 1
a 399 604 2
a 399 678 5
a 400 369 2
a 400 538 2
a 401 284 4
a 402 246 8
a 402 293 7
a 402 543 7
a 403 371 5
a 404 382 4
a 404 581 3
a 405 217 8
a 405 352 1
a 406 467 9
a 406 526 10
a 407 230 9
a 408 437 1
a 408 676 7
a 409 620 1
a 410 525 6
a 411 87 4
a 412 138 10
a 412 687 4
a 413 482 3
a 414 351 10
a 414 499 3
a 415 109 3
a 415 357 7
a 416 199 8
a 417 238 1
a 417 269 1
a 417 389 2
a 418 266 1
a 419 232 8
a 419 598 10
a 420 512 5
a 420 643 6
a 421 77 10
a 421 509 4
a 422 221 10
a 423 504 10
a 423 575 4
a 424 34 8
a 424 551 9
a 424 626 7
a 425 586 5
a 426 377 7
a 427 236 10
a 428 34 1
a 428 99 5
a 428 263 5
a 429 250 1
a 430 693 3
a 431 658 6
a 432 100 10
a 432 563 9
a 433 49 6
a 433 549 1
a 434 245 2
a 434 558 2
a 435 281 4
a 435 343 9
a 436 249 2
a 437 230 3
a 438 341 3
a 439 56 1
a 439 368 2
a 440 174 5
a 440 362 4
a 440 698 5
a 441 335 7
a 442 79 1
a 442 215 2
a 442 272 2
a 442 627 3
a 443 50 7
a 443 693 9
a 444 282 7
a 445 97 4
a 445 257 1
a 445 429 4
a 445 675 7
a 446 507 3
a 447 384 2
a 447 542 5
a 448 162 5
a 448 381 6
a 449 84 5
a 449 239 6
a 449 372 10
a 449 460 8
a 449 530 3
a 450 116 9
a 450 280 10
a 450 541 3
a 451 27 2
a 451 700 7
a 452 233 2
a 452 255 10
a 453 59 5
a 454 239 1
a 454 468 4
a 454 582 1
a 454 695 8
a 455 313 9
a 455 404 10
a 456 654 4
a 457 396 7
a 457 470 9
a 458 288 5
a 458 289 6
a 458 400 10
a 458 552 3
a 459 341 8
a 459 544 10
a 460 13 6
a 460 579 2
a 461 69 8
a 461 429 8
a 462 6 2
a 462 23 7
a 462 455 6
a 463 115 2
a 464 75 4
a 464 245 9
a 464 623 9
a 465 443 8
a 465 508 10
a 465 602 6
a 466 60 7
a 467 609 8
a 468 241 9
a 468 302 5
a 468 658 4
a 469 201 2
a 470 193 3
a 470 694 7
a 471 44 2
a 471 195 4
a 471 516 7
a 472 125 3
a 473 304 5
a 474 29 6
a 474 128 5
a 474 480 2
a 474 550 4
a 475 177 1
a 475 423 2
a 476 272 6
a 477 699 2
a 478 193 7
a 478 241 7
a 479 133 6
a 479 170 8
a 480 129 7
a 480 559 5
a 480 573 3
a 480 684 1
a 481 50 10
a 481 335 4
a 481 591 1
a 482 325 4
a 482 329 8
a 483 193 5
a 483 380 7
a 484 214 8
a 484 599 4
a 485 299 3
a 485 471 4
a 485 607 3
a 485 667 1
a 486 143 5
a 486 228 8
a 486 347 10
a 487 122 9
a 488 197 6
a 489 19 2
a 489 206 7
a 489 501 7
a 490 535 5
a 490 557 9
a 491 156 2
a 491 345 3
a 492 319 8
a 492 333 10
a 493 488 1
a 494 166 8
a 494 334 3
a 494 611 6
a 495 50 2
a 496 33 4
a 497 12 6
a 498 561 10
a 499 118 2
a 499 175 4
a 499 496 6
a 499 614 8
a 500 112 10
a 501 582 9
a 502 268 2
a 502 393 8
a 502 508 3
a 503 262 9
a 503 490 7
a 504 126 4
a 504 294 2
a 504 422 1
a 504 453 9
a 505 308 6
a 505 641 8
a 506 539 7
a 506 646 6
a 506 680 1
a 507 18 6
a 507 401 9
a 508 593 3
a 509 88 5
a 509 609 6
a 509 611 8
a 510 46 3
a 510 335 5
a 511 135 4
a 511 408 4
a 512 166 8
a 513 673 10
a 514 509 6
a 515 64 3
a 515 644 7
a 516 142 3
a 516 590 2
a 517 373 9
a 518 414 5
a 519 176 5
a 519 324 3
a 519 517 7
a 520 179 1
a 521 455 8
a 522 421 4
a 523 196 5
a 523 250 7
a 523 436 4
a 524 248 5
a 524 618 10
a 525 519 6
a 526 86 2
a 526 505 6
a 527 328 10
a 527 457 10
a 528 257 5
a 528 348 7
a 528 385 10
a 528 498 9
a 528 518 10
a 529 411 10
a 530 200 8
a 531 645 9
a 532 14 7
a 532 310 6
a 533 378 2
a 533 619 8
a 534 15 3
a 535 218 1
a 535 676 5
a 536 107 5
a 536 157 4
a 536 581 7
a 537 184 1
a 538 391 9
a 539 518 9
a 540 84 5
a 540 333 5
a 540 477 9
a 540 631 9
a 541 418 3
a 541 552 10
a 542 592 6
a 543 120 7
a 543 278 9
a 543 590 9
a 544 501 6
a 544 629 2
a 545 270 4
a 545 317 1
a 546 247 8
a 546 571 5
a 547 663 6
a 548 91 9
a 549 179 8
a 549 523 10
a 549 667 8
a 550 324 6
a 550 409 9
a 550 464 2
a 551 334 2
a 551 408 9
a 551 653 7
a 552 344 8
a 552 347 3
a 553 260 8
a 553 295 5
a 553 477 5
a 554 652 5
a 555 117 10
a 555 277 6
a 556 482 9
a 556 528 7
a 556 674 4
a 557 249 7
a 557 349 9
a 558 110 7
a 558 528 1
a 558 673 9
a 559 340 7
a 559 692 5
a 560 319 3
a 561 18 5
a 561 228 6
a 562 530 9
a 563 442 4
a 564 480 8
a 564 486 8
a 564 577 1
a 565 71 6
a 565 223 2
a 565 621 8
a 566 51 8
a 567 120 1
a 567 301 10
a 568 188 6
a 568 427 2
a 568 520 8
a 568 695 5
a 569 541 6
a 570 163 2
a 570 630 7
a 571 504 3
a 572 131 10
a 573 147 3
a 573 244 2
a 574 461 1
a 574 695 2
a 575 245 5
a 576 580 4
a 577 116 9
a 577 277 1
a 577 366 3
a 578 361 1
a 579 273 7
a 579 339 9
a 580 467 4
a 581 30 4
a 581 153 10
a 581 391 7
a 581 553 2
a 582 167 6
a 582 397 7
a 583 335 10
a 583 406 8
a 583 661 9
a 584 187 6
a 584 524 10
a 585 267 3
a 585 578 8
a 586 90 10
a 586 94 10
a 586 336 7
a 586 618 5
a 586 621 1
a 586 640 7
a 587 378 8
a 587 388 9
a 588 230 1
a 588 361 8
a 589 179 9
a 589 322 4
a 589 415 9
a 589 424 5
a 590 364 6
a 590 375 2
a 590 691 9
a 591 245 6
a 591 276 9
a 592 288 5
a 593 279 3
a 593 494 8
a 593 640 8
a 594 169 2
a 594 540 9
a 595 123 6
a 595 296 10
a 596 45 2
a 596 342 10
a 596 597 4
a 597 197 7
a 597 619 6
a 598 630 6
a 599 488 6
a 600 300 4
a 601 220 5
a 601 600 5
a 601 645 5
a 602 196 6
a 602 214 7
a 602 545 8
a 603 205 9
a 603 415 4
a 604 539 8
a 605 298 8
a 605 434 9
a 605 495 5
a 605 502 8
a 606 548 6
a 607 79 2
a 607 491 2
a 608 694 3
a 609 535 2
a 610 211 10
a 610 519 8
a 611 527 1
a 612 100 9
a 612 507 3
a 612 617 10
a 613 451 8
a 614 390 10
a 614 430 9
a 615 607 10
a 615 696 3
a 616 48 8
a 617 35 10
a 617 299 2
a 618 68 6
a 618 352 3
a 618 396 1
a 618 458 10
a 619 12 7
a 619 183 8
a 619 525 3
a 620 575 6
a 621 503 8
a 621 697 5
a 622 198 7
a 622 340 7
a 623 124 6
a 623 346 10
a 623 367 8
a 623 417 4
a 624 24 8
a 624 243 10
a 625 304 8
a 625 400 7
a 626 549 6
a 627 36 3
a 627 254 8
a 627 261 3
a 627 554 8
a 628 423 8
a 629 203 5
a 629 256 9
a 629 475 5
a 630 2 9
a 630 189 2
a 630 331 4
a 631 92 8
a 631 296 3
a 631 521 1
a 631 583 8
a 632 181 9
a 632 623 8
a 632 667 3
a 633 481 1
a 634 79 10
a 634 245 3
a 635 353 1
a 636 677 10
a 637 234 3
a 637 240 9
a 638 504 3
a 638 603 5
a 639 407 5
a 640 314 6
a 640 484 10
a 640 487 2
a 640 670 1
a 641 496 9
a 642 288 2
a 642 397 9
a 643 3 8
a 643 131 6
a 644 32 8
a 644 46 2
a 644 465 9
a 644 605 8
a 644 653 8
a 645 393 9
a 645 411 8
a 645 508 9
a 646 140 7
a 646 442 9
a 647 536 10
a 648 485 3
a 649 150 4
a 649 417 8
a 650 688 2
a 651 98 4
a 651 291 1
a 651 564 2
a 652 157 5
a 653 357 4
a 653 495 8
a 654 147 6
a 655 697 4
a 656 148 9
a 656 478 2
a 657 456 5
a 657 520 9
a 658 103 1
a 658 501 2
a 659 267 7
a 659 547 6
a 660 264 6
a 660 395 2
a 661 90 4
a 661 103 4
a 662 78 7
a 662 271 7
a 662 659 2
a 663 309 2
a 663 496 4
a 664 164 4
a 665 367 6
a 666 203 2
a 666 473 9
a 667 344 6
a 667 489 9
a 668 493 7
a 669 130 6
a 669 426 10
a 669 686 7
a 670 342 4
a 670 356 6
a 671 223 4
a 672 316 3
a 672 502 3
a 672 527 8
a 673 161 10
a 673 458 9
a 674 59 9
a 675 577 7
a 676 579 9
a 677 123 9
a 677 350 1
a 677 592 3
a 678 248 9
a 678 694 1
a 679 491 6
a 680 42 6
a 680 82 7
a 681 388 9
a 682 38 5
a 682 56 9
a 682 403 3
a 683 414 2
a 683 464 4
a 684 212 8
a 684 229 2
a 685 127 6
a 685 490 6
a 686 85 6
a 686 278 5
a 686 395 6
a 687 148 2
a 688 148 2
a 688 428 10
a 688 592 8
a 688 700 9
a 689 479 2
a 690 692 7
a 691 44 4
a 692 64 6
a 692 154 2
a 692 380 9
a 692 656 4
a 693 341 4
a 693 482 8
a 694 183 5
a 694 469 6
a 694 612 6
a 695 182 7
a 695 483 10
a 695 677 10
a 696 18 9
a 696 382 3
a 697 647 9
a 698 332 4
a 699 164 2
a 699 165 6
