p max 700 1400
n 1 s
n 700 t
a 1 368 7
a 2 21 2
a 2 236 7
a 2 458 6
a 3 245 7
a 4 29 5
a 4 69 3
a 4 207 3
a 5 573 6
a 5 587 5
a 5 622 2
a 6 191 2
a 6 618 6
a 7 214 9
a 7 334 10
a 7 446 5
a 7 509 9
a 8 62 1
a 9 241 7
a 10 337 5
a 11 388 7
a 11 492 7
a 12 498 3
a 13 155 6
a 13 452 6
a 13 562 2
a 14 287 8
a 15 87 4
a 15 181 1
a 16 236 10
a 16 570 10
a 17 442 7
a 17 505 2
a 18 94 8
a 18 192 7
a 18 680 3
a 19 109 2
a 19 470 6
a 20 338 8
a 20 470 7
a 21 308 2
a 21 366 2
a 21 494 3
a 22 276 1
a 22 419 1
a 23 402 8
a 24 145 8
a 25 530 8
a 26 134 1
a 27 59 7
a 27 370 6
a 28 241 9
a 29 96 5
a 29 140 1
a 29 255 8
a 29 551 7
a 29 675 5
a 30 24 4
a 30 523 2
a 31 164 4
a 32 134 9
a 32 181 4
a 32 614 7
a 33 540 10
a 34 297 7
a 34 563 6
a 35 372 1
a 35 396 5
a 35 638 2
a 36 43 7
a 36 269 8
a 37 109 8
a 38 552 5
a 39 178 7
a 39 218 5
a 39 291 6
a 40 107 9
a 40 447 1
a 41 397 1
a 41 690 8
a 42 150 4
a 42 340 3
a 42 670 5
a 43 604 3
a 44 557 9
a 44 616 1
a 45 580 4
a 46 492 3
a 47 369 7
a 47 576 9
a 47 594 4
a 48 343 4
a 49 34 3
a 49 47 6
a 50 215 7
a 51 112 2
a 51 240 6
a 51 449 1
a 51 632 7
a 52 97 4
a 53 280 5
a 53 433 5
a 54 620 4
a 55 581 6
a 55 617 9
a 56 438 2
a 56 439 4
a 57 271 10
a 57 311 3
a 57 564 7
a 58 121 6
a 58 269 9
a 59 95 5
a 59 261 8
a 59 653 10
a 60 52 5
a 60 384 6
a 60 655 1
a 60 683 5
a 61 30 8
a 61 337 5
a 61 583 1
a 62 510 2
a 62 660 10
a 63 504 2
a 64 632 9
a 65 190 5
a 66 268 7
a 67 232 10
a 67 396 4
a 68 78 9
a 68 137 4
a 69 401 7
a 70 55 5
a 70 302 10
a 71 39 7
a 71 73 6
a 71 290 6
a 72 63 10
a 72 122 10
a 73 538 4
a 74 297 2
a 75 108 10
a 75 216 7
a 76 6 4
a 77 408 9
a 78 430 2
a 78 518 7
a 79 101 5
a 79 647 10
a 80 299 4
a 80 432 3
a 80 463 2
a 81 378 1
a 82 39 5
a 82 615 2
a 83 76 6
a 83 361 10
a 84 699 9
a 85 244 5
a 85 321 9
a 86 668 8
a 87 196 7
a 87 447 6
a 87 545 10
a 87 592 2
a 88 44 5
a 88 412 7
a 88 447 6
a 89 407 8
a 89 667 8
a 90 283 4
a 90 519 8
a 90 597 10
a 91 35 8
a 91 514 8
a 91 521 9
a 91 662 9
a 92 217 1
a 92 476 4
a 92 616 3
a 93 285 1
a 93 618 6
a 94 82 5
a 95 261 1
a 95 671 7
a 96 290 7
a 96 485 2
a 97 6 9
a 98 360 6
a 98 405 8
a 98 500 4
a 98 618 4
a 99 115 8
a 99 123 6
a 99 352 8
a 99 594 4
a 100 293 9
a 100 335 10
a 101 264 7
a 102 363 6
a 102 518 4
a 102 571 1
a 103 9 3
a 103 18 2
a 103 661 2
a 104 245 7
a 104 303 10
a 104 500 1
a 105 541 2
a 106 401 2
a 106 515 4
a 106 647 2
a 107 65 10
a 107 394 3
a 107 602 7
a 108 192 10
a 108 358 9
a 109 264 8
a 109 318 2
a 110 46 5
a 111 571 6
a 111 696 5
a 112 316 5
a 112 575 2
a 113 114 6
a 113 298 4
a 114 176 2
a 114 235 4
a 114 520 9
a 115 88 7
a 115 471 8
a 116 690 9
a 117 266 6
a 117 301 10
a 117 642 1
a 118 679 2
a 119 677 4
a 120 207 2
a 121 81 5
a 121 224 1
a 122 509 3
a 123 225 5
a 123 331 3
a 124 33 8
a 125 228 1
a 125 385 9
a 125 506 6
a 125 645 8
a 126 689 8
a 127 449 10
a 127 539 5
a 128 19 9
a 128 98 5
a 128 247 9
a 129 107 4
a 130 625 7
a 131 361 10
a 132 226 8
a 132 251 1
a 132 256 2
a 132 402 7
a 133 101 7
a 134 526 10
a 135 144 3
a 135 211 4
a 136 209 8
a 136 328 10
a 136 608 1
a 137 320 10
a 138 117 8
a 139 543 3
a 139 651 2
a 140 195 9
a 140 566 10
a 140 660 2
a 141 212 1
a 142 300 3
a 142 337 7
a 143 59 4
a 143 503 3
a 144 12 3
a 144 166 5
a 144 296 6
a 144 691 2
a 145 378 1
a 146 423 4
a 146 687 7
a 147 239 5
a 147 331 7
a 147 359 7
a 148 134 10
a 148 445 5
a 149 79 6
a 149 511 7
a 149 628 5
a 150 72 8
a 150 596 10
a 150 669 6
a 150 677 5
a 151 25 2
a 151 86 1
a 151 375 1
a 152 307 10
a 153 127 10
a 153 572 9
a 154 209 8
a 155 539 3
a 156 72 10
a 156 578 9
a 157 269 8
a 158 37 9
a 158 255 6
a 158 523 9
a 158 646 2
a 159 301 8
a 160 248 10
a 161 322 4
a 162 322 3
a 162 473 3
a 163 280 3
a 164 380 9
a 165 198 8
a 165 213 2
a 166 132 1
a 166 700 2
a 167 76 2
a 168 425 3
a 168 565 10
a 169 398 6
a 170 312 8
a 171 656 6
a 172 293 10
a 172 474 3
a 172 681 10
a 173 159 8
a 173 696 1
a 174 182 8
a 175 5 4
a 175 188 2
a 175 529 6
a 176 117 2
a 176 357 1
a 176 687 10
a 177 213 2
a 177 411 5
a 178 224 3
a 179 61 1
a 179 413 3
a 179 429 6
a 180 103 2
a 180 384 10
a 180 393 9
a 181 8 1
a 181 232 6
a 181 301 5
a 181 488 4
a 181 673 6
a 182 312 1
a 183 209 10
a 183 356 9
a 183 383 1
a 183 403 2
a 183 658 1
a 184 587 3
a 185 103 2
a 185 243 4
a 186 660 9
a 187 204 7
a 187 698 2
a 188 283 5
a 188 683 10
a 189 441 3
a 190 22 2
a 190 149 4
a 191 641 9
a 191 679 9
a 192 282 1
a 192 392 2
a 193 202 7
a 193 254 3
a 193 543 1
a 194 572 10
a 195 260 4
a 195 358 9
a 195 594 4
a 196 468 4
a 197 692 5
a 198 225 5
a 198 503 4
a 199 47 7
a 200 663 1
a 201 141 1
a 202 403 2
a 203 30 3
a 203 129 1
a 204 495 7
a 205 153 4
a 206 251 7
a 206 422 4
a 207 16 2
a 208 38 5
a 208 268 10
a 208 689 7
a 209 70 4
a 209 639 3
a 210 165 7
a 210 168 3
a 211 117 10
a 211 141 2
a 211 644 5
a 212 260 8
a 212 332 2
a 212 502 6
a 213 310 7
a 214 635 8
a 215 160 6
a 215 201 6
a 215 552 6
a 216 91 2
a 216 619 10
a 217 190 2
a 218 10 9
a 218 31 9
a 218 115 10
a 218 693 9
a 219 175 5
a 220 106 5
a 220 682 7
a 221 209 2
a 222 143 3
a 222 491 5
a 223 162 4
a 223 342 7
a 223 544 3
a 224 221 9
a 225 220 2
a 225 356 8
a 225 591 7
a 225 629 4
a 226 19 9
a 226 204 9
a 226 387 8
a 227 299 7
a 228 496 2
a 228 593 3
a 228 599 9
a 229 470 9
a 230 486 4
a 230 503 6
a 231 127 10
a 231 421 1
a 232 290 8
a 233 341 7
a 234 73 9
a 235 17 1
a 235 147 9
a 235 492 1
a 236 57 10
a 236 251 6
a 236 294 2
a 236 345 3
a 237 221 6
a 238 699 1
a 239 68 3
a 239 157 9
a 240 179 9
a 240 198 4
a 240 377 2
a 240 379 8
a 240 696 2
a 241 205 2
a 242 205 6
a 242 672 2
a 243 671 2
a 244 41 1
a 244 234 10
a 244 378 7
a 245 249 9
a 245 378 4
a 246 182 5
a 246 284 5
a 246 330 8
a 246 555 3
a 247 480 4
a 248 351 10
a 248 357 4
a 249 495 10
a 250 489 9
a 250 695 2
a 251 47 9
a 251 80 9
a 251 136 5
a 252 548 5
a 253 250 1
a 254 206 5
a 254 325 9
a 255 458 8
a 255 459 8
a 256 40 8
a 256 406 8
a 257 568 6
a 258 127 10
a 258 151 5
a 258 200 1
a 258 221 8
a 258 230 5
a 259 329 4
a 259 433 9
a 260 524 4
a 260 603 3
a 261 70 5
a 261 135 8
a 262 278 8
a 262 328 2
a 262 536 7
a 263 427 4
a 263 558 10
a 264 580 10
a 265 30 7
a 266 231 5
a 266 240 3
a 267 437 6
a 267 608 5
a 267 630 9
a 268 252 9
a 268 409 8
a 268 669 8
a 269 227 9
a 269 408 6
a 270 153 10
a 270 289 1
a 270 420 2
a 271 451 7
a 272 298 3
a 272 395 6
a 272 676 6
a 273 582 5
a 274 444 2
a 275 81 5
a 276 541 9
a 277 119 1
a 277 173 7
a 277 276 1
a 278 30 8
a 278 440 4
a 279 20 7
a 279 45 6
a 280 185 4
a 280 461 5
a 280 528 2
a 281 150 6
a 282 585 1
a 283 322 9
a 284 274 1
a 284 277 2
a 284 445 2
a 284 616 10
a 285 431 5
a 286 529 8
a 287 92 7
a 287 126 7
a 287 149 10
a 287 306 9
a 287 438 9
a 287 479 4
a 288 146 9
a 288 517 5
a 289 129 6
a 289 364 10
a 290 215 4
a 290 382 10
a 291 198 8
a 291 493 7
a 292 560 9
a 292 563 7
a 293 522 3
a 293 586 5
a 294 32 8
a 294 316 1
a 294 354 1
a 294 688 3
a 295 333 5
a 295 570 3
a 296 509 7
a 296 541 7
a 297 127 8
a 297 210 1
a 298 120 8
a 298 495 1
a 299 314 10
a 299 580 10
a 300 69 1
a 300 124 1
a 301 422 7
a 301 624 3
a 302 351 7
a 303 326 6
a 303 475 10
a 304 170 5
a 305 344 10
a 305 613 7
a 305 643 8
a 306 118 9
a 306 134 2
a 306 546 6
a 306 694 7
a 307 17 8
a 307 173 4
a 307 239 4
a 307 341 7
a 307 455 5
a 307 550 8
a 308 115 5
a 308 201 6
a 309 84 2
a 309 521 3
a 310 6 3
a 310 147 10
a 311 178 10
a 311 592 6
a 312 102 4
a 312 272 5
a 313 501 1
a 314 420 9
a 315 89 7
a 316 425 6
a 316 451 9
a 317 304 2
a 317 573 4
a 318 253 6
a 318 319 9
a 318 347 9
a 318 501 7
a 319 151 2
a 319 321 2
a 320 145 1
a 320 653 9
a 321 165 6
a 321 683 9
a 322 264 6
a 322 290 3
a 323 41 7
a 323 656 8
a 324 238 9
a 325 56 1
a 325 90 6
a 325 429 3
a 325 461 4
a 326 249 7
a 327 499 2
a 328 112 1
a 329 374 2
a 329 625 1
a 330 639 6
a 331 55 3
a 331 276 4
a 332 204 3
a 333 2 6
a 333 499 7
a 334 208 1
a 334 237 4
a 335 440 6
a 336 201 6
a 337 206 4
a 337 223 7
a 337 531 3
a 338 524 3
a 339 11 8
a 339 126 10
a 339 619 8
a 339 650 1
a 340 219 1
a 341 169 5
a 341 504 1
a 341 518 8
a 342 168 10
a 342 623 9
a 343 200 1
a 343 558 5
a 344 622 8
a 345 102 8
a 345 371 4
a 346 51 1
a 346 331 6
a 347 185 4
a 347 193 7
a 347 505 7
a 347 574 1
a 348 263 9
a 348 317 9
a 348 497 6
a 349 100 4
a 349 195 2
a 349 542 9
a 350 145 5
a 351 255 4
a 352 150 1
a 353 480 5
a 353 645 8
a 354 219 4
a 355 257 9
a 355 540 10
a 355 697 8
a 356 418 3
a 356 584 6
a 357 444 5
a 357 575 9
a 358 72 2
a 358 603 7
a 359 104 4
a 359 108 4
a 359 305 9
a 360 507 7
a 360 666 10
a 361 153 5
a 361 484 7
a 361 494 6
a 361 657 7
a 362 625 10
a 363 342 3
a 364 214 10
a 364 320 4
a 364 404 8
a 364 422 7
a 364 469 1
a 365 611 8
a 365 640 10
a 365 659 9
a 366 64 4
a 366 157 8
a 366 700 1
a 367 307 3
a 367 513 9
a 368 375 1
a 368 486 5
a 369 385 2
a 370 561 2
a 370 699 5
a 371 485 6
a 371 526 9
a 372 238 3
a 372 649 4
a 373 40 4
a 373 595 1
a 373 610 5
a 374 184 5
a 374 249 3
a 375 227 8
a 375 332 9
a 375 414 7
a 376 484 10
a 377 159 3
a 378 448 5
a 378 533 8
a 378 535 2
a 379 287 3
a 380 108 1
a 380 397 8
a 381 339 4
a 382 304 5
a 383 618 9
a 384 606 10
a 385 115 5
a 385 199 10
a 386 61 10
a 387 263 5
a 388 215 2
a 389 179 7
a 389 312 8
a 390 39 1
a 391 287 3
a 391 380 1
a 391 661 9
a 392 342 1
a 392 436 4
a 393 151 1
a 393 457 1
a 394 241 5
a 394 543 6
a 395 62 10
a 395 474 5
a 395 590 2
a 395 617 4
a 396 22 3
a 397 327 9
a 397 434 3
a 398 11 4
a 398 353 4
a 399 77 9
a 400 268 1
a 401 89 8
a 401 133 8
a 401 428 3
a 401 450 8
a 402 172 1
a 402 609 5
a 403 215 5
a 403 483 9
a 403 514 8
a 404 373 8
a 405 632 6
a 406 362 8
a 407 166 6
a 408 543 6
a 408 684 8
a 409 261 10
a 409 606 4
a 410 174 8
a 410 364 3
a 411 42 4
a 411 121 7
a 411 548 9
a 412 622 3
a 413 276 9
a 413 322 1
a 413 424 8
a 413 431 9
a 413 460 10
a 413 541 1
a 414 113 8
a 414 245 1
a 415 265 8
a 415 309 10
a 415 630 6
a 416 40 4
a 417 176 1
a 418 283 7
a 418 648 2
a 419 156 10
a 419 203 4
a 419 458 5
a 420 255 5
a 421 44 10
a 421 394 1
a 422 435 5
a 423 286 3
a 423 325 3
a 424 18 1
a 424 174 7
a 424 224 6
a 424 634 4
a 425 356 5
a 425 462 2
a 425 654 7
a 426 334 8
a 426 352 8
a 426 635 9
a 426 676 8
a 427 442 6
a 427 663 9
a 428 524 9
a 428 652 7
a 428 666 7
a 428 686 3
a 429 280 1
a 430 461 10
a 431 264 5
a 432 4 8
a 432 189 9
a 432 233 10
a 432 280 1
a 432 453 7
a 433 379 2
a 434 372 3
a 435 106 2
a 435 465 2
a 436 491 5
a 436 654 5
a 437 425 2
a 437 682 8
a 438 159 1
a 438 194 9
a 439 313 5
a 439 506 4
a 440 583 2
a 441 16 8
a 441 563 3
a 442 66 8
a 442 411 1
a 442 690 1
a 443 83 8
a 443 343 3
a 444 46 10
a 444 229 8
a 444 523 7
a 444 674 6
a 445 28 2
a 445 85 7
a 445 136 10
a 445 428 4
a 446 182 7
a 447 546 5
a 448 67 2
a 448 83 2
a 448 266 10
a 449 74 4
a 449 471 7
a 450 665 3
a 451 3 10
a 451 110 6
a 451 391 3
a 451 505 9
a 452 128 4
a 452 642 4
a 453 257 8
a 453 347 1
a 454 20 1
a 454 559 9
a 454 700 5
a 455 259 10
a 456 383 1
a 457 122 6
a 457 167 7
a 458 75 1
a 459 362 10
a 459 598 4
a 460 316 3
a 460 339 5
a 460 387 6
a 461 276 9
a 462 129 1
a 462 365 10
a 463 42 2
a 463 152 2
a 463 238 2
a 463 350 4
a 463 602 3
a 464 455 6
a 465 270 8
a 465 416 9
a 465 448 2
a 465 588 6
a 466 270 1
a 467 315 6
a 468 296 10
a 469 142 10
a 469 258 2
a 469 467 10
a 470 363 5
a 471 341 9
a 472 203 2
a 472 242 2
a 472 482 4
a 473 413 3
a 474 60 1
a 474 333 3
a 474 620 5
a 474 664 7
a 475 246 1
a 476 190 4
a 476 233 8
a 476 288 6
a 477 164 7
a 478 336 1
a 478 613 9
a 479 435 10
a 479 512 8
a 480 372 3
a 481 23 3
a 481 281 3
a 481 443 5
a 481 542 8
a 482 29 9
a 482 167 3
a 483 379 6
a 483 582 4
a 484 48 4
a 484 273 6
a 484 281 7
a 484 387 7
a 485 66 2
a 486 509 7
a 487 562 1
a 488 540 6
a 489 411 1
a 489 607 8
a 490 77 10
a 490 299 7
a 491 475 7
a 491 569 4
a 492 119 7
a 493 584 1
a 494 565 8
a 495 483 6
a 495 525 3
a 496 266 5
a 496 410 5
a 496 476 3
a 497 468 4
a 497 569 10
a 498 30 3
a 498 180 9
a 499 445 1
a 499 471 2
a 500 111 8
a 500 403 1
a 501 496 9
a 502 122 3
a 503 182 10
a 503 210 7
a 503 376 2
a 504 33 9
a 504 386 3
a 505 183 6
a 505 646 4
a 506 185 6
a 506 563 9
a 507 14 4
a 507 334 10
a 508 248 9
a 508 279 1
a 508 606 2
a 509 79 7
a 510 171 3
a 510 304 6
a 510 323 4
a 510 520 1
a 511 26 6
a 511 492 8
a 512 250 8
a 512 644 6
a 513 137 10
a 513 200 9
a 513 509 3
a 514 601 2
a 514 693 5
a 515 633 5
a 515 678 6
a 516 621 6
a 517 347 4
a 518 627 10
a 519 130 6
a 519 149 10
a 520 223 3
a 520 267 3
a 520 413 4
a 520 501 10
a 520 665 10
a 521 13 4
a 521 339 6
a 522 102 4
a 522 585 4
a 523 219 9
a 524 28 6
a 524 693 8
a 525 600 10
a 525 638 1
a 526 69 1
a 526 386 6
a 526 517 6
a 526 626 4
a 526 692 2
a 527 177 9
a 527 414 1
a 527 498 10
a 527 586 9
a 528 267 10
a 528 579 8
a 529 392 7
a 529 663 7
a 530 346 2
a 530 364 1
a 530 527 2
a 531 438 1
a 532 180 4
a 533 328 7
a 534 42 2
a 534 197 1
a 534 487 10
a 535 25 5
a 536 105 5
a 536 435 2
a 536 534 10
a 536 564 2
a 537 214 3
a 537 398 4
a 537 564 3
a 538 19 2
a 538 99 1
a 539 672 6
a 539 699 2
a 540 146 9
a 541 191 3
a 541 407 3
a 541 610 9
a 542 9 6
a 542 409 10
a 542 543 1
a 543 328 9
a 543 401 4
a 543 668 2
a 544 613 8
a 544 681 5
a 545 456 2
a 545 513 3
a 545 676 10
a 546 637 4
a 546 700 6
a 547 186 8
a 547 284 3
a 547 292 7
a 548 417 5
a 548 559 1
a 549 139 5
a 549 229 5
a 550 400 9
a 550 608 7
a 551 148 7
a 551 539 9
a 552 495 5
a 553 155 10
a 554 496 4
a 555 31 3
a 556 667 4
a 557 315 7
a 557 415 7
a 557 686 10
a 558 259 2
a 558 454 3
a 558 537 4
a 559 331 4
a 559 441 8
a 560 624 6
a 561 53 7
a 561 510 7
a 562 119 1
a 562 163 7
a 563 290 4
a 563 318 3
a 564 549 1
a 565 435 6
a 566 381 2
a 566 557 5
a 567 275 1
a 567 502 6
a 568 54 10
a 568 93 5
a 568 367 8
a 568 577 7
a 569 381 2
a 570 507 6
a 571 118 6
a 571 310 4
a 572 271 8
a 572 621 4
a 572 640 10
a 573 23 7
a 574 76 8
a 574 530 1
a 575 361 3
a 576 7 5
a 576 417 1
a 576 580 1
a 576 622 3
a 576 669 1
a 577 158 3
a 577 168 5
a 577 411 3
a 578 620 2
a 579 483 7
a 580 6 10
a 580 538 2
a 580 689 1
a 581 88 7
a 581 262 6
a 581 348 10
a 581 612 4
a 582 188 7
a 582 222 5
a 582 530 5
a 583 164 2
a 583 317 6
a 583 326 5
a 583 394 7
a 583 533 5
a 584 453 9
a 584 631 7
a 585 27 8
a 585 342 4
a 586 208 9
a 586 516 8
a 586 584 4
a 587 82 5
a 587 413 4
a 587 458 9
a 588 300 2
a 589 97 5
a 589 173 5
a 590 16 9
a 590 309 7
a 590 685 2
a 591 101 10
a 592 358 5
a 592 687 6
a 593 451 8
a 593 632 6
a 594 508 6
a 594 629 5
a 595 497 10
a 595 598 6
a 596 49 4
a 596 509 9
a 597 84 8
a 597 246 2
a 598 93 1
a 598 306 5
a 599 589 10
a 600 169 6
a 600 170 4
a 600 315 5
a 601 15 9
a 601 688 5
a 601 694 3
a 602 210 2
a 603 270 7
a 604 187 10
a 604 298 3
a 605 258 10
a 605 514 3
a 605 584 4
a 605 595 8
a 606 466 10
a 606 562 6
a 606 626 3
a 607 446 2
a 607 464 1
a 608 184 1
a 608 581 2
a 609 122 4
a 609 190 5
a 610 560 7
a 611 71 7
a 611 400 3
a 612 103 5
a 612 349 5
a 613 439 10
a 614 116 6
a 614 154 5
a 614 162 9
a 614 166 4
a 614 228 4
a 614 279 4
a 614 553 9
a 615 172 5
a 615 490 9
a 615 627 10
a 616 204 4
a 616 554 10
a 616 604 4
a 617 157 5
a 617 695 8
a 618 62 6
a 618 219 6
a 618 578 9
a 619 491 4
a 619 675 6
a 620 14 1
a 620 58 3
a 620 212 6
a 621 250 7
a 622 416 10
a 623 72 5
a 624 177 10
a 625 374 4
a 625 646 4
a 625 682 2
a 626 218 5
a 626 678 1
a 627 101 6
a 627 510 10
a 628 694 8
a 629 76 9
a 630 378 5
a 631 265 6
a 632 125 2
a 632 252 10
a 632 338 10
a 633 326 6
a 634 4 2
a 635 257 10
a 635 439 5
a 636 299 9
a 636 368 5
a 637 236 8
a 637 434 8
a 638 231 10
a 639 429 2
a 639 593 4
a 640 276 2
a 640 549 3
a 641 489 4
a 642 547 7
a 642 585 6
a 642 641 6
a 643 444 9
a 643 494 10
a 644 113 7
a 645 329 1
a 646 295 2
a 646 548 9
a 647 161 5
a 647 567 6
a 648 462 8
a 649 36 9
a 649 201 7
a 649 532 2
a 650 285 9
a 650 346 6
a 651 348 1
a 651 390 3
a 651 568 10
a 651 700 9
a 652 394 10
a 652 481 8
a 653 537 9
a 653 619 5
a 654 107 4
a 655 161 1
a 656 123 10
a 657 288 5
a 657 468 8
a 658 355 3
a 658 519 1
a 659 471 8
a 660 191 7
a 660 430 9
a 661 122 7
a 661 303 4
a 661 495 5
a 662 399 1
a 662 497 4
a 662 544 6
a 663 112 6
a 663 138 1
a 664 14 8
a 665 74 6
a 665 286 5
a 666 450 10
a 666 639 7
a 667 131 10
a 667 489 9
a 668 443 7
a 668 511 7
a 669 519 10
a 670 493 2
a 671 457 8
a 671 670 6
a 672 308 5
a 672 556 9
a 673 175 4
a 673 606 9
a 674 341 4
a 675 75 5
a 675 590 6
a 675 605 8
a 676 50 4
a 676 69 6
a 676 211 1
a 677 293 9
a 677 472 8
a 678 57 2
a 678 343 10
a 678 389 7
a 679 257 3
a 680 51 1
a 680 361 1
a 680 426 2
a 680 577 4
a 681 328 4
a 681 567 8
a 682 194 7
a 682 373 9
a 683 297 3
a 684 155 6
a 684 589 1
a 684 627 2
a 685 547 2
a 686 235 8
a 687 2 7
a 687 50 2
a 687 432 5
a 688 7 7
a 688 477 8
a 689 630 4
a 690 324 3
a 690 478 6
a 691 32 7
a 692 639 6
a 693 325 2
a 693 636 9
a 694 356 9
a 694 679 8
a 695 324 8
a 695 563 5
a 696 182 6
a 696 205 8
a 697 78 4
a 698 479 3
a 699 354 8
