p max 700 1400
n 1 s
n 700 t
a 1 80 1
a 1 475 4
a 2 4 7
a 2 44 5
a 2 133 9
a 3 621 4
a 4 658 8
a 5 91 1
a 5 441 5
a 5 638 7
a 6 84 6
a 6 138 3
a 6 501 10
a 6 515 7
a 7 648 7
a 8 70 2
a 8 185 10
a 9 51 1
a 10 493 10
a 10 633 10
a 11 125 8
a 11 600 5
a 12 67 1
a 12 276 6
a 12 303 8
a 12 556 9
a 12 643 7
a 13 471 4
a 13 503 4
a 13 533 5
a 14 62 10
a 14 608 8
a 15 586 8
a 16 354 8
a 16 480 2
a 17 13 7
a 17 83 3
a 18 99 3
a 18 132 7
a 19 263 4
a 19 619 6
a 20 43 2
a 20 111 3
a 20 118 8
a 20 389 5
a 21 330 6
a 21 420 4
a 22 50 10
a 22 54 8
a 22 505 3
a 23 126 9
a 23 630 7
a 24 86 3
a 24 576 10
a 25 136 1
a 25 173 6
a 25 388 10
a 25 448 10
a 26 668 3
a 27 351 6
a 28 264 10
a 29 160 5
a 29 186 10
a 30 224 10
a 30 687 6
a 31 316 2
a 32 648 9
a 33 543 6
a 34 323 8
a 34 424 3
a 34 608 10
a 35 6 9
a 35 69 2
a 35 373 1
a 35 488 7
a 36 63 5
a 36 230 2
a 36 690 4
a 37 570 10
a 37 588 10
a 38 139 7
a 38 273 9
a 38 572 10
a 39 27 7
a 39 108 2
a 39 176 5
a 39 402 8
a 39 467 2
a 40 643 9
a 41 17 1
a 41 372 9
a 42 284 6
a 42 374 3
a 43 361 6
a 43 582 5
a 44 482 5
a 44 615 9
a 45 214 2
a 46 690 10
a 47 223 8
a 47 414 7
a 48 179 5
a 48 479 4
a 49 271 3
a 49 340 8
a 50 103 7
a 50 427 3
a 50 542 4
a 51 181 6
a 52 310 3
a 52 398 10
a 53 323 5
a 54 255 6
a 54 290 2
a 55 100 6
a 56 134 10
a 56 195 1
a 57 693 2
a 58 3 6
a 59 439 7
a 60 12 3
a 61 253 9
a 61 603 2
a 62 114 8
a 62 660 4
a 63 22 2
a 64 456 5
a 64 471 1
a 64 637 3
a 65 522 10
a 65 546 3
a 66 336 5
a 66 579 10
a 67 22 3
a 67 536 1
a 68 341 1
a 68 387 10
a 68 689 4
a 69 319 4
a 69 565 4
a 70 256 7
a 70 581 4
a 71 86 2
a 71 289 9
a 71 541 3
a 71 578 3
a 72 242 8
a 72 534 4
a 72 700 6
a 73 310 1
a 73 645 9
a 74 374 8
a 74 411 6
a 74 671 9
a 74 692 5
a 75 95 2
a 75 443 8
a 75 520 1
a 76 569 8
a 77 148 9
a 77 566 8
a 77 696 10
a 78 540 2
a 79 446 2
a 80 143 4
a 81 188 10
a 81 378 6
a 81 382 2
a 81 549 1
a 82 50 9
a 82 339 5
a 82 530 2
a 82 604 4
a 83 25 9
a 84 44 8
a 85 187 6
a 85 435 1
a 86 229 9
a 86 513 1
a 87 232 2
a 87 448 2
a 88 351 3
a 88 473 8
a 88 581 2
a 89 106 5
a 89 335 5
a 90 96 2
a 91 344 6
a 92 33 2
a 93 511 3
a 94 125 6
a 94 315 3
a 95 290 4
a 95 328 3
a 96 244 1
a 97 337 9
a 97 409 8
a 98 170 6
a 98 178 10
a 98 648 2
a 98 675 5
a 99 109 8
a 99 250 4
a 99 396 7
a 99 658 1
a 100 62 9
a 101 202 8
a 102 350 2
a 102 408 7
a 102 530 1
a 103 342 10
a 103 620 1
a 104 119 6
a 104 400 7
a 105 69 4
a 106 305 6
a 106 342 7
a 107 49 3
a 107 244 8
a 107 568 6
a 107 580 5
a 107 700 9
a 108 40 6
a 108 242 9
a 108 474 1
a 108 506 4
a 109 498 1
a 109 544 4
a 110 36 5
a 110 214 7
a 110 304 10
a 111 592 10
a 111 620 2
a 112 146 8
a 113 527 3
a 113 612 10
a 114 232 9
a 114 377 4
a 115 97 10
a 115 147 3
a 116 435 4
a 117 231 4
a 117 271 3
a 117 357 3
a 118 586 7
a 119 29 5
a 119 695 5
a 120 456 8
a 120 575 2
a 120 576 6
a 121 464 5
a 122 252 7
a 122 295 1
a 123 582 7
a 124 23 3
a 124 126 8
a 124 356 8
a 125 38 2
a 125 545 4
a 126 504 1
a 126 593 6
a 126 636 7
a 127 319 5
a 128 99 3
a 128 634 3
a 128 665 2
a 129 145 7
a 129 416 9
a 129 454 4
a 130 164 10
a 130 595 3
a 131 3 5
a 131 329 3
a 131 390 8
a 131 429 8
a 131 525 4
a 132 68 1
a 132 332 9
a 132 652 10
a 133 522 1
a 134 257 8
a 135 152 5
a 135 273 4
a 135 535 1
a 136 94 8
a 136 414 3
a 136 618 5
a 137 284 6
a 138 659 4
a 139 521 10
a 139 536 2
a 140 8 10
a 140 632 1
a 141 138 1
a 141 144 2
a 141 211 8
a 142 22 9
a 142 483 8
a 143 369 6
a 144 656 9
a 145 247 8
a 145 511 3
a 145 577 6
a 145 635 6
a 145 656 1
a 146 69 2
a 146 158 1
a 146 567 4
a 147 417 4
a 148 100 6
a 148 124 9
a 149 17 6
a 149 251 1
a 150 214 8
a 150 281 6
a 151 71 10
a 151 203 3
a 151 432 2
a 152 428 10
a 152 606 5
a 153 517 3
a 153 554 5
a 154 450 6
a 154 488 10
a 155 381 6
a 156 238 5
a 157 663 8
a 158 47 6
a 158 225 1
a 158 550 5
a 159 312 2
a 159 419 1
a 159 515 7
a 160 230 3
a 161 90 4
a 161 113 6
a 162 292 7
a 163 188 5
a 163 497 7
a 164 471 1
a 165 182 5
a 165 240 1
a 166 122 8
a 166 259 2
a 166 614 9
a 167 598 2
a 168 430 9
a 168 567 10
a 169 149 7
a 169 516 7
a 170 27 1
a 170 205 2
a 170 599 1
a 171 331 8
a 171 436 2
a 171 442 9
a 171 578 10
a 171 672 5
a 172 201 10
a 172 211 8
a 172 245 4
a 172 352 2
a 173 278 7
a 173 399 6
a 174 138 9
a 175 228 7
a 176 115 4
a 177 170 1
a 178 404 8
a 178 668 10
a 179 594 3
a 180 103 4
a 181 189 8
a 181 547 7
a 182 419 6
a 182 473 9
a 183 135 2
a 184 408 8
a 185 165 1
a 185 660 2
a 186 175 6
a 186 229 2
a 186 528 8
a 187 428 3
a 187 627 7
a 187 632 1
a 188 279 2
a 188 437 8
a 189 157 7
a 189 367 9
a 189 405 2
a 190 182 7
a 191 178 9
a 192 484 8
a 192 676 8
a 193 296 1
a 193 306 6
a 193 617 10
a 193 683 7
a 194 647 6
a 194 670 8
a 195 81 5
a 195 416 1
a 196 60 1
a 196 154 5
a 196 185 6
a 197 331 7
a 198 207 2
a 198 674 2
a 199 282 8
a 200 418 7
a 200 422 3
a 201 57 5
a 201 273 9
a 202 184 5
a 202 481 6
a 202 631 2
a 203 127 5
a 203 222 1
a 203 688 9
a 204 536 10
a 204 553 8
a 205 480 5
a 205 595 10
a 206 311 6
a 206 382 3
a 206 552 2
a 207 141 6
a 207 666 6
a 208 51 8
a 208 64 10
a 209 695 9
a 210 19 3
a 210 435 2
a 211 131 9
a 212 132 9
a 212 446 8
a 213 36 4
a 213 171 8
a 213 529 7
a 214 454 10
a 214 504 6
a 214 586 1
a 215 200 9
a 215 397 8
a 215 639 9
a 215 673 3
a 216 480 9
a 216 531 5
a 217 16 1
a 218 369 9
a 218 386 3
a 219 135 5
a 219 651 5
a 220 39 1
a 220 271 9
a 221 37 3
a 221 161 10
a 221 222 8
a 221 561 8
a 222 62 2
a 223 350 9
a 224 37 10
a 224 295 4
a 224 607 5
a 225 423 4
a 225 434 2
a 226 107 6
a 226 275 6
a 227 127 5
a 227 644 9
a 228 50 3
a 228 116 5
a 229 163 1
a 230 101 10
a 231 278 9
a 232 20 5
a 233 429 6
a 233 435 7
a 233 461 2
a 233 555 1
a 234 145 10
a 235 11 3
a 235 408 5
a 236 16 5
a 236 204 1
a 236 360 9
a 236 443 3
a 237 358 8
a 237 642 2
a 238 680 3
a 239 507 1
a 240 282 2
a 240 650 5
a 241 192 8
a 242 118 7
a 242 174 9
a 242 220 7
a 243 73 3
a 244 53 1
a 244 63 10
a 244 172 7
a 245 103 7
a 245 655 3
a 246 291 9
a 246 324 4
a 246 424 10
a 247 250 4
a 247 302 6
a 247 318 10
a 247 502 3
a 248 119 7
a 248 310 4
a 249 452 8
a 249 661 7
a 250 49 9
a 250 364 4
a 250 496 6
a 251 279 9
a 251 453 7
a 251 458 2
a 252 643 4
a 253 20 9
a 253 227 7
a 254 464 7
a 254 476 3
a 254 697 4
a 255 304 9
a 256 383 3
a 257 421 10
a 258 493 6
a 258 505 7
a 259 375 5
a 259 664 3
a 260 231 5
a 261 491 3
a 261 615 6
a 262 10 8
a 262 353 8
a 262 623 9
a 263 254 9
a 263 456 1
a 264 98 2
a 265 241 6
a 265 380 9
a 266 192 1
a 267 345 1
a 267 444 7
a 268 378 2
a 269 106 7
a 269 375 9
a 269 560 10
a 270 208 5
a 270 387 6
a 271 181 9
a 271 499 1
a 272 130 1
a 273 498 4
a 274 169 4
a 274 232 5
a 275 473 8
a 276 593 6
a 277 13 5
a 277 60 9
a 277 231 2
a 277 322 9
a 277 463 6
a 278 350 1
a 279 66 2
a 280 338 8
a 280 489 3
a 280 498 6
a 281 364 9
a 281 686 6
a 282 39 9
a 282 425 7
a 283 408 5
a 283 621 2
a 284 512 6
a 284 675 1
a 285 291 6
a 285 697 7
a 286 617 6
a 287 81 9
a 287 562 4
a 288 105 1
a 289 284 10
a 289 591 3
a 290 34 3
a 290 433 1
a 291 59 7
a 291 239 8
a 291 535 8
a 292 310 6
a 292 574 5
a 293 229 1
a 293 258 5
a 293 521 8
a 293 537 6
a 294 517 4
a 295 369 5
a 295 670 8
a 296 54 7
a 297 45 8
a 297 188 1
a 298 115 9
a 298 308 4
a 298 548 2
a 298 649 4
a 299 320 3
a 299 557 4
a 300 351 3
a 301 457 8
a 302 287 8
a 302 299 7
a 302 694 2
a 303 266 3
a 303 618 3
a 303 695 10
a 304 296 5
a 305 676 5
a 306 155 3
a 306 404 7
a 306 415 2
a 306 463 2
a 307 79 9
a 307 81 5
a 308 285 8
a 308 327 8
a 309 66 10
a 309 307 5
a 310 26 4
a 310 71 9
a 311 520 4
a 311 554 1
a 312 35 10
a 312 240 10
a 312 645 7
a 313 335 3
a 313 617 2
a 314 210 6
a 314 213 1
a 314 226 10
a 315 670 8
a 316 21 3
a 316 167 1
a 317 302 9
a 318 394 10
a 318 433 1
a 319 9 7
a 319 521 4
a 320 489 5
a 321 52 9
a 321 223 3
a 321 508 1
a 322 61 7
a 322 289 1
a 322 355 5
a 322 641 9
a 323 314 5
a 323 547 1
a 323 570 10
a 323 667 2
a 324 137 8
a 324 157 1
a 324 369 9
a 325 420 2
a 326 56 2
a 326 199 3
a 326 659 4
a 327 169 7
a 327 391 3
a 328 344 3
a 329 47 6
a 329 495 1
a 330 16 6
a 330 112 7
a 330 383 6
a 330 452 7
a 331 587 9
a 331 682 4
a 332 344 2
a 332 358 2
a 332 401 9
a 332 673 7
a 333 163 6
a 334 470 7
a 334 514 3
a 335 570 5
a 336 18 1
a 336 30 2
a 336 55 5
a 336 105 4
a 336 462 10
a 337 544 7
a 338 371 5
a 339 660 10
a 340 90 6
a 341 393 2
a 341 501 5
a 342 316 9
a 343 217 9
a 343 580 10
a 344 260 1
a 344 578 8
a 345 228 4
a 346 214 7
a 347 473 1
a 347 602 9
a 348 347 10
a 348 594 7
a 349 231 10
a 349 406 3
a 349 412 6
a 349 538 3
a 349 561 3
a 350 580 3
a 351 127 3
a 351 413 7
a 351 495 1
a 352 19 2
a 352 104 5
a 352 384 3
a 353 71 9
a 353 596 1
a 354 382 7
a 354 410 4
a 355 90 1
a 356 128 8
a 356 250 8
a 356 319 1
a 357 212 6
a 357 313 5
a 357 647 1
a 358 649 6
a 359 345 1
a 359 646 7
a 359 654 6
a 360 259 4
a 361 208 7
a 361 540 10
a 362 683 5
a 363 109 4
a 364 311 8
a 365 99 6
a 366 403 8
a 366 455 8
a 367 115 10
a 368 148 10
a 368 177 4
a 368 271 5
a 368 420 8
a 369 216 10
a 369 310 4
a 370 500 5
a 370 501 1
a 370 527 9
a 371 260 3
a 372 454 3
a 373 286 4
a 373 522 3
a 373 674 6
a 374 539 6
a 375 92 10
a 375 246 7
a 375 510 7
a 376 17 2
a 377 594 6
a 378 314 3
a 378 370 9
a 378 684 8
a 379 177 6
a 380 692 8
a 381 267 9
a 381 292 5
a 381 625 10
a 382 329 6
a 382 459 4
a 383 274 7
a 384 33 9
a 384 75 4
a 384 388 1
a 384 486 1
a 385 486 5
a 386 47 7
a 386 124 6
a 387 673 4
a 388 518 4
a 388 663 6
a 389 218 7
a 390 373 6
a 390 601 10
a 391 406 9
a 391 606 7
a 392 343 9
a 392 413 2
a 393 394 6
a 394 294 6
a 394 616 7
a 394 693 10
a 395 234 10
a 395 323 2
a 395 457 7
a 396 168 10
a 396 209 5
a 397 166 5
a 397 225 10
a 397 261 9
a 398 438 6
a 399 372 1
a 399 525 2
a 400 197 8
a 400 627 4
a 401 25 8
a 401 298 7
a 402 117 7
a 402 362 1
a 402 632 7
a 403 645 5
a 404 117 5
a 405 397 9
a 405 494 6
a 406 639 6
a 407 700 5
a 408 123 6
a 409 167 4
a 409 531 1
a 410 688 9
a 411 526 10
a 412 390 6
a 412 449 6
a 413 22 7
a 413 141 2
a 414 207 10
a 414 590 8
a 415 518 5
a 416 327 9
a 416 564 3
a 417 558 2
a 418 374 9
a 419 88 6
a 419 655 1
a 419 663 9
a 420 28 8
a 420 131 8
a 420 163 2
a 420 640 10
a 421 253 4
a 421 423 10
a 422 62 6
a 422 325 3
a 423 178 7
a 423 202 8
a 424 639 9
a 425 554 1
a 426 217 5
a 426 237 10
a 426 267 1
a 427 87 1
a 428 400 4
a 428 409 2
a 429 109 5
a 429 140 4
a 430 346 8
a 431 82 2
a 431 198 1
a 432 522 2
a 433 64 8
a 433 451 6
a 434 4 7
a 434 228 6
a 434 233 8
a 434 536 9
a 435 623 4
a 436 410 4
a 436 564 4
a 436 665 9
a 437 60 9
a 438 153 2
a 438 186 6
a 438 356 4
a 439 571 10
a 440 11 4
a 440 113 9
a 440 195 6
a 440 334 1
a 440 368 9
a 441 172 4
a 442 143 6
a 442 147 7
a 443 66 4
a 444 15 1
a 444 59 8
a 444 107 7
a 445 432 5
a 445 455 10
a 446 440 6
a 447 280 8
a 447 283 5
a 447 438 4
a 448 27 2
a 449 457 10
a 450 335 6
a 450 467 4
a 450 646 3
a 451 96 2
a 451 640 2
a 451 661 4
a 452 8 5
a 452 130 6
a 452 257 2
a 453 356 10
a 453 385 7
a 453 445 4
a 454 246 3
a 454 507 8
a 455 162 4
a 455 482 10
a 456 147 1
a 456 243 6
a 457 156 3
a 457 264 9
a 457 681 6
a 458 183 2
a 458 505 10
a 459 70 1
a 459 669 4
a 460 504 7
a 461 698 2
a 462 343 8
a 462 589 5
a 463 8 10
a 464 14 8
a 464 433 8
a 465 221 8
a 465 584 5
a 466 461 8
a 466 625 6
a 466 628 6
a 467 333 9
a 467 513 7
a 468 94 4
a 469 537 2
a 470 88 1
a 471 553 3
a 472 271 1
a 472 424 7
a 472 512 7
a 473 10 1
a 473 294 5
a 474 303 10
a 475 163 3
a 475 223 3
a 476 87 3
a 476 277 1
a 476 389 9
a 477 532 10
a 478 643 10
a 479 366 8
a 480 350 1
a 481 40 3
a 481 190 2
a 481 321 6
a 481 513 6
a 482 146 6
a 482 543 4
a 483 213 8
a 483 298 7
a 483 379 2
a 483 651 6
a 484 172 10
a 484 255 4
a 484 465 8
a 484 509 6
a 485 161 10
a 485 274 4
a 485 326 1
a 485 687 2
a 486 89 8
a 486 136 10
a 486 422 7
a 486 691 2
a 487 664 7
a 488 219 10
a 488 421 9
a 488 585 8
a 489 268 7
a 489 560 5
a 490 213 6
a 491 206 1
a 491 354 7
a 491 588 2
a 492 334 1
a 493 105 1
a 494 529 9
a 495 485 3
a 496 23 2
a 496 606 1
a 497 449 1
a 498 65 8
a 498 203 3
a 498 241 1
a 499 29 9
a 499 466 4
a 500 85 3
a 500 462 8
a 501 83 1
a 502 149 6
a 502 388 10
a 503 29 6
a 503 262 4
a 504 35 9
a 504 633 1
a 505 61 2
a 505 77 1
a 506 90 2
a 507 192 8
a 507 294 10
a 507 477 1
a 507 490 6
a 507 619 4
a 508 123 10
a 508 370 1
a 509 19 2
a 509 168 7
a 509 416 5
a 510 267 4
a 510 515 6
a 510 539 5
a 511 653 3
a 511 660 6
a 512 471 2
a 513 25 6
a 513 307 5
a 513 330 2
a 514 224 9
a 515 272 9
a 515 288 6
a 515 485 5
a 515 622 4
a 516 363 6
a 516 498 10
a 517 146 9
a 517 523 6
a 518 290 5
a 519 86 5
a 520 30 6
a 521 99 7
a 521 431 8
a 521 666 6
a 522 475 6
a 522 509 6
a 523 58 8
a 523 677 10
a 524 235 6
a 524 349 5
a 524 440 7
a 524 489 8
a 525 346 3
a 525 392 1
a 525 395 3
a 526 187 10
a 526 381 9
a 527 64 4
a 527 337 3
a 528 548 6
a 529 121 8
a 529 278 4
a 530 162 7
a 530 359 9
a 531 73 1
a 531 195 1
a 532 30 9
a 532 457 6
a 533 321 2
a 533 662 6
a 533 678 4
a 534 261 9
a 534 624 4
a 535 24 2
a 535 390 1
a 536 656 6
a 537 61 9
a 537 447 7
a 538 82 8
a 538 172 3
a 539 238 3
a 539 578 2
a 540 72 8
a 541 364 7
a 541 514 3
a 542 207 2
a 542 221 10
a 543 150 9
a 543 198 8
a 543 395 2
a 544 324 5
a 545 278 4
a 545 426 5
a 545 558 9
a 546 30 8
a 547 688 2
a 548 194 1
a 549 30 2
a 550 48 9
a 551 265 8
a 552 83 5
a 553 207 8
a 554 573 3
a 554 581 7
a 554 637 8
a 555 25 6
a 556 67 10
a 556 180 4
a 556 519 3
a 556 597 6
a 556 679 7
a 557 190 8
a 558 263 7
a 559 342 10
a 559 527 5
a 560 181 7
a 561 259 3
a 561 508 10
a 562 32 8
a 562 57 6
a 562 270 8
a 563 36 2
a 563 610 5
a 563 629 6
a 564 301 5
a 564 371 1
a 564 384 10
a 565 388 2
a 566 146 7
a 567 59 3
a 567 344 1
a 567 540 1
a 568 92 4
a 568 242 8
a 569 371 9
a 570 93 3
a 570 598 9
a 570 611 1
a 570 620 6
a 571 460 2
a 571 678 9
a 572 306 3
a 572 560 7
a 572 613 3
a 573 76 8
a 574 337 2
a 575 249 2
a 575 543 7
a 576 241 6
a 576 603 2
a 577 652 5
a 578 122 5
a 578 484 2
a 578 694 6
a 579 522 5
a 580 227 8
a 580 297 2
a 581 132 9
a 581 207 7
a 582 71 9
a 583 196 9
a 583 229 2
a 583 526 9
a 584 117 1
a 584 685 3
a 585 78 1
a 585 312 7
a 586 74 10
a 587 413 8
a 587 692 6
a 588 142 8
a 588 316 5
a 588 332 9
a 588 382 10
a 588 487 10
a 589 328 8
a 590 369 7
a 590 422 3
a 591 336 10
a 591 439 9
a 591 496 4
a 592 98 8
a 592 115 10
a 592 557 1
a 593 567 7
a 593 681 3
a 594 496 7
a 595 25 9
a 596 179 6
a 596 297 1
a 596 691 2
a 597 280 8
a 598 253 1
a 599 497 6
a 600 657 1
a 601 441 5
a 602 525 2
a 603 378 5
a 604 282 1
a 604 686 3
a 605 498 3
a 605 626 4
a 606 8 10
a 607 532 6
a 607 565 2
a 608 2 9
a 608 281 9
a 609 512 2
a 610 53 7
a 610 220 5
a 611 277 5
a 611 492 2
a 612 24 6
a 613 461 10
a 614 140 7
a 614 372 9
a 615 246 7
a 615 417 9
a 615 682 8
a 616 145 10
a 617 191 4
a 617 365 5
a 617 373 10
a 617 590 6
a 618 203 5
a 618 440 3
a 619 424 1
a 619 605 10
a 620 261 4
a 620 523 1
a 621 462 5
a 621 478 10
a 622 678 8
a 623 147 5
a 623 317 7
a 623 603 1
a 624 34 1
a 624 125 7
a 624 215 2
a 624 220 3
a 625 265 6
a 626 242 6
a 627 46 9
a 627 269 5
a 627 336 3
a 627 659 2
a 628 41 6
a 628 129 4
a 628 428 2
a 629 31 10
a 629 269 2
a 629 524 5
a 630 42 6
a 630 218 10
a 630 333 6
a 630 631 3
a 631 58 4
a 631 487 2
a 631 618 2
a 631 649 8
a 632 458 5
a 632 609 1
a 633 12 7
a 633 37 1
a 634 48 5
a 634 88 3
a 634 195 8
a 635 378 2
a 635 582 10
a 635 585 4
a 636 161 7
a 637 151 7
a 637 574 7
a 638 21 10
a 638 288 3
a 639 365 3
a 640 181 3
a 640 501 7
a 641 110 8
a 641 167 1
a 641 236 6
a 641 471 3
a 642 305 9
a 642 558 3
a 643 193 7
a 644 306 6
a 644 469 6
a 644 519 7
a 644 657 1
a 645 692 5
a 646 616 6
a 646 637 5
a 647 390 9
a 648 361 5
a 649 434 9
a 650 32 8
a 650 509 8
a 651 159 3
a 651 247 8
a 651 583 4
a 651 628 2
a 652 283 9
a 652 487 3
a 653 210 7
a 654 491 8
a 654 551 6
a 654 571 2
a 655 72 3
a 655 157 8
a 655 293 9
a 656 436 2
a 657 322 9
a 658 76 2
a 658 619 6
a 659 468 5
a 659 514 1
a 659 699 5
a 660 440 6
a 660 572 4
a 661 102 3
a 661 463 6
a 662 156 1
a 663 74 7
a 663 140 8
a 663 300 5
a 664 5 2
a 664 102 1
a 665 117 6
a 666 203 7
a 666 698 9
a 667 372 10
a 668 359 10
a 668 519 6
a 669 424 2
a 669 609 10
a 669 663 10
a 670 366 7
a 670 368 7
a 671 691 7
a 672 259 3
a 672 274 8
a 673 606 8
a 674 194 6
a 674 414 7
a 674 681 8
a 675 309 5
a 675 654 10
a 676 193 2
a 676 531 6
a 677 44 4
a 678 75 4
a 678 472 8
a 679 620 7
a 680 50 6
a 680 441 3
a 680 563 9
a 681 352 7
a 682 445 7
a 683 292 10
a 683 347 9
a 684 120 2
a 684 248 9
a 684 418 6
a 685 70 4
a 685 376 9
a 685 559 6
a 686 687 6
a 687 7 1
a 687 364 2
a 687 367 2
a 688 266 1
a 689 116 10
a 690 132 5
a 690 173 6
a 690 545 9
a 690 660 4
a 691 578 5
a 691 680 8
a 692 49 3
a 692 348 10
a 693 337 9
a 693 407 7
a 693 547 8
a 694 214 4
a 694 255 4
a 694 409 2
a 695 265 10
a 695 569 10
a 695 592 4
a 696 478 10
a 697 69 1
a 698 92 3
a 698 101 4
a 699 2 7
