p max 700 1400
n 1 s
n 700 t
a 1 156 10
a 2 95 3
a 3 132 7
a 3 251 4
a 3 646 3
a 4 357 3
a 4 419 2
a 5 364 8
a 6 488 10
a 6 571 2
a 6 621 10
a 7 93 10
a 7 580 3
a 8 366 8
a 8 509 6
a 9 497 3
a 10 48 2
a 11 73 9
a 11 248 9
a 11 302 9
a 11 335 9
a 12 440 6
a 13 347 7
a 13 473 6
a 13 537 4
a 14 360 1
a 14 511 8
a 15 431 8
a 15 493 3
a 16 24 1
a 16 210 5
a 16 218 10
a 17 78 5
a 17 136 5
a 17 179 3
a 17 528 3
a 18 129 4
a 18 456 3
a 19 23 7
a 19 222 10
a 20 467 5
a 21 408 4
a 22 139 9
a 22 658 7
a 23 44 9
a 23 264 10
a 23 623 2
a 23 628 10
a 24 237 4
a 24 501 7
a 25 686 10
a 26 19 1
a 26 150 10
a 26 333 2
a 27 201 2
a 27 472 3
a 27 522 5
a 28 120 6
a 28 292 10
a 28 411 10
a 28 430 10
a 28 612 5
a 29 232 7
a 30 415 4
a 31 353 8
a 31 455 5
a 32 373 3
a 32 489 2
a 32 549 7
a 33 177 1
a 33 290 8
a 34 22 6
a 34 108 6
a 34 592 4
a 35 71 2
a 36 55 7
a 36 473 1
a 37 405 7
a 38 414 8
a 39 616 1
a 40 79 9
a 40 314 1
a 40 439 6
a 41 593 1
a 42 566 8
a 43 53 4
a 43 593 10
a 44 168 6
a 44 654 3
a 45 141 2
a 45 293 8
a 46 35 5
a 47 76 4
a 47 192 9
a 47 599 6
a 48 500 4
a 48 526 9
a 48 668 9
a 49 608 8
a 50 134 2
a 50 268 1
a 51 15 2
a 52 107 6
a 52 206 2
a 52 404 9
a 52 560 5
a 53 83 4
a 53 228 3
a 54 241 1
a 54 517 5
a 55 310 8
a 55 431 2
a 55 625 5
a 56 368 4
a 56 562 7
a 57 293 1
a 57 362 3
a 57 696 1
a 58 361 5
a 58 387 2
a 59 640 9
a 60 112 1
a 61 10 8
a 61 384 7
a 61 460 9
a 62 77 7
a 62 85 4
a 63 68 3
a 63 183 10
a 63 567 6
a 63 606 1
a 64 632 3
a 64 693 9
a 65 146 2
a 65 460 8
a 65 539 4
a 66 367 1
a 66 586 2
a 67 235 8
a 67 582 5
a 67 586 6
a 68 340 7
a 68 405 2
a 69 335 10
a 70 81 10
a 70 247 1
a 70 267 9
a 71 36 2
a 71 92 2
a 71 370 9
a 72 655 3
a 73 179 8
a 74 20 2
a 74 294 1
a 74 472 10
a 75 553 6
a 76 57 9
a 76 110 2
a 76 664 1
a 77 386 2
a 77 506 8
a 78 390 5
a 79 42 3
a 79 218 2
a 80 519 1
a 81 212 1
a 81 438 5
a 81 671 10
a 82 255 5
a 82 285 9
a 83 235 4
a 84 328 5
a 85 6 4
a 85 349 5
a 85 423 9
a 86 680 10
a 87 50 10
a 87 313 3
a 87 333 7
a 88 565 5
a 88 681 4
a 89 469 9
a 90 48 4
a 90 523 5
a 91 501 2
a 91 591 9
a 92 339 2
a 93 142 6
a 93 547 8
a 94 129 3
a 94 436 7
a 95 440 1
a 95 446 7
a 95 678 1
a 96 158 1
a 96 273 3
a 96 429 3
a 97 163 4
a 97 252 5
a 98 399 10
a 99 540 1
a 100 639 10
a 101 103 5
a 101 194 10
a 101 282 2
a 102 293 10
a 103 262 7
a 103 375 1
a 104 278 2
a 104 417 3
a 105 138 2
a 106 187 1
a 106 225 9
a 106 462 1
a 106 524 2
a 107 133 4
a 108 100 3
a 108 155 5
a 109 412 3
a 110 75 6
a 110 224 3
a 110 618 6
a 111 131 7
a 111 513 8
a 112 353 6
a 112 385 10
a 112 427 9
a 113 166 8
a 114 497 2
a 115 503 10
a 116 422 7
a 117 280 4
a 117 672 2
a 118 55 9
a 118 186 8
a 118 627 9
a 119 327 6
a 120 433 8
a 121 4 1
a 121 141 4
a 122 173 9
a 122 325 3
a 122 333 8
a 123 21 9
a 123 226 5
a 124 26 9
a 124 203 10
a 124 258 6
a 124 631 2
a 125 70 2
a 126 276 6
a 126 433 3
a 126 530 9
a 126 633 8
a 127 661 4
a 128 120 5
a 129 104 8
a 129 313 9
a 129 507 1
a 130 497 8
a 131 210 5
a 132 382 3
a 132 626 4
a 133 408 2
a 134 31 5
a 134 160 1
a 134 640 6
a 135 220 4
a 135 260 6
a 135 442 6
a 136 644 4
a 136 667 1
a 137 446 4
a 138 153 3
a 138 239 4
a 138 243 4
a 139 228 8
a 140 151 9
a 140 518 9
a 141 500 9
a 142 23 6
a 142 684 7
a 143 279 5
a 143 386 10
a 143 421 1
a 144 474 6
a 145 165 2
a 145 274 6
a 145 697 6
a 146 299 5
a 146 315 6
a 147 496 5
a 147 581 9
a 148 335 8
a 148 361 3
a 148 464 5
a 149 571 3
a 150 144 2
a 150 641 10
a 151 11 6
a 151 423 1
a 151 680 5
a 152 160 4
a 152 541 2
a 153 243 9
a 154 161 2
a 154 430 1
a 155 560 2
a 156 65 6
a 156 510 7
a 156 669 10
a 157 630 1
a 158 303 5
a 158 692 6
a 159 685 7
a 160 347 5
a 161 87 4
a 161 449 1
a 161 550 1
a 162 500 9
a 163 259 3
a 163 397 10
a 163 623 5
a 164 563 9
a 164 647 8
a 165 320 2
a 165 426 6
a 166 37 6
a 166 313 3
a 166 617 6
a 167 15 7
a 167 128 8
a 167 600 8
a 168 490 4
a 169 182 4
a 169 461 2
a 170 180 3
a 170 215 10
a 171 46 6
a 171 211 4
a 171 615 9
a 172 139 5
a 172 563 2
a 173 505 10
a 173 515 4
a 174 652 8
a 175 33 3
a 175 396 3
a 176 587 7
a 177 497 8
a 177 694 2
a 178 391 10
a 179 533 2
a 179 574 9
a 180 581 2
a 181 54 8
a 182 299 3
a 183 47 3
a 183 74 3
a 184 456 3
a 185 262 1
a 185 263 2
a 186 125 7
a 186 548 1
a 186 648 9
a 187 244 3
a 187 294 3
a 187 543 8
a 188 272 1
a 189 354 10
a 189 578 10
a 189 581 3
a 190 111 5
a 190 357 2
a 191 145 10
a 191 203 1
a 191 474 8
a 191 637 10
a 192 117 6
a 192 567 4
a 193 152 4
a 193 504 4
a 194 214 1
a 194 565 3
a 194 574 8
a 195 39 8
a 196 362 4
a 197 378 2
a 198 94 4
a 198 675 1
a 199 90 10
a 200 70 7
a 200 241 6
a 201 187 7
a 202 272 10
a 203 87 3
a 204 45 7
a 204 162 1
a 204 229 5
a 204 573 5
a 205 178 8
a 205 251 5
a 206 108 4
a 206 112 6
a 207 91 8
a 207 517 4
a 208 588 1
a 209 665 2
a 210 367 8
a 211 286 4
a 211 312 6
a 211 564 4
a 211 597 10
a 212 165 7
a 212 568 10
a 213 408 9
a 214 50 3
a 215 110 1
a 215 575 8
a 216 34 5
a 216 673 9
a 217 595 4
a 217 648 7
a 218 133 7
a 218 138 4
a 219 39 6
a 219 461 9
a 220 132 5
a 220 256 2
a 220 524 5
a 221 26 6
a 221 39 4
a 221 398 1
a 222 643 6
a 223 388 10
a 223 529 1
a 224 200 3
a 224 439 2
a 225 114 6
a 225 199 10
a 225 203 2
a 225 605 7
a 226 250 1
a 227 304 7
a 228 46 6
a 228 71 9
a 229 170 2
a 229 287 8
a 229 399 2
a 229 486 3
a 230 257 4
a 231 113 2
a 232 188 3
a 232 308 2
a 233 358 3
a 234 408 9
a 234 439 1
a 235 133 2
a 236 264 1
a 236 289 10
a 236 311 4
a 237 29 5
a 237 75 1
a 237 236 2
a 237 652 1
a 238 469 1
a 239 321 7
a 239 365 3
a 240 77 7
a 241 132 10
a 241 443 10
a 241 458 10
a 242 495 3
a 242 651 1
a 243 356 7
a 243 510 10
a 243 590 8
a 244 35 7
a 244 239 6
a 244 310 4
a 244 337 1
a 245 329 9
a 245 387 3
a 245 407 8
a 246 119 5
a 246 166 10
a 246 297 6
a 247 94 8
a 247 348 9
a 248 134 6
a 248 233 10
a 248 558 6
a 249 84 7
a 250 53 3
a 250 380 2
a 250 499 1
a 251 180 3
a 251 239 6
a 252 465 3
a 252 684 1
a 253 11 2
a 253 509 3
a 253 657 4
a 254 56 5
a 254 351 8
a 254 576 8
a 254 699 10
a 255 265 10
a 255 610 4
a 255 665 1
a 256 127 1
a 256 304 8
a 256 583 6
a 257 5 3
a 257 433 8
a 257 480 5
a 258 88 3
a 259 40 10
a 259 125 3
a 259 521 9
a 260 148 2
a 260 191 5
a 260 385 6
a 260 679 3
a 261 102 7
a 261 591 4
a 261 638 8
a 262 58 6
a 262 377 9
a 263 671 5
a 264 61 5
a 264 378 2
a 264 415 1
a 265 492 8
a 266 67 5
a 266 544 9
a 266 635 9
a 267 404 9
a 268 195 7
a 268 649 6
a 269 652 9
a 270 66 5
a 270 205 10
a 270 232 5
a 270 609 8
a 271 150 6
a 271 611 1
a 272 252 5
a 273 606 5
a 274 220 8
a 274 468 1
a 275 528 1
a 276 32 2
a 276 439 5
a 276 540 10
a 277 67 6
a 277 72 2
a 278 300 1
a 279 2 1
a 279 656 8
a 280 97 3
a 281 23 8
a 281 36 10
a 281 125 3
a 281 474 1
a 282 490 3
a 283 120 7
a 284 49 10
a 284 130 8
a 284 181 10
a 285 332 5
a 285 352 3
a 286 228 4
a 286 666 1
a 287 618 1
a 288 482 9
a 289 488 10
a 289 673 1
a 290 19 5
a 291 93 9
a 291 426 10
a 292 212 7
a 292 659 8
a 293 388 3
a 293 428 8
a 293 666 1
a 294 123 3
a 294 505 1
a 295 241 1
a 295 289 3
a 296 454 9
a 297 490 1
a 297 538 8
a 298 550 9
a 299 241 2
a 299 373 3
a 300 33 5
a 300 215 3
a 301 206 6
a 301 432 8
a 301 466 2
a 302 192 3
a 302 676 7
a 303 95 4
a 303 207 3
a 303 528 5
a 304 19 1
a 305 300 6
a 305 579 7
a 306 44 10
a 306 74 9
a 306 369 6
a 307 8 1
a 307 44 7
a 307 650 6
a 308 107 9
a 309 197 1
a 309 507 1
a 310 194 2
a 310 420 9
a 310 596 7
a 310 614 9
a 311 277 4
a 311 629 2
a 312 258 3
a 312 510 8
a 313 580 5
a 314 451 9
a 315 214 9
a 315 487 9
a 315 588 6
a 316 143 4
a 316 322 9
a 316 377 6
a 317 530 8
a 318 133 6
a 319 402 1
a 320 246 2
a 320 610 6
a 321 620 5
a 321 683 8
a 322 166 8
a 322 481 8
a 323 56 8
a 323 137 8
a 324 549 1
a 324 700 5
a 325 212 5
a 325 628 10
a 325 685 2
a 326 18 7
a 326 89 3
a 327 338 7
a 327 599 2
a 328 244 2
a 329 118 1
a 329 261 10
a 330 317 3
a 331 417 4
a 331 551 2
a 332 493 10
a 333 118 3
a 333 185 4
a 333 330 6
a 334 130 3
a 335 327 6
a 336 167 2
a 336 172 5
a 336 181 8
a 337 41 7
a 337 51 7
a 337 143 8
a 337 658 2
a 338 137 2
a 338 366 4
a 338 422 6
a 339 620 6
a 340 19 2
a 340 322 7
a 340 331 5
a 340 655 3
a 341 488 6
a 342 657 4
a 343 2 4
a 343 499 2
a 344 682 7
a 345 304 1
a 346 302 6
a 346 389 5
a 347 400 6
a 348 516 8
a 348 579 10
a 349 10 3
a 349 546 8
a 350 435 10
a 350 557 1
a 351 336 7
a 351 367 6
a 351 469 9
a 352 85 7
a 352 407 4
a 353 13 7
a 353 489 5
a 354 48 2
a 355 285 2
a 355 290 10
a 355 661 2
a 356 202 6
a 356 240 1
a 357 22 4
a 357 636 3
a 358 405 2
a 358 689 3
a 359 178 4
a 359 497 2
a 359 616 4
a 360 60 1
a 360 195 10
a 361 182 6
a 361 541 3
a 362 159 5
a 362 595 5
a 363 88 8
a 364 93 7
a 365 14 5
a 366 122 7
a 366 253 7
a 367 673 1
a 368 419 2
a 369 13 6
a 369 448 9
a 370 89 5
a 370 437 9
a 370 457 3
a 371 88 9
a 371 359 2
a 372 474 3
a 373 511 9
a 373 520 1
a 373 661 5
a 374 344 3
a 374 381 6
a 375 15 6
a 376 374 7
a 377 287 7
a 377 645 2
a 377 680 7
a 378 492 10
a 379 458 2
a 380 154 10
a 380 662 6
a 381 207 5
a 382 61 6
a 383 663 5
a 383 694 7
a 384 193 7
a 384 438 10
a 385 157 3
a 385 514 4
a 386 73 5
a 386 122 7
a 386 174 4
a 386 274 8
a 387 492 10
a 387 667 7
a 388 598 4
a 389 384 3
a 389 624 6
a 390 505 3
a 391 176 9
a 391 508 8
a 392 217 7
a 392 412 5
a 393 614 6
a 394 468 4
a 395 255 7
a 395 272 3
a 395 598 6
a 396 379 9
a 397 265 7
a 398 696 7
a 399 254 6
a 399 498 1
a 399 552 2
a 400 76 5
a 400 196 1
a 400 324 5
a 400 632 5
a 401 156 6
a 402 356 7
a 403 263 9
a 404 670 10
a 405 553 4
a 406 49 1
a 406 182 6
a 406 525 8
a 407 234 9
a 407 288 10
a 408 284 1
a 408 309 3
a 408 497 5
a 409 219 8
a 409 445 10
a 409 612 7
a 410 462 5
a 410 511 2
a 411 682 10
a 411 688 4
a 412 423 1
a 412 540 2
a 412 601 4
a 413 340 4
a 413 592 3
a 414 198 1
a 414 447 2
a 414 580 8
a 415 72 3
a 415 697 2
a 416 420 8
a 417 98 7
a 417 212 7
a 418 42 8
a 418 305 1
a 418 639 10
a 419 64 5
a 419 147 9
a 419 267 9
a 419 270 10
a 419 425 6
a 420 69 1
a 420 71 9
a 421 149 3
a 421 392 7
a 422 371 1
a 422 393 6
a 423 401 5
a 423 493 1
a 423 516 10
a 424 137 6
a 424 334 5
a 425 43 4
a 425 350 6
a 425 689 6
a 426 554 2
a 426 619 2
a 427 321 2
a 427 338 9
a 427 364 7
a 427 527 3
a 427 612 5
a 428 70 10
a 429 570 3
a 429 646 5
a 430 554 1
a 431 417 10
a 431 513 9
a 432 692 7
a 433 266 8
a 433 502 4
a 434 475 1
a 434 541 8
a 435 382 6
a 435 617 10
a 436 15 10
a 436 176 2
a 437 363 7
a 437 395 9
a 437 577 8
a 438 643 3
a 439 231 9
a 439 545 6
a 440 367 4
a 441 567 9
a 442 19 5
a 443 280 5
a 444 189 5
a 444 281 7
a 444 406 3
a 445 380 2
a 445 470 1
a 446 552 9
a 446 562 10
a 447 114 1
a 447 171 10
a 447 383 10
a 447 559 4
a 448 286 7
a 448 651 10
a 449 489 10
a 450 232 3
a 451 412 4
a 451 486 8
a 452 391 10
a 453 401 9
a 453 569 9
a 454 457 4
a 454 460 9
a 455 59 9
a 455 619 9
a 456 98 4
a 456 534 8
a 456 607 9
a 457 230 6
a 457 623 5
a 458 189 9
a 458 196 8
a 459 647 6
a 460 62 3
a 460 143 3
a 460 545 2
a 460 665 6
a 461 36 3
a 462 161 8
a 462 213 6
a 463 129 1
a 463 245 5
a 464 533 6
a 465 176 4
a 465 341 9
a 466 419 9
a 467 160 3
a 467 376 10
a 467 379 2
a 468 118 3
a 468 481 2
a 469 200 1
a 469 409 4
a 470 453 8
a 470 582 6
a 471 540 5
a 472 371 10
a 472 432 8
a 473 6 5
a 473 505 9
a 474 60 8
a 474 221 8
a 475 286 5
a 475 511 7
a 476 133 10
a 476 482 2
a 476 504 1
a 477 188 4
a 477 509 1
a 478 143 5
a 479 28 8
a 479 220 7
a 479 335 9
a 480 25 3
a 480 116 1
a 480 421 7
a 480 572 6
a 481 77 2
a 481 463 4
a 482 144 3
a 482 403 6
a 482 566 4
a 482 635 4
a 482 643 2
a 483 145 3
a 484 99 7
a 484 301 2
a 484 348 2
a 485 509 2
a 486 328 9
a 487 441 1
a 487 528 7
a 487 674 9
a 488 54 5
a 488 365 7
a 488 374 9
a 489 460 5
a 490 175 4
a 490 503 6
a 490 513 8
a 491 140 7
a 491 353 2
a 491 581 5
a 491 675 1
a 492 547 6
a 493 435 5
a 494 87 2
a 494 414 2
a 495 48 3
a 496 439 5
a 497 148 4
a 498 296 7
a 498 323 2
a 499 609 1
a 499 695 7
a 500 52 1
a 500 375 8
a 501 209 5
a 502 17 6
a 502 126 4
a 503 134 8
a 503 450 4
a 504 154 8
a 504 194 5
a 504 253 1
a 505 364 6
a 506 101 1
a 506 402 8
a 506 536 10
a 507 64 1
a 507 229 5
a 508 328 2
a 508 393 1
a 509 84 4
a 509 90 4
a 509 196 6
a 509 257 10
a 509 587 9
a 510 669 8
a 511 118 10
a 511 542 5
a 512 156 3
a 512 387 5
a 513 385 1
a 514 483 5
a 515 176 9
a 515 413 10
a 515 434 10
a 516 517 7
a 517 561 9
a 517 669 1
a 518 317 5
a 518 372 7
a 518 401 5
a 518 492 3
a 518 642 8
a 519 155 9
a 519 692 3
a 520 284 9
a 520 295 10
a 520 585 5
a 521 89 1
a 521 115 2
a 521 345 8
a 521 611 6
a 522 469 5
a 523 351 7
a 523 629 6
a 524 168 8
a 524 263 2
a 525 523 4
a 526 183 9
a 527 62 9
a 527 303 5
a 528 69 8
a 528 386 4
a 529 640 6
a 529 691 2
a 530 5 2
a 530 660 1
a 531 72 10
a 532 514 4
a 532 564 7
a 533 30 9
a 533 288 2
a 533 602 2
a 533 697 4
a 534 25 1
a 534 238 6
a 534 375 1
a 534 673 1
a 535 434 1
a 535 547 7
a 535 690 6
a 536 78 2
a 536 652 8
a 537 306 3
a 537 315 6
a 537 404 2
a 537 646 1
a 538 418 1
a 539 97 7
a 539 200 1
a 539 594 4
a 540 12 8
a 540 674 10
a 540 698 6
a 541 166 8
a 541 326 7
a 541 441 6
a 542 492 10
a 543 447 9
a 543 467 9
a 544 15 10
a 544 88 7
a 544 232 4
a 544 371 2
a 545 326 2
a 546 412 5
a 547 156 3
a 548 429 5
a 548 512 3
a 548 634 1
a 549 27 10
a 549 185 1
a 549 198 7
a 549 482 1
a 550 428 4
a 551 184 4
a 551 424 3
a 552 366 7
a 552 528 10
a 552 531 4
a 552 554 3
a 553 121 7
a 553 152 2
a 554 219 10
a 555 154 5
a 555 677 5
a 556 44 9
a 557 420 1
a 558 391 6
a 559 149 9
a 559 226 7
a 560 691 1
a 561 436 9
a 562 283 7
a 562 428 6
a 563 333 7
a 563 502 8
a 563 512 8
a 564 643 4
a 565 276 4
a 565 532 4
a 566 586 3
a 566 700 1
a 567 330 7
a 568 17 10
a 568 216 4
a 569 21 1
a 570 7 3
a 570 390 7
a 570 498 6
a 571 53 4
a 571 377 6
a 572 646 1
a 573 34 8
a 574 490 4
a 574 581 2
a 575 435 10
a 575 464 2
a 575 478 2
a 576 2 4
a 576 271 4
a 577 42 7
a 577 476 2
a 578 511 8
a 579 459 2
a 579 471 2
a 579 483 1
a 580 82 2
a 580 113 10
a 580 148 6
a 581 143 10
a 581 319 5
a 581 551 6
a 581 608 2
a 582 401 9
a 583 431 9
a 583 683 4
a 584 190 2
a 584 254 10
a 584 391 8
a 585 42 6
a 585 105 4
a 585 130 3
a 585 551 3
a 586 334 9
a 586 368 2
a 586 535 8
a 587 119 5
a 588 332 1
a 589 680 6
a 590 63 8
a 590 327 8
a 591 96 10
a 591 483 5
a 591 484 2
a 591 598 8
a 592 489 3
a 593 37 4
a 593 269 5
a 593 403 8
a 593 555 1
a 594 127 9
a 595 339 8
a 595 619 6
a 596 450 1
a 597 415 4
a 597 553 1
a 597 566 2
a 598 221 6
a 599 164 8
a 599 697 1
a 600 169 8
a 600 281 3
a 600 404 3
a 600 586 8
a 601 244 7
a 601 270 6
a 601 276 9
a 602 240 5
a 603 151 4
a 603 355 2
a 603 459 9
a 603 670 8
a 604 152 6
a 605 90 7
a 605 519 10
a 606 473 10
a 606 520 1
a 607 382 5
a 608 3 1
a 608 296 5
a 608 477 5
a 609 181 4
a 609 477 1
a 610 68 10
a 610 318 2
a 610 479 1
a 611 450 5
a 611 591 6
a 612 73 2
a 613 411 6
a 614 124 2
a 614 272 10
a 614 276 6
a 615 111 9
a 616 45 9
a 617 140 3
a 618 230 1
a 618 342 9
a 619 315 3
a 620 209 8
a 620 227 9
a 620 392 6
a 620 454 2
a 620 688 6
a 621 167 6
a 622 521 3
a 623 599 6
a 624 109 7
a 624 333 4
a 624 672 3
a 625 348 10
a 625 589 5
a 626 86 1
a 626 230 7
a 627 195 1
a 627 298 3
a 627 445 3
a 628 202 4
a 628 408 10
a 628 418 5
a 629 518 2
a 630 594 2
a 631 208 10
a 631 296 3
a 632 304 3
a 632 358 7
a 633 269 6
a 633 428 9
a 633 494 8
a 633 603 7
a 634 626 4
a 635 115 7
a 635 316 10
a 635 556 10
a 636 275 5
a 636 668 3
a 636 676 10
a 637 38 10
a 637 560 9
a 637 584 10
a 638 344 7
a 638 648 1
a 638 687 1
a 639 48 7
a 639 135 1
a 639 524 9
a 640 237 1
a 641 25 1
a 642 348 3
a 642 392 3
a 643 395 5
a 644 175 10
a 645 424 6
a 645 463 5
a 645 630 7
a 646 192 3
a 646 249 7
a 647 293 5
a 648 110 1
a 648 259 4
a 648 451 4
a 648 536 1
a 649 112 6
a 649 394 6
a 649 452 7
a 650 421 10
a 650 696 10
a 651 122 1
a 651 461 2
a 652 109 9
a 653 656 4
a 654 112 2
a 654 257 6
a 654 363 6
a 654 416 4
a 654 588 8
a 655 220 6
a 655 653 10
a 656 109 9
a 656 444 2
a 656 491 7
a 657 16 9
a 657 571 9
a 658 82 4
a 659 510 2
a 660 250 7
a 660 473 2
a 661 428 10
a 662 223 6
a 662 346 10
a 662 450 8
a 663 242 4
a 663 279 7
a 664 404 4
a 665 506 10
a 666 9 5
a 666 625 3
a 667 205 4
a 667 485 9
a 668 266 9
a 668 572 7
a 669 641 7
a 670 224 3
a 671 411 5
a 671 681 6
a 672 455 2
a 673 106 7
a 673 192 5
a 674 339 7
a 675 209 9
a 675 228 7
a 676 201 10
a 677 583 5
a 677 686 5
a 678 272 8
a 679 372 5
a 679 613 3
a 680 99 5
a 680 204 1
a 680 301 3
a 680 318 3
a 680 678 3
a 681 80 6
a 681 531 5
a 682 26 4
a 682 163 10
a 682 602 9
a 683 448 10
a 683 604 9
a 684 233 4
a 684 368 10
a 684 390 5
a 685 304 3
a 685 449 3
a 686 111 10
a 686 307 1
a 687 603 5
a 688 332 1
a 688 400 5
a 688 421 2
a 689 201 6
a 690 326 10
a 691 130 10
a 691 304 8
a 691 307 2
a 692 65 10
a 692 410 1
a 693 440 10
a 694 287 9
a 694 291 6
a 694 487 8
a 695 668 7
a 696 233 5
a 696 343 10
a 696 624 5
a 697 170 1
a 697 216 8
a 697 327 4
a 697 622 7
a 698 330 2
a 698 664 6
a 699 320 3
