p max 700 1400
n 1 s
n 700 t
a 1 468 5
a 1 669 6
a 2 670 3
a 3 132 9
a 3 224 8
a 4 153 3
a 4 566 8
a 5 6 9
a 6 75 8
a 7 588 10
a 8 31 7
a 8 84 3
a 9 89 1
a 9 149 2
a 9 457 9
a 10 176 6
a 10 536 1
a 11 115 4
a 11 379 9
a 11 587 2
a 12 58 3
a 12 150 8
a 12 302 10
a 12 539 1
a 12 575 6
a 13 200 5
a 14 124 8
a 14 172 7
a 14 503 2
a 15 607 2
a 15 666 9
a 16 658 8
a 17 136 1
a 17 316 3
a 17 483 5
a 18 431 5
a 19 527 7
a 19 649 7
a 20 634 1
a 20 654 5
a 21 108 3
a 21 642 9
a 22 288 2
a 23 22 7
a 23 226 6
a 24 617 5
a 24 689 4
a 25 30 1
a 26 58 4
a 26 586 7
a 27 40 10
a 27 201 6
a 27 286 4
a 27 354 2
a 27 383 4
a 27 401 4
a 27 649 4
a 28 144 5
a 28 260 4
a 28 282 2
a 28 534 1
a 29 276 8
a 29 559 7
a 29 621 4
a 30 696 8
a 31 300 1
a 31 433 1
a 31 480 1
a 32 71 2
a 32 348 4
a 32 641 9
a 33 374 6
a 33 668 4
a 34 389 9
a 35 30 9
a 35 114 10
a 35 213 7
a 36 200 10
a 37 625 3
a 38 612 9
a 39 56 8
a 39 127 5
a 39 631 10
a 40 83 8
a 40 159 7
a 41 413 8
a 42 373 9
a 42 501 9
a 43 251 3
a 44 476 3
a 44 576 7
a 44 614 2
a 45 21 4
a 45 448 3
a 46 34 3
a 46 72 10
a 47 107 8
a 47 462 3
a 48 192 8
a 48 367 8
a 48 568 2
a 49 10 2
a 49 270 6
a 49 311 5
a 50 112 7
a 51 38 5
a 51 45 1
a 51 637 9
a 52 112 4
a 52 504 2
a 53 533 9
a 54 240 2
a 54 449 7
a 54 545 8
a 55 51 6
a 55 340 5
a 56 321 5
a 56 420 10
a 56 602 4
a 57 233 3
a 57 334 4
a 58 92 10
a 58 410 2
a 59 236 1
a 59 495 9
a 60 33 3
a 60 263 3
a 60 321 7
a 61 325 1
a 61 376 5
a 61 487 4
a 62 136 1
a 63 272 8
a 63 444 1
a 64 239 7
a 65 322 8
a 66 337 4
a 66 460 4
a 66 530 9
a 67 100 6
a 67 568 6
a 68 425 6
a 69 390 4
a 70 45 6
a 70 319 6
a 71 177 9
a 71 345 9
a 72 126 2
a 73 349 7
a 73 561 7
a 74 375 4
a 74 525 4
a 75 62 9
a 76 118 4
a 76 537 3
a 77 99 5
a 77 583 2
a 78 99 10
a 78 339 5
a 78 674 8
a 79 291 3
a 79 600 2
a 79 658 5
a 80 68 3
a 80 274 9
a 80 498 1
a 80 511 8
a 81 292 5
a 81 344 1
a 81 350 2
a 82 28 4
a 82 230 3
a 82 264 3
a 82 368 8
a 83 20 2
a 83 509 6
a 84 431 10
a 85 505 6
a 86 291 10
a 87 23 10
a 87 341 6
a 88 136 9
a 88 491 5
a 89 91 1
a 90 173 1
a 90 542 6
a 91 219 1
a 91 221 3
a 91 421 4
a 91 492 4
a 92 413 7
a 92 656 4
a 93 5 2
a 94 117 4
a 94 546 5
a 95 175 4
a 95 425 9
a 96 200 2
a 96 479 5
a 97 204 5
a 97 438 4
a 98 15 4
a 98 607 5
a 99 397 9
a 99 591 8
a 100 76 7
a 100 385 10
a 101 8 9
a 101 88 7
a 101 532 7
a 101 700 3
a 102 24 9
a 102 430 5
a 103 298 8
a 103 654 7
a 104 94 3
a 104 183 3
a 104 345 9
a 104 519 5
a 105 199 2
a 106 276 2
a 106 394 1
a 106 441 8
a 106 469 8
a 107 213 10
a 107 608 8
a 107 618 1
a 108 274 5
a 108 333 1
a 108 413 7
a 108 674 1
a 109 360 8
a 110 207 9
a 110 227 9
a 111 275 10
a 111 517 8
a 111 691 3
a 112 211 9
a 112 481 3
a 113 8 2
a 113 634 10
a 114 123 10
a 114 253 7
a 114 578 7
a 114 694 7
a 115 327 5
a 115 411 8
a 115 644 9
a 116 166 3
a 117 236 5
a 117 337 10
a 117 518 8
a 117 625 1
a 117 668 6
a 118 3 5
a 119 276 1
a 120 138 3
a 121 651 10
a 122 39 5
a 123 120 9
a 123 156 9
a 124 404 10
a 125 681 6
a 126 614 9
a 127 409 3
a 128 463 8
a 128 568 8
a 129 353 9
a 129 380 8
a 130 46 9
a 130 238 7
a 130 308 10
a 130 407 8
a 130 416 5
a 131 27 7
a 131 297 6
a 132 198 5
a 133 425 2
a 133 648 4
a 134 59 5
a 134 590 3
a 135 331 5
a 135 503 10
a 135 682 7
a 136 71 5
a 136 93 2
a 136 551 7
a 137 222 10
a 137 359 1
a 138 637 1
a 138 680 8
a 139 158 9
a 140 455 1
a 140 572 5
a 140 687 4
a 140 696 6
a 141 278 5
a 142 164 1
a 142 488 4
a 142 537 8
a 143 649 4
a 144 96 6
a 144 310 6
a 144 468 7
a 144 639 4
a 145 182 5
a 145 657 3
a 146 168 2
a 146 650 7
a 147 350 8
a 147 548 2
a 148 560 4
a 149 18 6
a 149 480 6
a 150 365 9
a 151 33 4
a 151 364 4
a 152 133 1
a 153 300 5
a 154 244 6
a 154 389 7
a 154 688 6
a 155 253 7
a 155 598 1
a 156 76 5
a 156 355 7
a 157 67 6
a 157 143 10
a 157 202 8
a 158 42 10
a 159 464 3
a 159 627 9
a 160 388 6
a 161 243 4
a 161 498 2
a 162 52 6
a 162 233 5
a 162 342 9
a 163 147 4
a 163 696 5
a 164 237 8
a 164 646 8
a 165 192 6
a 166 77 6
a 166 237 7
a 167 235 9
a 167 287 6
a 168 313 10
a 168 682 1
a 169 104 3
a 169 187 7
a 170 677 5
a 171 21 2
a 171 223 1
a 171 251 4
a 171 676 6
a 172 156 5
a 172 230 3
a 172 593 7
a 173 536 3
a 174 154 1
a 174 187 10
a 174 391 10
a 174 601 2
a 175 91 9
a 175 391 7
a 175 479 9
a 175 549 9
a 176 207 2
a 176 228 1
a 176 311 8
a 176 562 9
a 177 17 10
a 178 95 9
a 179 197 9
a 179 645 9
a 179 683 8
a 180 42 10
a 180 111 6
a 180 435 2
a 181 374 6
a 182 53 8
a 182 103 4
a 182 168 8
a 182 458 2
a 183 213 9
a 183 606 6
a 184 248 3
a 184 670 3
a 185 422 10
a 186 493 3
a 186 584 9
a 186 635 7
a 187 23 8
a 187 194 8
a 187 646 1
a 188 359 7
a 188 366 6
a 189 261 1
a 189 382 4
a 189 521 4
a 189 582 1
a 189 586 7
a 190 266 1
a 190 478 8
a 191 392 6
a 191 471 4
a 191 626 10
a 192 63 5
a 192 555 4
a 193 91 6
a 193 372 8
a 194 440 4
a 194 566 3
a 195 472 1
a 196 80 6
a 197 260 8
a 197 411 10
a 197 429 9
a 198 39 5
a 198 658 5
a 199 393 10
a 199 434 5
a 199 643 6
a 200 523 3
a 200 672 5
a 200 699 10
a 201 37 5
a 201 622 3
a 202 227 8
a 203 90 2
a 204 613 10
a 205 273 10
a 205 315 6
a 206 42 10
a 206 560 7
a 206 623 8
a 207 12 2
a 207 43 4
a 207 329 6
a 207 603 5
a 208 60 6
a 208 600 3
a 209 344 8
a 210 36 5
a 210 248 7
a 210 462 8
a 211 161 10
a 211 360 4
a 212 269 2
a 212 431 6
a 213 142 10
a 213 601 2
a 214 13 10
a 214 466 10
a 215 101 1
a 215 437 9
a 215 697 6
a 216 351 4
a 216 447 3
a 217 26 8
a 218 417 10
a 218 540 4
a 218 607 7
a 218 646 6
a 219 474 4
a 220 222 10
a 221 467 7
a 221 571 8
a 222 642 1
a 223 20 2
a 223 131 3
a 223 252 8
a 223 254 5
a 223 306 10
a 224 295 7
a 224 326 3
a 225 245 7
a 225 634 5
a 226 256 9
a 226 674 2
a 227 432 9
a 227 616 3
a 228 477 9
a 229 459 9
a 230 600 10
a 231 61 8
a 231 128 1
a 231 371 10
a 231 377 1
a 231 663 9
a 232 488 2
a 232 547 5
a 232 560 4
a 233 322 6
a 233 660 8
a 234 636 3
a 235 308 5
a 235 395 4
a 236 362 8
a 236 502 8
a 236 520 7
a 236 596 9
a 236 602 2
a 237 338 8
a 237 446 1
a 238 69 6
a 238 283 3
a 239 52 6
a 240 344 7
a 240 543 3
a 241 137 1
a 241 500 4
a 242 22 8
a 242 160 5
a 243 77 6
a 243 632 4
a 244 206 4
a 244 290 9
a 244 459 3
a 245 67 10
a 245 613 5
a 246 301 3
a 246 679 9
a 247 364 4
a 248 7 10
a 248 286 8
a 249 556 7
a 249 567 6
a 249 622 6
a 250 108 3
a 250 631 5
a 251 184 2
a 251 262 9
a 252 588 9
a 252 591 5
a 253 384 9
a 253 564 8
a 254 17 8
a 254 293 2
a 254 350 4
a 254 449 2
a 255 98 2
a 255 263 4
a 255 500 9
a 256 579 2
a 257 222 2
a 257 589 9
a 258 166 2
a 258 249 7
a 259 214 7
a 259 639 1
a 260 191 5
a 260 510 7
a 261 248 2
a 261 323 9
a 262 136 5
a 263 134 1
a 263 344 10
a 263 424 9
a 264 418 2
a 264 569 4
a 265 222 4
a 265 247 10
a 266 459 6
a 267 259 3
a 268 189 3
a 268 300 6
a 269 146 2
a 269 379 6
a 269 659 5
a 270 134 3
a 271 409 8
a 271 473 3
a 271 614 3
a 272 464 10
a 272 552 8
a 273 100 9
a 274 388 4
a 275 94 3
a 276 570 9
a 277 188 8
a 278 637 2
a 279 691 4
a 280 5 10
a 280 669 6
a 281 162 6
a 281 177 6
a 281 343 9
a 282 161 10
a 282 188 8
a 282 380 9
a 282 588 8
a 283 277 1
a 283 339 3
a 283 590 5
a 284 84 9
a 284 115 10
a 284 537 1
a 285 366 5
a 285 489 6
a 285 519 7
a 286 34 7
a 286 108 4
a 286 265 6
a 286 378 9
a 286 426 4
a 287 412 9
a 287 531 2
a 287 538 6
a 287 611 1
a 287 633 2
a 288 385 1
a 289 313 3
a 289 647 9
a 290 48 9
a 290 233 7
a 290 457 5
a 290 657 4
a 291 306 3
a 292 595 6
a 292 638 1
a 292 687 1
a 293 393 9
a 293 445 4
a 294 74 4
a 294 190 7
a 294 579 6
a 295 225 3
a 295 281 1
a 295 444 5
a 296 6 8
a 296 385 2
a 296 655 8
a 297 440 7
a 297 451 10
a 298 9 4
a 298 454 2
a 298 665 8
a 299 294 9
a 300 332 9
a 300 557 8
a 301 51 5
a 301 85 8
a 301 235 10
a 301 541 8
a 302 416 4
a 302 428 5
a 302 496 5
a 302 612 10
a 303 459 5
a 304 668 3
a 305 127 9
a 306 70 8
a 306 453 2
a 306 496 8
a 307 30 4
a 307 573 6
a 308 87 1
a 308 169 3
a 309 133 5
a 309 382 8
a 309 522 7
a 309 611 10
a 310 146 7
a 311 9 9
a 311 17 2
a 311 485 1
a 311 558 7
a 312 402 2
a 312 538 5
a 313 107 5
a 313 136 5
a 314 491 3
a 315 700 2
a 316 474 6
a 317 95 7
a 317 535 5
a 318 409 10
a 319 332 8
a 319 445 6
a 320 282 1
a 321 42 1
a 321 613 1
a 321 686 9
a 322 324 6
a 323 398 8
a 324 90 4
a 325 359 1
a 326 565 7
a 326 636 2
a 327 484 9
a 328 580 10
a 328 648 7
a 329 490 2
a 329 516 1
a 330 198 3
a 331 550 8
a 332 182 10
a 332 209 10
a 333 32 7
a 333 98 2
a 333 405 5
a 334 317 2
a 334 692 6
a 335 440 2
a 335 504 2
a 336 261 10
a 337 270 2
a 337 480 6
a 338 546 1
a 339 466 3
a 340 29 7
a 340 109 6
a 340 631 4
a 341 219 4
a 342 357 3
a 342 511 10
a 343 275 1
a 344 603 10
a 345 363 3
a 345 458 7
a 346 14 4
a 346 191 5
a 347 188 2
a 348 205 2
a 348 494 4
a 349 92 5
a 349 529 5
a 350 259 5
a 351 567 6
a 352 426 4
a 353 444 9
a 354 176 6
a 354 661 4
a 355 29 9
a 355 148 6
a 355 334 5
a 356 124 3
a 356 199 5
a 357 105 10
a 357 172 10
a 357 577 1
a 358 627 9
a 358 634 5
a 359 609 8
a 359 691 3
a 360 193 6
a 360 414 1
a 361 208 1
a 362 69 3
a 362 635 1
a 363 487 1
a 363 618 9
a 364 450 9
a 364 511 2
a 365 259 3
a 365 290 2
a 365 404 7
a 365 589 7
a 365 671 1
a 366 180 2
a 367 626 5
a 368 382 8
a 369 536 7
a 369 538 4
a 370 165 2
a 370 199 2
a 370 255 6
a 370 698 7
a 371 555 4
a 372 297 3
a 372 634 9
a 373 250 9
a 374 51 2
a 374 151 5
a 374 175 4
a 374 585 7
a 375 106 3
a 375 198 9
a 375 490 10
a 375 692 5
a 376 124 5
a 376 178 4
a 376 215 3
a 377 623 3
a 377 685 1
a 378 81 8
a 378 208 1
a 379 422 6
a 379 463 6
a 379 565 4
a 380 335 8
a 381 57 1
a 382 503 5
a 382 693 5
a 383 395 1
a 384 79 4
a 384 217 6
a 384 382 8
a 384 428 6
a 384 617 2
a 385 270 2
a 386 450 7
a 387 388 1
a 387 631 1
a 388 116 1
a 388 186 3
a 388 214 10
a 389 98 1
a 390 510 1
a 391 20 7
a 391 444 4
a 392 643 10
a 393 311 8
a 393 506 2
a 394 208 7
a 395 264 8
a 396 60 3
a 396 183 6
a 396 626 3
a 397 625 7
a 398 353 8
a 398 480 8
a 399 410 5
a 399 561 6
a 400 192 3
a 401 152 6
a 401 203 5
a 402 447 1
a 402 670 2
a 403 168 6
a 404 414 9
a 405 63 2
a 405 678 2
a 406 440 6
a 406 597 9
a 407 559 5
a 408 85 7
a 409 95 8
a 410 90 7
a 410 686 8
a 411 101 10
a 411 167 6
a 411 307 4
a 411 562 10
a 412 266 7
a 412 309 8
a 412 335 2
a 413 54 4
a 414 196 5
a 414 508 3
a 415 352 9
a 415 354 6
a 415 477 2
a 416 66 4
a 416 179 1
a 416 288 7
a 416 406 4
a 417 320 3
a 417 560 5
a 418 533 2
a 419 305 8
a 420 505 9
a 421 64 6
a 421 123 5
a 421 230 8
a 422 457 3
a 423 107 5
a 423 667 6
a 424 313 5
a 424 430 1
a 424 486 7
a 425 345 9
a 426 381 7
a 426 425 9
a 426 570 2
a 427 354 5
a 427 513 2
a 427 604 4
a 428 320 4
a 428 472 6
a 429 22 9
a 429 83 4
a 430 33 9
a 431 585 4
a 432 266 5
a 433 499 10
a 434 553 4
a 435 439 2
a 435 468 10
a 435 644 8
a 435 653 5
a 436 180 4
a 437 28 1
a 437 476 9
a 437 478 10
a 438 45 9
a 438 274 3
a 439 88 5
a 440 407 10
a 440 452 1
a 441 113 4
a 441 183 8
a 442 461 8
a 442 470 6
a 442 484 10
a 443 409 2
a 444 229 1
a 445 279 1
a 446 60 8
a 446 255 7
a 447 285 2
a 447 403 2
a 447 408 10
a 447 535 1
a 447 617 1
a 448 474 2
a 448 612 1
a 449 125 5
a 449 174 6
a 449 466 10
a 450 127 8
a 451 84 8
a 451 605 3
a 452 359 6
a 453 189 8
a 454 287 9
a 454 660 8
a 455 47 1
a 455 67 10
a 455 608 2
a 456 55 1
a 456 135 1
a 456 399 10
a 456 695 9
a 457 78 7
a 457 80 5
a 457 327 9
a 458 370 6
a 458 403 6
a 459 482 5
a 459 529 8
a 460 91 9
a 460 184 10
a 461 81 3
a 461 325 4
a 462 191 10
a 462 678 5
a 463 121 6
a 464 111 1
a 465 527 4
a 466 18 6
a 466 181 1
a 466 400 8
a 467 145 1
a 467 194 9
a 467 619 4
a 468 294 9
a 468 586 5
a 469 202 2
a 470 467 7
a 470 484 8
a 471 520 5
a 472 390 7
a 472 664 4
a 473 22 2
a 474 201 10
a 475 332 4
a 475 550 8
a 476 244 9
a 477 292 4
a 477 330 9
a 477 512 6
a 478 172 9
a 478 185 10
a 478 358 7
a 478 620 9
a 478 700 5
a 479 190 8
a 479 368 6
a 480 273 7
a 480 640 6
a 480 673 10
a 481 253 6
a 481 443 4
a 482 69 8
a 483 49 5
a 483 436 9
a 484 296 8
a 484 436 6
a 484 624 2
a 485 37 2
a 486 152 6
a 487 163 4
a 487 530 4
a 488 35 7
a 488 58 10
a 488 677 10
a 489 218 6
a 489 258 10
a 489 346 6
a 489 629 1
a 490 650 10
a 491 213 2
a 491 594 4
a 492 403 4
a 493 7 3
a 493 60 3
a 493 75 3
a 494 116 10
a 494 314 4
a 495 442 1
a 495 622 2
a 495 664 3
a 496 468 9
a 496 650 2
a 496 659 8
a 497 522 1
a 498 116 4
a 498 675 1
a 499 267 3
a 499 280 5
a 500 166 7
a 500 524 1
a 500 643 7
a 501 126 6
a 501 396 7
a 502 173 9
a 502 499 4
a 502 661 4
a 503 109 8
a 504 32 1
a 504 479 3
a 504 610 5
a 505 195 3
a 506 307 6
a 506 592 10
a 507 439 5
a 508 266 5
a 508 338 6
a 509 552 8
a 510 493 9
a 511 175 8
a 512 675 1
a 513 120 5
a 513 582 10
a 514 568 8
a 514 651 7
a 515 120 8
a 515 191 2
a 516 229 10
a 516 355 5
a 516 386 10
a 516 426 2
a 517 513 4
a 517 681 9
a 518 47 7
a 518 155 10
a 518 294 7
a 519 155 3
a 520 3 6
a 520 161 3
a 520 170 10
a 520 220 3
a 520 225 9
a 521 127 1
a 521 138 4
a 521 278 2
a 521 691 7
a 522 449 4
a 522 507 9
a 522 641 9
a 523 113 4
a 523 418 4
a 524 76 4
a 525 444 7
a 526 415 7
a 527 375 4
a 528 259 9
a 529 511 10
a 530 136 7
a 530 396 1
a 531 26 1
a 531 239 9
a 531 688 3
a 532 640 6
a 533 318 10
a 533 455 4
a 534 443 7
a 534 579 4
a 534 690 5
a 535 690 8
a 536 54 7
a 536 176 6
a 537 303 9
a 537 342 5
a 538 122 5
a 538 466 2
a 539 47 6
a 539 205 10
a 540 203 4
a 540 297 8
a 541 264 5
a 542 81 5
a 543 78 10
a 543 662 5
a 543 683 3
a 544 417 4
a 544 525 5
a 545 441 8
a 545 661 6
a 546 41 7
a 546 617 3
a 547 14 6
a 547 65 7
a 547 371 10
a 547 475 8
a 547 684 9
a 548 164 9
a 549 120 1
a 549 463 7
a 550 139 6
a 550 507 3
a 551 391 8
a 552 249 9
a 553 313 1
a 553 514 10
a 554 126 1
a 554 288 8
a 554 545 8
a 555 212 4
a 555 509 3
a 556 356 9
a 556 557 2
a 557 352 5
a 557 384 8
a 558 208 6
a 559 129 5
a 560 258 4
a 560 328 8
a 560 480 10
a 561 500 5
a 562 262 5
a 563 234 7
a 563 621 10
a 564 392 10
a 565 180 8
a 566 442 1
a 566 699 1
a 567 607 2
a 568 11 9
a 568 73 10
a 568 162 6
a 568 484 8
a 568 699 7
a 569 83 3
a 570 22 1
a 571 304 4
a 571 536 6
a 572 130 9
a 572 430 8
a 572 580 8
a 573 493 4
a 573 535 8
a 574 556 7
a 575 183 8
a 576 491 8
a 577 418 1
a 578 257 5
a 578 404 1
a 579 98 3
a 579 295 10
a 580 336 1
a 580 501 4
a 580 685 5
a 581 321 3
a 582 497 7
a 582 554 10
a 583 144 8
a 584 192 4
a 585 86 10
a 585 125 8
a 585 324 2
a 585 508 7
a 586 278 10
a 587 287 4
a 588 660 2
a 589 611 7
a 590 219 10
a 590 465 2
a 591 115 10
a 592 347 8
a 592 471 6
a 593 58 3
a 594 285 9
a 595 315 3
a 595 392 2
a 596 116 2
a 597 191 6
a 597 321 6
a 597 628 4
a 597 668 1
a 598 216 2
a 598 447 6
a 599 25 9
a 599 533 7
a 600 16 2
a 600 246 10
a 600 377 10
a 601 268 7
a 601 330 5
a 601 695 5
a 602 306 6
a 603 2 4
a 603 110 7
a 603 229 8
a 604 227 3
a 605 54 5
a 605 121 9
a 605 132 6
a 605 198 6
a 606 19 10
a 606 142 8
a 607 186 9
a 608 232 6
a 609 403 3
a 610 606 10
a 611 15 8
a 611 272 5
a 611 455 9
a 611 465 10
a 612 250 1
a 612 567 1
a 613 385 3
a 614 465 9
a 615 141 9
a 615 516 5
a 616 284 3
a 616 581 3
a 617 67 7
a 618 326 3
a 618 473 8
a 619 359 2
a 619 679 5
a 620 148 4
a 621 616 2
a 621 661 2
a 622 543 2
a 623 669 4
a 624 157 1
a 624 648 5
a 625 148 2
a 625 482 2
a 626 661 6
a 627 563 7
a 628 409 1
a 628 652 6
a 629 432 5
a 630 700 2
a 631 75 5
a 632 342 7
a 633 8 10
a 634 488 6
a 635 113 6
a 636 700 5
a 637 33 6
a 637 553 3
a 638 528 4
a 638 696 3
a 639 102 5
a 639 454 7
a 639 563 2
a 640 40 6
a 640 47 2
a 640 232 6
a 640 505 5
a 641 199 3
a 642 462 7
a 643 337 9
a 644 117 10
a 644 281 5
a 644 511 5
a 645 79 7
a 645 211 10
a 646 86 1
a 647 88 1
a 647 361 5
a 647 365 4
a 648 147 5
a 649 119 1
a 649 488 2
a 650 97 10
a 650 140 8
a 650 418 7
a 651 369 4
a 651 423 8
a 651 427 9
a 651 476 4
a 652 195 7
a 653 91 5
a 653 397 8
a 654 284 8
a 654 323 3
a 654 526 2
a 655 242 7
a 655 426 4
a 655 448 10
a 656 280 10
a 657 246 9
a 658 49 8
a 658 586 9
a 659 298 5
a 659 557 9
a 660 121 2
a 660 171 8
a 661 129 9
a 661 419 3
a 662 312 5
a 662 323 6
a 663 331 10
a 663 419 2
a 664 230 10
a 665 241 6
a 666 357 6
a 666 438 8
a 667 44 7
a 667 369 2
a 668 328 10
a 668 347 10
a 669 665 1
a 670 338 10
a 671 174 3
a 671 308 2
a 671 456 1
a 671 515 3
a 672 244 8
a 672 621 8
a 673 162 2
a 673 231 5
a 674 267 1
a 674 387 8
a 674 524 3
a 675 4 4
a 675 181 4
a 675 299 4
a 676 195 9
a 676 279 6
a 676 488 9
a 676 533 6
a 677 668 1
a 678 43 9
a 678 253 5
a 679 210 4
a 679 398 2
a 679 615 3
a 679 626 8
a 680 104 3
a 680 431 2
a 681 117 6
a 682 599 3
a 682 637 2
a 683 554 3
a 683 610 9
a 684 112 1
a 684 299 3
a 685 234 10
a 685 574 7
a 686 630 9
a 686 652 8
a 687 278 2
a 687 544 5
a 688 50 4
a 688 82 10
a 688 97 1
a 688 241 7
a 688 472 5
a 689 223 8
a 689 271 6
a 690 62 9
a 690 212 4
a 690 305 2
a 691 110 1
a 692 289 7
a 692 426 8
a 692 488 1
a 693 159 10
a 693 566 7
a 694 400 5
a 695 158 5
a 695 270 7
a 695 524 1
a 696 25 3
a 696 462 10
a 697 87 3
a 697 180 9
a 697 627 3
a 698 414 2
a 698 576 10
a 699 168 8
