p max 700 1400
n 1 s
n 700 t
a 1 232 3
a 1 442 6
a 2 46 5
a 2 73 1
a 3 34 9
a 4 139 7
a 4 260 1
a 4 490 3
a 5 4 6
a 5 403 4
a 6 57 10
a 6 477 7
a 7 179 6
a 8 211 10
a 9 87 9
a 9 175 10
a 9 584 10
a 10 347 2
a 11 85 10
a 11 144 8
a 12 192 4
a 12 406 8
a 12 463 6
a 13 303 2
a 13 358 7
a 13 523 10
a 14 428 1
a 14 668 6
a 15 222 4
a 16 285 5
a 16 313 8
a 16 499 3
a 17 579 6
a 18 162 4
a 18 384 6
a 19 181 10
a 19 360 2
a 20 345 1
a 20 461 8
a 21 685 4
a 22 164 8
a 22 182 9
a 23 220 10
a 23 243 4
a 23 470 1
a 24 41 6
a 25 23 10
a 25 187 1
a 26 476 6
a 27 109 9
a 28 83 3
a 28 614 9
a 29 642 6
a 30 248 2
a 30 408 6
a 31 161 2
a 32 120 9
a 32 222 2
a 32 632 10
a 33 661 3
a 34 603 8
a 34 646 2
a 35 20 8
a 35 339 3
a 36 501 3
a 36 548 8
a 37 345 10
a 37 352 5
a 37 526 10
a 38 30 4
a 38 135 9
a 38 384 5
a 39 53 5
a 39 200 3
a 39 371 8
a 39 556 4
a 40 93 6
a 40 185 8
a 41 593 1
a 42 244 8
a 42 527 3
a 43 202 10
a 43 504 9
a 44 190 10
a 45 450 8
a 46 435 8
a 46 581 1
a 47 128 3
a 47 219 1
a 47 431 4
a 48 588 8
a 49 7 1
a 49 628 10
a 50 347 3
a 50 657 1
a 51 75 4
a 51 152 5
a 52 73 2
a 52 373 6
a 53 179 8
a 53 214 4
a 54 9 8
a 54 31 8
a 54 205 6
a 55 485 10
a 56 223 2
a 57 187 6
a 58 209 2
a 59 300 1
a 59 418 7
a 60 125 9
a 60 322 1
a 61 469 9
a 61 692 10
a 62 68 4
a 62 280 2
a 63 102 10
a 63 366 3
a 63 619 10
a 64 467 2
a 65 412 4
a 65 670 8
a 66 237 6
a 66 613 5
a 67 590 3
a 68 474 6
a 69 365 3
a 69 485 7
a 70 13 10
a 70 696 4
a 71 112 5
a 71 426 7
a 71 573 6
a 72 177 7
a 72 693 2
a 73 271 5
a 73 304 4
a 74 326 1
a 75 37 7
a 76 261 10
a 76 525 5
a 77 78 4
a 77 183 2
a 77 283 3
a 77 437 9
a 77 533 2
a 78 50 2
a 79 139 3
a 79 158 3
a 79 625 7
a 80 251 4
a 81 58 2
a 81 513 9
a 82 99 4
a 82 292 5
a 83 85 9
a 83 369 4
a 84 207 1
a 85 493 1
a 85 597 4
a 85 628 8
a 86 460 2
a 86 508 10
a 87 20 2
a 87 327 10
a 88 186 5
a 88 456 5
a 89 301 9
a 89 468 5
a 89 621 2
a 90 333 9
a 90 657 7
a 91 239 7
a 91 366 7
a 92 74 10
a 93 16 9
a 93 403 9
a 94 577 10
a 95 98 5
a 95 171 8
a 96 214 4
a 96 252 3
a 97 452 3
a 97 626 7
a 98 413 10
a 99 283 10
a 100 370 6
a 101 72 7
a 101 135 5
a 101 184 2
a 101 442 4
a 102 104 3
a 103 6 2
a 103 161 6
a 103 258 5
a 104 674 5
a 105 122 9
a 105 414 7
a 106 365 8
a 107 191 7
a 107 583 10
a 108 558 2
a 108 649 3
a 109 401 4
a 109 551 3
a 110 197 3
a 110 203 5
a 111 35 4
a 111 443 1
a 111 505 3
a 111 516 3
a 112 276 6
a 112 413 6
a 112 569 5
a 112 645 5
a 113 326 4
a 113 550 6
a 114 200 4
a 114 220 4
a 114 379 2
a 114 622 5
a 115 385 4
a 115 519 7
a 116 32 8
a 117 306 6
a 117 517 3
a 117 645 5
a 117 656 8
a 118 199 3
a 118 330 2
a 119 334 9
a 120 59 4
a 120 643 9
a 121 305 10
a 121 647 4
a 122 51 1
a 122 269 6
a 122 279 6
a 123 679 6
a 124 30 2
a 124 340 4
a 125 12 4
a 125 617 5
a 126 102 2
a 126 444 1
a 126 492 8
a 127 62 6
a 127 471 3
a 128 329 9
a 129 31 10
a 129 341 8
a 130 573 7
a 131 156 6
a 131 537 10
a 131 592 3
a 131 638 7
a 132 246 1
a 132 589 1
a 132 656 3
a 133 407 9
a 134 148 10
a 134 598 9
a 134 681 8
a 135 105 6
a 135 138 7
a 135 161 7
a 136 444 10
a 137 92 5
a 137 208 5
a 138 80 3
a 138 218 8
a 138 298 8
a 138 357 4
a 138 608 1
a 139 5 10
a 139 638 5
a 140 308 10
a 140 687 8
a 141 77 9
a 141 213 1
a 142 241 5
a 142 330 1
a 142 690 3
a 143 135 9
a 143 696 5
a 144 34 7
a 144 180 5
a 145 668 6
a 146 442 8
a 147 5 3
a 147 41 1
a 148 221 9
a 148 587 1
a 148 642 4
a 149 255 4
a 149 281 2
a 149 497 3
a 150 163 6
a 150 654 2
a 151 344 8
a 151 474 2
a 152 308 10
a 152 475 8
a 152 678 2
a 153 593 2
a 154 625 3
a 155 689 8
a 156 682 1
a 157 212 9
a 158 253 9
a 159 101 9
a 160 46 8
a 161 197 4
a 161 433 3
a 161 531 3
a 162 627 7
a 163 36 9
a 163 513 5
a 164 235 5
a 164 672 1
a 165 216 4
a 165 376 10
a 165 586 8
a 166 67 6
a 166 82 5
a 166 219 8
a 166 262 3
a 166 462 6
a 167 10 5
a 167 65 5
a 167 332 3
a 168 183 2
a 168 578 6
a 169 86 3
a 169 278 7
a 170 158 1
a 171 375 7
a 171 675 9
a 172 323 7
a 172 451 2
a 172 645 9
a 173 365 3
a 173 429 6
a 174 306 2
a 175 409 8
a 175 600 5
a 175 627 1
a 176 120 6
a 176 431 6
a 177 36 5
a 177 55 3
a 177 472 8
a 177 511 1
a 178 271 6
a 178 287 5
a 179 210 4
a 180 106 10
a 181 155 9
a 181 286 2
a 181 372 3
a 181 612 10
a 182 439 4
a 182 479 10
a 183 213 2
a 183 314 3
a 184 424 1
a 185 437 3
a 186 407 4
a 186 491 9
a 187 451 1
a 188 533 10
a 189 310 8
a 189 409 7
a 189 547 5
a 189 655 10
a 190 23 5
a 190 107 8
a 191 54 5
a 191 324 9
a 192 103 5
a 192 328 4
a 193 581 8
a 194 40 2
a 194 485 3
a 195 3 2
a 195 104 4
a 195 605 9
a 195 678 3
a 196 435 5
a 196 559 1
a 196 561 9
a 196 569 8
a 197 86 3
a 197 457 10
a 197 616 10
a 198 341 8
a 198 555 2
a 199 103 7
a 199 121 2
a 200 98 7
a 200 525 5
a 200 566 1
a 201 437 3
a 201 664 5
a 202 165 3
a 202 351 7
a 202 546 8
a 203 277 3
a 204 50 8
a 204 623 1
a 204 658 9
a 205 315 5
a 206 607 6
a 207 457 5
a 207 579 3
a 208 91 2
a 208 269 8
a 209 170 2
a 210 469 6
a 211 240 2
a 211 318 9
a 212 570 5
a 213 634 8
a 214 260 3
a 215 177 4
a 215 455 8
a 216 37 2
a 216 649 10
a 217 43 10
a 217 438 6
a 218 40 4
a 219 268 4
a 219 351 1
a 220 372 9
a 220 454 4
a 221 96 10
a 221 166 1
a 221 348 2
a 221 468 9
a 222 270 10
a 222 376 1
a 222 382 3
a 222 552 1
a 223 52 8
a 223 150 6
a 223 188 5
a 224 223 3
a 224 329 8
a 225 288 5
a 225 319 8
a 226 567 10
a 226 633 5
a 227 58 9
a 227 432 6
a 228 426 3
a 229 149 1
a 229 482 3
a 229 514 7
a 229 640 7
a 230 233 2
a 230 344 6
a 231 227 1
a 231 364 8
a 232 309 1
a 232 560 7
a 232 591 1
a 233 658 7
a 234 469 2
a 235 305 1
a 236 146 2
a 236 399 10
a 237 158 3
a 237 440 8
a 237 530 5
a 238 593 6
a 239 356 8
a 239 548 9
a 239 667 2
a 240 159 5
a 240 611 10
a 241 127 2
a 241 198 6
a 241 410 7
a 242 596 3
a 243 453 1
a 243 539 5
a 243 618 5
a 244 396 10
a 244 609 8
a 244 671 1
a 245 661 9
a 246 456 3
a 246 679 9
a 247 391 10
a 247 460 3
a 247 483 9
a 248 260 10
a 248 606 3
a 249 13 7
a 249 134 7
a 250 5 6
a 250 70 9
a 250 349 9
a 251 33 3
a 251 500 8
a 251 584 4
a 252 246 4
a 253 141 8
a 253 143 6
a 253 187 4
a 253 381 3
a 253 580 6
a 254 506 1
a 254 612 3
a 255 33 1
a 255 669 4
a 256 211 1
a 256 322 9
a 257 687 1
a 258 25 4
a 258 29 3
a 258 187 10
a 258 321 1
a 258 684 6
a 259 640 6
a 260 569 6
a 261 110 5
a 261 548 10
a 262 113 7
a 263 154 9
a 263 278 10
a 263 335 4
a 263 573 10
a 264 173 9
a 264 446 7
a 264 615 10
a 265 86 3
a 265 289 10
a 266 338 5
a 266 358 1
a 267 76 3
a 267 464 4
a 267 605 7
a 267 675 2
a 268 398 10
a 268 643 1
a 268 700 1
a 269 167 5
a 269 242 4
a 269 290 2
a 270 32 2
a 271 266 1
a 271 389 6
a 272 481 9
a 273 252 9
a 274 219 5
a 274 331 3
a 274 449 1
a 275 498 8
a 275 503 5
a 276 693 5
a 277 616 5
a 278 459 10
a 278 547 9
a 279 95 6
a 279 146 8
a 279 404 8
a 279 551 8
a 279 588 10
a 280 555 5
a 280 678 3
a 281 54 3
a 282 622 2
a 282 691 8
a 283 402 4
a 284 669 4
a 285 103 2
a 285 354 6
a 285 365 4
a 286 28 6
a 286 169 5
a 286 487 5
a 287 234 1
a 287 360 7
a 288 296 3
a 288 672 3
a 289 176 3
a 289 496 6
a 290 183 6
a 291 247 2
a 291 287 6
a 291 423 2
a 292 627 7
a 292 650 10
a 293 415 3
a 293 562 2
a 293 669 1
a 294 150 4
a 294 603 7
a 294 699 5
a 295 198 5
a 295 265 8
a 295 619 7
a 296 496 6
a 296 697 3
a 297 325 3
a 297 365 8
a 298 69 4
a 299 478 6
a 299 576 7
a 299 638 2
a 300 130 1
a 300 203 10
a 300 291 7
a 301 614 10
a 302 596 10
a 302 665 4
a 303 520 6
a 304 527 1
a 304 663 3
a 305 324 10
a 305 342 4
a 305 375 6
a 306 453 10
a 307 20 1
a 307 331 5
a 308 167 5
a 308 478 10
a 308 541 5
a 309 212 10
a 310 104 6
a 310 630 2
a 311 110 6
a 311 326 9
a 312 304 9
a 313 451 2
a 313 478 10
a 313 686 5
a 314 363 7
a 314 420 1
a 314 635 8
a 315 146 4
a 315 382 7
a 315 501 6
a 316 373 7
a 316 674 8
a 317 8 3
a 317 664 10
a 318 482 7
a 319 153 6
a 319 394 3
a 319 528 5
a 319 624 6
a 320 21 5
a 320 164 4
a 321 73 10
a 322 586 4
a 323 18 8
a 323 176 3
a 323 337 6
a 323 440 6
a 323 650 2
a 324 25 2
a 324 114 10
a 325 56 2
a 326 18 8
a 327 308 8
a 328 585 3
a 329 394 1
a 329 577 3
a 330 507 6
a 331 74 7
a 331 294 4
a 331 461 2
a 332 486 10
a 332 604 5
a 333 27 10
a 334 94 4
a 334 630 3
a 335 502 1
a 336 485 8
a 337 478 8
a 338 159 1
a 338 295 2
a 338 647 7
a 339 525 2
a 339 571 4
a 340 400 5
a 340 578 9
a 341 90 5
a 341 110 8
a 342 473 4
a 342 540 10
a 342 607 6
a 343 272 6
a 343 412 2
a 343 427 8
a 344 160 3
a 345 306 4
a 346 34 2
a 347 256 3
a 347 267 1
a 347 587 7
a 348 514 10
a 349 6 7
a 349 197 10
a 349 368 6
a 350 196 1
a 351 196 7
a 351 311 8
a 351 488 2
a 351 532 5
a 351 630 9
a 352 195 9
a 352 280 1
a 353 348 3
a 353 465 9
a 354 61 7
a 354 364 3
a 355 244 7
a 356 381 5
a 356 634 2
a 357 193 9
a 358 280 9
a 358 285 9
a 358 422 1
a 358 575 7
a 358 644 1
a 359 364 4
a 359 568 8
a 359 629 10
a 360 205 3
a 361 206 3
a 361 529 7
a 362 537 4
a 363 20 6
a 364 633 1
a 365 17 6
a 365 18 4
a 365 467 10
a 366 632 9
a 367 587 8
a 368 661 4
a 369 45 10
a 369 275 7
a 370 603 4
a 371 476 6
a 372 535 1
a 372 627 8
a 373 386 5
a 373 598 7
a 374 504 4
a 374 591 10
a 375 198 9
a 376 119 2
a 376 274 10
a 376 660 10
a 377 355 9
a 377 451 1
a 377 495 10
a 378 203 3
a 378 466 3
a 379 49 1
a 379 489 6
a 380 685 10
a 381 268 1
a 381 350 5
a 382 16 3
a 382 463 9
a 383 526 8
a 384 426 5
a 384 698 7
a 385 656 1
a 386 334 9
a 387 35 6
a 387 335 10
a 388 417 3
a 388 507 4
a 389 371 7
a 389 534 10
a 389 692 8
a 390 327 5
a 391 512 10
a 392 101 10
a 392 115 1
a 392 320 8
a 392 502 6
a 392 506 2
a 392 521 3
a 393 86 10
a 394 120 9
a 395 347 8
a 395 593 7
a 396 179 4
a 397 487 10
a 398 662 6
a 399 373 3
a 399 619 1
a 400 25 2
a 401 542 5
a 401 697 4
a 402 17 3
a 402 182 7
a 402 473 4
a 403 275 6
a 403 430 6
a 404 327 7
a 405 289 1
a 405 293 9
a 405 626 3
a 406 338 1
a 407 430 6
a 407 682 4
a 408 136 5
a 409 140 7
a 409 254 6
a 410 63 8
a 410 502 8
a 411 393 8
a 411 663 9
a 412 699 3
a 413 145 6
a 413 576 2
a 414 109 6
a 415 17 10
a 416 100 9
a 416 229 8
a 416 231 9
a 417 2 2
a 417 665 4
a 418 302 4
a 419 47 2
a 419 647 6
a 420 81 1
a 420 537 6
a 421 84 5
a 421 157 9
a 421 346 5
a 422 296 5
a 422 380 10
a 422 445 7
a 423 155 2
a 424 144 9
a 424 277 2
a 424 490 2
a 425 522 6
a 426 39 6
a 426 166 4
a 426 388 10
a 427 44 1
a 427 241 3
a 427 361 1
a 427 637 10
a 428 250 2
a 428 362 5
a 428 396 3
a 429 249 8
a 429 494 9
a 430 269 3
a 430 315 3
a 431 189 9
a 431 272 10
a 432 387 1
a 432 460 5
a 432 479 6
a 432 553 10
a 432 623 2
a 433 528 8
a 434 27 9
a 434 97 3
a 434 336 6
a 435 87 9
a 435 416 9
a 435 594 1
a 436 359 9
a 436 398 4
a 436 523 4
a 437 116 10
a 437 218 2
a 437 352 1
a 437 518 2
a 438 211 1
a 439 113 4
a 439 248 6
a 440 12 7
a 440 212 1
a 441 275 10
a 441 326 1
a 441 427 9
a 442 556 6
a 442 582 5
a 443 534 10
a 444 253 8
a 444 261 3
a 445 102 1
a 445 208 9
a 445 353 9
a 445 545 3
a 445 688 10
a 445 689 7
a 446 18 2
a 447 94 6
a 448 136 6
a 448 463 6
a 449 586 1
a 450 7 1
a 450 414 9
a 450 464 5
a 451 23 5
a 451 480 9
a 451 651 3
a 452 15 10
a 452 411 8
a 452 447 9
a 453 477 7
a 453 699 4
a 454 450 3
a 455 209 3
a 455 660 5
a 456 608 8
a 457 151 2
a 457 259 2
a 457 541 8
a 458 535 4
a 459 95 2
a 459 657 8
a 460 61 9
a 460 457 9
a 461 294 5
a 462 347 10
a 462 543 3
a 463 49 10
a 463 367 8
a 463 554 4
a 463 654 6
a 464 499 3
a 464 653 7
a 465 89 6
a 465 661 8
a 466 164 4
a 467 300 8
a 467 572 5
a 467 645 6
a 468 436 1
a 469 225 6
a 469 230 1
a 469 695 9
a 470 362 4
a 470 598 5
a 471 215 2
a 471 421 8
a 472 297 7
a 472 458 1
a 472 536 3
a 473 240 3
a 473 614 10
a 474 141 5
a 474 257 5
a 475 491 8
a 475 542 9
a 476 304 7
a 477 251 9
a 477 423 6
a 478 18 7
a 478 330 3
a 478 599 3
a 479 654 2
a 480 100 7
a 481 240 10
a 481 322 7
a 481 476 5
a 482 185 3
a 483 185 6
a 484 71 2
a 484 175 10
a 484 424 5
a 484 481 10
a 484 595 2
a 485 77 8
a 485 436 1
a 485 673 4
a 486 257 9
a 486 269 3
a 487 440 3
a 488 352 3
a 488 451 9
a 489 332 9
a 489 466 3
a 489 538 1
a 490 106 4
a 490 401 6
a 491 8 4
a 491 131 4
a 491 522 3
a 492 88 6
a 492 300 2
a 493 212 6
a 494 677 5
a 494 693 1
a 495 386 1
a 495 471 9
a 496 74 9
a 497 506 9
a 498 147 1
a 498 485 9
a 499 624 6
a 500 15 9
a 501 124 10
a 501 284 2
a 501 317 4
a 501 425 1
a 502 208 1
a 503 15 2
a 503 305 2
a 504 47 1
a 504 289 8
a 505 250 8
a 505 274 4
a 505 370 10
a 506 201 7
a 506 656 8
a 507 376 7
a 508 431 4
a 508 590 8
a 509 11 2
a 510 126 2
a 510 563 1
a 510 635 8
a 511 374 8
a 511 595 10
a 512 60 4
a 512 456 1
a 513 42 5
a 513 170 4
a 513 438 5
a 513 549 3
a 514 385 8
a 515 413 7
a 516 263 2
a 516 476 5
a 516 509 1
a 517 135 8
a 517 137 5
a 517 383 2
a 518 94 9
a 518 160 5
a 518 314 9
a 519 11 4
a 520 486 2
a 520 554 6
a 521 24 9
a 521 69 10
a 521 332 10
a 522 498 8
a 523 61 4
a 523 174 10
a 523 263 2
a 524 246 2
a 525 196 4
a 525 374 8
a 526 597 8
a 527 456 3
a 528 201 7
a 528 207 9
a 528 512 2
a 528 635 7
a 529 97 1
a 529 362 3
a 530 194 1
a 530 297 10
a 530 685 8
a 531 236 6
a 531 430 4
a 531 574 9
a 532 342 8
a 533 270 9
a 534 373 8
a 535 111 3
a 535 332 8
a 536 19 7
a 536 251 7
a 537 310 8
a 538 177 7
a 538 617 4
a 539 54 9
a 539 405 9
a 539 676 9
a 540 3 3
a 541 105 5
a 542 322 3
a 543 550 7
a 544 248 4
a 544 322 9
a 545 270 6
a 545 327 6
a 545 652 5
a 546 230 9
a 546 397 8
a 547 32 1
a 547 670 8
a 548 369 2
a 548 377 4
a 548 389 4
a 548 659 3
a 549 193 1
a 549 299 10
a 550 286 3
a 550 560 9
a 551 595 6
a 552 453 6
a 552 642 8
a 553 282 7
a 553 446 2
a 553 676 3
a 554 191 2
a 554 221 9
a 555 33 7
a 556 382 7
a 556 448 2
a 557 132 2
a 557 146 2
a 557 302 8
a 558 552 2
a 559 611 3
a 560 620 10
a 560 654 8
a 561 259 7
a 561 672 4
a 562 224 10
a 563 217 8
a 563 312 6
a 564 474 7
a 564 536 2
a 564 639 9
a 565 170 2
a 565 359 4
a 566 137 1
a 566 378 9
a 567 318 8
a 568 277 6
a 568 288 1
a 569 186 1
a 569 249 8
a 569 551 10
a 570 213 6
a 571 215 6
a 571 238 6
a 572 226 10
a 572 529 5
a 572 596 8
a 573 34 8
a 573 214 1
a 573 254 9
a 573 613 3
a 573 679 7
a 574 419 8
a 575 429 8
a 575 679 4
a 576 64 2
a 576 191 3
a 576 428 4
a 576 544 1
a 577 42 7
a 578 482 10
a 578 623 3
a 579 175 7
a 579 245 10
a 579 455 9
a 580 45 5
a 580 503 2
a 581 316 4
a 581 380 7
a 582 450 10
a 582 518 2
a 582 618 6
a 583 331 5
a 584 145 5
a 584 253 3
a 585 551 3
a 585 570 8
a 585 641 2
a 586 279 10
a 587 334 7
a 587 545 5
a 587 644 4
a 588 323 8
a 589 185 8
a 589 351 8
a 589 385 6
a 589 551 6
a 589 610 6
a 590 693 8
a 591 670 9
a 592 502 9
a 593 26 6
a 593 586 10
a 594 19 9
a 594 150 2
a 594 510 3
a 595 343 10
a 595 599 2
a 596 236 1
a 597 623 9
a 598 19 7
a 598 66 7
a 598 142 8
a 599 79 8
a 599 655 10
a 599 695 9
a 600 231 6
a 600 564 7
a 600 694 9
a 601 295 7
a 601 326 2
a 602 609 5
a 602 693 8
a 603 281 1
a 603 663 4
a 604 118 4
a 604 202 7
a 605 123 1
a 605 128 1
a 606 17 10
a 606 55 9
a 606 300 8
a 607 474 7
a 607 489 3
a 608 320 7
a 608 450 5
a 609 284 6
a 609 639 8
a 610 72 5
a 610 204 10
a 610 531 9
a 611 129 2
a 611 307 4
a 612 251 9
a 612 427 7
a 612 434 9
a 613 515 8
a 613 565 10
a 613 610 3
a 614 24 1
a 615 240 8
a 615 312 5
a 616 601 9
a 616 605 3
a 617 135 5
a 617 441 3
a 618 109 8
a 618 218 9
a 619 638 10
a 620 402 8
a 620 666 5
a 621 493 4
a 622 228 7
a 622 273 7
a 622 299 4
a 622 442 8
a 622 468 1
a 622 680 9
a 623 136 8
a 623 419 3
a 623 528 7
a 624 283 7
a 625 306 4
a 626 390 3
a 626 536 2
a 627 210 1
a 627 570 9
a 628 52 1
a 629 99 8
a 629 369 4
a 630 279 10
a 630 417 5
a 630 625 7
a 631 225 3
a 632 247 4
a 633 169 6
a 633 520 10
a 634 172 2
a 634 378 3
a 635 48 6
a 635 685 7
a 636 484 3
a 636 513 10
a 637 135 7
a 637 556 7
a 638 487 3
a 638 546 2
a 639 535 9
a 640 585 3
a 640 597 3
a 640 661 5
a 641 627 5
a 642 416 10
a 643 14 7
a 643 56 9
a 644 43 4
a 644 329 4
a 645 288 3
a 645 391 8
a 646 209 6
a 646 346 10
a 646 534 3
a 647 44 4
a 648 118 5
a 648 602 3
a 649 155 5
a 649 224 4
a 649 665 9
a 649 688 3
a 650 363 3
a 650 662 9
a 651 48 2
a 652 68 2
a 652 437 9
a 653 14 2
a 653 457 9
a 654 278 2
a 655 48 10
a 655 683 7
a 656 217 7
a 657 373 7
a 657 393 1
a 657 486 6
a 658 529 9
a 659 215 9
a 659 467 4
a 659 601 8
a 660 267 6
a 661 346 2
a 662 452 8
a 662 564 8
a 663 238 3
a 664 395 7
a 664 629 5
a 665 314 4
a 666 87 6
a 667 117 7
a 667 234 7
a 668 140 8
a 668 181 7
a 668 631 6
a 669 566 8
a 670 8 1
a 670 215 3
a 670 264 8
a 670 392 6
a 670 557 5
a 671 11 6
a 671 191 9
a 672 196 5
a 672 636 10
a 673 652 7
a 674 133 8
a 674 698 5
a 675 384 3
a 676 168 6
a 676 546 6
a 677 153 10
a 677 178 2
a 677 598 10
a 678 222 10
a 678 496 9
a 679 190 4
a 679 268 9
a 679 700 10
a 680 22 7
a 680 325 5
a 680 524 9
a 681 637 10
a 682 526 8
a 683 558 4
a 683 593 8
a 684 241 9
a 685 301 1
a 686 58 9
a 686 648 6
a 687 64 2
a 688 213 7
a 689 642 4
a 690 566 8
a 691 108 5
a 691 148 5
a 691 229 1
a 691 307 7
a 692 662 2
a 692 666 6
a 693 38 6
a 693 389 6
a 694 438 10
a 694 475 4
a 695 633 5
a 695 662 4
a 696 230 10
a 697 231 9
a 698 213 4
a 699 75 8
a 699 79 6
