p max 700 1400
n 1 s
n 700 t
a 1 403 2
a 2 21 1
a 2 148 4
a 2 181 1
a 2 617 4
a 3 523 7
a 4 171 5
a 4 350 3
a 5 119 2
a 5 209 10
a 5 587 8
a 5 687 10
a 6 136 6
a 7 126 1
a 7 149 3
a 7 580 5
a 8 495 4
a 9 294 1
a 10 207 3
a 10 266 3
a 10 344 1
a 10 684 1
a 11 379 1
a 12 13 5
a 12 20 6
a 13 64 7
a 13 581 10
a 14 113 4
a 15 26 2
a 15 337 2
a 15 360 5
a 15 425 8
a 15 446 5
a 15 659 4
a 16 2 3
a 16 23 7
a 16 523 5
a 17 3 4
a 18 10 2
a 18 101 6
a 19 37 6
a 19 324 6
a 20 22 10
a 20 250 9
a 20 496 5
a 21 261 4
a 21 589 2
a 22 164 4
a 22 619 6
a 23 182 10
a 24 267 4
a 24 522 9
a 25 17 7
a 25 24 8
a 25 572 3
a 25 659 3
a 26 585 10
a 27 410 4
a 28 106 2
a 28 169 6
a 28 266 9
a 29 121 9
a 29 513 1
a 29 570 1
a 30 3 2
a 30 48 2
a 30 67 6
a 30 145 5
a 31 348 2
a 31 430 3
a 32 244 7
a 33 156 8
a 34 47 6
a 34 290 5
a 34 405 9
a 35 603 2
a 36 636 10
a 37 480 6
a 38 619 3
a 39 97 5
a 39 536 7
a 40 124 2
a 41 173 9
a 42 303 7
a 42 379 10
a 43 371 8
a 43 499 9
a 44 612 7
a 45 50 6
a 45 155 9
a 45 220 1
a 46 267 7
a 47 353 3
a 47 440 10
a 47 476 8
a 47 630 7
a 48 235 3
a 48 535 2
a 49 315 1
a 49 639 10
a 49 674 1
a 49 679 3
a 50 99 6
a 50 249 6
a 51 61 1
a 51 233 6
a 52 340 8
a 53 252 10
a 53 519 7
a 53 624 2
a 54 19 7
a 54 189 1
a 54 506 6
a 55 27 7
a 55 192 2
a 55 240 6
a 55 268 6
a 55 282 6
a 55 321 1
a 55 548 4
a 55 591 5
a 56 157 8
a 56 294 8
a 56 665 10
a 57 454 9
a 57 520 6
a 57 671 4
a 58 293 8
a 58 614 7
a 58 697 3
a 59 250 8
a 59 489 7
a 60 64 5
a 61 402 7
a 61 603 10
a 62 424 4
a 62 560 3
a 63 198 10
a 63 542 3
a 64 289 5
a 65 151 7
a 66 180 9
a 67 62 7
a 67 96 1
a 68 82 5
a 68 191 5
a 68 596 8
a 69 232 7
a 69 257 9
a 69 414 8
a 69 616 1
a 70 223 7
a 70 361 7
a 71 370 9
a 72 144 1
a 73 119 7
a 74 36 3
a 74 182 2
a 74 501 5
a 74 600 3
a 74 694 7
a 75 243 9
a 75 252 7
a 75 312 5
a 76 265 7
a 76 384 3
a 76 568 8
a 77 124 10
a 77 676 7
a 78 25 4
a 78 203 6
a 78 223 1
a 78 465 5
a 79 500 3
a 80 10 1
a 80 89 9
a 81 111 3
a 81 357 9
a 82 577 9
a 83 12 8
a 83 100 5
a 83 533 6
a 83 694 7
a 84 259 2
a 84 438 2
a 84 451 10
a 85 88 4
a 85 615 8
a 85 680 2
a 86 247 1
a 87 94 7
a 87 122 2
a 87 250 5
a 87 657 6
a 88 631 1
a 89 498 8
a 89 681 4
a 90 75 2
a 90 110 8
a 90 219 3
a 90 444 3
a 91 197 8
a 92 29 3
a 92 66 6
a 92 139 4
a 92 406 7
a 92 643 5
a 93 66 10
a 94 489 2
a 95 692 5
a 96 17 2
a 96 529 5
a 96 540 8
a 97 50 3
a 97 444 3
a 97 556 8
a 98 72 8
a 98 113 4
a 98 563 5
a 99 11 4
a 100 78 2
a 100 159 10
a 100 207 7
a 101 6 10
a 102 38 6
a 102 241 4
a 102 322 9
a 102 403 7
a 102 499 3
a 103 46 9
a 103 213 5
a 103 366 9
a 104 660 7
a 105 21 7
a 105 510 5
a 105 698 2
a 106 314 1
a 106 494 10
a 107 75 9
a 108 567 8
a 109 286 1
a 109 508 3
a 110 54 6
a 110 509 9
a 110 607 4
a 111 498 2
a 111 577 9
a 111 595 5
a 112 7 6
a 113 86 3
a 114 293 2
a 115 268 2
a 116 9 4
a 117 316 5
a 117 449 5
a 117 468 5
a 117 623 10
a 118 84 3
a 118 583 7
a 119 14 9
a 120 182 6
a 120 678 2
a 121 13 1
a 122 93 4
a 122 185 5
a 123 62 6
a 123 512 1
a 124 11 8
a 125 295 4
a 126 41 5
a 126 689 8
a 127 464 5
a 127 561 1
a 128 542 6
a 129 66 4
a 129 690 2
a 130 69 1
a 130 269 2
a 130 516 5
a 131 56 9
a 132 220 9
a 132 382 4
a 133 296 9
a 133 440 4
a 134 364 7
a 135 252 8
a 135 351 4
a 135 540 6
a 136 161 1
a 136 534 9
a 137 5 2
a 138 169 5
a 138 228 6
a 138 550 9
a 139 249 7
a 140 565 1
a 141 155 7
a 141 229 2
a 142 496 1
a 143 64 5
a 143 146 3
a 144 53 8
a 144 92 4
a 144 465 10
a 145 497 6
a 146 212 9
a 146 464 2
a 146 502 4
a 147 262 9
a 147 546 2
a 148 364 3
a 149 484 3
a 150 51 2
a 150 83 3
a 150 506 4
a 151 375 4
a 152 683 9
a 153 394 2
a 153 423 6
a 154 523 6
a 154 682 1
a 155 497 10
a 156 119 4
a 157 162 2
a 157 261 1
a 158 258 4
a 158 419 4
a 158 597 5
a 159 76 3
a 160 442 4
a 161 281 5
a 161 503 6
a 162 640 2
a 163 156 10
a 163 597 6
a 164 16 9
a 164 51 9
a 164 77 4
a 164 481 3
a 164 590 9
a 165 144 4
a 165 346 6
a 165 427 6
a 166 110 1
a 166 267 3
a 167 329 4
a 167 657 5
a 168 373 9
a 169 488 9
a 170 349 1
a 170 359 10
a 171 176 2
a 171 360 2
a 172 175 8
a 173 271 8
a 173 301 10
a 173 364 1
a 173 508 2
a 174 330 8
a 175 236 2
a 176 69 5
a 176 153 5
a 177 466 4
a 178 444 10
a 178 606 5
a 179 158 6
a 179 335 9
a 179 349 5
a 179 509 7
a 180 474 7
a 181 46 10
a 182 647 2
a 183 542 2
a 184 60 8
a 184 273 10
a 185 177 9
a 185 349 1
a 186 313 8
a 186 396 7
a 186 497 3
a 186 659 9
a 187 530 6
a 188 75 1
a 188 600 6
a 189 14 6
a 189 43 1
a 189 220 2
a 189 564 10
a 190 345 9
a 190 370 7
a 190 522 3
a 191 317 4
a 191 525 10
a 192 338 5
a 193 147 6
a 193 341 8
a 193 461 6
a 193 670 5
a 194 278 6
a 194 638 4
a 195 432 6
a 195 512 8
a 195 577 6
a 195 641 3
a 196 248 9
a 197 95 9
a 198 8 6
a 198 255 7
a 199 58 10
a 199 146 2
a 199 491 10
a 200 7 4
a 200 437 3
a 200 599 10
a 201 101 4
a 201 138 5
a 201 412 6
a 202 178 4
a 202 467 3
a 203 284 9
a 203 447 1
a 203 505 6
a 204 217 1
a 204 477 2
a 205 175 5
a 205 306 3
a 205 349 1
a 205 376 3
a 205 692 3
a 206 463 4
a 207 41 5
a 207 530 5
a 208 134 8
a 209 314 5
a 210 450 1
a 210 543 7
a 210 557 6
a 211 499 9
a 211 648 4
a 212 66 10
a 213 469 9
a 214 114 9
a 214 216 6
a 214 246 10
a 214 297 3
a 215 385 3
a 216 267 2
a 217 88 5
a 217 235 3
a 217 307 7
a 217 686 1
a 218 172 2
a 218 462 9
a 219 49 2
a 220 66 7
a 221 28 3
a 221 93 5
a 222 63 8
a 223 272 2
a 223 629 1
a 224 343 8
a 224 587 8
a 225 468 3
a 226 97 8
a 226 356 4
a 227 337 10
a 227 369 7
a 227 494 4
a 228 427 8
a 228 672 8
a 229 230 4
a 229 325 4
a 230 452 6
a 230 654 2
a 231 449 8
a 232 174 6
a 232 362 4
a 232 392 3
a 233 128 1
a 233 467 5
a 234 156 7
a 234 664 2
a 235 114 9
a 235 542 3
a 236 334 7
a 236 473 3
a 237 236 10
a 237 325 2
a 237 574 9
a 237 642 9
a 238 14 5
a 238 74 5
a 239 502 4
a 240 30 7
a 240 248 8
a 241 302 9
a 241 684 5
a 242 163 3
a 242 387 1
a 242 547 6
a 243 96 6
a 243 186 7
a 244 371 6
a 244 499 2
a 245 311 10
a 245 435 7
a 245 572 9
a 245 604 4
a 245 658 7
a 246 305 8
a 247 367 6
a 248 33 3
a 248 195 10
a 249 513 9
a 249 533 7
a 250 79 5
a 251 49 5
a 251 552 3
a 252 15 3
a 252 287 8
a 252 652 4
a 253 405 5
a 253 415 9
a 253 594 2
a 253 637 4
a 254 312 6
a 255 202 9
a 255 545 10
a 255 592 2
a 255 655 2
a 256 49 2
a 256 488 5
a 256 579 7
a 257 193 10
a 258 430 2
a 259 386 3
a 260 64 1
a 260 689 1
a 261 531 1
a 262 232 9
a 262 279 3
a 262 573 9
a 263 127 4
a 263 367 3
a 263 602 10
a 264 394 4
a 264 439 1
a 264 531 9
a 264 602 5
a 265 211 10
a 265 420 3
a 265 639 8
a 266 485 9
a 267 144 7
a 268 277 10
a 268 612 8
a 269 338 2
a 269 370 9
a 269 562 1
a 270 368 4
a 270 484 3
a 271 110 2
a 271 453 5
a 271 688 10
a 272 134 3
a 272 166 7
a 272 212 2
a 272 645 4
a 273 390 5
a 273 566 3
a 274 199 2
a 274 336 6
a 274 352 9
a 274 542 10
a 275 624 9
a 276 495 5
a 277 95 7
a 277 181 1
a 277 261 10
a 277 542 1
a 278 471 8
a 279 272 1
a 279 353 3
a 279 436 5
a 279 595 6
a 280 215 1
a 280 278 5
a 280 362 7
a 281 71 7
a 281 549 10
a 282 429 2
a 283 59 7
a 283 133 5
a 283 346 3
a 283 365 3
a 283 634 9
a 284 662 7
a 285 78 9
a 286 238 6
a 286 459 7
a 287 355 6
a 287 398 8
a 287 411 9
a 288 639 6
a 289 253 2
a 289 308 8
a 289 572 2
a 290 65 6
a 290 343 8
a 291 124 4
a 291 183 1
a 291 312 3
a 291 399 2
a 292 187 5
a 292 528 7
a 292 660 1
a 293 41 3
a 294 57 2
a 294 596 4
a 294 656 6
a 295 658 2
a 296 270 5
a 296 479 4
a 297 8 2
a 297 240 1
a 298 126 6
a 299 404 1
a 300 97 6
a 301 239 9
a 301 391 4
a 301 585 2
a 302 35 3
a 302 613 4
a 302 614 8
a 303 10 9
a 304 328 2
a 304 674 2
a 305 74 10
a 305 251 6
a 306 142 10
a 306 667 7
a 307 659 3
a 308 618 7
a 309 396 2
a 309 625 3
a 310 181 2
a 311 551 8
a 312 681 5
a 313 112 4
a 314 86 9
a 314 397 7
a 314 662 2
a 315 260 10
a 315 693 8
a 316 529 1
a 317 350 3
a 318 166 9
a 318 375 7
a 318 440 8
a 319 154 8
a 319 471 9
a 319 626 9
a 320 33 4
a 321 83 1
a 321 633 3
a 321 685 7
a 322 585 3
a 323 130 6
a 324 282 8
a 325 209 9
a 326 10 10
a 326 454 4
a 327 275 1
a 327 539 5
a 327 617 5
a 328 383 10
a 328 388 1
a 329 65 1
a 329 321 6
a 329 629 8
a 330 31 9
a 330 37 7
a 330 55 4
a 331 213 4
a 332 294 3
a 332 535 2
a 333 117 2
a 334 4 1
a 334 109 7
a 334 310 8
a 335 34 10
a 335 419 1
a 336 42 1
a 336 545 8
a 337 52 9
a 337 400 6
a 337 470 4
a 338 14 8
a 338 121 7
a 338 249 2
a 339 459 5
a 339 623 8
a 340 193 7
a 340 412 3
a 340 565 5
a 341 170 5
a 341 372 10
a 341 550 10
a 341 666 8
a 342 131 1
a 342 236 5
a 343 687 9
a 344 57 6
a 344 120 1
a 345 300 2
a 345 478 6
a 345 544 6
a 346 232 4
a 346 320 8
a 346 373 3
a 347 201 6
a 347 553 4
a 348 48 8
a 349 186 8
a 349 524 8
a 349 603 10
a 350 38 1
a 350 493 3
a 350 644 1
a 351 81 7
a 351 378 10
a 352 139 3
a 353 67 3
a 354 611 10
a 354 627 10
a 354 650 10
a 355 309 8
a 355 514 7
a 356 143 8
a 356 531 3
a 357 210 1
a 357 222 5
a 357 458 8
a 358 497 6
a 359 455 9
a 359 697 3
a 360 92 4
a 360 140 2
a 361 687 5
a 362 19 1
a 362 118 6
a 362 410 9
a 363 536 5
a 364 497 1
a 364 656 7
a 365 431 2
a 365 576 3
a 366 69 6
a 366 349 2
a 367 493 3
a 367 503 1
a 368 343 3
a 368 635 5
a 369 404 2
a 370 284 7
a 370 700 10
a 371 507 7
a 371 658 2
a 372 105 3
a 372 422 9
a 373 235 7
a 374 213 8
a 374 541 8
a 374 601 3
a 374 692 4
a 375 474 6
a 375 555 1
a 376 555 10
a 377 417 7
a 378 38 8
a 378 478 4
a 378 649 7
a 379 470 2
a 380 308 7
a 380 401 5
a 381 248 2
a 382 121 3
a 382 149 1
a 382 388 1
a 383 209 1
a 384 2 1
a 385 651 3
a 385 673 5
a 386 97 10
a 386 669 9
a 387 603 5
a 388 292 9
a 388 386 7
a 388 608 6
a 389 112 2
a 389 560 2
a 390 509 2
a 391 342 6
a 392 10 3
a 393 308 5
a 394 400 1
a 395 134 8
a 395 168 9
a 396 81 7
a 396 256 9
a 396 411 5
a 397 465 6
a 397 488 8
a 398 11 9
a 398 240 8
a 398 411 4
a 398 576 4
a 399 6 4
a 400 416 3
a 401 413 9
a 401 439 10
a 402 7 6
a 402 267 3
a 402 327 10
a 403 190 5
a 403 397 7
a 403 408 10
a 404 99 2
a 404 340 7
a 405 30 5
a 405 198 3
a 406 641 6
a 407 287 4
a 407 330 9
a 408 95 8
a 408 173 3
a 409 121 9
a 409 475 10
a 410 234 1
a 410 540 8
a 410 640 5
a 411 328 10
a 411 537 6
a 411 669 4
a 412 620 2
a 413 518 2
a 413 608 6
a 414 117 1
a 415 69 7
a 415 151 2
a 415 653 7
a 416 224 6
a 416 558 5
a 417 56 10
a 417 254 2
a 417 381 5
a 418 359 6
a 419 152 8
a 419 427 7
a 420 494 6
a 420 610 3
a 421 252 5
a 422 276 4
a 422 508 10
a 423 603 1
a 423 611 8
a 424 24 4
a 424 123 10
a 424 407 3
a 424 492 7
a 425 456 6
a 426 410 2
a 426 463 10
a 427 436 8
a 428 267 6
a 428 408 7
a 428 581 7
a 429 21 2
a 430 250 1
a 431 537 1
a 431 646 2
a 432 44 7
a 432 521 4
a 433 6 6
a 433 319 6
a 434 626 7
a 434 694 10
a 435 103 9
a 435 553 6
a 436 304 1
a 436 380 4
a 437 128 3
a 438 310 1
a 439 190 10
a 440 228 9
a 441 194 9
a 441 339 8
a 442 299 6
a 442 647 3
a 443 54 7
a 443 534 8
a 443 575 3
a 444 165 9
a 444 385 9
a 444 523 3
a 444 550 8
a 445 283 8
a 445 421 9
a 446 227 7
a 446 384 1
a 447 305 7
a 448 520 3
a 449 107 2
a 449 248 2
a 450 132 9
a 450 135 5
a 450 284 9
a 450 341 4
a 451 43 1
a 452 167 4
a 452 425 1
a 453 32 3
a 454 658 4
a 455 248 8
a 455 477 10
a 455 551 8
a 456 254 1
a 457 610 6
a 458 193 4
a 458 410 10
a 458 415 8
a 458 622 10
a 459 299 8
a 459 447 6
a 460 383 8
a 461 221 9
a 461 484 5
a 461 507 3
a 461 652 10
a 462 266 10
a 462 636 10
a 463 11 6
a 464 664 6
a 465 366 2
a 465 609 3
a 466 492 2
a 467 32 6
a 467 289 1
a 467 324 10
a 467 690 3
a 468 531 5
a 469 117 4
a 469 342 10
a 470 329 9
a 470 416 8
a 471 516 5
a 472 279 9
a 473 363 5
a 474 3 8
a 474 106 9
a 474 347 7
a 475 38 8
a 476 461 9
a 477 392 8
a 478 441 9
a 479 326 3
a 479 473 7
a 480 55 6
a 481 73 2
a 481 180 4
a 482 204 8
a 482 587 3
a 483 52 2
a 483 474 3
a 484 435 9
a 484 442 9
a 485 547 2
a 486 380 1
a 486 490 6
a 486 582 4
a 487 58 7
a 487 511 6
a 488 32 3
a 489 592 6
a 490 276 6
a 490 655 7
a 491 261 1
a 491 335 10
a 492 346 8
a 493 13 3
a 493 189 1
a 493 343 9
a 494 292 2
a 494 426 8
a 495 241 10
a 496 530 5
a 497 183 10
a 498 433 4
a 498 495 9
a 499 76 8
a 499 412 2
a 500 146 5
a 500 448 6
a 500 527 4
a 501 102 1
a 501 341 6
a 501 593 3
a 502 83 9
a 502 231 10
a 502 384 4
a 503 642 4
a 504 506 9
a 504 552 2
a 505 465 4
a 506 117 4
a 506 180 9
a 506 682 2
a 507 213 6
a 508 108 3
a 509 208 10
a 509 450 9
a 509 632 1
a 510 421 5
a 510 503 2
a 511 45 3
a 511 413 9
a 512 18 3
a 512 390 9
a 513 126 4
a 513 281 4
a 514 31 2
a 514 44 5
a 514 285 7
a 514 457 1
a 515 41 8
a 516 163 5
a 516 499 7
a 517 305 8
a 517 561 1
a 518 260 2
a 518 492 2
a 519 433 5
a 519 655 6
a 520 601 2
a 520 605 6
a 520 632 10
a 521 125 8
a 522 65 1
a 522 489 9
a 522 571 2
a 523 152 5
a 523 661 4
a 523 678 7
a 524 119 8
a 525 298 9
a 525 482 10
a 525 555 5
a 525 584 2
a 526 308 6
a 527 150 2
a 527 332 6
a 527 460 9
a 528 40 1
a 528 514 10
a 528 696 3
a 529 488 3
a 530 200 6
a 530 350 6
a 530 472 1
a 531 221 6
a 532 581 10
a 533 435 4
a 533 691 4
a 534 225 3
a 535 579 1
a 536 85 3
a 536 191 4
a 537 145 6
a 538 698 9
a 539 197 7
a 539 543 6
a 540 611 8
a 541 135 4
a 541 236 8
a 541 434 8
a 541 441 8
a 542 242 7
a 543 87 8
a 543 186 2
a 544 128 3
a 545 120 5
a 545 237 8
a 545 578 6
a 546 297 7
a 547 69 4
a 547 480 5
a 547 666 5
a 548 301 1
a 548 574 6
a 549 625 2
a 550 276 7
a 550 339 3
a 551 184 8
a 551 222 10
a 551 560 7
a 552 634 8
a 553 100 2
a 553 586 6
a 553 679 6
a 554 224 9
a 555 35 2
a 555 408 9
a 556 146 2
a 557 284 8
a 558 257 1
a 558 456 10
a 558 469 4
a 558 683 9
a 559 68 1
a 559 171 2
a 559 280 6
a 560 33 9
a 560 270 10
a 560 489 5
a 560 677 5
a 561 98 1
a 562 245 5
a 562 626 2
a 563 428 7
a 564 149 10
a 565 536 5
a 566 682 7
a 567 106 3
a 568 316 3
a 568 331 7
a 569 285 6
a 570 353 2
a 571 336 8
a 571 374 8
a 571 609 3
a 572 242 3
a 572 449 5
a 572 451 4
a 573 362 3
a 574 178 4
a 575 5 1
a 575 656 9
a 576 90 9
a 576 245 8
a 577 304 10
a 578 359 3
a 579 32 8
a 580 105 6
a 580 115 7
a 580 538 4
a 580 559 1
a 581 129 6
a 581 645 5
a 582 88 2
a 582 409 7
a 583 116 7
a 583 443 10
a 583 626 6
a 584 4 2
a 585 201 2
a 586 333 8
a 586 420 7
a 587 136 4
a 587 478 6
a 588 395 9
a 589 70 5
a 589 321 5
a 590 389 4
a 590 413 4
a 591 254 9
a 592 679 10
a 593 41 3
a 593 273 5
a 593 303 6
a 593 573 3
a 594 149 2
a 595 321 3
a 595 500 3
a 596 149 7
a 596 663 5
a 597 39 2
a 597 307 10
a 598 149 5
a 598 274 1
a 598 393 7
a 599 88 10
a 599 119 5
a 600 404 10
a 601 187 1
a 602 56 9
a 602 515 3
a 602 582 2
a 602 699 4
a 603 153 7
a 603 618 1
a 603 660 1
a 604 20 9
a 604 445 8
a 604 593 6
a 605 279 7
a 606 237 5
a 606 533 7
a 607 149 9
a 607 205 3
a 608 118 1
a 609 313 2
a 610 85 7
a 611 247 9
a 612 206 9
a 612 328 1
a 613 631 10
a 614 155 8
a 615 9 1
a 615 214 8
a 615 249 2
a 616 475 10
a 616 620 3
a 617 553 3
a 617 595 7
a 618 54 3
a 618 295 7
a 618 395 4
a 618 504 9
a 619 363 8
a 619 540 2
a 620 514 4
a 621 169 4
a 622 555 1
a 623 331 6
a 623 404 10
a 624 247 7
a 624 278 7
a 624 288 7
a 625 71 2
a 625 485 1
a 625 567 2
a 626 8 10
a 626 130 3
a 627 242 10
a 627 264 2
a 627 323 7
a 627 483 9
a 628 196 7
a 628 422 5
a 629 424 1
a 629 687 6
a 630 156 5
a 630 319 3
a 630 648 3
a 631 331 4
a 631 417 9
a 631 418 10
a 631 462 7
a 631 526 6
a 631 675 7
a 632 360 3
a 632 619 7
a 633 693 8
a 634 540 6
a 635 513 9
a 635 612 8
a 636 84 10
a 636 213 4
a 637 310 8
a 637 317 8
a 637 527 4
a 638 125 1
a 638 143 5
a 638 272 1
a 639 17 5
a 639 226 5
a 640 263 9
a 640 409 4
a 641 419 6
a 642 310 3
a 642 628 3
a 642 631 7
a 643 70 7
a 643 137 7
a 644 244 7
a 644 455 10
a 645 26 7
a 646 480 8
a 646 566 6
a 647 155 6
a 647 318 5
a 648 179 6
a 648 554 4
a 648 626 10
a 649 487 4
a 649 582 6
a 649 668 1
a 650 43 8
a 650 473 1
a 651 575 9
a 651 628 5
a 652 630 10
a 653 91 8
a 653 98 3
a 653 585 8
a 654 225 2
a 654 389 6
a 654 517 8
a 655 393 6
a 656 301 2
a 656 381 8
a 656 588 1
a 656 700 1
a 657 28 5
a 657 311 7
a 658 188 7
a 658 426 8
a 658 441 9
a 659 298 3
a 659 348 3
a 660 134 4
a 661 84 9
a 661 316 6
a 662 72 4
a 662 379 2
a 663 137 6
a 664 59 10
a 664 392 6
a 664 567 2
a 665 603 5
a 665 673 1
a 666 125 6
a 666 486 2
a 667 142 8
a 667 254 9
a 668 79 5
a 668 343 8
a 669 358 2
a 669 485 10
a 669 558 8
a 670 268 4
a 670 466 10
a 671 91 1
a 671 218 6
a 672 240 5
a 673 104 5
a 673 138 5
a 673 429 9
a 674 214 7
a 675 80 10
a 675 291 9
a 675 617 1
a 676 347 6
a 677 220 8
a 678 222 1
a 678 410 10
a 678 532 1
a 679 198 8
a 680 309 6
a 680 354 2
a 680 517 3
a 681 439 7
a 682 141 10
a 682 160 10
a 682 357 8
a 682 452 4
a 682 511 1
a 683 52 10
a 683 294 10
a 684 577 6
a 684 621 3
a 685 91 9
a 685 239 4
a 685 428 2
a 685 695 5
a 686 134 5
a 687 233 4
a 687 641 8
a 688 126 1
a 688 178 6
a 688 332 8
a 689 370 1
a 689 546 7
a 690 639 7
a 691 179 5
a 692 38 9
a 693 422 5
a 693 682 7
a 694 145 7
a 695 207 6
a 696 324 6
a 696 346 10
a 696 598 9
a 697 160 2
a 698 108 9
a 698 377 10
a 698 536 6
a 698 569 3
a 699 63 3
a 699 231 3
