p max 700 1400
n 1 s
n 700 t
a 1 326 8
a 2 61 3
a 3 82 9
a 3 514 5
a 4 539 6
a 5 413 7
a 5 448 4
a 6 214 6
a 7 400 5
a 7 426 2
a 8 234 7
a 8 364 4
a 9 631 7
a 10 146 9
a 10 216 5
a 11 86 10
a 11 482 4
a 12 10 7
a 12 582 7
a 13 108 10
a 13 247 4
a 14 647 4
a 15 263 4
a 15 339 7
a 16 48 2
a 16 188 6
a 16 374 9
a 16 488 10
a 17 263 5
a 17 572 4
a 18 76 10
a 18 138 1
a 18 205 1
a 18 316 8
a 19 338 6
a 20 676 6
a 21 185 6
a 21 243 2
a 22 575 10
a 23 440 7
a 24 667 10
a 25 97 1
a 26 105 9
a 26 363 7
a 27 175 1
a 28 640 1
a 29 493 4
a 29 496 6
a 29 603 4
a 30 472 1
a 30 640 8
a 31 643 5
a 32 156 3
a 33 359 4
a 33 545 5
a 34 92 2
a 34 189 1
a 34 287 6
a 35 151 6
a 35 629 4
a 36 141 4
a 37 180 1
a 37 454 7
a 38 396 2
a 38 564 1
a 39 400 1
a 40 45 7
a 40 80 4
a 41 290 1
a 42 120 4
a 43 159 7
a 43 553 10
a 44 218 8
a 44 414 10
a 44 454 3
a 45 289 8
a 45 407 3
a 45 434 4
a 46 24 10
a 46 227 1
a 47 306 6
a 47 420 3
a 48 449 9
a 49 103 7
a 49 122 10
a 49 239 6
a 49 599 5
a 50 28 1
a 50 106 3
a 51 378 9
a 52 5 9
a 52 175 2
a 53 569 8
a 54 110 5
a 54 163 6
a 54 183 7
a 54 585 7
a 55 365 8
a 56 100 6
a 56 355 7
a 56 595 9
a 57 84 4
a 57 234 3
a 58 237 9
a 58 675 8
a 59 109 8
a 59 157 5
a 59 194 1
a 59 206 9
a 59 576 10
a 60 30 2
a 61 534 9
a 62 374 7
a 63 690 2
a 64 58 3
a 64 520 10
a 64 554 5
a 65 8 8
a 66 494 1
a 66 552 1
a 67 431 8
a 67 533 4
a 67 655 9
a 68 102 6
a 68 647 10
a 69 14 4
a 69 193 1
a 69 611 3
a 70 387 5
a 70 450 1
a 71 285 4
a 71 297 1
a 72 448 8
a 72 540 8
a 73 166 6
a 73 277 10
a 73 498 8
a 74 317 10
a 74 529 4
a 75 616 8
a 76 356 5
a 76 659 3
a 77 361 1
a 77 437 4
a 78 321 7
a 78 508 7
a 78 591 7
a 79 215 4
a 79 543 4
a 80 591 7
a 81 679 9
a 82 414 8
a 82 563 8
a 83 2 5
a 83 639 9
a 84 480 5
a 85 63 8
a 85 115 10
a 85 346 10
a 85 636 3
a 86 616 10
a 87 184 2
a 87 216 6
a 88 314 9
a 88 492 8
a 89 50 8
a 89 608 10
a 90 31 10
a 90 681 3
a 91 252 5
a 92 388 3
a 93 29 7
a 93 96 2
a 93 182 4
a 93 276 9
a 94 351 10
a 95 271 5
a 95 566 9
a 95 669 1
a 96 189 7
a 96 629 5
a 97 21 10
a 97 198 4
a 97 348 9
a 97 549 8
a 98 250 9
a 98 349 7
a 98 366 4
a 98 678 3
a 99 321 1
a 100 556 3
a 101 15 3
a 101 422 10
a 102 197 2
a 102 389 8
a 102 650 9
a 103 72 3
a 103 605 6
a 104 123 10
a 104 515 5
a 104 542 4
a 104 570 6
a 104 677 3
a 105 228 8
a 106 442 6
a 107 247 6
a 107 409 1
a 108 240 6
a 108 544 6
a 109 174 4
a 109 237 3
a 109 305 3
a 109 689 2
a 110 59 5
a 110 349 7
a 111 141 1
a 111 694 8
a 112 74 7
a 112 311 9
a 113 33 8
a 113 77 5
a 113 159 9
a 113 346 2
a 113 491 10
a 114 321 5
a 114 418 1
a 115 38 3
a 115 39 3
a 115 55 1
a 116 105 8
a 116 182 1
a 117 663 8
a 118 185 1
a 118 653 7
a 119 61 5
a 119 101 5
a 119 212 4
a 119 548 9
a 119 561 8
a 119 568 10
a 120 283 8
a 121 70 9
a 121 93 6
a 121 132 9
a 122 410 7
a 123 570 8
a 124 242 10
a 125 360 10
a 126 40 2
a 126 128 8
a 126 156 7
a 126 264 2
a 127 364 1
a 127 396 10
a 127 593 2
a 128 161 3
a 129 115 7
a 129 552 5
a 129 662 1
a 130 295 8
a 130 299 3
a 130 437 7
a 131 69 8
a 131 107 5
a 131 618 4
a 132 370 1
a 132 605 3
a 133 341 6
a 134 133 2
a 134 434 6
a 134 627 7
a 135 211 3
a 135 355 7
a 135 387 3
a 135 477 4
a 135 656 4
a 136 285 9
a 136 499 1
a 137 204 4
a 137 607 10
a 137 646 8
a 138 69 3
a 138 345 8
a 138 395 5
a 138 683 6
a 139 135 5
a 139 256 10
a 140 582 8
a 141 590 6
a 142 297 2
a 142 476 8
a 142 660 2
a 143 494 2
a 143 541 2
a 143 664 6
a 144 5 2
a 144 302 4
a 144 377 9
a 145 30 8
a 145 238 9
a 145 367 1
a 145 646 4
a 146 651 6
a 147 165 10
a 147 570 8
a 148 425 5
a 148 633 10
a 149 179 1
a 149 488 4
a 150 35 2
a 150 111 3
a 151 11 2
a 151 60 8
a 151 590 1
a 152 245 5
a 152 444 3
a 153 382 6
a 154 148 8
a 154 200 1
a 155 376 8
a 155 388 4
a 156 39 8
a 156 249 9
a 156 458 3
a 157 565 9
a 158 587 6
a 159 235 8
a 159 546 8
a 160 379 4
a 161 29 8
a 161 482 1
a 161 584 7
a 162 54 3
a 162 510 6
a 163 225 9
a 163 292 9
a 163 521 6
a 164 699 2
a 165 133 2
a 165 273 4
a 165 367 6
a 166 326 1
a 166 515 9
a 167 214 6
a 167 436 6
a 167 578 3
a 167 621 2
a 168 442 1
a 168 496 1
a 168 559 1
a 169 623 7
a 169 697 6
a 170 408 2
a 170 439 6
a 171 252 6
a 171 642 9
a 172 220 8
a 173 558 7
a 173 676 3
a 174 491 10
a 175 101 4
a 175 136 10
a 175 621 1
a 176 333 3
a 176 444 10
a 177 246 2
a 177 561 8
a 178 15 1
a 178 141 4
a 179 465 10
a 179 469 4
a 180 661 7
a 181 85 7
a 181 338 5
a 181 397 1
a 182 376 4
a 183 47 3
a 183 71 5
a 183 130 2
a 184 279 3
a 185 89 8
a 186 480 2
a 186 700 3
a 187 110 4
a 188 143 3
a 188 311 3
a 188 340 10
a 189 322 4
a 189 473 1
a 190 89 7
a 190 223 1
a 191 140 1
a 191 446 2
a 192 219 2
a 192 224 5
a 193 318 1
a 193 349 7
a 193 365 8
a 193 682 8
a 194 36 6
a 194 164 8
a 194 506 8
a 195 275 4
a 195 509 8
a 196 207 3
a 196 301 6
a 197 270 3
a 197 515 10
a 198 404 10
a 199 195 10
a 200 144 4
a 200 423 4
a 200 463 8
a 200 528 8
a 201 451 4
a 201 583 5
a 202 435 6
a 202 600 2
a 203 244 6
a 203 665 1
a 204 360 8
a 204 449 10
a 204 564 5
a 205 247 3
a 205 249 10
a 206 598 4
a 207 26 9
a 207 34 9
a 207 651 7
a 208 315 6
a 208 327 5
a 208 391 3
a 208 604 8
a 209 491 4
a 209 644 8
a 210 79 1
a 210 567 4
a 210 606 3
a 210 613 5
a 211 109 9
a 212 530 5
a 212 576 8
a 213 220 2
a 213 225 8
a 213 666 7
a 214 257 3
a 214 372 6
a 214 596 3
a 215 407 5
a 215 577 6
a 216 525 8
a 216 666 6
a 217 362 10
a 217 484 6
a 218 87 9
a 218 184 8
a 219 114 2
a 219 453 4
a 220 567 10
a 221 356 3
a 221 365 3
a 221 526 5
a 221 679 7
a 222 108 5
a 222 463 1
a 222 602 9
a 223 380 2
a 224 353 9
a 224 457 2
a 225 154 10
a 225 281 8
a 225 342 1
a 226 145 9
a 227 260 7
a 227 534 7
a 228 104 8
a 228 456 2
a 228 660 7
a 229 89 9
a 230 142 2
a 230 616 5
a 231 162 5
a 231 410 6
a 231 538 5
a 232 461 1
a 232 572 1
a 233 227 7
a 233 261 8
a 234 337 6
a 235 517 4
a 235 648 8
a 236 279 5
a 236 329 9
a 236 375 6
a 237 337 3
a 237 614 4
a 237 642 2
a 238 20 2
a 238 355 8
a 239 283 2
a 240 143 7
a 240 597 10
a 241 338 8
a 242 558 4
a 243 39 5
a 243 687 4
a 244 225 10
a 244 660 9
a 245 224 1
a 246 27 4
a 247 402 8
a 247 426 9
a 247 503 9
a 248 270 1
a 249 237 4
a 249 393 3
a 250 135 1
a 250 154 5
a 250 291 2
a 251 18 3
a 252 262 8
a 252 505 9
a 252 526 7
a 253 471 4
a 254 132 1
a 255 73 3
a 255 501 9
a 256 185 10
a 257 234 6
a 257 377 7
a 257 443 6
a 258 131 7
a 258 480 9
a 258 691 7
a 259 468 6
a 259 549 5
a 260 679 9
a 261 216 6
a 262 192 7
a 262 381 6
a 262 440 7
a 263 150 9
a 263 246 3
a 264 374 3
a 264 675 1
a 265 656 5
a 266 282 1
a 267 274 4
a 267 512 7
a 267 681 8
a 267 690 6
a 268 435 2
a 269 688 2
a 270 465 8
a 270 693 9
a 271 197 3
a 272 591 2
a 273 325 8
a 273 549 2
a 273 632 10
a 274 492 1
a 274 497 5
a 274 500 3
a 275 50 1
a 275 97 6
a 276 201 9
a 276 615 6
a 277 94 3
a 277 299 4
a 278 99 3
a 278 125 5
a 278 153 8
a 279 16 1
a 280 205 5
a 280 654 6
a 281 253 2
a 282 81 7
a 283 532 10
a 283 563 3
a 284 196 6
a 284 233 1
a 284 675 10
a 285 205 5
a 285 656 5
a 286 368 8
a 286 610 7
a 287 575 3
a 288 405 1
a 289 484 2
a 290 43 3
a 290 636 3
a 291 351 10
a 291 392 9
a 291 517 2
a 292 644 5
a 293 108 6
a 294 408 7
a 294 686 1
a 295 350 8
a 295 381 2
a 295 490 3
a 295 617 2
a 296 119 10
a 296 284 2
a 297 57 1
a 297 443 2
a 297 606 2
a 298 260 2
a 298 322 10
a 298 624 8
a 299 112 2
a 299 181 6
a 300 219 6
a 300 681 9
a 301 99 8
a 301 239 7
a 302 81 7
a 302 146 10
a 303 463 7
a 304 25 2
a 304 36 2
a 304 293 8
a 305 405 6
a 305 550 2
a 305 610 5
a 306 560 9
a 306 674 6
a 307 108 1
a 307 373 10
a 308 148 1
a 308 679 5
a 309 65 10
a 309 150 8
a 310 360 3
a 311 177 5
a 311 471 4
a 312 260 9
a 313 230 10
a 314 535 7
a 315 49 9
a 315 328 1
a 315 608 5
a 315 663 9
a 316 51 2
a 316 616 6
a 317 594 4
a 318 78 8
a 319 142 4
a 319 219 1
a 319 560 3
a 320 486 4
a 320 522 5
a 321 360 4
a 321 454 5
a 321 699 2
a 322 129 10
a 322 579 5
a 323 234 4
a 323 467 4
a 324 206 2
a 324 539 9
a 325 158 10
a 326 655 5
a 327 294 6
a 327 467 1
a 328 601 8
a 329 294 4
a 329 445 6
a 330 221 8
a 331 232 8
a 331 626 5
a 332 225 4
a 333 145 9
a 333 184 3
a 333 694 4
a 334 12 8
a 335 4 8
a 335 654 3
a 336 32 2
a 336 167 10
a 336 454 10
a 337 676 1
a 338 203 6
a 338 522 3
a 339 271 2
a 339 370 10
a 339 390 2
a 339 565 3
a 340 228 7
a 340 332 1
a 340 679 8
a 341 75 9
a 341 127 10
a 341 267 7
a 342 278 2
a 342 283 10
a 343 172 3
a 343 264 10
a 343 346 5
a 344 191 1
a 344 594 8
a 345 365 4
a 345 498 6
a 346 206 5
a 346 258 9
a 347 240 8
a 347 622 4
a 347 676 1
a 348 422 2
a 349 54 5
a 350 100 1
a 350 555 9
a 351 3 10
a 351 205 10
a 352 622 10
a 353 114 10
a 353 152 7
a 353 195 1
a 353 529 4
a 354 259 4
a 354 340 7
a 355 218 6
a 355 309 2
a 356 183 5
a 357 313 6
a 357 586 3
a 358 373 10
a 359 4 4
a 360 575 7
a 360 604 9
a 360 692 6
a 361 308 3
a 362 180 7
a 363 676 2
a 364 679 10
a 365 292 7
a 366 143 1
a 367 383 10
a 367 579 5
a 368 513 2
a 368 562 1
a 369 39 5
a 370 428 6
a 370 468 5
a 370 557 1
a 371 324 5
a 371 663 2
a 372 340 10
a 372 364 4
a 372 475 9
a 373 46 9
a 373 412 7
a 374 458 7
a 374 631 5
a 375 229 3
a 375 352 7
a 376 72 8
a 376 263 8
a 377 426 4
a 378 427 1
a 378 606 5
a 379 63 5
a 379 518 3
a 380 3 2
a 380 112 5
a 380 421 9
a 381 24 6
a 381 371 5
a 382 163 7
a 382 479 3
a 383 265 3
a 384 64 3
a 384 439 5
a 385 393 4
a 386 459 6
a 386 630 6
a 387 74 6
a 387 496 4
a 388 410 3
a 388 621 3
a 389 415 3
a 389 516 4
a 390 199 6
a 390 290 2
a 390 384 2
a 390 588 7
a 391 353 3
a 392 220 6
a 392 302 8
a 392 640 3
a 393 378 6
a 394 315 6
a 395 573 7
a 395 586 8
a 396 314 8
a 396 395 3
a 397 123 1
a 397 306 6
a 397 380 10
a 398 323 4
a 399 211 1
a 399 637 7
a 399 645 9
a 399 678 9
a 400 396 9
a 401 152 3
a 402 80 2
a 402 432 2
a 402 685 6
a 403 527 6
a 403 592 9
a 404 98 8
a 404 208 4
a 404 695 3
a 405 298 4
a 406 19 8
a 406 47 6
a 406 234 5
a 407 46 10
a 407 353 10
a 407 512 9
a 408 351 10
a 408 433 8
a 409 86 5
a 410 93 9
a 411 528 2
a 412 417 9
a 413 169 9
a 413 214 10
a 413 630 2
a 413 695 7
a 414 94 2
a 414 139 9
a 414 163 4
a 414 698 2
a 415 628 4
a 415 638 5
a 416 191 10
a 416 226 9
a 416 513 10
a 417 527 7
a 418 636 3
a 419 130 3
a 420 12 1
a 421 359 3
a 422 44 9
a 422 66 5
a 422 357 4
a 423 231 1
a 424 33 6
a 424 202 7
a 425 379 8
a 425 651 8
a 426 18 8
a 426 192 6
a 426 408 2
a 427 185 4
a 427 479 7
a 428 76 2
a 428 495 2
a 429 2 2
a 429 10 4
a 429 455 3
a 429 571 1
a 429 612 2
a 430 181 7
a 430 265 6
a 431 282 9
a 431 574 4
a 432 106 1
a 432 230 10
a 433 27 9
a 433 70 5
a 434 127 10
a 434 160 10
a 434 471 1
a 435 248 7
a 435 680 4
a 436 387 9
a 436 399 4
a 437 316 2
a 437 547 7
a 438 255 6
a 439 14 2
a 439 147 1
a 440 347 10
a 440 400 9
a 441 55 6
a 441 684 2
a 442 163 2
a 442 481 2
a 443 155 8
a 444 168 1
a 445 408 9
a 446 429 10
a 447 13 4
a 448 315 1
a 448 423 7
a 448 483 1
a 449 621 2
a 450 222 6
a 450 247 10
a 451 247 1
a 452 126 7
a 452 412 6
a 453 122 5
a 454 38 6
a 454 300 7
a 455 230 6
a 456 63 6
a 456 643 4
a 457 266 6
a 457 344 5
a 457 451 4
a 458 387 9
a 459 118 7
a 459 336 2
a 459 420 2
a 460 500 4
a 461 123 7
a 461 579 5
a 462 324 2
a 462 386 8
a 462 581 5
a 463 523 6
a 463 583 1
a 464 581 1
a 465 367 7
a 466 460 9
a 467 272 7
a 467 557 7
a 468 26 8
a 468 367 1
a 468 464 4
a 469 535 9
a 469 692 7
a 470 12 8
a 470 73 7
a 470 244 7
a 470 587 3
a 471 41 10
a 471 425 6
a 471 502 7
a 472 515 1
a 472 569 3
a 473 335 2
a 473 501 2
a 474 230 7
a 475 585 8
a 476 58 8
a 476 331 10
a 476 398 10
a 476 667 8
a 477 313 1
a 478 186 4
a 478 521 8
a 478 673 9
a 478 676 6
a 479 111 1
a 479 380 5
a 480 580 6
a 481 254 6
a 481 418 10
a 481 600 8
a 482 26 7
a 482 323 3
a 483 636 3
a 484 424 3
a 484 497 10
a 485 242 2
a 485 470 2
a 485 602 5
a 485 661 1
a 486 537 3
a 486 587 10
a 487 89 10
a 487 471 5
a 488 88 8
a 488 431 5
a 489 524 9
a 489 614 5
a 490 318 7
a 491 180 2
a 491 201 8
a 491 404 2
a 492 161 8
a 493 341 6
a 493 422 10
a 494 289 8
a 495 550 6
a 495 638 8
a 496 60 10
a 496 173 9
a 496 374 6
a 496 397 3
a 497 583 5
a 498 139 8
a 499 352 7
a 499 453 1
a 499 516 10
a 500 77 5
a 500 82 8
a 500 95 2
a 500 275 8
a 500 554 6
a 501 281 4
a 501 478 3
a 502 543 4
a 503 658 2
a 504 52 6
a 504 435 6
a 504 522 9
a 505 25 3
a 505 192 1
a 505 286 3
a 505 416 8
a 506 484 10
a 506 606 1
a 507 677 2
a 508 235 5
a 509 534 3
a 510 31 10
a 511 230 4
a 511 574 10
a 512 55 8
a 512 57 1
a 513 662 3
a 514 78 8
a 514 589 2
a 515 438 1
a 515 507 9
a 516 536 4
a 516 595 8
a 517 236 10
a 518 168 10
a 519 295 9
a 519 630 9
a 520 565 5
a 521 204 9
a 522 258 7
a 522 429 7
a 523 642 5
a 524 68 5
a 524 288 3
a 524 422 7
a 525 64 8
a 526 485 7
a 526 676 4
a 527 36 2
a 527 619 9
a 528 260 3
a 528 466 5
a 529 182 7
a 530 290 7
a 531 24 10
a 531 182 10
a 531 190 8
a 531 197 9
a 532 563 6
a 533 281 1
a 533 614 3
a 534 699 10
a 535 292 10
a 535 460 8
a 536 480 3
a 536 625 5
a 537 308 2
a 537 407 8
a 537 417 10
a 538 654 6
a 539 293 2
a 540 92 7
a 540 358 7
a 540 546 7
a 541 17 1
a 541 328 7
a 541 634 8
a 542 12 1
a 542 649 10
a 543 345 8
a 544 159 4
a 544 430 2
a 545 542 7
a 546 493 1
a 546 506 5
a 547 97 5
a 548 259 1
a 548 605 6
a 549 594 3
a 550 586 7
a 551 227 2
a 551 423 7
a 551 649 5
a 552 257 10
a 552 369 3
a 552 473 9
a 553 52 9
a 554 329 5
a 555 513 9
a 556 589 6
a 557 556 10
a 557 633 1
a 558 396 4
a 559 466 3
a 559 527 9
a 559 614 6
a 560 42 10
a 560 168 7
a 560 636 4
a 561 210 1
a 561 376 7
a 562 126 8
a 562 531 4
a 563 183 5
a 563 209 8
a 564 97 9
a 564 243 2
a 565 239 9
a 566 121 7
a 566 505 2
a 566 540 3
a 567 227 9
a 568 47 8
a 569 217 8
a 569 656 2
a 570 596 7
a 571 189 9
a 572 401 9
a 573 575 2
a 574 388 2
a 574 560 8
a 575 426 6
a 575 606 1
a 576 53 6
a 576 146 3
a 576 296 5
a 576 492 5
a 576 623 1
a 576 680 4
a 577 249 5
a 577 361 5
a 578 97 10
a 578 223 3
a 579 359 10
a 580 23 8
a 580 67 2
a 580 390 7
a 581 140 9
a 581 371 4
a 582 44 9
a 583 125 7
a 583 469 2
a 583 523 4
a 584 152 1
a 584 655 6
a 585 8 1
a 585 37 5
a 585 174 3
a 585 656 8
a 586 66 3
a 586 221 7
a 586 262 8
a 586 462 7
a 587 522 3
a 588 54 8
a 589 87 4
a 589 427 8
a 590 652 3
a 590 654 1
a 590 696 4
a 591 304 6
a 591 504 6
a 591 619 3
a 592 201 3
a 593 452 5
a 593 573 1
a 594 561 9
a 595 14 6
a 595 491 2
a 596 188 1
a 597 303 9
a 597 390 3
a 597 447 8
a 598 63 10
a 598 403 2
a 599 382 10
a 599 507 6
a 599 536 7
a 600 241 2
a 600 491 2
a 601 251 7
a 601 678 5
a 602 137 7
a 602 141 1
a 602 638 1
a 603 125 7
a 603 481 5
a 603 601 10
a 604 253 9
a 604 357 1
a 605 293 5
a 605 518 3
a 606 551 3
a 606 620 9
a 607 690 5
a 608 529 4
a 609 24 8
a 610 167 8
a 610 330 4
a 610 433 3
a 610 700 2
a 611 609 2
a 611 620 4
a 612 116 5
a 612 257 8
a 613 187 1
a 613 269 2
a 613 366 4
a 613 487 7
a 614 148 6
a 614 474 8
a 614 657 6
a 615 143 2
a 615 342 8
a 616 664 5
a 617 102 8
a 617 113 9
a 617 155 2
a 617 423 8
a 618 76 4
a 618 176 1
a 619 9 3
a 619 268 2
a 620 417 3
a 621 56 10
a 621 62 7
a 621 78 1
a 621 120 3
a 621 161 6
a 621 672 8
a 622 290 3
a 623 119 9
a 623 260 1
a 624 24 1
a 624 419 7
a 624 658 6
a 624 672 1
a 625 322 8
a 626 307 8
a 626 643 10
a 626 688 10
a 627 319 10
a 628 149 1
a 628 177 6
a 628 298 8
a 629 86 5
a 630 391 4
a 631 164 10
a 632 604 3
a 633 91 10
a 633 335 4
a 634 117 3
a 634 426 2
a 634 545 2
a 635 263 4
a 635 444 1
a 636 134 9
a 636 218 9
a 637 131 1
a 637 236 8
a 638 527 2
a 639 9 2
a 639 681 1
a 640 290 5
a 641 215 7
a 641 228 2
a 641 321 10
a 641 577 4
a 642 52 5
a 643 147 10
a 644 301 3
a 644 685 7
a 645 385 6
a 646 194 6
a 646 539 6
a 647 171 4
a 647 456 3
a 648 332 2
a 648 679 10
a 649 376 9
a 649 614 2
a 650 312 4
a 650 560 1
a 651 316 9
a 651 598 2
a 651 625 3
a 652 492 2
a 652 626 10
a 653 322 1
a 653 385 2
a 654 282 5
a 654 560 5
a 654 668 4
a 655 168 2
a 655 670 1
a 656 7 9
a 656 429 1
a 657 5 1
a 657 378 2
a 658 5 1
a 658 635 7
a 659 54 2
a 659 231 2
a 659 635 5
a 660 60 6
a 661 264 10
a 661 511 7
a 661 580 3
a 662 13 8
a 662 286 4
a 662 334 6
a 662 420 2
a 662 447 9
a 663 60 8
a 663 83 6
a 664 123 10
a 664 170 6
a 665 48 8
a 666 191 9
a 667 204 4
a 667 401 3
a 668 11 5
a 668 594 10
a 669 283 7
a 669 305 10
a 669 411 4
a 670 93 9
a 670 124 4
a 670 354 2
a 670 519 10
a 670 671 8
a 670 683 2
a 671 117 6
a 672 263 5
a 672 320 7
a 672 343 6
a 673 195 3
a 673 639 3
a 674 412 6
a 675 183 9
a 675 348 10
a 676 55 5
a 676 384 1
a 677 27 3
a 677 310 2
a 678 213 2
a 678 255 7
a 678 449 5
a 679 146 9
a 679 441 9
a 679 452 1
a 680 13 8
a 681 375 6
a 681 643 9
a 682 248 5
a 683 280 2
a 683 358 5
a 683 551 1
a 683 583 8
a 684 520 7
a 685 57 6
a 685 319 9
a 685 502 9
a 686 16 3
a 686 466 10
a 687 319 10
a 688 245 9
a 688 489 9
a 689 90 9
a 689 435 2
a 690 657 9
a 691 92 7
a 691 406 9
a 692 45 6
a 692 178 6
a 692 464 2
a 693 487 9
a 694 22 6
a 694 158 3
a 694 571 1
a 695 6 1
a 695 81 7
a 695 531 6
a 696 192 6
a 696 455 5
a 697 394 6
a 697 668 3
a 698 139 3
a 699 146 10
a 699 641 10
