p max 700 1400
n 1 s
n 700 t
a 1 420 1
a 1 466 1
a 2 287 10
a 2 417 10
a 2 488 9
a 3 498 6
a 3 520 2
a 3 656 4
a 4 98 4
a 4 286 6
a 5 127 5
a 5 144 3
a 5 446 3
a 6 105 10
a 6 286 3
a 6 546 1
a 7 259 3
a 7 596 5
a 8 497 1
a 8 519 3
a 9 57 8
a 9 605 8
a 10 150 7
a 10 475 9
a 11 230 8
a 11 244 9
a 11 645 7
a 12 680 3
a 13 135 10
a 13 510 3
a 14 686 10
a 15 153 7
a 15 252 2
a 16 665 7
a 17 30 6
a 17 119 4
a 17 193 2
a 17 359 4
a 17 459 3
a 18 577 9
a 19 74 8
a 19 581 10
a 20 146 8
a 21 120 8
a 21 588 3
a 22 559 3
a 23 15 10
a 23 381 1
a 24 391 8
a 25 289 1
a 26 211 1
a 26 409 7
a 27 169 1
a 27 324 4
a 27 332 1
a 27 354 2
a 27 528 1
a 28 13 9
a 28 289 4
a 28 657 1
a 29 42 5
a 30 437 1
a 30 686 1
a 31 288 5
a 32 117 1
a 32 598 10
a 33 181 8
a 33 574 8
a 34 498 1
a 35 123 4
a 35 298 9
a 35 540 10
a 35 566 2
a 36 123 9
a 36 266 5
a 36 318 3
a 37 412 5
a 37 470 8
a 38 575 1
a 39 678 7
a 40 525 2
a 40 544 9
a 41 257 3
a 41 469 5
a 42 379 4
a 43 564 10
a 44 143 2
a 44 156 8
a 45 239 10
a 46 415 10
a 46 567 5
a 47 244 2
a 48 252 4
a 49 61 7
a 49 568 4
a 50 25 9
a 50 248 2
a 50 700 5
a 51 11 5
a 51 137 5
a 51 228 6
a 52 243 6
a 52 257 2
a 53 490 1
a 53 606 5
a 54 108 1
a 54 305 1
a 55 382 10
a 56 607 4
a 56 682 10
a 57 4 1
a 57 29 7
a 57 99 3
a 57 191 10
a 57 459 5
a 58 454 2
a 58 603 2
a 59 640 9
a 60 207 4
a 60 485 5
a 61 291 5
a 61 340 7
a 61 372 6
a 61 379 6
a 62 472 5
a 63 26 8
a 63 103 10
a 63 414 6
a 63 677 8
a 64 182 1
a 64 228 10
a 64 384 4
a 65 61 5
a 65 211 5
a 66 695 3
a 67 454 10
a 68 583 9
a 69 606 10
a 70 320 4
a 71 346 2
a 72 423 5
a 73 87 5
a 74 540 9
a 74 581 7
a 75 275 3
a 75 312 10
a 75 383 2
a 75 586 6
a 76 331 3
a 76 501 9
a 77 283 8
a 78 183 8
a 79 280 4
a 79 450 6
a 79 612 10
a 80 269 5
a 80 375 2
a 81 601 1
a 82 653 2
a 83 664 6
a 84 512 8
a 85 445 9
a 86 100 7
a 86 236 10
a 86 537 9
a 86 655 8
a 87 275 9
a 88 8 6
a 88 507 8
a 88 586 4
a 89 673 3
a 90 220 7
a 91 70 6
a 91 362 2
a 91 685 7
a 92 594 10
a 93 676 8
a 94 227 6
a 94 607 10
a 95 114 9
a 95 263 9
a 95 393 8
a 95 484 1
a 96 659 8
a 96 664 10
a 97 308 4
a 98 166 2
a 98 380 5
a 98 665 2
a 99 177 5
a 99 282 5
a 100 318 6
a 100 320 2
a 101 492 1
a 102 175 8
a 102 600 2
a 103 578 6
a 103 646 6
a 104 595 6
a 105 413 8
a 105 608 10
a 106 561 7
a 107 420 10
a 108 98 2
a 108 567 7
a 109 136 1
a 110 87 7
a 110 101 2
a 110 676 3
a 111 38 4
a 111 411 7
a 111 512 8
a 111 626 9
a 111 650 9
a 112 12 6
a 113 616 4
a 114 353 1
a 115 31 4
a 115 239 2
a 115 249 4
a 115 423 3
a 116 75 5
a 117 325 8
a 117 465 8
a 117 574 8
a 118 250 6
a 118 632 10
a 119 260 3
a 119 294 2
a 119 589 4
a 120 73 5
a 120 405 6
a 121 634 4
a 122 54 8
a 123 191 4
a 123 292 8
a 123 616 6
a 124 250 6
a 124 396 1
a 125 141 4
a 126 183 3
a 127 248 3
a 128 533 3
a 128 558 10
a 128 606 1
a 128 651 8
a 129 36 7
a 129 200 5
a 129 617 3
a 130 590 5
a 131 19 8
a 132 109 5
a 132 357 2
a 132 621 4
a 133 187 5
a 133 560 4
a 134 164 9
a 134 264 3
a 134 548 9
a 135 22 3
a 135 404 1
a 136 543 1
a 137 14 7
a 137 302 7
a 137 633 8
a 138 204 4
a 139 499 3
a 140 205 6
a 141 18 10
a 141 192 6
a 141 479 9
a 142 597 1
a 143 88 9
a 143 565 1
a 143 644 7
a 144 81 6
a 145 693 10
a 146 605 8
a 147 202 7
a 147 305 9
a 147 319 6
a 147 585 10
a 148 289 2
a 148 384 8
a 149 145 6
a 149 683 9
a 150 692 10
a 151 397 6
a 151 458 9
a 152 72 10
a 152 253 2
a 152 336 10
a 152 662 1
a 152 685 9
a 153 27 8
a 153 402 2
a 154 240 7
a 155 60 4
a 155 82 10
a 155 497 2
a 155 679 5
a 156 144 9
a 157 276 4
a 158 295 1
a 158 515 6
a 159 378 5
a 159 661 2
a 160 253 10
a 160 333 3
a 160 348 3
a 160 487 1
a 161 48 6
a 161 155 3
a 161 584 3
a 162 577 1
a 163 255 1
a 164 546 3
a 165 18 5
a 165 208 2
a 166 118 2
a 167 170 4
a 167 381 7
a 168 481 8
a 168 677 5
a 169 110 8
a 169 363 9
a 170 304 10
a 170 628 2
a 170 670 2
a 171 226 8
a 171 345 3
a 171 363 5
a 171 583 4
a 172 414 6
a 173 549 1
a 174 239 10
a 175 125 1
a 175 168 4
a 176 41 7
a 176 117 1
a 176 697 9
a 177 163 1
a 178 503 4
a 179 505 5
a 180 429 6
a 181 293 1
a 182 247 8
a 182 395 9
a 183 59 6
a 184 28 4
a 185 237 1
a 185 658 6
a 186 47 8
a 186 371 7
a 187 303 5
a 188 222 6
a 188 527 7
a 189 183 3
a 190 225 8
a 190 235 5
a 190 290 7
a 191 492 6
a 191 553 9
a 191 562 1
a 192 308 6
a 192 530 8
a 192 640 1
a 193 78 9
a 193 278 9
a 194 136 7
a 194 493 9
a 195 437 8
a 195 656 9
a 196 59 3
a 197 631 6
a 198 183 10
a 198 296 2
a 198 419 1
a 199 562 4
a 200 491 5
a 201 50 4
a 201 58 5
a 201 212 7
a 201 341 9
a 202 85 7
a 202 211 9
a 202 349 9
a 202 360 10
a 203 71 4
a 203 141 8
a 204 560 7
a 204 631 9
a 205 162 3
a 205 676 8
a 206 323 2
a 206 410 2
a 206 439 8
a 206 482 1
a 207 64 7
a 207 206 9
a 208 337 6
a 208 431 1
a 209 307 8
a 210 106 2
a 211 272 5
a 211 694 6
a 212 484 3
a 212 505 2
a 213 301 8
a 214 104 3
a 214 571 10
a 215 2 7
a 216 111 1
a 216 581 10
a 217 393 9
a 217 454 5
a 217 591 1
a 218 282 2
a 219 496 1
a 219 550 4
a 219 627 6
a 220 351 7
a 220 511 1
a 220 643 8
a 221 65 6
a 222 472 10
a 223 167 8
a 223 211 10
a 223 298 5
a 224 130 9
a 224 683 1
a 225 365 5
a 225 570 2
a 225 628 4
a 226 261 10
a 226 477 1
a 227 46 1
a 227 109 6
a 227 246 9
a 227 445 7
a 227 667 1
a 228 55 10
a 228 224 9
a 229 639 2
a 230 310 4
a 231 368 9
a 232 438 4
a 232 558 5
a 232 652 8
a 233 336 5
a 233 618 6
a 234 431 5
a 234 579 9
a 235 301 5
a 236 269 4
a 236 504 2
a 237 43 2
a 237 599 4
a 238 73 9
a 239 495 6
a 239 510 9
a 239 610 7
a 240 496 6
a 240 616 6
a 241 578 8
a 242 18 7
a 242 369 3
a 242 569 5
a 243 668 8
a 244 297 5
a 244 505 9
a 244 562 1
a 245 522 5
a 245 547 5
a 246 178 2
a 246 182 6
a 247 423 7
a 247 424 3
a 248 9 7
a 248 173 3
a 249 376 1
a 249 661 4
a 250 22 8
a 251 173 1
a 251 207 6
a 252 144 2
a 252 403 8
a 252 451 5
a 253 188 9
a 253 480 1
a 253 536 8
a 253 665 3
a 254 124 8
a 255 285 3
a 255 370 8
a 255 427 5
a 256 122 2
a 256 457 6
a 257 171 10
a 258 334 8
a 259 128 5
a 259 443 8
a 259 599 10
a 260 139 9
a 260 265 1
a 261 367 5
a 261 492 6
a 262 361 9
a 262 422 8
a 262 459 10
a 263 132 8
a 263 464 6
a 264 554 3
a 265 95 9
a 265 283 4
a 266 368 7
a 266 614 4
a 266 629 10
a 267 546 1
a 268 159 3
a 268 217 7
a 269 72 6
a 270 506 7
a 270 673 3
a 271 438 1
a 271 622 10
a 271 660 5
a 272 455 6
a 273 230 2
a 273 233 4
a 274 7 9
a 274 241 7
a 274 430 7
a 275 100 5
a 276 106 3
a 276 252 10
a 276 408 1
a 277 221 5
a 277 342 9
a 277 441 9
a 277 477 3
a 277 601 8
a 277 632 10
a 277 676 10
a 278 63 8
a 278 67 8
a 278 541 1
a 278 590 3
a 279 619 8
a 280 188 2
a 281 349 10
a 282 450 6
a 283 268 8
a 283 572 4
a 283 612 5
a 284 228 2
a 285 44 9
a 285 243 1
a 285 488 2
a 285 678 1
a 286 477 3
a 287 165 8
a 287 451 7
a 287 593 7
a 288 322 7
a 289 335 1
a 289 638 2
a 290 218 3
a 290 311 9
a 290 423 1
a 290 462 10
a 291 319 2
a 292 70 7
a 292 594 10
a 293 372 9
a 293 638 6
a 294 296 9
a 295 692 5
a 296 195 8
a 296 282 4
a 296 696 3
a 297 215 6
a 297 307 5
a 298 119 7
a 298 181 1
a 298 653 4
a 299 184 1
a 299 270 2
a 299 525 7
a 300 101 6
a 301 582 2
a 302 691 10
a 303 549 1
a 304 197 3
a 304 529 3
a 305 343 5
a 306 577 8
a 307 80 3
a 307 556 4
a 308 107 5
a 308 489 4
a 309 588 10
a 310 101 4
a 310 321 4
a 310 353 10
a 310 412 9
a 310 691 5
a 311 257 5
a 312 122 3
a 312 133 1
a 313 71 4
a 313 363 4
a 313 554 3
a 314 468 8
a 314 685 7
a 315 45 1
a 315 68 7
a 315 381 8
a 315 604 1
a 316 205 8
a 317 694 1
a 318 142 3
a 318 254 2
a 318 471 3
a 318 573 7
a 319 88 2
a 319 524 5
a 320 621 5
a 321 94 2
a 321 669 1
a 322 241 6
a 323 373 10
a 323 468 7
a 323 661 2
a 324 194 1
a 325 56 3
a 325 611 8
a 326 165 5
a 326 594 5
a 327 104 7
a 328 123 4
a 328 326 4
a 329 8 8
a 329 352 2
a 329 671 10
a 330 113 5
a 331 70 1
a 332 78 1
a 332 116 4
a 332 498 8
a 333 91 1
a 333 176 10
a 334 231 3
a 334 534 1
a 335 25 5
a 336 186 7
a 336 262 9
a 337 62 6
a 338 254 2
a 339 107 7
a 340 214 5
a 340 377 2
a 341 15 10
a 341 206 2
a 341 687 3
a 342 555 8
a 343 379 4
a 343 607 6
a 343 648 9
a 344 443 4
a 345 102 4
a 345 202 7
a 345 398 7
a 345 602 10
a 345 623 9
a 346 184 4
a 346 554 2
a 347 194 8
a 347 693 4
a 348 251 1
a 349 323 7
a 349 674 10
a 350 179 6
a 350 230 6
a 350 310 7
a 351 622 3
a 352 28 5
a 353 363 2
a 354 109 2
a 354 229 7
a 355 10 1
a 355 203 10
a 355 691 9
a 356 132 5
a 356 259 9
a 357 172 1
a 358 150 1
a 358 330 2
a 359 211 10
a 359 681 5
a 360 555 3
a 361 291 5
a 361 521 6
a 362 47 3
a 362 113 2
a 363 81 2
a 363 117 10
a 363 209 9
a 363 666 4
a 363 679 3
a 364 492 7
a 364 672 3
a 365 123 4
a 365 397 4
a 365 561 6
a 366 174 3
a 366 277 9
a 366 517 6
a 366 643 4
a 367 115 10
a 368 5 4
a 368 179 8
a 369 610 4
a 370 173 8
a 371 3 4
a 371 388 1
a 371 435 8
a 372 40 10
a 373 476 9
a 374 70 10
a 374 531 10
a 374 623 1
a 375 158 1
a 375 619 10
a 375 650 2
a 376 520 6
a 377 585 2
a 378 147 5
a 379 48 9
a 379 268 5
a 379 636 9
a 380 155 5
a 380 197 6
a 381 320 7
a 382 309 10
a 383 169 7
a 383 421 6
a 383 526 7
a 384 172 4
a 384 394 6
a 385 252 3
a 385 536 7
a 386 132 5
a 386 225 10
a 386 245 5
a 386 571 7
a 387 493 1
a 388 488 4
a 389 53 9
a 389 256 3
a 390 344 4
a 391 346 10
a 391 578 8
a 392 33 3
a 392 303 7
a 392 377 9
a 392 534 1
a 393 406 3
a 394 117 3
a 394 483 10
a 395 496 8
a 396 510 1
a 397 48 7
a 397 392 3
a 397 514 5
a 398 67 4
a 398 220 10
a 399 404 1
a 400 220 6
a 400 471 1
a 401 428 8
a 401 684 10
a 402 146 3
a 403 129 7
a 403 594 8
a 404 567 9
a 405 349 9
a 406 74 9
a 406 210 1
a 406 503 2
a 407 142 7
a 407 267 10
a 408 273 5
a 408 315 2
a 408 539 8
a 409 588 9
a 409 612 5
a 410 274 1
a 411 681 3
a 412 35 8
a 412 171 9
a 412 285 5
a 412 435 10
a 413 665 4
a 414 605 10
a 414 621 1
a 415 73 1
a 415 467 2
a 415 498 8
a 416 23 5
a 416 575 3
a 417 59 3
a 417 301 9
a 417 404 5
a 417 428 1
a 418 491 1
a 419 160 10
a 419 367 6
a 419 478 2
a 420 113 8
a 421 293 9
a 421 429 1
a 422 331 9
a 422 400 8
a 423 478 10
a 424 94 7
a 424 436 1
a 424 453 7
a 424 608 1
a 425 17 3
a 425 296 5
a 425 618 6
a 426 31 2
a 426 66 6
a 426 172 5
a 427 249 7
a 427 449 2
a 427 489 7
a 428 32 4
a 428 89 7
a 428 180 5
a 428 523 8
a 429 106 3
a 430 201 5
a 430 213 6
a 431 55 5
a 431 317 1
a 431 631 8
a 432 72 8
a 433 693 9
a 434 172 10
a 435 189 8
a 435 442 7
a 436 142 4
a 437 193 6
a 437 238 7
a 437 433 7
a 438 135 8
a 438 419 1
a 438 426 2
a 439 564 8
a 440 26 7
a 440 211 1
a 441 488 8
a 442 120 2
a 443 92 2
a 443 438 7
a 443 517 7
a 443 615 7
a 444 407 10
a 445 219 5
a 445 302 4
a 445 447 3
a 446 316 6
a 446 635 3
a 447 122 10
a 447 148 7
a 447 177 6
a 447 271 10
a 448 548 6
a 448 624 7
a 449 544 8
a 450 597 5
a 450 636 9
a 451 466 8
a 452 582 2
a 453 272 7
a 454 609 1
a 455 45 10
a 456 372 5
a 456 391 2
a 457 650 3
a 458 431 7
a 458 584 2
a 459 84 7
a 459 413 10
a 459 489 6
a 459 698 1
a 460 686 4
a 461 173 4
a 461 388 8
a 461 407 3
a 461 539 5
a 461 689 10
a 462 288 5
a 462 335 10
a 463 566 10
a 464 34 2
a 464 109 7
a 464 516 7
a 465 96 5
a 465 496 10
a 466 224 1
a 466 502 1
a 467 62 6
a 467 175 10
a 467 491 7
a 467 571 5
a 468 161 6
a 468 212 7
a 468 265 10
a 469 170 2
a 469 440 9
a 469 494 7
a 469 671 1
a 470 276 9
a 470 515 1
a 471 207 7
a 471 567 5
a 472 390 5
a 472 599 5
a 473 86 10
a 473 586 5
a 474 260 10
a 474 700 6
a 475 559 8
a 475 576 5
a 475 641 8
a 476 40 3
a 476 51 8
a 477 151 8
a 477 544 6
a 478 428 4
a 478 545 9
a 479 169 10
a 479 695 8
a 480 254 5
a 481 369 3
a 482 275 2
a 483 338 1
a 483 442 5
a 483 538 8
a 484 428 5
a 485 115 7
a 485 620 9
a 486 109 6
a 486 508 4
a 486 549 6
a 487 172 10
a 488 353 8
a 489 286 1
a 489 332 10
a 490 47 4
a 490 236 2
a 490 314 6
a 491 310 2
a 491 375 3
a 492 12 3
a 492 593 10
a 493 607 6
a 493 690 7
a 494 193 3
a 494 225 10
a 495 242 1
a 495 577 2
a 495 584 1
a 496 519 1
a 497 134 2
a 497 329 3
a 497 418 7
a 497 449 3
a 498 374 6
a 499 39 9
a 499 65 8
a 499 380 1
a 499 692 7
a 500 199 6
a 500 241 7
a 500 595 4
a 501 609 9
a 502 46 10
a 502 347 9
a 503 240 4
a 503 438 5
a 503 562 9
a 504 387 9
a 504 599 7
a 505 66 9
a 506 22 9
a 506 606 3
a 507 444 6
a 507 605 1
a 508 343 4
a 508 664 4
a 509 91 6
a 509 208 4
a 509 266 5
a 510 182 2
a 511 93 2
a 511 146 4
a 511 564 9
a 512 19 6
a 512 455 9
a 513 79 2
a 513 385 4
a 514 406 9
a 514 500 4
a 514 544 3
a 514 663 10
a 515 152 6
a 515 273 10
a 515 448 10
a 516 472 8
a 516 652 5
a 517 104 8
a 517 327 7
a 517 552 6
a 518 321 7
a 519 101 10
a 520 24 5
a 520 215 4
a 520 300 3
a 520 499 10
a 520 513 9
a 520 675 5
a 521 679 5
a 522 49 2
a 522 90 10
a 522 374 7
a 522 389 7
a 522 535 9
a 522 609 9
a 523 123 5
a 524 54 2
a 524 118 7
a 525 214 3
a 525 452 2
a 526 145 7
a 527 331 8
a 527 350 7
a 527 635 1
a 528 106 5
a 529 167 3
a 529 658 6
a 530 364 5
a 530 585 6
a 530 642 7
a 531 204 3
a 531 378 6
a 532 329 2
a 532 386 7
a 533 123 2
a 533 198 6
a 533 401 1
a 533 580 10
a 534 69 2
a 534 633 7
a 535 404 4
a 536 127 5
a 537 111 9
a 538 98 8
a 539 186 7
a 539 274 8
a 540 299 5
a 540 471 7
a 541 671 4
a 542 293 3
a 542 482 2
a 543 501 1
a 543 517 8
a 544 80 9
a 544 191 5
a 545 392 10
a 545 463 6
a 546 288 10
a 547 48 9
a 548 590 5
a 549 13 10
a 549 665 10
a 550 570 1
a 550 680 5
a 551 112 9
a 551 146 4
a 551 282 1
a 551 455 10
a 551 486 6
a 552 23 1
a 553 23 8
a 553 69 7
a 553 185 1
a 553 668 10
a 554 36 9
a 554 332 6
a 554 472 4
a 554 653 4
a 555 234 1
a 555 423 4
a 556 42 7
a 556 152 6
a 557 140 7
a 557 383 3
a 558 366 2
a 558 381 2
a 559 612 3
a 559 625 10
a 560 20 4
a 560 323 2
a 560 456 9
a 561 143 5
a 561 270 3
a 561 596 7
a 562 304 7
a 562 399 7
a 562 418 6
a 562 436 1
a 562 460 9
a 563 126 10
a 563 131 5
a 563 625 3
a 564 289 4
a 564 328 8
a 564 330 3
a 564 618 6
a 565 26 8
a 566 149 3
a 566 216 2
a 566 589 4
a 567 595 7
a 568 150 10
a 569 217 7
a 569 279 7
a 570 103 10
a 570 473 2
a 571 356 6
a 571 400 7
a 572 563 2
a 573 534 5
a 573 536 9
a 574 266 9
a 575 16 7
a 575 184 7
a 575 232 6
a 575 634 3
a 576 377 7
a 577 28 2
a 577 347 7
a 578 142 8
a 579 292 5
a 579 437 10
a 579 560 2
a 579 563 4
a 580 79 8
a 580 251 3
a 581 222 2
a 582 393 9
a 583 256 9
a 583 306 5
a 583 366 10
a 583 578 4
a 584 323 2
a 584 509 10
a 585 7 6
a 585 51 7
a 586 624 2
a 587 103 5
a 587 334 4
a 588 393 2
a 588 420 4
a 588 555 3
a 588 664 5
a 589 97 4
a 589 623 4
a 590 121 4
a 590 584 1
a 591 190 9
a 591 615 6
a 592 65 4
a 592 295 7
a 592 313 3
a 592 359 3
a 593 136 2
a 594 529 1
a 594 572 2
a 595 294 6
a 596 157 8
a 596 372 9
a 597 402 4
a 598 118 4
a 598 470 5
a 599 83 10
a 600 61 9
a 600 474 9
a 601 78 5
a 601 83 10
a 601 595 8
a 602 344 1
a 602 587 7
a 603 527 4
a 604 322 10
a 604 359 1
a 605 87 1
a 606 387 6
a 606 575 1
a 606 639 5
a 607 138 10
a 607 375 2
a 607 382 5
a 607 421 1
a 608 630 8
a 609 23 2
a 609 402 6
a 610 478 4
a 611 63 6
a 611 614 6
a 612 37 2
a 612 258 9
a 612 357 6
a 612 532 9
a 612 654 3
a 613 49 1
a 613 95 5
a 614 432 8
a 615 476 4
a 615 562 2
a 616 42 10
a 616 474 2
a 617 507 10
a 618 65 7
a 618 434 8
a 618 664 5
a 619 509 5
a 620 448 9
a 621 6 3
a 621 470 8
a 622 32 4
a 622 145 5
a 623 480 6
a 624 159 9
a 624 194 6
a 625 284 10
a 625 331 10
a 626 25 4
a 626 294 10
a 627 175 4
a 628 540 6
a 628 611 3
a 629 416 1
a 629 660 4
a 630 418 8
a 630 592 1
a 631 21 8
a 631 514 8
a 632 155 1
a 633 582 8
a 633 679 9
a 634 154 6
a 634 207 7
a 635 52 2
a 635 76 5
a 635 699 6
a 636 19 7
a 637 371 9
a 638 469 3
a 639 247 10
a 639 361 2
a 640 575 6
a 641 76 5
a 641 88 6
a 641 272 2
a 641 519 1
a 642 215 9
a 643 355 8
a 643 485 2
a 644 255 5
a 644 461 4
a 644 499 4
a 644 559 3
a 645 143 4
a 645 383 8
a 646 168 5
a 646 331 3
a 646 339 4
a 647 163 7
a 647 425 5
a 647 583 10
a 648 79 10
a 649 403 1
a 649 551 1
a 650 296 9
a 651 156 7
a 652 289 10
a 653 620 3
a 653 627 9
a 653 663 1
a 654 295 5
a 655 215 7
a 655 223 7
a 655 468 5
a 656 27 9
a 656 90 3
a 656 432 2
a 657 361 1
a 658 698 7
a 659 267 2
a 659 302 4
a 659 506 6
a 660 77 10
a 660 225 9
a 661 106 10
a 661 229 8
a 661 575 2
a 662 299 8
a 663 294 1
a 663 694 7
a 664 189 9
a 664 281 2
a 664 541 7
a 664 688 5
a 665 509 8
a 666 504 5
a 666 527 6
a 667 488 10
a 668 234 1
a 668 648 3
a 669 481 4
a 669 637 1
a 670 339 2
a 670 557 3
a 670 692 9
a 671 79 4
a 671 484 3
a 672 265 5
a 672 504 8
a 672 512 7
a 672 640 10
a 673 203 7
a 673 254 7
a 673 587 7
a 673 647 5
a 674 615 8
a 675 635 5
a 676 354 3
a 676 693 3
a 677 2 9
a 677 500 6
a 677 509 2
a 678 473 4
a 678 624 1
a 679 32 6
a 679 157 8
a 680 7 3
a 681 32 8
a 681 124 4
a 682 481 10
a 683 531 6
a 684 75 8
a 684 91 6
a 684 613 7
a 685 136 2
a 685 497 10
a 686 547 3
a 686 630 5
a 686 665 2
a 687 246 5
a 688 121 9
a 689 134 7
a 689 148 4
a 689 483 8
a 690 245 4
a 690 543 1
a 691 529 10
a 692 505 3
a 693 162 5
a 694 186 9
a 694 213 1
a 694 518 9
a 694 539 2
a 694 649 5
a 695 227 1
a 695 324 9
a 695 358 2
a 696 542 6
a 696 610 10
a 697 113 3
a 697 212 8
a 697 309 5
a 698 147 3
a 698 585 9
a 699 196 6
a 699 431 8
