p max 700 1400
n 1 s
n 700 t
a 1 254 6
a 2 269 3
a 3 578 10
a 4 315 10
a 4 458 1
a 4 511 9
a 5 566 9
a 6 629 3
a 7 23 2
a 7 529 2
a 7 571 3
a 8 14 1
a 8 487 9
a 8 547 4
a 9 14 4
a 9 280 7
a 9 559 6
a 10 395 4
a 11 62 8
a 11 104 5
a 11 204 6
a 12 20 1
a 12 481 6
a 13 251 7
a 13 293 1
a 13 378 9
a 14 121 7
a 14 646 2
a 14 663 7
a 15 246 9
a 16 430 9
a 16 625 6
a 17 254 3
a 17 359 8
a 18 116 3
a 19 669 9
a 20 107 2
a 20 343 9
a 20 351 10
a 20 438 5
a 21 84 1
a 21 189 5
a 21 259 2
a 22 220 2
a 22 494 1
a 23 431 1
a 24 92 6
a 25 145 3
a 26 67 7
a 26 392 2
a 27 446 3
a 28 235 8
a 29 125 7
a 29 248 10
a 29 352 4
a 30 519 1
a 31 191 1
a 31 544 1
a 32 362 1
a 32 573 1
a 33 338 7
a 33 393 8
a 33 530 2
a 33 665 4
a 34 91 1
a 34 394 5
a 34 460 7
a 34 631 6
a 35 679 8
a 36 41 10
a 36 627 2
a 37 282 5
a 38 165 3
a 39 159 10
a 39 191 9
a 40 178 1
a 40 281 5
a 41 206 2
a 41 390 9
a 41 481 7
a 42 298 2
a 43 89 1
a 43 496 3
a 43 542 6
a 44 87 9
a 44 440 3
a 44 633 2
a 45 449 3
a 45 622 4
a 46 148 10
a 46 516 9
a 46 544 6
a 47 46 2
a 47 95 7
a 47 111 6
a 48 235 1
a 48 521 10
a 49 61 2
a 49 261 6
a 49 378 4
a 50 139 3
a 50 374 9
a 51 132 6
a 51 167 1
a 52 407 5
a 53 104 2
a 54 158 2
a 55 358 10
a 55 679 1
a 56 356 7
a 57 678 3
a 58 228 2
a 59 473 4
a 60 211 7
a 61 320 8
a 62 15 7
a 62 236 9
a 62 454 6
a 63 499 5
a 63 676 5
a 64 651 3
a 65 85 3
a 65 669 4
a 66 71 8
a 66 136 1
a 66 489 10
a 67 230 10
a 67 231 6
a 67 362 5
a 67 480 2
a 67 510 10
a 68 185 1
a 69 29 10
a 70 124 2
a 70 700 7
a 71 32 8
a 71 465 6
a 71 637 6
a 72 134 8
a 73 317 3
a 73 617 2
a 74 434 8
a 75 174 7
a 75 572 2
a 76 243 2
a 76 258 4
a 77 6 6
a 77 602 4
a 78 561 5
a 79 233 7
a 79 664 10
a 80 351 7
a 81 121 10
a 81 643 6
a 82 16 5
a 82 47 8
a 82 397 8
a 82 570 4
a 83 224 6
a 83 280 6
a 83 354 1
a 84 205 10
a 84 656 9
a 85 21 3
a 85 26 5
a 85 405 2
a 86 83 8
a 87 72 10
a 87 226 7
a 87 260 7
a 88 448 8
a 89 388 9
a 90 493 9
a 90 512 6
a 91 457 8
a 91 597 2
a 92 312 10
a 92 375 3
a 92 584 9
a 93 70 1
a 93 289 8
a 93 609 6
a 94 245 4
a 94 385 8
a 94 671 2
a 95 73 1
a 95 241 9
a 96 102 1
a 96 427 5
a 97 323 4
a 97 426 5
a 97 580 8
a 98 306 1
a 99 459 5
a 100 275 4
a 100 304 8
a 101 154 8
a 101 696 3
a 102 521 6
a 102 612 6
a 103 45 7
a 103 130 5
a 104 561 4
a 105 613 1
a 106 423 3
a 106 625 1
a 107 78 8
a 107 207 7
a 107 348 1
a 108 391 1
a 108 489 4
a 108 578 1
a 108 665 1
a 109 364 2
a 110 127 10
a 110 621 9
a 111 404 1
a 111 410 8
a 111 448 5
a 112 339 3
a 112 677 4
a 113 64 1
a 114 20 4
a 114 180 1
a 114 463 9
a 115 181 6
a 115 301 2
a 116 59 2
a 117 327 4
a 117 471 5
a 118 416 1
a 119 291 9
a 120 401 6
a 120 616 3
a 121 139 8
a 121 336 3
a 121 511 7
a 122 208 3
a 123 384 6
a 123 649 1
a 124 525 8
a 125 351 5
a 126 394 6
a 127 385 6
a 128 339 6
a 128 528 5
a 129 219 6
a 129 363 3
a 130 197 2
a 130 347 10
a 131 263 8
a 131 277 1
a 132 41 4
a 132 622 4
a 133 486 4
a 133 689 8
a 134 438 10
a 134 685 6
a 135 69 8
a 135 312 9
a 136 420 7
a 137 172 7
a 137 302 9
a 138 100 10
a 139 12 5
a 139 52 2
a 139 331 3
a 140 200 1
a 140 477 7
a 141 229 5
a 142 383 9
a 143 480 8
a 143 698 6
a 144 399 10
a 145 429 2
a 146 524 9
a 147 137 5
a 147 259 9
a 148 198 8
a 148 606 10
a 149 412 10
a 150 83 7
a 150 207 2
a 150 413 5
a 151 301 9
a 152 474 8
a 153 578 10
a 153 695 4
a 154 202 10
a 155 18 8
a 155 267 9
a 155 596 1
a 156 686 2
a 157 176 5
a 157 445 8
a 158 465 9
a 159 146 3
a 159 234 5
a 159 529 3
a 159 681 2
a 159 689 6
a 160 225 5
a 161 145 7
a 161 263 7
a 162 222 10
a 162 624 6
a 163 14 8
a 163 211 4
a 164 204 4
a 164 335 10
a 164 531 8
a 165 149 2
a 165 548 2
a 166 199 6
a 166 232 4
a 166 248 5
a 166 292 9
a 167 464 1
a 167 639 2
a 168 425 6
a 168 586 6
a 169 567 9
a 170 8 1
a 170 268 3
a 171 186 7
a 172 395 8
a 173 115 7
a 173 532 3
a 173 638 1
a 174 442 10
a 175 161 10
a 175 369 4
a 176 538 4
a 177 462 9
a 178 664 8
a 179 354 8
a 180 367 4
a 180 502 2
a 181 432 10
a 182 85 3
a 183 323 5
a 183 432 6
a 184 137 2
a 185 597 2
a 186 59 4
a 186 88 3
a 187 57 10
a 187 151 3
a 188 7 10
a 188 119 6
a 189 84 6
a 189 303 2
a 190 297 2
a 190 555 4
a 191 62 4
a 191 370 4
a 192 49 3
a 192 89 9
a 192 264 10
a 192 380 6
a 193 58 9
a 193 279 5
a 193 280 10
a 194 5 8
a 194 584 1
a 195 130 9
a 195 258 7
a 195 667 1
a 196 2 1
a 197 70 10
a 197 436 9
a 198 334 4
a 198 350 2
a 199 385 4
a 199 632 6
a 200 239 7
a 200 377 9
a 200 468 10
a 200 700 5
a 201 316 6
a 201 341 8
a 202 41 1
a 202 65 1
a 203 625 4
a 204 108 5
a 204 223 3
a 204 541 3
a 205 486 5
a 205 605 5
a 205 674 5
a 206 93 5
a 206 214 4
a 206 319 4
a 206 441 10
a 207 649 7
a 207 651 4
a 208 16 3
a 208 349 9
a 209 566 4
a 210 98 2
a 210 134 7
a 210 434 8
a 210 571 5
a 211 419 7
a 211 459 2
a 212 202 7
a 212 446 5
a 212 655 10
a 213 112 10
a 214 209 4
a 214 644 8
a 215 318 8
a 215 470 3
a 215 527 9
a 215 687 5
a 216 692 8
a 217 126 2
a 218 253 3
a 218 450 3
a 218 496 2
a 218 649 6
a 219 227 1
a 219 474 9
a 220 643 1
a 221 92 8
a 221 208 9
a 221 586 5
a 222 75 5
a 222 192 9
a 222 251 8
a 222 610 7
a 223 162 1
a 223 507 3
a 224 112 8
a 224 138 10
a 224 389 5
a 224 658 5
a 224 686 2
a 225 617 3
a 226 48 7
a 226 367 3
a 227 255 6
a 227 374 9
a 228 16 4
a 228 577 2
a 229 406 1
a 230 8 4
a 230 246 5
a 230 638 9
a 231 54 9
a 231 511 3
a 232 185 9
a 232 476 9
a 233 32 7
a 233 297 9
a 233 537 3
a 234 568 9
a 235 291 5
a 235 503 8
a 236 84 1
a 236 110 8
a 236 165 4
a 236 640 8
a 237 69 4
a 237 276 8
a 237 557 2
a 238 116 6
a 238 446 3
a 239 551 2
a 240 466 7
a 240 536 2
a 241 444 3
a 241 587 6
a 242 303 6
a 242 691 5
a 243 53 7
a 243 221 8
a 244 166 4
a 245 69 7
a 246 366 4
a 246 698 3
a 247 103 1
a 248 262 4
a 248 648 2
a 248 666 10
a 249 152 9
a 249 508 6
a 250 247 4
a 250 356 5
a 250 479 6
a 251 143 4
a 252 242 5
a 252 484 4
a 253 229 8
a 254 592 8
a 255 162 8
a 256 366 5
a 257 211 8
a 257 306 6
a 257 693 5
a 258 43 6
a 259 77 7
a 259 287 2
a 260 105 9
a 260 333 3
a 260 380 7
a 260 504 2
a 261 310 10
a 261 438 5
a 262 365 1
a 262 495 6
a 262 502 8
a 262 699 10
a 263 317 7
a 263 323 5
a 263 337 6
a 264 222 10
a 264 426 4
a 265 588 7
a 265 621 6
a 266 370 3
a 266 491 3
a 266 545 9
a 267 455 1
a 267 567 4
a 268 660 5
a 269 139 10
a 269 196 6
a 270 128 2
a 270 132 6
a 270 272 7
a 271 633 5
a 272 58 4
a 272 682 9
a 273 70 6
a 274 180 4
a 274 347 3
a 274 673 4
a 275 117 2
a 275 177 6
a 275 673 5
a 276 316 2
a 276 412 6
a 276 700 7
a 277 522 7
a 277 672 7
a 278 122 3
a 278 522 8
a 279 442 6
a 279 628 4
a 280 527 6
a 280 688 7
a 281 117 5
a 281 408 8
a 282 147 5
a 282 634 6
a 283 28 6
a 283 67 3
a 283 171 3
a 283 271 3
a 283 287 5
a 284 427 10
a 284 604 9
a 285 577 6
a 286 239 5
a 286 368 4
a 286 583 1
a 287 144 5
a 287 373 4
a 287 680 9
a 287 686 10
a 288 539 2
a 289 294 4
a 290 488 9
a 291 487 3
a 292 286 8
a 292 289 5
a 292 603 1
a 292 645 5
a 293 39 10
a 293 182 3
a 293 295 8
a 293 298 6
a 294 228 2
a 295 325 10
a 295 334 7
a 295 456 3
a 295 568 8
a 296 603 7
a 297 12 6
a 298 265 5
a 299 412 5
a 300 61 9
a 301 229 4
a 301 378 10
a 301 679 1
a 302 390 4
a 302 433 9
a 303 54 2
a 303 387 2
a 303 592 10
a 304 406 10
a 305 102 8
a 305 207 7
a 305 638 7
a 306 168 1
a 306 200 3
a 306 500 10
a 306 581 10
a 307 598 2
a 308 121 2
a 308 685 10
a 309 36 8
a 309 40 5
a 309 44 5
a 309 187 7
a 309 322 7
a 309 428 9
a 309 594 5
a 310 299 10
a 310 377 3
a 310 431 6
a 310 553 2
a 311 640 5
a 312 180 6
a 312 519 1
a 313 6 6
a 313 496 7
a 314 80 6
a 314 278 5
a 315 437 4
a 316 383 10
a 317 213 9
a 318 631 3
a 318 633 7
a 319 471 1
a 320 85 6
a 320 246 9
a 320 660 2
a 321 188 1
a 321 274 4
a 322 142 10
a 322 155 1
a 323 639 9
a 323 669 7
a 324 68 8
a 324 556 10
a 325 377 5
a 325 544 3
a 325 551 6
a 325 606 8
a 326 260 2
a 327 625 4
a 327 668 9
a 328 659 1
a 328 665 5
a 329 561 10
a 330 340 5
a 330 443 8
a 330 481 4
a 331 215 8
a 331 548 2
a 332 170 1
a 332 238 6
a 333 48 4
a 333 288 9
a 333 314 3
a 334 659 1
a 335 145 4
a 336 9 10
a 336 188 1
a 336 417 7
a 337 93 7
a 338 619 6
a 339 183 3
a 340 441 1
a 340 609 7
a 340 690 1
a 341 543 9
a 341 630 5
a 342 649 2
a 343 678 5
a 344 114 6
a 344 141 4
a 344 163 2
a 344 175 6
a 344 683 5
a 345 620 5
a 346 587 7
a 347 86 5
a 347 234 10
a 348 68 3
a 348 352 5
a 349 20 7
a 349 221 10
a 350 514 7
a 350 680 6
a 351 475 8
a 352 403 4
a 352 485 1
a 352 491 2
a 353 123 4
a 354 213 10
a 354 684 3
a 355 650 4
a 356 153 5
a 356 162 6
a 357 242 6
a 357 575 7
a 358 339 3
a 358 488 1
a 358 497 3
a 358 630 3
a 359 134 2
a 359 396 3
a 360 344 4
a 360 425 7
a 361 133 2
a 361 268 5
a 361 414 8
a 362 42 5
a 362 96 8
a 363 351 6
a 364 498 2
a 365 397 7
a 366 108 7
a 366 367 7
a 366 552 10
a 366 647 3
a 367 174 1
a 367 242 1
a 368 193 4
a 368 256 6
a 368 289 2
a 368 620 9
a 368 653 2
a 369 41 6
a 369 554 8
a 370 8 7
a 370 265 10
a 370 305 8
a 371 325 7
a 371 534 4
a 372 394 5
a 373 130 3
a 373 290 5
a 374 66 10
a 374 250 8
a 375 340 9
a 376 61 9
a 376 461 1
a 377 30 4
a 378 153 3
a 379 143 4
a 379 447 10
a 380 490 7
a 381 433 9
a 382 510 4
a 383 452 4
a 383 614 7
a 384 237 4
a 384 462 1
a 384 579 7
a 385 130 4
a 385 186 5
a 386 244 8
a 386 352 5
a 386 518 1
a 387 104 10
a 388 2 4
a 388 117 8
a 388 572 3
a 389 126 10
a 389 622 7
a 389 671 8
a 390 426 3
a 391 54 2
a 391 150 10
a 391 650 7
a 392 477 8
a 393 368 7
a 394 402 10
a 394 520 9
a 395 360 5
a 395 570 2
a 396 344 9
a 396 525 4
a 397 21 5
a 398 17 7
a 399 582 2
a 399 587 5
a 399 668 3
a 400 427 6
a 401 266 1
a 401 320 9
a 401 643 1
a 402 388 2
a 403 212 7
a 403 523 10
a 403 615 8
a 404 508 1
a 405 126 6
a 406 240 10
a 407 211 5
a 408 200 1
a 408 277 7
a 409 94 10
a 410 115 1
a 410 454 9
a 410 557 3
a 410 567 5
a 411 32 5
a 411 528 7
a 412 17 3
a 412 345 8
a 412 352 1
a 412 679 9
a 413 410 9
a 413 415 9
a 413 607 7
a 414 285 9
a 414 305 8
a 415 661 6
a 416 284 7
a 416 523 7
a 416 651 3
a 417 31 1
a 417 398 9
a 418 231 2
a 418 493 5
a 419 295 6
a 420 243 3
a 420 325 10
a 420 565 6
a 421 278 5
a 421 650 5
a 422 119 6
a 422 510 3
a 422 611 7
a 423 590 6
a 424 409 6
a 424 626 1
a 425 7 4
a 425 13 5
a 426 364 10
a 426 614 3
a 427 209 7
a 427 315 4
a 427 416 3
a 428 38 7
a 428 109 1
a 428 368 5
a 429 379 6
a 429 662 2
a 430 184 7
a 431 134 10
a 432 10 4
a 432 94 7
a 432 635 1
a 433 94 8
a 433 113 6
a 433 324 8
a 433 540 7
a 434 247 9
a 434 328 6
a 434 383 1
a 434 663 3
a 435 89 3
a 436 159 6
a 436 327 8
a 437 352 9
a 438 155 5
a 438 209 6
a 439 11 8
a 439 33 1
a 439 494 3
a 440 90 7
a 440 113 4
a 441 27 9
a 441 257 9
a 441 309 10
a 442 515 6
a 442 548 4
a 443 697 8
a 444 138 7
a 445 179 5
a 445 362 9
a 445 453 3
a 445 498 7
a 445 508 4
a 446 443 9
a 447 205 8
a 448 499 10
a 448 576 10
a 449 258 1
a 449 688 1
a 450 369 2
a 451 390 4
a 452 316 8
a 452 673 1
a 453 108 10
a 453 300 4
a 453 447 9
a 453 683 10
a 454 343 6
a 455 63 10
a 455 616 4
a 456 548 4
a 457 275 9
a 457 412 8
a 458 453 4
a 459 173 6
a 460 194 5
a 460 468 1
a 461 164 9
a 461 353 3
a 462 521 3
a 463 171 7
a 463 416 4
a 463 505 8
a 463 549 2
a 464 203 8
a 464 467 8
a 465 129 4
a 465 146 10
a 465 418 7
a 466 45 9
a 466 125 7
a 467 476 1
a 468 420 7
a 468 561 3
a 468 566 8
a 469 287 10
a 469 355 10
a 470 56 8
a 470 290 1
a 471 188 7
a 471 406 4
a 472 4 5
a 472 400 6
a 473 43 3
a 474 335 4
a 475 95 4
a 475 424 4
a 476 35 6
a 476 101 7
a 476 492 9
a 477 63 8
a 477 278 6
a 478 450 3
a 479 407 2
a 479 559 7
a 479 694 10
a 480 136 8
a 481 457 8
a 482 263 8
a 483 240 3
a 483 388 4
a 483 476 8
a 483 563 2
a 484 399 1
a 484 460 4
a 484 533 2
a 485 21 10
a 485 63 10
a 485 483 4
a 486 331 9
a 486 646 3
a 487 110 7
a 487 150 9
a 488 166 1
a 488 523 9
a 489 503 3
a 489 555 2
a 490 129 7
a 490 158 3
a 490 386 7
a 491 616 9
a 492 100 5
a 492 311 7
a 492 413 9
a 493 43 7
a 493 210 4
a 493 455 4
a 494 173 2
a 494 676 3
a 495 263 6
a 496 30 4
a 496 94 3
a 496 595 3
a 497 531 7
a 498 249 10
a 498 284 6
a 499 188 9
a 499 308 5
a 500 55 8
a 500 372 7
a 500 513 10
a 501 361 1
a 501 402 5
a 501 449 2
a 502 216 2
a 503 323 5
a 503 535 7
a 504 452 8
a 505 537 8
a 506 106 7
a 506 219 8
a 506 386 4
a 506 564 10
a 506 589 8
a 507 275 7
a 507 382 7
a 507 599 4
a 507 661 9
a 508 642 8
a 508 670 10
a 509 126 6
a 509 666 9
a 509 684 8
a 510 64 5
a 511 74 9
a 511 160 2
a 511 627 5
a 512 2 6
a 513 478 10
a 513 561 7
a 514 154 8
a 514 378 6
a 514 642 3
a 514 698 4
a 515 81 10
a 515 146 3
a 515 569 2
a 515 640 5
a 516 419 9
a 517 334 4
a 518 460 8
a 518 585 2
a 519 410 4
a 520 37 3
a 520 240 3
a 521 513 5
a 522 161 9
a 522 281 6
a 523 693 8
a 524 211 9
a 524 235 6
a 524 459 4
a 525 491 7
a 525 633 2
a 526 227 7
a 527 521 4
a 528 18 2
a 529 72 8
a 529 183 9
a 530 280 8
a 530 332 6
a 531 46 10
a 531 566 8
a 531 608 2
a 532 270 4
a 532 406 6
a 532 442 10
a 533 129 7
a 534 628 7
a 535 169 2
a 535 619 1
a 536 124 8
a 536 502 10
a 537 164 9
a 537 422 8
a 538 25 6
a 538 435 5
a 538 487 5
a 539 64 5
a 539 623 5
a 540 392 1
a 541 3 9
a 541 267 7
a 541 274 8
a 542 578 2
a 542 588 6
a 543 647 10
a 544 101 2
a 544 482 8
a 545 198 6
a 545 346 10
a 546 353 7
a 546 473 3
a 546 474 9
a 547 27 8
a 547 371 5
a 547 694 6
a 548 264 7
a 548 381 10
a 549 618 9
a 549 619 9
a 550 290 4
a 551 517 10
a 551 606 7
a 552 76 1
a 552 435 6
a 553 79 5
a 553 282 4
a 553 331 6
a 554 145 9
a 554 324 9
a 554 560 9
a 555 430 6
a 555 509 9
a 556 44 7
a 556 237 6
a 556 260 9
a 557 141 4
a 558 281 2
a 558 546 2
a 559 135 2
a 559 189 1
a 559 636 5
a 560 225 5
a 560 419 3
a 561 31 4
a 561 366 8
a 562 251 8
a 562 252 3
a 563 107 8
a 563 120 10
a 563 325 4
a 563 600 1
a 563 661 1
a 564 560 7
a 565 39 3
a 565 331 1
a 566 387 3
a 567 556 8
a 567 695 3
a 568 47 6
a 568 123 8
a 568 588 4
a 569 42 3
a 569 82 7
a 569 228 6
a 570 65 4
a 571 59 2
a 571 311 3
a 571 563 7
a 571 590 8
a 572 294 10
a 572 390 7
a 573 313 10
a 574 140 4
a 574 220 2
a 574 439 7
a 575 115 2
a 575 172 4
a 576 252 9
a 577 198 2
a 578 563 2
a 579 214 9
a 579 254 4
a 580 71 2
a 581 425 10
a 581 515 8
a 582 299 6
a 583 28 9
a 584 162 10
a 584 493 10
a 584 538 5
a 585 131 7
a 585 181 10
a 585 441 4
a 586 93 10
a 586 634 1
a 586 672 1
a 587 157 8
a 587 379 1
a 587 649 3
a 587 656 1
a 588 586 3
a 589 121 7
a 589 475 2
a 589 629 7
a 590 204 5
a 590 574 9
a 591 273 8
a 591 507 2
a 591 607 5
a 592 357 3
a 593 498 7
a 594 342 1
a 594 591 9
a 594 650 9
a 595 302 1
a 596 292 2
a 596 469 4
a 597 127 10
a 597 216 5
a 598 459 7
a 599 574 1
a 599 678 6
a 600 212 10
a 600 459 6
a 601 184 9
a 601 196 7
a 602 313 5
a 603 40 4
a 603 554 2
a 604 658 1
a 604 668 8
a 605 210 6
a 606 677 7
a 607 364 2
a 607 419 7
a 607 657 1
a 608 131 6
a 608 176 4
a 608 281 6
a 609 198 2
a 609 593 8
a 610 524 3
a 610 584 4
a 611 536 8
a 611 647 9
a 612 44 9
a 612 201 3
a 612 357 6
a 612 377 2
a 612 515 4
a 613 186 10
a 613 692 3
a 614 241 8
a 614 568 10
a 615 204 8
a 615 388 2
a 615 513 2
a 616 238 3
a 616 321 2
a 616 558 10
a 617 10 7
a 617 472 2
a 618 143 1
a 618 218 8
a 618 321 1
a 618 539 6
a 619 250 7
a 619 490 6
a 619 507 1
a 620 162 4
a 620 227 3
a 620 313 10
a 620 439 10
a 621 524 9
a 621 613 2
a 622 393 10
a 622 598 1
a 623 50 8
a 624 404 6
a 625 307 6
a 625 399 1
a 626 261 7
a 627 126 4
a 627 395 5
a 627 526 2
a 627 697 9
a 628 471 5
a 629 86 3
a 629 132 3
a 630 19 8
a 630 154 1
a 630 608 6
a 631 391 10
a 631 437 3
a 632 365 2
a 633 50 9
a 634 439 10
a 635 291 4
a 636 326 5
a 636 592 3
a 637 158 6
a 637 640 5
a 638 424 1
a 639 201 7
a 639 217 10
a 639 291 5
a 639 409 6
a 640 58 5
a 641 270 3
a 641 276 6
a 642 274 5
a 643 569 8
a 644 687 8
a 645 18 8
a 645 60 4
a 646 661 5
a 647 550 5
a 647 567 2
a 648 540 9
a 648 551 8
a 649 235 5
a 649 664 9
a 650 583 3
a 651 108 7
a 652 64 7
a 652 104 3
a 653 96 10
a 653 171 2
a 653 641 1
a 654 173 8
a 654 536 7
a 654 655 4
a 655 490 7
a 656 97 6
a 656 105 5
a 656 156 10
a 656 269 3
a 657 152 8
a 658 151 5
a 658 499 4
a 659 414 1
a 660 34 1
a 660 213 3
a 661 580 10
a 662 614 7
a 663 276 5
a 663 421 4
a 663 451 10
a 664 22 10
a 664 312 8
a 664 601 10
a 664 652 5
a 665 29 2
a 665 494 9
a 666 515 9
a 667 281 9
a 667 563 9
a 667 617 9
a 667 675 10
a 668 234 8
a 669 74 2
a 669 123 3
a 669 283 6
a 670 99 5
a 670 157 7
a 671 12 3
a 672 8 5
a 673 195 4
a 673 437 5
a 674 149 1
a 675 296 5
a 676 125 3
a 677 51 9
a 677 101 6
a 678 305 3
a 678 597 4
a 679 329 4
a 679 559 6
a 680 407 5
a 680 562 9
a 680 589 9
a 681 296 6
a 681 472 10
a 682 267 1
a 682 501 4
a 682 688 9
a 683 411 8
a 683 608 4
a 684 479 4
a 685 282 1
a 685 330 4
a 686 112 8
a 686 143 5
a 687 169 6
a 687 456 1
a 687 583 7
a 688 118 4
a 688 193 6
a 688 203 4
a 689 492 9
a 689 636 5
a 690 17 10
a 690 239 9
a 691 147 4
a 692 252 3
a 692 376 6
a 693 464 5
a 694 24 5
a 694 190 8
a 694 490 3
a 695 103 4
a 695 271 1
a 696 640 7
a 697 223 4
a 697 654 6
a 698 16 1
a 698 50 3
a 698 400 4
a 698 506 4
a 699 220 2
a 699 429 2
