p max 700 1400
n 1 s
n 700 t
a 1 50 10
a 2 200 9
a 2 500 2
a 2 574 10
a 3 56 5
a 3 201 6
a 4 79 2
a 4 360 4
a 5 77 8
a 5 292 7
a 5 338 10
a 5 346 10
a 5 369 7
a 6 182 10
a 6 626 2
a 7 82 1
a 7 266 8
a 8 179 2
a 9 276 10
a 9 400 8
a 10 81 2
a 11 641 4
a 12 46 7
a 12 505 3
a 13 578 7
a 14 300 3
a 14 550 10
a 15 532 7
a 15 658 5
a 16 302 9
a 17 588 7
a 18 182 1
a 19 331 4
a 19 467 8
a 20 119 10
a 20 212 5
a 20 471 3
a 21 121 7
a 21 613 5
a 22 558 10
a 22 611 6
a 23 121 5
a 23 671 4
a 24 80 1
a 24 102 10
a 25 379 7
a 25 533 2
a 26 567 10
a 26 652 7
a 27 110 5
a 27 190 8
a 27 586 3
a 28 50 7
a 29 63 2
a 29 192 6
a 30 60 5
a 31 463 6
a 31 693 3
a 32 5 8
a 32 274 10
a 32 351 8
a 32 680 1
a 33 38 8
a 33 212 6
a 33 379 1
a 33 552 9
a 34 190 5
a 35 74 8
a 35 535 8
a 35 551 3
a 36 329 7
a 36 547 1
a 37 103 9
a 37 479 7
a 38 222 6
a 39 124 8
a 39 423 9
a 40 38 5
a 40 404 5
a 41 302 4
a 41 337 5
a 41 686 1
a 42 499 4
a 43 132 4
a 43 479 6
a 44 582 6
a 44 699 7
a 45 421 6
a 45 430 9
a 46 521 1
a 46 589 9
a 46 647 4
a 47 279 8
a 47 484 9
a 48 306 7
a 49 14 9
a 50 105 5
a 50 264 2
a 51 100 7
a 51 596 8
a 52 142 4
a 52 545 7
a 53 113 2
a 54 159 2
a 55 628 6
a 56 48 5
a 56 523 10
a 57 382 7
a 57 573 9
a 58 681 6
a 59 6 8
a 59 383 4
a 59 385 1
a 59 695 6
a 60 215 1
a 61 44 7
a 62 539 5
a 62 580 5
a 62 593 2
a 62 655 7
a 63 94 2
a 63 349 4
a 64 650 9
a 65 179 8
a 65 468 8
a 65 591 7
a 66 343 8
a 67 122 2
a 67 302 10
a 68 193 8
a 68 687 1
a 69 168 5
a 69 240 2
a 69 499 4
a 70 108 5
a 71 209 9
a 72 507 5
a 72 512 1
a 73 366 3
a 74 194 1
a 74 268 6
a 74 368 1
a 74 453 5
a 75 41 7
a 75 614 9
a 76 47 10
a 76 100 4
a 76 324 3
a 77 154 10
a 77 192 6
a 77 352 4
a 77 442 5
a 78 38 5
a 78 648 2
a 79 58 4
a 79 91 6
a 79 455 4
a 79 597 1
a 80 563 8
a 80 665 2
a 81 185 4
a 82 257 7
a 82 625 2
a 83 19 8
a 83 54 3
a 83 109 4
a 83 460 4
a 83 474 5
a 83 502 4
a 84 28 7
a 84 373 1
a 85 278 2
a 86 220 2
a 87 650 9
a 88 505 3
a 89 233 10
a 89 433 10
a 89 522 1
a 89 639 9
a 90 232 1
a 90 474 3
a 91 365 3
a 91 613 10
a 92 197 5
a 92 671 4
a 93 25 1
a 93 446 6
a 94 208 1
a 94 503 8
a 95 622 8
a 96 651 3
a 97 91 6
a 97 352 10
a 97 427 4
a 98 14 7
a 98 162 10
a 98 426 4
a 99 671 6
a 100 564 4
a 100 673 3
a 101 168 10
a 102 118 6
a 102 439 7
a 103 401 10
a 104 10 7
a 105 446 9
a 106 147 2
a 106 238 3
a 106 411 1
a 107 230 6
a 108 139 7
a 108 396 8
a 108 621 4
a 109 107 7
a 109 304 6
a 109 583 10
a 110 392 6
a 111 683 10
a 112 503 7
a 113 184 1
a 113 576 2
a 114 370 6
a 114 517 5
a 115 409 9
a 115 641 4
a 116 178 4
a 117 595 5
a 118 73 7
a 118 689 10
a 119 198 3
a 120 288 9
a 120 559 8
a 120 609 1
a 121 335 2
a 121 378 7
a 122 106 2
a 122 306 1
a 123 135 9
a 123 345 7
a 124 636 1
a 125 354 9
a 126 333 5
a 127 234 8
a 127 450 4
a 127 684 5
a 128 195 3
a 129 22 5
a 129 142 1
a 129 482 10
a 130 298 5
a 130 316 6
a 131 282 5
a 131 508 2
a 132 75 9
a 132 287 5
a 132 394 1
a 133 414 3
a 134 136 10
a 134 534 7
a 135 75 1
a 135 236 5
a 135 420 10
a 136 55 2
a 136 411 6
a 136 568 8
a 137 509 9
a 138 691 4
a 139 372 7
a 140 301 4
a 141 121 5
a 142 23 8
a 143 239 9
a 143 531 9
a 143 625 9
a 144 281 5
a 144 676 3
a 145 35 1
a 145 105 8
a 145 566 7
a 146 529 3
a 147 159 10
a 147 595 4
a 148 215 1
a 149 353 7
a 149 601 7
a 150 320 10
a 150 375 4
a 151 487 1
a 152 302 6
a 152 431 6
a 153 558 4
a 154 16 1
a 154 497 2
a 155 270 4
a 155 315 10
a 156 457 5
a 156 521 6
a 157 2 6
a 157 405 1
a 158 228 10
a 158 388 4
a 159 313 4
a 160 338 8
a 160 602 3
a 161 29 5
a 161 567 8
a 162 529 9
a 163 24 5
a 163 125 9
a 163 688 7
a 164 187 4
a 164 218 5
a 165 382 10
a 166 11 7
a 166 607 10
a 167 152 5
a 168 476 2
a 169 50 5
a 169 101 6
a 170 34 5
a 170 641 1
a 171 77 3
a 172 672 3
a 172 676 3
a 173 678 3
a 174 167 8
a 174 490 8
a 175 271 6
a 175 686 5
a 176 433 2
a 177 94 7
a 178 64 6
a 178 122 10
a 179 53 8
a 179 176 6
a 179 368 9
a 180 98 10
a 180 279 10
a 181 6 3
a 181 209 5
a 181 406 9
a 182 259 5
a 182 408 6
a 182 635 6
a 183 31 9
a 183 558 8
a 184 221 2
a 185 59 7
a 185 262 2
a 185 571 9
a 186 584 10
a 187 183 5
a 187 219 9
a 187 336 5
a 188 466 6
a 189 570 6
a 190 312 1
a 190 590 9
a 190 644 10
a 191 74 6
a 192 295 5
a 192 312 2
a 193 216 8
a 194 550 6
a 195 85 9
a 195 193 8
a 195 318 8
a 196 96 3
a 196 169 7
a 196 264 7
a 196 642 6
a 197 43 10
a 198 15 9
a 198 127 8
a 198 496 1
a 198 603 1
a 199 420 10
a 199 486 5
a 200 141 2
a 200 152 2
a 200 669 9
a 201 290 10
a 201 638 6
a 201 653 3
a 202 299 9
a 203 400 7
a 204 52 1
a 204 177 3
a 204 321 6
a 204 442 7
a 205 14 7
a 205 148 1
a 205 595 4
a 206 74 8
a 207 437 5
a 207 624 2
a 208 278 7
a 208 625 5
a 209 10 8
a 209 381 2
a 209 590 5
a 210 51 9
a 210 153 3
a 210 320 10
a 211 30 8
a 211 333 4
a 212 8 10
a 212 519 5
a 212 599 7
a 213 170 4
a 213 269 1
a 213 367 10
a 214 303 6
a 214 651 6
a 214 667 8
a 215 307 9
a 215 630 9
a 216 230 6
a 216 392 8
a 216 591 4
a 217 222 8
a 217 657 1
a 218 31 6
a 219 61 7
a 220 173 8
a 220 401 7
a 220 423 2
a 220 585 6
a 221 91 2
a 222 153 8
a 222 361 7
a 223 272 8
a 223 462 2
a 223 639 1
a 224 633 7
a 225 22 6
a 226 485 2
a 226 679 9
a 226 687 3
a 227 159 10
a 227 261 1
a 228 72 2
a 228 493 4
a 228 520 6
a 229 500 9
a 229 617 2
a 229 673 3
a 230 61 6
a 230 408 3
a 230 472 5
a 231 491 1
a 232 168 2
a 232 638 8
a 233 557 8
a 234 92 6
a 234 155 7
a 234 196 4
a 234 295 9
a 234 542 5
a 235 283 4
a 235 586 1
a 236 289 3
a 237 211 8
a 237 488 8
a 237 608 6
a 238 12 8
a 238 111 10
a 239 187 3
a 240 667 1
a 241 115 8
a 241 255 4
a 241 283 4
a 241 608 10
a 242 60 2
a 242 372 10
a 243 604 6
a 244 104 5
a 245 69 5
a 245 474 10
a 246 217 2
a 246 227 5
a 246 575 3
a 247 27 9
a 247 30 4
a 247 350 9
a 248 114 4
a 248 685 1
a 249 478 5
a 249 611 4
a 250 221 2
a 250 590 10
a 251 534 1
a 252 150 7
a 252 174 8
a 252 353 1
a 253 80 8
a 253 401 1
a 253 528 8
a 254 271 7
a 255 532 2
a 255 548 7
a 256 470 10
a 256 606 5
a 257 578 9
a 257 605 6
a 258 262 8
a 258 602 4
a 258 684 6
a 259 380 4
a 260 138 1
a 260 221 3
a 260 619 2
a 261 239 4
a 261 411 1
a 262 120 5
a 263 376 2
a 264 127 6
a 265 393 1
a 266 43 10
a 266 274 7
a 267 265 1
a 268 210 4
a 268 555 4
a 269 48 9
a 269 72 9
a 269 134 6
a 270 561 2
a 271 144 5
a 272 18 3
a 272 439 6
a 272 450 6
a 272 597 6
a 273 35 4
a 273 263 10
a 274 285 6
a 275 316 6
a 275 567 7
a 276 166 4
a 276 361 6
a 277 19 7
a 277 378 7
a 277 640 3
a 277 700 7
a 278 210 6
a 278 240 8
a 279 518 5
a 279 622 8
a 280 96 10
a 280 459 1
a 280 537 1
a 281 204 10
a 281 360 2
a 281 408 9
a 281 491 5
a 282 91 7
a 282 440 7
a 283 79 10
a 283 99 4
a 283 214 8
a 284 84 9
a 284 280 5
a 284 382 7
a 285 157 6
a 286 201 7
a 286 443 8
a 286 689 3
a 287 368 3
a 288 3 2
a 288 569 5
a 288 674 1
a 289 28 4
a 289 104 5
a 289 266 7
a 290 84 5
a 290 150 9
a 290 312 3
a 290 467 1
a 291 516 7
a 292 76 10
a 293 411 6
a 293 621 8
a 293 627 5
a 294 222 8
a 294 632 8
a 295 7 6
a 295 480 6
a 296 321 4
a 296 498 6
a 296 607 3
a 297 435 1
a 297 506 9
a 298 223 9
a 298 365 4
a 299 233 10
a 300 277 2
a 301 71 3
a 301 147 6
a 301 389 9
a 302 209 10
a 302 438 5
a 303 215 9
a 304 18 9
a 304 626 9
a 305 252 6
a 305 445 3
a 306 256 3
a 307 97 6
a 307 195 10
a 308 166 10
a 309 418 8
a 309 506 2
a 309 530 3
a 309 685 4
a 310 53 6
a 311 26 4
a 311 553 7
a 312 108 7
a 313 42 10
a 313 198 2
a 314 39 9
a 314 224 4
a 314 674 7
a 315 475 1
a 315 486 7
a 316 120 8
a 316 557 4
a 317 190 4
a 317 357 8
a 318 4 2
a 318 265 3
a 318 307 5
a 319 256 2
a 320 248 7
a 320 465 8
a 321 339 7
a 321 343 1
a 322 76 5
a 323 131 1
a 323 136 3
a 324 73 8
a 324 613 7
a 324 654 7
a 325 417 6
a 325 483 4
a 326 160 2
a 326 458 2
a 326 512 7
a 327 637 8
a 328 54 9
a 328 336 10
a 329 292 7
a 329 385 9
a 330 615 5
a 331 609 4
a 332 85 1
a 332 102 4
a 333 78 8
a 333 296 10
a 333 505 7
a 334 668 10
a 335 646 1
a 336 273 5
a 336 391 6
a 337 349 4
a 338 79 10
a 338 622 6
a 339 191 7
a 339 370 9
a 339 529 5
a 339 664 6
a 340 43 5
a 340 332 9
a 340 349 4
a 340 391 6
a 341 81 5
a 341 562 2
a 342 4 5
a 342 71 1
a 343 592 1
a 343 682 7
a 344 341 5
a 345 182 2
a 346 526 8
a 347 206 3
a 347 642 9
a 348 247 4
a 348 293 1
a 348 621 2
a 348 682 9
a 349 229 5
a 349 680 1
a 350 35 3
a 350 361 4
a 351 197 2
a 352 386 2
a 352 614 6
a 353 32 2
a 353 135 5
a 353 171 10
a 353 356 10
a 354 474 6
a 355 422 4
a 355 480 2
a 356 32 9
a 356 392 8
a 356 465 2
a 357 111 1
a 358 420 8
a 359 162 1
a 360 26 8
a 360 311 3
a 361 339 5
a 361 479 8
a 362 244 9
a 362 296 6
a 362 481 8
a 363 224 9
a 363 314 5
a 364 182 3
a 365 303 10
a 365 374 2
a 365 581 7
a 366 683 2
a 367 20 4
a 367 446 3
a 367 538 10
a 368 382 7
a 368 694 9
a 369 203 6
a 369 414 9
a 369 473 8
a 369 632 6
a 370 37 9
a 370 662 2
a 371 328 5
a 371 663 9
a 372 554 2
a 373 228 3
a 373 431 1
a 373 588 7
a 374 405 3
a 375 464 2
a 376 561 10
a 376 651 10
a 377 46 3
a 377 559 6
a 378 157 5
a 378 520 9
a 379 332 2
a 380 147 3
a 380 180 3
a 380 286 2
a 380 432 6
a 380 497 8
a 381 13 4
a 381 17 1
a 381 494 7
a 381 593 5
a 382 65 2
a 382 112 8
a 383 42 10
a 383 109 4
a 383 113 8
a 383 158 9
a 384 69 10
a 384 416 2
a 385 33 1
a 385 357 10
a 386 292 7
a 387 514 10
a 387 684 2
a 388 597 6
a 389 482 6
a 389 600 2
a 390 3 2
a 390 96 3
a 390 451 2
a 391 173 1
a 392 376 1
a 392 402 3
a 393 16 1
a 393 481 5
a 394 78 4
a 394 540 10
a 395 329 10
a 395 356 8
a 396 121 2
a 397 208 5
a 397 257 9
a 398 18 6
a 399 93 5
a 399 407 1
a 399 517 1
a 400 193 8
a 400 521 9
a 400 670 7
a 400 683 3
a 401 645 7
a 402 512 8
a 403 125 3
a 403 285 3
a 403 291 7
a 403 449 10
a 403 538 3
a 404 678 9
a 405 279 2
a 406 81 10
a 406 341 2
a 407 395 6
a 407 695 10
a 408 57 10
a 408 205 1
a 408 424 3
a 408 683 9
a 409 251 8
a 409 434 5
a 409 608 10
a 409 663 2
a 410 342 9
a 410 499 2
a 411 140 5
a 411 194 8
a 411 677 5
a 412 283 8
a 412 310 8
a 412 319 7
a 412 604 3
a 413 550 3
a 414 204 2
a 415 100 4
a 415 237 1
a 415 250 5
a 415 398 8
a 415 525 3
a 416 562 4
a 416 595 7
a 417 163 1
a 417 408 10
a 418 45 1
a 418 266 6
a 419 89 9
a 419 203 9
a 419 506 4
a 419 668 4
a 420 339 8
a 421 46 3
a 422 692 4
a 423 441 3
a 424 120 5
a 424 490 4
a 425 76 4
a 425 599 2
a 426 448 9
a 427 242 9
a 427 267 6
a 427 510 1
a 427 516 5
a 427 587 5
a 428 668 3
a 429 188 10
a 430 397 2
a 430 556 1
a 430 646 6
a 431 690 9
a 432 189 4
a 432 531 1
a 432 660 3
a 433 186 6
a 433 215 5
a 434 235 1
a 434 275 9
a 435 162 4
a 435 251 8
a 435 371 4
a 436 95 10
a 436 149 8
a 436 378 1
a 437 299 3
a 437 300 10
a 438 43 1
a 439 507 1
a 440 97 6
a 441 61 9
a 441 462 2
a 442 205 10
a 443 175 4
a 443 245 6
a 443 309 3
a 443 330 4
a 443 496 1
a 444 202 8
a 445 323 1
a 445 668 2
a 446 219 4
a 447 544 3
a 447 662 10
a 448 534 3
a 449 320 10
a 449 437 3
a 450 33 2
a 451 116 3
a 451 322 8
a 451 327 2
a 451 645 1
a 452 651 5
a 453 243 4
a 453 461 7
a 454 282 4
a 455 246 9
a 455 556 9
a 456 332 4
a 456 342 3
a 457 70 8
a 457 168 3
a 457 581 4
a 458 300 2
a 458 354 6
a 458 623 3
a 459 373 9
a 459 579 7
a 460 241 3
a 461 139 7
a 462 94 4
a 463 62 3
a 464 40 5
a 464 188 10
a 464 298 7
a 464 593 1
a 464 658 4
a 465 144 9
a 465 618 5
a 466 427 8
a 466 631 5
a 467 6 10
a 467 297 8
a 468 428 1
a 468 651 9
a 469 384 5
a 469 632 9
a 470 202 1
a 471 436 10
a 471 614 1
a 472 655 1
a 473 478 1
a 473 678 1
a 474 128 10
a 474 301 9
a 474 347 6
a 475 381 7
a 475 565 9
a 476 21 5
a 476 498 7
a 476 584 3
a 477 417 8
a 478 665 4
a 479 665 6
a 480 261 5
a 481 408 10
a 481 509 8
a 482 124 10
a 482 605 8
a 483 198 8
a 484 148 9
a 485 547 5
a 486 178 7
a 486 191 3
a 486 448 3
a 487 369 3
a 488 465 3
a 489 470 1
a 490 476 10
a 490 495 7
a 490 577 3
a 491 44 8
a 491 111 3
a 491 393 10
a 491 506 6
a 491 629 8
a 492 68 3
a 492 281 7
a 492 641 6
a 493 77 10
a 494 129 2
a 494 135 3
a 494 487 2
a 495 9 4
a 495 30 3
a 496 38 4
a 496 675 8
a 497 88 1
a 497 324 9
a 497 364 6
a 497 515 8
a 498 343 7
a 499 181 4
a 499 344 9
a 499 513 10
a 500 317 3
a 500 548 10
a 501 172 3
a 501 621 7
a 502 413 8
a 502 543 2
a 503 249 1
a 504 83 4
a 504 615 10
a 505 71 7
a 506 379 3
a 506 390 10
a 506 452 9
a 506 650 7
a 507 141 6
a 507 334 3
a 507 623 4
a 508 505 1
a 509 22 6
a 510 26 9
a 510 402 4
a 510 469 4
a 510 608 4
a 511 359 10
a 511 454 7
a 512 276 10
a 512 559 5
a 513 262 10
a 514 47 4
a 514 167 7
a 515 313 10
a 515 549 10
a 516 391 8
a 516 606 8
a 517 203 8
a 517 551 3
a 518 75 1
a 519 510 8
a 520 170 1
a 521 560 8
a 521 595 9
a 522 103 4
a 523 457 2
a 524 311 1
a 524 315 6
a 524 358 6
a 524 359 5
a 525 88 5
a 526 455 2
a 526 598 7
a 527 66 5
a 528 151 6
a 528 170 2
a 528 185 4
a 528 329 10
a 529 601 3
a 530 117 7
a 530 284 6
a 530 522 5
a 531 123 2
a 531 543 5
a 531 633 10
a 531 656 7
a 532 378 2
a 533 73 10
a 533 480 6
a 534 415 2
a 534 421 2
a 534 456 3
a 535 195 7
a 536 249 3
a 536 304 5
a 537 195 3
a 537 237 8
a 538 328 7
a 538 563 1
a 539 575 5
a 540 584 2
a 541 335 2
a 541 399 3
a 542 391 4
a 543 236 5
a 544 203 3
a 544 289 7
a 544 433 9
a 544 620 6
a 545 164 2
a 545 260 5
a 546 147 5
a 547 38 9
a 547 133 9
a 548 226 5
a 548 527 10
a 548 691 5
a 549 55 7
a 549 232 1
a 550 196 8
a 551 408 3
a 552 563 5
a 553 39 5
a 553 428 2
a 554 36 10
a 554 549 5
a 554 572 4
a 555 184 9
a 555 699 9
a 556 72 5
a 556 176 7
a 556 218 2
a 557 253 5
a 557 320 6
a 558 492 5
a 558 671 7
a 558 681 9
a 559 504 8
a 559 615 2
a 560 545 7
a 561 223 8
a 561 616 8
a 562 66 1
a 562 670 1
a 563 315 10
a 564 126 6
a 564 206 6
a 564 445 3
a 565 316 1
a 565 425 10
a 566 220 8
a 567 99 2
a 568 434 3
a 568 511 3
a 568 698 2
a 569 142 1
a 569 242 9
a 569 248 1
a 570 62 2
a 570 226 10
a 570 277 1
a 570 484 2
a 570 489 2
a 571 412 3
a 572 130 3
a 572 578 5
a 573 60 8
a 573 220 4
a 574 688 6
a 574 697 5
a 575 595 8
a 576 241 1
a 576 377 2
a 577 179 6
a 577 409 7
a 577 429 7
a 577 575 7
a 578 282 9
a 579 210 8
a 580 16 2
a 581 169 3
a 581 283 5
a 582 37 10
a 582 612 10
a 583 360 4
a 584 23 6
a 584 211 4
a 585 258 9
a 585 599 4
a 585 650 8
a 586 188 8
a 586 536 2
a 586 666 2
a 587 156 1
a 587 589 9
a 588 79 1
a 588 146 10
a 588 256 2
a 589 662 6
a 589 683 7
a 590 8 7
a 590 83 8
a 590 452 9
a 591 306 5
a 591 655 7
a 592 478 8
a 593 362 2
a 593 690 3
a 594 376 6
a 595 501 9
a 596 648 7
a 597 50 2
a 597 476 6
a 598 231 7
a 598 403 5
a 598 447 4
a 598 476 4
a 599 297 9
a 599 325 7
a 600 215 6
a 600 526 4
a 600 627 8
a 601 329 7
a 601 436 8
a 602 112 4
a 602 126 1
a 602 407 2
a 602 699 4
a 603 306 8
a 603 464 3
a 604 229 4
a 604 477 9
a 604 513 9
a 605 329 4
a 605 408 8
a 606 348 4
a 606 608 8
a 607 492 4
a 608 144 6
a 609 424 2
a 610 143 7
a 610 302 4
a 610 340 4
a 610 417 10
a 610 572 8
a 611 544 8
a 612 439 2
a 612 466 5
a 613 82 7
a 613 569 7
a 614 504 7
a 615 128 9
a 615 226 6
a 616 420 1
a 617 460 3
a 618 149 3
a 619 65 6
a 619 179 10
a 620 56 4
a 620 219 8
a 621 574 2
a 622 66 4
a 622 282 1
a 623 355 1
a 623 643 5
a 623 658 2
a 623 692 4
a 624 649 3
a 624 658 8
a 625 687 2
a 626 308 1
a 626 412 10
a 626 489 3
a 626 610 2
a 627 207 8
a 627 316 6
a 627 427 6
a 628 305 5
a 628 698 8
a 629 13 5
a 630 212 9
a 630 343 6
a 631 23 7
a 632 40 1
a 632 150 7
a 632 161 4
a 633 547 9
a 634 67 5
a 635 92 10
a 636 335 1
a 637 570 7
a 638 300 1
a 638 385 7
a 638 557 6
a 639 453 3
a 640 129 7
a 640 486 1
a 640 501 10
a 641 415 5
a 641 481 10
a 641 574 6
a 641 636 6
a 642 474 1
a 642 524 1
a 642 645 1
a 643 79 4
a 644 294 6
a 644 432 2
a 644 700 9
a 645 50 9
a 645 137 3
a 645 170 5
a 645 216 9
a 645 371 2
a 646 195 7
a 647 188 6
a 647 347 10
a 648 225 10
a 648 372 1
a 648 410 2
a 648 517 2
a 649 145 2
a 649 651 5
a 650 72 10
a 650 390 2
a 651 59 5
a 652 421 1
a 652 659 7
a 653 444 7
a 654 339 8
a 654 377 3
a 655 543 3
a 655 686 4
a 656 60 8
a 657 195 7
a 658 88 1
a 659 594 2
a 659 696 2
a 660 385 5
a 661 131 10
a 661 441 6
a 661 458 7
a 662 67 1
a 662 157 7
a 663 87 7
a 663 444 9
a 664 539 4
a 665 235 5
a 665 648 4
a 666 495 3
a 667 514 1
a 668 15 3
a 668 388 3
a 669 136 2
a 669 274 7
a 670 178 5
a 670 308 5
a 671 446 4
a 671 574 9
a 671 612 10
a 672 106 9
a 672 661 7
a 673 49 4
a 673 281 6
a 673 646 8
a 674 250 7
a 675 265 7
a 676 111 8
a 676 419 10
a 676 546 9
a 677 620 1
a 677 644 4
a 678 667 2
a 679 178 10
a 679 637 3
a 680 308 8
a 680 387 6
a 681 554 8
a 681 626 2
a 682 326 4
a 682 604 6
a 683 444 5
a 683 460 9
a 684 541 5
a 684 696 3
a 685 54 5
a 685 81 10
a 685 362 9
a 685 405 1
a 686 456 4
a 687 108 10
a 687 254 3
a 687 337 7
a 687 493 1
a 688 31 9
a 688 90 4
a 688 461 4
a 688 570 3
a 689 30 3
a 689 571 4
a 690 174 1
a 690 199 8
a 690 634 5
a 691 202 4
a 691 344 2
a 692 363 1
a 692 655 3
a 692 693 7
a 692 696 5
a 693 86 8
a 693 170 10
a 693 249 4
a 693 380 4
a 694 165 4
a 694 230 7
a 694 461 2
a 695 67 5
a 695 144 1
a 696 213 3
a 696 671 5
a 697 119 7
a 697 338 6
a 698 164 8
a 698 366 2
a 698 390 7
a 699 678 6
