p max 700 1400
n 1 s
n 700 t
a 1 338 6
a 2 267 5
a 2 663 3
a 3 31 8
a 3 144 6
a 4 284 1
a 5 330 7
a 6 168 1
a 7 204 9
a 8 106 1
a 8 446 9
a 9 147 2
a 9 352 1
a 9 570 10
a 10 185 8
a 10 317 2
a 10 524 4
a 11 97 10
a 11 524 4
a 12 291 8
a 13 63 6
a 13 506 1
a 14 19 9
a 14 46 8
a 14 255 6
a 14 373 10
a 15 9 6
a 15 187 4
a 15 506 6
a 16 302 7
a 17 52 5
a 18 78 8
a 19 358 4
a 20 391 1
a 21 407 9
a 21 699 10
a 22 186 5
a 23 113 2
a 23 260 5
a 24 313 6
a 25 201 1
a 25 322 4
a 25 543 5
a 26 42 8
a 26 220 9
a 27 259 7
a 27 393 6
a 28 143 2
a 29 104 2
a 29 216 10
a 29 368 3
a 30 363 2
a 30 588 7
a 31 336 7
a 32 20 10
a 33 183 6
a 33 477 1
a 34 273 8
a 34 374 6
a 34 696 9
a 35 98 4
a 35 193 8
a 35 214 10
a 35 524 9
a 35 641 4
a 36 235 5
a 36 281 7
a 36 605 6
a 36 606 7
a 37 270 5
a 38 412 9
a 39 75 10
a 39 613 5
a 40 240 1
a 40 291 3
a 40 356 4
a 41 370 10
a 41 454 5
a 42 342 10
a 42 349 5
a 43 342 7
a 44 69 6
a 44 158 4
a 44 659 7
a 45 197 10
a 45 671 5
a 46 175 5
a 46 451 4
a 47 328 2
a 47 588 5
a 47 698 6
a 48 396 10
a 48 468 9
a 48 552 7
a 49 605 4
a 50 115 8
a 50 192 5
a 50 521 6
a 51 116 5
a 51 305 7
a 51 574 3
a 52 580 5
a 53 221 7
a 53 525 6
a 53 640 9
a 54 268 2
a 55 647 4
a 56 7 2
a 57 524 3
a 58 325 10
a 58 340 1
a 58 435 6
a 58 589 10
a 59 102 1
a 59 619 5
a 60 309 6
a 60 422 1
a 61 340 5
a 62 370 8
a 62 493 6
a 63 144 10
a 64 434 10
a 64 501 4
a 65 409 9
a 65 500 2
a 65 583 3
a 65 591 7
a 66 339 10
a 66 696 8
a 67 581 7
a 67 686 6
a 68 603 1
a 69 161 1
a 69 464 1
a 70 13 10
a 70 127 9
a 70 432 9
a 71 200 10
a 71 231 8
a 72 2 3
a 72 447 10
a 73 304 10
a 73 693 5
a 74 421 7
a 74 618 5
a 75 30 3
a 75 690 6
a 76 565 8
a 77 576 4
a 77 630 6
a 78 213 1
a 79 80 1
a 80 166 8
a 81 142 10
a 81 687 5
a 82 218 3
a 82 643 5
a 83 247 3
a 83 621 8
a 84 230 2
a 85 54 4
a 85 186 6
a 85 255 5
a 85 426 8
a 86 231 1
a 86 675 3
a 87 146 5
a 87 644 6
a 88 15 5
a 88 217 6
a 88 595 8
a 89 557 6
a 90 533 8
a 91 271 1
a 92 80 1
a 92 212 6
a 92 532 5
a 92 666 3
a 93 156 2
a 93 583 3
a 93 610 4
a 94 420 9
a 94 608 3
a 95 228 9
a 96 107 2
a 96 241 10
a 96 628 6
a 97 390 9
a 97 569 5
a 98 635 9
a 99 446 4
a 100 409 8
a 100 672 2
a 101 114 5
a 102 177 6
a 103 175 8
a 103 476 9
a 103 545 8
a 104 85 10
a 104 239 8
a 104 593 4
a 104 635 5
a 105 184 8
a 106 147 6
a 106 191 2
a 107 223 6
a 108 265 10
a 108 569 7
a 109 347 1
a 109 571 7
a 110 318 2
a 111 123 1
a 111 263 1
a 111 285 4
a 111 434 6
a 111 494 3
a 111 667 10
a 112 122 10
a 112 556 8
a 112 558 6
a 113 391 8
a 114 199 6
a 114 325 8
a 115 436 2
a 115 454 5
a 115 637 3
a 116 633 5
a 117 8 1
a 117 162 10
a 118 390 10
a 118 653 8
a 119 95 2
a 119 527 5
a 120 14 2
a 121 268 6
a 121 464 3
a 122 699 6
a 123 210 9
a 123 456 4
a 124 188 3
a 124 460 8
a 125 29 10
a 126 243 6
a 126 516 9
a 126 553 5
a 127 630 5
a 128 263 1
a 129 83 6
a 129 169 9
a 129 480 8
a 129 666 4
a 130 441 7
a 130 683 6
a 131 301 4
a 131 612 9
a 131 664 10
a 132 490 8
a 133 154 3
a 133 602 8
a 134 358 4
a 134 652 7
a 135 675 5
a 136 158 1
a 137 18 4
a 138 520 9
a 138 561 3
a 139 50 3
a 139 109 10
a 140 431 1
a 140 599 2
a 140 662 6
a 141 335 10
a 141 679 7
a 142 325 8
a 142 372 9
a 143 77 9
a 143 87 4
a 144 380 6
a 145 60 1
a 145 447 5
a 146 156 1
a 147 312 6
a 147 620 9
a 148 486 1
a 149 577 3
a 150 5 5
a 150 492 9
a 150 658 6
a 151 450 5
a 151 607 10
a 152 35 7
a 152 232 6
a 152 342 9
a 152 626 10
a 153 494 3
a 154 128 10
a 154 217 3
a 154 399 6
a 154 467 7
a 155 503 6
a 155 688 6
a 156 18 5
a 156 415 6
a 157 487 6
a 157 625 8
a 158 20 5
a 158 52 2
a 158 287 1
a 159 318 7
a 159 618 10
a 160 469 6
a 161 3 7
a 161 158 10
a 161 522 3
a 161 591 8
a 162 468 6
a 163 176 3
a 163 428 3
a 164 335 1
a 164 442 6
a 165 448 8
a 166 21 9
a 167 375 10
a 168 221 6
a 169 463 9
a 170 11 9
a 170 632 8
a 170 633 9
a 171 521 10
a 172 9 9
a 172 584 2
a 173 308 8
a 174 81 7
a 175 317 7
a 175 342 3
a 175 517 9
a 176 110 9
a 176 366 7
a 177 377 2
a 178 344 10
a 178 463 10
a 179 207 9
a 180 225 5
a 181 252 9
a 181 451 1
a 181 486 9
a 182 578 2
a 182 652 1
a 183 348 2
a 184 137 7
a 184 386 4
a 184 641 10
a 185 338 6
a 186 546 10
a 186 634 1
a 187 677 9
a 188 564 3
a 188 590 2
a 189 91 6
a 190 45 5
a 191 74 10
a 192 17 4
a 193 385 2
a 194 229 4
a 195 218 5
a 195 638 7
a 196 157 9
a 196 301 7
a 196 535 8
a 197 346 5
a 197 403 6
a 198 147 7
a 198 291 3
a 199 32 9
a 200 434 3
a 200 438 2
a 200 572 7
a 201 227 9
a 201 600 2
a 201 650 10
a 202 119 10
a 203 333 2
a 203 499 5
a 204 614 8
a 205 21 10
a 205 245 5
a 206 40 5
a 206 42 6
a 206 545 8
a 206 584 4
a 207 537 9
a 208 268 7
a 209 26 6
a 210 326 4
a 211 586 6
a 212 202 4
a 212 380 3
a 212 429 1
a 212 564 1
a 213 203 10
a 214 291 5
a 215 92 4
a 215 225 7
a 215 428 2
a 215 655 8
a 216 146 4
a 216 485 3
a 217 112 2
a 217 446 10
a 217 593 7
a 217 599 9
a 217 655 8
a 218 435 10
a 218 482 6
a 219 400 6
a 219 569 1
a 220 638 4
a 221 78 6
a 221 217 7
a 222 24 10
a 222 82 8
a 223 442 5
a 223 582 5
a 224 47 8
a 224 64 9
a 224 341 6
a 225 104 6
a 225 403 4
a 226 66 1
a 226 151 2
a 226 455 5
a 227 87 6
a 227 250 4
a 228 258 2
a 228 310 4
a 228 534 6
a 229 408 1
a 230 482 6
a 231 58 10
a 231 527 5
a 232 78 3
a 232 177 9
a 232 329 5
a 232 480 10
a 233 125 5
a 233 143 5
a 233 461 5
a 234 470 10
a 234 565 10
a 235 156 5
a 235 188 9
a 236 596 10
a 236 648 9
a 237 302 6
a 237 312 9
a 237 446 1
a 237 503 6
a 238 3 3
a 238 331 8
a 239 67 5
a 239 352 8
a 240 305 3
a 240 311 9
a 240 490 10
a 241 362 2
a 241 619 7
a 242 36 10
a 242 205 1
a 243 331 8
a 243 479 10
a 243 546 2
a 244 261 5
a 244 667 7
a 245 241 3
a 246 180 9
a 246 232 8
a 246 347 5
a 247 213 10
a 247 252 4
a 248 442 9
a 248 616 3
a 249 348 9
a 250 489 2
a 251 8 8
a 251 473 1
a 252 358 7
a 253 487 7
a 253 540 10
a 254 354 5
a 254 604 3
a 255 215 3
a 255 557 7
a 255 565 1
a 256 198 4
a 256 574 9
a 257 203 2
a 257 458 9
a 257 469 8
a 257 562 6
a 258 159 10
a 258 451 1
a 258 507 1
a 259 104 1
a 260 474 7
a 260 529 5
a 261 29 4
a 261 363 2
a 262 182 3
a 262 196 3
a 262 449 10
a 262 525 7
a 263 17 10
a 263 99 2
a 263 145 7
a 263 189 9
a 263 424 1
a 264 357 9
a 264 443 3
a 264 457 2
a 265 317 2
a 265 348 3
a 266 515 7
a 267 11 3
a 267 117 6
a 267 367 2
a 268 6 4
a 268 94 9
a 269 122 7
a 270 260 9
a 271 594 7
a 271 617 5
a 272 133 6
a 272 225 2
a 273 83 9
a 273 337 5
a 274 46 5
a 274 639 7
a 274 651 5
a 275 378 3
a 275 398 10
a 275 520 6
a 276 76 6
a 276 115 5
a 276 507 5
a 276 563 4
a 277 37 3
a 277 226 9
a 278 451 5
a 278 674 8
a 279 311 6
a 279 327 3
a 280 278 3
a 280 378 6
a 280 512 9
a 281 21 7
a 281 266 3
a 281 682 2
a 282 511 1
a 282 576 2
a 283 334 2
a 284 497 4
a 284 600 4
a 285 222 4
a 285 524 9
a 286 555 9
a 286 628 6
a 287 473 10
a 288 259 4
a 288 294 4
a 288 453 9
a 288 560 1
a 288 575 2
a 288 611 4
a 289 541 5
a 289 602 6
a 290 311 7
a 290 586 7
a 291 50 2
a 291 332 6
a 292 271 3
a 292 357 9
a 293 288 3
a 294 453 9
a 294 566 1
a 295 447 7
a 296 252 6
a 297 54 9
a 298 549 8
a 298 550 3
a 299 601 2
a 300 461 4
a 301 423 7
a 302 171 3
a 302 512 10
a 303 466 2
a 304 544 2
a 305 392 9
a 306 88 4
a 306 421 6
a 306 446 10
a 307 89 5
a 307 104 9
a 307 251 6
a 307 665 2
a 308 346 9
a 308 423 10
a 309 73 10
a 310 25 9
a 310 364 5
a 310 536 2
a 311 336 1
a 312 514 2
a 313 339 4
a 314 86 5
a 314 131 5
a 314 207 4
a 314 322 9
a 314 645 10
a 315 112 5
a 315 496 4
a 315 624 6
a 316 687 8
a 317 596 1
a 318 55 4
a 318 184 1
a 318 523 9
a 318 630 3
a 318 676 7
a 319 297 7
a 320 160 3
a 320 478 2
a 321 356 6
a 321 439 9
a 322 177 9
a 322 488 5
a 323 3 5
a 323 39 3
a 323 141 2
a 324 307 3
a 324 654 9
a 325 222 10
a 325 677 7
a 326 93 8
a 326 95 10
a 326 607 3
a 327 268 5
a 328 489 4
a 328 615 6
a 328 689 1
a 329 166 10
a 329 672 7
a 330 173 10
a 330 294 4
a 330 391 9
a 330 509 6
a 330 515 6
a 330 567 1
a 331 512 10
a 332 601 8
a 332 665 2
a 333 303 2
a 333 577 10
a 334 61 1
a 334 164 2
a 334 536 1
a 335 265 5
a 335 548 2
a 336 178 3
a 336 317 5
a 337 144 7
a 337 306 10
a 337 494 6
a 338 197 1
a 338 480 10
a 339 557 10
a 340 77 1
a 341 201 9
a 341 614 3
a 342 388 3
a 343 195 1
a 343 290 6
a 343 526 8
a 344 234 4
a 345 147 6
a 345 157 7
a 345 205 6
a 345 609 4
a 346 61 3
a 346 293 9
a 346 316 7
a 347 134 9
a 347 669 5
a 348 343 6
a 348 558 4
a 349 412 2
a 350 8 1
a 350 44 5
a 350 264 4
a 350 449 3
a 351 218 3
a 351 239 4
a 351 442 7
a 352 306 2
a 353 28 9
a 353 322 7
a 353 383 5
a 354 156 9
a 354 393 8
a 355 129 5
a 355 284 10
a 355 359 6
a 355 548 10
a 356 534 1
a 357 360 4
a 358 334 5
a 358 533 2
a 359 251 8
a 360 388 8
a 360 610 8
a 361 414 8
a 361 504 7
a 361 600 4
a 362 136 5
a 362 596 3
a 362 649 3
a 363 489 7
a 364 190 10
a 364 214 9
a 365 41 1
a 365 315 8
a 366 69 2
a 366 249 7
a 367 338 4
a 367 625 1
a 368 504 5
a 368 685 3
a 369 565 4
a 369 644 3
a 370 554 7
a 371 585 5
a 372 298 8
a 372 389 6
a 372 423 3
a 373 369 2
a 373 532 4
a 374 121 6
a 374 204 9
a 375 223 3
a 375 281 10
a 376 170 9
a 376 262 3
a 376 375 6
a 376 465 2
a 377 165 3
a 378 345 7
a 378 387 7
a 378 502 5
a 379 370 2
a 380 352 9
a 381 235 4
a 381 412 10
a 382 547 7
a 383 409 1
a 383 631 3
a 384 118 5
a 384 551 6
a 384 690 5
a 385 449 10
a 386 479 1
a 387 481 8
a 387 638 3
a 388 246 2
a 388 654 1
a 389 70 6
a 389 288 2
a 389 579 3
a 390 24 10
a 390 233 10
a 390 307 5
a 390 353 4
a 390 459 5
a 390 473 7
a 390 491 4
a 391 253 5
a 391 417 9
a 392 301 1
a 392 440 7
a 392 484 3
a 393 414 8
a 393 592 5
a 393 697 9
a 394 243 2
a 394 321 7
a 395 376 1
a 396 680 7
a 397 597 10
a 398 53 10
a 398 214 5
a 398 559 4
a 399 501 10
a 400 48 1
a 400 381 10
a 400 455 1
a 400 483 7
a 401 136 9
a 401 345 1
a 402 91 5
a 402 134 5
a 402 510 9
a 402 629 9
a 403 222 3
a 403 282 6
a 403 361 8
a 403 604 1
a 404 684 1
a 405 216 4
a 406 360 5
a 406 379 10
a 407 469 2
a 407 683 6
a 408 316 9
a 408 681 6
a 409 194 9
a 409 585 10
a 409 675 8
a 410 365 3
a 410 597 2
a 411 71 2
a 411 79 8
a 411 430 6
a 412 666 6
a 413 6 1
a 413 90 5
a 414 108 10
a 414 118 7
a 415 75 6
a 415 650 5
a 415 657 2
a 416 267 2
a 417 150 6
a 417 624 9
a 418 104 6
a 418 135 1
a 419 16 7
a 419 201 1
a 419 427 9
a 420 283 2
a 420 396 7
a 420 519 7
a 421 345 5
a 421 350 10
a 421 700 5
a 422 14 2
a 422 243 2
a 422 295 3
a 423 379 1
a 424 675 7
a 425 160 8
a 425 374 5
a 426 59 3
a 426 336 10
a 427 40 6
a 427 274 5
a 427 625 7
a 428 54 7
a 429 598 7
a 430 143 7
a 430 272 4
a 430 293 3
a 430 444 8
a 431 62 1
a 431 570 6
a 432 53 9
a 433 13 4
a 433 268 6
a 434 41 9
a 435 13 9
a 435 183 3
a 435 228 10
a 435 573 8
a 436 249 9
a 436 296 6
a 436 402 10
a 437 22 3
a 437 244 5
a 437 689 3
a 438 439 2
a 438 458 6
a 439 120 9
a 440 16 10
a 440 276 4
a 440 577 1
a 441 62 5
a 442 278 5
a 442 530 10
a 443 11 4
a 443 211 6
a 444 97 4
a 444 320 8
a 444 405 7
a 445 111 1
a 445 519 5
a 446 492 7
a 447 413 5
a 448 68 4
a 448 81 3
a 448 365 5
a 449 55 8
a 449 269 6
a 450 87 2
a 451 245 6
a 451 678 2
a 452 472 7
a 453 610 6
a 454 6 9
a 455 43 8
a 455 663 10
a 456 23 9
a 456 102 8
a 456 120 3
a 456 257 10
a 456 356 1
a 457 427 5
a 457 687 2
a 458 127 7
a 459 103 2
a 459 445 5
a 459 457 6
a 460 149 10
a 460 561 7
a 461 150 8
a 461 299 1
a 461 668 10
a 462 81 6
a 462 691 4
a 463 136 10
a 464 200 3
a 464 260 6
a 464 483 5
a 464 684 7
a 465 46 8
a 465 508 2
a 466 543 7
a 467 47 10
a 467 483 9
a 468 11 10
a 468 124 6
a 468 443 2
a 468 448 4
a 469 553 8
a 470 242 4
a 470 430 5
a 471 41 8
a 471 269 4
a 472 262 9
a 473 674 7
a 474 36 2
a 475 208 9
a 475 693 6
a 476 292 2
a 476 554 8
a 477 168 4
a 477 512 5
a 478 108 5
a 478 176 8
a 478 308 9
a 478 310 6
a 478 686 3
a 479 697 2
a 480 313 10
a 481 105 5
a 481 107 5
a 481 172 3
a 481 204 10
a 481 313 3
a 481 379 9
a 481 642 2
a 482 61 8
a 482 418 2
a 483 101 9
a 484 248 8
a 485 62 5
a 485 296 3
a 485 520 5
a 486 586 9
a 487 684 4
a 488 173 9
a 489 130 6
a 489 256 3
a 489 334 10
a 490 411 6
a 490 602 6
a 491 608 3
a 492 114 5
a 492 581 4
a 492 700 8
a 493 598 8
a 493 687 10
a 494 134 6
a 494 137 9
a 494 297 9
a 495 406 2
a 495 528 1
a 495 549 10
a 496 464 4
a 496 550 3
a 497 462 4
a 498 619 3
a 498 627 2
a 499 428 7
a 500 67 4
a 501 190 8
a 501 471 3
a 502 67 1
a 502 407 5
a 502 548 8
a 503 394 3
a 503 628 9
a 504 297 3
a 504 395 9
a 504 425 9
a 505 66 9
a 505 411 8
a 506 493 6
a 507 453 10
a 507 640 1
a 508 654 3
a 509 180 4
a 510 12 10
a 510 115 10
a 510 167 5
a 510 623 2
a 511 113 10
a 512 448 3
a 512 696 9
a 513 123 6
a 513 229 8
a 513 603 5
a 514 208 8
a 514 224 10
a 514 289 1
a 515 255 7
a 516 430 9
a 516 529 7
a 517 345 3
a 518 419 5
a 519 7 5
a 519 84 8
a 520 348 2
a 521 342 10
a 522 531 10
a 523 196 2
a 524 247 6
a 524 280 6
a 525 10 9
a 525 288 6
a 526 690 3
a 527 84 4
a 527 333 9
a 527 363 2
a 528 105 4
a 528 376 5
a 529 34 7
a 529 66 9
a 530 621 4
a 531 350 5
a 532 353 1
a 532 622 5
a 533 80 1
a 533 355 8
a 534 36 7
a 535 344 5
a 536 119 5
a 536 385 7
a 537 11 8
a 537 224 2
a 537 613 10
a 538 331 3
a 538 547 8
a 539 121 8
a 539 253 2
a 539 408 7
a 540 661 1
a 541 130 8
a 541 286 5
a 541 590 6
a 542 390 8
a 542 663 1
a 543 463 6
a 543 531 4
a 544 68 4
a 544 402 10
a 545 55 3
a 545 518 3
a 546 276 3
a 546 456 10
a 547 619 2
a 548 138 2
a 548 256 10
a 548 467 1
a 549 42 4
a 549 238 1
a 549 311 2
a 550 250 6
a 550 542 9
a 550 563 2
a 551 51 8
a 552 58 10
a 552 363 6
a 552 416 9
a 552 692 2
a 553 301 5
a 554 148 1
a 554 256 6
a 554 314 4
a 555 465 10
a 556 120 4
a 557 300 9
a 557 587 6
a 557 651 9
a 558 93 8
a 558 323 7
a 559 248 4
a 559 632 2
a 560 551 6
a 561 51 3
a 561 451 9
a 561 597 5
a 561 697 7
a 562 429 3
a 563 40 10
a 564 96 8
a 564 326 2
a 564 423 7
a 564 538 9
a 565 311 2
a 566 513 5
a 566 602 10
a 567 429 10
a 567 530 10
a 568 57 8
a 568 270 6
a 568 334 7
a 569 417 4
a 570 114 2
a 571 404 7
a 572 101 1
a 573 18 4
a 573 514 2
a 574 36 1
a 574 275 3
a 574 330 3
a 575 397 9
a 575 640 2
a 575 660 3
a 576 37 6
a 576 656 6
a 577 145 2
a 578 266 1
a 579 595 10
a 580 355 9
a 580 581 5
a 581 337 10
a 581 470 2
a 581 475 7
a 582 18 2
a 582 155 8
a 583 218 5
a 583 580 2
a 584 123 9
a 585 459 1
a 586 217 8
a 587 72 3
a 587 439 5
a 587 492 1
a 588 49 5
a 588 295 10
a 588 615 4
a 589 199 5
a 589 329 2
a 590 24 7
a 590 594 10
a 591 388 7
a 592 294 4
a 593 94 5
a 593 156 4
a 593 454 8
a 593 596 10
a 594 293 1
a 594 382 6
a 594 502 6
a 595 423 4
a 595 537 1
a 595 539 2
a 596 126 5
a 596 132 3
a 596 573 7
a 597 139 4
a 597 583 3
a 598 100 10
a 598 337 4
a 598 519 5
a 599 332 4
a 600 33 8
a 600 73 6
a 600 219 8
a 600 547 6
a 601 101 2
a 601 234 2
a 602 279 9
a 602 437 9
a 603 38 2
a 603 235 5
a 603 574 2
a 604 472 2
a 604 630 8
a 605 541 4
a 606 392 1
a 606 440 8
a 607 612 9
a 608 236 3
a 608 242 1
a 609 539 10
a 610 391 10
a 611 99 1
a 611 514 7
a 612 175 3
a 613 188 7
a 613 667 3
a 614 667 4
a 615 433 10
a 615 677 1
a 616 369 2
a 616 614 3
a 617 255 5
a 618 325 4
a 619 173 6
a 619 206 1
a 619 319 2
a 620 181 1
a 620 350 1
a 621 306 10
a 621 608 1
a 622 358 8
a 622 555 3
a 623 165 8
a 623 527 2
a 624 527 3
a 624 571 10
a 625 263 8
a 625 645 5
a 625 646 2
a 626 433 6
a 627 567 9
a 628 20 10
a 628 377 2
a 628 554 9
a 628 589 6
a 629 665 2
a 630 395 2
a 630 462 7
a 631 142 6
a 632 32 8
a 632 555 8
a 633 597 6
a 633 694 6
a 634 242 5
a 634 529 8
a 635 307 10
a 635 466 7
a 636 495 5
a 636 548 2
a 637 4 1
a 637 56 1
a 637 284 5
a 638 378 8
a 639 568 5
a 639 574 1
a 640 26 10
a 640 368 2
a 641 563 1
a 642 309 6
a 642 656 9
a 643 291 10
a 644 50 9
a 644 207 6
a 645 404 3
a 645 433 10
a 645 680 2
a 646 119 8
a 646 285 2
a 647 20 3
a 647 110 4
a 647 622 6
a 648 608 9
a 649 117 1
a 650 163 1
a 650 170 3
a 650 262 3
a 650 419 7
a 651 104 3
a 651 537 5
a 652 348 10
a 653 469 5
a 654 117 4
a 654 237 3
a 654 678 8
a 655 174 4
a 655 188 1
a 655 254 1
a 656 500 10
a 657 371 9
a 657 418 5
a 658 195 5
a 658 278 2
a 659 69 3
a 660 228 9
a 660 336 8
a 660 447 4
a 661 27 9
a 661 162 8
a 662 70 7
a 662 559 6
a 663 324 3
a 663 409 7
a 664 109 2
a 664 127 8
a 664 670 7
a 665 435 7
a 666 429 8
a 667 457 3
a 667 592 10
a 668 275 5
a 669 45 8
a 669 155 1
a 669 367 6
a 669 628 2
a 670 592 10
a 671 554 10
a 672 152 3
a 672 179 10
a 672 205 6
a 673 153 5
a 673 636 1
a 674 372 7
a 674 452 2
a 675 309 5
a 675 633 7
a 676 280 10
a 676 384 3
a 676 401 8
a 676 544 1
a 676 562 9
a 677 399 8
a 677 511 5
a 678 699 10
a 679 423 10
a 679 505 7
a 680 245 1
a 680 260 4
a 681 153 4
a 681 199 1
a 681 351 1
a 682 492 7
a 683 318 10
a 683 673 4
a 684 193 3
a 684 343 4
a 685 12 10
a 685 74 9
a 686 462 6
a 687 209 10
a 687 303 4
a 688 76 3
a 689 230 5
a 689 232 6
a 689 349 3
a 690 203 2
a 690 321 5
a 691 91 6
a 692 143 10
a 692 277 9
a 692 498 10
a 693 215 10
a 693 587 8
a 693 647 10
a 694 26 2
a 694 65 9
a 695 211 5
a 695 410 8
a 696 279 1
a 696 508 4
a 696 562 6
a 696 661 7
a 696 695 9
a 697 113 9
a 698 487 8
a 699 140 1
a 699 192 7
a 699 413 6
