p max 700 1400
n 1 s
n 700 t
a 1 304 3
a 2 30 2
a 2 61 10
a 2 453 1
a 2 505 8
a 2 581 10
a 3 489 9
a 3 671 2
a 4 35 4
a 4 341 5
a 4 470 8
a 4 475 10
a 4 618 7
a 4 619 2
a 5 518 4
a 6 467 6
a 7 292 4
a 8 157 10
a 8 208 6
a 8 330 6
a 8 481 3
a 8 518 8
a 9 161 3
a 9 612 5
a 10 347 1
a 10 520 2
a 10 696 1
a 11 368 7
a 12 516 10
a 13 112 2
a 13 471 2
a 14 655 10
a 14 683 4
a 15 78 4
a 15 142 7
a 15 166 10
a 15 326 5
a 16 352 4
a 16 379 4
a 16 642 10
a 17 114 9
a 17 616 2
a 18 43 3
a 18 552 8
a 19 122 1
a 19 279 8
a 19 510 9
a 20 151 9
a 20 409 6
a 21 48 8
a 21 398 1
a 21 442 3
a 22 611 9
a 22 639 3
a 23 597 7
a 24 240 7
a 25 117 3
a 25 123 7
a 25 440 2
a 26 302 3
a 26 641 3
a 26 695 4
a 27 532 9
a 28 13 8
a 28 102 8
a 29 383 8
a 29 460 7
a 30 33 8
a 30 339 10
a 30 542 7
a 31 182 7
a 31 566 4
a 32 165 8
a 32 465 5
a 33 302 8
a 33 448 2
a 33 512 2
a 34 479 3
a 34 693 8
a 35 207 1
a 35 422 7
a 36 168 4
a 37 40 7
a 38 692 8
a 39 572 10
a 39 687 4
a 40 52 10
a 40 63 1
a 40 689 8
a 41 426 3
a 41 597 4
a 42 38 8
a 42 561 5
a 43 244 2
a 43 292 8
a 43 576 9
a 44 64 5
a 44 109 7
a 44 122 1
a 45 31 4
a 45 595 1
a 46 464 10
a 47 23 9
a 47 584 5
a 47 692 4
a 48 201 5
a 48 436 4
a 48 501 10
a 49 22 1
a 49 86 5
a 49 162 5
a 49 328 8
a 50 272 2
a 51 71 10
a 51 661 2
a 52 219 2
a 53 118 5
a 53 300 3
a 53 302 6
a 53 585 6
a 54 103 2
a 55 511 1
a 55 571 5
a 56 650 7
a 57 110 8
a 57 401 10
a 57 486 10
a 58 640 10
a 59 72 5
a 59 485 6
a 59 627 3
a 60 237 10
a 60 336 3
a 60 405 6
a 60 697 8
a 61 395 7
a 62 133 10
a 62 464 9
a 62 645 5
a 63 156 6
a 63 248 3
a 63 414 9
a 63 608 6
a 63 626 1
a 64 134 9
a 64 364 7
a 64 478 10
a 64 533 10
a 65 294 1
a 65 697 7
a 66 181 5
a 66 436 4
a 66 466 6
a 67 90 2
a 67 373 10
a 67 699 10
a 68 73 8
a 68 138 8
a 69 14 7
a 69 70 7
a 69 188 5
a 69 258 5
a 69 416 8
a 70 9 9
a 70 308 8
a 71 399 1
a 72 185 7
a 73 19 1
a 73 217 2
a 73 272 1
a 73 601 4
a 74 179 9
a 74 350 8
a 75 376 7
a 76 334 9
a 77 328 7
a 77 454 1
a 77 554 3
a 78 389 4
a 79 4 10
a 79 116 4
a 79 646 4
a 80 566 2
a 81 33 6
a 81 439 1
a 82 105 2
a 82 213 8
a 83 547 6
a 84 68 8
a 84 329 1
a 85 629 2
a 86 107 4
a 86 639 3
a 87 143 10
a 87 149 2
a 88 103 6
a 88 428 10
a 88 494 3
a 89 242 6
a 90 416 4
a 91 28 7
a 92 50 4
a 92 649 9
a 93 101 8
a 94 622 9
a 94 680 3
a 95 292 8
a 96 574 7
a 97 44 7
a 97 583 9
a 97 676 1
a 98 437 4
a 98 565 1
a 99 617 1
a 100 603 9
a 101 139 10
a 101 375 4
a 101 620 10
a 101 658 6
a 102 656 4
a 103 547 3
a 104 231 6
a 104 297 9
a 104 482 4
a 104 568 7
a 105 369 1
a 105 652 4
a 106 696 4
a 107 42 10
a 107 519 5
a 108 73 4
a 109 330 9
a 110 40 1
a 111 387 9
a 111 481 3
a 112 209 6
a 112 216 2
a 112 461 3
a 113 247 3
a 113 289 7
a 114 297 4
a 114 381 6
a 114 686 2
a 115 238 2
a 115 251 10
a 115 259 10
a 116 15 2
a 116 362 9
a 116 458 3
a 117 274 6
a 117 482 8
a 117 663 5
a 118 195 10
a 118 265 6
a 119 524 8
a 119 543 9
a 120 366 10
a 121 26 6
a 122 235 4
a 122 305 6
a 123 164 3
a 123 540 5
a 124 290 3
a 124 516 1
a 124 540 7
a 124 662 4
a 125 539 5
a 125 563 5
a 125 605 3
a 126 200 7
a 126 392 1
a 127 9 9
a 127 309 4
a 128 90 8
a 129 157 9
a 129 277 8
a 129 429 6
a 130 11 6
a 130 148 4
a 130 380 5
a 131 155 8
a 131 559 4
a 132 269 9
a 132 351 3
a 132 690 5
a 133 65 3
a 133 260 8
a 133 311 10
a 133 526 4
a 134 202 10
a 134 482 10
a 135 81 6
a 136 293 1
a 136 430 8
a 136 668 10
a 137 229 2
a 137 700 7
a 138 18 2
a 138 264 1
a 139 234 4
a 139 560 3
a 139 632 10
a 140 255 10
a 140 430 2
a 140 682 8
a 141 199 1
a 141 292 10
a 142 400 9
a 143 276 9
a 143 391 7
a 143 664 7
a 144 17 5
a 144 189 9
a 144 314 5
a 145 458 7
a 146 200 10
a 147 486 10
a 147 558 2
a 148 88 7
a 149 406 10
a 149 490 1
a 150 19 1
a 150 255 2
a 150 593 5
a 151 530 10
a 152 160 2
a 152 640 9
a 153 233 9
a 153 450 3
a 153 582 8
a 154 470 4
a 154 496 9
a 155 546 1
a 156 563 4
a 157 104 9
a 157 310 2
a 158 191 8
a 159 545 1
a 160 598 8
a 161 313 9
a 162 216 5
a 162 313 9
a 163 219 7
a 164 52 4
a 164 594 8
a 164 697 8
a 165 8 4
a 166 381 10
a 166 406 3
a 167 623 4
a 168 107 3
a 168 248 4
a 169 545 10
a 169 599 4
a 170 41 5
a 170 45 8
a 170 283 3
a 170 458 2
a 170 483 3
a 171 638 4
a 172 76 7
a 172 395 10
a 173 87 7
a 173 609 10
a 174 354 6
a 174 438 8
a 175 488 5
a 176 88 1
a 176 278 1
a 176 451 3
a 176 637 5
a 177 16 10
a 177 50 3
a 177 140 6
a 178 428 10
a 179 474 8
a 180 431 9
a 180 605 2
a 181 507 4
a 182 607 5
a 182 623 1
a 183 171 1
a 183 325 9
a 183 472 7
a 184 296 2
a 184 537 3
a 184 684 8
a 185 515 4
a 185 668 10
a 186 120 9
a 186 604 4
a 187 22 1
a 188 589 1
a 189 488 7
a 190 402 4
a 191 54 2
a 191 116 5
a 191 681 7
a 192 466 7
a 193 300 1
a 194 282 9
a 194 636 7
a 195 80 9
a 195 167 5
a 195 488 2
a 196 49 2
a 196 178 7
a 196 184 4
a 196 436 1
a 197 374 9
a 198 29 6
a 198 215 10
a 198 567 2
a 199 32 10
a 199 369 7
a 200 130 1
a 201 389 4
a 201 484 8
a 202 444 8
a 202 690 10
a 203 384 6
a 204 322 10
a 205 60 4
a 205 305 6
a 205 355 2
a 205 564 2
a 205 629 9
a 206 182 1
a 206 553 3
a 207 151 6
a 208 700 3
a 209 203 1
a 209 384 10
a 209 480 3
a 209 631 2
a 210 13 5
a 211 359 7
a 211 643 9
a 212 286 4
a 212 308 8
a 213 51 3
a 213 246 8
a 214 210 7
a 214 594 2
a 215 38 3
a 215 660 5
a 216 21 6
a 216 59 4
a 216 371 1
a 216 417 2
a 216 476 1
a 217 335 6
a 218 548 8
a 219 536 9
a 219 597 10
a 220 40 9
a 220 111 2
a 221 419 10
a 221 646 2
a 222 128 2
a 223 11 10
a 223 658 7
a 224 599 1
a 225 135 5
a 225 630 9
a 226 614 3
a 227 383 9
a 227 455 8
a 227 465 2
a 228 25 3
a 228 90 8
a 228 260 2
a 229 370 6
a 229 652 9
a 230 262 8
a 231 477 4
a 231 654 1
a 232 509 3
a 232 649 2
a 233 21 3
a 233 602 6
a 234 211 2
a 234 378 7
a 235 523 3
a 236 271 8
a 236 550 10
a 237 149 2
a 238 394 2
a 238 569 10
a 239 246 1
a 239 438 4
a 240 159 2
a 240 572 8
a 241 96 2
a 241 657 9
a 242 163 3
a 243 242 1
a 243 282 3
a 243 444 7
a 243 535 1
a 244 270 8
a 244 507 4
a 245 283 1
a 246 604 10
a 246 644 7
a 247 399 4
a 248 133 2
a 248 153 3
a 249 3 1
a 249 224 3
a 249 402 6
a 250 79 8
a 250 343 4
a 251 48 2
a 251 136 7
a 252 183 7
a 252 413 6
a 253 293 2
a 253 633 9
a 254 37 6
a 254 570 9
a 255 287 5
a 255 675 2
a 256 88 7
a 257 43 7
a 258 572 9
a 259 70 7
a 260 528 8
a 261 222 2
a 261 574 4
a 261 590 9
a 262 199 8
a 263 242 5
a 264 124 10
a 264 411 2
a 265 631 6
a 266 50 10
a 266 374 10
a 266 690 6
a 267 134 2
a 267 361 3
a 268 36 6
a 268 137 3
a 268 427 7
a 268 475 8
a 268 498 6
a 269 409 6
a 270 584 3
a 271 154 9
a 271 175 8
a 271 582 7
a 272 420 4
a 272 517 3
a 273 638 3
a 274 642 10
a 274 643 9
a 275 69 2
a 275 226 6
a 275 340 4
a 276 121 4
a 277 192 4
a 277 340 3
a 277 372 4
a 278 611 3
a 279 503 7
a 279 622 6
a 279 658 2
a 280 245 1
a 280 455 4
a 280 517 7
a 281 671 2
a 282 441 5
a 283 109 6
a 284 309 10
a 285 634 1
a 285 666 1
a 286 179 6
a 287 396 3
a 287 500 6
a 287 591 5
a 287 610 7
a 287 647 1
a 288 381 10
a 289 71 1
a 290 562 2
a 291 346 3
a 291 548 8
a 292 299 6
a 293 261 7
a 293 562 4
a 294 229 9
a 294 296 5
a 295 48 9
a 295 164 5
a 295 600 7
a 295 617 10
a 296 241 7
a 296 616 1
a 296 650 4
a 297 134 9
a 298 67 9
a 298 219 1
a 299 158 4
a 299 281 4
a 300 56 2
a 300 78 4
a 300 245 1
a 300 295 6
a 301 555 10
a 302 463 5
a 302 693 5
a 303 89 7
a 304 253 7
a 304 339 8
a 304 480 6
a 305 565 9
a 306 92 9
a 306 218 8
a 307 106 2
a 307 523 3
a 308 360 8
a 309 501 2
a 310 36 5
a 311 141 6
a 312 303 9
a 312 508 6
a 313 121 3
a 313 418 7
a 313 510 2
a 313 528 1
a 314 260 1
a 315 5 1
a 315 123 5
a 316 304 8
a 316 536 8
a 317 229 7
a 317 638 5
a 318 226 6
a 318 487 7
a 319 173 10
a 320 278 8
a 320 557 3
a 321 125 6
a 322 26 4
a 323 224 1
a 324 141 2
a 324 204 10
a 324 462 10
a 325 47 2
a 325 187 9
a 325 221 6
a 325 433 6
a 325 519 5
a 325 551 1
a 326 255 2
a 326 544 2
a 327 189 7
a 328 58 2
a 328 131 2
a 328 252 6
a 328 435 10
a 329 166 5
a 329 177 4
a 330 185 10
a 330 285 7
a 330 349 1
a 331 170 5
a 332 66 8
a 332 327 9
a 332 431 4
a 332 477 7
a 333 84 4
a 333 254 10
a 334 672 4
a 335 91 10
a 335 642 10
a 336 147 1
a 336 335 8
a 336 446 3
a 336 578 1
a 337 499 3
a 337 556 3
a 338 18 6
a 338 225 7
a 339 320 4
a 339 397 4
a 340 9 6
a 340 131 2
a 341 194 10
a 341 298 3
a 341 651 5
a 342 8 10
a 342 24 1
a 342 182 5
a 342 493 6
a 343 73 7
a 343 74 1
a 344 361 3
a 344 376 4
a 345 163 2
a 345 443 9
a 346 210 8
a 347 511 5
a 348 26 10
a 348 363 8
a 349 646 7
a 350 163 10
a 350 364 3
a 350 452 9
a 351 38 10
a 352 27 4
a 353 79 7
a 353 659 1
a 354 152 4
a 354 285 10
a 355 208 6
a 356 439 9
a 356 521 3
a 356 561 4
a 357 213 2
a 357 674 6
a 358 14 5
a 358 220 4
a 358 573 7
a 358 685 9
a 359 103 5
a 359 486 7
a 359 522 5
a 359 535 1
a 359 656 1
a 360 168 5
a 361 584 7
a 362 71 8
a 363 477 8
a 364 569 4
a 364 696 3
a 365 542 7
a 366 519 9
a 367 102 3
a 368 78 10
a 368 161 4
a 368 457 1
a 368 677 10
a 369 268 4
a 370 333 5
a 371 85 6
a 371 129 1
a 371 171 6
a 371 580 9
a 371 622 8
a 372 3 8
a 372 55 1
a 373 353 5
a 374 321 7
a 375 346 6
a 375 358 7
a 376 539 7
a 376 664 9
a 377 243 1
a 377 321 8
a 377 534 7
a 378 76 10
a 378 97 4
a 378 273 6
a 379 207 3
a 379 587 4
a 379 603 3
a 379 627 8
a 380 458 4
a 381 128 3
a 381 453 2
a 381 661 8
a 382 144 7
a 382 527 3
a 383 30 8
a 383 102 2
a 383 549 8
a 384 502 1
a 385 671 3
a 385 696 1
a 386 311 4
a 386 597 9
a 387 199 2
a 387 390 8
a 388 160 3
a 389 317 10
a 389 463 4
a 390 200 3
a 390 256 8
a 390 371 8
a 391 184 4
a 392 499 1
a 393 45 2
a 393 463 9
a 394 172 10
a 394 291 4
a 394 532 4
a 395 56 8
a 396 77 2
a 396 504 9
a 396 590 2
a 397 502 1
a 398 407 10
a 398 572 1
a 399 235 4
a 400 247 10
a 400 636 7
a 400 648 8
a 401 323 1
a 401 507 4
a 402 144 8
a 402 358 3
a 402 408 4
a 402 444 6
a 403 34 3
a 403 177 6
a 403 307 4
a 403 572 6
a 404 236 7
a 404 270 10
a 404 288 7
a 405 375 9
a 406 163 8
a 406 511 5
a 407 271 2
a 407 677 5
a 408 93 3
a 408 168 6
a 408 555 7
a 409 291 7
a 409 330 2
a 410 19 10
a 410 113 3
a 411 3 5
a 411 240 4
a 412 9 3
a 412 391 2
a 413 338 9
a 413 631 4
a 414 344 7
a 414 475 5
a 415 268 5
a 415 588 4
a 415 672 2
a 416 674 4
a 417 327 6
a 418 365 9
a 419 515 3
a 420 31 5
a 420 321 4
a 420 581 2
a 421 360 8
a 421 547 1
a 422 594 3
a 423 694 7
a 424 116 4
a 425 665 6
a 426 204 3
a 426 414 3
a 427 204 10
a 428 286 4
a 429 252 4
a 430 422 10
a 430 513 5
a 430 651 9
a 431 615 9
a 432 354 2
a 432 390 6
a 432 506 4
a 433 615 4
a 434 5 5
a 434 83 7
a 434 216 10
a 434 675 5
a 435 310 2
a 435 469 2
a 435 625 3
a 436 119 5
a 436 381 3
a 436 583 1
a 437 79 3
a 437 208 10
a 438 296 7
a 438 604 5
a 439 341 8
a 439 436 10
a 439 648 7
a 440 196 7
a 440 199 3
a 440 392 1
a 441 105 4
a 441 653 5
a 442 369 5
a 443 10 4
a 443 404 8
a 444 40 5
a 444 579 7
a 445 37 7
a 445 92 2
a 446 374 4
a 446 388 9
a 447 318 7
a 447 427 9
a 447 657 9
a 448 43 4
a 448 161 7
a 449 9 5
a 449 301 10
a 449 698 10
a 450 252 7
a 450 404 8
a 451 444 8
a 451 632 7
a 452 290 8
a 452 331 10
a 453 499 10
a 453 696 4
a 454 393 6
a 454 641 4
a 455 46 5
a 455 373 3
a 455 400 8
a 456 62 9
a 456 632 6
a 457 55 4
a 457 319 10
a 458 555 6
a 459 235 3
a 459 592 9
a 460 382 7
a 460 555 2
a 461 231 6
a 461 538 8
a 462 212 8
a 463 280 7
a 463 495 2
a 464 353 8
a 464 424 10
a 464 456 5
a 465 131 4
a 465 484 8
a 466 419 1
a 467 292 7
a 468 33 2
a 468 441 5
a 468 642 7
a 469 672 9
a 470 93 6
a 470 301 3
a 471 357 9
a 471 587 7
a 472 410 3
a 472 634 4
a 472 694 9
a 473 161 10
a 474 211 3
a 474 342 2
a 475 70 8
a 475 265 4
a 475 586 4
a 476 121 6
a 476 224 8
a 477 75 3
a 477 483 3
a 478 84 1
a 478 196 2
a 479 304 7
a 479 368 1
a 479 474 9
a 480 4 9
a 481 477 6
a 481 482 3
a 482 356 2
a 482 477 9
a 483 142 9
a 483 169 7
a 484 120 4
a 484 150 9
a 484 603 3
a 485 449 6
a 485 498 4
a 486 384 6
a 486 495 10
a 486 571 3
a 487 610 6
a 488 203 7
a 489 63 10
a 489 348 7
a 489 440 10
a 489 635 5
a 490 374 8
a 490 403 4
a 491 607 4
a 491 672 3
a 492 217 10
a 492 559 10
a 493 317 9
a 494 223 2
a 494 240 8
a 494 685 5
a 495 158 5
a 495 280 6
a 495 637 5
a 496 219 4
a 496 630 2
a 496 688 4
a 497 569 7
a 498 396 4
a 499 4 2
a 500 92 4
a 500 170 9
a 500 524 4
a 501 160 4
a 501 545 10
a 502 393 8
a 503 124 8
a 504 589 2
a 505 662 7
a 506 334 5
a 506 378 5
a 507 85 3
a 507 505 3
a 508 190 3
a 508 672 4
a 509 142 8
a 509 149 2
a 509 473 4
a 509 641 2
a 510 246 4
a 510 497 7
a 511 407 10
a 511 491 3
a 511 609 9
a 512 3 2
a 513 278 3
a 514 154 6
a 514 228 4
a 514 495 3
a 515 549 2
a 515 688 10
a 516 449 6
a 516 541 6
a 517 471 4
a 517 588 3
a 518 73 6
a 518 686 10
a 519 333 9
a 519 412 8
a 519 575 6
a 520 556 7
a 521 32 2
a 521 335 5
a 521 531 8
a 522 167 8
a 523 37 6
a 523 479 6
a 524 133 6
a 525 450 3
a 526 91 3
a 526 225 3
a 527 145 9
a 527 173 4
a 527 529 9
a 528 526 8
a 529 630 4
a 530 86 2
a 530 228 10
a 530 249 6
a 530 423 2
a 531 67 6
a 532 114 10
a 532 611 6
a 533 98 3
a 533 198 9
a 533 695 10
a 534 437 10
a 535 40 2
a 535 127 3
a 535 188 10
a 535 238 7
a 536 337 7
a 537 2 6
a 537 643 7
a 538 192 5
a 538 206 4
a 539 502 5
a 539 526 3
a 540 94 9
a 540 180 2
a 541 39 2
a 541 157 4
a 541 419 1
a 542 124 9
a 542 261 1
a 542 440 8
a 543 582 4
a 544 183 2
a 544 189 2
a 544 399 1
a 544 425 7
a 544 525 7
a 544 539 1
a 545 186 7
a 545 317 2
a 546 7 7
a 546 27 6
a 546 48 5
a 546 598 9
a 547 187 9
a 547 625 3
a 548 391 5
a 549 10 3
a 549 239 8
a 550 389 2
a 550 541 1
a 551 385 8
a 551 627 3
a 552 210 7
a 553 386 10
a 553 549 6
a 553 606 9
a 554 263 1
a 555 325 8
a 555 379 4
a 556 30 7
a 556 205 9
a 556 267 7
a 557 172 5
a 558 617 10
a 559 662 5
a 560 111 7
a 560 377 7
a 561 130 6
a 561 456 2
a 562 91 4
a 562 185 2
a 562 327 1
a 562 369 5
a 562 667 9
a 563 92 10
a 563 589 9
a 563 649 1
a 564 244 1
a 565 100 8
a 566 193 5
a 566 277 5
a 566 312 10
a 566 459 7
a 567 327 1
a 568 235 3
a 568 689 8
a 569 591 10
a 569 615 5
a 570 655 4
a 571 682 8
a 572 341 2
a 572 621 8
a 572 678 9
a 573 106 5
a 574 141 9
a 574 230 6
a 575 493 1
a 575 685 7
a 576 371 6
a 577 68 2
a 577 174 1
a 578 641 3
a 579 299 1
a 579 565 3
a 580 506 8
a 580 613 6
a 580 638 10
a 581 121 4
a 582 641 8
a 583 666 6
a 584 139 3
a 584 530 10
a 585 212 6
a 585 236 8
a 585 325 1
a 585 363 10
a 586 78 10
a 586 334 7
a 587 125 4
a 587 132 9
a 587 357 9
a 587 467 8
a 587 624 9
a 588 316 1
a 588 470 5
a 589 53 10
a 589 79 4
a 590 651 6
a 591 77 1
a 591 587 6
a 592 57 6
a 592 100 1
a 593 191 9
a 593 332 8
a 594 28 4
a 594 284 4
a 594 345 10
a 594 596 9
a 595 84 7
a 595 400 6
a 596 684 7
a 597 181 2
a 597 415 6
a 597 666 2
a 598 12 9
a 598 101 7
a 599 68 10
a 599 508 8
a 599 558 8
a 600 111 7
a 600 575 3
a 600 628 6
a 600 665 2
a 601 101 5
a 601 147 10
a 602 20 1
a 602 223 4
a 602 251 9
a 602 324 8
a 603 348 6
a 604 44 3
a 604 337 3
a 605 322 5
a 606 132 5
a 607 205 3
a 607 266 3
a 607 322 9
a 608 637 7
a 609 166 4
a 609 447 3
a 610 329 2
a 610 565 9
a 611 98 9
a 611 227 10
a 612 67 8
a 612 263 8
a 613 88 5
a 613 89 2
a 614 221 8
a 614 488 9
a 614 497 4
a 615 491 1
a 616 473 4
a 617 142 4
a 617 179 1
a 618 220 9
a 619 120 3
a 619 397 4
a 620 29 8
a 620 39 9
a 620 492 5
a 621 535 2
a 622 105 5
a 622 599 10
a 622 616 7
a 623 350 6
a 623 546 9
a 624 233 1
a 624 679 10
a 625 196 5
a 625 275 8
a 626 297 5
a 627 97 3
a 627 195 1
a 627 197 6
a 627 432 6
a 627 529 7
a 628 330 4
a 628 441 2
a 629 627 6
a 630 8 9
a 630 192 4
a 631 519 6
a 632 94 4
a 632 313 8
a 633 123 1
a 633 576 3
a 634 680 9
a 635 44 5
a 635 81 8
a 635 146 6
a 636 26 4
a 637 532 4
a 638 250 1
a 638 272 4
a 638 591 4
a 638 691 10
a 639 29 7
a 639 295 3
a 639 691 7
a 640 95 6
a 640 418 2
a 641 458 1
a 641 616 9
a 642 142 6
a 642 257 1
a 642 514 9
a 643 181 1
a 644 6 1
a 644 120 9
a 645 675 10
a 646 78 4
a 646 108 10
a 646 413 5
a 647 23 9
a 647 57 4
a 647 126 2
a 647 315 4
a 647 434 5
a 648 18 6
a 648 130 2
a 649 304 10
a 650 306 4
a 650 474 3
a 650 662 3
a 651 254 2
a 652 154 1
a 652 468 7
a 652 688 3
a 653 272 1
a 654 363 7
a 655 191 1
a 655 214 1
a 655 340 4
a 656 333 4
a 657 113 9
a 658 142 7
a 658 496 1
a 659 247 9
a 660 360 8
a 661 56 2
a 661 655 9
a 662 153 3
a 662 648 2
a 663 577 1
a 663 621 6
a 664 218 10
a 664 347 10
a 664 673 3
a 665 238 4
a 665 262 8
a 666 383 6
a 667 232 9
a 667 284 3
a 667 423 4
a 668 421 6
a 668 556 5
a 669 151 10
a 669 577 2
a 670 143 2
a 671 365 6
a 671 401 5
a 672 258 6
a 673 337 3
a 673 523 1
a 674 202 2
a 675 115 1
a 675 460 4
a 675 607 8
a 676 174 6
a 677 275 10
a 678 143 3
a 678 366 4
a 679 172 2
a 679 367 9
a 680 99 8
a 680 176 6
a 681 538 7
a 682 233 1
a 683 578 10
a 684 491 9
a 685 45 8
a 685 670 10
a 686 82 4
a 686 613 2
a 687 460 4
a 688 115 6
a 688 506 10
a 689 528 4
a 690 99 8
a 690 439 6
a 690 700 8
a 691 213 2
a 692 174 1
a 693 100 10
a 693 445 6
a 693 614 5
a 694 89 7
a 695 80 6
a 695 584 3
a 695 669 4
a 696 168 8
a 697 28 5
a 698 290 10
a 699 119 3
