p max 700 1400
n 1 s
n 700 t
a 1 106 7
a 2 294 3
a 3 111 5
a 4 31 4
a 4 688 9
a 5 643 6
a 6 147 2
a 6 203 4
a 6 463 7
a 7 111 9
a 7 536 1
a 8 234 10
a 8 306 8
a 8 397 5
a 8 432 6
a 8 515 7
a 9 549 1
a 9 584 1
a 10 204 9
a 11 633 8
a 12 204 6
a 12 621 7
a 13 662 5
a 14 423 5
a 15 2 10
a 15 439 3
a 15 557 7
a 16 260 10
a 16 349 9
a 16 368 8
a 16 374 10
a 17 141 6
a 18 162 3
a 18 591 10
a 19 336 7
a 19 394 8
a 20 547 2
a 20 673 5
a 21 4 6
a 21 440 2
a 21 661 1
a 22 5 2
a 22 247 10
a 23 433 8
a 23 610 6
a 24 648 10
a 25 154 4
a 25 187 1
a 26 147 2
a 27 152 4
a 27 255 6
a 28 187 5
a 29 185 4
a 29 558 9
a 30 247 8
a 30 590 10
a 31 612 6
a 32 184 7
a 32 593 9
a 33 235 8
a 33 572 5
a 33 694 5
a 34 647 5
a 34 683 3
a 35 40 2
a 35 120 7
a 36 227 9
a 36 311 9
a 36 665 2
a 37 185 2
a 38 188 8
a 38 574 6
a 39 58 4
a 39 251 10
a 39 630 1
a 40 517 5
a 40 523 2
a 40 649 7
a 41 137 6
a 41 373 7
a 42 158 3
a 42 680 8
a 43 17 4
a 44 122 2
a 44 160 1
a 44 375 9
a 45 179 5
a 46 99 7
a 47 233 1
a 47 339 5
a 47 525 10
a 48 168 1
a 48 546 1
a 49 534 4
a 49 629 7
a 50 672 5
a 51 379 7
a 51 569 4
a 52 268 2
a 52 431 3
a 52 551 6
a 53 298 1
a 54 25 2
a 54 616 1
a 55 83 6
a 55 240 6
a 55 345 7
a 56 59 9
a 57 51 10
a 58 120 3
a 58 586 7
a 59 223 1
a 60 91 1
a 60 466 7
a 60 675 5
a 61 352 7
a 61 648 2
a 62 499 1
a 62 695 8
a 63 345 3
a 64 152 10
a 64 419 7
a 64 508 6
a 64 575 2
a 64 637 1
a 65 658 2
a 66 373 7
a 66 594 7
a 67 97 1
a 67 492 7
a 67 685 4
a 68 101 4
a 68 623 9
a 69 123 9
a 69 602 7
a 70 581 10
a 71 354 5
a 72 491 8
a 73 226 3
a 74 214 6
a 74 419 5
a 75 638 1
a 76 524 9
a 76 540 9
a 77 700 4
a 78 80 6
a 78 213 6
a 78 342 4
a 79 481 1
a 80 69 2
a 81 167 7
a 82 70 10
a 83 472 4
a 84 100 3
a 84 109 6
a 84 480 8
a 84 617 8
a 85 24 4
a 85 538 7
a 86 258 7
a 86 497 2
a 87 11 5
a 87 128 7
a 87 654 8
a 88 73 5
a 89 124 5
a 89 321 3
a 89 594 1
a 90 313 3
a 91 480 5
a 92 146 7
a 92 192 10
a 92 598 2
a 93 288 10
a 93 672 2
a 94 481 4
a 94 486 7
a 94 516 3
a 95 589 6
a 96 21 6
a 96 118 9
a 96 359 6
a 97 159 10
a 97 262 5
a 97 267 9
a 97 379 7
a 97 621 4
a 98 466 4
a 98 511 9
a 99 281 8
a 100 7 8
a 100 44 10
a 101 282 9
a 102 266 6
a 103 233 6
a 103 287 1
a 103 452 1
a 104 451 2
a 104 497 4
a 105 175 1
a 105 547 4
a 106 437 7
a 106 648 5
a 107 403 9
a 107 520 1
a 108 3 4
a 108 321 9
a 108 438 7
a 109 298 2
a 110 27 10
a 110 369 8
a 110 612 5
a 110 656 4
a 111 280 5
a 111 358 5
a 111 488 3
a 112 634 6
a 113 105 6
a 113 684 8
a 114 76 2
a 114 100 5
a 115 474 8
a 115 679 3
a 116 22 7
a 117 140 6
a 118 103 8
a 118 562 1
a 118 567 9
a 119 24 7
a 120 164 8
a 120 199 4
a 121 176 4
a 121 443 6
a 121 695 7
a 122 181 3
a 122 266 8
a 123 409 8
a 124 186 7
a 124 405 5
a 125 162 10
a 126 271 3
a 126 406 9
a 126 603 9
a 126 635 3
a 127 168 4
a 128 166 2
a 129 266 8
a 129 555 9
a 129 663 9
a 130 83 8
a 130 243 2
a 130 314 2
a 131 132 4
a 131 665 3
a 132 126 1
a 132 210 7
a 132 233 10
a 132 564 2
a 133 22 3
a 134 162 1
a 134 371 1
a 135 56 7
a 136 556 8
a 137 622 3
a 137 626 3
a 138 327 4
a 139 612 2
a 140 62 8
a 140 660 5
a 141 157 10
a 141 186 5
a 142 186 1
a 143 309 1
a 143 367 7
a 143 636 9
a 144 319 9
a 144 361 3
a 145 134 3
a 145 197 7
a 145 229 9
a 146 45 8
a 146 621 2
a 147 163 2
a 148 260 1
a 148 409 9
a 149 45 5
a 149 87 8
a 149 196 10
a 149 341 3
a 150 269 8
a 150 528 4
a 151 359 3
a 151 530 4
a 152 189 2
a 152 404 7
a 153 79 7
a 153 231 5
a 153 411 1
a 153 543 6
a 153 667 10
a 154 239 1
a 155 489 4
a 155 617 10
a 156 193 9
a 156 362 5
a 157 472 10
a 157 493 8
a 157 639 1
a 158 52 5
a 158 128 3
a 158 478 8
a 158 598 5
a 159 521 3
a 159 563 10
a 159 666 3
a 160 34 3
a 161 85 4
a 161 232 3
a 161 545 4
a 162 9 6
a 162 37 2
a 162 548 5
a 163 516 7
a 164 362 8
a 165 587 5
a 166 116 8
a 166 170 5
a 167 261 6
a 168 616 7
a 168 629 1
a 169 639 7
a 170 669 3
a 171 323 5
a 172 54 1
a 172 424 3
a 172 681 4
a 173 272 1
a 174 188 2
a 174 388 2
a 174 660 5
a 175 220 10
a 176 61 8
a 176 582 4
a 177 266 6
a 177 455 10
a 178 403 2
a 179 82 8
a 179 297 2
a 180 609 5
a 181 88 7
a 182 138 5
a 183 354 1
a 183 462 4
a 183 484 9
a 184 318 4
a 184 519 8
a 184 576 6
a 185 100 8
a 186 332 9
a 186 385 3
a 187 18 7
a 187 171 5
a 187 219 8
a 187 295 8
a 187 611 5
a 188 539 4
a 188 700 8
a 189 81 5
a 189 284 5
a 190 23 7
a 190 26 5
a 190 145 1
a 191 207 9
a 191 244 4
a 191 274 6
a 191 342 10
a 192 288 10
a 193 242 5
a 194 52 9
a 194 614 4
a 194 636 9
a 195 12 8
a 196 447 8
a 197 553 5
a 198 103 9
a 199 161 6
a 199 610 5
a 200 50 1
a 200 461 6
a 201 8 4
a 201 212 9
a 201 253 3
a 201 429 10
a 201 596 10
a 202 38 6
a 203 253 8
a 204 342 7
a 205 53 1
a 205 530 3
a 206 13 3
a 206 271 1
a 206 314 8
a 206 512 10
a 207 91 2
a 207 133 7
a 207 193 9
a 207 536 1
a 208 106 9
a 209 146 3
a 210 76 3
a 210 215 8
a 211 528 7
a 212 216 4
a 212 363 5
a 212 632 9
a 213 111 8
a 214 353 9
a 215 442 10
a 216 91 9
a 216 360 5
a 216 469 6
a 217 381 6
a 217 544 5
a 218 45 5
a 218 46 1
a 218 540 7
a 219 190 9
a 219 382 9
a 220 143 3
a 220 400 6
a 221 671 5
a 222 65 8
a 223 25 7
a 223 77 7
a 223 545 3
a 224 439 6
a 224 613 2
a 225 217 4
a 226 446 10
a 226 682 1
a 227 20 5
a 227 291 5
a 228 333 9
a 228 567 1
a 229 63 8
a 229 447 7
a 229 583 4
a 230 255 6
a 231 204 7
a 231 435 6
a 232 135 7
a 232 421 6
a 232 618 2
a 232 680 9
a 232 696 10
a 233 66 9
a 233 357 1
a 234 149 7
a 235 96 8
a 235 197 6
a 236 29 5
a 236 373 4
a 236 392 5
a 236 537 6
a 237 488 6
a 238 131 8
a 238 204 3
a 238 638 10
a 239 98 4
a 239 118 8
a 239 158 4
a 239 307 7
a 239 361 6
a 240 242 6
a 240 390 7
a 240 700 3
a 241 119 10
a 241 283 1
a 241 289 9
a 242 382 3
a 242 629 6
a 243 204 2
a 244 60 6
a 244 68 8
a 244 330 4
a 244 533 3
a 245 462 1
a 246 458 9
a 246 536 6
a 247 47 5
a 247 371 1
a 248 185 4
a 248 346 1
a 249 78 9
a 249 351 3
a 250 493 2
a 251 14 8
a 251 92 7
a 251 308 10
a 252 321 6
a 253 180 4
a 253 570 4
a 254 187 9
a 254 577 6
a 255 86 6
a 255 114 2
a 256 345 2
a 257 233 9
a 257 282 6
a 258 279 4
a 258 286 10
a 259 64 7
a 260 379 10
a 260 507 3
a 260 687 1
a 261 265 9
a 262 2 1
a 262 292 3
a 263 184 10
a 263 281 6
a 263 505 5
a 263 689 10
a 264 375 4
a 264 500 7
a 264 551 7
a 265 206 10
a 266 549 3
a 267 567 2
a 267 677 4
a 268 49 3
a 268 658 2
a 269 319 10
a 270 332 10
a 270 541 8
a 271 631 7
a 272 94 6
a 273 57 6
a 273 447 3
a 274 393 1
a 274 472 7
a 275 619 3
a 276 389 8
a 276 553 3
a 276 571 8
a 277 34 5
a 277 115 6
a 277 544 9
a 278 416 10
a 279 267 6
a 280 17 8
a 280 153 4
a 280 439 3
a 280 597 2
a 280 614 6
a 281 403 6
a 281 460 5
a 282 48 9
a 282 110 8
a 283 168 4
a 283 607 6
a 284 123 8
a 284 397 5
a 285 139 10
a 286 74 3
a 286 75 1
a 287 401 1
a 288 106 10
a 288 537 6
a 289 608 6
a 290 244 7
a 290 331 9
a 291 80 1
a 292 287 8
a 293 385 7
a 293 608 1
a 293 678 6
a 294 24 4
a 294 330 7
a 295 334 3
a 296 53 5
a 296 252 1
a 296 665 6
a 297 419 5
a 297 580 1
a 298 229 1
a 299 65 4
a 299 662 10
a 300 89 9
a 300 231 4
a 300 284 9
a 301 64 9
a 302 289 10
a 302 315 10
a 303 92 7
a 303 426 9
a 304 106 8
a 304 556 9
a 305 32 10
a 305 416 5
a 306 70 9
a 306 228 3
a 307 162 3
a 307 526 6
a 308 108 3
a 308 296 5
a 309 69 3
a 309 111 5
a 309 200 4
a 309 633 9
a 310 391 7
a 310 543 8
a 311 202 9
a 312 220 10
a 313 596 7
a 314 431 2
a 314 622 2
a 315 440 8
a 315 491 8
a 316 156 1
a 316 357 5
a 317 130 1
a 317 343 2
a 317 559 6
a 318 410 3
a 319 472 5
a 319 663 1
a 320 423 4
a 321 269 3
a 322 214 5
a 322 325 5
a 322 565 10
a 323 96 3
a 323 327 2
a 323 340 3
a 324 127 4
a 324 456 4
a 325 11 9
a 325 35 7
a 326 183 4
a 326 265 5
a 326 410 5
a 326 600 8
a 326 615 8
a 326 621 7
a 327 431 7
a 328 25 3
a 328 209 9
a 328 473 3
a 328 476 10
a 329 403 5
a 329 415 7
a 330 77 5
a 330 584 1
a 331 693 1
a 332 36 4
a 333 174 7
a 333 340 7
a 333 606 6
a 334 113 10
a 334 239 7
a 334 479 3
a 335 433 2
a 335 450 2
a 335 592 7
a 336 572 8
a 337 453 9
a 337 575 5
a 338 194 10
a 338 227 1
a 339 366 9
a 340 535 3
a 340 579 7
a 341 24 7
a 341 362 3
a 342 87 9
a 342 475 9
a 343 567 6
a 343 586 9
a 343 620 3
a 344 575 10
a 344 606 6
a 345 527 1
a 345 686 8
a 345 696 4
a 346 320 2
a 346 458 3
a 346 532 8
a 347 240 2
a 347 503 3
a 348 263 4
a 348 485 10
a 348 691 3
a 349 164 10
a 350 699 6
a 351 250 3
a 351 368 10
a 352 119 3
a 352 206 7
a 352 545 9
a 353 16 2
a 354 486 10
a 354 506 7
a 354 594 3
a 355 72 4
a 355 212 1
a 355 681 6
a 356 520 8
a 357 16 1
a 357 326 7
a 357 436 5
a 358 19 1
a 358 296 3
a 358 643 8
a 359 251 8
a 359 624 2
a 360 120 3
a 360 340 7
a 361 6 8
a 361 529 2
a 361 688 10
a 362 147 3
a 362 504 6
a 363 380 6
a 364 257 7
a 364 624 9
a 365 27 10
a 365 178 8
a 366 541 6
a 366 544 3
a 367 28 6
a 367 427 5
a 367 498 2
a 367 583 4
a 367 628 2
a 367 674 6
a 368 85 6
a 369 311 4
a 370 591 7
a 371 291 3
a 371 491 1
a 371 696 7
a 372 184 10
a 373 402 7
a 373 407 10
a 374 23 2
a 374 304 7
a 374 424 9
a 374 449 1
a 374 488 9
a 375 176 7
a 375 347 9
a 376 336 1
a 376 692 10
a 377 350 4
a 378 534 5
a 379 414 5
a 379 538 5
a 380 194 5
a 380 587 6
a 381 155 4
a 381 319 10
a 381 570 2
a 382 102 1
a 382 118 4
a 382 163 1
a 382 441 3
a 383 180 3
a 383 186 5
a 383 230 5
a 383 247 6
a 383 561 1
a 384 70 7
a 384 640 4
a 385 242 4
a 386 231 6
a 387 240 9
a 387 517 1
a 388 455 1
a 389 383 3
a 389 603 3
a 390 165 1
a 390 429 2
a 390 503 7
a 390 566 2
a 391 631 4
a 391 670 3
a 391 691 5
a 392 10 2
a 392 282 5
a 392 502 4
a 392 585 7
a 393 334 8
a 393 376 7
a 394 29 5
a 395 385 8
a 396 541 10
a 396 642 4
a 397 22 5
a 397 191 5
a 398 199 3
a 398 590 8
a 399 348 10
a 399 459 7
a 399 539 2
a 399 643 1
a 400 484 5
a 400 497 4
a 401 697 3
a 402 364 8
a 402 374 9
a 403 194 9
a 403 226 8
a 404 337 7
a 404 495 7
a 405 496 7
a 406 381 6
a 407 379 10
a 407 535 7
a 408 312 4
a 408 601 6
a 409 125 2
a 409 446 10
a 409 514 10
a 409 556 8
a 409 605 7
a 410 99 8
a 410 190 5
a 410 611 6
a 411 116 5
a 412 535 7
a 412 568 4
a 413 336 3
a 413 426 4
a 414 391 10
a 415 279 10
a 415 510 4
a 415 691 9
a 416 418 10
a 417 375 4
a 417 436 6
a 417 512 4
a 418 447 7
a 419 261 2
a 419 669 6
a 420 32 1
a 420 112 6
a 420 693 8
a 421 15 4
a 421 422 6
a 422 539 9
a 423 123 3
a 423 130 2
a 423 142 3
a 423 468 5
a 424 141 4
a 425 278 4
a 425 298 8
a 425 679 6
a 426 5 8
a 427 31 2
a 427 529 2
a 428 150 6
a 429 312 2
a 429 372 10
a 430 186 10
a 430 258 6
a 431 235 8
a 431 407 2
a 432 479 9
a 433 53 6
a 434 694 5
a 435 5 8
a 436 140 7
a 436 177 8
a 436 260 3
a 436 531 6
a 437 290 6
a 437 404 3
a 438 297 5
a 438 358 8
a 439 468 9
a 439 477 1
a 440 67 1
a 440 276 7
a 440 318 4
a 441 33 6
a 441 118 2
a 441 668 3
a 442 129 9
a 442 370 1
a 442 378 6
a 442 428 9
a 442 671 5
a 443 593 9
a 444 633 4
a 445 92 1
a 445 530 1
a 446 115 1
a 446 202 7
a 447 188 3
a 447 641 4
a 448 176 3
a 449 481 10
a 450 42 9
a 450 564 6
a 451 181 8
a 452 121 2
a 452 269 3
a 453 105 8
a 453 173 1
a 453 368 5
a 454 132 8
a 454 655 7
a 455 469 5
a 456 386 10
a 456 624 7
a 456 648 8
a 457 318 10
a 458 344 8
a 458 520 2
a 459 576 3
a 459 591 7
a 460 9 3
a 460 623 8
a 461 151 9
a 461 486 7
a 462 205 10
a 463 414 4
a 463 548 8
a 464 698 4
a 465 28 3
a 465 59 8
a 466 61 10
a 466 78 8
a 467 57 9
a 468 75 4
a 469 553 8
a 470 95 6
a 470 147 4
a 470 225 2
a 471 454 2
a 472 201 5
a 472 481 8
a 473 133 6
a 474 217 3
a 474 288 6
a 474 318 2
a 474 418 4
a 474 669 1
a 475 356 1
a 476 295 5
a 477 632 6
a 478 74 8
a 478 620 7
a 479 341 5
a 480 441 9
a 481 522 9
a 482 403 7
a 482 502 4
a 483 112 8
a 483 217 2
a 483 454 9
a 484 397 6
a 485 560 4
a 486 263 1
a 487 627 10
a 488 195 3
a 488 302 5
a 488 415 6
a 489 348 2
a 489 665 6
a 490 30 9
a 490 516 1
a 491 507 7
a 492 448 1
a 492 575 10
a 493 259 1
a 493 595 7
a 494 43 1
a 494 167 3
a 494 366 8
a 494 598 6
a 495 323 8
a 495 487 2
a 495 693 5
a 496 633 4
a 497 78 5
a 497 652 6
a 498 253 8
a 499 304 3
a 499 604 8
a 500 284 1
a 500 377 5
a 500 494 2
a 501 39 10
a 501 578 3
a 501 665 1
a 502 396 2
a 503 66 1
a 503 136 9
a 503 224 5
a 503 425 1
a 503 498 4
a 504 404 10
a 505 22 10
a 505 682 4
a 506 172 10
a 506 471 10
a 507 249 8
a 507 442 4
a 507 505 6
a 508 74 2
a 508 225 2
a 508 645 2
a 509 28 8
a 509 299 3
a 510 386 7
a 510 399 10
a 511 90 5
a 511 94 10
a 511 199 1
a 511 223 6
a 512 413 4
a 512 522 5
a 512 581 5
a 513 315 1
a 513 657 5
a 514 408 7
a 514 681 5
a 515 277 6
a 515 384 9
a 515 589 3
a 515 698 5
a 516 78 7
a 516 404 5
a 516 420 8
a 516 682 10
a 517 124 7
a 517 457 2
a 518 88 8
a 519 49 7
a 520 171 6
a 520 412 4
a 521 45 9
a 521 699 1
a 522 380 7
a 522 464 4
a 523 328 1
a 523 569 10
a 524 65 2
a 524 429 6
a 524 513 5
a 524 650 9
a 525 273 3
a 526 248 4
a 526 257 10
a 526 527 7
a 527 192 1
a 527 467 4
a 527 517 8
a 528 256 6
a 528 322 2
a 528 541 9
a 529 301 3
a 529 496 5
a 529 501 3
a 529 509 5
a 530 495 7
a 531 257 2
a 532 315 2
a 532 619 2
a 533 164 1
a 534 513 1
a 535 303 4
a 535 398 7
a 536 32 4
a 536 176 1
a 536 310 9
a 536 365 10
a 536 683 8
a 537 366 1
a 538 426 5
a 538 617 3
a 539 357 10
a 539 640 6
a 540 354 5
a 541 303 5
a 541 518 9
a 542 12 3
a 542 51 1
a 543 38 5
a 543 117 5
a 543 316 2
a 544 647 5
a 545 638 3
a 546 196 9
a 546 384 8
a 546 625 1
a 547 329 6
a 547 634 2
a 547 673 6
a 548 104 9
a 548 380 2
a 549 238 10
a 549 288 4
a 549 678 10
a 550 292 9
a 550 579 5
a 551 56 5
a 551 71 9
a 551 187 6
a 552 88 10
a 553 145 4
a 554 105 8
a 554 107 7
a 554 139 6
a 554 208 7
a 554 242 2
a 555 84 4
a 555 90 4
a 555 573 2
a 556 198 1
a 556 274 5
a 556 418 2
a 557 523 3
a 557 599 2
a 558 167 10
a 558 551 4
a 559 112 2
a 560 84 8
a 561 63 3
a 561 110 7
a 561 303 8
a 561 659 10
a 562 90 3
a 563 86 3
a 563 188 5
a 563 351 4
a 563 447 9
a 564 41 7
a 564 179 9
a 564 289 10
a 565 624 8
a 565 646 3
a 566 12 2
a 566 355 3
a 567 88 9
a 567 144 3
a 567 369 8
a 568 132 9
a 569 208 1
a 569 552 7
a 569 644 8
a 570 67 7
a 570 272 4
a 570 560 5
a 570 653 4
a 571 205 3
a 572 221 6
a 572 483 1
a 573 369 2
a 573 586 8
a 573 627 10
a 574 51 8
a 574 218 1
a 574 550 1
a 574 664 7
a 575 237 3
a 575 293 6
a 576 64 8
a 576 413 8
a 576 512 3
a 577 179 7
a 577 570 3
a 578 264 4
a 578 499 10
a 579 236 4
a 579 314 10
a 580 609 10
a 581 12 6
a 581 528 5
a 581 678 3
a 582 221 10
a 582 568 5
a 583 234 3
a 583 273 4
a 584 674 1
a 585 48 4
a 586 241 7
a 586 350 9
a 586 457 2
a 587 41 5
a 588 351 9
a 588 685 2
a 589 36 2
a 589 182 5
a 589 684 6
a 590 260 4
a 590 317 9
a 591 109 8
a 591 150 5
a 591 372 5
a 592 44 5
a 592 237 3
a 592 428 7
a 593 692 8
a 594 96 10
a 594 245 6
a 594 619 10
a 595 141 10
a 595 169 7
a 595 263 9
a 595 482 2
a 595 666 4
a 595 695 3
a 596 289 4
a 597 110 2
a 597 305 2
a 597 430 9
a 598 219 1
a 598 495 1
a 599 290 10
a 600 163 6
a 600 511 4
a 601 580 1
a 602 448 10
a 603 385 6
a 603 445 10
a 603 479 6
a 603 571 7
a 604 144 9
a 604 211 5
a 605 88 9
a 605 401 4
a 606 700 9
a 607 246 1
a 607 384 6
a 608 579 3
a 608 689 4
a 609 414 2
a 610 296 6
a 610 301 4
a 610 338 8
a 610 595 2
a 611 260 1
a 612 37 9
a 612 170 10
a 613 396 9
a 613 678 3
a 614 105 6
a 614 685 10
a 615 79 6
a 615 519 5
a 616 319 1
a 616 444 5
a 617 234 8
a 617 254 9
a 618 161 10
a 618 353 2
a 618 417 5
a 619 47 7
a 620 100 4
a 620 542 1
a 621 285 6
a 621 387 1
a 622 545 2
a 623 150 6
a 624 400 9
a 624 582 7
a 625 203 5
a 625 423 1
a 626 351 3
a 626 461 5
a 627 86 5
a 627 340 7
a 628 151 8
a 628 270 10
a 628 387 3
a 629 166 2
a 629 685 8
a 630 694 3
a 631 49 7
a 631 435 3
a 631 495 6
a 631 558 7
a 631 671 1
a 632 49 8
a 632 216 10
a 632 471 1
a 633 276 10
a 634 387 8
a 635 27 8
a 635 324 1
a 636 127 6
a 636 139 10
a 637 470 3
a 637 686 1
a 638 20 3
a 639 200 10
a 640 452 5
a 640 554 10
a 641 311 4
a 642 458 3
a 643 637 2
a 644 411 7
a 645 402 8
a 645 434 2
a 646 105 3
a 647 464 9
a 648 244 9
a 648 539 3
a 649 7 1
a 650 275 2
a 650 490 8
a 650 528 3
a 651 104 6
a 651 335 9
a 651 683 1
a 652 334 6
a 652 407 6
a 652 588 1
a 652 602 4
a 653 174 6
a 654 220 5
a 655 438 10
a 656 338 1
a 657 99 6
a 657 679 8
a 658 583 3
a 659 426 8
a 660 565 3
a 661 241 9
a 662 132 4
a 663 388 10
a 664 195 2
a 665 185 8
a 665 452 2
a 666 148 10
a 666 168 1
a 666 202 3
a 667 55 10
a 667 107 4
a 667 651 4
a 668 308 2
a 668 327 4
a 669 154 4
a 669 547 1
a 670 36 4
a 671 595 2
a 672 40 7
a 673 149 7
a 673 179 1
a 674 101 2
a 675 26 6
a 675 138 9
a 675 222 7
a 676 478 3
a 676 690 1
a 677 180 6
a 677 205 1
a 677 676 2
a 678 321 3
a 678 659 2
a 679 609 6
a 679 620 3
a 680 25 4
a 681 15 10
a 681 73 9
a 681 201 3
a 682 135 9
a 682 300 8
a 683 444 3
a 684 645 8
a 685 60 5
a 685 395 1
a 685 694 9
a 686 175 6
a 686 336 6
a 687 505 5
a 688 268 3
a 688 294 7
a 689 38 7
a 689 356 10
a 689 465 2
a 689 572 6
a 690 35 5
a 691 541 2
a 692 56 8
a 692 639 10
a 693 41 1
a 693 697 8
a 694 677 7
a 695 296 4
a 696 93 6
a 696 220 10
a 696 341 6
a 697 24 8
a 698 44 7
a 698 313 2
a 699 661 2
