p max 700 1400
n 1 s
n 700 t
a 1 350 7
a 1 573 3
a 2 340 8
a 3 514 10
a 4 176 7
a 5 393 3
a 6 294 6
a 7 88 7
a 7 642 5
a 8 96 2
a 9 111 4
a 9 205 10
a 9 432 9
a 9 437 1
a 10 394 9
a 11 659 9
a 12 149 1
a 12 155 4
a 12 230 9
a 13 445 7
a 13 515 5
a 14 480 6
a 15 240 1
a 15 600 8
a 16 145 9
a 16 196 1
a 16 288 5
a 17 483 10
a 18 320 7
a 18 408 9
a 19 429 4
a 20 53 5
a 20 181 9
a 21 396 10
a 21 442 8
a 22 226 10
a 22 382 6
a 23 363 2
a 24 559 7
a 25 336 6
a 25 380 7
a 26 327 9
a 26 582 4
a 27 337 1
a 27 507 8
a 28 23 6
a 28 126 7
a 28 305 10
a 28 581 2
a 29 231 7
a 29 648 9
a 30 87 1
a 31 94 2
a 31 135 9
a 31 176 7
a 32 585 8
a 33 45 6
a 33 146 4
a 34 191 3
a 34 621 10
a 35 23 5
a 35 105 5
a 35 397 2
a 36 157 9
a 36 349 10
a 37 584 1
a 38 131 2
a 38 200 5
a 38 696 8
a 39 100 1
a 39 187 7
a 39 403 4
a 39 422 4
a 39 548 3
a 40 252 5
a 41 177 7
a 41 616 10
a 42 11 3
a 43 665 9
a 44 246 7
a 44 417 10
a 44 452 4
a 45 545 9
a 46 252 1
a 46 610 1
a 47 148 1
a 48 163 10
a 48 641 3
a 49 670 6
a 50 108 3
a 50 609 10
a 51 206 9
a 52 263 3
a 52 463 1
a 53 105 9
a 53 199 3
a 53 291 1
a 53 454 8
a 53 627 6
a 54 377 4
a 54 526 4
a 54 546 5
a 55 247 4
a 55 509 2
a 55 593 1
a 56 21 10
a 56 592 6
a 56 597 7
a 57 176 7
a 57 357 8
a 58 126 3
a 59 477 7
a 60 581 3
a 61 169 3
a 61 392 2
a 61 456 1
a 62 129 2
a 63 18 5
a 63 65 5
a 64 527 9
a 65 383 2
a 65 596 3
a 66 136 1
a 67 369 5
a 67 697 8
a 68 99 9
a 68 115 1
a 69 234 10
a 70 44 1
a 71 210 10
a 71 469 3
a 72 444 2
a 72 457 5
a 72 570 8
a 73 578 5
a 74 493 5
a 74 528 6
a 75 588 10
a 76 30 8
a 76 142 2
a 76 180 4
a 76 211 9
a 77 258 10
a 77 424 6
a 77 501 7
a 77 553 6
a 78 483 1
a 79 91 2
a 79 459 5
a 80 3 7
a 80 676 10
a 81 85 8
a 82 384 6
a 82 599 2
a 82 609 1
a 83 431 5
a 83 586 10
a 84 286 9
a 85 355 2
a 86 425 6
a 86 647 8
a 87 53 8
a 87 132 10
a 87 395 8
a 87 502 2
a 87 539 7
a 87 613 10
a 88 78 9
a 88 651 3
a 89 292 5
a 89 297 6
a 90 249 7
a 90 542 8
a 91 389 6
a 91 519 3
a 91 632 7
a 91 689 8
a 92 393 6
a 92 685 9
a 93 426 1
a 93 697 9
a 94 224 9
a 95 520 1
a 95 679 1
a 96 27 2
a 96 272 9
a 96 647 10
a 97 642 6
a 97 644 5
a 98 672 6
a 99 284 3
a 100 639 9
a 101 13 10
a 102 27 8
a 103 37 5
a 104 74 5
a 104 539 10
a 105 501 5
a 106 168 2
a 106 456 3
a 107 90 4
a 107 508 5
a 108 641 10
a 109 89 10
a 109 213 4
a 109 521 7
a 110 367 8
a 110 422 10
a 111 475 6
a 112 55 5
a 112 655 3
a 112 694 4
a 113 40 7
a 113 524 1
a 114 76 1
a 114 589 2
a 114 692 7
a 115 341 4
a 115 554 4
a 116 619 2
a 116 695 6
a 117 153 7
a 117 179 8
a 117 366 6
a 118 455 9
a 119 122 3
a 120 81 7
a 120 113 10
a 120 236 7
a 120 579 5
a 121 66 4
a 122 239 5
a 123 119 8
a 123 141 1
a 123 448 10
a 124 134 8
a 124 408 5
a 125 36 9
a 125 572 3
a 126 180 9
a 126 514 7
a 127 657 2
a 128 182 10
a 128 346 9
a 129 362 5
a 129 440 10
a 129 562 4
a 130 316 4
a 130 686 7
a 131 354 4
a 131 429 2
a 132 255 6
a 132 419 9
a 133 217 1
a 133 279 4
a 133 318 7
a 134 123 6
a 134 422 7
a 135 78 8
a 135 519 2
a 136 330 9
a 137 73 9
a 138 228 4
a 138 700 8
a 139 517 10
a 140 404 10
a 140 407 4
a 140 651 9
a 141 84 8
a 141 182 7
a 141 476 2
a 142 129 4
a 142 172 6
a 142 520 6
a 142 563 5
a 143 107 6
a 143 512 1
a 143 522 6
a 143 640 1
a 144 410 4
a 144 533 10
a 145 111 10
a 146 383 4
a 147 423 2
a 147 460 2
a 147 593 9
a 148 274 5
a 148 338 2
a 149 564 9
a 150 696 5
a 151 88 9
a 151 375 2
a 152 270 4
a 152 324 6
a 153 26 8
a 153 256 9
a 153 272 6
a 154 271 10
a 154 360 1
a 155 580 2
a 155 645 5
a 156 86 7
a 156 487 8
a 156 661 9
a 157 147 4
a 157 152 10
a 157 205 4
a 157 263 7
a 158 280 10
a 159 304 9
a 159 532 5
a 160 258 9
a 161 81 3
a 161 165 1
a 161 545 8
a 162 25 9
a 162 374 2
a 162 654 8
a 163 136 2
a 163 605 3
a 164 438 5
a 164 699 3
a 165 282 2
a 166 12 3
a 166 282 7
a 166 387 10
a 167 207 6
a 167 679 2
a 168 157 4
a 169 197 5
a 169 340 8
a 169 359 4
a 170 109 3
a 171 50 6
a 172 231 1
a 172 355 8
a 172 383 1
a 172 506 1
a 172 579 1
a 173 579 9
a 174 67 6
a 174 127 5
a 174 661 3
a 175 312 6
a 176 128 1
a 176 525 10
a 177 275 4
a 177 319 2
a 178 56 5
a 178 250 9
a 179 121 2
a 179 198 10
a 179 254 3
a 179 360 6
a 180 24 5
a 180 85 3
a 180 266 7
a 181 14 9
a 181 624 3
a 182 13 1
a 182 140 6
a 182 459 7
a 183 410 3
a 183 578 5
a 184 101 5
a 184 487 3
a 185 32 6
a 185 289 1
a 186 469 1
a 187 485 2
a 188 4 1
a 188 561 6
a 189 478 6
a 189 603 3
a 190 235 4
a 190 391 6
a 191 146 8
a 191 174 4
a 191 492 7
a 192 573 9
a 193 278 6
a 194 324 9
a 195 8 7
a 195 529 4
a 195 536 10
a 196 4 1
a 196 116 10
a 196 570 10
a 197 219 10
a 198 262 9
a 198 483 4
a 198 665 6
a 199 194 7
a 199 612 9
a 200 306 7
a 201 132 7
a 201 658 5
a 202 562 5
a 203 606 8
a 204 188 4
a 205 227 8
a 205 430 6
a 206 151 9
a 207 451 2
a 207 622 9
a 208 5 2
a 208 57 5
a 208 315 8
a 208 596 7
a 209 306 8
a 209 547 5
a 210 204 10
a 211 521 9
a 212 358 1
a 212 540 8
a 213 23 7
a 213 250 8
a 214 225 6
a 214 484 8
a 214 510 9
a 215 514 10
a 215 680 2
a 216 500 9
a 217 56 8
a 218 89 6
a 218 584 2
a 218 620 8
a 219 689 5
a 220 4 7
a 221 229 2
a 222 318 5
a 222 367 10
a 223 79 2
a 224 120 6
a 224 344 10
a 224 588 1
a 224 590 10
a 225 655 3
a 226 269 1
a 227 400 5
a 227 520 4
a 228 209 3
a 228 248 9
a 228 615 4
a 229 121 8
a 229 237 10
a 229 489 8
a 230 266 3
a 231 41 6
a 231 365 8
a 231 421 9
a 232 432 4
a 233 42 4
a 233 154 5
a 233 253 1
a 234 31 5
a 234 411 10
a 234 541 2
a 235 429 7
a 235 478 5
a 236 86 1
a 237 320 9
a 237 549 7
a 238 356 9
a 238 468 7
a 239 229 6
a 239 313 4
a 239 374 2
a 240 683 9
a 241 310 2
a 242 348 9
a 242 572 5
a 242 633 9
a 243 421 7
a 244 176 7
a 244 638 4
a 245 377 5
a 245 585 8
a 246 251 3
a 247 22 8
a 247 33 5
a 248 416 9
a 249 349 2
a 250 49 3
a 250 259 1
a 250 566 3
a 250 649 8
a 251 79 5
a 251 114 9
a 251 269 10
a 251 428 10
a 252 139 4
a 252 403 9
a 252 529 2
a 252 576 5
a 253 16 1
a 253 93 7
a 253 104 4
a 253 517 10
a 254 131 10
a 254 213 10
a 254 293 4
a 255 251 7
a 255 503 8
a 255 543 3
a 256 10 7
a 256 158 3
a 257 519 6
a 258 167 6
a 258 569 9
a 259 490 2
a 260 519 5
a 261 102 2
a 261 133 5
a 262 240 9
a 262 345 2
a 263 86 9
a 263 267 3
a 263 402 3
a 263 500 6
a 264 87 8
a 264 228 9
a 264 410 6
a 264 518 1
a 264 699 1
a 265 36 9
a 265 65 6
a 266 95 2
a 267 421 3
a 268 347 5
a 269 106 9
a 269 257 4
a 270 225 3
a 270 565 9
a 271 227 4
a 272 543 6
a 272 603 6
a 273 544 8
a 274 370 6
a 275 92 3
a 275 658 8
a 276 79 4
a 276 462 5
a 276 464 8
a 277 138 9
a 277 239 7
a 277 261 10
a 277 312 5
a 278 403 3
a 278 472 7
a 279 457 10
a 280 237 3
a 281 252 3
a 282 616 10
a 283 81 9
a 283 186 7
a 283 278 5
a 283 401 10
a 284 33 5
a 284 323 6
a 285 7 4
a 285 677 4
a 285 693 10
a 285 699 2
a 286 354 4
a 286 678 3
a 287 581 5
a 287 602 1
a 288 77 9
a 288 130 6
a 289 194 8
a 290 84 5
a 290 535 1
a 290 552 10
a 291 228 5
a 291 256 2
a 292 67 4
a 293 381 9
a 293 524 8
a 294 490 2
a 295 151 10
a 295 479 3
a 296 215 6
a 296 380 3
a 296 551 5
a 296 558 5
a 297 16 1
a 297 369 5
a 298 622 1
a 299 310 10
a 300 332 10
a 301 469 1
a 301 663 5
a 302 95 10
a 302 298 8
a 302 365 6
a 302 484 9
a 303 155 8
a 303 521 6
a 304 28 1
a 304 364 10
a 304 470 5
a 305 246 9
a 305 271 8
a 306 681 9
a 307 567 10
a 307 568 6
a 307 595 1
a 307 617 9
a 308 538 1
a 308 679 9
a 308 683 4
a 309 126 6
a 309 559 1
a 310 120 4
a 310 370 9
a 311 122 10
a 311 308 8
a 311 398 10
a 312 342 4
a 312 562 8
a 313 222 3
a 313 398 1
a 314 226 9
a 314 652 8
a 315 426 1
a 316 80 9
a 316 268 4
a 316 287 9
a 316 475 3
a 316 684 10
a 317 198 3
a 317 474 1
a 318 518 3
a 318 575 9
a 319 665 6
a 319 673 7
a 320 76 10
a 320 304 2
a 321 35 9
a 321 189 8
a 322 254 9
a 322 505 10
a 323 193 9
a 323 301 8
a 324 441 1
a 325 41 10
a 325 346 5
a 326 216 6
a 326 613 9
a 327 9 5
a 327 543 2
a 328 514 8
a 328 682 7
a 329 171 8
a 330 7 2
a 330 525 3
a 331 315 8
a 332 188 6
a 332 240 4
a 332 501 6
a 333 261 7
a 333 379 5
a 334 262 5
a 334 433 6
a 334 524 9
a 335 134 7
a 335 269 9
a 335 281 5
a 336 358 3
a 336 658 7
a 337 61 2
a 337 314 2
a 337 649 1
a 338 43 5
a 338 623 1
a 339 154 9
a 339 311 7
a 340 193 9
a 340 342 7
a 341 210 7
a 341 307 3
a 342 523 7
a 343 128 5
a 344 390 2
a 345 241 3
a 345 337 1
a 346 28 2
a 346 435 8
a 347 358 10
a 348 372 6
a 349 5 8
a 349 21 7
a 349 83 7
a 349 287 4
a 350 286 6
a 350 392 7
a 351 198 1
a 352 567 7
a 352 631 4
a 353 44 3
a 354 309 6
a 354 330 7
a 354 471 4
a 355 62 4
a 355 700 1
a 356 359 4
a 357 191 4
a 358 502 3
a 359 184 6
a 359 679 8
a 360 105 9
a 360 400 7
a 361 29 5
a 361 62 5
a 361 192 9
a 361 513 4
a 362 77 1
a 362 83 2
a 362 657 9
a 363 456 8
a 364 106 5
a 365 20 10
a 365 109 8
a 365 464 6
a 365 468 6
a 366 11 9
a 366 183 4
a 366 564 6
a 367 6 4
a 367 219 9
a 368 273 5
a 369 62 5
a 369 231 4
a 370 264 10
a 370 385 10
a 370 499 10
a 371 39 10
a 371 478 6
a 372 36 2
a 372 276 10
a 372 440 9
a 372 614 1
a 373 350 7
a 374 349 7
a 374 644 2
a 375 167 4
a 375 321 3
a 375 586 7
a 376 410 7
a 377 171 7
a 378 383 9
a 378 600 6
a 379 642 8
a 380 504 4
a 381 47 10
a 382 331 7
a 382 647 6
a 383 209 7
a 383 490 9
a 384 44 5
a 385 333 9
a 385 363 7
a 385 666 4
a 386 445 1
a 386 624 6
a 387 130 2
a 388 190 7
a 388 578 2
a 389 303 10
a 389 361 9
a 389 447 3
a 389 606 3
a 390 176 1
a 390 478 10
a 391 582 10
a 392 182 4
a 393 594 10
a 393 645 4
a 394 410 7
a 395 218 6
a 396 38 2
a 396 343 7
a 397 310 2
a 397 462 3
a 398 631 2
a 399 35 5
a 400 611 9
a 401 424 6
a 402 96 5
a 402 156 10
a 403 126 2
a 403 295 10
a 404 86 7
a 404 346 1
a 405 64 2
a 405 600 5
a 406 42 1
a 406 219 8
a 406 259 10
a 406 307 10
a 407 28 8
a 408 103 5
a 408 338 1
a 409 481 6
a 410 338 3
a 410 462 10
a 411 71 5
a 411 270 10
a 411 628 6
a 412 76 4
a 413 265 9
a 413 577 3
a 414 653 6
a 414 654 10
a 415 198 8
a 415 255 2
a 416 49 10
a 416 574 2
a 417 54 9
a 418 55 3
a 418 267 4
a 419 530 4
a 420 653 10
a 421 592 6
a 422 300 10
a 422 390 10
a 422 542 9
a 423 155 6
a 423 302 10
a 424 376 2
a 424 400 10
a 425 148 4
a 425 529 9
a 425 687 3
a 426 296 5
a 426 681 4
a 427 195 7
a 427 466 8
a 427 568 10
a 428 501 2
a 428 511 4
a 429 279 9
a 430 73 2
a 430 226 8
a 430 235 6
a 430 626 1
a 431 44 6
a 432 547 2
a 433 254 5
a 434 488 5
a 434 626 2
a 435 250 2
a 436 233 4
a 436 686 4
a 437 449 8
a 438 82 6
a 439 85 1
a 439 461 3
a 439 467 3
a 440 101 4
a 440 644 10
a 441 117 3
a 441 500 1
a 442 119 7
a 442 135 5
a 443 207 6
a 444 108 2
a 444 412 8
a 444 497 7
a 445 109 3
a 445 296 2
a 446 312 7
a 446 652 9
a 447 163 8
a 448 608 3
a 449 48 1
a 449 136 9
a 449 230 7
a 449 480 9
a 449 521 7
a 449 639 6
a 450 364 9
a 451 439 4
a 451 530 1
a 452 242 10
a 452 399 7
a 453 7 6
a 453 338 1
a 454 112 5
a 454 450 4
a 454 585 1
a 454 671 9
a 455 560 2
a 456 34 4
a 456 121 8
a 457 201 8
a 457 335 1
a 457 561 5
a 458 38 4
a 459 220 9
a 459 294 4
a 460 539 3
a 460 544 9
a 461 2 4
a 461 514 1
a 462 107 3
a 462 491 4
a 463 164 5
a 463 305 2
a 464 592 9
a 465 573 9
a 466 18 8
a 466 436 10
a 467 233 7
a 467 583 5
a 468 144 3
a 468 214 10
a 468 221 5
a 468 416 10
a 468 660 5
a 469 414 10
a 469 534 1
a 469 675 7
a 470 159 8
a 470 443 6
a 470 636 1
a 471 53 4
a 472 12 7
a 472 257 6
a 472 366 2
a 473 442 4
a 473 532 2
a 474 302 4
a 474 691 7
a 475 571 10
a 475 582 1
a 476 303 8
a 477 526 6
a 477 527 6
a 478 495 10
a 478 621 7
a 478 626 4
a 479 294 4
a 479 405 4
a 480 34 10
a 480 577 6
a 481 629 8
a 481 694 3
a 482 185 2
a 482 384 4
a 482 560 3
a 482 687 4
a 483 346 5
a 484 90 5
a 484 245 2
a 484 271 2
a 485 78 7
a 485 268 9
a 486 536 4
a 486 667 6
a 487 202 8
a 487 436 1
a 488 129 4
a 489 3 5
a 490 327 3
a 490 631 9
a 491 486 5
a 492 36 9
a 492 498 2
a 493 282 3
a 493 289 10
a 493 523 8
a 494 36 5
a 494 608 7
a 494 670 8
a 495 118 3
a 495 206 10
a 495 441 2
a 495 549 10
a 496 16 3
a 496 364 4
a 496 372 7
a 496 433 9
a 497 17 3
a 497 658 3
a 498 537 9
a 499 269 8
a 499 292 3
a 500 137 3
a 500 569 9
a 501 455 9
a 501 556 4
a 501 659 6
a 502 186 3
a 503 125 2
a 503 414 8
a 503 622 2
a 504 117 8
a 504 299 6
a 505 104 8
a 505 264 6
a 506 267 10
a 506 280 1
a 507 585 5
a 507 638 8
a 508 178 6
a 508 326 2
a 508 459 7
a 509 117 2
a 510 634 3
a 511 273 3
a 511 356 7
a 511 554 1
a 512 240 2
a 513 388 6
a 513 416 6
a 514 156 9
a 514 234 2
a 514 272 4
a 514 612 7
a 515 173 4
a 515 306 3
a 515 395 1
a 515 556 9
a 516 692 3
a 517 82 1
a 517 190 2
a 517 290 9
a 517 674 4
a 518 324 4
a 519 148 9
a 519 227 4
a 519 332 3
a 520 489 3
a 521 52 3
a 521 97 1
a 521 319 4
a 522 281 3
a 522 662 5
a 523 60 8
a 523 388 1
a 524 214 2
a 525 21 3
a 525 71 9
a 526 487 3
a 526 580 7
a 527 563 10
a 528 551 2
a 529 73 5
a 529 189 3
a 529 494 2
a 529 677 1
a 530 428 7
a 530 463 2
a 531 504 9
a 532 346 1
a 533 376 1
a 534 124 3
a 534 481 8
a 535 233 9
a 536 11 7
a 536 43 6
a 536 218 4
a 537 286 7
a 537 549 4
a 537 587 8
a 538 129 3
a 538 385 10
a 538 479 6
a 539 150 1
a 539 672 10
a 540 438 6
a 541 174 3
a 541 260 3
a 541 607 9
a 542 163 4
a 542 220 10
a 542 496 6
a 543 125 9
a 543 440 8
a 544 345 4
a 545 22 2
a 545 270 3
a 546 294 2
a 547 167 1
a 547 386 8
a 548 171 3
a 548 339 2
a 548 405 3
a 549 68 10
a 549 238 3
a 549 244 9
a 549 509 4
a 550 75 2
a 550 317 4
a 550 351 7
a 550 507 5
a 551 252 8
a 551 266 6
a 551 461 8
a 551 481 4
a 551 637 4
a 552 572 2
a 553 66 6
a 553 658 4
a 554 609 2
a 555 334 6
a 555 530 5
a 556 646 3
a 556 680 9
a 557 159 1
a 557 325 1
a 558 161 10
a 558 267 5
a 558 409 9
a 559 208 8
a 559 284 5
a 559 359 5
a 559 550 1
a 560 298 9
a 561 417 4
a 562 250 1
a 563 315 2
a 564 59 4
a 565 24 10
a 565 110 7
a 566 395 9
a 567 252 2
a 568 106 7
a 568 561 1
a 569 297 2
a 570 42 3
a 570 371 10
a 570 669 5
a 571 514 6
a 571 590 3
a 572 50 7
a 572 295 3
a 572 404 9
a 572 688 4
a 573 41 9
a 573 217 6
a 573 406 9
a 573 635 3
a 574 162 5
a 574 463 2
a 574 615 6
a 575 484 1
a 575 537 10
a 575 698 3
a 576 517 3
a 577 39 1
a 577 427 10
a 577 646 9
a 578 612 1
a 579 147 8
a 579 394 8
a 580 499 8
a 580 634 10
a 581 137 9
a 581 207 6
a 581 420 3
a 582 115 9
a 582 666 6
a 583 482 5
a 583 655 2
a 584 15 10
a 584 370 4
a 584 458 10
a 585 224 5
a 585 434 10
a 585 653 7
a 586 41 4
a 587 308 2
a 588 688 3
a 589 545 5
a 589 576 8
a 590 45 1
a 590 521 10
a 591 54 2
a 591 370 10
a 591 589 10
a 592 98 1
a 592 453 10
a 592 624 3
a 593 140 4
a 593 303 1
a 593 650 7
a 594 661 5
a 595 199 2
a 596 102 8
a 596 322 6
a 596 334 7
a 597 3 6
a 597 310 4
a 597 555 1
a 598 229 7
a 598 373 7
a 598 486 5
a 598 671 4
a 599 96 8
a 599 166 4
a 599 407 5
a 599 449 2
a 600 667 3
a 601 6 4
a 602 157 10
a 603 31 4
a 603 541 10
a 604 554 8
a 605 642 6
a 606 174 8
a 607 16 8
a 607 169 2
a 608 159 4
a 609 621 3
a 610 437 7
a 610 557 2
a 611 114 1
a 612 18 9
a 613 156 4
a 614 59 3
a 614 173 2
a 614 642 2
a 615 151 7
a 616 114 1
a 617 70 1
a 617 120 10
a 617 363 6
a 618 636 2
a 619 495 7
a 620 625 9
a 621 381 2
a 622 347 7
a 622 381 8
a 623 47 8
a 623 285 3
a 623 616 8
a 624 221 10
a 624 446 7
a 625 57 6
a 626 298 10
a 626 439 3
a 627 94 4
a 627 668 2
a 628 31 10
a 629 232 5
a 629 516 4
a 629 616 8
a 630 542 7
a 631 324 7
a 631 505 2
a 632 19 10
a 632 212 1
a 632 376 3
a 633 69 2
a 633 293 3
a 633 591 4
a 634 156 5
a 635 465 4
a 635 623 1
a 636 353 2
a 636 463 3
a 636 630 4
a 637 237 9
a 637 314 5
a 638 42 10
a 638 51 9
a 639 369 4
a 640 46 5
a 640 598 8
a 640 650 5
a 641 283 8
a 641 535 3
a 642 40 7
a 642 243 7
a 642 352 10
a 642 685 1
a 643 175 3
a 644 233 2
a 644 624 2
a 645 37 1
a 645 349 10
a 646 453 2
a 646 591 3
a 647 611 4
a 647 615 3
a 648 115 6
a 648 178 5
a 648 252 9
a 649 399 3
a 649 462 3
a 649 571 8
a 650 203 7
a 651 203 10
a 651 362 2
a 651 401 10
a 651 473 10
a 652 529 1
a 653 63 3
a 653 652 2
a 654 400 4
a 654 531 4
a 654 664 9
a 655 206 1
a 656 291 1
a 657 342 3
a 658 617 2
a 659 421 10
a 660 698 2
a 661 235 1
a 661 387 4
a 662 249 8
a 662 413 9
a 662 415 9
a 662 656 2
a 662 690 10
a 663 52 4
a 663 147 4
a 664 72 6
a 664 251 1
a 664 601 5
a 665 122 4
a 665 170 3
a 665 314 2
a 666 218 3
a 666 528 2
a 667 23 3
a 667 44 6
a 667 150 8
a 667 604 10
a 668 145 7
a 668 204 4
a 668 485 3
a 668 679 7
a 669 218 3
a 669 364 1
a 670 58 5
a 670 232 7
a 670 485 1
a 671 480 6
a 672 160 3
a 672 612 5
a 672 690 8
a 673 220 6
a 673 389 9
a 673 625 3
a 674 558 3
a 674 563 6
a 675 260 2
a 675 350 6
a 675 446 6
a 675 477 6
a 675 670 5
a 676 202 8
a 676 329 4
a 677 212 2
a 678 225 5
a 679 120 9
a 680 143 2
a 680 574 6
a 681 197 2
a 681 583 5
a 681 593 7
a 682 175 4
a 682 368 6
a 682 378 10
a 682 617 2
a 682 643 9
a 683 328 2
a 683 536 2
a 684 504 3
a 684 687 3
a 685 225 3
a 685 619 1
a 686 223 1
a 686 470 6
a 687 107 8
a 687 156 10
a 688 277 1
a 688 336 8
a 689 129 6
a 690 258 4
a 690 325 10
a 691 397 8
a 692 503 3
a 693 620 6
a 694 343 1
a 694 618 5
a 694 649 10
a 695 309 4
a 695 669 6
a 696 10 1
a 696 307 7
a 697 149 2
a 697 337 7
a 698 160 3
a 699 418 4
a 699 478 8
