p max 700 1400
n 1 s
n 700 t
a 1 627 8
a 1 688 4
a 2 101 6
a 2 443 4
a 2 506 3
a 3 343 3
a 3 585 8
a 4 62 6
a 4 341 4
a 4 393 10
a 5 59 3
a 6 403 3
a 6 556 10
a 7 192 6
a 7 251 5
a 7 337 4
a 7 512 1
a 8 132 1
a 8 308 7
a 9 680 7
a 10 86 3
a 10 211 6
a 11 399 8
a 11 505 2
a 12 304 5
a 12 391 4
a 13 56 10
a 13 518 4
a 14 40 1
a 15 402 7
a 15 507 3
a 16 526 8
a 17 136 3
a 17 289 4
a 17 322 8
a 18 251 6
a 19 93 9
a 20 154 9
a 20 189 10
a 20 368 3
a 21 481 9
a 22 298 1
a 23 123 5
a 24 181 2
a 24 539 4
a 24 610 9
a 25 7 8
a 25 173 3
a 25 411 10
a 25 666 10
a 26 168 1
a 26 600 7
a 27 16 6
a 27 607 2
a 28 45 2
a 29 21 8
a 29 229 2
a 29 559 9
a 30 68 8
a 30 193 10
a 31 466 1
a 31 483 6
a 31 643 10
a 32 600 9
a 33 347 8
a 34 563 2
a 35 670 10
a 36 335 2
a 37 278 4
a 37 630 3
a 38 572 8
a 39 245 4
a 40 197 7
a 41 103 8
a 41 529 3
a 42 295 8
a 42 576 10
a 43 246 1
a 44 531 10
a 44 540 9
a 45 211 3
a 45 538 10
a 46 28 5
a 46 139 10
a 46 155 1
a 46 461 2
a 46 470 1
a 46 653 2
a 47 382 4
a 48 113 6
a 48 214 7
a 49 623 7
a 49 680 6
a 50 388 4
a 51 450 7
a 52 266 7
a 52 423 4
a 52 504 2
a 52 675 10
a 53 335 8
a 53 590 9
a 54 186 7
a 54 516 1
a 55 225 1
a 55 495 4
a 56 542 10
a 57 601 6
a 57 628 7
a 58 544 10
a 59 463 1
a 60 370 5
a 60 510 6
a 61 9 10
a 61 412 7
a 62 433 4
a 62 573 8
a 63 504 6
a 64 427 1
a 65 21 3
a 66 540 9
a 67 473 3
a 67 583 9
a 68 695 5
a 69 240 8
a 69 339 9
a 69 361 8
a 70 185 5
a 70 207 7
a 71 24 3
a 71 577 2
a 71 580 1
a 72 129 10
a 73 323 3
a 73 495 5
a 74 42 10
a 74 47 4
a 74 151 8
a 74 172 4
a 74 378 9
a 75 401 4
a 75 533 10
a 76 209 9
a 76 406 7
a 76 663 9
a 77 16 2
a 77 342 10
a 78 269 8
a 79 584 7
a 80 108 6
a 80 434 3
a 80 667 10
a 81 48 7
a 81 67 3
a 81 445 3
a 82 52 3
a 82 465 5
a 83 386 10
a 84 77 1
a 84 649 10
a 85 455 3
a 86 423 10
a 87 481 4
a 87 555 9
a 88 394 2
a 88 404 10
a 89 179 3
a 89 514 9
a 90 185 5
a 91 326 8
a 91 416 8
a 91 636 2
a 92 129 9
a 92 335 7
a 92 356 6
a 92 686 2
a 93 186 9
a 93 612 6
a 94 547 7
a 95 354 3
a 95 680 1
a 96 463 7
a 97 559 4
a 98 9 4
a 98 90 6
a 98 266 1
a 98 283 4
a 98 336 1
a 98 388 7
a 99 294 7
a 100 301 5
a 100 600 7
a 101 105 1
a 102 181 3
a 103 79 9
a 103 478 6
a 103 530 1
a 104 66 2
a 105 395 2
a 105 403 5
a 105 508 6
a 105 628 9
a 106 696 10
a 107 276 5
a 108 344 4
a 109 292 10
a 109 517 10
a 110 164 7
a 111 136 5
a 111 384 3
a 112 354 4
a 113 436 10
a 113 624 7
a 113 679 8
a 114 80 5
a 114 180 1
a 115 231 10
a 116 358 1
a 116 488 10
a 117 263 8
a 117 288 8
a 118 221 5
a 119 315 2
a 120 241 8
a 120 286 1
a 120 639 3
a 121 556 7
a 121 668 9
a 122 77 1
a 123 109 10
a 123 191 7
a 123 594 2
a 124 45 2
a 124 73 5
a 124 207 4
a 125 400 3
a 125 474 9
a 125 595 2
a 126 613 5
a 127 318 8
a 127 344 6
a 128 178 5
a 128 207 8
a 128 568 1
a 129 381 9
a 130 467 9
a 131 648 7
a 132 570 7
a 133 140 2
a 133 486 9
a 133 660 10
a 134 146 7
a 134 410 7
a 134 684 4
a 135 125 1
a 136 135 8
a 136 247 8
a 136 530 1
a 136 659 6
a 137 59 1
a 137 553 7
a 138 611 6
a 139 224 5
a 140 80 10
a 141 437 9
a 142 423 2
a 143 63 1
a 144 397 1
a 144 417 7
a 145 55 2
a 145 338 6
a 145 458 1
a 146 57 7
a 146 612 6
a 147 366 1
a 147 548 6
a 148 214 2
a 149 299 8
a 149 320 9
a 149 579 5
a 150 78 4
a 150 110 1
a 150 689 2
a 151 16 2
a 151 58 7
a 151 620 1
a 152 94 8
a 152 482 1
a 153 157 4
a 154 240 5
a 155 11 6
a 155 626 8
a 155 659 9
a 156 284 1
a 157 418 10
a 157 533 8
a 158 153 2
a 158 578 3
a 159 28 7
a 160 364 4
a 160 368 9
a 161 186 6
a 161 247 10
a 161 291 7
a 162 96 6
a 162 421 9
a 162 453 7
a 163 141 4
a 163 253 4
a 163 293 10
a 164 21 1
a 164 497 5
a 165 491 8
a 165 526 7
a 166 411 1
a 166 509 9
a 167 242 8
a 167 466 4
a 168 111 4
a 168 334 10
a 168 408 1
a 168 613 10
a 169 471 9
a 170 328 3
a 170 660 8
a 171 92 6
a 171 523 2
a 171 632 5
a 172 527 8
a 172 652 8
a 173 133 8
a 174 257 10
a 174 571 9
a 174 621 4
a 175 69 8
a 175 600 2
a 176 82 2
a 177 78 4
a 177 680 3
a 178 235 1
a 178 308 9
a 178 536 7
a 178 681 2
a 179 381 6
a 180 404 9
a 181 128 7
a 181 209 4
a 181 645 9
a 182 80 10
a 182 519 2
a 182 524 2
a 183 12 6
a 183 480 7
a 184 255 3
a 184 523 10
a 185 159 1
a 185 586 3
a 186 315 3
a 187 133 6
a 187 495 8
a 188 79 3
a 189 133 4
a 190 278 5
a 191 387 3
a 191 490 6
a 192 109 6
a 193 60 4
a 193 166 6
a 193 380 3
a 193 423 6
a 193 567 3
a 194 598 1
a 195 130 3
a 195 571 8
a 196 283 2
a 196 379 7
a 197 177 1
a 198 327 5
a 199 280 6
a 200 508 7
a 201 28 9
a 202 683 6
a 203 188 3
a 203 515 10
a 204 332 3
a 205 102 8
a 206 668 2
a 207 107 2
a 207 513 5
a 207 575 6
a 208 215 1
a 208 443 7
a 209 125 3
a 209 626 10
a 210 401 5
a 210 674 5
a 211 18 3
a 211 510 7
a 212 112 2
a 212 661 7
a 213 609 4
a 213 700 1
a 214 672 7
a 215 83 7
a 215 137 10
a 215 209 7
a 215 419 4
a 216 390 3
a 216 566 7
a 216 670 10
a 217 99 1
a 217 470 8
a 217 585 6
a 217 592 10
a 218 266 8
a 219 170 6
a 219 525 5
a 220 199 10
a 220 549 7
a 221 54 7
a 221 190 4
a 222 374 10
a 222 664 1
a 223 234 3
a 223 407 1
a 223 547 3
a 224 27 2
a 224 285 1
a 224 681 1
a 225 387 4
a 225 547 4
a 226 168 2
a 227 5 3
a 228 617 4
a 229 167 1
a 229 224 8
a 229 480 9
a 230 29 10
a 230 502 5
a 230 546 1
a 230 654 9
a 231 662 9
a 232 4 6
a 232 250 8
a 232 310 2
a 232 638 5
a 233 672 4
a 234 222 10
a 234 272 5
a 234 336 4
a 235 300 2
a 235 370 4
a 235 375 4
a 235 547 6
a 235 622 6
a 236 116 4
a 236 309 8
a 236 589 7
a 237 313 9
a 237 588 8
a 238 275 1
a 239 497 2
a 240 227 7
a 240 561 6
a 241 248 9
a 242 41 4
a 242 589 10
a 243 233 3
a 243 321 7
a 243 604 9
a 244 425 5
a 245 515 2
a 245 584 1
a 245 637 10
a 246 19 4
a 246 301 1
a 247 205 10
a 247 229 9
a 247 363 4
a 247 502 5
a 247 598 4
a 248 529 3
a 249 58 3
a 249 459 8
a 249 515 5
a 250 64 5
a 251 544 7
a 252 65 4
a 252 219 2
a 253 381 7
a 253 558 10
a 254 333 3
a 254 457 5
a 254 507 2
a 255 607 8
a 255 617 5
a 256 472 6
a 257 386 2
a 258 41 1
a 258 313 8
a 258 475 8
a 258 641 8
a 259 9 10
a 259 625 2
a 260 662 5
a 260 694 4
a 261 516 1
a 262 319 8
a 262 562 2
a 263 30 8
a 263 401 5
a 264 529 1
a 265 10 7
a 265 84 2
a 265 176 10
a 266 245 3
a 267 16 9
a 267 145 9
a 268 305 1
a 268 588 8
a 269 304 3
a 269 391 7
a 270 202 5
a 270 261 9
a 270 555 10
a 271 635 6
a 271 642 5
a 271 665 5
a 272 289 1
a 272 382 2
a 272 471 2
a 273 227 5
a 274 573 8
a 274 660 7
a 275 223 7
a 275 539 1
a 276 151 8
a 277 187 5
a 277 357 8
a 278 256 1
a 278 460 6
a 278 492 8
a 279 111 6
a 279 415 7
a 279 619 6
a 280 429 1
a 280 454 10
a 281 426 5
a 281 442 6
a 281 614 7
a 282 13 7
a 283 112 10
a 283 316 5
a 283 569 4
a 284 389 7
a 285 153 7
a 285 185 4
a 285 422 10
a 286 160 3
a 286 365 4
a 287 439 2
a 288 12 5
a 288 89 6
a 288 284 3
a 288 449 9
a 289 249 10
a 289 367 4
a 290 244 6
a 290 324 2
a 291 350 3
a 291 459 1
a 291 523 4
a 292 165 10
a 292 182 2
a 292 529 5
a 293 668 7
a 294 381 6
a 294 492 3
a 294 614 3
a 295 3 2
a 295 130 2
a 296 46 10
a 296 411 1
a 296 681 7
a 297 17 10
a 297 33 4
a 297 571 1
a 298 527 5
a 298 665 3
a 299 34 7
a 299 121 10
a 299 321 9
a 300 84 2
a 300 464 9
a 301 627 2
a 302 260 3
a 302 343 1
a 302 367 3
a 303 112 9
a 303 122 2
a 304 80 4
a 305 255 5
a 305 329 10
a 305 563 3
a 306 131 9
a 306 699 3
a 307 47 5
a 307 169 8
a 307 327 2
a 308 94 2
a 308 292 9
a 308 640 1
a 309 61 4
a 309 115 7
a 309 628 6
a 310 523 9
a 311 227 3
a 311 535 4
a 312 337 2
a 312 477 2
a 313 39 4
a 313 242 7
a 313 510 5
a 314 216 4
a 314 672 3
a 315 152 2
a 315 270 2
a 315 371 3
a 316 359 7
a 316 491 7
a 316 566 7
a 317 345 8
a 317 382 10
a 317 477 7
a 317 521 8
a 318 160 6
a 319 314 9
a 319 361 8
a 319 629 3
a 320 198 1
a 320 340 6
a 321 349 4
a 322 623 8
a 322 631 1
a 323 662 8
a 324 676 6
a 325 620 1
a 326 259 9
a 326 276 2
a 327 70 9
a 328 69 6
a 328 583 7
a 329 472 4
a 330 194 7
a 331 388 8
a 331 647 10
a 332 90 3
a 333 443 6
a 334 95 5
a 335 35 4
a 335 186 10
a 336 253 2
a 336 464 1
a 337 62 4
a 337 208 7
a 338 82 9
a 338 97 7
a 338 241 5
a 338 323 8
a 338 420 5
a 338 682 2
a 339 290 8
a 340 132 10
a 340 191 2
a 341 330 10
a 341 368 8
a 342 310 2
a 342 357 10
a 342 501 1
a 342 520 3
a 342 694 3
a 343 540 10
a 344 406 9
a 345 355 7
a 346 36 9
a 346 158 7
a 346 417 1
a 346 580 2
a 347 335 7
a 348 294 5
a 348 378 8
a 348 698 10
a 349 163 7
a 350 82 5
a 351 438 5
a 351 448 6
a 352 205 10
a 353 502 3
a 354 267 8
a 354 410 5
a 355 336 7
a 356 127 10
a 356 262 4
a 357 121 4
a 358 103 9
a 358 362 9
a 358 677 4
a 359 215 5
a 359 243 10
a 360 277 1
a 360 319 8
a 360 352 7
a 361 485 9
a 361 651 3
a 362 236 1
a 362 271 10
a 362 273 9
a 362 611 3
a 362 670 7
a 363 62 3
a 363 119 9
a 363 365 6
a 364 142 1
a 364 208 9
a 364 274 3
a 364 468 7
a 365 82 7
a 366 123 8
a 366 589 6
a 367 435 8
a 368 222 1
a 368 503 7
a 369 324 5
a 370 5 8
a 370 284 5
a 370 299 6
a 371 241 2
a 372 266 9
a 372 633 1
a 373 118 4
a 373 281 5
a 373 318 9
a 374 243 2
a 374 452 1
a 374 690 2
a 375 33 1
a 375 328 8
a 375 409 4
a 376 256 3
a 376 690 6
a 377 149 5
a 378 356 4
a 378 447 4
a 379 53 7
a 379 383 7
a 379 669 1
a 380 43 3
a 380 619 6
a 381 210 5
a 381 391 10
a 382 232 9
a 383 189 3
a 383 194 7
a 383 363 5
a 383 693 8
a 384 224 5
a 385 4 2
a 385 462 4
a 386 239 9
a 386 351 8
a 386 476 8
a 387 394 10
a 387 489 6
a 388 125 5
a 388 254 8
a 389 628 2
a 390 126 2
a 390 259 3
a 390 472 1
a 391 155 6
a 391 455 3
a 392 32 9
a 392 153 4
a 393 71 8
a 393 190 10
a 394 67 1
a 394 148 7
a 394 152 8
a 394 377 3
a 394 687 5
a 395 171 10
a 396 144 2
a 396 335 9
a 397 37 5
a 397 376 1
a 397 413 10
a 397 615 4
a 398 355 7
a 398 693 5
a 399 193 3
a 399 563 6
a 400 96 5
a 400 209 1
a 400 517 8
a 401 184 7
a 401 240 7
a 401 402 6
a 402 109 4
a 402 557 3
a 403 279 5
a 404 479 4
a 405 26 3
a 405 36 8
a 405 373 2
a 406 204 6
a 406 328 5
a 407 321 3
a 407 332 7
a 407 338 7
a 408 206 1
a 408 496 8
a 409 480 10
a 410 337 5
a 410 404 6
a 411 627 2
a 412 127 1
a 412 218 3
a 413 353 7
a 413 453 6
a 414 138 3
a 414 201 7
a 415 19 8
a 415 338 7
a 415 643 10
a 415 648 2
a 416 25 7
a 416 197 6
a 416 695 4
a 417 335 1
a 417 592 2
a 418 213 1
a 418 254 5
a 418 438 7
a 418 587 3
a 419 250 9
a 420 163 5
a 420 671 10
a 420 686 8
a 421 174 3
a 422 22 6
a 422 114 6
a 423 170 10
a 423 341 1
a 423 565 6
a 424 225 10
a 425 436 10
a 426 530 9
a 427 573 4
a 427 670 8
a 428 89 5
a 429 270 2
a 430 490 9
a 431 145 1
a 432 85 7
a 432 271 2
a 432 544 2
a 433 505 2
a 434 392 4
a 435 45 7
a 435 147 4
a 435 298 1
a 436 217 6
a 436 484 9
a 436 692 5
a 437 638 2
a 437 682 8
a 438 241 7
a 438 312 10
a 438 440 5
a 438 579 2
a 439 514 2
a 439 664 7
a 440 31 10
a 440 397 6
a 441 155 4
a 442 20 10
a 443 116 2
a 444 286 2
a 444 388 9
a 445 24 2
a 445 487 4
a 445 492 1
a 445 534 2
a 446 44 2
a 446 70 9
a 446 191 3
a 446 441 7
a 447 123 2
a 447 162 4
a 448 403 3
a 449 200 8
a 449 297 10
a 449 377 4
a 449 594 1
a 450 568 4
a 450 667 5
a 451 13 5
a 451 361 10
a 452 589 10
a 452 655 10
a 453 54 9
a 453 178 10
a 454 439 2
a 454 615 2
a 454 663 10
a 455 258 5
a 456 363 8
a 456 403 6
a 457 377 2
a 458 143 1
a 458 315 7
a 458 448 9
a 459 8 5
a 459 164 10
a 460 307 6
a 460 676 6
a 461 488 5
a 461 637 10
a 462 206 10
a 462 564 3
a 463 93 3
a 463 107 8
a 463 257 5
a 463 383 4
a 464 449 9
a 465 157 2
a 465 451 3
a 466 203 9
a 466 571 10
a 467 268 7
a 467 511 1
a 467 588 2
a 468 42 3
a 468 120 3
a 469 76 7
a 469 131 8
a 469 381 1
a 470 507 3
a 471 51 7
a 471 186 3
a 472 539 6
a 473 100 5
a 473 451 6
a 473 696 8
a 474 349 4
a 474 502 1
a 474 541 2
a 474 678 3
a 475 223 1
a 475 339 8
a 475 574 1
a 476 143 5
a 477 47 3
a 477 540 10
a 478 105 7
a 478 481 1
a 479 494 10
a 480 434 9
a 481 213 1
a 481 326 5
a 482 360 1
a 482 656 3
a 483 455 7
a 484 18 8
a 484 316 7
a 484 628 4
a 485 49 5
a 486 197 10
a 486 405 3
a 487 317 7
a 487 481 8
a 488 222 5
a 488 522 10
a 489 303 4
a 489 459 8
a 489 609 9
a 489 691 3
a 490 183 9
a 490 404 4
a 491 506 6
a 491 664 7
a 492 259 5
a 492 581 1
a 493 570 4
a 493 651 4
a 494 596 7
a 495 157 2
a 495 348 10
a 496 365 7
a 497 282 6
a 497 297 10
a 498 643 3
a 499 219 6
a 499 325 8
a 500 74 5
a 500 537 9
a 500 644 1
a 501 288 10
a 501 449 4
a 502 221 1
a 502 686 1
a 503 201 3
a 503 331 3
a 504 527 4
a 505 40 8
a 505 238 6
a 505 598 10
a 505 641 3
a 506 307 10
a 507 475 8
a 508 67 8
a 508 296 5
a 509 461 5
a 509 586 2
a 510 216 3
a 510 465 6
a 510 606 2
a 511 526 3
a 512 183 3
a 512 346 9
a 512 602 2
a 513 386 10
a 513 450 3
a 513 613 6
a 513 628 7
a 514 382 8
a 515 535 8
a 515 572 9
a 515 580 1
a 516 98 2
a 517 389 7
a 517 551 7
a 517 564 3
a 517 618 4
a 518 134 4
a 519 87 5
a 519 123 10
a 519 430 3
a 520 700 7
a 521 438 6
a 521 552 6
a 522 479 2
a 522 486 3
a 523 372 6
a 524 650 7
a 525 226 5
a 525 571 3
a 526 211 9
a 526 407 9
a 527 160 7
a 527 319 3
a 528 205 4
a 528 324 2
a 528 634 7
a 529 245 10
a 529 352 9
a 530 122 8
a 530 399 10
a 530 509 3
a 531 114 1
a 531 484 10
a 531 597 4
a 532 346 9
a 533 71 4
a 534 88 7
a 534 124 5
a 535 414 3
a 535 421 8
a 536 70 4
a 537 327 7
a 538 454 3
a 539 416 7
a 540 401 4
a 540 448 10
a 541 50 7
a 541 524 10
a 542 605 5
a 542 674 7
a 543 95 7
a 543 349 3
a 544 596 2
a 544 627 2
a 545 141 1
a 545 602 8
a 545 649 9
a 546 603 8
a 547 91 3
a 547 265 7
a 548 4 7
a 548 603 9
a 548 695 10
a 549 28 9
a 549 219 6
a 549 436 2
a 549 532 9
a 550 113 3
a 551 124 8
a 551 256 5
a 551 444 1
a 552 23 1
a 552 258 1
a 552 287 3
a 552 413 6
a 552 644 1
a 553 77 3
a 554 64 3
a 554 267 7
a 555 2 1
a 556 532 10
a 557 216 9
a 558 36 8
a 559 10 9
a 559 463 7
a 560 240 9
a 561 296 1
a 561 484 2
a 562 374 8
a 563 611 4
a 563 685 1
a 564 162 3
a 565 428 10
a 566 129 8
a 566 156 9
a 567 310 4
a 567 347 3
a 567 524 5
a 567 545 7
a 568 695 3
a 569 550 5
a 569 618 9
a 570 361 3
a 571 127 7
a 571 640 3
a 572 14 7
a 572 111 9
a 573 56 10
a 574 134 1
a 574 280 5
a 574 301 4
a 575 109 3
a 575 230 7
a 576 448 2
a 577 117 7
a 577 252 10
a 577 290 3
a 577 362 4
a 577 430 2
a 578 261 8
a 578 555 4
a 579 102 4
a 579 354 10
a 579 656 3
a 580 149 8
a 580 195 6
a 580 657 10
a 581 695 2
a 582 3 1
a 582 431 5
a 583 295 4
a 583 369 5
a 583 624 1
a 584 322 10
a 585 437 6
a 585 578 8
a 586 2 10
a 586 628 2
a 587 103 5
a 587 251 1
a 588 425 9
a 588 625 2
a 589 456 7
a 589 603 7
a 590 435 4
a 590 481 10
a 591 656 10
a 592 77 4
a 592 237 8
a 592 264 2
a 593 251 1
a 594 156 1
a 595 398 7
a 595 627 3
a 596 20 5
a 596 241 7
a 597 469 8
a 598 198 8
a 599 91 4
a 599 197 2
a 599 220 7
a 600 676 1
a 601 104 5
a 601 352 5
a 602 341 4
a 602 542 10
a 603 231 6
a 603 599 9
a 604 568 5
a 605 323 7
a 605 494 8
a 606 77 5
a 606 341 3
a 607 212 6
a 607 408 3
a 607 469 5
a 608 565 1
a 609 8 7
a 610 454 9
a 611 561 4
a 612 267 2
a 612 582 10
a 613 299 3
a 614 326 6
a 615 550 1
a 615 642 4
a 616 139 3
a 616 385 8
a 616 603 8
a 617 500 7
a 618 288 5
a 619 196 3
a 619 304 8
a 620 41 9
a 620 302 9
a 620 499 6
a 620 658 7
a 621 144 8
a 622 66 4
a 622 81 5
a 622 311 2
a 622 424 2
a 622 441 10
a 623 113 1
a 624 24 4
a 624 507 8
a 625 467 3
a 625 676 3
a 626 269 5
a 626 552 7
a 627 355 1
a 628 180 2
a 628 207 9
a 628 306 10
a 628 528 4
a 629 8 1
a 629 72 4
a 630 175 9
a 630 672 1
a 631 32 3
a 631 639 7
a 632 466 4
a 632 651 6
a 633 72 10
a 633 150 2
a 633 206 9
a 633 554 8
a 634 383 10
a 635 624 4
a 636 449 3
a 636 560 8
a 637 393 8
a 637 432 10
a 638 214 8
a 638 470 1
a 639 246 8
a 639 331 6
a 639 520 5
a 639 700 10
a 640 16 4
a 641 174 5
a 641 176 1
a 641 616 7
a 642 435 6
a 643 217 2
a 644 144 7
a 644 232 10
a 645 263 3
a 646 250 2
a 647 536 1
a 648 566 10
a 649 77 3
a 649 676 3
a 650 89 4
a 651 198 9
a 651 378 1
a 652 336 7
a 653 396 3
a 653 398 6
a 653 593 6
a 654 73 8
a 654 248 1
a 654 543 4
a 655 294 3
a 655 318 2
a 655 358 6
a 655 398 10
a 656 274 7
a 656 446 10
a 656 646 2
a 657 201 7
a 658 6 10
a 658 558 10
a 658 656 9
a 659 424 1
a 660 40 6
a 661 106 7
a 661 403 10
a 661 549 9
a 662 405 7
a 662 580 10
a 663 696 6
a 664 365 6
a 665 275 9
a 665 348 1
a 665 366 8
a 665 694 7
a 666 216 6
a 666 547 5
a 666 645 5
a 667 238 7
a 668 562 2
a 668 673 2
a 669 239 9
a 669 433 1
a 670 8 9
a 670 278 3
a 670 595 8
a 671 68 5
a 671 231 8
a 671 683 10
a 672 15 6
a 672 23 4
a 672 144 2
a 672 493 6
a 672 697 3
a 673 177 7
a 673 498 10
a 673 622 8
a 674 589 2
a 675 63 6
a 675 152 9
a 676 42 2
a 676 126 4
a 676 263 1
a 676 372 9
a 676 500 6
a 677 148 6
a 677 279 5
a 678 554 7
a 678 566 7
a 679 353 9
a 680 98 2
a 680 436 1
a 681 468 4
a 681 688 6
a 682 171 8
a 682 503 8
a 683 149 4
a 683 217 10
a 684 210 7
a 684 392 2
a 684 428 10
a 685 572 7
a 685 650 10
a 686 233 6
a 686 427 5
a 686 608 6
a 687 49 2
a 687 57 3
a 687 591 2
a 688 38 9
a 688 59 4
a 688 75 9
a 688 228 9
a 688 349 1
a 689 56 10
a 689 503 5
a 690 401 1
a 690 509 3
a 691 473 4
a 692 235 2
a 692 410 8
a 693 223 10
a 694 189 9
a 695 566 6
a 695 582 2
a 696 467 8
a 697 161 7
a 697 270 10
a 697 429 4
a 698 578 6
a 699 545 5
