p max 700 1400
n 1 s
n 700 t
a 1 76 2
a 1 310 4
a 2 146 8
a 2 199 10
a 3 142 8
a 3 143 10
a 3 254 3
a 4 406 8
a 4 537 7
a 5 73 5
a 5 89 3
a 5 650 9
a 6 153 2
a 7 277 6
a 8 406 7
a 8 544 6
a 8 687 5
a 9 351 1
a 9 500 2
a 10 12 3
a 10 346 2
a 11 207 5
a 11 234 1
a 11 270 10
a 12 372 5
a 13 54 2
a 13 564 1
a 14 452 9
a 15 416 5
a 15 420 4
a 15 471 7
a 16 466 5
a 16 495 4
a 17 532 9
a 17 558 6
a 18 78 2
a 19 179 10
a 19 245 5
a 20 600 10
a 20 607 5
a 20 619 9
a 21 26 4
a 22 96 4
a 22 156 2
a 22 177 3
a 22 509 5
a 23 151 9
a 23 627 6
a 24 376 10
a 24 568 8
a 24 651 5
a 25 51 8
a 25 374 2
a 26 188 9
a 27 2 10
a 27 528 2
a 28 40 1
a 28 87 2
a 28 478 2
a 29 122 1
a 29 434 8
a 30 350 5
a 30 646 3
a 31 192 6
a 31 208 10
a 31 562 6
a 32 527 8
a 33 116 2
a 33 584 5
a 34 399 5
a 35 308 5
a 35 493 2
a 35 549 1
a 36 399 3
a 36 488 8
a 37 13 2
a 37 119 2
a 37 267 4
a 38 11 4
a 38 211 1
a 39 35 6
a 40 158 1
a 40 229 10
a 41 85 9
a 41 168 4
a 42 291 1
a 43 589 7
a 44 441 8
a 44 575 5
a 44 671 4
a 45 67 6
a 46 9 2
a 46 363 1
a 47 460 8
a 48 43 7
a 48 93 3
a 49 138 6
a 49 683 8
a 50 45 2
a 50 83 1
a 50 131 7
a 50 266 3
a 51 181 5
a 51 254 10
a 51 517 4
a 52 68 8
a 52 328 9
a 53 490 7
a 54 284 9
a 54 345 2
a 54 516 10
a 55 30 7
a 56 6 1
a 56 400 2
a 57 128 5
a 57 490 2
a 58 42 6
a 58 419 6
a 59 442 7
a 59 578 4
a 60 559 4
a 60 642 3
a 61 155 6
a 61 235 1
a 61 547 8
a 61 548 10
a 62 224 10
a 63 651 6
a 64 396 4
a 64 479 5
a 64 622 1
a 64 633 5
a 65 45 8
a 66 275 4
a 66 344 6
a 67 359 1
a 68 265 3
a 68 500 3
a 68 597 1
a 69 82 4
a 69 126 2
a 69 165 7
a 70 271 2
a 71 446 3
a 71 626 7
a 72 278 4
a 72 387 4
a 72 512 5
a 73 97 2
a 73 667 4
a 74 219 6
a 75 451 6
a 76 452 4
a 77 536 4
a 77 567 9
a 78 274 6
a 78 614 8
a 79 475 2
a 79 560 10
a 80 568 2
a 81 57 5
a 82 613 4
a 83 182 3
a 84 457 7
a 85 72 6
a 85 292 9
a 86 15 10
a 86 240 10
a 87 199 8
a 88 218 1
a 89 49 9
a 89 205 7
a 89 252 4
a 90 396 5
a 90 667 1
a 90 674 6
a 91 174 1
a 92 471 6
a 92 499 2
a 92 694 9
a 93 67 1
a 93 417 8
a 94 361 7
a 95 465 2
a 96 188 6
a 96 233 1
a 96 283 9
a 96 396 1
a 96 465 3
a 96 589 10
a 97 523 5
a 97 599 10
a 97 606 3
a 98 82 5
a 99 213 9
a 99 573 5
a 100 61 2
a 100 131 8
a 100 204 9
a 100 313 1
a 100 412 9
a 101 477 9
a 101 493 7
a 102 29 10
a 102 80 9
a 102 93 8
a 102 140 3
a 102 698 9
a 103 152 7
a 104 18 1
a 105 385 4
a 106 348 9
a 106 388 4
a 107 153 3
a 107 432 5
a 108 282 5
a 108 626 1
a 109 525 4
a 110 146 2
a 110 681 3
a 111 103 5
a 111 514 10
a 112 28 6
a 112 143 9
a 112 629 6
a 112 678 10
a 112 689 3
a 113 90 8
a 113 177 3
a 113 414 10
a 113 497 8
a 114 64 1
a 114 110 4
a 114 377 7
a 115 136 7
a 115 425 9
a 116 191 7
a 116 210 8
a 117 442 2
a 117 483 3
a 118 246 5
a 118 532 9
a 118 611 6
a 119 647 9
a 120 205 5
a 120 621 7
a 121 43 5
a 121 498 1
a 122 74 4
a 123 237 5
a 123 393 9
a 123 458 8
a 124 587 7
a 125 88 6
a 125 247 1
a 125 476 9
a 125 581 6
a 126 48 5
a 126 507 5
a 127 156 1
a 128 651 9
a 128 681 8
a 129 69 3
a 129 322 10
a 129 479 9
a 129 655 6
a 130 281 5
a 130 404 10
a 131 379 10
a 131 421 10
a 132 256 2
a 132 339 8
a 132 456 4
a 133 23 9
a 133 31 8
a 133 257 3
a 133 269 10
a 133 570 3
a 133 628 5
a 134 81 10
a 135 168 6
a 135 255 4
a 135 626 3
a 136 85 10
a 137 56 9
a 137 80 2
a 138 82 4
a 138 166 6
a 139 626 7
a 139 673 3
a 140 430 5
a 141 315 5
a 141 438 9
a 142 173 5
a 142 482 6
a 142 564 10
a 143 64 5
a 143 82 9
a 143 686 7
a 144 294 7
a 144 371 9
a 144 401 10
a 145 40 3
a 145 201 2
a 146 629 1
a 147 189 4
a 148 563 1
a 149 46 7
a 149 259 1
a 149 601 4
a 149 661 4
a 150 232 8
a 151 273 1
a 151 455 9
a 151 529 10
a 152 188 1
a 152 315 5
a 152 444 10
a 153 390 8
a 153 645 1
a 153 667 9
a 154 262 5
a 155 361 10
a 155 364 3
a 155 378 7
a 155 628 7
a 155 634 7
a 156 568 1
a 157 165 1
a 158 338 2
a 159 191 7
a 159 210 10
a 160 418 3
a 160 611 8
a 161 8 10
a 161 308 5
a 162 472 2
a 163 292 1
a 163 612 3
a 164 447 8
a 165 2 1
a 166 39 5
a 166 256 6
a 167 206 9
a 168 589 6
a 169 137 7
a 169 340 2
a 169 535 9
a 170 408 3
a 171 311 2
a 171 315 1
a 171 445 1
a 171 519 2
a 172 549 7
a 173 251 9
a 173 547 4
a 174 242 3
a 174 590 2
a 175 616 7
a 176 121 9
a 176 543 10
a 176 603 5
a 177 36 2
a 177 341 8
a 177 559 2
a 178 251 3
a 178 295 5
a 179 145 1
a 180 373 9
a 180 437 10
a 180 486 9
a 180 613 2
a 181 127 7
a 181 202 9
a 181 274 2
a 181 632 5
a 182 178 1
a 182 293 9
a 183 212 4
a 183 372 3
a 183 427 2
a 183 666 1
a 184 538 5
a 185 174 10
a 185 542 1
a 186 663 7
a 187 259 3
a 188 253 1
a 188 348 8
a 188 534 5
a 188 654 4
a 189 231 5
a 189 238 5
a 189 457 1
a 190 587 6
a 191 143 5
a 192 587 4
a 193 187 4
a 193 222 1
a 194 493 2
a 195 323 7
a 196 257 2
a 196 327 3
a 197 21 7
a 197 291 7
a 197 474 5
a 197 664 1
a 198 84 8
a 199 410 10
a 200 7 3
a 200 225 1
a 200 494 7
a 201 50 5
a 202 654 10
a 203 502 2
a 204 66 7
a 204 162 6
a 204 439 5
a 204 566 1
a 205 252 10
a 206 30 8
a 206 395 2
a 207 164 1
a 207 232 9
a 207 355 8
a 208 496 8
a 209 475 9
a 209 574 1
a 210 133 5
a 210 414 10
a 211 426 6
a 211 646 5
a 212 672 7
a 213 384 9
a 213 546 3
a 214 436 7
a 215 128 10
a 216 147 7
a 216 599 8
a 217 461 7
a 217 514 8
a 217 572 10
a 218 108 3
a 218 170 8
a 218 357 8
a 219 367 9
a 219 683 8
a 220 20 9
a 220 171 4
a 220 436 2
a 221 4 10
a 221 521 3
a 222 426 3
a 222 571 6
a 223 47 3
a 223 261 5
a 224 624 10
a 225 439 5
a 225 677 4
a 226 14 10
a 226 25 1
a 226 441 2
a 226 623 5
a 226 683 6
a 227 190 4
a 227 208 5
a 227 238 4
a 228 308 5
a 228 541 7
a 228 608 8
a 229 326 4
a 229 400 5
a 230 295 9
a 231 354 10
a 231 392 4
a 232 223 4
a 232 700 5
a 233 47 9
a 234 294 5
a 234 304 8
a 234 630 1
a 234 680 3
a 235 34 7
a 235 376 10
a 235 508 4
a 236 141 10
a 236 354 3
a 237 322 5
a 238 115 3
a 238 133 5
a 238 149 10
a 238 262 7
a 239 435 6
a 239 547 5
a 240 105 4
a 240 241 4
a 240 249 5
a 240 296 8
a 240 390 4
a 241 653 7
a 242 512 8
a 243 691 3
a 243 696 4
a 244 183 6
a 244 271 4
a 244 631 8
a 245 248 1
a 246 11 7
a 246 182 7
a 246 221 3
a 247 316 8
a 248 446 9
a 248 539 6
a 248 649 7
a 249 218 3
a 249 622 5
a 250 334 3
a 250 399 2
a 251 164 1
a 251 226 2
a 251 557 5
a 251 658 10
a 252 313 1
a 252 330 7
a 252 577 3
a 252 696 10
a 253 95 3
a 253 138 1
a 254 34 9
a 254 56 8
a 255 142 1
a 256 487 1
a 257 70 7
a 257 532 1
a 258 674 9
a 259 142 6
a 260 279 8
a 261 111 6
a 261 318 1
a 261 610 10
a 262 63 6
a 262 422 8
a 263 114 9
a 263 299 3
a 263 432 10
a 264 141 8
a 264 271 6
a 264 350 8
a 264 370 5
a 265 288 8
a 265 555 3
a 265 570 4
a 265 700 4
a 266 5 9
a 266 362 4
a 267 554 5
a 267 660 4
a 268 378 5
a 269 136 7
a 270 415 10
a 271 213 5
a 271 594 5
a 271 665 4
a 272 101 4
a 272 369 7
a 272 469 10
a 273 238 3
a 274 112 8
a 274 317 4
a 275 536 8
a 276 430 4
a 276 605 7
a 277 20 8
a 278 542 8
a 279 255 10
a 280 248 1
a 280 296 3
a 280 592 3
a 281 370 4
a 282 54 9
a 282 662 10
a 283 280 8
a 283 365 4
a 283 543 7
a 284 60 8
a 284 74 5
a 284 321 10
a 285 384 5
a 286 358 10
a 286 471 6
a 287 24 2
a 287 352 3
a 287 658 5
a 288 290 10
a 289 408 1
a 289 653 8
a 290 116 4
a 290 219 2
a 290 316 4
a 290 525 9
a 291 378 2
a 291 561 10
a 292 247 7
a 292 676 1
a 293 534 2
a 294 22 2
a 294 232 2
a 295 391 9
a 295 699 10
a 296 85 3
a 297 33 6
a 297 191 4
a 298 309 10
a 299 296 4
a 299 490 8
a 300 186 2
a 300 558 1
a 301 116 1
a 301 185 2
a 301 487 1
a 302 572 3
a 303 71 2
a 303 153 5
a 304 189 3
a 304 293 6
a 305 225 3
a 305 244 9
a 305 692 5
a 306 552 6
a 307 184 7
a 307 285 5
a 307 463 8
a 307 496 10
a 307 546 1
a 308 468 4
a 309 247 1
a 310 47 4
a 310 187 2
a 311 8 10
a 312 574 4
a 312 611 8
a 313 253 5
a 313 504 1
a 313 653 5
a 314 167 6
a 314 308 6
a 315 693 5
a 316 375 7
a 316 689 8
a 317 682 2
a 318 131 6
a 319 209 9
a 319 225 7
a 320 660 7
a 321 519 8
a 322 139 4
a 322 585 8
a 323 24 6
a 323 52 5
a 324 330 2
a 324 618 5
a 325 16 6
a 325 503 1
a 325 506 1
a 326 293 8
a 326 445 4
a 326 458 7
a 327 177 5
a 327 221 7
a 327 290 9
a 327 334 9
a 328 193 7
a 328 679 8
a 328 695 3
a 329 108 1
a 329 349 10
a 330 511 3
a 330 550 2
a 330 648 7
a 331 194 5
a 331 608 9
a 332 217 7
a 332 426 10
a 332 482 8
a 333 100 5
a 333 199 2
a 333 492 3
a 333 647 10
a 334 434 7
a 335 623 2
a 336 51 7
a 336 129 8
a 337 65 5
a 337 509 3
a 338 435 3
a 338 491 2
a 339 62 2
a 339 332 3
a 340 488 9
a 340 527 6
a 341 382 1
a 341 667 1
a 342 585 10
a 343 556 2
a 344 256 6
a 345 121 10
a 345 624 7
a 346 255 3
a 346 467 7
a 347 529 3
a 348 132 1
a 348 513 3
a 348 553 9
a 349 65 1
a 349 89 10
a 349 99 9
a 349 551 3
a 350 45 10
a 350 73 9
a 350 104 9
a 350 321 9
a 350 481 10
a 351 636 9
a 352 217 6
a 353 686 10
a 354 209 9
a 355 297 3
a 355 571 8
a 356 18 4
a 356 110 1
a 357 276 1
a 358 509 9
a 359 21 7
a 359 343 6
a 359 448 10
a 359 485 10
a 360 91 2
a 360 604 8
a 361 386 2
a 361 566 1
a 361 571 8
a 362 223 7
a 362 312 10
a 362 615 10
a 363 553 9
a 364 642 9
a 365 357 3
a 365 434 8
a 366 107 2
a 367 428 6
a 367 472 9
a 368 649 1
a 369 513 3
a 370 672 9
a 371 146 3
a 371 214 7
a 371 594 6
a 372 508 5
a 373 552 4
a 374 337 1
a 374 589 7
a 375 154 2
a 375 224 3
a 375 377 10
a 375 405 9
a 375 627 10
a 376 437 7
a 376 595 5
a 377 215 4
a 377 368 4
a 377 551 4
a 377 616 3
a 378 38 9
a 378 292 7
a 379 144 7
a 379 288 4
a 380 86 5
a 380 172 1
a 380 544 2
a 381 10 8
a 381 34 5
a 382 158 1
a 382 537 10
a 383 102 8
a 383 396 10
a 384 244 6
a 385 117 7
a 385 420 3
a 386 68 8
a 387 497 3
a 388 204 3
a 389 251 10
a 390 113 5
a 391 179 4
a 391 699 3
a 392 205 7
a 392 216 6
a 392 418 9
a 393 627 7
a 394 271 4
a 395 464 8
a 395 549 1
a 395 663 3
a 396 482 4
a 396 609 10
a 397 347 9
a 397 495 7
a 398 351 10
a 398 549 4
a 399 209 7
a 399 470 7
a 400 624 9
a 401 675 10
a 401 697 3
a 402 350 10
a 402 516 5
a 403 607 1
a 404 363 5
a 404 524 5
a 405 23 8
a 405 395 9
a 406 312 10
a 406 330 5
a 406 596 6
a 407 143 4
a 408 102 8
a 408 453 1
a 408 526 10
a 409 127 6
a 409 336 9
a 410 124 9
a 410 335 6
a 411 419 10
a 412 63 6
a 412 541 1
a 413 660 8
a 414 187 9
a 415 362 10
a 416 434 10
a 416 657 5
a 416 693 8
a 417 71 4
a 418 55 4
a 418 317 8
a 418 367 8
a 419 529 4
a 420 554 9
a 421 75 8
a 421 398 1
a 421 663 9
a 422 71 6
a 422 227 1
a 422 567 6
a 423 442 3
a 423 483 8
a 423 573 1
a 424 120 2
a 424 384 8
a 425 134 10
a 425 473 10
a 426 141 8
a 427 337 1
a 427 503 4
a 428 146 1
a 429 359 5
a 430 676 2
a 431 578 9
a 431 584 3
a 432 682 2
a 433 545 8
a 434 206 4
a 434 225 9
a 435 615 5
a 436 29 8
a 436 228 10
a 437 74 7
a 437 545 4
a 438 157 7
a 438 593 7
a 438 647 7
a 439 12 1
a 439 107 5
a 439 145 3
a 439 148 7
a 439 470 8
a 440 306 7
a 440 353 1
a 441 159 8
a 441 390 2
a 442 47 6
a 442 123 7
a 442 153 6
a 443 42 1
a 443 499 3
a 444 157 1
a 444 158 4
a 444 528 7
a 445 105 5
a 445 277 2
a 445 531 8
a 446 142 4
a 446 374 5
a 447 120 7
a 447 293 7
a 448 687 1
a 449 648 3
a 450 169 9
a 451 664 4
a 452 201 3
a 453 666 5
a 454 220 7
a 454 667 2
a 454 676 5
a 455 69 6
a 455 106 4
a 456 127 2
a 456 233 8
a 456 389 5
a 457 79 8
a 457 289 6
a 457 700 3
a 458 294 10
a 458 411 8
a 459 174 7
a 459 197 8
a 459 198 9
a 459 450 5
a 460 13 2
a 460 286 6
a 460 606 2
a 461 19 10
a 461 258 10
a 461 382 3
a 462 489 5
a 462 520 8
a 462 639 2
a 463 137 5
a 463 163 8
a 464 266 2
a 465 167 10
a 465 273 9
a 466 543 5
a 466 569 4
a 467 361 6
a 468 380 3
a 468 509 3
a 469 571 10
a 470 403 4
a 470 668 9
a 471 216 2
a 472 94 4
a 472 689 7
a 473 85 5
a 474 226 2
a 475 44 3
a 475 347 4
a 476 315 5
a 477 300 4
a 477 303 5
a 477 558 8
a 478 224 8
a 479 438 9
a 480 10 3
a 480 306 4
a 481 18 9
a 482 447 8
a 482 506 3
a 482 545 2
a 483 514 9
a 483 588 7
a 484 171 5
a 484 514 7
a 485 396 4
a 485 489 1
a 485 644 10
a 486 638 7
a 487 612 1
a 488 149 5
a 488 688 4
a 489 180 1
a 489 521 3
a 489 556 3
a 490 218 8
a 490 641 5
a 491 279 3
a 491 462 3
a 492 50 2
a 492 331 7
a 493 270 3
a 493 415 1
a 494 470 8
a 495 49 10
a 495 180 1
a 496 427 10
a 497 553 3
a 497 674 4
a 498 195 2
a 498 200 5
a 498 402 9
a 498 510 5
a 498 586 3
a 498 669 1
a 499 275 8
a 500 150 2
a 500 385 1
a 500 636 3
a 501 17 7
a 501 142 9
a 501 407 10
a 501 452 3
a 502 35 9
a 502 298 10
a 502 394 8
a 503 244 8
a 504 31 4
a 504 41 2
a 504 424 7
a 505 359 9
a 505 652 9
a 506 118 1
a 506 318 6
a 507 384 3
a 507 636 8
a 507 660 8
a 508 59 8
a 508 585 8
a 509 528 6
a 509 595 10
a 510 255 3
a 510 616 5
a 511 137 5
a 511 454 7
a 512 121 6
a 513 522 10
a 514 200 7
a 514 494 6
a 514 661 3
a 514 693 9
a 515 443 8
a 515 571 8
a 516 29 6
a 516 643 4
a 517 106 1
a 517 424 1
a 518 251 2
a 518 411 6
a 519 485 4
a 520 230 1
a 520 551 7
a 521 305 4
a 521 487 10
a 522 199 4
a 522 227 10
a 522 460 1
a 523 272 9
a 523 396 1
a 524 288 8
a 524 359 5
a 524 512 10
a 525 358 6
a 525 431 10
a 526 362 5
a 526 513 9
a 527 44 2
a 527 590 5
a 528 44 8
a 528 323 1
a 528 360 4
a 529 508 1
a 530 674 4
a 531 56 1
a 531 135 4
a 531 302 6
a 531 468 6
a 531 538 3
a 531 690 3
a 532 533 10
a 532 618 8
a 532 697 7
a 533 365 3
a 533 425 6
a 533 593 10
a 534 239 10
a 534 294 5
a 534 625 2
a 535 286 4
a 535 447 4
a 535 659 10
a 536 57 4
a 537 324 10
a 537 562 3
a 538 50 4
a 538 124 7
a 538 520 3
a 539 118 9
a 540 163 9
a 540 688 8
a 541 381 10
a 541 429 9
a 541 540 1
a 542 15 4
a 543 240 6
a 543 696 3
a 544 486 7
a 545 244 5
a 545 409 1
a 545 696 9
a 546 545 7
a 547 268 2
a 547 280 4
a 548 369 7
a 549 53 8
a 549 65 5
a 549 117 8
a 549 480 9
a 550 366 7
a 551 21 6
a 551 180 6
a 551 437 10
a 552 57 1
a 552 72 2
a 552 391 8
a 552 505 4
a 553 304 4
a 554 2 6
a 555 27 6
a 555 314 8
a 555 512 9
a 555 672 7
a 556 410 10
a 556 579 1
a 557 24 3
a 557 276 4
a 557 459 10
a 558 596 2
a 558 638 7
a 559 40 6
a 560 555 7
a 560 557 10
a 561 37 7
a 561 158 8
a 561 656 1
a 562 350 9
a 563 389 5
a 564 696 5
a 565 62 7
a 565 451 8
a 565 526 2
a 565 685 6
a 566 92 7
a 567 198 4
a 568 59 7
a 568 98 10
a 569 602 6
a 569 606 9
a 570 81 7
a 570 608 7
a 571 167 2
a 572 664 2
a 573 176 9
a 573 366 1
a 573 648 5
a 574 453 2
a 575 109 4
a 575 381 5
a 576 396 6
a 576 433 6
a 577 494 10
a 577 590 7
a 578 297 9
a 579 294 3
a 579 565 3
a 580 279 5
a 580 437 1
a 581 244 6
a 582 572 7
a 583 499 10
a 584 449 7
a 585 23 4
a 585 124 3
a 585 165 5
a 586 175 3
a 586 260 8
a 586 325 3
a 586 430 8
a 587 26 9
a 587 500 2
a 587 552 6
a 588 262 1
a 588 317 2
a 588 518 6
a 589 555 4
a 590 3 1
a 590 329 8
a 590 389 7
a 591 381 2
a 591 531 9
a 591 587 5
a 592 130 1
a 592 608 4
a 593 392 7
a 593 403 10
a 594 676 4
a 595 640 2
a 596 147 6
a 596 580 1
a 596 591 9
a 597 155 9
a 597 356 3
a 598 215 7
a 599 220 4
a 600 309 4
a 600 563 2
a 601 153 10
a 602 677 4
a 603 117 4
a 603 125 6
a 603 501 10
a 604 92 8
a 604 113 2
a 604 473 8
a 604 559 6
a 605 32 5
a 605 152 6
a 605 379 4
a 605 522 3
a 606 65 1
a 606 530 4
a 607 521 10
a 608 192 5
a 609 507 5
a 610 36 1
a 610 484 4
a 611 342 1
a 611 665 3
a 612 449 9
a 612 548 10
a 613 13 7
a 613 234 4
a 613 423 5
a 614 250 5
a 614 264 6
a 614 696 9
a 615 585 8
a 616 203 8
a 616 550 5
a 617 91 6
a 617 634 3
a 618 338 9
a 618 394 10
a 619 84 8
a 619 621 6
a 620 122 3
a 621 576 5
a 622 169 5
a 622 581 6
a 623 78 2
a 623 404 9
a 624 78 7
a 624 577 3
a 624 674 10
a 625 396 9
a 626 646 9
a 627 205 4
a 627 684 6
a 627 695 8
a 628 271 10
a 628 333 4
a 628 375 4
a 629 119 10
a 630 213 5
a 630 670 4
a 631 251 10
a 631 515 10
a 631 677 3
a 632 502 4
a 632 512 9
a 633 67 3
a 633 380 7
a 634 118 6
a 635 311 5
a 636 427 2
a 637 215 9
a 638 190 6
a 638 410 2
a 638 450 4
a 639 310 2
a 640 161 10
a 640 607 9
a 641 600 7
a 642 218 1
a 643 563 10
a 644 114 6
a 644 319 1
a 645 584 6
a 646 449 9
a 646 457 3
a 646 598 8
a 647 160 5
a 647 174 7
a 647 411 7
a 648 38 8
a 648 596 10
a 649 76 6
a 649 318 9
a 649 470 1
a 650 34 5
a 651 679 3
a 652 263 6
a 652 597 1
a 653 142 8
a 653 534 7
a 654 371 5
a 655 56 9
a 655 309 6
a 655 421 1
a 656 68 7
a 656 354 10
a 657 88 5
a 657 637 3
a 658 441 7
a 659 429 8
a 659 682 8
a 660 9 6
a 660 212 3
a 661 336 7
a 662 485 10
a 663 578 8
a 664 640 9
a 664 651 7
a 665 600 5
a 665 695 4
a 666 616 5
a 667 106 4
a 668 639 6
a 669 440 6
a 669 472 7
a 669 594 3
a 669 635 9
a 670 577 1
a 670 617 5
a 671 296 8
a 671 397 2
a 671 585 3
a 672 337 10
a 673 23 7
a 674 301 5
a 674 339 7
a 674 540 9
a 674 576 7
a 675 43 2
a 675 243 4
a 675 326 9
a 675 383 9
a 676 203 10
a 676 413 1
a 676 582 2
a 677 5 5
a 677 196 6
a 677 436 3
a 677 524 1
a 678 320 10
a 678 695 4
a 679 426 10
a 680 193 5
a 681 574 10
a 682 321 8
a 683 671 1
a 684 307 6
a 684 577 8
a 685 357 1
a 686 569 5
a 687 619 10
a 688 120 8
a 689 92 7
a 689 176 6
a 690 615 2
a 691 236 3
a 691 275 5
a 691 455 7
a 691 661 2
a 692 201 1
a 692 392 9
a 693 58 10
a 693 77 6
a 693 101 9
a 693 338 3
a 693 620 2
a 694 175 4
a 694 296 7
a 694 642 4
a 695 285 6
a 696 58 6
a 696 665 10
a 697 287 10
a 697 507 1
a 697 656 4
a 698 168 6
a 698 583 7
a 699 181 8
