p max 700 1400
n 1 s
n 700 t
a 1 210 6
a 1 532 2
a 2 140 2
a 2 585 4
a 3 120 7
a 3 237 7
a 3 373 8
a 4 468 8
a 4 648 5
a 5 202 3
a 6 564 9
a 7 10 4
a 7 193 2
a 8 222 8
a 8 474 6
a 9 131 5
a 9 260 10
a 9 648 8
a 10 286 10
a 11 211 4
a 12 553 9
a 12 639 10
a 13 417 10
a 13 456 10
a 13 581 8
a 14 119 8
a 14 168 8
a 14 231 8
a 15 322 2
a 15 401 5
a 15 411 9
a 16 317 10
a 16 380 7
a 17 121 6
a 18 617 4
a 19 339 3
a 19 630 7
a 20 109 2
a 20 186 7
a 21 158 9
a 21 512 4
a 22 306 7
a 22 318 1
a 22 511 3
a 23 85 7
a 23 263 6
a 23 315 10
a 23 539 1
a 24 425 5
a 24 556 8
a 25 18 8
a 25 285 8
a 25 322 7
a 26 569 1
a 27 308 6
a 28 512 6
a 28 634 10
a 29 481 3
a 30 48 4
a 30 233 5
a 31 211 2
a 31 383 7
a 32 601 9
a 33 147 6
a 33 538 9
a 34 474 8
a 34 517 3
a 34 522 10
a 35 180 10
a 35 683 6
a 36 200 1
a 37 200 6
a 37 526 3
a 38 153 10
a 38 156 5
a 39 105 1
a 39 162 10
a 39 459 7
a 40 613 3
a 41 178 4
a 41 681 6
a 42 72 8
a 42 208 10
a 43 9 8
a 43 22 8
a 43 467 5
a 43 511 1
a 44 343 7
a 45 421 10
a 46 491 3
a 47 17 4
a 47 583 3
a 47 673 8
a 48 319 9
a 48 618 6
a 49 318 10
a 50 343 3
a 51 6 7
a 51 269 6
a 51 660 1
a 52 171 4
a 52 360 6
a 53 43 10
a 53 237 8
a 54 208 3
a 55 245 10
a 56 184 1
a 57 230 2
a 58 303 8
a 59 613 10
a 60 101 4
a 60 472 2
a 61 272 1
a 61 451 8
a 62 119 3
a 62 698 8
a 63 161 1
a 64 85 1
a 65 242 7
a 66 376 8
a 66 498 5
a 66 595 1
a 67 119 7
a 67 197 1
a 67 551 10
a 68 188 10
a 68 282 7
a 69 34 8
a 70 430 10
a 71 78 3
a 72 181 7
a 73 100 1
a 73 133 4
a 73 406 6
a 73 494 7
a 74 505 3
a 74 667 9
a 75 127 3
a 75 224 2
a 76 265 1
a 76 480 6
a 77 396 6
a 77 544 2
a 78 356 5
a 78 600 9
a 79 259 9
a 79 327 10
a 79 600 3
a 80 213 4
a 81 277 1
a 81 403 10
a 81 431 3
a 81 637 9
a 81 697 9
a 82 534 2
a 82 608 7
a 83 267 6
a 84 604 7
a 85 86 9
a 85 316 10
a 85 325 4
a 85 599 5
a 86 486 2
a 87 207 3
a 87 681 9
a 88 178 2
a 88 328 10
a 89 571 5
a 89 616 4
a 90 411 6
a 90 439 4
a 91 38 3
a 91 142 8
a 92 336 8
a 92 478 3
a 93 397 9
a 93 581 8
a 93 619 7
a 93 682 10
a 94 527 2
a 94 672 1
a 95 544 4
a 96 65 9
a 96 455 5
a 96 560 2
a 97 325 3
a 98 225 9
a 98 346 7
a 99 288 6
a 99 473 8
a 99 669 7
a 100 55 2
a 100 214 2
a 101 567 3
a 102 174 6
a 102 688 9
a 103 315 6
a 103 428 4
a 104 177 6
a 104 231 10
a 105 573 1
a 105 611 8
a 106 23 6
a 106 41 4
a 106 524 7
a 107 420 10
a 107 447 8
a 107 566 2
a 108 107 3
a 108 197 4
a 108 491 2
a 109 342 8
a 109 431 7
a 109 625 5
a 110 252 3
a 110 504 4
a 111 37 7
a 111 102 6
a 111 398 9
a 112 644 5
a 113 276 9
a 114 454 1
a 114 490 5
a 115 202 3
a 115 211 2
a 115 623 5
a 116 310 10
a 116 491 3
a 117 128 5
a 118 323 7
a 118 525 8
a 119 210 9
a 119 382 8
a 120 500 9
a 120 529 4
a 121 518 4
a 122 120 1
a 123 239 8
a 124 132 8
a 124 453 6
a 124 696 4
a 125 2 10
a 125 266 9
a 126 141 8
a 126 278 3
a 126 353 1
a 127 140 3
a 127 593 10
a 128 304 6
a 128 429 10
a 129 237 6
a 129 314 3
a 130 312 6
a 130 478 9
a 131 649 3
a 132 475 5
a 132 668 8
a 133 34 9
a 134 135 3
a 135 698 5
a 136 26 8
a 136 110 9
a 136 219 1
a 136 469 6
a 136 494 2
a 137 489 3
a 137 632 9
a 137 638 4
a 138 457 2
a 139 455 9
a 140 85 7
a 140 289 7
a 140 476 6
a 140 486 1
a 140 596 6
a 140 654 6
a 141 355 3
a 141 365 5
a 141 479 10
a 142 10 10
a 143 169 10
a 144 284 3
a 144 343 1
a 144 677 3
a 145 235 6
a 145 557 8
a 146 77 9
a 146 323 8
a 146 354 4
a 147 282 2
a 147 308 2
a 147 321 2
a 148 332 6
a 149 501 8
a 150 141 2
a 150 690 6
a 151 370 10
a 152 507 6
a 153 667 5
a 154 280 10
a 154 586 6
a 155 39 3
a 155 186 5
a 156 240 5
a 156 572 3
a 157 283 8
a 158 628 10
a 159 447 3
a 159 543 2
a 160 66 5
a 160 495 2
a 160 636 9
a 161 151 5
a 161 535 5
a 161 624 8
a 161 648 5
a 162 167 1
a 163 183 4
a 163 484 3
a 164 515 9
a 165 107 5
a 166 229 5
a 166 366 5
a 166 640 10
a 167 411 2
a 168 510 3
a 168 660 1
a 169 27 9
a 169 347 1
a 169 348 10
a 170 566 2
a 171 115 2
a 171 463 2
a 171 614 1
a 172 188 2
a 172 252 5
a 173 10 4
a 173 499 8
a 174 46 5
a 174 443 3
a 174 687 1
a 175 334 3
a 176 659 6
a 177 52 2
a 177 513 7
a 177 514 7
a 177 625 2
a 177 650 10
a 178 423 6
a 178 569 7
a 179 341 5
a 180 485 1
a 181 477 2
a 182 684 5
a 183 333 2
a 183 381 9
a 184 439 2
a 184 504 8
a 185 230 2
a 185 555 8
a 186 440 1
a 186 576 4
a 187 121 3
a 187 270 1
a 187 683 6
a 188 399 9
a 188 646 1
a 189 250 8
a 189 375 10
a 189 574 1
a 190 544 10
a 190 622 8
a 190 653 5
a 191 217 2
a 191 320 4
a 191 579 8
a 192 614 6
a 193 260 1
a 194 208 6
a 194 318 6
a 194 387 4
a 195 3 8
a 195 145 8
a 196 4 3
a 196 89 8
a 197 90 5
a 197 92 7
a 197 520 1
a 198 139 9
a 198 487 9
a 199 269 10
a 199 626 4
a 199 672 4
a 200 254 3
a 200 329 6
a 201 5 2
a 202 480 6
a 203 84 2
a 203 302 1
a 204 643 7
a 205 279 4
a 205 405 9
a 205 477 5
a 205 602 5
a 205 664 4
a 206 467 5
a 207 54 6
a 207 143 8
a 207 564 4
a 208 390 3
a 208 452 4
a 209 166 5
a 209 223 2
a 210 42 6
a 210 361 2
a 211 243 2
a 211 257 1
a 212 196 5
a 212 675 1
a 213 31 3
a 213 433 5
a 213 509 6
a 214 418 1
a 214 452 10
a 215 232 1
a 216 487 9
a 217 382 4
a 218 512 4
a 219 201 10
a 219 482 4
a 219 587 1
a 220 192 2
a 220 283 3
a 220 622 1
a 221 68 9
a 222 30 7
a 222 139 2
a 222 210 5
a 222 604 8
a 223 39 6
a 224 320 5
a 225 262 9
a 226 459 10
a 227 324 10
a 227 654 10
a 228 133 10
a 228 412 6
a 229 104 7
a 229 594 5
a 230 574 6
a 231 50 4
a 231 98 7
a 231 359 10
a 232 196 7
a 233 527 9
a 234 655 5
a 234 700 10
a 235 421 3
a 235 570 2
a 236 436 10
a 237 38 9
a 237 84 5
a 237 678 2
a 238 152 5
a 238 283 8
a 238 306 6
a 238 519 4
a 239 156 3
a 239 296 8
a 239 662 10
a 240 13 3
a 241 76 3
a 242 411 5
a 243 265 8
a 244 628 7
a 245 102 9
a 246 140 1
a 247 360 9
a 248 134 9
a 248 288 8
a 248 297 4
a 248 492 2
a 249 159 7
a 249 397 3
a 250 6 3
a 251 228 2
a 251 413 10
a 252 106 1
a 252 569 1
a 253 188 8
a 254 613 1
a 255 353 7
a 256 424 10
a 256 426 10
a 256 492 10
a 257 87 6
a 257 173 1
a 257 251 2
a 257 419 7
a 258 315 3
a 258 462 4
a 258 536 2
a 259 206 2
a 259 263 9
a 260 191 10
a 261 660 4
a 262 231 8
a 263 72 6
a 263 496 6
a 264 124 8
a 264 275 3
a 265 100 4
a 266 236 5
a 266 668 1
a 267 140 8
a 267 388 9
a 268 430 2
a 269 295 6
a 269 479 7
a 269 552 3
a 270 124 7
a 270 458 4
a 270 646 10
a 271 625 9
a 272 15 6
a 272 74 5
a 272 547 4
a 273 76 3
a 273 400 4
a 274 132 9
a 274 335 9
a 275 280 5
a 275 550 4
a 276 307 5
a 276 533 8
a 277 661 1
a 278 193 3
a 279 459 1
a 280 680 8
a 281 253 7
a 281 538 7
a 281 556 7
a 281 620 9
a 281 649 5
a 282 557 10
a 282 664 3
a 282 688 4
a 283 16 3
a 283 501 7
a 284 258 10
a 284 522 8
a 285 4 4
a 285 537 2
a 286 603 9
a 287 464 7
a 287 623 4
a 287 638 10
a 288 67 2
a 289 160 9
a 289 233 6
a 290 19 4
a 290 480 9
a 291 50 5
a 292 33 9
a 292 135 4
a 292 335 2
a 292 565 8
a 293 193 3
a 293 379 3
a 294 46 2
a 295 369 4
a 295 695 1
a 296 128 4
a 296 329 4
a 297 380 5
a 298 188 3
a 298 592 1
a 298 613 9
a 299 166 3
a 299 176 3
a 299 601 10
a 300 179 4
a 300 313 2
a 300 534 5
a 301 220 7
a 301 268 7
a 301 360 7
a 302 185 3
a 302 627 1
a 303 395 9
a 304 50 3
a 305 8 3
a 305 651 2
a 306 24 9
a 307 237 2
a 307 448 9
a 307 449 4
a 308 85 5
a 308 456 9
a 308 507 3
a 309 606 3
a 310 40 10
a 310 463 5
a 311 443 6
a 311 578 10
a 312 192 7
a 313 28 9
a 313 576 9
a 313 600 5
a 313 627 9
a 314 13 6
a 314 225 3
a 315 265 9
a 315 545 6
a 316 196 4
a 316 689 10
a 317 65 3
a 317 549 10
a 318 234 4
a 319 420 8
a 320 111 7
a 320 541 7
a 320 639 9
a 321 110 8
a 322 137 6
a 322 174 4
a 323 216 9
a 323 227 7
a 323 435 10
a 324 14 7
a 324 45 5
a 324 99 4
a 325 240 8
a 325 414 4
a 325 466 8
a 325 565 5
a 326 104 7
a 326 251 7
a 326 488 10
a 327 170 3
a 327 674 7
a 328 364 8
a 328 547 10
a 328 609 6
a 329 29 1
a 329 63 5
a 329 286 3
a 329 588 7
a 329 629 2
a 330 154 2
a 330 402 5
a 331 407 9
a 331 603 5
a 332 646 1
a 332 673 9
a 333 603 8
a 334 198 3
a 334 500 1
a 335 78 7
a 335 557 3
a 335 565 4
a 336 188 2
a 337 53 1
a 337 360 3
a 338 235 9
a 338 657 10
a 339 150 6
a 339 226 9
a 340 229 2
a 340 690 8
a 341 70 4
a 341 280 10
a 341 655 7
a 342 280 10
a 343 352 1
a 343 361 7
a 344 59 9
a 344 482 3
a 345 272 10
a 345 293 4
a 346 248 6
a 347 40 1
a 347 442 8
a 348 206 9
a 349 134 6
a 350 146 10
a 350 430 10
a 351 392 3
a 351 509 1
a 351 699 7
a 352 385 2
a 352 434 10
a 353 159 6
a 353 246 8
a 353 692 8
a 354 157 10
a 355 634 4
a 355 640 7
a 356 298 4
a 356 367 10
a 357 21 8
a 357 161 9
a 357 441 1
a 358 465 9
a 358 474 5
a 359 404 6
a 359 501 8
a 359 663 6
a 360 149 7
a 361 627 6
a 362 26 5
a 362 286 3
a 362 443 3
a 363 641 7
a 364 14 10
a 364 59 9
a 364 62 9
a 364 284 3
a 364 582 4
a 365 31 1
a 366 93 4
a 366 253 3
a 366 656 6
a 367 500 3
a 368 209 5
a 368 218 8
a 368 282 3
a 369 177 2
a 369 389 5
a 369 596 9
a 370 203 1
a 370 398 4
a 370 590 7
a 371 53 8
a 371 248 8
a 371 602 9
a 372 405 8
a 373 108 9
a 373 324 5
a 374 295 2
a 374 341 4
a 375 73 1
a 375 271 9
a 376 628 7
a 377 224 10
a 378 34 5
a 378 42 5
a 378 348 4
a 379 151 3
a 379 332 7
a 380 155 7
a 380 370 2
a 380 699 5
a 381 377 3
a 382 627 9
a 383 346 2
a 383 580 7
a 384 146 8
a 384 204 4
a 385 212 4
a 386 376 8
a 386 431 2
a 387 180 2
a 387 621 6
a 388 537 1
a 388 611 8
a 389 5 9
a 389 195 7
a 389 281 6
a 389 666 1
a 389 698 7
a 390 57 4
a 390 570 5
a 391 95 7
a 391 175 8
a 391 679 9
a 392 401 3
a 393 91 5
a 393 239 10
a 393 256 3
a 394 28 8
a 394 628 10
a 395 127 10
a 396 49 6
a 396 66 2
a 396 93 8
a 397 438 7
a 398 390 6
a 399 91 2
a 399 261 2
a 399 477 6
a 399 691 7
a 400 180 10
a 400 191 3
a 401 159 7
a 402 37 10
a 402 647 8
a 403 150 8
a 403 680 10
a 404 274 3
a 404 533 3
a 405 156 1
a 406 155 2
a 406 160 4
a 406 300 6
a 407 324 8
a 408 20 4
a 408 332 9
a 409 309 7
a 409 486 7
a 410 523 3
a 410 533 1
a 411 92 5
a 412 429 4
a 413 230 1
a 413 423 8
a 413 445 2
a 414 214 7
a 414 336 6
a 415 393 2
a 415 416 7
a 416 20 4
a 417 2 8
a 417 261 6
a 418 180 5
a 418 372 5
a 418 663 3
a 419 111 3
a 419 431 6
a 420 4 4
a 420 661 8
a 421 68 9
a 421 575 5
a 422 354 2
a 423 182 8
a 423 381 5
a 423 386 5
a 424 82 9
a 424 260 3
a 424 287 6
a 425 147 7
a 425 276 8
a 426 349 4
a 426 615 10
a 426 631 4
a 427 470 10
a 427 650 3
a 428 116 8
a 428 471 8
a 428 506 2
a 428 671 3
a 429 60 8
a 430 466 2
a 431 222 9
a 431 454 1
a 432 449 1
a 432 574 5
a 433 14 2
a 433 520 6
a 434 141 10
a 434 148 8
a 434 394 10
a 434 459 9
a 435 65 4
a 435 96 6
a 435 339 1
a 435 492 5
a 436 181 2
a 437 473 5
a 438 639 3
a 439 138 4
a 439 684 5
a 440 83 6
a 440 190 9
a 440 222 7
a 440 542 9
a 440 643 9
a 441 646 6
a 442 257 9
a 442 559 7
a 443 191 8
a 443 330 7
a 444 21 6
a 444 268 2
a 444 667 8
a 445 250 6
a 445 641 10
a 446 251 9
a 447 56 3
a 447 419 1
a 447 642 9
a 448 15 3
a 448 493 10
a 449 139 5
a 450 83 5
a 450 129 1
a 450 367 7
a 451 209 2
a 452 283 2
a 452 614 1
a 453 95 4
a 453 301 8
a 453 571 3
a 454 444 6
a 454 450 9
a 455 248 9
a 456 538 7
a 457 668 9
a 458 177 8
a 458 191 4
a 458 548 1
a 459 71 5
a 459 221 4
a 459 317 8
a 459 510 1
a 460 521 5
a 460 544 3
a 461 438 10
a 461 518 1
a 462 249 8
a 462 411 10
a 463 475 4
a 464 138 9
a 464 232 10
a 465 286 7
a 466 68 6
a 466 461 3
a 467 253 4
a 467 340 8
a 467 597 10
a 468 375 8
a 468 617 6
a 469 80 2
a 469 101 5
a 469 135 2
a 470 314 5
a 471 61 9
a 472 187 2
a 472 305 4
a 472 529 5
a 473 212 8
a 473 299 3
a 473 422 10
a 473 521 8
a 474 567 6
a 474 654 1
a 475 183 9
a 475 406 3
a 476 432 4
a 476 516 5
a 476 580 5
a 477 194 6
a 477 264 8
a 477 413 3
a 477 457 8
a 477 572 7
a 478 144 6
a 478 464 5
a 479 117 3
a 479 302 5
a 480 43 6
a 480 49 1
a 480 312 9
a 480 391 2
a 481 552 1
a 482 504 8
a 483 175 3
a 484 428 4
a 485 215 1
a 485 353 6
a 486 184 4
a 487 208 3
a 488 601 4
a 489 72 3
a 489 640 1
a 490 130 3
a 490 485 7
a 490 650 5
a 491 48 2
a 491 81 3
a 492 78 9
a 492 446 7
a 492 529 4
a 493 465 9
a 494 381 7
a 495 232 2
a 495 546 1
a 495 693 3
a 496 226 3
a 496 533 7
a 497 273 9
a 498 154 6
a 498 167 7
a 498 209 8
a 498 480 1
a 498 555 3
a 499 26 8
a 499 345 2
a 500 348 6
a 500 562 7
a 501 207 8
a 501 227 8
a 502 54 8
a 502 610 10
a 503 397 2
a 504 271 7
a 505 38 3
a 505 199 2
a 505 585 9
a 506 343 3
a 507 267 8
a 507 294 7
a 507 399 7
a 507 467 5
a 508 337 6
a 509 291 4
a 509 688 10
a 510 80 5
a 511 153 9
a 511 494 10
a 512 320 5
a 512 591 3
a 512 680 4
a 513 540 6
a 513 564 1
a 514 650 5
a 515 643 1
a 516 184 3
a 516 212 4
a 516 515 10
a 517 514 5
a 517 525 4
a 517 682 9
a 518 81 4
a 518 301 7
a 518 317 9
a 518 338 9
a 519 135 4
a 519 203 8
a 519 444 3
a 519 563 4
a 520 169 6
a 521 319 10
a 522 109 3
a 522 573 5
a 523 471 6
a 524 89 8
a 524 245 5
a 525 286 8
a 525 359 9
a 525 437 10
a 526 564 2
a 526 601 5
a 527 419 1
a 528 559 4
a 529 351 8
a 529 568 8
a 530 697 10
a 531 134 10
a 531 255 6
a 531 378 7
a 532 480 8
a 533 224 4
a 533 397 1
a 534 329 2
a 535 303 1
a 535 357 2
a 536 231 7
a 537 472 6
a 538 668 8
a 539 101 6
a 540 471 3
a 541 64 3
a 541 310 2
a 541 384 2
a 541 604 9
a 541 652 2
a 542 700 2
a 543 42 1
a 543 186 2
a 544 556 7
a 545 440 8
a 546 366 5
a 546 558 3
a 546 605 10
a 547 245 3
a 548 112 2
a 548 251 5
a 548 326 1
a 549 181 1
a 549 357 9
a 549 577 3
a 550 225 10
a 550 628 6
a 550 685 3
a 551 64 10
a 551 241 3
a 551 369 2
a 552 181 3
a 552 606 2
a 553 136 10
a 553 247 3
a 553 315 2
a 554 24 3
a 554 41 3
a 554 118 2
a 554 315 1
a 554 686 3
a 555 95 1
a 556 155 4
a 556 460 1
a 557 44 8
a 557 427 4
a 558 391 1
a 559 686 6
a 560 351 4
a 561 214 9
a 562 362 8
a 563 339 6
a 563 440 9
a 564 204 5
a 564 341 3
a 564 694 4
a 565 147 5
a 566 88 5
a 566 344 8
a 566 356 1
a 567 11 3
a 567 429 1
a 567 691 7
a 568 88 5
a 569 554 10
a 569 634 8
a 570 408 3
a 570 486 1
a 571 513 8
a 572 76 9
a 572 358 6
a 573 238 9
a 573 372 3
a 573 386 6
a 573 675 1
a 574 7 1
a 574 280 6
a 574 415 10
a 575 169 7
a 575 480 4
a 575 502 3
a 576 348 8
a 577 242 8
a 577 387 6
a 577 528 5
a 578 79 5
a 578 190 3
a 578 633 5
a 579 328 5
a 579 358 7
a 579 497 6
a 580 443 6
a 581 120 7
a 581 374 4
a 581 614 1
a 582 234 7
a 582 275 7
a 582 577 7
a 582 599 2
a 583 113 6
a 583 371 2
a 584 103 10
a 584 484 10
a 585 371 5
a 585 463 1
a 586 61 4
a 586 87 3
a 586 145 5
a 586 670 3
a 587 597 5
a 587 608 4
a 588 36 8
a 588 362 4
a 588 459 6
a 589 221 10
a 589 273 3
a 590 161 5
a 590 227 6
a 591 331 8
a 592 157 5
a 592 503 2
a 592 525 9
a 592 631 8
a 593 286 6
a 593 689 8
a 594 378 2
a 594 665 7
a 595 377 7
a 595 395 4
a 595 580 9
a 596 125 6
a 596 695 5
a 597 77 2
a 598 156 8
a 599 436 10
a 599 658 9
a 599 700 8
a 600 25 4
a 600 47 5
a 600 74 6
a 600 274 4
a 601 372 5
a 601 508 8
a 602 262 9
a 602 598 8
a 602 600 2
a 602 635 6
a 603 146 3
a 603 642 2
a 604 603 2
a 605 601 8
a 605 651 10
a 606 531 6
a 606 666 6
a 607 191 3
a 607 337 8
a 608 76 2
a 609 188 10
a 609 475 1
a 609 481 2
a 609 644 8
a 610 32 10
a 610 144 5
a 610 471 8
a 611 415 6
a 611 593 4
a 612 96 9
a 613 75 8
a 614 93 8
a 615 128 10
a 615 410 6
a 615 607 10
a 616 422 5
a 617 601 9
a 618 615 1
a 619 126 2
a 619 331 10
a 619 393 5
a 619 574 2
a 620 271 8
a 620 471 8
a 621 385 8
a 621 655 4
a 622 60 5
a 622 172 1
a 623 149 2
a 623 163 8
a 623 300 2
a 623 350 1
a 623 407 8
a 623 636 5
a 624 95 9
a 625 6 1
a 625 659 1
a 626 316 10
a 627 129 4
a 627 172 8
a 627 430 5
a 628 566 10
a 629 211 2
a 630 58 1
a 630 338 5
a 631 67 2
a 631 88 2
a 632 679 10
a 633 90 5
a 633 452 10
a 633 676 4
a 634 481 5
a 635 243 1
a 636 233 2
a 637 193 10
a 638 560 3
a 639 243 1
a 640 626 7
a 641 94 1
a 641 409 3
a 641 540 1
a 642 512 2
a 643 205 9
a 643 343 7
a 644 114 10
a 644 195 6
a 645 15 10
a 646 334 6
a 646 516 8
a 647 478 2
a 648 45 2
a 648 423 9
a 649 294 4
a 649 379 2
a 650 681 5
a 651 4 3
a 651 534 7
a 652 181 9
a 652 378 10
a 653 518 4
a 654 292 5
a 654 409 10
a 654 421 2
a 654 505 3
a 654 561 2
a 655 257 5
a 655 272 3
a 655 374 7
a 656 418 3
a 657 149 9
a 658 635 9
a 659 165 9
a 659 276 9
a 660 303 6
a 661 151 2
a 662 298 5
a 662 429 8
a 662 542 4
a 662 568 5
a 663 236 7
a 663 684 8
a 664 68 5
a 664 123 6
a 664 297 1
a 665 240 10
a 665 329 5
a 665 401 7
a 666 550 1
a 667 47 5
a 667 164 9
a 668 628 9
a 669 82 8
a 669 116 10
a 669 496 8
a 669 584 9
a 670 261 2
a 670 635 10
a 671 589 5
a 671 621 1
a 672 290 8
a 672 696 5
a 673 240 5
a 674 353 9
a 675 69 7
a 675 97 4
a 675 193 8
a 676 295 6
a 677 612 2
a 677 626 5
a 678 143 7
a 679 187 2
a 680 422 2
a 680 658 10
a 681 646 7
a 682 586 10
a 682 629 6
a 683 574 6
a 684 12 6
a 684 139 8
a 684 244 7
a 684 408 5
a 684 483 3
a 685 51 4
a 685 363 6
a 685 618 9
a 685 650 1
a 686 120 6
a 687 189 4
a 687 342 3
a 688 122 6
a 688 443 2
a 689 47 9
a 689 118 1
a 689 518 5
a 690 49 9
a 690 81 1
a 690 526 3
a 691 75 10
a 691 81 6
a 691 645 10
a 692 573 7
a 693 399 3
a 693 530 3
a 693 543 5
a 694 35 8
a 694 90 7
a 695 170 5
a 695 192 3
a 696 368 1
a 696 439 6
a 697 137 3
a 697 213 6
a 697 311 9
a 698 44 3
a 698 156 3
a 699 100 5
