p max 700 1400
n 1 s
n 700 t
a 1 69 7
a 1 103 8
a 2 134 10
a 3 393 4
a 3 603 9
a 4 528 2
a 5 29 8
a 5 478 3
a 6 23 2
a 6 147 9
a 7 83 10
a 7 548 5
a 7 569 5
a 8 267 5
a 8 280 8
a 9 544 7
a 10 420 3
a 11 666 3
a 12 71 4
a 12 120 6
a 12 562 2
a 13 486 10
a 14 54 1
a 14 287 6
a 14 640 9
a 15 233 1
a 15 269 4
a 16 46 10
a 17 208 4
a 17 276 7
a 17 477 10
a 17 544 6
a 18 237 2
a 18 633 8
a 19 148 8
a 20 138 6
a 20 446 1
a 21 311 9
a 21 335 4
a 22 50 10
a 22 52 10
a 22 671 1
a 23 156 10
a 23 323 9
a 23 423 8
a 23 587 6
a 24 70 6
a 24 425 2
a 25 430 6
a 26 189 6
a 27 254 10
a 28 224 10
a 28 556 2
a 29 421 6
a 29 438 7
a 30 174 10
a 31 263 3
a 31 479 10
a 31 654 9
a 32 128 1
a 32 248 5
a 32 565 4
a 33 16 6
a 33 163 1
a 34 564 8
a 35 459 2
a 36 140 1
a 37 46 6
a 37 308 9
a 38 592 2
a 39 120 3
a 40 312 10
a 40 695 10
a 41 588 4
a 42 200 9
a 42 236 7
a 43 26 6
a 43 85 4
a 43 223 5
a 43 376 1
a 43 440 7
a 43 457 1
a 44 203 1
a 44 446 4
a 45 9 5
a 45 253 10
a 45 432 3
a 45 560 9
a 46 349 7
a 46 412 7
a 46 620 5
a 46 631 3
a 47 148 6
a 47 357 8
a 47 663 4
a 48 88 6
a 49 23 7
a 49 57 8
a 49 429 2
a 50 367 10
a 50 372 1
a 50 514 6
a 51 647 4
a 52 642 5
a 53 217 3
a 54 338 9
a 54 422 8
a 55 71 3
a 55 168 4
a 55 361 5
a 55 464 3
a 56 515 4
a 57 417 10
a 57 422 3
a 58 60 6
a 59 401 10
a 59 470 6
a 60 240 8
a 61 281 5
a 61 400 4
a 62 299 5
a 62 426 4
a 62 544 3
a 63 425 6
a 64 334 8
a 64 361 4
a 64 559 8
a 65 286 9
a 65 293 3
a 66 60 5
a 67 332 5
a 67 670 10
a 68 31 6
a 69 45 7
a 69 300 9
a 70 399 8
a 71 28 9
a 72 177 9
a 72 657 10
a 73 66 8
a 73 490 2
a 74 12 3
a 74 666 8
a 75 441 6
a 75 654 3
a 76 12 2
a 76 495 10
a 77 249 1
a 78 119 5
a 79 115 10
a 79 375 7
a 80 571 8
a 81 513 2
a 81 528 1
a 81 616 6
a 82 282 9
a 82 306 10
a 83 85 3
a 84 646 2
a 85 169 6
a 86 115 8
a 87 158 9
a 87 254 6
a 87 273 4
a 88 472 6
a 89 143 10
a 89 672 7
a 90 47 5
a 90 83 1
a 90 367 5
a 91 270 7
a 91 399 3
a 91 463 5
a 92 468 4
a 92 506 9
a 93 171 10
a 94 86 5
a 94 285 2
a 94 415 5
a 94 427 5
a 95 180 6
a 96 27 4
a 96 698 8
a 97 36 9
a 97 644 3
a 98 41 10
a 99 291 5
a 100 205 4
a 100 472 1
a 100 482 5
a 101 191 9
a 102 692 1
a 103 261 4
a 104 398 3
a 104 520 9
a 105 224 4
a 105 245 6
a 106 187 6
a 106 373 1
a 107 122 5
a 107 184 7
a 108 111 5
a 109 288 6
a 110 421 2
a 111 100 5
a 111 213 4
a 111 311 7
a 112 645 7
a 113 392 5
a 114 462 6
a 114 625 8
a 115 347 8
a 115 445 7
a 115 458 7
a 116 120 8
a 116 278 8
a 116 579 4
a 116 629 8
a 117 198 1
a 117 394 8
a 117 465 1
a 118 101 8
a 118 227 2
a 118 614 4
a 119 211 7
a 119 516 6
a 119 642 10
a 120 360 10
a 120 522 6
a 121 170 4
a 121 352 10
a 122 73 7
a 122 636 10
a 122 646 2
a 123 216 5
a 123 386 3
a 123 413 6
a 124 176 8
a 124 204 7
a 124 393 7
a 124 409 2
a 124 628 4
a 125 60 6
a 125 257 10
a 125 482 7
a 126 349 9
a 127 186 2
a 127 267 7
a 127 360 10
a 127 436 3
a 127 567 6
a 128 209 8
a 128 662 1
a 129 163 1
a 129 448 1
a 129 643 4
a 130 185 9
a 130 363 10
a 131 455 3
a 132 216 6
a 133 291 5
a 134 171 3
a 134 200 1
a 134 244 5
a 135 72 9
a 135 182 5
a 136 103 8
a 136 689 6
a 137 5 7
a 138 565 2
a 138 629 9
a 139 259 3
a 139 260 5
a 140 252 2
a 141 447 6
a 141 510 6
a 141 609 1
a 142 581 9
a 143 190 3
a 143 380 9
a 144 609 7
a 144 669 4
a 144 690 8
a 145 552 4
a 146 173 4
a 146 570 10
a 147 92 6
a 147 149 5
a 148 202 1
a 148 371 3
a 149 11 6
a 149 189 5
a 150 182 9
a 150 201 7
a 151 104 5
a 151 231 10
a 151 379 8
a 152 274 3
a 152 327 3
a 152 584 2
a 153 328 8
a 154 624 2
a 155 190 9
a 155 397 10
a 155 457 5
a 156 124 10
a 156 174 8
a 156 303 7
a 157 675 4
a 158 51 7
a 158 183 5
a 159 275 4
a 159 277 5
a 160 220 2
a 160 303 2
a 161 342 6
a 162 211 10
a 162 347 1
a 163 430 2
a 163 576 7
a 164 445 5
a 164 489 3
a 165 265 9
a 165 341 2
a 165 493 9
a 166 566 9
a 167 694 6
a 168 26 1
a 168 687 4
a 169 98 6
a 169 435 5
a 169 436 6
a 170 292 6
a 171 269 9
a 171 641 2
a 172 58 4
a 172 134 1
a 173 241 5
a 173 639 2
a 174 12 8
a 175 351 7
a 175 362 5
a 175 700 7
a 176 436 6
a 176 459 1
a 177 148 2
a 177 310 4
a 178 245 6
a 178 514 4
a 179 123 5
a 180 238 7
a 180 455 3
a 180 523 1
a 181 71 5
a 182 324 3
a 182 539 8
a 183 469 6
a 184 62 3
a 184 475 5
a 184 624 1
a 185 287 7
a 185 336 2
a 185 418 5
a 186 13 9
a 186 64 6
a 186 264 2
a 187 7 8
a 187 8 6
a 187 302 1
a 187 507 4
a 188 530 7
a 188 552 10
a 189 118 9
a 189 331 10
a 189 350 1
a 190 4 5
a 191 108 9
a 192 102 6
a 192 193 6
a 192 653 8
a 193 184 3
a 193 496 9
a 193 502 5
a 194 103 7
a 194 121 3
a 194 448 9
a 195 123 4
a 195 442 1
a 196 158 2
a 197 387 8
a 197 644 2
a 198 306 10
a 198 497 7
a 198 499 8
a 199 51 4
a 199 142 8
a 199 152 1
a 199 571 8
a 200 451 4
a 200 638 7
a 201 328 6
a 201 612 7
a 202 52 1
a 202 233 9
a 203 216 4
a 203 444 8
a 204 409 5
a 205 255 8
a 206 63 1
a 206 89 2
a 207 330 2
a 208 79 1
a 208 104 3
a 208 142 6
a 208 318 7
a 209 369 1
a 210 357 5
a 210 416 9
a 210 575 4
a 211 478 2
a 211 546 3
a 211 662 9
a 212 188 1
a 213 91 10
a 213 166 6
a 213 317 9
a 213 339 4
a 213 635 2
a 214 635 9
a 215 239 9
a 215 390 7
a 215 640 7
a 216 146 10
a 216 404 2
a 217 243 7
a 217 325 1
a 217 693 4
a 218 2 6
a 218 220 3
a 219 396 2
a 220 68 5
a 220 462 6
a 221 316 2
a 221 446 3
a 222 215 4
a 222 354 7
a 222 358 5
a 223 184 1
a 223 606 7
a 224 94 5
a 224 475 8
a 225 680 3
a 226 281 1
a 226 585 8
a 227 562 2
a 228 270 7
a 229 217 4
a 230 143 7
a 230 263 8
a 231 314 7
a 231 622 7
a 232 7 8
a 232 66 6
a 233 89 10
a 234 30 2
a 234 108 7
a 234 357 1
a 234 588 8
a 235 127 6
a 236 307 4
a 236 449 5
a 237 663 1
a 238 17 10
a 238 570 8
a 239 208 8
a 239 446 8
a 240 232 9
a 240 475 5
a 240 535 5
a 240 648 7
a 241 136 2
a 242 78 3
a 242 420 2
a 242 527 6
a 242 645 2
a 243 302 6
a 243 342 6
a 244 251 2
a 244 403 9
a 244 530 10
a 245 204 4
a 245 623 3
a 246 190 3
a 246 461 4
a 247 443 10
a 247 513 4
a 248 405 10
a 249 82 10
a 250 144 3
a 250 244 3
a 250 505 9
a 251 141 9
a 252 250 1
a 252 322 8
a 252 392 5
a 253 282 1
a 253 415 10
a 254 61 8
a 254 622 8
a 255 197 4
a 255 267 7
a 256 258 6
a 257 89 4
a 257 382 10
a 258 400 8
a 259 509 10
a 259 541 10
a 259 651 3
a 260 72 6
a 261 426 7
a 261 471 9
a 262 355 9
a 263 211 4
a 263 561 7
a 264 482 7
a 265 327 9
a 266 265 9
a 266 437 4
a 267 315 5
a 268 151 4
a 268 551 10
a 269 427 6
a 269 683 9
a 270 59 3
a 270 363 5
a 271 324 6
a 272 542 7
a 273 301 1
a 273 627 6
a 273 681 8
a 274 90 8
a 274 259 2
a 274 499 8
a 275 76 3
a 275 534 9
a 276 122 2
a 277 221 2
a 277 313 5
a 277 483 9
a 277 615 8
a 278 95 5
a 278 120 9
a 278 483 6
a 279 247 7
a 279 264 8
a 280 72 3
a 280 534 2
a 281 159 5
a 281 207 5
a 282 206 3
a 282 207 6
a 283 18 1
a 283 675 6
a 284 47 1
a 285 524 3
a 286 80 3
a 286 155 6
a 286 161 1
a 286 407 6
a 287 328 7
a 288 84 1
a 288 699 8
a 289 44 10
a 289 640 9
a 290 608 6
a 290 649 8
a 290 698 9
a 291 389 2
a 291 471 10
a 292 2 3
a 292 596 7
a 293 10 5
a 293 258 8
a 293 489 5
a 294 308 7
a 294 626 9
a 295 14 5
a 295 279 1
a 295 356 7
a 295 546 8
a 295 581 2
a 296 656 9
a 297 294 4
a 298 110 10
a 298 154 1
a 299 39 1
a 299 215 3
a 299 384 3
a 300 436 10
a 301 485 7
a 302 17 6
a 303 178 7
a 303 480 5
a 303 520 2
a 303 523 10
a 303 564 2
a 304 466 3
a 304 632 6
a 305 455 7
a 306 401 6
a 306 420 6
a 306 582 4
a 307 93 9
a 307 596 6
a 308 377 4
a 309 435 7
a 310 569 6
a 311 429 4
a 312 210 1
a 313 227 3
a 313 333 10
a 313 531 10
a 314 455 2
a 314 585 2
a 314 602 6
a 315 349 2
a 316 235 6
a 316 494 7
a 316 542 6
a 316 674 9
a 317 170 10
a 317 182 10
a 318 597 1
a 319 627 4
a 320 604 8
a 321 580 3
a 322 25 1
a 323 74 5
a 323 557 9
a 324 29 9
a 325 77 6
a 325 141 10
a 325 541 8
a 326 261 7
a 327 317 1
a 327 410 6
a 328 219 4
a 328 239 6
a 328 366 7
a 329 4 5
a 329 237 10
a 329 337 7
a 330 128 6
a 331 58 7
a 331 61 6
a 332 137 7
a 332 484 7
a 332 511 6
a 332 611 3
a 333 452 6
a 333 683 10
a 334 193 10
a 335 295 2
a 335 377 4
a 335 495 6
a 336 339 3
a 336 399 6
a 337 577 1
a 338 46 9
a 338 493 5
a 339 246 2
a 340 48 8
a 340 412 8
a 340 661 10
a 341 129 10
a 341 618 4
a 342 272 8
a 343 530 1
a 344 22 6
a 344 141 2
a 344 690 5
a 345 445 6
a 346 122 4
a 346 162 5
a 346 491 10
a 346 515 5
a 346 695 1
a 347 117 4
a 348 486 4
a 349 110 4
a 349 339 6
a 349 358 8
a 350 88 2
a 351 105 2
a 352 109 3
a 353 207 1
a 354 547 7
a 354 557 5
a 354 590 1
a 355 256 2
a 355 272 10
a 356 88 3
a 356 246 8
a 356 672 2
a 357 25 3
a 357 524 6
a 358 32 9
a 358 240 2
a 358 653 3
a 359 85 1
a 359 659 10
a 360 536 9
a 361 524 2
a 362 116 2
a 362 191 2
a 363 561 6
a 364 76 5
a 365 34 4
a 365 101 5
a 365 240 4
a 365 245 7
a 365 343 6
a 366 70 9
a 366 643 9
a 367 54 8
a 368 297 4
a 368 528 1
a 368 599 1
a 369 575 2
a 370 299 7
a 370 501 1
a 371 205 8
a 372 536 8
a 372 541 3
a 373 129 8
a 373 409 6
a 374 620 9
a 374 692 2
a 375 355 5
a 375 673 7
a 375 699 6
a 376 49 7
a 376 142 5
a 377 451 4
a 377 523 3
a 377 608 1
a 378 133 8
a 378 272 2
a 378 287 1
a 378 554 3
a 379 532 3
a 379 605 10
a 380 330 8
a 381 82 10
a 381 694 4
a 382 55 1
a 382 283 10
a 382 345 6
a 382 512 10
a 383 104 2
a 383 681 2
a 383 696 2
a 384 46 3
a 384 503 3
a 384 680 2
a 385 370 3
a 386 125 6
a 386 205 1
a 386 271 5
a 386 655 5
a 387 65 9
a 387 409 2
a 387 538 9
a 388 396 3
a 388 421 10
a 388 647 9
a 389 187 2
a 389 253 6
a 389 679 10
a 390 407 3
a 390 421 10
a 391 332 8
a 391 476 3
a 392 202 9
a 392 342 8
a 393 20 4
a 393 33 1
a 393 129 5
a 393 555 3
a 394 66 9
a 395 266 8
a 396 6 9
a 396 132 9
a 396 573 2
a 397 453 7
a 398 468 10
a 398 488 5
a 399 495 8
a 399 513 2
a 400 512 5
a 401 92 7
a 401 350 7
a 401 454 8
a 402 251 8
a 403 205 2
a 403 550 7
a 404 145 3
a 404 624 7
a 405 445 5
a 406 467 4
a 407 81 5
a 407 288 3
a 408 37 8
a 409 274 4
a 409 576 4
a 410 576 6
a 411 22 3
a 412 609 8
a 412 637 3
a 413 75 5
a 413 234 2
a 413 242 2
a 414 252 9
a 414 661 4
a 415 309 7
a 416 183 6
a 417 300 2
a 417 573 2
a 418 289 5
a 418 518 1
a 419 153 8
a 419 319 9
a 419 606 8
a 420 219 2
a 420 329 10
a 420 359 10
a 420 375 2
a 421 389 5
a 422 113 7
a 422 146 10
a 422 262 9
a 422 304 2
a 422 601 5
a 423 45 9
a 423 61 6
a 423 86 8
a 423 218 2
a 424 295 5
a 424 589 6
a 424 643 3
a 424 682 4
a 425 123 9
a 425 225 2
a 425 321 7
a 425 453 9
a 426 113 4
a 426 411 9
a 427 38 7
a 427 657 2
a 428 305 3
a 429 540 6
a 429 545 7
a 430 421 9
a 431 587 1
a 431 605 2
a 432 141 1
a 432 165 5
a 432 482 5
a 433 12 7
a 433 130 1
a 434 350 3
a 434 586 1
a 435 19 5
a 435 346 1
a 435 688 6
a 436 217 6
a 436 634 1
a 437 315 3
a 437 563 10
a 437 595 9
a 438 604 2
a 438 697 6
a 439 12 10
a 440 516 3
a 440 535 8
a 441 30 10
a 442 171 6
a 443 269 6
a 443 322 9
a 443 665 3
a 444 330 8
a 444 463 7
a 445 207 1
a 445 479 5
a 446 190 4
a 447 126 10
a 447 128 7
a 447 151 2
a 447 500 1
a 447 517 7
a 447 656 5
a 448 105 6
a 448 574 8
a 448 593 6
a 449 42 3
a 449 169 3
a 449 178 2
a 450 527 10
a 451 41 3
a 451 243 6
a 451 262 2
a 451 405 2
a 452 644 7
a 453 695 2
a 454 379 2
a 455 132 9
a 455 588 7
a 456 185 9
a 457 576 4
a 458 196 8
a 458 554 9
a 459 117 7
a 459 490 2
a 459 533 7
a 460 226 8
a 460 391 4
a 461 119 10
a 461 179 9
a 461 285 9
a 462 240 8
a 462 428 1
a 463 519 6
a 464 601 3
a 465 483 5
a 466 227 9
a 467 129 8
a 467 474 2
a 468 135 5
a 468 605 10
a 469 20 7
a 469 346 4
a 470 43 1
a 470 385 4
a 471 232 6
a 472 315 9
a 472 441 3
a 473 141 5
a 474 340 9
a 474 645 2
a 475 568 6
a 475 594 3
a 476 3 4
a 476 554 6
a 477 444 5
a 478 175 3
a 478 414 6
a 478 444 6
a 479 363 9
a 480 210 7
a 480 423 6
a 480 626 4
a 481 184 4
a 482 11 10
a 482 290 8
a 483 40 6
a 483 195 5
a 483 229 9
a 483 375 5
a 483 610 3
a 484 459 1
a 485 107 10
a 485 352 9
a 485 628 2
a 486 607 2
a 487 77 3
a 487 508 9
a 488 430 9
a 488 689 9
a 489 290 7
a 489 291 8
a 490 583 4
a 491 82 1
a 492 160 10
a 492 256 5
a 493 458 8
a 494 135 8
a 495 106 4
a 496 278 2
a 497 500 2
a 497 615 1
a 498 56 1
a 499 104 8
a 499 291 9
a 499 567 3
a 500 205 8
a 500 230 7
a 500 570 1
a 501 546 5
a 502 221 10
a 502 363 10
a 503 274 7
a 503 577 3
a 503 603 3
a 504 342 5
a 505 319 8
a 505 326 8
a 506 68 8
a 506 211 3
a 507 41 6
a 507 111 5
a 508 197 3
a 508 338 6
a 509 281 9
a 509 675 10
a 510 65 9
a 510 80 7
a 510 385 8
a 511 174 10
a 511 277 9
a 512 466 10
a 512 481 4
a 512 652 2
a 513 53 9
a 513 68 1
a 513 87 4
a 513 188 2
a 513 337 8
a 514 157 3
a 514 309 10
a 514 650 6
a 515 100 10
a 515 664 10
a 516 491 8
a 516 652 10
a 516 684 9
a 517 100 8
a 517 346 1
a 518 370 8
a 519 510 4
a 520 31 1
a 520 630 3
a 521 170 8
a 522 204 5
a 523 131 7
a 523 182 7
a 523 667 3
a 524 58 2
a 525 614 9
a 526 28 2
a 526 208 7
a 526 351 5
a 526 381 10
a 527 430 5
a 528 362 9
a 529 127 5
a 529 331 2
a 530 344 7
a 530 600 7
a 530 697 10
a 531 139 6
a 532 5 7
a 532 177 9
a 532 193 5
a 532 469 8
a 533 32 4
a 534 170 10
a 535 43 6
a 536 346 6
a 536 370 9
a 537 237 5
a 537 428 6
a 537 656 1
a 538 55 3
a 538 397 5
a 539 222 4
a 539 392 7
a 539 435 6
a 539 519 7
a 540 99 3
a 540 249 10
a 540 624 9
a 541 454 4
a 542 55 3
a 542 194 10
a 542 209 1
a 543 383 6
a 543 476 9
a 543 661 6
a 544 70 1
a 544 678 10
a 545 388 7
a 545 578 10
a 546 169 6
a 546 437 4
a 546 617 9
a 546 660 7
a 547 633 4
a 548 198 5
a 548 574 8
a 549 351 9
a 549 439 8
a 549 491 10
a 550 96 10
a 550 255 9
a 551 296 1
a 552 49 4
a 553 74 4
a 553 167 2
a 553 256 5
a 553 456 4
a 554 163 6
a 554 591 4
a 555 365 1
a 555 553 8
a 555 643 1
a 556 176 10
a 557 194 7
a 557 543 9
a 558 12 9
a 558 353 7
a 559 214 2
a 559 321 10
a 560 25 7
a 560 150 9
a 560 368 8
a 560 372 6
a 561 202 3
a 561 296 6
a 562 306 5
a 563 231 10
a 563 537 3
a 564 21 1
a 564 51 6
a 564 467 6
a 565 181 9
a 565 583 5
a 566 294 4
a 566 680 9
a 567 115 1
a 567 348 7
a 568 172 1
a 568 191 2
a 568 279 6
a 568 498 1
a 569 73 6
a 569 174 8
a 570 644 5
a 571 212 6
a 572 65 6
a 572 293 3
a 573 181 8
a 573 287 3
a 573 382 5
a 574 201 3
a 575 257 10
a 576 176 6
a 576 200 8
a 577 201 9
a 578 412 2
a 579 460 7
a 580 56 10
a 580 686 5
a 581 562 7
a 582 198 1
a 582 320 7
a 583 54 5
a 583 199 9
a 583 597 8
a 583 696 3
a 584 266 6
a 584 424 8
a 584 550 3
a 585 194 5
a 586 446 7
a 587 52 1
a 587 331 10
a 587 694 9
a 588 149 8
a 588 404 2
a 589 101 10
a 590 596 2
a 590 695 1
a 591 35 8
a 591 453 5
a 592 135 4
a 593 428 5
a 593 634 10
a 594 363 4
a 594 406 1
a 595 301 3
a 595 419 9
a 595 460 10
a 596 251 1
a 596 261 2
a 596 607 8
a 596 630 6
a 597 554 5
a 598 9 6
a 598 472 7
a 599 197 1
a 599 613 6
a 600 252 1
a 600 304 10
a 601 356 1
a 601 533 7
a 602 670 10
a 603 213 6
a 604 307 3
a 604 598 7
a 605 268 3
a 605 449 9
a 605 467 5
a 606 35 8
a 606 317 6
a 607 13 6
a 607 450 7
a 607 473 10
a 608 364 4
a 608 402 9
a 608 551 4
a 609 338 10
a 610 28 3
a 610 315 7
a 611 566 3
a 611 651 5
a 612 180 6
a 612 583 1
a 613 393 1
a 613 639 6
a 614 114 9
a 614 628 6
a 615 106 10
a 615 269 6
a 616 313 2
a 617 348 1
a 617 580 4
a 617 700 7
a 618 372 7
a 618 408 1
a 619 335 3
a 620 13 1
a 620 540 1
a 621 19 3
a 621 433 1
a 621 494 10
a 622 472 6
a 623 97 9
a 623 113 2
a 623 687 9
a 624 635 9
a 625 31 1
a 625 490 4
a 626 104 4
a 627 18 5
a 627 292 1
a 627 410 9
a 627 485 9
a 627 592 8
a 628 25 1
a 628 473 1
a 628 599 7
a 629 137 9
a 629 504 8
a 629 595 7
a 629 619 3
a 630 244 3
a 630 676 8
a 631 467 9
a 631 691 9
a 632 109 9
a 632 594 1
a 633 164 7
a 633 292 10
a 634 164 7
a 634 449 9
a 635 290 2
a 636 624 2
a 637 663 4
a 638 344 7
a 638 413 7
a 639 255 4
a 639 560 3
a 640 558 8
a 640 636 4
a 641 105 1
a 642 622 1
a 643 307 2
a 644 24 2
a 644 212 8
a 644 369 7
a 644 686 3
a 645 170 7
a 645 699 5
a 646 298 7
a 646 300 6
a 647 658 8
a 648 269 2
a 648 536 2
a 649 309 7
a 649 506 8
a 650 107 3
a 651 112 6
a 651 492 7
a 651 658 3
a 652 288 5
a 652 306 6
a 653 290 10
a 653 431 6
a 653 453 9
a 654 261 2
a 655 163 4
a 656 167 10
a 656 486 6
a 656 658 2
a 657 687 10
a 658 70 7
a 658 395 6
a 659 673 8
a 660 436 3
a 661 15 10
a 661 289 6
a 661 305 8
a 662 453 10
a 663 518 4
a 663 549 8
a 663 621 9
a 664 181 2
a 665 13 5
a 665 340 6
a 666 143 2
a 667 81 7
a 667 414 4
a 667 539 3
a 667 677 10
a 668 315 9
a 669 36 4
a 669 429 4
a 670 369 5
a 670 467 5
a 671 530 4
a 672 311 7
a 672 487 4
a 673 181 5
a 674 427 10
a 674 572 5
a 675 140 8
a 675 470 8
a 676 23 4
a 676 151 7
a 676 309 4
a 676 378 3
a 676 391 8
a 677 434 5
a 677 697 9
a 678 284 6
a 678 569 4
a 679 433 6
a 680 75 9
a 680 557 2
a 681 485 2
a 682 119 9
a 683 133 1
a 683 525 10
a 684 572 3
a 685 358 3
a 685 668 4
a 686 5 7
a 686 130 6
a 687 74 2
a 687 84 4
a 687 374 2
a 688 192 4
a 688 373 1
a 689 81 1
a 689 254 8
a 690 465 3
a 691 228 10
a 691 486 3
a 691 526 8
a 691 685 6
a 692 37 1
a 692 355 3
a 693 141 6
a 694 133 3
a 694 136 10
a 694 511 6
a 695 329 3
a 695 529 5
a 695 594 10
a 695 612 1
a 696 189 1
a 696 521 10
a 697 67 8
a 697 393 6
a 698 105 1
a 698 139 6
a 698 328 8
a 698 557 6
a 699 122 7
a 699 132 1
