p max 700 1400
n 1 s
n 700 t
a 1 94 2
a 1 128 1
a 1 336 5
a 1 356 9
a 1 483 7
a 1 538 10
a 2 606 6
a 3 309 8
a 3 316 7
a 4 612 7
a 5 12 3
a 5 635 4
a 5 682 8
a 6 119 10
a 6 233 9
a 6 517 2
a 7 574 10
a 8 515 6
a 8 583 5
a 9 35 9
a 9 274 5
a 10 124 9
a 10 384 5
a 11 140 8
a 12 66 10
a 12 371 8
a 12 479 4
a 13 438 6
a 14 330 10
a 14 563 8
a 15 36 1
a 16 520 5
a 16 620 8
a 17 417 5
a 18 150 6
a 18 546 1
a 18 636 9
a 19 177 1
a 20 641 9
a 20 647 8
a 21 5 3
a 22 139 4
a 23 71 4
a 23 108 10
a 24 498 2
a 24 510 2
a 24 611 5
a 25 172 7
a 26 262 10
a 26 348 6
a 26 511 9
a 26 606 2
a 27 514 5
a 28 101 5
a 28 687 9
a 29 16 10
a 29 106 10
a 29 651 9
a 30 614 5
a 30 631 10
a 31 176 9
a 31 198 2
a 32 134 8
a 32 401 9
a 33 146 10
a 33 416 9
a 34 188 4
a 35 17 3
a 36 214 6
a 37 128 10
a 37 564 5
a 38 697 6
a 39 242 4
a 39 514 9
a 40 444 8
a 41 245 8
a 41 366 8
a 41 523 10
a 42 89 8
a 42 295 4
a 42 531 5
a 43 112 9
a 43 637 8
a 44 73 4
a 45 169 10
a 45 323 7
a 45 352 9
a 46 60 4
a 46 248 2
a 46 367 2
a 47 340 2
a 47 691 5
a 48 75 7
a 49 241 8
a 49 445 3
a 50 190 8
a 51 247 1
a 52 156 4
a 53 215 10
a 53 270 9
a 53 298 4
a 54 93 3
a 54 357 2
a 54 524 5
a 54 650 1
a 55 46 7
a 55 105 9
a 55 206 4
a 56 3 2
a 56 86 3
a 56 138 1
a 57 189 2
a 58 631 2
a 59 108 6
a 60 144 7
a 60 479 2
a 61 117 1
a 61 162 1
a 61 213 3
a 61 579 6
a 62 383 2
a 62 387 3
a 63 623 2
a 64 27 8
a 64 293 5
a 64 366 4
a 64 487 5
a 65 227 9
a 65 263 4
a 66 166 10
a 67 383 10
a 67 549 10
a 68 310 3
a 69 357 1
a 69 474 3
a 70 630 6
a 70 642 1
a 71 305 4
a 71 552 1
a 72 120 7
a 73 191 1
a 73 480 3
a 73 618 10
a 74 161 5
a 74 188 2
a 74 643 9
a 75 416 10
a 76 193 1
a 76 204 3
a 76 324 5
a 76 337 9
a 77 59 2
a 77 615 8
a 78 393 4
a 79 80 8
a 79 212 8
a 79 369 1
a 80 349 4
a 81 435 3
a 81 564 7
a 81 609 5
a 81 664 5
a 82 448 8
a 83 271 4
a 83 416 3
a 83 464 10
a 84 377 4
a 84 493 9
a 85 55 10
a 85 420 1
a 85 493 7
a 86 430 2
a 86 465 2
a 87 443 1
a 87 559 3
a 88 265 1
a 89 610 9
a 90 322 7
a 90 346 4
a 91 142 7
a 92 504 5
a 92 507 8
a 93 225 8
a 93 468 6
a 93 573 6
a 93 620 5
a 94 248 1
a 94 343 1
a 94 355 3
a 94 418 1
a 94 452 10
a 94 585 6
a 94 620 5
a 95 245 2
a 96 525 5
a 97 375 6
a 98 232 10
a 98 329 2
a 98 547 2
a 99 316 4
a 100 59 5
a 101 514 6
a 102 97 10
a 102 196 3
a 103 192 4
a 104 129 10
a 104 383 3
a 105 510 5
a 105 528 10
a 106 39 7
a 106 308 7
a 106 578 6
a 106 696 3
a 107 435 9
a 108 75 2
a 109 257 2
a 109 521 10
a 109 629 2
a 110 47 5
a 110 314 1
a 110 413 4
a 110 630 2
a 111 241 1
a 111 465 1
a 112 10 6
a 112 108 10
a 113 614 3
a 113 693 8
a 114 78 2
a 114 140 7
a 114 410 1
a 115 225 3
a 116 266 6
a 116 421 7
a 116 440 5
a 117 553 1
a 118 156 6
a 118 497 9
a 118 621 7
a 119 172 3
a 119 382 8
a 119 399 5
a 120 7 4
a 120 119 6
a 120 395 10
a 120 700 4
a 121 169 10
a 121 627 4
a 122 500 9
a 122 624 3
a 123 486 1
a 124 66 6
a 124 490 5
a 124 567 7
a 125 342 7
a 126 192 3
a 126 287 8
a 127 342 10
a 127 675 9
a 128 81 7
a 128 255 4
a 128 370 1
a 128 694 10
a 129 342 6
a 129 383 6
a 130 65 1
a 131 543 2
a 132 466 6
a 132 567 8
a 132 597 7
a 133 600 10
a 134 377 10
a 134 396 5
a 134 606 7
a 135 695 5
a 136 407 2
a 137 24 4
a 137 179 9
a 138 203 5
a 138 652 5
a 139 270 2
a 139 629 5
a 140 616 8
a 141 29 3
a 141 298 10
a 142 195 6
a 142 387 7
a 142 439 4
a 142 475 8
a 143 400 3
a 143 519 8
a 143 533 4
a 143 552 9
a 143 654 4
a 144 249 9
a 144 560 9
a 144 699 9
a 145 622 3
a 146 69 10
a 146 455 7
a 147 425 8
a 147 463 2
a 148 525 1
a 149 168 2
a 150 7 8
a 150 535 1
a 151 162 2
a 152 466 1
a 153 55 2
a 153 105 10
a 153 202 6
a 154 153 2
a 154 681 2
a 155 687 7
a 156 178 4
a 156 543 4
a 157 129 2
a 157 480 4
a 158 291 8
a 158 431 9
a 159 330 5
a 159 416 1
a 160 208 4
a 160 350 10
a 160 413 5
a 161 670 10
a 162 480 7
a 162 513 8
a 163 159 3
a 163 258 6
a 163 392 7
a 164 341 10
a 164 344 7
a 164 417 7
a 165 22 8
a 165 199 6
a 165 439 9
a 166 143 2
a 167 99 2
a 168 281 2
a 168 387 3
a 169 185 6
a 170 411 9
a 171 65 7
a 171 113 9
a 172 284 7
a 172 550 7
a 172 628 3
a 173 699 7
a 174 189 9
a 174 208 4
a 175 361 10
a 176 353 3
a 177 423 6
a 177 584 9
a 178 309 6
a 178 548 3
a 179 322 10
a 180 462 5
a 181 449 4
a 181 612 4
a 181 628 10
a 182 341 2
a 182 374 5
a 183 331 1
a 183 349 5
a 184 182 6
a 185 531 4
a 185 668 7
a 186 410 1
a 187 291 8
a 187 486 6
a 188 70 3
a 188 224 1
a 188 670 7
a 189 65 6
a 189 148 10
a 189 253 8
a 189 388 2
a 190 240 3
a 190 522 7
a 191 214 2
a 192 274 8
a 192 592 2
a 193 233 10
a 193 302 1
a 193 339 3
a 193 685 2
a 194 40 8
a 194 414 7
a 195 253 4
a 195 530 5
a 195 583 9
a 196 544 4
a 197 608 2
a 198 117 9
a 198 489 5
a 198 626 2
a 198 636 5
a 199 282 8
a 199 408 10
a 200 520 10
a 200 634 8
a 201 308 8
a 201 555 2
a 202 416 2
a 203 223 5
a 203 226 2
a 204 197 4
a 204 576 9
a 204 601 4
a 205 148 8
a 206 106 10
a 207 126 10
a 208 122 6
a 208 434 10
a 209 333 2
a 209 647 8
a 210 381 2
a 210 571 6
a 211 329 7
a 211 688 5
a 212 130 5
a 213 17 7
a 213 424 3
a 214 140 4
a 214 360 3
a 214 477 6
a 214 526 5
a 215 432 5
a 216 469 4
a 216 635 6
a 217 308 5
a 217 544 9
a 218 162 6
a 219 381 3
a 220 18 9
a 220 287 9
a 221 102 8
a 222 283 7
a 223 114 9
a 224 114 9
a 225 657 7
a 226 272 1
a 226 647 7
a 227 656 3
a 228 98 2
a 228 330 8
a 228 449 2
a 228 484 4
a 229 399 2
a 230 260 7
a 230 370 1
a 230 542 6
a 231 132 1
a 231 168 6
a 232 15 3
a 232 144 8
a 233 32 9
a 233 177 10
a 234 115 4
a 234 603 2
a 235 393 1
a 235 533 7
a 236 675 7
a 236 698 10
a 237 247 10
a 238 253 7
a 239 173 6
a 239 454 10
a 240 202 8
a 241 60 4
a 241 317 1
a 242 92 4
a 242 258 10
a 243 385 1
a 244 88 3
a 244 245 6
a 244 284 6
a 245 236 5
a 246 95 8
a 246 353 2
a 246 689 4
a 247 154 2
a 247 512 4
a 247 574 10
a 248 432 3
a 248 461 7
a 249 397 7
a 249 453 1
a 249 514 3
a 250 423 4
a 251 473 8
a 252 26 7
a 252 84 4
a 253 489 3
a 254 44 9
a 254 204 1
a 254 689 4
a 255 451 10
a 255 614 8
a 256 384 1
a 257 602 8
a 258 217 1
a 258 691 10
a 259 52 1
a 259 106 3
a 260 133 1
a 260 368 2
a 261 284 7
a 262 28 4
a 263 447 6
a 264 656 1
a 265 185 8
a 265 632 2
a 265 647 1
a 266 95 6
a 266 133 2
a 266 165 9
a 266 568 9
a 267 423 7
a 267 653 10
a 268 67 3
a 268 311 3
a 269 143 1
a 269 551 1
a 270 182 3
a 270 442 9
a 271 181 8
a 271 518 4
a 272 465 6
a 273 185 3
a 273 586 7
a 273 616 10
a 273 624 10
a 274 233 5
a 274 378 10
a 275 56 6
a 275 247 8
a 275 436 10
a 275 661 10
a 276 125 4
a 276 153 1
a 276 268 10
a 276 336 4
a 276 656 6
a 277 335 6
a 278 664 1
a 279 525 8
a 280 477 2
a 280 625 1
a 281 225 3
a 282 391 4
a 282 529 2
a 283 447 10
a 283 589 2
a 283 591 7
a 284 72 10
a 284 207 3
a 284 522 5
a 285 87 8
a 285 440 5
a 285 467 7
a 286 502 1
a 287 277 6
a 287 693 9
a 288 190 4
a 288 196 1
a 288 608 6
a 289 443 9
a 289 673 5
a 290 62 4
a 290 304 7
a 291 21 10
a 291 241 10
a 291 327 8
a 292 465 6
a 293 179 9
a 293 230 10
a 293 310 1
a 294 73 4
a 294 279 5
a 295 556 5
a 295 691 1
a 296 19 1
a 296 384 5
a 296 587 3
a 297 260 2
a 297 571 5
a 297 691 3
a 298 681 5
a 299 178 4
a 299 443 6
a 300 107 7
a 300 373 3
a 300 649 10
a 301 596 7
a 302 215 7
a 302 307 5
a 303 18 4
a 304 230 6
a 304 431 4
a 304 572 9
a 305 218 10
a 305 441 7
a 305 697 10
a 306 65 3
a 307 255 10
a 308 74 4
a 309 429 3
a 310 115 2
a 310 288 6
a 310 500 1
a 310 624 9
a 311 110 6
a 311 547 4
a 311 600 6
a 311 607 8
a 312 657 7
a 313 102 4
a 314 331 10
a 314 511 9
a 314 674 7
a 315 239 3
a 315 646 9
a 316 271 5
a 317 303 7
a 317 385 6
a 318 422 4
a 318 470 4
a 318 586 5
a 319 464 1
a 320 48 4
a 320 113 7
a 320 350 9
a 320 588 2
a 320 602 8
a 321 142 1
a 321 155 5
a 321 344 6
a 321 495 10
a 321 643 3
a 322 26 1
a 322 236 6
a 323 471 8
a 323 667 3
a 324 31 4
a 325 18 7
a 326 596 4
a 327 69 6
a 327 441 2
a 327 461 2
a 328 41 1
a 328 446 7
a 329 474 7
a 330 362 8
a 331 235 8
a 331 269 7
a 331 456 5
a 331 498 1
a 332 463 5
a 333 381 7
a 334 509 9
a 335 112 7
a 335 558 2
a 336 485 7
a 337 220 7
a 337 319 9
a 337 321 1
a 337 514 1
a 338 233 4
a 338 289 2
a 339 210 7
a 339 505 9
a 339 540 8
a 340 301 10
a 340 470 9
a 341 97 6
a 341 188 4
a 341 261 4
a 341 605 10
a 342 31 10
a 342 403 4
a 342 588 4
a 343 675 10
a 344 372 4
a 344 571 5
a 345 319 8
a 346 231 10
a 346 485 3
a 346 518 10
a 347 342 8
a 348 158 1
a 349 143 4
a 349 397 5
a 349 602 6
a 350 361 4
a 350 401 4
a 351 384 2
a 351 699 7
a 352 120 8
a 352 154 4
a 353 186 3
a 353 649 3
a 354 200 4
a 354 467 7
a 355 358 8
a 355 542 8
a 355 672 5
a 356 109 5
a 356 263 8
a 356 496 3
a 357 10 7
a 357 639 7
a 358 314 3
a 359 9 6
a 359 438 4
a 360 372 6
a 361 584 3
a 362 280 5
a 362 469 4
a 363 503 5
a 363 666 8
a 364 87 10
a 364 250 2
a 364 677 2
a 365 223 9
a 365 252 4
a 365 555 4
a 366 343 2
a 366 686 1
a 367 131 7
a 367 257 4
a 367 258 6
a 367 328 3
a 367 637 5
a 368 23 2
a 368 76 10
a 368 229 1
a 369 96 6
a 369 326 10
a 370 229 5
a 370 264 8
a 370 450 3
a 370 590 5
a 371 225 3
a 372 470 8
a 373 21 6
a 373 258 10
a 374 678 9
a 375 239 10
a 375 518 9
a 376 281 6
a 377 8 10
a 377 283 2
a 378 201 7
a 378 330 3
a 378 457 7
a 379 77 6
a 379 554 9
a 380 28 3
a 380 270 3
a 381 2 5
a 381 84 8
a 381 104 8
a 381 561 9
a 382 576 5
a 383 5 7
a 383 156 2
a 383 187 2
a 383 299 9
a 383 610 3
a 383 638 8
a 384 302 7
a 385 160 1
a 385 225 4
a 386 5 1
a 386 115 2
a 387 687 9
a 388 91 1
a 388 167 7
a 389 30 4
a 389 415 4
a 389 429 7
a 389 488 8
a 389 671 1
a 390 35 1
a 390 665 8
a 391 345 5
a 391 523 3
a 391 534 10
a 391 564 2
a 392 45 2
a 392 194 7
a 392 427 9
a 392 539 5
a 393 320 5
a 393 635 10
a 394 121 5
a 394 630 10
a 395 286 1
a 395 629 1
a 396 116 9
a 396 202 4
a 397 86 2
a 398 424 7
a 398 448 9
a 399 267 3
a 400 158 6
a 400 282 6
a 400 368 2
a 401 361 4
a 402 237 9
a 402 367 10
a 403 536 3
a 404 365 3
a 404 428 9
a 405 244 6
a 405 406 6
a 405 505 9
a 406 6 3
a 406 459 2
a 406 576 9
a 407 528 4
a 408 328 9
a 409 79 10
a 409 338 4
a 409 382 1
a 410 394 3
a 410 419 10
a 410 537 4
a 411 18 1
a 412 524 3
a 413 59 9
a 413 394 2
a 414 699 9
a 415 144 7
a 415 429 10
a 416 178 5
a 417 90 5
a 417 92 9
a 418 345 5
a 419 531 7
a 420 72 7
a 421 61 8
a 421 280 6
a 421 328 10
a 422 482 1
a 423 254 3
a 423 285 2
a 424 406 8
a 425 487 8
a 426 344 5
a 426 347 2
a 426 640 9
a 427 450 3
a 427 676 1
a 428 106 5
a 428 407 3
a 428 651 4
a 429 403 3
a 430 622 10
a 431 199 8
a 432 243 8
a 432 699 1
a 433 411 3
a 434 7 9
a 434 678 6
a 435 621 1
a 435 690 5
a 436 58 5
a 436 141 10
a 437 600 10
a 438 49 7
a 438 466 1
a 438 538 1
a 439 235 7
a 439 264 1
a 439 375 3
a 439 617 3
a 440 599 10
a 441 167 7
a 441 177 3
a 441 411 7
a 442 88 5
a 443 103 9
a 443 276 2
a 444 537 9
a 445 509 10
a 445 683 9
a 446 595 5
a 447 526 2
a 448 242 8
a 449 456 2
a 449 679 7
a 450 333 2
a 450 695 1
a 451 42 3
a 451 64 1
a 451 101 8
a 451 145 9
a 452 548 8
a 452 600 7
a 452 633 2
a 453 481 1
a 454 398 8
a 454 473 3
a 455 85 3
a 455 101 3
a 455 367 1
a 456 99 3
a 456 113 9
a 457 286 10
a 458 480 1
a 458 654 7
a 459 405 6
a 459 491 10
a 460 658 8
a 461 337 2
a 461 700 3
a 462 108 9
a 463 138 6
a 464 180 4
a 464 506 7
a 465 173 5
a 465 415 1
a 466 61 8
a 466 621 4
a 467 150 7
a 468 554 6
a 469 126 3
a 469 280 5
a 469 405 9
a 470 527 2
a 471 75 10
a 471 183 1
a 471 228 3
a 472 222 7
a 473 587 10
a 474 63 8
a 475 338 4
a 475 692 9
a 476 133 5
a 476 164 6
a 476 267 2
a 477 121 3
a 477 238 4
a 477 466 8
a 478 477 10
a 478 553 4
a 478 565 3
a 479 384 10
a 479 557 6
a 480 319 2
a 481 209 9
a 482 82 6
a 482 504 9
a 483 7 5
a 483 8 3
a 484 473 8
a 484 623 9
a 485 117 2
a 486 170 5
a 486 441 2
a 487 74 7
a 487 567 9
a 488 349 5
a 488 427 2
a 489 598 6
a 490 37 3
a 491 349 10
a 491 667 1
a 492 14 1
a 492 147 3
a 492 318 3
a 493 570 7
a 493 582 10
a 494 47 5
a 495 13 9
a 495 444 2
a 495 492 4
a 495 513 1
a 495 660 5
a 496 3 5
a 496 183 3
a 496 502 10
a 497 15 7
a 497 335 1
a 498 582 4
a 499 661 8
a 500 437 5
a 501 67 6
a 501 202 4
a 501 211 3
a 501 527 3
a 501 599 8
a 502 442 4
a 502 593 1
a 503 483 1
a 504 421 9
a 505 155 3
a 506 84 1
a 506 123 8
a 506 166 9
a 507 265 7
a 507 398 9
a 507 494 4
a 507 509 5
a 507 643 3
a 508 423 4
a 509 469 9
a 510 72 7
a 510 410 1
a 510 496 4
a 511 256 2
a 511 273 7
a 512 488 4
a 513 82 6
a 513 94 2
a 513 351 8
a 513 376 10
a 513 569 5
a 514 61 2
a 514 182 6
a 515 11 9
a 515 175 8
a 515 402 3
a 515 687 2
a 516 334 1
a 517 630 7
a 518 478 2
a 518 665 2
a 519 210 9
a 519 458 8
a 520 151 3
a 520 410 8
a 520 581 8
a 521 55 3
a 522 195 8
a 523 352 8
a 523 412 8
a 523 490 10
a 524 73 6
a 524 361 8
a 524 646 4
a 525 35 5
a 525 385 4
a 526 501 2
a 527 61 3
a 528 32 2
a 528 294 1
a 528 463 8
a 529 477 3
a 530 114 9
a 530 153 5
a 531 41 9
a 531 176 7
a 531 700 5
a 532 611 2
a 533 550 1
a 534 91 3
a 535 83 9
a 535 127 4
a 535 191 5
a 536 51 9
a 537 181 10
a 538 180 2
a 539 632 10
a 540 454 2
a 540 613 3
a 540 666 8
a 541 479 3
a 541 577 4
a 542 77 6
a 543 118 3
a 543 139 7
a 543 275 1
a 543 281 4
a 544 96 5
a 544 683 7
a 545 420 9
a 545 653 8
a 546 309 1
a 546 384 10
a 547 359 3
a 547 452 1
a 548 300 10
a 548 513 7
a 549 79 1
a 549 240 2
a 550 655 6
a 550 680 7
a 551 313 1
a 551 594 3
a 552 371 6
a 552 644 3
a 552 679 10
a 552 684 5
a 553 275 10
a 553 362 3
a 554 536 1
a 554 592 2
a 555 26 9
a 556 145 8
a 557 58 6
a 557 446 1
a 558 386 4
a 558 566 8
a 558 662 2
a 559 236 4
a 560 494 5
a 560 659 4
a 561 36 5
a 561 59 6
a 562 332 5
a 562 474 5
a 563 32 1
a 563 306 3
a 564 116 2
a 564 516 6
a 564 673 3
a 565 174 7
a 565 594 9
a 566 364 9
a 566 532 5
a 566 568 8
a 567 679 1
a 568 217 5
a 569 482 2
a 569 531 6
a 570 91 5
a 571 97 3
a 571 371 9
a 572 222 10
a 572 401 8
a 572 544 8
a 573 312 2
a 573 445 7
a 574 267 6
a 575 201 1
a 575 433 2
a 576 209 10
a 576 256 4
a 577 218 5
a 577 328 6
a 578 10 4
a 578 392 4
a 579 261 5
a 579 295 9
a 579 395 1
a 580 366 4
a 580 663 10
a 581 447 10
a 581 519 7
a 582 103 3
a 582 263 1
a 582 389 5
a 582 603 5
a 582 619 10
a 582 680 7
a 583 59 5
a 583 596 9
a 584 25 5
a 584 298 8
a 584 541 7
a 585 527 4
a 586 669 8
a 587 158 3
a 588 20 9
a 588 224 10
a 588 618 3
a 589 163 1
a 589 664 10
a 590 59 7
a 590 325 4
a 590 558 4
a 591 474 6
a 592 580 10
a 592 616 3
a 593 111 8
a 593 229 9
a 594 186 5
a 595 292 1
a 595 314 10
a 596 278 3
a 596 570 10
a 596 617 7
a 597 17 8
a 597 100 9
a 597 205 3
a 597 437 8
a 598 192 7
a 598 219 4
a 598 390 7
a 598 520 8
a 598 529 9
a 599 7 2
a 599 84 5
a 599 138 7
a 600 24 1
a 600 438 2
a 601 649 8
a 602 583 10
a 603 46 6
a 604 536 3
a 605 68 6
a 605 475 4
a 606 267 6
a 607 212 2
a 607 259 8
a 607 460 1
a 608 251 5
a 608 462 2
a 609 297 2
a 609 467 2
a 609 563 7
a 610 54 10
a 610 62 3
a 611 150 4
a 612 129 8
a 612 424 3
a 612 529 2
a 613 339 3
a 614 541 5
a 614 631 10
a 615 320 1
a 616 146 8
a 617 243 7
a 617 512 6
a 618 295 10
a 619 380 7
a 619 525 10
a 620 117 9
a 620 315 7
a 621 42 1
a 621 51 2
a 621 511 10
a 621 566 6
a 621 657 7
a 622 512 2
a 623 421 3
a 624 152 6
a 624 252 9
a 625 95 6
a 626 33 4
a 626 462 9
a 626 506 6
a 627 52 4
a 628 137 7
a 628 149 9
a 628 365 1
a 628 652 9
a 628 663 6
a 629 399 1
a 629 554 4
a 630 216 7
a 630 308 8
a 630 414 6
a 631 404 10
a 631 472 5
a 631 514 4
a 632 409 10
a 632 562 7
a 633 97 6
a 634 175 7
a 634 545 5
a 635 209 1
a 635 530 8
a 635 658 1
a 636 135 9
a 636 289 9
a 636 525 5
a 637 327 3
a 637 481 5
a 638 143 3
a 638 607 1
a 639 43 10
a 639 444 1
a 640 122 2
a 640 438 10
a 641 363 7
a 641 575 6
a 641 656 10
a 642 209 9
a 642 622 7
a 643 341 7
a 643 648 8
a 643 694 9
a 644 361 4
a 644 503 10
a 644 604 4
a 645 459 6
a 645 483 9
a 646 57 6
a 646 147 4
a 646 251 7
a 646 499 8
a 646 598 2
a 647 168 4
a 647 365 4
a 648 64 8
a 649 145 1
a 650 678 1
a 651 13 7
a 651 486 1
a 652 122 5
a 652 247 6
a 652 281 2
a 653 63 3
a 653 141 10
a 654 246 5
a 654 322 6
a 654 565 2
a 655 476 8
a 655 520 10
a 656 184 4
a 656 345 9
a 657 171 9
a 658 566 1
a 658 669 3
a 659 117 7
a 659 649 8
a 659 658 7
a 660 215 9
a 660 508 10
a 661 157 4
a 661 188 10
a 662 629 4
a 663 50 8
a 663 334 4
a 663 501 8
a 663 506 4
a 664 50 2
a 665 335 1
a 666 369 4
a 666 382 2
a 667 116 2
a 667 234 4
a 667 505 1
a 668 171 9
a 668 650 6
a 669 174 7
a 669 628 7
a 670 555 10
a 671 221 4
a 671 638 9
a 672 171 10
a 672 664 10
a 673 136 7
a 673 607 9
a 674 195 6
a 675 33 7
a 675 53 7
a 675 198 7
a 676 187 5
a 677 464 2
a 678 38 9
a 678 379 5
a 678 542 8
a 679 136 1
a 680 81 9
a 680 323 9
a 681 4 4
a 681 34 5
a 681 296 6
a 681 589 7
a 682 480 8
a 683 270 4
a 684 32 3
a 684 426 2
a 684 507 1
a 685 414 10
a 685 645 2
a 686 98 3
a 687 130 2
a 687 541 10
a 687 602 4
a 688 675 5
a 689 21 10
a 690 214 2
a 690 359 10
a 691 35 6
a 691 378 5
a 692 627 8
a 693 290 2
a 693 515 2
a 694 304 7
a 694 315 1
a 694 545 6
a 695 102 5
a 695 269 6
a 696 337 10
a 696 450 9
a 697 155 10
a 697 354 5
a 698 58 3
a 699 95 3
a 699 285 8
a 699 416 5
a 699 562 7
