p max 700 1400
n 1 s
n 700 t
a 1 212 8
a 1 435 3
a 1 638 8
a 2 373 2
a 3 495 6
a 4 8 1
a 4 324 1
a 4 443 10
a 4 445 5
a 4 605 7
a 4 676 10
a 5 303 7
a 5 343 10
a 6 83 5
a 6 490 3
a 7 337 9
a 7 631 1
a 8 289 6
a 8 605 5
a 9 97 2
a 10 419 9
a 10 637 10
a 11 434 1
a 12 110 4
a 12 301 4
a 12 302 5
a 12 331 9
a 12 559 1
a 13 286 2
a 13 404 8
a 14 22 10
a 14 82 5
a 14 364 6
a 14 417 10
a 15 598 8
a 15 648 4
a 16 184 2
a 16 502 2
a 16 673 2
a 17 380 2
a 17 537 4
a 18 252 5
a 18 322 5
a 19 237 9
a 19 415 2
a 20 404 5
a 21 359 8
a 21 426 5
a 21 633 8
a 22 252 7
a 22 517 5
a 23 684 8
a 24 57 8
a 24 633 8
a 25 378 9
a 26 10 1
a 26 81 3
a 26 387 2
a 27 419 8
a 28 29 1
a 28 40 7
a 28 256 6
a 29 45 2
a 30 504 6
a 31 277 3
a 32 70 8
a 32 534 5
a 32 557 7
a 33 509 6
a 34 469 4
a 34 614 3
a 35 376 5
a 36 83 4
a 36 654 3
a 37 377 2
a 38 658 9
a 39 53 2
a 39 481 6
a 39 629 5
a 40 129 5
a 40 285 7
a 41 33 4
a 41 298 1
a 42 361 2
a 42 608 1
a 43 116 6
a 43 465 1
a 44 388 9
a 45 498 6
a 45 552 8
a 46 270 2
a 46 523 7
a 47 67 10
a 48 39 7
a 48 138 3
a 49 483 7
a 50 177 9
a 50 625 5
a 51 49 8
a 51 689 9
a 52 129 2
a 53 493 8
a 54 500 5
a 55 533 9
a 55 560 6
a 56 579 3
a 56 625 6
a 57 78 4
a 57 521 1
a 58 377 10
a 59 250 1
a 59 391 3
a 60 34 8
a 61 127 3
a 61 504 1
a 61 593 8
a 61 697 9
a 62 379 8
a 63 24 10
a 63 340 6
a 64 162 6
a 64 469 10
a 64 700 5
a 65 68 3
a 65 266 4
a 66 49 3
a 66 102 1
a 67 118 4
a 67 335 7
a 67 453 10
a 68 272 1
a 68 422 3
a 68 443 7
a 68 460 7
a 69 152 8
a 70 232 9
a 71 210 2
a 71 677 1
a 72 6 3
a 73 623 9
a 74 20 5
a 74 312 1
a 75 321 1
a 76 227 7
a 76 328 4
a 76 380 1
a 76 459 8
a 77 422 2
a 78 199 5
a 78 305 3
a 79 149 5
a 79 449 10
a 80 25 9
a 80 65 8
a 81 393 2
a 82 248 6
a 83 136 9
a 83 273 9
a 83 401 3
a 84 616 8
a 85 314 3
a 86 196 9
a 86 205 2
a 86 548 7
a 87 516 2
a 88 292 9
a 88 556 5
a 89 304 10
a 89 602 3
a 90 547 5
a 90 606 2
a 91 340 2
a 91 612 9
a 92 60 1
a 93 656 6
a 94 307 5
a 95 381 4
a 95 613 7
a 95 679 7
a 96 60 8
a 97 208 9
a 97 459 6
a 98 220 2
a 98 243 4
a 99 150 8
a 99 528 5
a 100 398 8
a 100 416 3
a 100 608 1
a 101 227 5
a 101 431 7
a 101 687 7
a 102 103 10
a 102 419 3
a 103 55 9
a 103 121 4
a 103 194 8
a 104 622 5
a 105 310 1
a 105 533 6
a 106 242 10
a 107 195 1
a 107 395 10
a 107 628 6
a 107 681 7
a 108 204 4
a 108 276 8
a 108 441 9
a 108 619 10
a 109 62 4
a 110 309 9
a 110 422 9
a 111 292 5
a 112 158 1
a 113 697 10
a 114 129 9
a 115 72 5
a 115 203 2
a 115 238 10
a 115 575 1
a 116 64 5
a 116 275 5
a 117 493 6
a 117 581 2
a 118 422 3
a 118 566 6
a 119 133 9
a 119 609 8
a 119 699 9
a 120 158 7
a 121 8 8
a 121 48 10
a 121 583 2
a 121 595 4
a 122 101 9
a 122 700 1
a 123 111 3
a 123 172 3
a 124 131 5
a 124 516 3
a 125 657 1
a 126 308 9
a 127 58 5
a 127 700 7
a 128 400 5
a 129 384 1
a 129 603 1
a 130 197 8
a 130 206 2
a 131 173 9
a 131 495 6
a 132 332 5
a 133 615 9
a 133 667 6
a 134 515 8
a 135 339 8
a 136 153 6
a 136 311 7
a 137 265 3
a 137 356 2
a 138 285 8
a 139 158 10
a 140 4 8
a 140 407 4
a 140 465 2
a 141 155 10
a 142 107 4
a 142 646 3
a 143 382 1
a 143 490 6
a 144 294 3
a 144 344 3
a 144 544 6
a 145 437 4
a 146 29 9
a 146 109 10
a 146 321 9
a 147 339 5
a 147 437 10
a 148 649 5
a 149 166 6
a 149 453 8
a 150 73 7
a 151 189 2
a 151 343 1
a 152 219 7
a 152 446 3
a 152 548 2
a 153 284 5
a 153 578 9
a 153 598 10
a 154 12 5
a 154 343 8
a 155 152 9
a 155 197 5
a 155 371 6
a 156 163 6
a 156 585 7
a 157 38 6
a 157 497 2
a 158 377 8
a 159 91 1
a 159 453 3
a 160 140 2
a 160 178 5
a 160 497 5
a 161 65 6
a 161 683 8
a 162 74 2
a 163 143 3
a 163 524 5
a 164 49 10
a 165 218 10
a 165 299 10
a 165 599 10
a 166 329 7
a 167 379 10
a 167 481 8
a 167 626 4
a 167 645 7
a 168 199 3
a 168 438 1
a 169 96 8
a 169 255 6
a 169 486 2
a 170 297 9
a 171 27 7
a 172 518 10
a 172 696 8
a 173 87 5
a 174 54 2
a 174 535 10
a 174 601 2
a 175 652 2
a 176 47 1
a 176 558 1
a 177 619 7
a 178 390 10
a 179 635 7
a 180 282 5
a 180 488 2
a 181 190 9
a 181 575 6
a 182 210 1
a 182 318 3
a 183 74 2
a 183 233 4
a 183 280 6
a 183 618 5
a 184 434 3
a 184 462 7
a 184 607 9
a 185 159 4
a 185 175 5
a 185 393 8
a 186 31 9
a 186 363 7
a 186 458 9
a 187 253 5
a 187 345 4
a 187 468 9
a 187 563 9
a 188 274 5
a 189 247 6
a 189 374 4
a 190 6 3
a 190 135 1
a 191 153 6
a 191 225 10
a 191 414 4
a 191 448 1
a 192 686 2
a 193 119 5
a 193 695 4
a 194 102 3
a 194 454 9
a 194 524 3
a 195 560 4
a 196 214 5
a 197 24 9
a 197 98 7
a 197 146 4
a 197 260 10
a 198 693 5
a 199 143 8
a 200 6 2
a 200 252 6
a 201 97 2
a 201 580 1
a 202 207 1
a 202 525 7
a 203 340 10
a 203 581 10
a 203 602 5
a 204 19 1
a 204 68 7
a 204 145 10
a 204 433 5
a 205 202 2
a 206 301 6
a 206 462 4
a 206 546 6
a 207 45 7
a 207 194 6
a 207 453 2
a 208 550 8
a 209 421 3
a 210 60 10
a 211 423 2
a 211 539 3
a 211 558 4
a 211 597 5
a 212 273 3
a 212 628 10
a 213 17 2
a 213 413 8
a 213 500 4
a 214 3 10
a 214 353 9
a 215 638 10
a 216 105 3
a 216 165 8
a 217 580 5
a 217 692 5
a 218 304 6
a 219 242 4
a 220 481 3
a 221 179 8
a 221 288 7
a 222 38 9
a 222 652 7
a 223 405 5
a 223 624 8
a 224 586 3
a 225 43 8
a 225 151 3
a 225 269 4
a 226 601 10
a 227 88 9
a 227 110 3
a 227 462 5
a 227 617 4
a 228 184 2
a 228 471 4
a 229 121 9
a 229 148 7
a 229 239 1
a 230 408 4
a 230 526 6
a 230 604 10
a 231 179 6
a 231 295 5
a 231 597 2
a 232 54 4
a 232 63 5
a 232 230 3
a 233 622 7
a 234 334 5
a 234 402 2
a 234 490 9
a 235 267 4
a 235 332 3
a 235 497 3
a 236 270 3
a 237 61 2
a 237 418 9
a 238 108 9
a 238 480 1
a 239 360 3
a 239 542 4
a 240 12 3
a 241 236 3
a 241 625 4
a 242 414 7
a 242 520 1
a 243 54 4
a 243 159 2
a 244 95 6
a 245 568 1
a 245 630 5
a 246 142 7
a 246 282 6
a 247 556 4
a 248 87 3
a 248 579 9
a 249 419 6
a 249 481 6
a 250 18 9
a 250 399 5
a 250 555 3
a 251 121 7
a 251 260 9
a 251 524 5
a 252 366 1
a 252 577 9
a 253 614 7
a 254 106 5
a 254 229 9
a 254 368 7
a 255 162 5
a 255 348 6
a 255 515 6
a 256 611 10
a 257 581 4
a 258 23 9
a 258 156 8
a 258 685 2
a 259 350 10
a 259 568 5
a 260 373 6
a 260 403 6
a 260 532 7
a 261 5 4
a 262 464 9
a 263 306 2
a 263 619 5
a 264 157 1
a 265 471 8
a 265 583 5
a 265 643 1
a 266 656 5
a 267 533 2
a 268 465 8
a 268 691 4
a 269 141 9
a 269 154 3
a 269 316 1
a 269 413 8
a 270 166 4
a 270 310 10
a 271 220 9
a 271 256 6
a 271 525 4
a 272 161 2
a 273 315 7
a 274 343 4
a 274 687 5
a 275 169 2
a 275 477 1
a 275 563 2
a 276 184 3
a 276 568 7
a 277 154 8
a 277 592 9
a 278 117 4
a 279 16 4
a 279 202 3
a 279 603 2
a 280 292 10
a 280 695 3
a 281 74 9
a 282 291 9
a 282 548 5
a 282 633 2
a 283 200 2
a 283 218 4
a 283 384 4
a 283 656 6
a 284 49 2
a 285 51 4
a 285 221 4
a 285 358 2
a 286 157 7
a 286 587 5
a 287 587 6
a 288 136 2
a 288 472 2
a 288 510 8
a 289 88 5
a 290 255 3
a 290 656 6
a 291 34 10
a 291 661 9
a 292 233 8
a 292 283 1
a 293 101 7
a 293 137 9
a 293 203 9
a 294 146 1
a 295 485 10
a 295 660 4
a 296 621 8
a 296 625 4
a 297 50 5
a 297 548 3
a 297 655 9
a 298 65 4
a 298 620 6
a 299 651 1
a 299 678 2
a 300 169 10
a 301 93 8
a 301 424 3
a 302 59 3
a 303 343 1
a 303 381 5
a 303 396 8
a 303 575 7
a 304 37 6
a 304 323 7
a 304 576 8
a 305 391 10
a 305 606 1
a 306 138 4
a 306 168 5
a 306 646 8
a 307 222 10
a 307 569 7
a 307 580 8
a 308 182 3
a 308 611 7
a 309 126 9
a 309 335 2
a 310 2 4
a 310 28 3
a 310 144 5
a 311 226 1
a 311 234 3
a 312 132 7
a 312 179 10
a 313 352 9
a 314 167 4
a 314 456 2
a 314 610 6
a 314 626 6
a 315 493 7
a 316 173 1
a 316 511 3
a 317 174 5
a 318 426 7
a 319 521 1
a 319 650 2
a 320 679 6
a 321 128 6
a 322 318 10
a 323 105 6
a 324 401 1
a 325 689 7
a 326 19 9
a 327 9 10
a 327 71 5
a 328 420 6
a 329 28 2
a 330 551 10
a 331 518 9
a 332 268 3
a 332 650 9
a 333 372 8
a 333 523 2
a 334 90 4
a 334 158 4
a 334 228 8
a 334 252 6
a 335 123 7
a 336 201 6
a 336 375 5
a 337 102 6
a 337 554 5
a 338 82 8
a 339 100 3
a 339 270 8
a 339 424 4
a 340 226 6
a 340 566 1
a 340 575 10
a 341 178 9
a 342 430 1
a 342 574 6
a 343 465 5
a 344 46 4
a 344 658 2
a 344 692 8
a 345 60 8
a 345 90 3
a 345 591 1
a 345 698 2
a 346 251 4
a 346 429 7
a 346 535 7
a 347 183 10
a 347 330 1
a 348 305 2
a 348 556 4
a 349 9 6
a 349 454 6
a 350 144 1
a 351 275 2
a 352 181 5
a 352 580 4
a 353 53 6
a 354 386 1
a 354 467 7
a 354 470 6
a 355 581 9
a 356 33 10
a 356 550 3
a 356 660 8
a 357 206 9
a 357 365 8
a 358 523 9
a 359 177 9
a 359 193 9
a 359 376 1
a 359 440 2
a 360 145 4
a 361 41 9
a 362 379 2
a 363 26 7
a 363 698 10
a 364 13 3
a 364 123 2
a 364 170 4
a 365 296 9
a 365 329 3
a 365 498 8
a 366 69 1
a 366 545 9
a 367 72 8
a 367 582 1
a 368 415 1
a 368 609 7
a 369 30 3
a 370 17 1
a 370 444 1
a 370 675 2
a 371 532 6
a 372 334 10
a 373 84 9
a 374 157 2
a 374 238 5
a 374 519 7
a 375 160 10
a 376 48 9
a 377 266 9
a 377 635 4
a 378 681 6
a 379 95 10
a 379 454 8
a 380 267 2
a 380 596 2
a 381 293 5
a 381 670 6
a 382 558 1
a 383 280 2
a 383 531 10
a 384 444 6
a 385 149 7
a 386 581 1
a 387 567 2
a 388 145 6
a 388 391 5
a 388 464 5
a 388 555 7
a 389 244 6
a 389 492 9
a 390 224 2
a 390 696 2
a 391 397 8
a 392 351 10
a 392 513 10
a 392 551 10
a 392 663 8
a 393 513 3
a 393 647 2
a 394 450 3
a 395 575 1
a 396 293 4
a 396 611 3
a 397 120 6
a 397 346 7
a 397 601 9
a 398 86 1
a 398 459 3
a 398 578 1
a 399 530 9
a 399 534 5
a 400 164 2
a 401 172 9
a 402 173 6
a 403 68 1
a 403 271 1
a 403 424 5
a 403 442 1
a 404 6 3
a 405 231 5
a 406 157 1
a 406 541 4
a 407 277 9
a 407 506 3
a 408 423 7
a 409 374 8
a 409 387 1
a 410 210 5
a 410 589 1
a 411 198 5
a 412 477 2
a 413 185 6
a 413 241 8
a 414 111 10
a 414 187 6
a 414 229 7
a 415 315 3
a 415 337 3
a 416 516 10
a 417 15 9
a 417 223 8
a 418 245 7
a 418 614 8
a 419 332 5
a 420 485 7
a 421 193 4
a 422 429 2
a 422 620 4
a 423 560 4
a 424 419 3
a 424 457 7
a 425 668 8
a 426 92 8
a 426 482 6
a 426 528 2
a 427 531 10
a 428 577 2
a 429 40 3
a 429 44 4
a 430 416 9
a 431 37 8
a 432 24 8
a 432 262 10
a 433 226 8
a 434 295 1
a 434 647 4
a 435 130 8
a 435 165 5
a 435 325 3
a 435 614 3
a 436 107 4
a 436 113 4
a 437 434 3
a 438 123 5
a 438 418 9
a 438 621 6
a 439 235 4
a 440 660 9
a 441 393 8
a 441 474 10
a 442 287 7
a 442 369 6
a 443 584 4
a 443 688 8
a 444 14 1
a 444 80 6
a 444 393 9
a 445 38 6
a 445 171 9
a 446 293 2
a 447 71 8
a 447 694 9
a 448 158 7
a 449 111 7
a 449 598 7
a 450 336 6
a 451 314 3
a 451 478 3
a 451 561 6
a 451 682 10
a 452 104 5
a 452 263 8
a 452 671 8
a 453 392 5
a 454 128 6
a 454 152 9
a 454 281 6
a 454 370 6
a 455 22 3
a 455 79 7
a 455 616 7
a 456 578 7
a 457 5 10
a 457 239 7
a 457 570 6
a 458 236 4
a 459 170 5
a 459 209 6
a 460 530 6
a 460 665 8
a 461 155 1
a 461 342 4
a 461 395 10
a 461 553 3
a 462 234 4
a 462 484 10
a 463 412 9
a 463 420 9
a 463 568 1
a 464 154 9
a 464 594 10
a 465 620 1
a 465 685 3
a 466 394 5
a 466 477 8
a 467 62 3
a 467 515 1
a 467 638 5
a 468 153 4
a 468 244 4
a 469 234 8
a 469 235 8
a 469 300 4
a 469 339 4
a 469 392 4
a 470 22 6
a 470 236 1
a 470 403 5
a 471 161 1
a 472 598 8
a 473 501 6
a 473 523 8
a 474 290 8
a 474 508 3
a 474 546 5
a 474 591 5
a 475 315 9
a 476 258 1
a 476 274 5
a 476 369 10
a 476 406 3
a 477 447 8
a 477 597 10
a 478 226 7
a 479 455 9
a 479 531 4
a 479 616 1
a 479 661 7
a 480 642 6
a 481 155 7
a 482 28 7
a 482 215 7
a 482 406 8
a 483 117 3
a 483 163 8
a 483 427 1
a 484 529 10
a 484 600 6
a 485 151 10
a 485 335 10
a 485 573 9
a 485 636 7
a 485 657 8
a 486 10 5
a 487 292 3
a 488 237 3
a 488 529 1
a 488 644 1
a 489 82 8
a 489 132 6
a 489 353 5
a 489 536 1
a 489 639 7
a 490 362 1
a 490 393 1
a 491 179 9
a 491 250 5
a 491 389 10
a 491 668 6
a 492 272 1
a 492 390 8
a 492 448 1
a 493 261 2
a 493 495 6
a 493 607 3
a 494 611 10
a 495 57 6
a 495 211 8
a 496 328 3
a 497 618 6
a 498 229 6
a 498 323 4
a 498 427 10
a 499 77 7
a 499 300 1
a 500 109 7
a 501 698 9
a 502 318 1
a 502 649 5
a 503 39 3
a 503 608 10
a 504 367 6
a 504 696 7
a 505 405 2
a 505 452 7
a 505 480 7
a 506 27 5
a 506 319 4
a 507 357 9
a 508 192 5
a 508 279 5
a 509 215 5
a 510 635 4
a 511 73 1
a 511 160 8
a 511 274 10
a 511 308 8
a 512 265 2
a 512 602 10
a 513 365 8
a 513 370 6
a 514 394 10
a 515 87 7
a 515 620 9
a 516 139 6
a 516 553 2
a 517 70 3
a 517 292 10
a 517 435 2
a 517 651 1
a 518 45 5
a 518 217 1
a 518 634 9
a 518 667 10
a 519 147 8
a 519 360 2
a 519 621 10
a 520 162 10
a 521 196 3
a 522 36 5
a 522 174 2
a 522 296 10
a 523 87 2
a 523 696 5
a 524 530 1
a 525 114 2
a 525 161 10
a 525 286 5
a 525 410 1
a 525 439 5
a 526 164 10
a 527 123 9
a 528 294 3
a 528 505 10
a 528 543 4
a 529 686 1
a 530 185 1
a 530 425 10
a 530 489 2
a 530 658 2
a 531 272 1
a 532 409 9
a 532 530 8
a 533 224 4
a 533 237 6
a 533 632 2
a 534 182 8
a 534 432 2
a 534 626 6
a 534 641 6
a 535 558 9
a 536 188 1
a 536 365 4
a 536 697 9
a 537 176 10
a 537 333 4
a 538 21 10
a 538 42 10
a 538 514 8
a 539 164 2
a 539 236 9
a 539 527 6
a 540 119 4
a 540 278 4
a 540 547 4
a 541 695 6
a 542 17 10
a 542 421 9
a 542 480 10
a 543 399 9
a 544 567 8
a 544 653 6
a 544 684 1
a 545 348 9
a 545 680 8
a 546 305 9
a 546 509 4
a 547 692 2
a 548 264 3
a 548 374 2
a 549 134 10
a 549 333 7
a 550 436 3
a 550 460 8
a 551 186 2
a 551 458 4
a 552 99 5
a 552 160 4
a 552 246 6
a 553 281 9
a 553 355 7
a 554 220 7
a 554 488 2
a 555 66 6
a 555 532 5
a 555 700 4
a 556 312 9
a 556 634 1
a 557 173 6
a 557 254 6
a 557 385 8
a 558 92 9
a 558 549 3
a 558 690 2
a 559 278 8
a 560 94 3
a 560 147 5
a 561 292 3
a 562 71 10
a 562 588 9
a 563 298 7
a 563 686 3
a 564 275 2
a 564 294 6
a 564 383 6
a 565 257 4
a 565 319 9
a 566 366 7
a 566 521 2
a 567 163 1
a 568 70 9
a 569 218 4
a 570 183 1
a 570 397 8
a 570 470 4
a 570 608 9
a 570 672 8
a 571 46 3
a 571 104 8
a 572 588 1
a 573 643 4
a 574 307 9
a 574 432 5
a 574 503 5
a 575 75 8
a 575 686 7
a 576 349 8
a 576 563 7
a 577 307 2
a 577 397 8
a 578 198 2
a 578 253 10
a 578 506 1
a 579 44 3
a 579 327 6
a 580 248 1
a 580 662 8
a 581 325 6
a 582 30 2
a 582 112 9
a 582 125 4
a 582 513 9
a 583 631 3
a 583 653 6
a 584 604 3
a 585 336 3
a 585 664 9
a 586 221 8
a 586 378 1
a 587 158 5
a 587 192 3
a 588 232 7
a 588 275 8
a 589 85 6
a 589 320 1
a 590 41 1
a 590 430 10
a 591 32 10
a 591 160 5
a 592 115 8
a 592 366 7
a 593 4 5
a 593 42 9
a 593 297 4
a 594 179 1
a 595 223 10
a 595 282 2
a 595 453 2
a 596 539 1
a 597 260 9
a 598 178 6
a 599 11 10
a 600 122 8
a 601 336 4
a 602 317 4
a 602 319 10
a 602 652 7
a 603 67 7
a 603 104 8
a 603 662 9
a 604 323 10
a 604 326 4
a 605 507 8
a 605 596 7
a 606 232 5
a 606 361 1
a 607 140 9
a 607 674 5
a 608 11 8
a 608 231 8
a 608 489 5
a 609 240 10
a 609 276 10
a 610 589 1
a 611 249 10
a 611 338 4
a 611 512 1
a 611 672 9
a 612 416 4
a 612 499 2
a 613 371 5
a 614 498 4
a 615 170 8
a 615 477 3
a 615 562 7
a 616 459 6
a 617 599 4
a 617 669 2
a 618 375 2
a 618 425 7
a 618 516 10
a 619 36 5
a 620 259 2
a 620 437 4
a 620 451 3
a 621 32 9
a 621 42 8
a 621 266 4
a 621 347 3
a 622 69 10
a 622 142 10
a 623 84 4
a 623 285 5
a 623 431 8
a 623 496 7
a 623 586 4
a 624 602 6
a 625 91 8
a 626 141 1
a 626 494 3
a 627 72 2
a 628 428 2
a 628 523 7
a 628 571 8
a 628 688 9
a 629 549 6
a 630 108 7
a 631 10 1
a 632 411 10
a 632 492 2
a 632 642 9
a 633 26 10
a 633 213 2
a 634 127 9
a 635 35 2
a 635 181 1
a 635 337 9
a 636 242 8
a 636 304 10
a 636 463 6
a 637 238 6
a 637 640 7
a 638 161 4
a 638 313 10
a 638 336 2
a 638 357 2
a 638 461 2
a 638 479 7
a 638 666 2
a 639 429 7
a 640 149 3
a 640 516 8
a 641 388 5
a 641 436 3
a 641 466 8
a 642 190 5
a 642 552 8
a 642 560 8
a 643 52 10
a 643 378 7
a 644 291 8
a 644 565 6
a 645 41 9
a 645 122 4
a 645 341 7
a 645 425 10
a 645 487 8
a 645 491 6
a 645 693 7
a 646 619 5
a 647 230 10
a 648 226 4
a 649 216 9
a 649 428 1
a 650 645 7
a 651 389 1
a 652 177 1
a 652 450 9
a 653 238 3
a 653 378 4
a 653 475 4
a 653 624 6
a 654 402 2
a 654 500 6
a 655 299 1
a 656 40 2
a 656 81 9
a 656 400 9
a 656 623 5
a 657 592 4
a 658 31 9
a 658 89 2
a 658 528 5
a 658 660 1
a 659 555 3
a 660 403 5
a 660 659 8
a 661 214 2
a 661 411 5
a 662 7 3
a 662 170 4
a 662 408 2
a 663 105 10
a 663 478 8
a 663 610 5
a 664 410 4
a 664 522 6
a 664 649 8
a 665 130 4
a 666 27 6
a 666 572 9
a 667 56 8
a 667 96 2
a 667 483 7
a 667 502 2
a 668 168 7
a 668 564 6
a 669 540 10
a 669 667 2
a 670 95 3
a 671 59 1
a 671 180 2
a 671 377 3
a 671 624 9
a 672 225 6
a 673 619 8
a 674 76 1
a 674 438 10
a 674 685 3
a 675 622 5
a 675 642 6
a 676 369 4
a 677 293 4
a 677 320 4
a 677 360 5
a 678 22 2
a 678 263 2
a 679 538 3
a 679 541 10
a 679 627 3
a 680 666 4
a 681 191 7
a 681 492 4
a 682 288 1
a 683 46 6
a 684 204 6
a 684 302 8
a 684 473 1
a 685 86 5
a 685 352 4
a 686 176 6
a 686 590 6
a 686 601 7
a 686 663 1
a 687 68 4
a 687 476 4
a 688 380 8
a 689 82 8
a 689 354 8
a 689 479 5
a 690 305 5
a 691 238 7
a 692 326 7
a 693 124 10
a 693 588 7
a 693 652 1
a 694 9 3
a 695 65 2
a 695 115 7
a 695 186 2
a 696 57 2
a 696 587 1
a 697 156 8
a 698 385 6
a 699 288 3
