p max 700 1400
n 1 s
n 700 t
a 1 210 3
a 1 323 9
a 2 589 10
a 3 692 2
a 4 469 6
a 5 6 5
a 5 145 6
a 5 248 7
a 6 556 3
a 6 637 5
a 6 641 5
a 7 172 5
a 7 247 9
a 7 486 1
a 8 424 2
a 9 511 4
a 10 175 9
a 10 349 1
a 11 23 5
a 11 415 1
a 12 100 3
a 13 320 7
a 13 577 3
a 13 696 5
a 14 527 2
a 14 552 8
a 14 569 1
a 15 208 2
a 15 500 8
a 16 400 8
a 16 576 10
a 17 346 2
a 18 132 10
a 18 285 5
a 18 410 7
a 19 297 6
a 19 365 1
a 20 152 10
a 20 486 3
a 20 682 3
a 21 341 8
a 21 351 10
a 22 86 10
a 23 5 9
a 23 329 5
a 23 376 7
a 23 430 7
a 23 507 5
a 23 554 1
a 24 298 6
a 24 417 5
a 24 557 6
a 24 591 1
a 24 652 10
a 25 664 1
a 26 83 9
a 26 254 9
a 26 659 8
a 27 193 5
a 27 269 7
a 27 280 1
a 27 372 2
a 28 165 9
a 28 238 9
a 29 96 7
a 29 601 6
a 30 650 5
a 31 248 6
a 32 277 1
a 32 400 8
a 32 522 2
a 32 609 3
a 33 463 4
a 33 589 2
a 34 691 2
a 35 45 2
a 35 230 2
a 35 334 4
a 35 573 10
a 36 450 7
a 37 470 10
a 38 44 7
a 38 248 1
a 39 216 2
a 39 382 6
a 40 150 10
a 40 518 6
a 41 289 3
a 41 397 9
a 42 126 8
a 43 281 7
a 43 330 3
a 44 264 5
a 44 564 7
a 45 543 6
a 46 190 9
a 46 421 9
a 47 108 3
a 48 643 10
a 49 59 9
a 49 697 2
a 50 113 4
a 50 592 3
a 51 337 9
a 51 443 4
a 51 670 2
a 51 692 8
a 52 73 8
a 52 608 8
a 53 254 8
a 54 155 5
a 55 339 7
a 55 455 3
a 56 194 7
a 56 397 10
a 57 627 5
a 58 544 9
a 58 649 6
a 59 256 2
a 60 591 2
a 61 533 5
a 62 250 6
a 62 499 7
a 63 64 4
a 63 457 7
a 63 651 8
a 64 350 5
a 65 44 4
a 65 468 10
a 66 699 5
a 67 97 6
a 67 525 4
a 67 688 5
a 68 35 8
a 68 124 1
a 69 233 2
a 69 449 8
a 69 668 5
a 70 245 7
a 71 324 10
a 72 284 7
a 72 590 6
a 73 679 3
a 74 379 7
a 74 695 8
a 75 195 4
a 75 642 6
a 76 396 2
a 76 416 10
a 77 25 10
a 78 331 7
a 78 402 10
a 79 312 4
a 79 612 5
a 80 257 1
a 80 574 7
a 81 126 4
a 81 151 8
a 81 246 5
a 82 7 8
a 82 253 3
a 83 183 2
a 83 202 5
a 83 251 2
a 84 11 5
a 84 231 5
a 85 248 2
a 85 285 4
a 85 433 5
a 86 405 10
a 87 567 2
a 88 22 6
a 88 125 4
a 88 275 2
a 88 490 9
a 89 60 1
a 89 407 3
a 89 459 9
a 89 488 1
a 89 562 7
a 90 223 5
a 90 393 7
a 91 221 6
a 91 534 8
a 91 625 9
a 92 135 7
a 93 534 4
a 93 563 1
a 94 127 8
a 94 279 10
a 94 282 2
a 95 11 7
a 95 197 3
a 95 563 8
a 95 583 1
a 96 49 7
a 96 225 7
a 96 530 8
a 97 429 8
a 98 334 8
a 98 581 5
a 99 417 6
a 100 181 9
a 100 187 2
a 101 185 6
a 102 74 8
a 102 281 2
a 102 398 3
a 103 139 10
a 103 401 9
a 103 567 7
a 104 81 9
a 104 589 6
a 104 651 7
a 105 175 10
a 105 212 8
a 105 383 10
a 106 232 7
a 106 519 7
a 106 618 5
a 107 315 10
a 107 547 2
a 108 592 5
a 109 105 1
a 109 394 7
a 110 317 2
a 111 169 6
a 111 518 1
a 112 462 3
a 113 245 6
a 113 589 10
a 114 227 1
a 115 46 7
a 115 476 10
a 116 45 8
a 116 149 1
a 117 200 1
a 117 409 8
a 118 276 3
a 118 546 8
a 118 548 8
a 119 244 1
a 120 558 8
a 120 606 2
a 120 638 10
a 121 674 6
a 122 477 1
a 122 608 1
a 123 515 8
a 123 555 7
a 124 78 1
a 124 584 5
a 125 629 1
a 126 105 10
a 127 97 1
a 127 254 5
a 128 68 3
a 129 431 6
a 129 592 2
a 130 195 9
a 130 299 8
a 131 237 1
a 131 479 5
a 132 141 4
a 132 684 9
a 133 324 9
a 133 391 3
a 133 661 10
a 134 17 1
a 134 377 4
a 135 542 6
a 136 85 5
a 137 51 8
a 137 319 8
a 137 576 4
a 138 158 3
a 138 236 7
a 138 332 6
a 138 365 10
a 139 247 6
a 140 203 10
a 140 388 2
a 141 92 9
a 142 14 9
a 142 121 7
a 143 68 6
a 143 590 4
a 144 384 6
a 144 651 6
a 145 287 3
a 145 443 2
a 146 292 3
a 147 559 1
a 148 69 4
a 148 326 1
a 148 565 10
a 149 224 4
a 149 462 2
a 150 355 5
a 150 545 1
a 151 486 8
a 152 472 4
a 153 524 8
a 153 623 7
a 154 62 9
a 154 358 4
a 155 196 7
a 155 593 9
a 156 616 3
a 157 392 2
a 157 694 10
a 158 502 5
a 159 614 6
a 160 329 3
a 161 67 10
a 161 235 6
a 162 298 7
a 163 84 6
a 163 121 9
a 163 700 3
a 164 483 9
a 165 352 4
a 165 448 6
a 166 632 10
a 167 26 1
a 167 65 1
a 168 303 4
a 169 99 7
a 169 144 9
a 170 547 2
a 170 649 1
a 171 152 2
a 171 464 2
a 172 346 4
a 172 467 8
a 173 199 2
a 174 475 7
a 175 214 4
a 175 252 10
a 176 29 8
a 176 497 6
a 177 89 10
a 177 631 3
a 178 98 2
a 179 249 1
a 179 263 8
a 179 521 5
a 180 100 1
a 180 429 10
a 180 439 2
a 181 109 10
a 181 235 4
a 181 680 3
a 182 212 6
a 182 230 6
a 183 458 8
a 183 682 9
a 184 112 5
a 184 133 3
a 184 181 3
a 184 594 1
a 185 505 4
a 186 181 1
a 186 509 8
a 187 526 3
a 187 543 6
a 188 29 3
a 189 591 7
a 190 232 1
a 191 146 1
a 191 225 2
a 192 350 2
a 193 184 7
a 193 189 2
a 193 363 3
a 193 455 10
a 194 59 9
a 194 94 6
a 194 188 7
a 195 660 3
a 196 80 4
a 196 162 6
a 196 699 2
a 197 504 8
a 198 149 10
a 198 683 1
a 199 542 2
a 200 548 4
a 201 7 2
a 201 79 6
a 201 135 1
a 202 28 2
a 202 649 10
a 203 63 1
a 203 413 9
a 204 28 7
a 205 148 10
a 205 228 8
a 205 316 10
a 205 492 9
a 206 239 7
a 206 294 6
a 207 451 4
a 207 513 2
a 208 151 8
a 208 234 6
a 208 250 10
a 208 511 8
a 208 560 10
a 209 325 4
a 209 551 2
a 210 123 10
a 210 191 9
a 211 572 4
a 212 376 5
a 213 32 5
a 213 96 7
a 213 258 2
a 214 210 10
a 215 54 2
a 216 274 10
a 216 323 8
a 217 25 3
a 217 153 10
a 217 621 10
a 218 635 8
a 218 698 1
a 219 47 4
a 219 83 6
a 219 198 3
a 219 622 6
a 220 50 3
a 220 693 2
a 221 54 5
a 221 632 4
a 222 442 1
a 222 537 9
a 223 435 1
a 223 636 4
a 224 266 4
a 224 288 6
a 224 313 3
a 224 366 1
a 225 391 4
a 225 506 10
a 225 683 3
a 226 103 7
a 226 402 6
a 226 567 10
a 227 600 10
a 228 398 7
a 228 677 8
a 229 353 1
a 229 466 5
a 230 402 10
a 230 582 4
a 231 508 1
a 232 377 2
a 233 43 9
a 233 313 7
a 234 265 2
a 234 561 8
a 235 100 8
a 236 568 3
a 237 72 1
a 238 312 9
a 238 550 4
a 239 374 2
a 239 482 5
a 239 689 5
a 240 396 1
a 240 408 3
a 240 602 1
a 241 195 10
a 241 494 8
a 241 614 3
a 242 2 8
a 242 204 6
a 243 300 4
a 243 674 9
a 244 603 10
a 244 673 2
a 245 265 4
a 245 392 1
a 246 137 3
a 246 241 7
a 247 609 1
a 247 691 1
a 248 13 9
a 248 365 1
a 249 653 6
a 250 414 3
a 251 161 7
a 251 358 7
a 251 597 4
a 252 158 9
a 252 310 2
a 252 437 7
a 253 102 4
a 253 262 7
a 253 333 10
a 254 122 7
a 254 353 9
a 255 98 3
a 256 4 2
a 257 48 10
a 257 281 2
a 257 623 6
a 258 188 1
a 258 310 2
a 259 45 8
a 259 218 7
a 259 255 1
a 259 636 4
a 260 99 6
a 260 465 1
a 261 535 9
a 262 85 2
a 262 288 9
a 263 41 9
a 263 315 2
a 264 169 1
a 265 10 10
a 265 355 8
a 266 292 2
a 266 560 2
a 266 604 8
a 267 441 5
a 267 636 3
a 268 243 9
a 268 382 1
a 269 155 5
a 269 194 9
a 270 104 10
a 270 224 1
a 270 698 6
a 271 249 1
a 272 579 2
a 272 615 5
a 273 212 2
a 274 117 8
a 274 149 4
a 274 542 5
a 275 582 6
a 276 667 2
a 277 274 1
a 278 365 7
a 279 151 7
a 280 136 9
a 280 174 7
a 280 516 4
a 281 476 5
a 282 229 4
a 283 550 5
a 283 563 9
a 284 29 4
a 284 182 7
a 285 536 6
a 285 682 2
a 286 82 2
a 286 261 10
a 286 513 3
a 287 300 1
a 288 167 8
a 288 501 8
a 288 676 5
a 289 9 3
a 289 540 7
a 290 354 3
a 290 374 3
a 290 487 7
a 291 263 8
a 291 456 1
a 292 123 10
a 292 474 4
a 292 504 3
a 293 574 3
a 294 539 10
a 295 508 6
a 295 520 10
a 295 534 9
a 296 609 7
a 297 58 10
a 298 54 5
a 298 256 9
a 299 494 5
a 300 249 5
a 300 355 5
a 300 414 3
a 301 241 3
a 301 644 2
a 302 347 7
a 303 305 1
a 303 546 8
a 304 531 3
a 305 180 5
a 305 536 8
a 305 630 8
a 306 464 10
a 307 52 5
a 307 183 9
a 307 201 8
a 307 240 1
a 308 213 1
a 308 667 10
a 309 20 1
a 309 230 4
a 310 384 6
a 311 55 4
a 311 191 1
a 312 24 4
a 312 593 2
a 313 71 7
a 313 222 1
a 314 116 5
a 315 513 4
a 316 23 6
a 317 493 7
a 317 629 1
a 318 248 3
a 318 620 5
a 319 108 4
a 319 195 6
a 320 4 10
a 320 152 2
a 320 483 10
a 321 331 5
a 322 101 10
a 322 141 2
a 322 321 3
a 323 148 10
a 323 645 10
a 324 21 5
a 324 419 7
a 325 30 5
a 325 210 10
a 325 490 2
a 326 291 7
a 326 370 4
a 326 611 9
a 327 640 8
a 328 267 6
a 328 303 8
a 328 648 5
a 329 101 6
a 329 224 4
a 330 232 8
a 330 503 6
a 330 532 7
a 331 53 9
a 331 380 4
a 331 561 1
a 331 653 5
a 332 395 4
a 333 529 2
a 334 46 10
a 334 481 6
a 334 528 7
a 334 629 9
a 335 80 8
a 335 364 9
a 335 671 10
a 336 39 10
a 336 179 6
a 336 411 1
a 336 442 8
a 337 82 5
a 337 484 7
a 338 72 7
a 339 147 9
a 339 185 7
a 340 38 7
a 340 293 4
a 340 500 8
a 340 513 8
a 340 625 5
a 341 327 6
a 341 416 4
a 342 278 3
a 343 599 7
a 344 130 10
a 344 447 2
a 345 489 8
a 346 624 9
a 347 140 5
a 348 62 1
a 348 401 2
a 349 639 8
a 350 156 1
a 350 159 10
a 351 591 7
a 352 355 3
a 353 580 8
a 354 57 6
a 354 114 4
a 354 182 5
a 354 370 7
a 354 419 1
a 354 466 5
a 355 217 5
a 355 477 8
a 356 253 5
a 357 352 10
a 357 570 1
a 358 177 10
a 358 296 5
a 358 306 7
a 359 650 3
a 360 370 1
a 361 332 10
a 362 210 4
a 363 424 10
a 363 596 8
a 364 171 7
a 364 421 7
a 365 163 9
a 365 604 10
a 365 678 2
a 366 329 9
a 366 483 5
a 367 278 2
a 367 455 8
a 368 142 1
a 368 395 9
a 369 31 1
a 369 538 9
a 370 313 2
a 371 143 5
a 371 280 2
a 371 348 9
a 372 307 10
a 373 298 5
a 374 100 3
a 374 229 6
a 374 269 3
a 374 547 8
a 375 175 6
a 375 381 6
a 376 12 6
a 376 75 6
a 376 110 8
a 376 157 7
a 376 575 5
a 377 77 8
a 377 165 2
a 377 489 3
a 377 587 4
a 378 439 9
a 378 541 1
a 379 213 2
a 380 190 9
a 380 311 7
a 380 314 1
a 381 93 7
a 381 606 3
a 382 433 8
a 383 63 10
a 383 192 2
a 383 389 6
a 383 634 4
a 384 322 8
a 384 375 2
a 384 560 8
a 385 252 4
a 386 639 7
a 386 668 9
a 387 485 3
a 387 591 5
a 388 386 3
a 388 490 4
a 389 358 4
a 390 66 9
a 390 88 1
a 390 588 6
a 390 632 5
a 391 255 4
a 391 390 4
a 392 260 3
a 393 511 1
a 394 151 6
a 394 157 1
a 394 571 10
a 395 119 7
a 396 394 9
a 396 428 7
a 397 267 6
a 397 455 4
a 398 633 10
a 398 697 8
a 399 107 1
a 399 379 8
a 400 582 6
a 401 168 8
a 401 451 7
a 402 643 9
a 403 242 8
a 403 437 4
a 404 547 9
a 405 299 4
a 406 271 10
a 406 442 6
a 407 194 1
a 408 120 4
a 408 505 9
a 408 652 4
a 409 191 4
a 410 42 5
a 410 450 5
a 410 700 1
a 411 438 7
a 411 490 3
a 412 378 7
a 413 578 1
a 413 621 6
a 414 52 3
a 414 128 5
a 415 286 10
a 415 613 10
a 416 111 8
a 416 467 5
a 416 476 9
a 416 543 9
a 417 386 4
a 418 536 7
a 419 285 6
a 420 465 4
a 421 202 4
a 422 71 9
a 422 317 5
a 423 6 7
a 423 198 7
a 423 647 7
a 424 226 1
a 424 412 7
a 424 434 2
a 425 451 2
a 426 341 3
a 426 380 7
a 426 405 8
a 426 427 9
a 427 128 8
a 427 497 9
a 428 260 3
a 428 403 9
a 428 571 4
a 429 144 2
a 429 159 1
a 429 178 7
a 430 264 1
a 430 374 3
a 431 211 5
a 432 340 6
a 432 610 8
a 433 409 4
a 434 471 8
a 434 621 3
a 435 25 5
a 436 156 2
a 436 535 7
a 436 599 6
a 437 314 2
a 437 464 8
a 438 223 2
a 438 656 9
a 439 478 5
a 439 623 7
a 439 691 7
a 440 131 6
a 440 271 4
a 441 401 9
a 441 482 3
a 441 643 4
a 442 155 5
a 443 86 7
a 443 398 1
a 443 399 6
a 444 521 6
a 444 695 6
a 445 278 6
a 446 127 5
a 446 590 2
a 446 672 6
a 446 680 10
a 447 92 2
a 448 406 6
a 448 637 2
a 448 691 10
a 449 431 4
a 449 480 4
a 450 489 3
a 451 492 4
a 452 428 8
a 453 31 6
a 453 280 2
a 453 507 6
a 454 15 6
a 454 34 1
a 454 222 4
a 454 494 8
a 455 349 2
a 455 361 6
a 456 320 9
a 457 37 4
a 457 596 1
a 458 448 5
a 459 93 3
a 459 146 1
a 459 580 3
a 460 147 6
a 460 678 5
a 461 441 4
a 462 288 1
a 462 616 5
a 463 156 3
a 464 224 6
a 464 345 7
a 464 379 6
a 464 585 6
a 465 232 10
a 465 453 8
a 465 526 4
a 465 666 6
a 465 686 4
a 466 337 8
a 466 394 4
a 467 8 8
a 467 177 3
a 467 500 10
a 468 561 3
a 468 574 1
a 469 160 5
a 469 617 4
a 470 513 1
a 471 34 7
a 472 56 3
a 473 68 4
a 474 258 9
a 474 437 1
a 475 342 6
a 475 539 8
a 475 660 3
a 475 667 2
a 476 452 7
a 476 526 6
a 477 249 3
a 478 209 8
a 478 448 4
a 479 23 10
a 479 56 5
a 479 321 2
a 479 586 8
a 480 396 5
a 481 700 6
a 482 226 2
a 483 9 1
a 483 367 5
a 483 444 1
a 483 478 9
a 484 72 10
a 485 163 5
a 485 164 7
a 485 373 4
a 486 167 8
a 486 607 5
a 487 211 10
a 487 343 3
a 487 679 3
a 488 312 10
a 488 687 6
a 489 163 7
a 489 565 8
a 489 696 7
a 490 273 9
a 490 301 9
a 491 425 6
a 491 469 5
a 491 665 8
a 492 35 3
a 493 428 10
a 494 5 6
a 494 395 6
a 494 664 10
a 495 197 5
a 496 546 1
a 497 338 4
a 497 362 3
a 497 608 3
a 498 22 6
a 498 505 7
a 499 246 10
a 499 619 1
a 500 276 10
a 500 400 10
a 500 533 5
a 500 559 1
a 501 50 10
a 501 186 7
a 502 347 8
a 502 607 1
a 503 202 10
a 503 473 9
a 504 200 5
a 504 444 2
a 505 363 7
a 505 535 7
a 506 113 8
a 507 518 8
a 507 688 2
a 508 536 6
a 508 605 5
a 508 644 6
a 509 61 2
a 509 325 1
a 510 368 3
a 510 369 7
a 511 65 6
a 512 160 8
a 512 186 10
a 512 457 9
a 512 583 8
a 513 36 5
a 513 439 2
a 514 634 1
a 515 308 2
a 515 638 10
a 516 427 3
a 517 76 4
a 517 302 4
a 517 515 1
a 518 416 10
a 519 403 10
a 519 531 6
a 520 518 2
a 520 535 4
a 520 658 7
a 521 486 6
a 521 551 9
a 522 283 5
a 522 521 6
a 523 81 1
a 523 175 10
a 523 469 9
a 524 98 4
a 524 254 2
a 524 461 5
a 524 668 4
a 525 376 5
a 525 579 4
a 526 52 3
a 527 292 10
a 527 454 1
a 528 636 7
a 529 29 1
a 529 270 5
a 530 321 2
a 531 34 7
a 531 52 3
a 531 170 6
a 531 378 2
a 532 95 2
a 532 353 9
a 533 52 9
a 533 118 4
a 533 663 6
a 534 473 4
a 535 58 9
a 535 82 8
a 535 318 8
a 536 388 10
a 536 689 5
a 537 110 9
a 537 593 10
a 538 27 3
a 538 129 2
a 538 674 5
a 538 681 10
a 539 351 9
a 539 502 7
a 539 596 1
a 540 273 5
a 540 403 7
a 541 359 4
a 541 543 8
a 542 172 7
a 542 327 5
a 542 333 6
a 542 658 6
a 543 510 8
a 543 586 4
a 544 55 6
a 544 495 3
a 544 612 2
a 545 279 6
a 545 339 10
a 545 432 1
a 546 603 4
a 546 657 6
a 547 356 8
a 548 394 5
a 548 517 7
a 549 63 9
a 550 244 4
a 550 370 4
a 551 228 1
a 551 626 6
a 552 33 8
a 552 206 9
a 553 342 6
a 553 685 4
a 554 71 6
a 555 286 3
a 555 404 1
a 555 666 5
a 556 214 9
a 556 496 3
a 556 574 10
a 557 211 7
a 557 330 9
a 557 371 7
a 558 265 4
a 558 526 4
a 559 574 1
a 560 14 8
a 561 256 7
a 561 328 1
a 561 514 9
a 561 698 5
a 562 606 2
a 563 542 5
a 563 595 5
a 564 693 4
a 565 35 1
a 565 112 3
a 565 227 3
a 565 233 6
a 565 418 3
a 565 420 5
a 566 289 10
a 567 368 2
a 567 369 6
a 568 215 8
a 569 199 3
a 569 490 8
a 570 92 5
a 570 667 3
a 571 179 4
a 572 171 1
a 573 74 10
a 574 43 7
a 574 131 1
a 574 148 4
a 575 290 3
a 575 422 8
a 575 477 9
a 576 414 1
a 577 106 4
a 577 611 9
a 578 268 9
a 579 106 9
a 580 630 1
a 581 360 6
a 581 411 8
a 582 135 4
a 582 385 1
a 583 238 3
a 583 304 4
a 583 698 9
a 584 325 3
a 585 116 6
a 585 368 7
a 585 436 3
a 586 307 8
a 586 440 2
a 587 80 8
a 588 40 4
a 588 327 7
a 589 168 8
a 590 63 9
a 590 176 5
a 591 215 10
a 591 277 4
a 591 512 4
a 592 669 1
a 593 675 4
a 594 63 8
a 595 470 4
a 595 570 5
a 596 216 6
a 596 428 9
a 597 573 10
a 598 474 6
a 598 628 2
a 599 113 9
a 600 57 3
a 600 387 2
a 601 138 3
a 601 342 8
a 602 108 8
a 603 237 4
a 603 425 5
a 604 394 4
a 604 568 7
a 604 600 4
a 604 639 2
a 605 72 6
a 605 241 8
a 605 669 8
a 606 189 7
a 606 423 4
a 606 640 9
a 607 536 1
a 608 449 3
a 609 113 10
a 609 546 1
a 610 2 4
a 610 305 7
a 610 393 7
a 611 540 8
a 612 324 1
a 612 340 5
a 612 498 1
a 613 5 8
a 613 33 8
a 614 200 2
a 615 57 10
a 615 146 10
a 615 674 1
a 616 182 6
a 616 341 4
a 616 342 9
a 617 115 2
a 617 497 9
a 618 289 7
a 619 113 2
a 620 345 5
a 621 333 10
a 622 263 1
a 622 412 9
a 622 566 3
a 622 654 8
a 623 87 7
a 623 103 4
a 623 167 10
a 623 602 3
a 624 59 9
a 625 195 5
a 625 527 8
a 626 520 1
a 627 121 4
a 627 289 5
a 627 472 10
a 627 616 7
a 627 675 10
a 628 335 8
a 629 228 1
a 630 554 9
a 631 145 8
a 631 584 1
a 631 627 2
a 632 27 4
a 632 475 5
a 633 17 5
a 633 177 3
a 633 268 3
a 633 445 2
a 633 572 6
a 634 249 7
a 634 458 10
a 635 413 1
a 635 440 4
a 636 82 7
a 636 220 2
a 636 423 10
a 636 523 9
a 637 422 10
a 637 553 3
a 638 96 8
a 638 290 9
a 638 700 1
a 639 262 4
a 639 491 10
a 639 596 7
a 640 144 8
a 641 490 5
a 641 662 4
a 642 643 7
a 643 143 5
a 644 259 10
a 644 689 3
a 645 257 7
a 646 18 6
a 646 201 1
a 647 258 7
a 648 190 8
a 648 598 2
a 649 76 3
a 649 154 10
a 649 655 10
a 650 140 9
a 650 579 7
a 651 418 2
a 651 655 10
a 652 161 3
a 652 426 2
a 652 650 8
a 653 63 1
a 653 203 2
a 653 292 2
a 654 272 1
a 654 326 5
a 655 91 4
a 655 237 7
a 655 352 4
a 656 259 10
a 656 350 5
a 657 621 1
a 658 90 8
a 658 344 5
a 658 397 9
a 659 335 10
a 659 561 4
a 660 139 9
a 660 516 9
a 661 159 5
a 661 459 3
a 662 253 10
a 662 391 10
a 663 524 1
a 664 178 10
a 665 483 4
a 665 529 5
a 666 16 9
a 666 605 4
a 667 391 6
a 668 113 6
a 669 168 7
a 670 274 1
a 671 668 6
a 672 3 9
a 672 632 7
a 673 166 8
a 673 212 4
a 674 129 4
a 674 460 8
a 675 173 8
a 675 379 6
a 676 646 9
a 676 670 6
a 677 446 6
a 677 447 2
a 677 546 10
a 677 595 2
a 677 699 5
a 678 298 2
a 678 549 4
a 679 70 5
a 679 134 9
a 679 422 4
a 680 350 3
a 681 90 3
a 681 219 1
a 681 309 7
a 681 609 6
a 682 59 9
a 682 534 10
a 683 30 2
a 683 207 7
a 683 571 10
a 684 270 4
a 684 544 1
a 684 631 2
a 685 327 2
a 685 613 6
a 686 351 2
a 687 205 10
a 687 295 8
a 687 680 2
a 688 615 7
a 688 657 6
a 689 360 9
a 690 434 5
a 690 578 7
a 691 605 10
a 691 690 7
a 692 277 2
a 692 357 6
a 693 296 3
a 693 624 9
a 694 119 5
a 694 433 6
a 695 92 10
a 695 239 9
a 695 336 2
a 696 657 10
a 697 65 6
a 697 124 2
a 698 19 3
a 698 149 5
a 698 356 9
a 699 540 10
