p max 700 1400
n 1 s
n 700 t
a 1 278 7
a 2 535 4
a 3 470 5
a 4 180 3
a 5 442 5
a 5 553 6
a 6 346 7
a 6 605 2
a 7 65 6
a 7 622 5
a 8 89 2
a 8 355 10
a 9 8 8
a 9 218 5
a 10 212 8
a 10 380 1
a 11 99 7
a 11 170 7
a 12 33 3
a 12 152 9
a 13 367 4
a 13 369 5
a 14 273 10
a 14 358 9
a 14 658 8
a 15 684 1
a 16 416 4
a 17 269 8
a 17 640 10
a 18 94 3
a 19 264 10
a 19 493 9
a 20 252 8
a 21 451 8
a 22 466 1
a 22 601 10
a 22 650 5
a 23 85 10
a 23 426 6
a 23 483 5
a 24 300 10
a 24 357 3
a 24 404 9
a 24 551 1
a 25 570 3
a 26 575 6
a 27 221 9
a 28 174 8
a 28 443 5
a 28 558 6
a 29 290 9
a 29 331 9
a 29 390 4
a 29 697 3
a 30 389 6
a 30 570 3
a 30 607 8
a 31 68 4
a 32 166 7
a 32 323 8
a 32 518 6
a 33 140 2
a 33 613 2
a 33 645 1
a 34 519 10
a 35 201 10
a 35 259 7
a 35 667 7
a 36 342 2
a 37 207 4
a 37 302 9
a 38 295 6
a 38 450 9
a 38 671 2
a 39 147 7
a 39 681 6
a 39 682 2
a 40 190 10
a 40 240 5
a 41 155 9
a 41 418 4
a 42 93 8
a 42 551 2
a 43 141 1
a 43 460 8
a 44 35 1
a 44 411 10
a 45 490 4
a 46 569 9
a 47 2 1
a 48 426 4
a 49 63 10
a 49 355 1
a 49 480 4
a 50 159 5
a 51 486 8
a 51 583 9
a 52 61 7
a 52 82 3
a 52 106 8
a 52 531 10
a 53 426 8
a 53 509 7
a 53 662 9
a 54 102 5
a 55 21 9
a 55 307 8
a 55 325 9
a 55 470 9
a 56 550 3
a 57 71 1
a 57 175 8
a 57 433 9
a 58 421 1
a 58 486 8
a 58 574 6
a 58 684 10
a 59 128 5
a 59 677 1
a 60 271 9
a 60 289 9
a 61 60 7
a 62 172 10
a 63 292 4
a 63 470 2
a 64 30 7
a 64 253 3
a 65 63 10
a 66 23 8
a 66 644 9
a 66 675 2
a 67 25 1
a 67 401 9
a 67 423 7
a 67 556 2
a 68 250 1
a 68 527 6
a 69 154 1
a 69 499 9
a 69 644 4
a 70 402 9
a 70 664 8
a 71 402 7
a 72 667 6
a 73 362 2
a 74 99 4
a 74 273 7
a 75 502 6
a 75 601 2
a 75 641 3
a 76 26 7
a 76 77 7
a 76 262 9
a 76 282 5
a 76 335 10
a 77 261 4
a 78 105 6
a 78 162 4
a 79 593 9
a 80 41 5
a 80 45 5
a 81 239 7
a 81 550 3
a 82 246 8
a 82 560 8
a 83 475 10
a 83 607 5
a 84 577 8
a 85 29 1
a 85 340 10
a 85 660 2
a 86 120 4
a 86 675 5
a 87 50 9
a 87 587 10
a 88 220 10
a 88 359 1
a 89 38 7
a 89 206 4
a 89 520 2
a 90 338 8
a 90 402 5
a 91 40 10
a 91 552 7
a 92 262 10
a 93 283 2
a 93 672 3
a 94 315 1
a 94 365 5
a 95 681 2
a 96 520 4
a 97 24 6
a 97 345 9
a 97 352 2
a 97 687 2
a 98 65 4
a 99 190 2
a 100 508 2
a 100 603 7
a 101 264 4
a 101 433 3
a 102 305 7
a 102 354 9
a 103 132 6
a 103 538 9
a 104 565 4
a 105 60 5
a 105 161 2
a 105 618 1
a 106 215 6
a 106 453 2
a 107 177 6
a 107 236 7
a 107 570 2
a 108 265 8
a 109 257 5
a 109 611 5
a 110 241 4
a 110 556 6
a 111 620 5
a 112 91 1
a 112 540 8
a 113 294 6
a 113 363 10
a 114 320 7
a 115 622 2
a 116 557 1
a 117 418 5
a 118 67 7
a 118 500 3
a 119 8 1
a 119 387 7
a 120 44 8
a 120 127 5
a 120 351 1
a 120 527 4
a 121 41 8
a 121 329 2
a 121 685 3
a 122 364 9
a 123 150 5
a 123 594 3
a 124 101 4
a 124 463 8
a 125 535 3
a 126 320 9
a 127 285 2
a 128 159 10
a 128 171 9
a 128 568 7
a 129 439 7
a 130 196 7
a 131 102 2
a 132 354 7
a 132 523 1
a 133 204 3
a 133 246 1
a 134 167 7
a 134 651 8
a 134 673 5
a 135 146 6
a 135 345 8
a 136 175 2
a 137 463 5
a 137 640 6
a 138 87 8
a 139 339 9
a 139 634 9
a 140 539 2
a 140 659 3
a 141 300 1
a 141 437 9
a 141 575 1
a 141 597 6
a 142 6 1
a 142 32 1
a 142 305 3
a 142 653 6
a 143 510 10
a 143 689 3
a 144 474 6
a 144 482 5
a 145 167 2
a 146 24 10
a 146 209 5
a 146 416 2
a 147 152 7
a 147 280 2
a 147 693 4
a 148 153 4
a 148 466 2
a 148 579 3
a 149 437 9
a 149 629 9
a 150 409 7
a 150 419 7
a 151 202 4
a 151 229 3
a 151 296 6
a 151 405 4
a 151 590 7
a 151 610 10
a 152 633 1
a 153 32 3
a 153 35 6
a 153 402 8
a 154 140 10
a 155 9 5
a 156 36 8
a 157 432 2
a 157 494 1
a 158 134 1
a 158 219 6
a 158 330 9
a 158 459 10
a 159 86 5
a 159 126 10
a 160 680 4
a 161 87 4
a 161 238 4
a 161 368 5
a 161 634 2
a 162 348 10
a 162 388 4
a 162 582 1
a 163 482 4
a 164 332 2
a 164 359 10
a 164 559 6
a 165 152 8
a 165 436 10
a 166 95 1
a 166 233 7
a 166 562 10
a 167 201 4
a 168 143 1
a 168 642 1
a 169 112 9
a 169 620 8
a 170 387 5
a 171 517 8
a 172 318 8
a 173 66 3
a 173 679 5
a 174 79 6
a 174 143 4
a 175 661 2
a 176 128 8
a 176 457 9
a 176 700 10
a 177 595 3
a 177 623 2
a 178 79 9
a 178 287 10
a 179 561 6
a 180 105 8
a 180 251 8
a 181 325 7
a 182 245 6
a 182 531 3
a 183 235 10
a 184 322 4
a 185 113 2
a 186 311 10
a 186 398 3
a 186 478 5
a 186 594 2
a 186 648 3
a 187 252 6
a 187 373 8
a 187 428 1
a 188 168 2
a 188 248 8
a 188 431 9
a 188 517 4
a 189 11 8
a 189 652 5
a 190 182 4
a 191 14 10
a 191 99 5
a 191 365 2
a 192 387 9
a 192 409 1
a 193 410 5
a 193 532 6
a 194 139 4
a 194 166 1
a 195 137 1
a 195 252 8
a 195 513 5
a 195 526 3
a 196 178 7
a 196 193 7
a 196 291 9
a 196 530 4
a 196 609 2
a 197 373 9
a 197 441 6
a 198 5 1
a 198 92 10
a 198 496 6
a 199 670 3
a 200 295 7
a 200 306 2
a 200 343 7
a 201 96 10
a 201 418 8
a 201 582 9
a 202 115 9
a 203 148 9
a 203 177 5
a 204 244 6
a 204 251 4
a 205 442 4
a 206 565 1
a 207 22 2
a 207 559 4
a 207 670 6
a 208 691 1
a 209 265 5
a 209 474 7
a 210 640 8
a 211 294 3
a 211 498 9
a 212 46 9
a 212 192 9
a 213 225 8
a 213 349 7
a 213 622 5
a 214 129 1
a 214 289 10
a 214 357 5
a 214 591 6
a 215 367 6
a 215 385 9
a 215 542 2
a 215 670 8
a 216 83 10
a 216 514 3
a 216 548 9
a 216 566 4
a 217 15 5
a 217 93 6
a 217 477 4
a 218 237 4
a 218 654 10
a 218 682 6
a 219 529 9
a 219 608 10
a 220 486 1
a 221 379 9
a 221 493 4
a 221 624 5
a 222 550 3
a 222 626 3
a 223 180 4
a 223 435 1
a 224 67 6
a 224 302 10
a 224 403 3
a 225 14 10
a 225 68 6
a 225 438 1
a 226 52 6
a 226 197 6
a 226 277 7
a 227 367 4
a 228 290 6
a 229 71 10
a 230 425 4
a 230 624 2
a 231 544 8
a 231 594 9
a 232 58 5
a 232 406 8
a 233 700 7
a 234 115 4
a 234 153 2
a 234 286 3
a 235 159 7
a 236 195 7
a 236 564 10
a 236 583 3
a 237 596 9
a 237 603 4
a 238 6 4
a 239 543 6
a 240 7 2
a 240 540 3
a 241 34 6
a 241 156 5
a 242 124 7
a 242 402 6
a 243 186 9
a 243 621 1
a 244 327 2
a 244 515 2
a 244 627 5
a 245 518 3
a 245 604 10
a 246 540 10
a 247 392 3
a 247 468 10
a 248 32 4
a 248 235 1
a 248 374 7
a 248 414 1
a 248 501 1
a 249 221 4
a 249 314 3
a 250 112 6
a 250 411 2
a 251 84 2
a 251 132 1
a 252 237 6
a 252 242 7
a 252 261 10
a 252 572 9
a 252 618 9
a 253 333 6
a 254 471 6
a 255 285 3
a 256 228 4
a 257 618 10
a 258 182 1
a 258 440 4
a 258 447 7
a 259 356 9
a 259 647 2
a 260 31 6
a 260 516 9
a 260 639 1
a 261 249 9
a 261 301 3
a 262 341 5
a 263 397 9
a 264 289 7
a 265 558 7
a 266 605 5
a 267 2 9
a 267 555 8
a 268 336 5
a 268 697 2
a 269 96 10
a 269 410 5
a 270 72 7
a 270 633 8
a 271 108 2
a 271 700 10
a 272 62 9
a 272 527 5
a 272 564 1
a 273 623 4
a 274 72 7
a 275 88 10
a 275 413 7
a 276 138 8
a 276 577 6
a 276 642 3
a 277 256 6
a 277 270 7
a 277 390 8
a 278 424 9
a 278 505 10
a 279 405 9
a 280 54 7
a 280 135 10
a 281 115 1
a 281 185 4
a 282 40 8
a 282 314 7
a 282 534 8
a 283 288 5
a 283 297 9
a 283 388 7
a 284 279 1
a 285 557 3
a 285 670 5
a 286 163 6
a 287 313 3
a 287 540 1
a 288 69 3
a 288 486 3
a 289 81 8
a 289 122 10
a 289 336 1
a 290 401 2
a 291 51 7
a 291 75 1
a 291 506 9
a 292 34 2
a 292 111 7
a 292 279 5
a 293 399 10
a 293 512 6
a 293 599 3
a 294 650 3
a 295 99 1
a 295 215 9
a 296 408 3
a 296 484 3
a 297 243 8
a 297 366 6
a 297 497 8
a 297 569 7
a 297 601 5
a 298 369 2
a 298 576 4
a 299 228 6
a 299 291 1
a 299 636 5
a 300 22 1
a 300 98 4
a 300 510 7
a 300 614 1
a 301 549 4
a 301 580 7
a 301 683 1
a 302 456 2
a 303 313 3
a 304 565 6
a 304 566 9
a 305 34 5
a 306 335 6
a 307 220 9
a 307 611 7
a 307 630 2
a 308 4 6
a 308 652 4
a 309 492 10
a 309 624 3
a 309 694 7
a 310 612 2
a 310 619 9
a 311 420 6
a 311 445 2
a 311 640 2
a 312 170 1
a 312 618 10
a 313 397 3
a 313 622 10
a 314 503 4
a 315 365 6
a 316 587 5
a 317 5 6
a 317 36 6
a 317 101 7
a 317 393 2
a 318 155 7
a 319 110 10
a 319 123 6
a 319 485 6
a 319 596 2
a 320 145 1
a 320 385 3
a 320 396 2
a 320 473 7
a 321 338 5
a 322 108 4
a 322 152 7
a 323 54 1
a 323 394 1
a 323 595 4
a 324 226 1
a 324 632 6
a 324 658 10
a 325 363 2
a 326 80 7
a 326 88 8
a 327 106 9
a 327 198 7
a 327 527 6
a 328 96 9
a 329 138 8
a 329 304 4
a 330 164 5
a 330 422 2
a 331 234 4
a 331 373 5
a 332 172 7
a 332 692 5
a 333 442 1
a 334 378 8
a 335 464 3
a 336 143 1
a 337 11 2
a 337 109 2
a 337 403 10
a 337 678 3
a 338 460 5
a 339 208 4
a 339 645 3
a 340 251 9
a 341 30 8
a 341 156 10
a 342 564 4
a 343 7 1
a 343 46 5
a 343 319 1
a 344 210 6
a 344 216 2
a 344 659 3
a 345 273 4
a 345 371 10
a 345 521 8
a 346 314 5
a 347 487 3
a 347 612 5
a 348 13 4
a 348 54 10
a 349 58 7
a 349 110 1
a 349 303 8
a 350 31 6
a 350 505 6
a 351 94 7
a 351 107 4
a 352 162 10
a 353 44 9
a 353 201 3
a 354 581 7
a 354 617 3
a 355 199 5
a 355 450 10
a 356 690 4
a 357 5 7
a 357 104 9
a 357 269 5
a 357 490 5
a 358 553 7
a 359 445 1
a 360 353 3
a 360 395 8
a 361 300 5
a 362 198 9
a 362 350 6
a 363 102 5
a 363 308 10
a 363 546 4
a 364 193 3
a 364 383 10
a 364 533 2
a 365 461 1
a 366 123 2
a 366 458 1
a 367 572 4
a 368 242 4
a 368 452 3
a 368 624 5
a 369 196 10
a 369 404 4
a 369 439 8
a 370 56 7
a 370 176 7
a 370 277 3
a 371 299 9
a 372 318 6
a 372 524 5
a 373 9 2
a 373 158 8
a 373 325 1
a 373 356 10
a 374 220 8
a 375 128 8
a 375 201 4
a 375 333 5
a 375 427 3
a 376 142 8
a 376 148 4
a 376 364 10
a 376 558 8
a 377 336 9
a 378 52 8
a 378 696 6
a 379 24 4
a 380 131 7
a 380 319 2
a 381 32 7
a 381 584 2
a 381 683 3
a 382 406 6
a 382 615 6
a 383 521 9
a 384 100 10
a 384 393 1
a 384 395 5
a 385 376 4
a 385 554 2
a 386 74 3
a 387 435 4
a 388 204 6
a 389 173 3
a 389 258 4
a 389 458 9
a 390 265 8
a 391 40 10
a 391 188 3
a 391 464 6
a 391 616 5
a 392 107 3
a 392 561 7
a 392 636 4
a 393 188 5
a 394 483 10
a 394 600 5
a 395 119 9
a 395 195 2
a 396 260 5
a 396 279 2
a 396 431 10
a 397 144 8
a 397 334 9
a 398 155 8
a 398 511 1
a 398 694 1
a 399 208 2
a 399 456 2
a 400 382 9
a 400 505 7
a 400 509 9
a 401 343 3
a 401 454 7
a 401 491 10
a 402 174 10
a 402 577 8
a 402 663 9
a 403 152 6
a 404 81 2
a 404 303 5
a 405 342 3
a 405 376 6
a 406 53 1
a 406 69 3
a 407 11 5
a 407 174 4
a 408 12 5
a 408 447 1
a 409 26 1
a 409 267 10
a 409 546 3
a 410 19 10
a 410 20 1
a 410 220 4
a 410 529 6
a 411 92 6
a 411 444 6
a 412 181 6
a 412 530 4
a 413 2 6
a 413 481 1
a 413 676 10
a 414 32 10
a 414 628 3
a 415 58 6
a 415 665 2
a 416 180 5
a 417 70 8
a 417 164 4
a 418 172 8
a 419 511 10
a 420 88 8
a 420 646 6
a 421 230 6
a 422 320 8
a 422 547 8
a 423 32 2
a 424 121 8
a 425 46 2
a 426 671 1
a 427 600 5
a 428 37 8
a 428 362 10
a 429 367 9
a 430 114 2
a 430 272 2
a 430 415 2
a 430 672 3
a 431 125 1
a 431 268 7
a 431 355 2
a 431 361 8
a 432 16 10
a 432 70 10
a 433 188 7
a 433 473 8
a 434 82 3
a 435 148 9
a 435 461 4
a 436 237 8
a 436 247 5
a 436 516 8
a 436 598 3
a 437 83 6
a 437 309 8
a 437 535 3
a 437 626 2
a 438 683 7
a 439 81 1
a 439 672 8
a 440 247 8
a 441 524 3
a 442 599 10
a 443 165 1
a 443 306 5
a 443 417 2
a 444 64 7
a 444 191 3
a 444 441 7
a 444 578 9
a 445 153 4
a 445 462 2
a 445 528 3
a 445 649 8
a 445 660 1
a 446 178 9
a 446 625 4
a 447 20 9
a 447 472 3
a 448 149 2
a 449 289 5
a 449 391 9
a 449 638 4
a 450 343 5
a 451 49 9
a 451 419 3
a 452 379 3
a 453 572 2
a 454 658 3
a 455 312 9
a 456 565 6
a 456 657 9
a 457 352 2
a 458 386 3
a 459 240 2
a 460 273 1
a 460 573 6
a 461 231 6
a 461 661 9
a 461 688 5
a 462 17 10
a 462 46 9
a 463 254 5
a 463 426 5
a 464 539 3
a 465 49 3
a 465 269 9
a 466 147 7
a 467 359 10
a 468 179 9
a 468 501 9
a 469 528 7
a 470 80 5
a 470 328 8
a 470 545 8
a 470 690 2
a 471 184 4
a 472 166 4
a 472 400 4
a 473 364 8
a 473 692 5
a 474 113 4
a 474 264 9
a 475 195 10
a 476 307 7
a 476 554 3
a 477 59 5
a 477 479 4
a 478 317 7
a 479 384 6
a 479 579 7
a 480 418 4
a 480 668 8
a 481 211 10
a 481 277 7
a 482 615 7
a 483 116 1
a 483 489 5
a 484 57 4
a 484 410 5
a 485 322 7
a 486 43 10
a 486 48 6
a 487 70 9
a 487 187 9
a 487 316 2
a 487 564 7
a 488 142 8
a 489 258 9
a 490 60 10
a 490 524 8
a 491 12 4
a 491 121 8
a 492 38 10
a 492 536 7
a 492 613 6
a 493 301 7
a 493 392 1
a 494 278 10
a 494 328 1
a 494 467 1
a 494 666 7
a 495 23 1
a 496 41 8
a 496 313 8
a 496 602 3
a 497 27 7
a 497 537 3
a 498 59 10
a 498 343 7
a 499 444 4
a 500 504 8
a 501 223 4
a 501 272 6
a 501 293 3
a 502 89 6
a 502 377 7
a 502 380 2
a 503 129 2
a 503 543 4
a 504 217 7
a 504 376 4
a 504 433 9
a 505 303 1
a 506 202 8
a 506 370 1
a 507 192 5
a 508 189 5
a 508 444 5
a 509 385 8
a 510 424 10
a 511 84 4
a 511 362 4
a 512 134 6
a 512 276 8
a 512 463 4
a 513 444 4
a 514 646 2
a 515 90 6
a 515 506 3
a 516 79 1
a 516 93 3
a 517 112 3
a 518 374 5
a 518 442 3
a 518 592 10
a 518 698 6
a 519 381 3
a 519 590 10
a 520 550 5
a 521 331 7
a 522 290 3
a 522 457 10
a 523 326 1
a 523 569 4
a 523 588 5
a 524 184 4
a 524 339 6
a 525 687 10
a 526 61 10
a 527 200 2
a 527 526 8
a 528 194 8
a 528 472 1
a 529 647 2
a 530 329 9
a 530 372 2
a 530 451 4
a 531 143 5
a 531 203 6
a 532 497 9
a 533 682 3
a 534 393 10
a 535 136 7
a 535 660 3
a 536 457 6
a 537 321 6
a 537 657 2
a 538 216 3
a 538 317 5
a 539 10 3
a 539 163 3
a 539 346 4
a 539 509 8
a 540 383 3
a 540 655 3
a 541 575 4
a 542 78 8
a 542 130 6
a 542 148 2
a 542 310 9
a 542 322 1
a 543 338 3
a 544 184 4
a 544 299 2
a 544 686 6
a 545 149 3
a 545 434 6
a 546 95 6
a 546 356 7
a 547 338 10
a 548 163 1
a 549 495 10
a 549 646 8
a 550 541 6
a 550 683 6
a 551 27 10
a 551 281 8
a 551 413 7
a 551 546 6
a 552 435 8
a 553 241 5
a 553 407 7
a 554 681 6
a 555 131 4
a 555 244 2
a 556 199 3
a 557 18 7
a 557 169 9
a 557 446 2
a 558 42 9
a 558 368 8
a 559 152 6
a 559 508 6
a 560 74 6
a 560 190 6
a 560 270 8
a 561 11 2
a 562 253 5
a 563 482 8
a 563 487 10
a 564 83 1
a 564 118 5
a 565 658 5
a 566 213 1
a 566 320 3
a 566 396 10
a 567 518 1
a 568 363 4
a 568 571 2
a 569 55 3
a 569 449 4
a 569 518 5
a 569 617 7
a 570 554 10
a 571 42 3
a 571 97 1
a 571 161 7
a 571 329 2
a 572 12 5
a 572 133 1
a 573 159 2
a 573 170 3
a 574 18 4
a 574 341 2
a 575 298 4
a 575 594 4
a 576 581 4
a 577 283 3
a 578 368 6
a 579 102 3
a 580 61 4
a 581 103 5
a 581 259 10
a 582 450 10
a 583 438 4
a 584 331 7
a 584 344 8
a 585 126 9
a 585 460 8
a 585 678 1
a 586 75 8
a 587 76 8
a 587 151 8
a 587 552 4
a 588 383 4
a 589 130 10
a 589 503 2
a 590 126 4
a 590 225 1
a 590 285 10
a 591 679 9
a 592 131 6
a 592 488 8
a 592 494 4
a 593 404 3
a 594 376 6
a 594 531 7
a 595 340 10
a 595 648 5
a 596 122 6
a 597 243 5
a 598 439 3
a 599 29 1
a 599 585 10
a 600 274 2
a 600 275 10
a 600 566 9
a 601 251 6
a 601 578 4
a 602 417 8
a 602 457 2
a 603 199 1
a 603 471 10
a 603 522 3
a 603 567 1
a 604 392 1
a 604 695 7
a 605 386 9
a 605 460 2
a 606 278 3
a 607 18 7
a 607 39 5
a 607 515 10
a 608 268 6
a 609 529 1
a 609 586 8
a 610 73 9
a 610 257 5
a 610 563 3
a 611 28 4
a 611 566 10
a 612 102 8
a 612 280 8
a 613 144 6
a 613 394 7
a 613 399 6
a 613 408 9
a 614 205 1
a 614 222 4
a 614 308 4
a 614 312 2
a 614 589 1
a 615 115 1
a 615 535 3
a 616 206 2
a 616 465 3
a 617 86 3
a 617 699 1
a 618 180 2
a 618 183 5
a 618 402 6
a 618 637 5
a 619 111 1
a 620 189 6
a 620 297 6
a 620 360 9
a 620 507 7
a 620 691 6
a 621 43 6
a 621 463 6
a 622 263 2
a 622 429 2
a 622 617 3
a 623 224 7
a 623 379 10
a 623 476 9
a 623 519 9
a 623 680 1
a 624 361 7
a 625 43 1
a 625 651 4
a 626 154 1
a 626 374 10
a 627 497 5
a 628 65 9
a 628 656 2
a 629 178 10
a 629 504 2
a 630 377 8
a 631 424 3
a 632 177 4
a 632 599 4
a 633 47 10
a 633 294 10
a 633 446 5
a 633 631 3
a 634 68 8
a 634 525 8
a 634 653 2
a 635 72 9
a 635 81 9
a 635 317 9
a 636 284 7
a 637 337 6
a 637 576 9
a 638 523 3
a 639 40 9
a 639 206 2
a 640 127 7
a 641 38 8
a 641 324 3
a 641 593 2
a 642 202 7
a 642 430 9
a 642 487 2
a 643 434 1
a 643 509 4
a 644 283 8
a 644 631 9
a 645 132 2
a 645 133 7
a 645 533 10
a 646 226 3
a 647 380 6
a 648 649 5
a 649 191 5
a 650 275 3
a 651 347 10
a 651 604 8
a 652 383 3
a 653 463 9
a 654 91 9
a 654 214 4
a 654 230 8
a 655 166 1
a 655 253 9
a 655 440 2
a 655 460 9
a 655 669 10
a 656 585 5
a 657 255 1
a 657 528 10
a 658 465 9
a 659 160 8
a 659 204 5
a 659 648 6
a 659 687 9
a 660 472 6
a 660 606 3
a 660 674 6
a 661 90 3
a 661 619 4
a 662 391 5
a 663 342 2
a 664 95 3
a 664 455 3
a 664 643 4
a 665 66 7
a 665 284 2
a 665 375 4
a 665 635 3
a 666 12 6
a 666 635 2
a 667 324 10
a 668 526 3
a 669 165 1
a 670 28 9
a 670 412 1
a 671 152 6
a 672 45 4
a 672 266 3
a 673 595 10
a 674 331 7
a 674 565 4
a 674 587 7
a 675 624 2
a 676 367 8
a 677 157 7
a 677 567 9
a 677 688 5
a 678 261 5
a 678 448 2
a 679 116 1
a 679 150 2
a 679 227 2
a 679 676 4
a 680 536 5
a 681 507 9
a 682 141 1
a 682 678 4
a 683 555 3
a 684 378 4
a 684 534 6
a 684 658 9
a 685 125 4
a 686 232 10
a 686 415 9
a 687 3 7
a 687 362 9
a 688 241 4
a 688 469 5
a 688 546 4
a 689 117 10
a 689 202 8
a 689 221 2
a 689 380 6
a 690 408 6
a 691 498 6
a 692 266 9
a 693 186 10
a 693 392 10
a 693 543 3
a 694 536 7
a 695 389 3
a 696 51 2
a 697 191 6
a 698 103 4
a 699 137 2
a 699 197 4
a 699 393 8
