p max 700 1400
n 1 s
n 700 t
a 1 353 5
a 2 339 5
a 2 447 9
a 3 113 10
a 3 561 5
a 4 574 9
a 5 204 2
a 5 450 9
a 6 582 10
a 7 306 6
a 7 318 4
a 8 57 10
a 8 544 3
a 9 533 2
a 10 218 8
a 10 237 2
a 11 113 1
a 11 114 10
a 12 524 9
a 13 132 5
a 13 284 2
a 14 68 2
a 14 144 7
a 14 375 8
a 14 684 9
a 15 9 5
a 15 518 1
a 16 342 5
a 16 367 10
a 16 678 3
a 17 98 8
a 17 437 6
a 18 8 3
a 18 97 3
a 18 393 6
a 18 609 7
a 19 144 4
a 19 171 4
a 20 93 7
a 20 186 6
a 20 468 4
a 21 305 4
a 21 353 7
a 21 656 5
a 22 274 2
a 22 660 7
a 22 685 7
a 23 81 5
a 24 422 4
a 25 136 9
a 25 272 2
a 26 62 3
a 26 190 2
a 27 5 7
a 28 428 5
a 28 667 5
a 29 102 3
a 29 356 8
a 29 507 7
a 30 3 7
a 31 660 2
a 32 528 8
a 32 598 3
a 33 123 9
a 33 196 9
a 34 207 9
a 34 638 9
a 35 143 8
a 35 274 9
a 36 534 4
a 37 380 7
a 37 635 8
a 38 58 7
a 38 159 6
a 39 462 6
a 40 515 10
a 41 276 8
a 41 315 6
a 41 350 2
a 42 358 2
a 43 98 4
a 44 676 1
a 45 648 7
a 46 317 4
a 46 371 6
a 47 260 6
a 47 325 6
a 48 437 4
a 49 507 8
a 49 549 2
a 50 55 8
a 50 337 5
a 50 617 3
a 51 87 2
a 51 99 8
a 51 147 3
a 52 167 9
a 52 448 10
a 52 641 4
a 52 672 4
a 53 81 9
a 53 86 6
a 54 185 3
a 55 75 6
a 55 278 1
a 55 451 1
a 55 688 4
a 56 557 2
a 57 85 9
a 57 630 1
a 58 142 8
a 58 697 4
a 59 425 8
a 59 662 3
a 60 69 10
a 61 627 3
a 62 682 8
a 63 212 2
a 63 349 3
a 64 14 4
a 64 643 7
a 65 86 9
a 66 518 6
a 66 694 1
a 67 157 1
a 67 497 5
a 68 582 8
a 69 159 2
a 69 461 6
a 70 16 3
a 70 469 2
a 70 622 10
a 71 65 8
a 71 252 10
a 72 425 9
a 73 6 1
a 73 532 4
a 73 622 4
a 74 469 4
a 75 256 9
a 76 127 1
a 76 467 10
a 76 547 1
a 77 43 10
a 77 370 10
a 78 252 9
a 78 680 5
a 79 322 7
a 79 511 3
a 80 45 10
a 80 699 7
a 81 29 2
a 81 540 3
a 81 605 10
a 81 625 5
a 82 99 6
a 82 343 4
a 83 246 3
a 83 663 2
a 84 298 5
a 85 142 5
a 85 389 8
a 86 187 3
a 86 373 5
a 87 242 6
a 87 340 1
a 87 473 9
a 87 489 9
a 87 527 4
a 87 629 7
a 88 83 8
a 88 174 10
a 88 584 2
a 89 480 2
a 90 351 4
a 90 573 10
a 90 635 10
a 91 111 9
a 91 368 7
a 92 243 10
a 92 605 8
a 92 685 3
a 93 19 8
a 93 42 7
a 93 229 2
a 94 311 8
a 95 87 10
a 96 48 10
a 96 556 10
a 97 60 2
a 97 222 5
a 97 640 3
a 98 277 2
a 99 396 1
a 99 682 9
a 100 341 6
a 100 700 10
a 101 258 3
a 101 680 3
a 102 99 10
a 102 115 3
a 102 221 4
a 103 28 6
a 103 236 4
a 103 287 4
a 103 384 6
a 104 259 3
a 105 87 2
a 105 666 4
a 106 116 6
a 106 279 10
a 106 431 4
a 107 306 2
a 107 457 3
a 108 278 2
a 109 300 5
a 109 553 5
a 109 661 9
a 110 351 7
a 111 595 7
a 112 208 3
a 113 237 6
a 114 264 6
a 114 665 5
a 115 170 2
a 115 313 7
a 115 314 1
a 116 439 7
a 117 20 9
a 117 126 7
a 117 363 8
a 117 457 3
a 118 656 3
a 118 679 1
a 119 336 3
a 119 379 1
a 120 78 5
a 120 643 8
a 121 215 3
a 121 339 9
a 122 443 10
a 123 574 5
a 124 376 10
a 125 33 1
a 125 420 3
a 125 494 3
a 126 159 7
a 126 573 4
a 127 385 9
a 127 478 6
a 128 440 2
a 128 524 4
a 129 481 9
a 129 670 10
a 130 366 10
a 130 436 8
a 130 476 4
a 131 446 7
a 131 662 8
a 132 48 3
a 132 302 9
a 132 385 8
a 132 543 5
a 132 545 4
a 133 260 6
a 133 380 6
a 134 12 5
a 134 330 8
a 134 361 5
a 134 658 3
a 135 155 2
a 136 452 10
a 136 670 8
a 137 611 5
a 137 677 8
a 138 262 7
a 139 29 4
a 140 281 9
a 141 18 5
a 141 231 2
a 142 130 5
a 142 376 7
a 142 624 3
a 143 308 10
a 143 341 6
a 143 359 5
a 143 590 10
a 144 63 9
a 144 125 5
a 145 316 1
a 145 333 7
a 146 223 7
a 146 618 10
a 147 278 2
a 148 555 6
a 149 124 1
a 149 133 5
a 149 316 2
a 149 636 6
a 150 290 3
a 151 376 4
a 152 122 9
a 152 496 6
a 153 397 4
a 154 11 5
a 154 500 8
a 154 525 9
a 155 241 10
a 155 307 2
a 156 47 2
a 156 184 7
a 157 298 3
a 157 365 8
a 157 557 2
a 158 528 5
a 159 617 6
a 160 15 6
a 160 521 1
a 161 129 6
a 161 164 8
a 161 308 1
a 161 501 5
a 162 425 1
a 162 519 6
a 163 565 1
a 163 585 10
a 163 613 9
a 164 372 9
a 165 565 2
a 165 681 9
a 166 99 8
a 166 124 9
a 166 382 4
a 167 189 1
a 167 650 2
a 168 134 4
a 168 229 8
a 169 485 7
a 169 519 4
a 170 278 1
a 170 470 2
a 171 165 4
a 171 178 1
a 171 324 7
a 172 285 4
a 173 263 8
a 173 275 2
a 174 71 7
a 174 402 3
a 175 273 3
a 175 350 7
a 176 327 2
a 176 457 10
a 177 110 9
a 177 400 7
a 178 404 8
a 178 598 5
a 178 637 1
a 178 672 5
a 179 159 3
a 179 227 10
a 179 407 2
a 179 464 7
a 180 352 3
a 180 456 4
a 180 543 6
a 181 540 9
a 182 534 9
a 182 570 6
a 182 661 6
a 183 192 1
a 183 274 2
a 183 408 4
a 183 663 4
a 184 230 4
a 184 263 8
a 184 482 5
a 185 305 1
a 185 484 3
a 185 671 2
a 186 301 5
a 186 530 6
a 187 311 4
a 187 552 6
a 187 608 9
a 188 254 2
a 189 484 4
a 189 524 10
a 189 687 4
a 190 148 2
a 190 179 8
a 190 499 7
a 190 675 8
a 191 649 9
a 192 169 7
a 192 306 7
a 192 500 6
a 193 132 3
a 194 320 5
a 194 498 2
a 195 135 2
a 195 180 9
a 195 580 6
a 196 36 2
a 196 53 4
a 196 87 7
a 196 502 3
a 196 653 4
a 197 166 9
a 197 271 9
a 197 376 2
a 198 259 4
a 199 344 9
a 200 285 10
a 200 312 6
a 201 12 7
a 201 15 8
a 202 142 4
a 203 288 9
a 203 369 9
a 203 378 1
a 204 31 3
a 204 226 7
a 204 410 10
a 205 321 8
a 205 429 4
a 206 118 9
a 206 525 2
a 207 640 7
a 208 431 9
a 209 213 10
a 209 317 2
a 210 288 7
a 211 481 6
a 212 111 6
a 213 27 7
a 213 262 2
a 213 487 9
a 213 639 7
a 213 649 2
a 214 26 8
a 215 360 1
a 216 452 9
a 216 599 3
a 217 79 5
a 217 689 3
a 218 64 3
a 218 563 6
a 219 486 1
a 220 99 2
a 220 155 2
a 220 421 7
a 221 157 5
a 221 432 5
a 221 509 7
a 222 457 6
a 223 98 10
a 223 567 1
a 224 493 9
a 224 546 2
a 225 362 5
a 226 203 9
a 226 628 4
a 227 280 8
a 227 602 10
a 228 206 5
a 229 372 7
a 229 449 5
a 230 290 4
a 231 33 4
a 231 445 4
a 232 534 5
a 233 53 9
a 234 77 7
a 234 147 7
a 235 407 4
a 235 435 8
a 236 130 4
a 236 633 9
a 237 13 7
a 237 698 4
a 238 156 5
a 238 323 3
a 239 648 7
a 240 172 6
a 240 289 10
a 240 441 8
a 240 486 6
a 241 307 2
a 241 372 8
a 242 156 1
a 243 84 3
a 243 310 10
a 244 340 3
a 245 658 7
a 246 497 1
a 247 334 9
a 247 479 8
a 248 44 10
a 248 76 10
a 248 444 2
a 249 391 3
a 249 473 3
a 250 326 3
a 250 403 9
a 251 335 9
a 251 506 1
a 252 201 2
a 253 116 2
a 253 216 6
a 253 299 3
a 253 436 3
a 253 589 1
a 254 202 6
a 254 251 1
a 254 387 9
a 254 492 5
a 255 186 1
a 256 217 5
a 256 360 10
a 257 171 5
a 257 616 1
a 258 308 2
a 258 462 10
a 258 674 9
a 259 24 10
a 259 59 8
a 259 551 5
a 260 229 8
a 260 634 5
a 261 269 10
a 261 394 5
a 262 255 9
a 262 292 5
a 262 430 4
a 262 521 10
a 263 467 2
a 263 620 8
a 264 345 8
a 264 470 3
a 265 172 6
a 266 404 8
a 266 578 4
a 267 110 2
a 267 177 2
a 268 50 8
a 268 192 5
a 268 472 6
a 269 598 10
a 269 620 1
a 270 501 6
a 271 398 4
a 271 569 2
a 271 654 4
a 272 353 2
a 272 697 9
a 273 99 8
a 273 617 3
a 274 2 10
a 274 161 6
a 274 560 3
a 275 40 9
a 275 160 5
a 275 530 5
a 275 546 2
a 276 239 3
a 276 585 10
a 276 645 9
a 277 619 7
a 278 571 1
a 278 622 8
a 279 196 4
a 280 326 9
a 280 334 2
a 281 297 10
a 281 610 2
a 282 9 1
a 282 586 8
a 282 595 8
a 283 327 8
a 284 530 2
a 285 102 6
a 286 267 8
a 286 693 1
a 287 19 8
a 288 184 3
a 288 289 2
a 288 595 10
a 289 668 9
a 290 554 9
a 291 149 8
a 291 243 5
a 291 374 5
a 291 415 3
a 292 81 1
a 292 336 1
a 293 268 8
a 293 307 2
a 293 495 7
a 294 584 5
a 295 178 5
a 295 652 2
a 296 98 6
a 297 424 6
a 297 654 5
a 298 284 8
a 298 495 9
a 299 45 4
a 299 380 3
a 299 493 9
a 299 592 2
a 300 304 4
a 301 31 7
a 302 87 3
a 303 138 9
a 304 638 2
a 305 44 6
a 305 583 9
a 306 247 4
a 306 575 5
a 307 397 7
a 308 573 5
a 309 416 1
a 309 437 8
a 309 550 1
a 310 13 9
a 310 208 4
a 310 531 7
a 311 10 3
a 311 674 3
a 312 286 9
a 312 595 7
a 313 287 5
a 314 280 5
a 314 333 10
a 314 496 4
a 315 32 1
a 315 140 2
a 315 188 1
a 316 103 8
a 316 175 8
a 316 317 7
a 317 282 9
a 317 290 5
a 318 199 1
a 318 579 7
a 319 95 6
a 319 199 3
a 319 248 1
a 320 605 9
a 321 72 8
a 321 511 7
a 322 449 4
a 322 495 7
a 322 519 1
a 323 477 8
a 324 675 10
a 325 186 7
a 325 514 3
a 326 148 8
a 326 168 9
a 327 181 7
a 327 627 6
a 328 267 8
a 328 383 2
a 329 594 5
a 330 418 5
a 330 578 8
a 331 305 5
a 331 558 8
a 332 65 9
a 333 312 2
a 333 362 6
a 334 16 2
a 334 295 4
a 335 474 8
a 335 548 2
a 336 92 2
a 336 129 4
a 337 650 2
a 338 69 3
a 338 257 4
a 339 293 1
a 339 331 3
a 339 450 5
a 340 163 7
a 340 676 8
a 341 194 9
a 341 348 5
a 342 378 7
a 342 518 9
a 343 565 8
a 344 298 9
a 345 48 1
a 345 642 5
a 346 561 9
a 347 296 2
a 348 309 3
a 348 657 5
a 349 67 7
a 349 427 9
a 350 191 3
a 350 640 6
a 351 176 2
a 351 417 2
a 351 480 9
a 352 151 6
a 352 443 4
a 353 42 9
a 353 319 8
a 354 511 6
a 354 577 2
a 354 676 10
a 355 358 2
a 356 84 4
a 356 291 5
a 357 360 2
a 358 169 1
a 358 232 4
a 358 236 1
a 358 251 5
a 358 290 6
a 359 193 2
a 359 475 6
a 359 490 3
a 360 8 8
a 360 477 4
a 361 228 2
a 361 501 3
a 361 686 10
a 362 38 8
a 363 259 4
a 364 510 10
a 364 669 9
a 365 492 9
a 366 233 7
a 366 458 9
a 366 491 8
a 367 246 8
a 367 406 5
a 367 437 1
a 368 14 7
a 368 148 8
a 369 41 4
a 369 133 2
a 369 700 4
a 370 523 10
a 371 615 4
a 372 209 10
a 372 454 7
a 373 7 5
a 373 664 5
a 374 206 3
a 374 377 2
a 374 388 2
a 375 622 5
a 376 365 3
a 376 416 4
a 377 106 10
a 377 572 2
a 378 381 3
a 378 578 5
a 379 556 5
a 380 138 7
a 380 355 7
a 380 406 2
a 380 655 10
a 381 616 1
a 382 289 8
a 383 326 4
a 383 674 2
a 384 198 1
a 384 545 1
a 384 698 9
a 385 75 6
a 386 591 6
a 386 623 10
a 387 380 1
a 388 607 5
a 389 358 10
a 389 643 2
a 390 539 10
a 390 564 4
a 391 25 5
a 391 60 7
a 391 90 2
a 391 517 3
a 392 22 8
a 392 347 6
a 392 640 3
a 393 151 4
a 394 2 5
a 395 371 10
a 395 420 6
a 396 601 7
a 397 539 8
a 397 566 10
a 397 686 1
a 398 68 9
a 398 153 9
a 398 223 4
a 398 612 7
a 399 195 4
a 399 630 6
a 400 4 7
a 400 340 7
a 401 17 9
a 401 467 3
a 402 137 3
a 403 396 1
a 404 109 7
a 404 547 8
a 405 214 5
a 406 388 7
a 406 533 8
a 407 97 2
a 407 238 7
a 407 511 3
a 408 419 3
a 409 69 3
a 409 78 2
a 409 100 10
a 409 412 10
a 410 345 2
a 410 438 2
a 411 212 4
a 411 555 6
a 412 344 6
a 413 196 6
a 413 512 2
a 414 382 5
a 415 66 10
a 415 659 1
a 416 355 4
a 416 392 6
a 417 61 4
a 417 433 2
a 417 463 8
a 417 576 7
a 417 650 7
a 417 651 4
a 418 94 9
a 418 183 9
a 418 593 10
a 419 324 7
a 420 264 7
a 420 511 2
a 421 387 3
a 422 75 2
a 423 697 2
a 424 673 8
a 425 328 9
a 425 452 5
a 426 524 8
a 427 73 4
a 427 162 10
a 427 488 5
a 428 60 8
a 428 242 3
a 429 501 7
a 430 54 5
a 430 146 3
a 430 399 5
a 431 296 9
a 431 367 5
a 431 369 4
a 432 405 3
a 432 588 3
a 433 514 10
a 433 641 3
a 434 38 5
a 434 52 7
a 434 180 10
a 435 9 8
a 436 185 9
a 436 534 5
a 437 274 4
a 438 112 5
a 438 235 8
a 438 329 2
a 438 408 1
a 439 186 4
a 439 277 4
a 439 560 4
a 440 395 6
a 441 137 9
a 442 8 1
a 442 503 1
a 442 644 8
a 443 185 8
a 443 321 1
a 443 584 3
a 443 600 1
a 444 35 6
a 444 158 3
a 444 216 2
a 444 338 3
a 445 181 10
a 445 409 8
a 445 515 5
a 445 546 10
a 446 117 9
a 446 595 6
a 447 33 4
a 447 218 7
a 447 323 5
a 447 442 4
a 448 434 3
a 449 14 7
a 449 139 8
a 449 269 9
a 449 479 7
a 450 186 8
a 451 67 4
a 451 253 3
a 451 693 4
a 452 489 8
a 452 570 3
a 453 79 3
a 453 304 4
a 453 386 5
a 453 695 5
a 454 151 9
a 454 274 8
a 454 364 6
a 455 414 9
a 455 540 3
a 455 562 4
a 456 25 5
a 457 53 1
a 457 281 1
a 458 153 7
a 458 214 10
a 458 306 10
a 458 689 5
a 459 56 3
a 459 207 8
a 459 240 10
a 459 470 1
a 459 572 7
a 460 24 2
a 460 587 4
a 461 3 9
a 462 105 6
a 462 215 5
a 462 434 7
a 462 508 2
a 462 579 1
a 462 632 2
a 463 110 5
a 463 273 7
a 463 388 10
a 463 591 1
a 464 316 1
a 464 504 8
a 465 511 4
a 466 3 3
a 466 489 5
a 467 35 8
a 468 330 9
a 469 97 3
a 469 150 7
a 469 254 2
a 469 668 8
a 470 672 1
a 471 23 9
a 471 235 5
a 471 265 6
a 472 309 10
a 472 347 6
a 473 651 8
a 474 65 4
a 474 527 1
a 474 619 5
a 475 72 10
a 475 482 2
a 475 607 4
a 475 647 6
a 476 536 3
a 476 668 7
a 477 346 4
a 477 546 1
a 478 200 6
a 478 537 3
a 478 547 5
a 479 372 7
a 479 497 9
a 480 139 2
a 481 563 4
a 482 20 5
a 482 526 7
a 483 37 9
a 483 398 6
a 484 249 3
a 484 649 10
a 485 261 5
a 485 374 4
a 486 389 1
a 487 568 1
a 488 120 3
a 488 426 1
a 488 599 6
a 489 91 9
a 489 220 4
a 489 535 7
a 490 84 8
a 490 453 5
a 491 131 5
a 492 42 1
a 492 681 9
a 493 266 1
a 493 683 5
a 494 80 7
a 494 472 10
a 495 22 2
a 495 57 2
a 496 216 5
a 496 424 10
a 497 46 8
a 497 63 7
a 497 73 6
a 497 154 8
a 497 529 4
a 498 146 1
a 498 212 3
a 499 312 1
a 500 664 4
a 501 287 5
a 501 681 3
a 502 142 8
a 502 201 9
a 502 357 8
a 502 561 1
a 503 262 10
a 504 145 4
a 504 563 8
a 505 154 3
a 506 682 3
a 506 691 10
a 507 373 5
a 507 543 3
a 508 692 4
a 509 243 3
a 509 596 6
a 510 43 5
a 510 121 5
a 510 538 5
a 510 603 9
a 511 280 9
a 511 360 1
a 511 423 8
a 511 636 4
a 512 152 2
a 512 175 4
a 513 52 1
a 513 582 4
a 514 52 5
a 514 601 7
a 514 680 1
a 515 84 1
a 515 209 8
a 515 224 8
a 515 572 9
a 516 64 3
a 516 303 3
a 516 427 4
a 517 256 8
a 518 16 3
a 518 269 8
a 519 630 3
a 520 117 6
a 520 131 10
a 520 205 2
a 520 301 5
a 521 141 1
a 521 199 10
a 521 459 10
a 522 530 8
a 523 149 1
a 524 670 7
a 525 397 5
a 525 559 9
a 526 158 8
a 526 470 3
a 526 542 9
a 526 696 4
a 527 699 5
a 528 310 1
a 528 373 10
a 529 159 2
a 529 658 6
a 530 220 7
a 530 399 1
a 530 454 4
a 530 630 9
a 531 427 3
a 531 494 8
a 531 665 8
a 531 690 7
a 532 659 4
a 533 82 7
a 533 102 8
a 533 411 7
a 534 313 6
a 534 599 8
a 535 17 3
a 535 119 3
a 535 505 5
a 536 348 1
a 536 455 8
a 537 344 9
a 537 558 7
a 538 141 10
a 539 138 7
a 539 437 5
a 540 99 10
a 540 207 3
a 541 78 4
a 542 21 4
a 542 160 1
a 542 401 9
a 543 118 9
a 544 183 9
a 544 225 2
a 545 230 4
a 545 489 9
a 546 342 8
a 547 424 2
a 547 490 3
a 547 512 10
a 548 358 6
a 548 579 9
a 549 684 4
a 550 354 8
a 550 458 5
a 551 43 5
a 551 165 2
a 551 210 8
a 552 51 4
a 552 446 6
a 553 222 6
a 554 256 9
a 554 297 4
a 555 70 5
a 555 188 5
a 555 466 5
a 556 286 8
a 557 15 7
a 557 610 1
a 558 139 7
a 559 387 10
a 560 71 10
a 560 150 3
a 560 537 2
a 561 249 9
a 561 322 10
a 562 305 7
a 563 552 8
a 564 344 7
a 565 64 7
a 565 628 4
a 566 11 3
a 566 390 3
a 567 46 7
a 567 560 7
a 568 526 10
a 569 450 3
a 569 474 8
a 570 484 6
a 571 314 9
a 572 443 9
a 573 663 8
a 574 505 10
a 575 648 9
a 576 668 1
a 577 115 4
a 577 624 6
a 578 26 3
a 578 523 7
a 579 269 2
a 579 534 10
a 580 206 3
a 580 515 6
a 580 554 10
a 581 62 8
a 582 216 6
a 583 307 2
a 584 49 10
a 584 683 4
a 585 439 10
a 585 639 3
a 586 674 9
a 587 173 7
a 587 520 4
a 588 101 9
a 588 580 6
a 589 228 6
a 590 413 1
a 590 506 1
a 591 26 6
a 591 136 4
a 592 422 7
a 592 525 3
a 592 646 1
a 592 673 4
a 593 520 10
a 594 60 5
a 595 182 4
a 595 429 5
a 595 433 5
a 596 109 8
a 596 480 10
a 597 648 7
a 597 679 2
a 598 128 10
a 598 354 7
a 598 471 7
a 599 234 3
a 599 389 1
a 599 659 2
a 600 308 8
a 600 516 2
a 601 428 1
a 601 518 4
a 602 22 7
a 602 270 9
a 603 638 2
a 604 506 9
a 604 557 6
a 605 387 5
a 606 165 1
a 606 668 3
a 607 174 7
a 608 266 6
a 608 368 6
a 609 2 1
a 609 96 2
a 610 582 5
a 611 55 6
a 612 39 9
a 612 534 5
a 613 91 3
a 614 183 5
a 614 616 2
a 615 84 2
a 616 31 3
a 616 219 7
a 617 85 10
a 618 34 5
a 618 59 9
a 618 236 7
a 619 365 2
a 619 597 1
a 620 216 7
a 620 407 9
a 621 126 6
a 622 609 2
a 623 250 10
a 623 366 10
a 624 323 4
a 624 581 5
a 624 614 7
a 624 692 7
a 625 425 10
a 626 104 2
a 626 489 5
a 626 513 3
a 626 568 6
a 627 89 4
a 627 161 10
a 628 497 2
a 628 574 6
a 629 5 8
a 629 396 6
a 629 411 6
a 630 362 7
a 631 160 7
a 632 297 5
a 633 278 7
a 634 60 4
a 634 107 6
a 635 229 9
a 636 13 9
a 636 30 6
a 637 475 7
a 637 549 2
a 637 664 8
a 638 201 6
a 639 481 6
a 640 137 4
a 640 285 4
a 640 379 7
a 640 460 5
a 640 643 2
a 641 557 6
a 642 358 2
a 642 549 7
a 643 304 6
a 644 27 2
a 644 548 6
a 644 626 7
a 644 669 4
a 645 159 2
a 646 73 10
a 647 18 8
a 647 414 7
a 648 288 5
a 648 631 4
a 649 85 5
a 650 64 6
a 650 328 3
a 650 546 9
a 651 607 2
a 652 688 8
a 653 608 9
a 653 666 9
a 654 478 1
a 655 74 2
a 655 483 2
a 656 350 10
a 656 368 9
a 657 32 4
a 657 472 4
a 658 244 5
a 658 348 5
a 658 559 4
a 658 604 7
a 659 121 3
a 660 692 9
a 661 108 7
a 661 457 10
a 661 541 7
a 662 62 2
a 662 483 9
a 662 677 5
a 663 294 1
a 663 515 1
a 664 215 2
a 665 550 8
a 665 575 2
a 666 292 3
a 667 568 1
a 668 219 7
a 668 395 3
a 669 413 8
a 669 588 7
a 670 140 7
a 670 604 7
a 671 522 1
a 671 628 1
a 672 88 6
a 672 321 1
a 672 375 1
a 673 457 2
a 673 458 5
a 674 180 3
a 675 552 8
a 676 231 9
a 676 419 4
a 677 323 10
a 677 615 1
a 678 129 10
a 679 44 9
a 680 25 9
a 680 332 9
a 681 173 2
a 681 348 6
a 682 176 10
a 682 498 1
a 683 245 5
a 683 283 3
a 683 532 3
a 684 31 6
a 684 132 6
a 685 19 3
a 685 577 1
a 686 49 5
a 686 594 3
a 687 54 4
a 687 259 1
a 687 357 2
a 688 646 7
a 689 211 6
a 689 338 1
a 690 367 7
a 691 583 1
a 692 243 1
a 693 197 3
a 693 323 6
a 693 606 8
a 694 545 9
a 695 190 4
a 695 465 7
a 695 583 2
a 695 632 4
a 696 410 8
a 696 621 4
a 697 497 4
a 698 96 4
a 699 390 3
