p max 700 1400
n 1 s
n 700 t
a 1 339 2
a 2 686 3
a 3 179 10
a 4 272 2
a 4 611 5
a 5 113 5
a 6 56 9
a 6 260 10
a 6 523 8
a 7 471 7
a 8 593 8
a 9 366 6
a 9 428 5
a 10 386 9
a 10 411 2
a 11 162 7
a 12 323 5
a 12 385 4
a 13 250 2
a 13 503 5
a 14 8 2
a 14 233 4
a 14 654 2
a 15 7 8
a 15 253 5
a 15 648 10
a 16 392 10
a 17 227 5
a 17 561 1
a 18 309 2
a 18 400 7
a 19 159 8
a 19 353 8
a 19 409 7
a 20 153 9
a 20 293 6
a 20 345 1
a 21 94 2
a 21 344 3
a 21 618 9
a 22 439 8
a 22 446 5
a 22 570 7
a 22 574 5
a 23 135 4
a 24 347 1
a 25 58 8
a 26 382 9
a 27 58 2
a 27 193 3
a 27 427 7
a 27 500 7
a 27 606 2
a 28 178 5
a 29 139 4
a 29 364 8
a 30 603 4
a 30 629 8
a 31 431 2
a 31 459 8
a 31 604 4
a 32 560 1
a 32 578 10
a 32 626 10
a 33 365 10
a 34 246 2
a 35 134 6
a 35 400 7
a 35 445 5
a 35 446 5
a 36 375 9
a 36 644 8
a 37 264 7
a 38 535 1
a 39 20 10
a 39 235 10
a 39 478 2
a 40 191 10
a 40 304 5
a 40 527 3
a 41 485 10
a 42 62 6
a 42 99 1
a 42 118 1
a 42 573 8
a 43 618 8
a 44 37 3
a 45 31 7
a 45 163 10
a 45 547 2
a 45 681 2
a 46 463 5
a 46 476 8
a 47 109 4
a 47 564 5
a 48 9 9
a 48 631 1
a 49 119 9
a 49 279 6
a 49 337 4
a 50 461 3
a 50 483 10
a 50 619 5
a 50 665 3
a 51 31 4
a 51 640 5
a 52 351 5
a 53 120 10
a 53 179 8
a 53 610 5
a 54 329 2
a 54 531 7
a 55 243 3
a 55 297 1
a 56 324 6
a 56 666 3
a 57 253 4
a 57 343 10
a 57 571 6
a 58 28 10
a 58 129 8
a 58 287 7
a 59 153 3
a 59 615 9
a 59 689 5
a 60 115 9
a 60 413 2
a 61 603 2
a 62 515 2
a 62 660 7
a 63 7 1
a 64 10 9
a 64 581 8
a 65 138 4
a 65 284 9
a 65 306 2
a 65 391 6
a 65 467 10
a 66 446 5
a 66 583 1
a 67 10 10
a 67 31 10
a 67 74 9
a 67 564 3
a 68 647 4
a 69 309 7
a 69 362 9
a 70 223 2
a 71 173 9
a 71 384 2
a 72 492 10
a 72 608 1
a 73 106 1
a 73 345 2
a 74 685 9
a 75 6 1
a 75 315 1
a 75 471 2
a 75 627 8
a 76 429 2
a 77 300 2
a 77 389 1
a 77 406 6
a 78 295 10
a 78 442 10
a 79 39 2
a 79 267 9
a 80 284 2
a 80 290 1
a 80 646 8
a 81 501 6
a 82 162 3
a 82 185 1
a 82 216 5
a 82 366 5
a 82 497 9
a 83 378 3
a 83 408 1
a 83 525 5
a 83 693 10
a 84 340 5
a 85 8 7
a 86 241 1
a 86 339 6
a 86 460 10
a 87 638 1
a 88 394 10
a 88 580 8
a 89 190 10
a 90 3 7
a 90 199 4
a 90 437 2
a 90 584 1
a 90 613 1
a 91 9 6
a 91 90 4
a 91 100 5
a 91 267 4
a 91 422 3
a 91 494 9
a 91 611 8
a 92 405 4
a 92 577 2
a 93 236 4
a 93 328 1
a 93 380 3
a 93 552 5
a 94 158 3
a 94 631 6
a 95 14 10
a 95 256 8
a 95 505 8
a 96 392 3
a 96 599 2
a 97 57 5
a 97 93 5
a 97 214 1
a 98 52 8
a 98 467 4
a 98 590 7
a 99 320 5
a 99 623 5
a 100 328 7
a 101 40 4
a 101 97 7
a 101 338 9
a 102 322 1
a 102 547 7
a 103 51 3
a 104 43 4
a 104 295 6
a 105 297 7
a 106 188 3
a 106 302 7
a 106 317 8
a 107 371 1
a 108 250 1
a 108 402 2
a 109 244 9
a 109 661 1
a 110 46 3
a 110 82 1
a 110 277 8
a 111 167 7
a 111 410 10
a 111 566 1
a 112 695 7
a 113 642 1
a 113 648 3
a 114 182 10
a 114 396 3
a 114 547 6
a 115 181 3
a 115 628 7
a 116 570 5
a 117 62 5
a 117 462 3
a 118 358 2
a 118 427 3
a 119 463 10
a 119 630 3
a 120 178 3
a 120 686 10
a 121 143 9
a 121 414 4
a 122 105 4
a 122 223 5
a 123 378 9
a 124 18 9
a 124 520 1
a 125 326 10
a 125 609 6
a 126 150 3
a 126 279 4
a 126 600 10
a 127 222 5
a 128 46 6
a 128 309 6
a 129 609 2
a 130 269 3
a 130 478 8
a 131 337 9
a 132 479 8
a 132 556 7
a 133 576 10
a 134 69 4
a 135 343 3
a 136 336 10
a 136 423 9
a 136 466 6
a 137 587 10
a 138 298 3
a 138 672 9
a 139 545 7
a 140 48 8
a 140 99 2
a 141 207 9
a 141 372 8
a 142 489 4
a 143 183 5
a 144 130 3
a 145 116 1
a 145 328 8
a 146 288 6
a 146 560 3
a 146 655 2
a 147 205 5
a 148 510 8
a 149 165 10
a 149 226 8
a 149 447 4
a 149 588 5
a 150 172 2
a 150 393 6
a 151 495 5
a 152 301 4
a 152 382 6
a 152 652 5
a 153 34 5
a 154 211 2
a 154 371 5
a 154 455 3
a 155 22 9
a 155 41 9
a 155 130 2
a 155 530 1
a 156 274 8
a 156 544 3
a 157 386 9
a 157 660 10
a 157 675 6
a 158 22 8
a 158 137 9
a 158 189 8
a 158 336 5
a 158 469 10
a 159 111 4
a 160 355 4
a 160 597 3
a 161 47 6
a 161 539 9
a 162 98 5
a 163 127 10
a 163 619 10
a 163 620 1
a 164 463 9
a 164 477 4
a 165 129 7
a 166 261 1
a 166 440 4
a 167 36 6
a 168 34 7
a 168 292 1
a 169 143 2
a 169 196 7
a 170 227 9
a 171 159 2
a 171 644 8
a 172 124 4
a 173 195 2
a 173 520 10
a 174 417 8
a 175 131 10
a 176 406 4
a 177 615 2
a 178 317 3
a 178 573 9
a 179 151 10
a 179 212 2
a 180 407 10
a 180 485 2
a 180 698 8
a 181 522 2
a 181 657 8
a 182 158 4
a 182 491 7
a 182 612 3
a 183 67 10
a 183 123 4
a 184 149 5
a 184 421 3
a 185 102 2
a 186 372 1
a 186 493 5
a 186 538 7
a 187 609 2
a 187 694 7
a 188 291 7
a 188 319 10
a 188 426 10
a 189 502 8
a 190 112 8
a 191 230 10
a 192 140 2
a 193 79 4
a 194 221 7
a 194 364 9
a 195 515 7
a 196 49 5
a 196 553 1
a 196 662 3
a 197 302 2
a 198 4 1
a 198 65 8
a 199 389 9
a 200 36 2
a 200 133 9
a 200 524 6
a 201 647 10
a 201 658 2
a 202 413 1
a 203 325 6
a 204 234 3
a 204 248 3
a 205 152 2
a 205 512 9
a 206 70 6
a 206 84 2
a 206 398 7
a 206 436 1
a 207 160 5
a 207 395 10
a 207 666 10
a 208 560 8
a 209 663 1
a 210 163 9
a 210 246 8
a 210 359 3
a 210 487 8
a 211 131 7
a 211 133 3
a 211 605 4
a 211 616 2
a 212 458 2
a 212 474 6
a 213 73 7
a 213 273 5
a 214 424 8
a 215 212 5
a 215 408 7
a 215 563 10
a 215 633 5
a 216 101 9
a 216 171 3
a 216 308 9
a 217 412 3
a 218 271 9
a 218 310 10
a 218 557 2
a 219 254 2
a 220 467 6
a 220 508 6
a 221 397 9
a 221 680 4
a 222 95 10
a 223 353 3
a 224 101 5
a 225 280 3
a 226 580 6
a 226 614 7
a 227 424 4
a 228 24 6
a 228 243 1
a 229 356 1
a 229 678 1
a 230 435 1
a 231 115 1
a 231 657 6
a 232 438 1
a 233 272 3
a 234 658 7
a 235 116 7
a 235 279 5
a 236 304 8
a 236 522 9
a 237 219 7
a 237 589 7
a 237 645 3
a 238 173 3
a 238 288 1
a 238 631 6
a 239 150 8
a 240 28 2
a 240 526 4
a 240 683 4
a 241 198 1
a 241 208 2
a 242 278 3
a 243 597 10
a 244 194 3
a 244 281 6
a 245 162 3
a 245 339 4
a 246 96 1
a 246 446 4
a 247 292 1
a 247 399 7
a 248 21 10
a 248 441 5
a 249 482 1
a 250 219 7
a 250 367 3
a 250 533 10
a 251 228 5
a 251 667 10
a 252 15 10
a 252 217 8
a 253 307 8
a 253 604 1
a 254 146 10
a 254 434 6
a 254 475 6
a 255 294 5
a 255 482 9
a 256 268 8
a 256 435 3
a 256 447 7
a 257 7 5
a 258 512 9
a 259 103 4
a 260 141 5
a 260 275 3
a 261 273 6
a 261 356 7
a 261 661 7
a 262 322 10
a 262 325 3
a 263 16 2
a 263 537 8
a 263 661 2
a 264 134 7
a 265 26 5
a 265 180 3
a 265 546 9
a 266 606 2
a 267 95 6
a 267 172 8
a 268 562 9
a 268 622 2
a 269 23 1
a 269 577 7
a 270 142 3
a 270 297 8
a 270 639 2
a 271 27 4
a 271 122 5
a 271 500 4
a 272 596 8
a 273 245 6
a 273 477 6
a 273 575 9
a 274 216 1
a 274 501 6
a 275 232 5
a 275 242 9
a 275 350 10
a 275 679 9
a 275 690 2
a 276 202 4
a 276 289 2
a 277 135 8
a 277 619 1
a 278 241 7
a 278 425 8
a 278 692 5
a 278 694 1
a 279 696 4
a 280 506 8
a 281 618 6
a 282 228 5
a 282 635 10
a 283 13 9
a 283 432 3
a 283 489 7
a 283 514 10
a 284 145 2
a 284 350 3
a 284 450 2
a 284 636 9
a 285 487 9
a 286 249 2
a 286 688 5
a 287 642 5
a 288 366 7
a 288 528 7
a 289 368 2
a 289 574 8
a 290 100 2
a 290 404 4
a 290 658 5
a 291 132 5
a 291 295 6
a 291 513 10
a 291 569 2
a 292 451 3
a 293 129 6
a 294 173 2
a 294 240 4
a 294 338 2
a 295 289 2
a 296 312 10
a 296 516 10
a 296 595 5
a 296 656 7
a 297 653 7
a 298 111 5
a 298 278 5
a 298 630 2
a 299 300 10
a 300 95 6
a 300 217 3
a 301 278 1
a 302 266 1
a 303 539 1
a 303 590 8
a 304 123 4
a 304 302 5
a 305 212 8
a 305 481 4
a 306 584 3
a 307 146 6
a 307 377 5
a 307 617 2
a 308 192 9
a 308 331 10
a 308 438 8
a 308 654 8
a 309 666 7
a 309 697 10
a 310 215 2
a 310 509 7
a 310 537 1
a 311 6 4
a 311 227 3
a 311 324 4
a 311 558 3
a 311 688 7
a 312 591 6
a 312 632 1
a 313 27 6
a 313 299 9
a 313 456 9
a 313 535 7
a 314 370 1
a 314 393 3
a 314 696 1
a 315 70 6
a 315 124 7
a 315 364 7
a 315 582 6
a 316 128 10
a 316 625 1
a 317 283 7
a 317 305 4
a 317 404 6
a 318 513 8
a 319 517 6
a 320 260 4
a 321 62 8
a 321 451 1
a 321 700 1
a 322 86 9
a 322 621 7
a 323 222 6
a 324 45 2
a 324 190 4
a 325 523 2
a 326 119 8
a 326 187 8
a 327 96 1
a 328 320 10
a 328 341 3
a 328 396 1
a 328 453 2
a 329 147 9
a 329 352 7
a 329 462 10
a 329 673 5
a 330 33 4
a 330 224 1
a 330 470 4
a 330 495 7
a 331 165 2
a 332 663 7
a 333 388 10
a 334 496 7
a 335 105 10
a 335 604 2
a 336 21 4
a 336 593 7
a 337 229 4
a 337 668 4
a 338 10 3
a 338 257 7
a 338 348 5
a 338 465 4
a 338 549 4
a 338 550 1
a 339 113 5
a 339 298 2
a 340 162 5
a 340 376 10
a 341 166 3
a 341 206 9
a 341 319 8
a 341 321 6
a 342 346 4
a 343 264 4
a 343 323 7
a 343 328 5
a 343 635 10
a 344 485 8
a 344 549 6
a 345 7 7
a 346 386 10
a 346 638 7
a 347 362 1
a 347 443 10
a 348 109 9
a 349 194 5
a 349 584 3
a 350 89 4
a 351 164 3
a 351 364 3
a 351 592 3
a 351 602 7
a 352 153 7
a 352 174 7
a 352 334 6
a 353 75 8
a 353 340 2
a 354 287 8
a 355 18 4
a 355 186 1
a 355 361 7
a 356 464 1
a 357 394 2
a 357 423 6
a 358 72 1
a 359 490 6
a 359 651 4
a 360 19 1
a 360 140 2
a 360 202 8
a 361 94 2
a 362 440 3
a 362 598 4
a 363 437 2
a 364 613 3
a 365 159 2
a 366 251 1
a 366 277 3
a 367 29 9
a 367 208 3
a 367 545 3
a 368 430 7
a 369 327 1
a 369 390 3
a 369 523 10
a 370 198 7
a 370 665 8
a 371 30 1
a 372 364 7
a 373 690 6
a 374 154 4
a 374 212 10
a 374 519 3
a 374 521 2
a 375 653 2
a 376 139 3
a 376 161 10
a 377 17 1
a 377 44 5
a 377 420 8
a 378 75 1
a 378 188 7
a 379 6 3
a 380 665 10
a 381 602 1
a 381 633 2
a 382 373 10
a 383 661 5
a 384 4 8
a 384 66 7
a 384 103 1
a 384 567 9
a 385 303 2
a 385 674 6
a 386 187 8
a 386 484 3
a 387 83 3
a 387 197 6
a 388 46 2
a 388 449 6
a 389 453 10
a 390 163 2
a 390 238 3
a 390 282 4
a 390 674 6
a 391 183 8
a 391 577 10
a 391 586 6
a 392 78 1
a 392 253 1
a 393 430 9
a 393 644 2
a 394 129 1
a 395 200 7
a 395 392 8
a 395 396 10
a 396 416 5
a 397 502 7
a 397 675 2
a 397 680 3
a 398 552 10
a 399 71 10
a 399 205 5
a 399 262 6
a 399 348 7
a 399 441 9
a 400 510 6
a 401 353 6
a 402 601 1
a 402 686 5
a 403 107 5
a 403 285 8
a 403 613 5
a 404 68 3
a 404 695 6
a 405 671 2
a 406 34 1
a 406 401 3
a 407 21 9
a 407 424 1
a 407 700 8
a 408 112 10
a 408 387 1
a 408 606 4
a 409 429 5
a 409 531 5
a 410 692 9
a 411 184 3
a 411 195 10
a 411 676 1
a 412 148 1
a 413 636 8
a 414 355 1
a 414 565 10
a 415 479 8
a 415 505 2
a 416 336 3
a 416 428 1
a 416 504 8
a 417 162 8
a 418 430 3
a 419 92 7
a 419 669 10
a 420 116 9
a 420 136 2
a 420 147 6
a 420 695 5
a 421 92 7
a 421 381 3
a 422 43 5
a 423 611 6
a 423 687 7
a 424 322 2
a 425 101 9
a 426 118 1
a 427 438 10
a 428 176 6
a 429 224 10
a 430 60 5
a 430 367 1
a 431 429 1
a 432 388 1
a 432 555 9
a 433 35 2
a 433 387 1
a 433 532 10
a 433 670 4
a 434 574 4
a 435 156 9
a 436 12 9
a 436 177 8
a 437 168 5
a 438 485 7
a 439 650 9
a 440 121 4
a 441 226 7
a 442 14 7
a 442 65 9
a 442 588 10
a 442 604 6
a 443 474 1
a 443 681 6
a 444 289 4
a 444 653 3
a 445 321 1
a 446 38 9
a 446 685 1
a 447 263 4
a 447 286 2
a 448 359 10
a 448 623 2
a 449 308 8
a 449 614 3
a 450 61 8
a 450 258 10
a 450 597 9
a 451 148 2
a 451 149 10
a 451 316 6
a 451 507 2
a 451 541 9
a 451 568 8
a 452 201 3
a 452 643 3
a 453 402 1
a 453 553 2
a 453 563 4
a 454 24 8
a 454 128 9
a 454 372 10
a 454 568 2
a 455 152 7
a 456 357 6
a 456 413 6
a 457 440 3
a 457 536 2
a 458 544 10
a 459 122 9
a 460 593 10
a 461 422 5
a 461 510 8
a 462 607 2
a 463 619 10
a 464 296 2
a 465 314 1
a 465 375 4
a 465 420 6
a 466 379 8
a 466 513 7
a 467 55 2
a 467 144 1
a 467 669 4
a 468 382 7
a 468 450 2
a 469 5 8
a 469 452 2
a 469 527 6
a 470 71 7
a 470 147 10
a 470 311 5
a 471 360 10
a 471 526 3
a 472 78 9
a 473 32 8
a 473 357 5
a 474 179 3
a 475 237 10
a 475 682 5
a 476 374 5
a 476 663 10
a 477 277 9
a 478 182 3
a 479 190 8
a 480 279 9
a 480 669 5
a 481 643 7
a 482 333 6
a 482 378 7
a 483 638 10
a 484 342 5
a 484 392 5
a 485 363 6
a 485 569 4
a 486 135 7
a 486 178 3
a 486 383 7
a 487 29 3
a 487 554 3
a 488 169 4
a 489 272 1
a 490 432 5
a 491 520 2
a 492 415 8
a 492 554 7
a 493 440 8
a 494 207 1
a 495 38 5
a 495 529 7
a 496 448 2
a 496 641 10
a 497 114 3
a 498 254 3
a 498 432 7
a 498 502 1
a 499 515 5
a 500 575 7
a 500 634 7
a 501 37 9
a 501 636 9
a 502 513 8
a 503 286 8
a 503 373 4
a 503 529 4
a 504 139 2
a 505 437 10
a 506 166 2
a 506 170 6
a 506 265 3
a 506 590 3
a 507 126 10
a 507 315 10
a 508 48 8
a 509 627 9
a 510 12 2
a 511 427 5
a 512 69 10
a 512 114 3
a 512 237 1
a 512 282 2
a 513 464 5
a 513 474 3
a 514 319 5
a 514 572 3
a 515 349 2
a 516 191 9
a 516 416 10
a 517 81 7
a 517 103 1
a 518 280 10
a 518 358 10
a 519 310 1
a 519 511 8
a 520 630 3
a 521 385 2
a 522 330 2
a 522 332 5
a 523 401 7
a 523 417 1
a 524 546 2
a 525 159 10
a 525 169 3
a 525 330 7
a 526 120 9
a 527 317 8
a 528 699 5
a 529 280 7
a 529 595 8
a 529 629 4
a 530 50 6
a 530 349 7
a 531 614 7
a 532 26 6
a 532 42 3
a 532 479 5
a 533 238 10
a 533 536 2
a 534 53 2
a 535 163 3
a 535 231 10
a 535 329 2
a 536 213 9
a 537 691 8
a 538 433 5
a 538 457 3
a 539 698 3
a 540 373 10
a 540 508 3
a 541 98 10
a 541 320 3
a 542 30 3
a 542 193 6
a 543 5 8
a 544 189 10
a 544 329 5
a 545 10 1
a 545 121 1
a 546 381 9
a 547 11 4
a 547 534 5
a 547 684 4
a 548 295 9
a 548 351 4
a 549 303 1
a 550 499 10
a 550 542 7
a 550 549 7
a 551 437 7
a 552 500 2
a 553 469 4
a 554 17 4
a 554 543 1
a 554 605 8
a 555 51 1
a 555 86 6
a 555 607 6
a 556 313 2
a 556 596 8
a 557 69 1
a 557 488 10
a 558 47 7
a 559 297 2
a 560 312 6
a 560 343 8
a 561 318 7
a 562 54 6
a 562 94 9
a 562 108 7
a 562 110 9
a 562 112 4
a 563 408 5
a 564 468 6
a 564 613 7
a 565 211 8
a 566 46 10
a 566 100 1
a 567 2 2
a 567 350 9
a 568 53 7
a 568 252 9
a 569 179 1
a 569 318 9
a 569 393 2
a 570 600 7
a 571 112 3
a 571 557 6
a 571 616 8
a 572 72 4
a 572 201 6
a 573 270 10
a 573 438 5
a 574 502 9
a 575 221 9
a 576 80 8
a 576 301 3
a 576 419 10
a 577 175 4
a 577 405 2
a 578 85 9
a 578 139 10
a 579 209 4
a 579 239 3
a 579 316 4
a 579 369 1
a 580 364 2
a 580 405 2
a 581 313 3
a 581 507 4
a 581 641 7
a 582 303 4
a 583 308 5
a 583 363 9
a 584 435 3
a 585 20 3
a 585 512 3
a 585 628 9
a 586 32 3
a 586 126 8
a 587 156 8
a 587 212 8
a 587 354 2
a 588 213 9
a 588 268 1
a 588 502 8
a 588 650 8
a 589 268 7
a 590 59 5
a 590 543 2
a 591 543 10
a 592 155 3
a 592 206 5
a 592 255 3
a 592 608 5
a 593 77 4
a 593 238 8
a 593 276 2
a 594 279 4
a 594 296 9
a 595 481 5
a 595 699 8
a 596 79 8
a 596 278 3
a 597 140 2
a 597 459 7
a 597 548 9
a 597 643 4
a 598 169 7
a 599 157 1
a 599 215 10
a 600 51 2
a 600 659 5
a 601 33 2
a 601 564 6
a 602 112 1
a 603 454 9
a 603 541 2
a 603 663 7
a 604 197 5
a 604 681 9
a 605 331 5
a 606 210 3
a 606 403 9
a 607 222 5
a 607 378 4
a 608 283 5
a 608 472 8
a 608 518 1
a 609 433 1
a 609 512 9
a 609 675 10
a 610 13 7
a 610 540 7
a 611 52 4
a 611 677 4
a 612 266 7
a 612 371 4
a 612 613 8
a 613 190 6
a 613 565 5
a 613 577 8
a 614 417 7
a 615 203 10
a 615 365 1
a 616 12 6
a 616 50 3
a 616 56 6
a 616 289 5
a 616 480 6
a 617 252 2
a 617 406 7
a 618 247 3
a 619 313 10
a 619 581 2
a 619 591 7
a 620 218 5
a 620 500 2
a 621 125 2
a 621 573 6
a 622 589 3
a 623 418 7
a 623 498 8
a 623 581 6
a 624 495 3
a 624 528 7
a 624 562 2
a 625 194 8
a 626 16 10
a 626 64 2
a 626 463 4
a 627 335 8
a 627 371 9
a 627 640 5
a 628 59 5
a 629 682 9
a 629 684 9
a 630 192 10
a 631 247 4
a 631 410 4
a 632 104 8
a 632 210 4
a 632 230 1
a 632 559 10
a 633 50 2
a 633 176 5
a 634 157 10
a 634 334 2
a 634 365 10
a 635 9 2
a 635 76 9
a 635 506 8
a 636 442 8
a 637 165 9
a 637 587 7
a 638 582 5
a 639 329 4
a 639 544 8
a 640 350 3
a 640 496 6
a 641 66 4
a 641 88 7
a 642 245 8
a 643 25 1
a 643 304 1
a 644 300 9
a 644 378 2
a 645 378 9
a 645 634 7
a 646 82 8
a 646 211 10
a 646 486 1
a 647 168 1
a 647 346 4
a 647 393 7
a 647 648 8
a 648 403 5
a 649 28 10
a 649 195 7
a 649 197 5
a 650 97 8
a 651 261 8
a 651 414 6
a 651 671 6
a 652 197 2
a 653 106 9
a 653 685 1
a 654 89 1
a 655 89 9
a 655 225 1
a 655 416 6
a 656 20 7
a 656 585 7
a 657 233 1
a 658 576 6
a 658 617 3
a 659 2 6
a 659 637 10
a 660 410 8
a 660 663 1
a 661 410 1
a 662 220 2
a 662 267 2
a 663 234 10
a 663 517 5
a 663 582 7
a 664 367 6
a 664 589 5
a 664 679 7
a 665 200 4
a 666 151 1
a 667 130 8
a 668 601 4
a 668 664 10
a 669 18 3
a 670 91 1
a 670 415 6
a 671 329 2
a 671 416 1
a 671 650 5
a 672 394 10
a 673 229 1
a 673 298 4
a 673 581 7
a 674 87 2
a 674 468 9
a 675 347 9
a 675 594 4
a 675 601 3
a 676 328 8
a 676 473 2
a 677 362 2
a 677 624 8
a 677 680 8
a 677 691 4
a 678 63 1
a 678 87 4
a 679 286 2
a 680 363 1
a 681 294 6
a 681 403 7
a 681 441 8
a 681 555 3
a 682 163 4
a 683 15 5
a 683 605 7
a 684 8 9
a 684 93 7
a 684 146 4
a 684 378 2
a 685 404 3
a 685 579 10
a 686 399 4
a 686 559 10
a 687 141 1
a 687 287 1
a 688 73 6
a 688 554 4
a 688 621 5
a 689 302 4
a 690 130 10
a 690 490 1
a 691 672 7
a 692 649 4
a 692 694 9
a 693 204 9
a 693 346 5
a 694 46 7
a 695 389 9
a 696 412 9
a 696 551 9
a 696 629 9
a 697 53 5
a 697 117 1
a 697 444 1
a 698 210 8
a 699 102 8
a 699 232 6
a 699 259 6
