p max 700 1400
n 1 s
n 700 t
a 1 196 10
a 1 319 7
a 2 248 7
a 2 345 8
a 2 691 10
a 3 37 9
a 3 594 3
a 4 36 1
a 5 303 3
a 6 161 2
a 6 615 3
a 7 149 3
a 7 235 6
a 8 340 7
a 8 423 9
a 8 590 2
a 9 153 10
a 10 209 6
a 11 212 4
a 12 497 6
a 13 136 7
a 13 140 10
a 13 469 10
a 13 585 9
a 14 76 7
a 15 294 4
a 15 469 2
a 16 681 1
a 17 29 8
a 17 239 2
a 17 586 10
a 18 385 5
a 19 72 5
a 19 117 4
a 19 254 5
a 20 285 5
a 20 475 7
a 21 244 2
a 21 441 6
a 21 459 5
a 22 210 9
a 23 121 7
a 23 645 2
a 24 382 1
a 25 7 9
a 25 565 3
a 26 302 9
a 27 161 8
a 28 95 2
a 28 175 2
a 29 687 8
a 30 350 3
a 30 642 9
a 31 76 4
a 31 228 2
a 32 291 3
a 32 689 9
a 33 176 9
a 34 64 5
a 34 126 1
a 34 167 6
a 35 12 1
a 35 337 3
a 35 363 6
a 36 349 9
a 36 386 9
a 37 136 3
a 37 232 10
a 37 363 9
a 38 651 9
a 39 38 9
a 40 449 1
a 40 685 8
a 41 44 1
a 41 613 2
a 42 226 2
a 42 613 4
a 43 521 2
a 44 450 4
a 44 554 3
a 45 350 5
a 46 298 4
a 46 354 3
a 46 660 5
a 47 574 2
a 48 100 10
a 48 254 3
a 49 286 3
a 49 700 1
a 50 442 1
a 51 639 8
a 51 646 10
a 52 44 8
a 53 268 6
a 53 554 6
a 54 238 5
a 55 367 8
a 55 595 4
a 56 36 2
a 57 14 9
a 57 107 5
a 57 384 8
a 58 118 5
a 58 129 1
a 58 331 6
a 59 346 1
a 60 362 2
a 61 49 10
a 61 550 6
a 62 64 6
a 62 349 4
a 63 459 2
a 63 621 10
a 64 58 4
a 65 328 7
a 65 440 1
a 65 662 3
a 66 623 1
a 67 63 1
a 67 141 6
a 67 390 6
a 68 80 2
a 68 138 3
a 68 541 8
a 69 679 2
a 70 260 3
a 70 415 3
a 71 546 4
a 71 606 2
a 72 289 2
a 73 278 3
a 74 157 4
a 74 482 5
a 75 686 3
a 76 414 7
a 76 556 10
a 77 11 6
a 77 367 5
a 78 79 6
a 78 483 2
a 78 597 5
a 78 697 10
a 79 607 5
a 80 53 7
a 81 266 10
a 81 316 10
a 82 92 4
a 82 654 3
a 83 128 9
a 83 330 1
a 84 185 4
a 84 356 2
a 84 666 6
a 85 129 10
a 85 248 1
a 85 410 3
a 86 76 4
a 87 197 6
a 87 310 4
a 87 657 5
a 88 65 5
a 88 249 7
a 88 256 8
a 89 3 8
a 89 397 10
a 90 123 4
a 91 394 4
a 91 630 8
a 92 264 2
a 92 364 10
a 92 488 7
a 93 202 2
a 93 311 8
a 93 420 2
a 93 564 2
a 93 595 10
a 94 10 9
a 94 26 10
a 94 344 8
a 95 134 2
a 95 219 5
a 95 409 2
a 96 19 2
a 96 168 5
a 97 53 10
a 97 366 6
a 97 443 8
a 98 535 8
a 99 321 3
a 100 468 4
a 100 543 5
a 101 228 7
a 101 437 10
a 102 3 10
a 103 126 5
a 103 593 8
a 104 369 3
a 105 101 4
a 106 267 10
a 107 36 9
a 107 223 7
a 108 538 8
a 109 201 6
a 109 427 8
a 110 251 6
a 111 384 3
a 111 570 7
a 112 693 2
a 113 589 7
a 114 191 6
a 115 284 5
a 115 380 6
a 116 156 4
a 117 200 9
a 117 619 7
a 118 41 3
a 118 237 4
a 119 508 5
a 120 4 5
a 121 172 7
a 121 279 3
a 122 355 10
a 122 393 3
a 122 499 3
a 123 552 4
a 123 556 5
a 124 115 4
a 124 588 9
a 125 8 3
a 125 111 1
a 126 132 8
a 126 180 3
a 127 328 10
a 127 594 2
a 128 371 5
a 128 569 1
a 129 464 9
a 130 44 6
a 130 56 2
a 131 125 1
a 132 476 6
a 133 69 1
a 134 442 6
a 134 636 3
a 135 446 6
a 136 38 7
a 136 144 1
a 136 418 9
a 136 700 2
a 137 525 10
a 138 106 3
a 139 482 8
a 140 279 6
a 140 368 10
a 141 166 4
a 141 270 3
a 141 287 9
a 141 327 9
a 142 254 6
a 142 579 7
a 143 261 6
a 144 340 8
a 144 360 2
a 145 4 10
a 146 412 10
a 146 446 2
a 147 125 5
a 147 290 5
a 147 457 3
a 148 158 4
a 148 599 4
a 149 415 10
a 150 86 5
a 150 120 8
a 151 486 7
a 152 374 3
a 152 522 7
a 153 29 1
a 153 336 5
a 153 521 9
a 154 670 9
a 155 681 6
a 156 273 10
a 157 295 6
a 158 58 10
a 158 61 3
a 158 369 5
a 159 453 2
a 159 512 7
a 159 534 3
a 159 547 4
a 159 643 3
a 160 81 6
a 160 150 6
a 161 59 1
a 161 355 5
a 161 400 1
a 161 552 1
a 162 350 7
a 162 577 5
a 162 610 10
a 163 148 4
a 163 276 6
a 163 326 2
a 163 652 1
a 164 403 7
a 164 505 3
a 165 453 6
a 165 513 8
a 166 481 8
a 167 150 6
a 167 388 7
a 167 506 8
a 168 578 9
a 169 103 8
a 170 324 4
a 171 393 7
a 172 135 5
a 173 415 7
a 174 342 9
a 175 22 2
a 175 99 6
a 175 258 10
a 176 433 7
a 176 521 5
a 177 258 9
a 177 535 6
a 178 104 4
a 178 186 3
a 178 191 3
a 179 115 1
a 180 495 10
a 181 234 7
a 181 278 4
a 181 426 6
a 181 491 3
a 182 112 3
a 183 68 9
a 183 526 2
a 183 594 7
a 183 629 6
a 184 257 10
a 184 272 8
a 184 495 1
a 184 554 3
a 184 635 3
a 185 39 4
a 185 505 3
a 185 630 6
a 186 101 10
a 186 442 2
a 187 25 1
a 187 501 9
a 188 16 9
a 188 489 9
a 189 194 1
a 190 46 3
a 190 342 4
a 191 181 6
a 191 425 9
a 192 5 7
a 192 20 4
a 192 605 9
a 192 652 8
a 193 13 3
a 193 430 6
a 194 156 4
a 194 210 2
a 194 664 10
a 195 256 6
a 196 450 1
a 196 641 3
a 197 14 6
a 197 677 6
a 198 691 9
a 199 326 10
a 199 359 6
a 199 661 6
a 200 436 10
a 200 438 8
a 201 116 2
a 201 184 7
a 202 106 1
a 202 252 4
a 203 557 9
a 204 491 9
a 205 400 4
a 206 98 5
a 206 665 2
a 206 682 5
a 207 20 5
a 207 315 9
a 208 84 9
a 208 240 5
a 209 392 4
a 209 512 4
a 210 138 6
a 210 321 10
a 211 512 5
a 211 522 5
a 212 301 2
a 213 448 1
a 213 509 5
a 213 530 8
a 214 634 2
a 215 199 1
a 215 636 2
a 216 293 3
a 216 304 2
a 216 405 7
a 216 477 6
a 217 287 2
a 218 16 10
a 218 146 9
a 218 213 5
a 218 658 5
a 219 46 2
a 219 493 9
a 220 2 2
a 221 401 1
a 222 276 10
a 222 398 1
a 223 456 6
a 224 21 6
a 224 681 2
a 225 122 6
a 225 436 7
a 226 91 5
a 226 120 2
a 227 177 8
a 227 550 1
a 228 131 9
a 228 255 1
a 229 187 1
a 229 391 9
a 230 198 1
a 230 313 8
a 231 124 2
a 231 641 6
a 231 648 4
a 232 75 8
a 232 674 5
a 233 675 7
a 234 462 4
a 234 509 9
a 235 30 8
a 235 283 5
a 236 319 2
a 236 545 9
a 237 255 10
a 237 465 3
a 238 5 7
a 239 23 5
a 239 142 3
a 240 331 2
a 241 43 4
a 241 471 3
a 242 20 5
a 243 379 9
a 243 666 4
a 244 359 4
a 245 416 2
a 245 675 2
a 246 453 7
a 247 280 3
a 248 198 1
a 249 82 10
a 250 14 10
a 251 186 1
a 251 297 5
a 251 548 2
a 251 609 9
a 252 136 8
a 252 537 5
a 253 159 4
a 253 510 3
a 253 560 7
a 253 563 4
a 254 87 1
a 254 316 3
a 254 518 8
a 254 647 2
a 255 29 6
a 255 514 10
a 256 347 1
a 256 566 9
a 257 391 4
a 258 77 7
a 258 168 6
a 258 454 7
a 259 332 6
a 260 350 7
a 261 61 8
a 261 101 4
a 261 417 1
a 261 434 8
a 262 640 3
a 263 550 2
a 263 626 2
a 263 668 6
a 264 106 1
a 264 342 1
a 264 538 8
a 264 652 6
a 265 504 10
a 266 376 1
a 267 137 8
a 267 301 5
a 268 246 10
a 268 699 1
a 269 85 3
a 270 472 7
a 270 497 9
a 271 401 5
a 271 405 8
a 271 476 4
a 271 500 7
a 271 640 9
a 272 227 5
a 273 265 9
a 273 603 5
a 274 83 1
a 274 143 3
a 274 445 6
a 275 109 3
a 275 454 7
a 276 420 6
a 276 587 8
a 277 313 4
a 278 130 6
a 278 599 5
a 279 167 10
a 279 245 6
a 279 494 9
a 279 501 5
a 280 671 7
a 281 559 7
a 282 49 2
a 282 515 7
a 283 698 8
a 284 274 1
a 284 402 2
a 284 425 6
a 285 427 10
a 285 676 8
a 286 340 2
a 287 621 9
a 288 51 5
a 288 539 5
a 289 29 5
a 290 83 9
a 290 590 10
a 291 692 5
a 292 296 1
a 292 377 8
a 293 236 10
a 294 449 1
a 295 435 10
a 296 152 1
a 296 471 2
a 297 35 5
a 297 230 1
a 297 576 1
a 298 608 10
a 298 616 4
a 299 350 5
a 299 461 3
a 300 18 8
a 300 305 7
a 301 306 1
a 302 57 2
a 302 84 10
a 302 454 5
a 302 565 6
a 303 136 5
a 303 259 5
a 304 469 7
a 304 575 5
a 305 210 5
a 306 267 8
a 306 358 3
a 307 93 10
a 308 419 2
a 308 447 4
a 309 50 10
a 309 176 1
a 310 411 8
a 310 523 9
a 310 541 1
a 311 57 4
a 311 153 8
a 311 372 1
a 311 694 4
a 312 325 1
a 313 47 4
a 314 517 10
a 314 604 9
a 315 253 6
a 315 676 2
a 316 467 8
a 316 533 9
a 317 2 1
a 317 35 2
a 318 367 10
a 319 201 6
a 319 505 9
a 319 651 8
a 320 357 1
a 320 478 6
a 320 596 10
a 321 29 1
a 321 175 10
a 321 220 1
a 321 376 6
a 321 571 1
a 322 533 2
a 322 656 6
a 323 224 9
a 323 387 10
a 323 601 3
a 324 12 4
a 324 516 1
a 325 273 10
a 325 290 5
a 325 632 3
a 326 460 7
a 327 312 5
a 328 305 3
a 328 388 2
a 328 404 2
a 328 700 10
a 329 400 1
a 330 190 9
a 330 592 9
a 331 206 6
a 331 300 4
a 331 320 7
a 331 384 9
a 332 223 5
a 332 265 9
a 332 454 2
a 333 474 6
a 334 12 5
a 334 495 10
a 335 334 7
a 336 78 8
a 336 557 7
a 337 124 9
a 337 325 10
a 337 451 10
a 338 494 1
a 339 207 3
a 339 400 3
a 340 339 2
a 340 574 7
a 341 114 6
a 341 228 6
a 342 298 5
a 343 275 1
a 343 358 2
a 344 41 7
a 344 266 7
a 344 683 8
a 345 428 5
a 346 269 3
a 346 551 8
a 347 290 6
a 347 468 10
a 348 242 7
a 348 265 5
a 349 267 7
a 349 271 6
a 349 327 2
a 350 263 7
a 350 356 10
a 351 150 1
a 352 597 8
a 352 672 3
a 353 62 5
a 353 256 10
a 354 320 6
a 355 335 7
a 355 500 6
a 356 376 3
a 357 421 7
a 357 569 9
a 358 372 1
a 358 649 4
a 359 287 2
a 360 437 6
a 361 126 1
a 362 122 10
a 362 236 1
a 363 164 1
a 363 211 10
a 363 238 1
a 364 52 2
a 365 330 3
a 365 480 1
a 366 351 10
a 366 471 10
a 367 542 5
a 368 655 3
a 369 27 1
a 369 478 7
a 370 91 6
a 371 472 8
a 372 139 8
a 372 595 7
a 372 643 1
a 373 431 10
a 373 618 1
a 373 674 10
a 374 179 10
a 374 370 10
a 374 421 10
a 374 496 9
a 375 167 5
a 375 327 4
a 375 507 8
a 375 637 10
a 376 52 3
a 376 165 8
a 376 458 10
a 377 4 10
a 378 60 9
a 378 103 1
a 378 151 2
a 378 572 2
a 378 697 7
a 379 212 2
a 379 514 8
a 379 693 2
a 380 76 7
a 380 298 9
a 380 302 5
a 380 644 3
a 381 592 3
a 382 44 10
a 382 91 5
a 383 250 9
a 383 597 6
a 384 235 3
a 384 363 2
a 385 492 7
a 385 534 3
a 385 562 7
a 386 233 8
a 387 21 1
a 388 452 4
a 388 613 4
a 389 112 3
a 389 468 2
a 389 663 6
a 390 126 3
a 391 178 5
a 391 217 2
a 392 348 8
a 392 500 2
a 392 678 10
a 393 107 5
a 394 657 9
a 395 471 8
a 396 365 9
a 397 186 7
a 398 225 4
a 398 525 4
a 399 145 3
a 399 458 5
a 399 535 4
a 400 165 3
a 400 665 3
a 401 404 5
a 402 40 2
a 402 147 2
a 403 24 4
a 404 140 10
a 405 61 5
a 406 131 8
a 406 479 2
a 406 504 1
a 406 687 5
a 407 78 2
a 407 352 9
a 407 431 3
a 407 624 7
a 408 104 8
a 408 110 2
a 408 529 3
a 408 618 10
a 409 113 1
a 409 395 1
a 409 594 3
a 410 82 5
a 410 239 5
a 411 295 8
a 411 460 8
a 412 309 10
a 412 602 6
a 413 530 5
a 413 673 2
a 414 315 4
a 415 198 5
a 415 261 5
a 415 686 2
a 416 234 1
a 416 521 8
a 417 13 9
a 417 171 10
a 417 221 10
a 417 404 5
a 417 510 7
a 418 444 9
a 419 396 4
a 419 626 6
a 420 54 8
a 421 175 10
a 421 607 6
a 422 108 8
a 422 510 3
a 422 568 1
a 423 573 1
a 424 193 1
a 424 381 2
a 424 573 2
a 425 370 1
a 426 549 6
a 426 584 7
a 427 63 9
a 427 120 3
a 428 444 9
a 428 546 10
a 429 36 3
a 429 42 7
a 429 162 5
a 430 21 5
a 430 187 3
a 430 305 6
a 431 638 9
a 432 203 10
a 432 485 7
a 433 192 6
a 433 475 3
a 434 293 7
a 434 329 8
a 434 654 9
a 435 414 4
a 435 690 4
a 436 595 1
a 437 448 1
a 437 490 8
a 437 663 6
a 438 111 7
a 438 132 3
a 438 525 1
a 439 31 9
a 439 289 3
a 439 346 7
a 439 684 2
a 440 105 8
a 441 118 5
a 441 428 7
a 442 580 3
a 443 247 8
a 443 451 2
a 444 267 9
a 444 450 2
a 445 181 8
a 445 299 4
a 446 541 7
a 447 63 5
a 447 424 6
a 447 531 3
a 447 622 6
a 448 382 10
a 448 617 5
a 448 692 8
a 449 192 2
a 450 262 10
a 450 403 6
a 451 398 6
a 452 318 3
a 452 324 1
a 452 373 5
a 452 429 4
a 453 111 8
a 454 362 8
a 454 365 3
a 454 480 6
a 454 671 7
a 455 470 10
a 455 659 7
a 456 90 10
a 456 627 9
a 457 68 8
a 458 154 3
a 458 297 6
a 459 13 5
a 459 389 7
a 460 375 3
a 460 459 7
a 460 676 6
a 461 427 3
a 462 329 9
a 462 343 3
a 463 389 2
a 464 329 7
a 464 604 5
a 464 667 5
a 465 309 6
a 465 467 8
a 465 532 7
a 466 294 9
a 467 430 6
a 468 108 7
a 469 623 3
a 469 668 7
a 469 679 2
a 470 85 9
a 471 299 2
a 472 182 1
a 472 363 4
a 473 415 4
a 473 607 10
a 473 633 9
a 473 646 7
a 474 389 4
a 475 34 4
a 475 45 4
a 475 484 5
a 475 687 1
a 476 273 9
a 477 110 1
a 477 141 4
a 477 485 5
a 478 672 3
a 479 57 7
a 479 638 6
a 480 671 9
a 481 102 10
a 481 157 9
a 482 361 2
a 482 643 6
a 482 684 6
a 483 29 3
a 483 48 8
a 483 455 9
a 484 362 6
a 485 564 6
a 486 275 3
a 486 620 1
a 487 82 2
a 487 581 1
a 488 240 9
a 488 356 8
a 489 109 10
a 489 567 3
a 490 74 7
a 490 451 7
a 491 406 5
a 492 204 4
a 492 580 7
a 493 183 10
a 493 394 8
a 494 13 5
a 494 425 7
a 494 472 5
a 494 578 10
a 495 606 6
a 496 232 10
a 497 114 1
a 497 397 4
a 497 612 4
a 498 144 3
a 499 49 10
a 499 420 8
a 499 511 9
a 500 580 7
a 501 29 9
a 501 545 1
a 502 181 9
a 502 281 7
a 503 216 9
a 503 334 7
a 503 699 6
a 504 30 9
a 505 318 6
a 505 444 4
a 505 544 4
a 506 4 6
a 506 69 8
a 506 503 7
a 506 649 7
a 507 5 4
a 507 115 5
a 508 186 9
a 508 584 3
a 508 645 1
a 509 410 6
a 510 674 4
a 511 451 9
a 512 105 1
a 512 489 3
a 512 528 10
a 512 583 4
a 513 156 5
a 514 33 10
a 514 97 2
a 514 592 1
a 515 70 6
a 515 656 3
a 516 116 4
a 516 218 8
a 517 96 10
a 517 147 4
a 517 542 9
a 518 89 1
a 518 424 8
a 518 698 5
a 519 102 5
a 519 135 2
a 519 527 7
a 520 258 1
a 521 119 2
a 521 306 6
a 521 463 8
a 522 119 4
a 522 407 2
a 522 487 3
a 523 430 7
a 523 676 9
a 524 432 10
a 524 682 9
a 525 246 2
a 525 522 4
a 526 450 1
a 526 700 9
a 527 481 9
a 527 581 5
a 527 600 3
a 528 15 2
a 528 296 5
a 528 631 7
a 529 81 10
a 529 380 3
a 530 133 3
a 530 425 6
a 530 688 7
a 531 297 10
a 532 652 2
a 533 253 6
a 533 625 1
a 534 318 3
a 534 369 1
a 534 617 8
a 535 80 10
a 535 96 3
a 535 498 5
a 536 406 8
a 536 475 2
a 536 572 5
a 537 123 7
a 537 133 10
a 537 627 5
a 538 473 1
a 538 475 10
a 539 112 8
a 539 509 4
a 540 353 8
a 540 459 6
a 541 309 3
a 541 460 5
a 542 254 6
a 542 611 5
a 543 279 4
a 543 448 2
a 544 375 7
a 545 344 7
a 545 674 5
a 546 32 4
a 546 458 2
a 547 15 10
a 547 466 8
a 547 601 8
a 548 170 7
a 548 406 8
a 549 291 2
a 549 540 9
a 549 566 10
a 550 301 5
a 550 559 6
a 550 687 1
a 551 100 10
a 551 655 5
a 552 96 3
a 552 439 6
a 553 288 10
a 553 494 6
a 553 524 4
a 554 317 2
a 554 600 9
a 554 675 9
a 555 73 2
a 555 569 2
a 556 294 8
a 556 508 6
a 557 237 1
a 558 102 2
a 558 393 6
a 559 43 10
a 559 45 10
a 559 193 6
a 559 402 4
a 560 374 3
a 560 378 5
a 561 21 9
a 562 44 3
a 562 330 4
a 562 566 9
a 563 592 6
a 564 187 5
a 565 47 6
a 565 267 10
a 565 498 5
a 566 70 8
a 566 269 2
a 566 596 9
a 567 184 5
a 567 265 7
a 567 615 7
a 568 290 5
a 569 110 2
a 569 233 7
a 569 409 3
a 569 589 1
a 570 533 4
a 570 595 2
a 571 185 7
a 572 383 6
a 572 456 2
a 572 585 9
a 572 653 2
a 573 31 9
a 573 280 8
a 573 332 6
a 574 227 9
a 574 251 5
a 574 519 3
a 574 572 9
a 575 205 6
a 575 272 4
a 575 448 5
a 576 108 5
a 577 325 8
a 577 464 6
a 578 17 3
a 578 302 8
a 578 591 6
a 579 412 2
a 579 622 9
a 580 284 2
a 581 179 5
a 581 312 2
a 581 667 6
a 582 120 9
a 582 243 6
a 582 343 9
a 583 13 7
a 583 307 3
a 584 268 8
a 585 448 7
a 586 230 3
a 586 685 5
a 587 370 5
a 587 463 2
a 587 634 9
a 588 685 4
a 589 33 3
a 589 155 10
a 590 148 10
a 591 111 1
a 591 496 5
a 592 158 3
a 592 537 10
a 592 608 2
a 592 664 5
a 592 696 8
a 593 559 7
a 594 189 7
a 594 399 6
a 595 409 2
a 596 310 3
a 596 422 3
a 597 493 5
a 597 496 7
a 597 582 4
a 598 264 5
a 598 606 9
a 599 125 10
a 599 447 6
a 600 101 9
a 600 583 4
a 601 163 3
a 601 361 1
a 602 67 7
a 602 118 10
a 603 329 7
a 604 632 1
a 605 534 7
a 606 16 1
a 606 152 7
a 606 285 8
a 607 319 5
a 608 558 7
a 609 107 9
a 609 389 1
a 610 23 6
a 610 236 5
a 610 245 5
a 611 522 2
a 612 343 1
a 612 698 3
a 613 495 8
a 613 558 6
a 614 561 6
a 614 602 6
a 615 93 3
a 615 118 2
a 615 339 6
a 616 52 4
a 616 88 6
a 616 385 5
a 617 600 5
a 618 51 7
a 618 437 3
a 618 470 6
a 619 55 4
a 619 157 5
a 619 547 5
a 620 76 8
a 621 155 9
a 621 513 1
a 622 647 10
a 623 650 6
a 624 178 2
a 624 195 10
a 624 413 7
a 624 669 6
a 625 50 2
a 626 436 10
a 627 314 8
a 627 339 10
a 628 333 5
a 628 540 10
a 629 169 4
a 629 476 10
a 630 160 6
a 630 408 8
a 630 535 10
a 631 32 5
a 631 66 4
a 632 418 5
a 633 102 3
a 633 283 2
a 634 573 1
a 635 596 6
a 635 614 9
a 636 249 1
a 636 322 4
a 636 634 1
a 637 188 1
a 637 650 9
a 637 670 6
a 638 142 9
a 638 274 7
a 639 159 6
a 639 248 7
a 640 88 2
a 640 395 8
a 640 461 10
a 641 351 7
a 641 360 7
a 642 24 4
a 642 338 1
a 643 396 2
a 644 631 10
a 645 467 7
a 646 431 9
a 647 493 2
a 648 474 7
a 648 505 8
a 649 197 5
a 650 85 4
a 650 554 7
a 651 547 3
a 651 598 4
a 652 28 5
a 652 243 6
a 653 155 6
a 654 214 1
a 654 668 9
a 655 292 5
a 655 502 7
a 655 514 10
a 656 498 2
a 657 569 7
a 658 307 4
a 659 14 6
a 659 341 9
a 659 486 8
a 660 636 10
a 661 220 9
a 661 275 9
a 661 520 10
a 662 53 3
a 662 249 2
a 662 548 3
a 663 189 10
a 663 623 1
a 664 71 9
a 664 272 8
a 665 555 6
a 665 604 5
a 666 241 1
a 666 277 3
a 666 414 8
a 667 117 7
a 667 534 5
a 668 231 3
a 669 54 8
a 669 174 3
a 669 223 10
a 669 449 1
a 670 200 1
a 670 323 3
a 670 575 1
a 671 147 1
a 671 209 2
a 671 282 5
a 672 134 8
a 673 685 5
a 674 25 1
a 675 513 4
a 676 52 9
a 676 303 10
a 676 313 6
a 676 493 8
a 677 176 7
a 677 308 6
a 677 382 9
a 677 421 8
a 678 172 9
a 679 616 2
a 680 215 9
a 680 475 2
a 681 103 2
a 681 536 3
a 681 680 3
a 682 28 3
a 682 231 10
a 683 219 10
a 684 255 4
a 685 229 2
a 685 387 10
a 686 47 2
a 686 208 1
a 686 229 10
a 686 435 1
a 687 127 10
a 687 222 4
a 687 514 9
a 687 695 5
a 688 542 4
a 688 553 9
a 688 670 1
a 689 94 3
a 689 194 9
a 689 211 1
a 689 495 6
a 689 628 6
a 690 131 4
a 691 20 4
a 692 17 8
a 692 41 6
a 692 97 9
a 693 217 5
a 693 544 9
a 693 666 8
a 694 6 7
a 694 162 10
a 694 422 4
a 695 172 5
a 696 204 1
a 696 273 2
a 697 167 7
a 698 173 10
a 698 621 1
a 699 9 3
a 699 338 3
a 699 675 10
