p max 700 1400
n 1 s
n 700 t
a 1 91 7
a 1 145 9
a 1 450 6
a 1 512 6
a 2 315 7
a 3 8 9
a 3 565 5
a 4 470 7
a 5 108 1
a 5 110 5
a 5 355 1
a 6 72 6
a 6 339 7
a 7 110 4
a 7 394 8
a 8 227 1
a 8 523 3
a 9 535 6
a 10 89 10
a 10 112 3
a 10 526 8
a 11 555 6
a 12 343 6
a 13 38 1
a 14 3 7
a 14 135 7
a 15 291 1
a 15 500 7
a 15 615 2
a 15 650 3
a 16 164 2
a 16 548 10
a 17 617 5
a 18 92 6
a 19 61 8
a 19 315 7
a 19 527 9
a 19 697 6
a 20 98 1
a 20 492 2
a 20 583 1
a 21 578 3
a 22 318 5
a 22 555 1
a 23 165 3
a 24 459 5
a 24 548 4
a 25 181 3
a 25 325 5
a 25 437 7
a 25 461 4
a 25 510 5
a 26 157 10
a 26 225 8
a 26 467 1
a 26 557 3
a 27 344 10
a 27 588 3
a 28 77 7
a 28 88 10
a 28 513 6
a 28 610 9
a 29 228 10
a 29 278 10
a 30 440 10
a 30 698 8
a 31 36 9
a 31 582 1
a 32 181 1
a 32 410 4
a 33 99 9
a 33 501 2
a 33 548 9
a 34 102 10
a 34 368 7
a 34 483 7
a 35 127 3
a 35 324 2
a 36 15 6
a 36 83 1
a 36 569 2
a 37 580 10
a 38 310 6
a 38 390 8
a 39 82 9
a 39 508 5
a 40 166 3
a 40 197 8
a 40 294 7
a 40 354 9
a 41 154 4
a 41 192 7
a 41 317 10
a 41 605 10
a 42 653 10
a 43 256 10
a 43 542 1
a 44 349 10
a 44 611 6
a 45 268 5
a 46 128 6
a 46 185 6
a 46 408 2
a 47 9 8
a 48 184 2
a 48 249 9
a 48 257 9
a 49 2 8
a 49 288 4
a 50 228 2
a 50 510 2
a 51 406 2
a 52 138 5
a 52 497 3
a 53 113 6
a 53 466 2
a 54 44 1
a 54 631 6
a 55 327 6
a 56 675 9
a 57 459 9
a 57 484 6
a 58 233 9
a 58 398 5
a 58 478 3
a 59 24 8
a 59 57 4
a 60 204 7
a 60 572 3
a 61 431 8
a 61 662 7
a 62 50 7
a 62 202 8
a 62 348 9
a 63 42 3
a 64 81 1
a 65 435 7
a 66 374 10
a 66 595 3
a 67 90 2
a 68 145 2
a 69 303 5
a 70 192 6
a 70 406 2
a 71 110 10
a 71 364 6
a 71 415 8
a 72 5 6
a 72 52 7
a 72 355 9
a 72 476 2
a 73 336 4
a 74 407 10
a 74 602 2
a 75 47 2
a 75 248 4
a 76 514 7
a 77 309 7
a 78 126 5
a 78 356 9
a 79 367 9
a 79 414 6
a 79 581 5
a 80 301 4
a 80 427 10
a 81 58 9
a 82 207 6
a 82 629 9
a 83 31 10
a 83 189 5
a 84 524 5
a 85 447 6
a 85 658 8
a 86 10 7
a 86 244 9
a 86 541 7
a 87 35 8
a 88 86 8
a 88 354 7
a 89 148 5
a 89 593 2
a 90 151 1
a 90 182 8
a 90 253 2
a 91 308 10
a 91 376 8
a 91 564 5
a 92 12 5
a 93 628 9
a 94 369 7
a 94 390 5
a 95 79 4
a 95 457 4
a 95 575 9
a 95 668 9
a 96 232 10
a 96 322 7
a 97 13 10
a 97 541 8
a 97 690 4
a 98 349 4
a 98 360 2
a 99 60 7
a 100 536 6
a 101 392 4
a 102 39 8
a 102 373 6
a 102 613 8
a 103 266 1
a 103 435 3
a 104 444 8
a 104 648 8
a 105 31 6
a 105 113 9
a 105 276 6
a 105 375 4
a 105 409 8
a 105 498 10
a 106 458 4
a 107 141 7
a 107 144 4
a 108 382 5
a 108 649 2
a 108 659 5
a 109 129 8
a 109 429 3
a 109 565 5
a 110 447 8
a 110 660 2
a 111 17 1
a 111 290 3
a 112 267 5
a 112 592 3
a 113 4 6
a 113 137 8
a 113 405 8
a 114 434 2
a 115 120 3
a 115 151 2
a 116 232 9
a 116 386 6
a 117 501 8
a 118 136 1
a 118 333 4
a 119 249 5
a 119 290 5
a 119 458 9
a 120 65 8
a 120 519 9
a 121 154 9
a 121 172 10
a 122 212 8
a 122 578 7
a 123 483 10
a 123 516 6
a 123 637 5
a 124 7 3
a 124 542 4
a 124 686 9
a 125 265 2
a 125 345 2
a 125 644 6
a 125 687 4
a 126 309 4
a 126 371 7
a 126 469 5
a 127 510 6
a 128 70 3
a 128 117 3
a 128 425 10
a 129 364 3
a 130 235 5
a 130 244 6
a 131 338 5
a 132 22 8
a 132 361 10
a 133 228 2
a 133 262 4
a 134 445 5
a 134 596 7
a 135 340 9
a 136 507 4
a 137 146 9
a 137 237 2
a 138 186 4
a 138 388 10
a 138 680 6
a 139 80 1
a 139 690 1
a 140 424 3
a 140 430 10
a 141 20 3
a 141 287 3
a 142 114 9
a 142 240 10
a 142 487 10
a 143 450 9
a 144 570 2
a 145 132 8
a 145 384 8
a 145 456 10
a 146 390 2
a 146 482 6
a 147 89 6
a 148 222 8
a 149 142 3
a 149 220 4
a 149 241 8
a 150 318 6
a 151 244 4
a 152 599 2
a 153 9 1
a 153 351 6
a 153 448 2
a 154 225 6
a 154 455 10
a 155 115 10
a 155 424 6
a 156 202 5
a 157 111 10
a 157 444 2
a 158 389 3
a 158 395 8
a 159 233 7
a 160 176 8
a 160 245 5
a 161 149 6
a 161 210 5
a 161 657 8
a 162 562 6
a 163 208 6
a 163 465 7
a 164 146 9
a 164 341 8
a 164 419 4
a 165 13 5
a 165 505 1
a 165 581 3
a 166 150 8
a 166 192 7
a 167 432 1
a 168 558 2
a 168 608 8
a 169 259 7
a 169 298 1
a 170 151 5
a 170 609 9
a 171 403 3
a 171 470 1
a 172 376 2
a 173 444 2
a 173 540 7
a 174 380 10
a 174 389 2
a 175 490 1
a 175 671 2
a 176 278 7
a 176 416 1
a 176 633 7
a 177 219 2
a 177 600 5
a 177 675 1
a 177 680 1
a 178 20 7
a 178 196 9
a 178 215 2
a 179 68 5
a 179 364 3
a 180 583 1
a 181 434 6
a 181 693 5
a 182 528 4
a 183 169 7
a 184 73 3
a 184 340 3
a 184 586 7
a 185 188 9
a 186 330 10
a 186 545 3
a 187 289 9
a 187 296 5
a 187 315 10
a 188 600 1
a 189 672 7
a 190 652 2
a 191 6 3
a 191 362 5
a 191 366 10
a 192 608 8
a 193 594 7
a 194 498 6
a 194 664 5
a 195 525 1
a 196 131 2
a 196 426 9
a 197 141 2
a 197 204 9
a 197 342 4
a 197 576 2
a 198 101 7
a 198 303 5
a 198 320 1
a 199 335 2
a 200 96 6
a 200 400 5
a 200 629 1
a 200 691 2
a 201 189 10
a 201 665 10
a 202 509 2
a 203 237 1
a 204 143 1
a 204 162 5
a 205 117 3
a 206 477 9
a 206 538 7
a 206 625 9
a 207 254 7
a 207 592 2
a 208 61 8
a 208 195 1
a 209 439 1
a 210 360 7
a 210 681 10
a 211 122 1
a 211 633 3
a 212 247 4
a 212 264 5
a 212 601 3
a 213 465 7
a 213 585 4
a 214 70 4
a 214 92 5
a 214 312 1
a 215 315 8
a 216 396 10
a 216 414 8
a 216 696 4
a 217 538 10
a 218 647 1
a 219 210 1
a 219 211 9
a 219 343 8
a 220 198 6
a 220 266 8
a 221 103 8
a 221 294 7
a 221 523 5
a 221 566 6
a 222 55 6
a 222 302 6
a 223 88 4
a 224 542 6
a 225 28 7
a 225 64 7
a 226 319 5
a 227 200 1
a 227 465 3
a 228 83 1
a 228 222 5
a 229 11 4
a 229 56 5
a 229 379 2
a 229 499 1
a 230 312 7
a 231 193 4
a 231 700 9
a 232 429 4
a 232 660 5
a 233 435 2
a 234 63 5
a 234 71 2
a 235 503 1
a 236 145 7
a 236 202 9
a 237 75 5
a 237 272 4
a 237 463 8
a 237 549 5
a 237 590 5
a 238 141 3
a 239 570 4
a 240 90 4
a 241 610 6
a 242 202 8
a 243 227 2
a 244 87 5
a 244 304 8
a 245 45 9
a 245 556 9
a 246 125 1
a 246 696 1
a 247 222 7
a 247 693 4
a 248 41 1
a 248 526 6
a 249 29 1
a 250 644 1
a 251 172 4
a 252 218 2
a 252 590 1
a 252 678 5
a 253 155 2
a 253 214 8
a 253 276 6
a 253 295 5
a 253 480 1
a 253 628 2
a 254 547 10
a 255 57 9
a 255 70 7
a 255 310 4
a 256 151 8
a 256 494 2
a 256 586 8
a 257 246 2
a 257 373 2
a 258 307 7
a 258 576 5
a 259 250 9
a 259 414 9
a 259 542 5
a 260 47 5
a 261 442 2
a 261 690 7
a 262 461 9
a 263 15 3
a 263 194 8
a 264 243 3
a 264 386 10
a 265 9 7
a 265 170 4
a 265 252 5
a 265 279 1
a 265 392 4
a 265 667 2
a 266 151 8
a 267 280 2
a 268 63 6
a 269 349 1
a 269 489 3
a 270 228 6
a 270 264 8
a 270 524 8
a 271 260 3
a 272 287 10
a 273 268 7
a 273 479 3
a 274 464 3
a 275 605 3
a 276 666 2
a 277 683 5
a 278 24 7
a 279 466 1
a 279 587 1
a 279 640 5
a 280 5 2
a 280 29 3
a 281 29 9
a 282 623 5
a 283 457 5
a 284 192 9
a 284 253 3
a 285 19 3
a 285 347 10
a 286 534 4
a 286 629 5
a 287 329 4
a 288 71 8
a 289 136 8
a 289 137 7
a 290 57 9
a 290 97 8
a 291 393 6
a 291 430 4
a 292 80 8
a 293 270 3
a 293 497 1
a 294 205 10
a 294 269 5
a 294 558 10
a 295 27 2
a 295 55 5
a 296 136 7
a 296 620 7
a 296 621 4
a 297 147 4
a 297 181 3
a 297 338 7
a 298 487 6
a 299 138 8
a 299 202 2
a 299 234 10
a 300 196 3
a 301 298 7
a 301 374 5
a 301 613 5
a 302 125 6
a 302 584 8
a 303 372 7
a 303 573 2
a 303 602 8
a 304 509 7
a 304 638 8
a 304 646 6
a 305 247 3
a 306 317 10
a 306 571 6
a 307 234 10
a 307 619 3
a 308 354 7
a 308 448 2
a 309 337 8
a 309 487 2
a 310 63 9
a 310 499 7
a 310 636 8
a 311 454 5
a 312 116 6
a 313 229 3
a 313 273 1
a 314 51 3
a 314 654 10
a 315 447 6
a 316 302 3
a 317 316 9
a 317 422 2
a 317 491 1
a 318 199 6
a 318 638 2
a 319 121 6
a 320 135 1
a 320 402 1
a 321 205 2
a 322 163 7
a 322 420 9
a 323 695 10
a 324 90 3
a 324 556 1
a 325 527 1
a 326 66 6
a 326 610 2
a 327 194 7
a 327 474 7
a 328 187 1
a 328 417 5
a 328 501 10
a 329 182 6
a 330 32 6
a 330 142 5
a 330 179 3
a 331 387 6
a 332 5 9
a 333 589 3
a 334 148 7
a 334 305 7
a 334 343 10
a 334 689 9
a 335 219 4
a 335 634 10
a 336 12 6
a 336 174 5
a 336 326 5
a 336 365 2
a 337 643 10
a 337 685 7
a 338 241 5
a 339 570 4
a 340 220 1
a 340 413 5
a 341 205 1
a 341 260 9
a 341 433 1
a 342 104 5
a 342 323 7
a 342 443 4
a 343 285 3
a 343 346 1
a 343 465 3
a 343 642 5
a 344 239 6
a 344 275 10
a 344 651 9
a 345 213 5
a 345 603 6
a 346 112 3
a 346 255 5
a 346 654 6
a 347 225 8
a 347 334 5
a 347 471 6
a 348 76 5
a 348 331 1
a 348 376 8
a 349 104 8
a 350 19 4
a 350 353 10
a 350 678 8
a 351 322 9
a 351 391 7
a 352 254 8
a 352 495 3
a 352 509 5
a 353 339 7
a 354 132 7
a 354 208 9
a 355 123 2
a 355 213 1
a 356 8 6
a 356 456 10
a 357 7 8
a 358 109 6
a 358 316 3
a 359 40 4
a 359 350 4
a 360 109 6
a 361 169 7
a 361 223 7
a 362 481 9
a 363 173 8
a 363 267 10
a 364 597 3
a 365 64 6
a 366 244 1
a 366 493 9
a 367 273 9
a 367 412 3
a 367 546 9
a 367 562 8
a 368 689 5
a 369 48 4
a 369 217 1
a 369 514 10
a 369 517 7
a 370 107 10
a 370 224 6
a 371 56 3
a 371 221 4
a 371 238 10
a 371 673 6
a 372 352 3
a 372 544 7
a 373 558 1
a 374 178 8
a 374 397 6
a 375 415 1
a 376 506 8
a 377 440 4
a 378 301 8
a 379 85 9
a 380 42 6
a 380 421 3
a 381 251 6
a 381 593 10
a 382 394 8
a 383 282 4
a 383 462 9
a 383 527 7
a 384 361 2
a 385 216 2
a 385 544 7
a 386 147 1
a 387 156 2
a 387 645 7
a 388 349 1
a 389 129 5
a 389 478 6
a 390 48 4
a 391 268 3
a 391 518 5
a 391 679 3
a 392 450 1
a 392 457 6
a 393 592 6
a 394 284 10
a 395 291 3
a 396 257 5
a 397 121 5
a 397 674 7
a 398 84 2
a 398 563 8
a 399 161 6
a 399 503 8
a 399 550 10
a 400 47 2
a 400 316 2
a 400 556 5
a 400 670 4
a 401 3 10
a 401 363 5
a 402 550 10
a 402 555 4
a 403 568 7
a 404 182 7
a 404 389 5
a 404 463 10
a 405 236 7
a 405 352 7
a 405 628 4
a 406 78 9
a 406 416 7
a 406 599 10
a 407 557 8
a 407 632 10
a 408 111 6
a 408 508 9
a 409 219 5
a 410 625 2
a 411 151 6
a 411 677 6
a 412 475 6
a 412 526 6
a 413 213 8
a 414 52 7
a 414 119 4
a 414 153 5
a 415 51 4
a 415 422 5
a 416 226 5
a 417 25 9
a 418 283 1
a 418 428 6
a 418 584 10
a 419 355 8
a 419 692 10
a 420 6 10
a 420 183 2
a 421 15 10
a 421 423 2
a 422 72 1
a 422 559 2
a 423 431 8
a 423 683 4
a 424 457 3
a 425 322 6
a 425 676 5
a 426 571 3
a 426 669 3
a 427 51 10
a 427 612 3
a 428 676 10
a 429 35 3
a 429 456 3
a 430 33 2
a 430 335 5
a 430 435 1
a 431 430 10
a 431 674 2
a 432 259 6
a 432 449 2
a 432 577 1
a 433 50 2
a 434 183 5
a 434 372 1
a 434 424 10
a 435 327 5
a 435 473 6
a 435 614 2
a 435 700 3
a 436 37 6
a 436 623 8
a 437 163 8
a 437 525 4
a 437 545 1
a 438 114 3
a 439 56 7
a 439 294 8
a 440 357 10
a 440 511 10
a 440 668 6
a 441 79 9
a 442 106 6
a 442 206 1
a 442 290 1
a 443 390 1
a 443 631 3
a 444 85 4
a 444 382 8
a 444 488 6
a 445 464 3
a 445 532 6
a 445 647 9
a 445 684 1
a 446 232 3
a 447 71 3
a 448 382 1
a 448 655 5
a 449 419 6
a 450 669 5
a 451 89 8
a 451 197 2
a 451 432 4
a 452 265 3
a 453 359 3
a 453 553 10
a 454 440 7
a 454 698 2
a 455 78 8
a 456 386 1
a 456 403 1
a 456 407 10
a 456 630 8
a 457 81 3
a 457 139 5
a 457 185 1
a 457 378 4
a 457 620 7
a 458 43 3
a 458 456 2
a 458 657 8
a 458 685 3
a 459 246 10
a 459 280 6
a 459 489 6
a 459 559 9
a 459 626 8
a 460 679 10
a 461 443 9
a 462 344 7
a 462 606 5
a 462 689 1
a 463 18 3
a 463 593 8
a 464 346 1
a 464 399 2
a 465 133 1
a 466 458 9
a 466 536 1
a 467 124 9
a 467 446 1
a 467 496 2
a 467 541 6
a 468 315 4
a 469 95 4
a 469 311 9
a 470 616 1
a 470 699 4
a 471 70 5
a 471 306 6
a 471 682 7
a 472 105 7
a 472 457 3
a 473 28 8
a 473 77 8
a 473 156 7
a 473 179 5
a 473 612 1
a 474 21 1
a 475 193 8
a 476 193 8
a 476 486 6
a 476 601 1
a 477 223 10
a 477 291 9
a 477 426 10
a 478 566 3
a 479 534 4
a 480 306 8
a 481 492 7
a 481 513 10
a 482 365 6
a 482 666 1
a 483 45 8
a 483 67 3
a 483 380 6
a 484 108 8
a 484 472 1
a 485 419 6
a 486 49 7
a 486 246 10
a 486 688 3
a 487 196 3
a 487 603 7
a 488 201 4
a 488 615 3
a 489 42 2
a 489 134 8
a 489 551 3
a 490 552 5
a 491 514 5
a 492 286 8
a 492 523 5
a 493 571 10
a 494 166 8
a 495 117 7
a 496 23 4
a 496 77 5
a 497 174 7
a 497 543 5
a 498 86 5
a 498 159 1
a 498 579 2
a 499 442 2
a 500 362 3
a 501 72 9
a 501 197 5
a 502 492 5
a 503 241 9
a 503 639 6
a 504 534 2
a 504 680 2
a 505 408 1
a 506 691 6
a 507 209 3
a 507 697 1
a 508 205 3
a 509 191 6
a 509 360 3
a 510 105 6
a 510 635 2
a 510 671 7
a 511 226 3
a 511 252 1
a 512 175 10
a 512 304 10
a 512 361 9
a 513 171 5
a 513 420 4
a 514 203 9
a 514 431 1
a 515 531 8
a 516 392 7
a 517 192 2
a 517 328 9
a 518 319 10
a 519 32 1
a 520 331 1
a 521 186 7
a 522 89 1
a 522 273 8
a 523 433 6
a 523 604 7
a 524 263 6
a 524 307 3
a 525 218 9
a 525 359 7
a 526 140 10
a 526 520 1
a 526 660 5
a 527 699 1
a 528 30 2
a 528 271 4
a 528 515 8
a 528 628 3
a 529 17 8
a 530 112 9
a 530 284 7
a 531 186 10
a 531 261 7
a 532 34 2
a 532 241 9
a 533 376 4
a 533 438 7
a 534 37 5
a 534 194 9
a 534 358 8
a 534 468 5
a 535 396 4
a 536 133 5
a 537 300 8
a 537 515 2
a 538 169 7
a 539 642 4
a 540 245 9
a 540 246 7
a 540 507 4
a 540 624 4
a 541 45 4
a 542 485 8
a 542 510 9
a 542 535 1
a 543 582 2
a 543 618 9
a 544 133 8
a 544 171 1
a 544 323 8
a 544 442 3
a 545 14 7
a 545 205 3
a 546 58 1
a 546 676 4
a 547 616 7
a 548 100 2
a 548 131 10
a 548 165 6
a 548 542 4
a 549 246 4
a 550 375 3
a 551 201 7
a 552 237 3
a 552 418 9
a 552 467 1
a 553 491 5
a 554 483 9
a 555 188 6
a 555 541 3
a 555 581 6
a 556 225 7
a 556 479 1
a 556 570 8
a 557 271 5
a 558 548 9
a 559 62 8
a 559 146 5
a 560 687 5
a 561 510 1
a 561 560 5
a 562 363 4
a 562 387 2
a 562 537 1
a 563 240 9
a 563 315 5
a 563 561 1
a 564 419 2
a 564 441 1
a 565 225 8
a 565 237 10
a 566 38 2
a 566 222 7
a 566 266 1
a 567 383 9
a 567 580 1
a 568 279 5
a 568 666 6
a 569 74 7
a 569 504 8
a 570 119 4
a 570 370 10
a 571 230 2
a 571 313 8
a 572 343 1
a 573 628 4
a 573 695 7
a 574 413 7
a 574 647 5
a 575 53 10
a 575 281 1
a 575 593 9
a 576 87 9
a 576 569 9
a 577 235 2
a 578 373 3
a 579 80 4
a 579 356 4
a 579 622 2
a 580 465 9
a 580 651 7
a 581 608 6
a 582 386 9
a 583 46 3
a 583 168 2
a 583 642 8
a 584 583 3
a 585 57 4
a 586 2 10
a 586 113 5
a 587 215 7
a 587 297 9
a 588 670 10
a 589 369 5
a 590 59 3
a 590 316 1
a 590 530 4
a 591 502 9
a 591 670 2
a 592 184 5
a 593 160 4
a 593 551 5
a 594 189 7
a 595 299 10
a 595 308 10
a 595 392 2
a 596 224 5
a 596 481 6
a 596 574 8
a 597 44 4
a 598 349 9
a 599 40 9
a 599 137 7
a 599 607 6
a 599 675 4
a 600 102 2
a 600 143 5
a 600 217 2
a 601 97 4
a 601 332 7
a 601 439 1
a 601 521 10
a 602 228 5
a 602 454 5
a 603 515 7
a 604 94 10
a 604 400 8
a 605 125 6
a 606 26 7
a 606 177 3
a 606 522 7
a 606 687 10
a 607 106 2
a 607 608 7
a 608 606 7
a 609 152 7
a 609 225 2
a 609 424 1
a 610 55 5
a 611 316 2
a 611 381 6
a 612 141 1
a 612 517 10
a 613 24 8
a 613 110 10
a 614 116 2
a 614 298 10
a 614 533 4
a 614 597 10
a 615 84 1
a 615 627 4
a 616 411 5
a 616 555 9
a 616 652 2
a 617 220 3
a 618 21 2
a 618 395 4
a 618 661 4
a 619 611 8
a 619 614 5
a 620 496 2
a 621 608 6
a 622 363 1
a 623 269 7
a 624 258 2
a 624 374 5
a 624 417 6
a 625 338 9
a 625 452 10
a 626 382 1
a 626 506 3
a 627 386 7
a 627 509 6
a 627 663 10
a 627 700 6
a 628 511 4
a 628 647 10
a 629 158 8
a 629 242 6
a 629 451 4
a 629 624 4
a 630 326 10
a 630 503 6
a 631 130 8
a 631 152 7
a 632 421 1
a 632 656 1
a 633 460 2
a 633 529 9
a 634 242 6
a 634 314 4
a 635 46 6
a 635 54 10
a 635 649 10
a 636 561 6
a 637 16 5
a 637 281 10
a 637 653 6
a 638 320 6
a 638 321 4
a 638 427 10
a 638 672 3
a 639 435 8
a 640 107 10
a 640 274 5
a 640 400 4
a 641 160 10
a 641 292 2
a 642 213 8
a 642 336 3
a 643 25 9
a 643 65 5
a 643 231 2
a 643 385 8
a 644 246 7
a 644 568 10
a 645 87 3
a 645 381 3
a 646 307 5
a 647 213 8
a 647 591 4
a 648 653 3
a 649 114 6
a 649 363 10
a 649 665 5
a 650 60 4
a 650 181 6
a 650 343 1
a 650 377 4
a 651 84 2
a 651 225 10
a 651 302 3
a 651 522 5
a 652 260 10
a 652 431 5
a 653 19 10
a 653 332 1
a 654 481 7
a 655 42 9
a 656 500 2
a 657 562 1
a 658 190 9
a 658 526 3
a 659 94 4
a 660 329 9
a 660 376 1
a 660 608 5
a 661 348 7
a 662 39 9
a 662 436 8
a 662 594 9
a 663 71 4
a 663 118 4
a 664 177 7
a 664 319 7
a 665 128 4
a 665 385 2
a 665 699 4
a 666 667 2
a 667 328 1
a 668 36 3
a 669 435 6
a 669 453 5
a 670 188 6
a 670 371 9
a 671 15 8
a 671 109 6
a 671 619 5
a 672 69 1
a 672 411 8
a 672 699 3
a 673 363 3
a 673 404 8
a 673 547 4
a 673 580 9
a 674 489 3
a 674 529 3
a 675 552 6
a 675 641 6
a 675 687 8
a 676 89 7
a 676 401 7
a 677 167 9
a 677 554 10
a 677 629 3
a 678 31 7
a 678 504 4
a 679 93 1
a 679 180 3
a 679 618 6
a 680 592 8
a 681 277 6
a 681 518 1
a 681 582 2
a 682 311 2
a 682 397 3
a 682 437 8
a 682 444 10
a 682 531 10
a 683 589 3
a 683 614 6
a 684 490 8
a 685 34 5
a 685 313 3
a 686 212 9
a 686 301 3
a 686 424 6
a 686 445 3
a 686 483 10
a 686 567 3
a 687 30 10
a 687 625 6
a 688 23 8
a 688 539 6
a 689 80 4
a 690 223 9
a 691 134 7
a 691 423 1
a 692 483 3
a 692 617 10
a 693 160 4
a 693 293 3
a 693 336 6
a 694 127 8
a 694 204 3
a 695 598 9
a 695 694 5
a 696 287 1
a 697 483 6
a 698 528 6
a 698 574 1
a 699 75 9
a 699 466 7
a 699 694 8
