p max 800 1600
n 1 s
n 800 t
a 1 413 9
a 2 483 1
a 3 481 6
a 4 31 2
a 4 773 10
a 5 83 6
a 5 114 1
a 5 132 6
a 5 409 1
a 5 790 6
a 6 407 7
a 7 333 5
a 8 254 4
a 8 579 4
a 9 60 4
a 9 687 1
a 9 701 6
a 10 101 8
a 10 288 8
a 10 304 7
a 10 758 10
a 11 557 4
a 12 507 7
a 13 580 5
a 13 641 5
a 14 454 2
a 15 137 3
a 16 187 4
a 16 718 8
a 17 354 9
a 18 348 3
a 19 781 1
a 20 234 5
a 20 628 5
a 20 756 3
a 21 204 7
a 21 500 9
a 22 64 5
a 22 643 10
a 23 684 10
a 24 154 1
a 24 219 2
a 25 209 2
a 25 630 7
a 26 204 3
a 26 375 2
a 26 588 5
a 27 172 5
a 27 560 5
a 28 732 2
a 29 34 8
a 29 150 10
a 30 211 2
a 31 21 10
a 31 24 4
a 31 435 7
a 31 518 8
a 32 735 8
a 32 797 10
a 33 131 8
a 34 203 6
a 35 16 5
a 35 50 1
a 36 225 5
a 36 303 8
a 36 403 3
a 36 770 8
a 37 156 2
a 37 577 6
a 38 596 1
a 39 194 2
a 40 203 2
a 40 622 9
a 41 200 6
a 42 227 3
a 42 279 5
a 42 360 4
a 43 619 8
a 44 76 1
a 44 130 4
a 44 312 10
a 45 785 3
a 46 76 1
a 46 692 2
a 47 667 2
a 48 329 4
a 48 707 1
a 49 490 2
a 50 231 2
a 50 515 8
a 51 521 7
a 51 739 8
a 52 36 9
a 52 765 8
a 53 238 8
a 53 563 4
a 54 317 2
a 55 553 9
a 56 55 4
a 56 279 3
a 56 765 1
a 57 158 4
a 58 639 5
a 58 731 5
a 59 445 6
a 60 65 10
a 60 104 4
a 60 371 9
a 61 494 10
a 61 499 3
a 62 86 5
a 62 95 5
a 62 432 9
a 62 631 10
a 63 672 6
a 63 756 4
a 64 175 5
a 64 744 6
a 65 84 4
a 65 96 6
a 65 674 2
a 65 688 1
a 66 383 1
a 66 519 1
a 67 717 7
a 68 199 6
a 69 290 7
a 69 476 6
a 70 162 1
a 70 189 10
a 71 173 2
a 71 311 10
a 72 253 2
a 72 439 2
a 73 227 1
a 73 476 2
a 74 67 4
a 74 646 5
a 75 176 10
a 76 593 2
a 76 637 2
a 77 41 10
a 78 414 5
a 79 107 2
a 79 448 1
a 80 646 10
a 81 52 10
a 81 622 9
a 82 67 3
a 83 280 9
a 83 350 9
a 84 88 6
a 84 591 2
a 84 668 3
a 85 49 10
a 85 95 4
a 85 394 6
a 85 532 8
a 86 706 10
a 87 241 1
a 87 309 5
a 88 159 1
a 88 293 8
a 88 695 3
a 88 772 3
a 88 795 8
a 89 408 5
a 89 745 4
a 90 229 2
a 90 434 9
a 91 456 5
a 91 578 4
a 92 299 2
a 92 601 4
a 93 480 4
a 93 718 2
a 94 12 10
a 95 99 9
a 95 323 9
a 96 357 5
a 96 506 5
a 96 778 7
a 97 162 4
a 97 354 10
a 97 633 3
a 98 235 6
a 98 250 2
a 99 660 1
a 100 645 4
a 101 785 3
a 102 283 9
a 102 413 9
a 103 44 9
a 104 649 10
a 105 278 3
a 105 731 8
a 106 380 8
a 107 40 10
a 107 474 10
a 108 144 2
a 108 283 4
a 109 347 10
a 109 573 7
a 110 559 10
a 111 704 2
a 112 131 8
a 112 350 3
a 112 779 4
a 112 785 3
a 113 714 5
a 114 136 1
a 115 615 5
a 115 648 3
a 116 39 7
a 116 491 7
a 116 714 10
a 117 318 10
a 117 465 2
a 118 701 4
a 119 87 5
a 120 21 4
a 120 95 8
a 120 155 5
a 121 446 1
a 122 62 4
a 123 297 7
a 123 412 9
a 124 116 7
a 124 697 9
a 124 708 10
a 124 769 7
a 125 512 4
a 125 743 10
a 126 122 10
a 126 244 10
a 127 257 9
a 128 410 9
a 129 376 2
a 129 377 8
a 129 650 1
a 130 510 4
a 130 564 4
a 130 793 7
a 131 102 5
a 131 536 8
a 132 51 4
a 132 179 6
a 133 259 8
a 133 422 10
a 133 424 3
a 133 727 6
a 134 72 10
a 134 135 5
a 135 62 1
a 136 168 10
a 137 104 3
a 137 638 10
a 138 341 9
a 138 602 2
a 138 759 7
a 139 37 2
a 140 717 4
a 140 723 2
a 141 440 4
a 142 75 8
a 143 209 10
a 144 13 4
a 144 112 6
a 144 475 8
a 144 627 1
a 145 513 1
a 146 133 2
a 146 408 1
a 147 400 5
a 147 452 4
a 148 76 8
a 149 641 6
a 150 332 9
a 150 664 7
a 151 425 5
a 151 489 3
a 151 650 1
a 152 612 9
a 153 386 9
a 153 610 6
a 153 615 3
a 154 93 4
a 155 320 7
a 156 620 3
a 156 653 7
a 157 143 8
a 158 32 4
a 158 69 4
a 159 560 5
a 160 195 10
a 160 529 2
a 160 690 4
a 161 775 5
a 162 641 1
a 162 685 3
a 163 303 2
a 163 419 2
a 164 356 4
a 164 507 10
a 165 146 1
a 165 676 7
a 166 46 5
a 166 746 7
a 167 561 1
a 168 285 4
a 168 416 7
a 168 531 2
a 169 453 2
a 169 483 7
a 169 775 2
a 170 21 1
a 171 693 3
a 172 287 10
a 172 298 9
a 173 161 9
a 174 682 8
a 175 321 8
a 176 55 4
a 176 528 7
a 176 782 3
a 177 266 5
a 177 407 3
a 177 667 9
a 178 330 4
a 178 380 5
a 178 674 2
a 179 444 8
a 179 505 8
a 179 534 3
a 180 301 6
a 181 338 10
a 181 613 9
a 182 433 8
a 182 504 2
a 183 217 7
a 183 221 2
a 183 481 4
a 183 621 9
a 184 799 1
a 185 20 6
a 185 109 10
a 186 379 9
a 186 622 6
a 186 749 9
a 187 326 2
a 187 796 7
a 188 51 8
a 188 220 3
a 189 44 9
a 190 690 8
a 191 264 8
a 192 731 1
a 193 138 3
a 193 362 7
a 193 474 7
a 193 797 7
a 194 114 3
a 194 544 6
a 195 3 10
a 195 203 6
a 195 556 9
a 196 139 5
a 196 392 9
a 197 238 8
a 197 517 10
a 197 657 5
a 198 78 4
a 198 231 1
a 198 418 5
a 198 738 10
a 199 536 7
a 200 152 10
a 200 310 9
a 200 679 3
a 201 651 8
a 202 315 2
a 202 455 5
a 203 4 9
a 203 120 9
a 203 265 6
a 203 781 6
a 204 14 2
a 204 772 2
a 205 241 1
a 205 340 1
a 205 636 7
a 206 55 9
a 207 367 1
a 207 673 7
a 208 20 9
a 208 574 1
a 208 618 8
a 209 359 2
a 210 316 2
a 210 536 6
a 210 713 4
a 210 732 3
a 211 214 5
a 211 629 9
a 212 18 9
a 212 76 10
a 212 126 10
a 212 474 5
a 212 570 4
a 213 732 7
a 214 347 3
a 214 776 10
a 215 468 4
a 215 687 7
a 215 800 1
a 216 94 10
a 216 350 5
a 216 757 6
a 217 7 9
a 217 654 3
a 218 449 2
a 219 274 3
a 219 384 2
a 220 24 8
a 220 35 10
a 220 115 10
a 220 492 5
a 221 2 8
a 222 138 5
a 222 732 6
a 223 539 1
a 224 128 2
a 224 328 4
a 225 17 3
a 225 212 2
a 226 178 5
a 227 378 7
a 227 661 1
a 228 22 10
a 228 24 10
a 228 369 8
a 228 638 8
a 229 42 1
a 229 111 8
a 229 327 9
a 229 781 10
a 230 51 9
a 231 797 3
a 232 19 7
a 232 341 10
a 233 505 4
a 234 667 8
a 235 560 9
a 236 310 10
a 236 329 4
a 237 98 2
a 237 283 4
a 237 331 10
a 237 420 1
a 237 794 7
a 238 121 10
a 238 163 10
a 238 662 6
a 239 529 2
a 239 608 3
a 240 393 3
a 240 644 9
a 241 54 10
a 241 421 8
a 242 514 9
a 243 488 4
a 243 696 10
a 244 171 10
a 244 767 4
a 244 793 2
a 245 698 7
a 246 160 6
a 247 45 2
a 247 90 9
a 248 581 8
a 248 684 6
a 249 166 4
a 249 293 2
a 250 678 3
a 251 153 4
a 252 351 5
a 252 385 5
a 252 705 8
a 253 612 9
a 254 280 3
a 255 360 1
a 256 224 9
a 257 123 2
a 257 581 4
a 258 284 3
a 258 388 7
a 259 477 7
a 259 567 7
a 260 99 7
a 261 345 5
a 261 714 8
a 262 713 1
a 263 193 3
a 263 495 10
a 263 522 9
a 263 606 7
a 264 45 4
a 264 224 10
a 265 43 1
a 265 376 5
a 266 505 5
a 267 216 6
a 268 562 2
a 269 194 6
a 269 250 3
a 269 471 7
a 270 50 10
a 270 262 5
a 271 495 7
a 272 649 1
a 272 726 9
a 273 276 4
a 274 296 9
a 274 670 9
a 275 456 6
a 275 636 6
a 276 138 8
a 276 547 2
a 277 48 2
a 278 485 3
a 278 630 3
a 278 685 8
a 279 216 3
a 279 405 5
a 279 710 2
a 279 752 2
a 280 202 7
a 280 611 9
a 280 733 5
a 281 490 4
a 282 364 8
a 282 647 1
a 282 693 7
a 283 270 6
a 283 323 8
a 283 378 9
a 284 391 4
a 284 476 7
a 285 376 3
a 286 41 9
a 286 430 3
a 286 716 4
a 287 240 5
a 287 375 3
a 287 415 7
a 287 433 2
a 288 39 8
a 288 605 7
a 289 248 7
a 289 457 1
a 290 249 10
a 290 587 4
a 291 417 4
a 292 143 10
a 292 319 5
a 293 214 9
a 293 402 5
a 294 339 1
a 295 414 7
a 295 532 10
a 296 500 10
a 296 612 8
a 297 373 2
a 297 792 4
a 298 297 3
a 299 332 5
a 299 498 6
a 299 699 9
a 300 186 9
a 300 351 6
a 301 595 8
a 302 98 8
a 302 333 6
a 303 392 4
a 303 502 9
a 304 62 10
a 304 113 5
a 304 180 10
a 304 296 5
a 304 682 8
a 304 722 3
a 305 110 2
a 305 635 6
a 306 116 5
a 306 226 4
a 306 342 1
a 306 343 2
a 307 29 8
a 307 537 5
a 308 264 9
a 308 286 3
a 308 776 6
a 309 161 9
a 309 405 8
a 310 597 6
a 310 642 9
a 311 301 6
a 312 33 2
a 312 66 3
a 312 776 5
a 313 481 10
a 313 673 4
a 314 723 4
a 315 618 9
a 316 701 7
a 317 492 2
a 318 136 5
a 318 458 8
a 319 196 5
a 319 565 7
a 319 656 6
a 319 785 7
a 320 259 5
a 321 515 6
a 321 609 8
a 322 761 6
a 323 282 8
a 323 676 2
a 323 680 8
a 324 192 1
a 325 663 2
a 325 786 5
a 326 34 1
a 327 121 10
a 327 445 9
a 328 10 2
a 328 139 3
a 328 242 1
a 329 613 10
a 330 774 3
a 330 776 7
a 330 784 6
a 331 721 9
a 332 118 4
a 332 366 3
a 332 399 4
a 332 539 3
a 333 187 5
a 333 765 7
a 334 673 5
a 334 737 10
a 335 703 6
a 336 190 6
a 337 266 6
a 337 431 3
a 337 666 1
a 338 236 9
a 338 404 4
a 338 716 9
a 339 382 2
a 339 400 4
a 339 446 5
a 339 768 4
a 340 306 6
a 340 510 5
a 341 263 6
a 341 329 8
a 341 599 9
a 342 423 7
a 343 522 9
a 343 568 5
a 343 614 9
a 344 421 8
a 345 13 4
a 345 363 1
a 346 16 1
a 346 590 4
a 346 647 10
a 347 70 4
a 347 511 7
a 347 644 9
a 348 450 8
a 349 290 7
a 350 260 4
a 351 46 6
a 351 265 8
a 352 112 3
a 352 575 6
a 353 735 5
a 353 800 2
a 354 182 2
a 354 280 2
a 354 382 9
a 354 712 10
a 355 7 4
a 355 508 4
a 355 658 6
a 356 544 4
a 357 239 6
a 357 324 10
a 357 436 2
a 358 417 4
a 358 450 8
a 358 596 6
a 358 715 1
a 359 274 6
a 359 335 10
a 359 657 4
a 360 451 4
a 361 755 2
a 362 254 5
a 362 341 9
a 362 376 6
a 362 398 7
a 363 444 2
a 364 427 7
a 364 765 9
a 365 475 4
a 365 577 2
a 366 92 2
a 366 407 10
a 367 74 3
a 368 82 10
a 368 704 9
a 369 599 3
a 370 215 3
a 370 301 5
a 370 561 4
a 371 309 7
a 371 361 5
a 372 565 8
a 373 291 2
a 373 525 7
a 374 105 4
a 374 600 1
a 375 631 6
a 376 348 9
a 377 48 10
a 377 473 3
a 378 347 3
a 378 451 3
a 378 741 4
a 379 154 9
a 379 230 6
a 379 723 4
a 380 247 2
a 380 372 4
a 380 563 8
a 381 195 8
a 381 394 7
a 382 118 9
a 382 122 8
a 383 411 3
a 383 637 8
a 384 63 5
a 384 210 1
a 384 632 6
a 385 339 4
a 385 352 10
a 386 215 1
a 387 663 3
a 388 790 3
a 389 80 1
a 389 339 8
a 390 710 9
a 391 353 9
a 392 56 2
a 392 58 9
a 392 127 4
a 393 109 8
a 393 550 7
a 394 702 2
a 395 663 9
a 396 566 2
a 397 456 10
a 397 694 9
a 398 91 9
a 398 164 7
a 398 663 8
a 399 145 5
a 399 412 9
a 399 548 1
a 399 748 6
a 400 269 8
a 400 733 10
a 401 294 3
a 401 325 8
a 401 730 1
a 402 501 4
a 402 529 9
a 403 9 10
a 403 225 4
a 403 233 7
a 403 349 3
a 403 505 5
a 404 6 9
a 404 239 10
a 404 660 8
a 405 773 2
a 406 201 7
a 406 397 1
a 406 462 3
a 406 624 6
a 407 568 9
a 408 232 7
a 408 744 1
a 409 442 10
a 410 162 2
a 411 695 2
a 412 137 7
a 412 169 6
a 412 261 7
a 412 751 1
a 413 157 2
a 413 320 1
a 414 110 6
a 414 117 3
a 414 402 9
a 415 5 5
a 415 208 5
a 415 334 3
a 415 433 2
a 416 617 7
a 417 675 10
a 418 387 8
a 419 159 2
a 419 503 5
a 420 252 7
a 420 716 4
a 420 728 1
a 421 353 2
a 421 537 1
a 421 600 7
a 421 653 2
a 422 139 7
a 422 180 3
a 423 98 2
a 423 480 6
a 424 355 8
a 425 547 2
a 425 780 4
a 426 50 9
a 426 172 6
a 426 275 5
a 426 562 6
a 427 199 9
a 427 299 6
a 427 495 8
a 428 36 3
a 428 352 7
a 428 509 5
a 428 677 4
a 429 190 2
a 429 403 2
a 429 447 1
a 430 370 3
a 430 555 2
a 431 690 2
a 432 320 8
a 433 292 8
a 433 303 2
a 434 177 7
a 434 454 7
a 434 549 8
a 435 267 6
a 435 576 8
a 436 295 6
a 436 350 4
a 437 12 2
a 437 64 9
a 437 540 4
a 437 675 7
a 438 362 9
a 439 761 6
a 440 335 1
a 440 727 2
a 441 540 8
a 442 140 3
a 442 743 6
a 443 9 3
a 443 571 3
a 444 790 1
a 445 129 7
a 445 559 1
a 445 747 3
a 446 181 1
a 446 537 9
a 447 150 7
a 447 391 8
a 448 346 7
a 448 370 6
a 448 753 9
a 449 61 8
a 449 513 8
a 449 532 5
a 449 625 8
a 450 243 10
a 450 334 10
a 451 396 8
a 452 212 2
a 452 338 2
a 453 607 9
a 454 372 8
a 455 276 3
a 456 266 10
a 456 272 4
a 457 453 6
a 457 564 7
a 457 622 10
a 458 393 2
a 458 502 3
a 459 781 2
a 460 365 5
a 460 464 8
a 460 588 2
a 461 152 7
a 461 584 10
a 462 595 2
a 462 641 2
a 463 271 4
a 463 297 7
a 463 305 9
a 464 53 10
a 464 706 4
a 465 57 8
a 465 334 10
a 465 611 7
a 466 115 6
a 467 182 5
a 467 659 7
a 467 716 1
a 468 419 10
a 468 800 9
a 469 262 1
a 470 373 2
a 470 511 9
a 471 613 3
a 472 333 4
a 472 546 9
a 472 565 7
a 472 763 2
a 473 277 7
a 473 697 3
a 474 108 2
a 474 151 1
a 474 298 9
a 474 516 2
a 474 637 10
a 475 193 4
a 476 437 5
a 476 582 3
a 477 556 2
a 478 607 9
a 479 727 3
a 480 284 6
a 480 458 8
a 480 628 4
a 481 769 2
a 482 260 5
a 482 477 9
a 483 73 7
a 483 78 9
a 484 158 7
a 484 197 6
a 484 359 4
a 484 599 3
a 485 126 6
a 486 631 10
a 487 222 7
a 487 569 6
a 488 307 10
a 488 709 2
a 489 746 2
a 489 754 7
a 490 209 1
a 490 603 9
a 491 792 1
a 492 88 1
a 493 309 7
a 494 663 1
a 495 44 3
a 495 572 7
a 496 46 1
a 496 355 4
a 497 217 1
a 498 166 7
a 498 521 10
a 498 721 6
a 499 457 7
a 499 738 3
a 499 758 4
a 500 163 4
a 500 481 1
a 501 404 2
a 501 795 8
a 502 524 8
a 502 787 3
a 503 448 7
a 504 623 2
a 505 89 5
a 505 385 9
a 505 619 9
a 506 741 9
a 507 26 7
a 508 327 9
a 509 7 3
a 510 25 5
a 510 368 10
a 511 441 2
a 511 557 4
a 511 785 7
a 512 416 5
a 513 377 8
a 514 325 2
a 514 523 7
a 515 6 4
a 515 93 5
a 515 287 5
a 515 292 8
a 516 18 7
a 516 624 3
a 516 691 1
a 517 114 5
a 517 405 2
a 518 322 7
a 518 467 9
a 519 335 4
a 519 496 1
a 520 281 2
a 520 410 8
a 520 615 9
a 521 599 4
a 521 701 8
a 522 218 2
a 522 241 9
a 522 663 8
a 523 592 3
a 524 5 6
a 524 142 1
a 524 799 9
a 525 276 1
a 525 530 4
a 526 15 2
a 526 515 7
a 526 572 2
a 527 211 2
a 528 67 9
a 528 143 2
a 528 726 1
a 529 497 2
a 529 583 6
a 530 195 9
a 530 336 7
a 531 777 2
a 532 611 1
a 533 84 3
a 533 637 3
a 534 239 9
a 535 93 6
a 536 378 7
a 537 188 9
a 537 595 3
a 538 453 3
a 539 268 7
a 539 302 7
a 539 676 8
a 540 234 1
a 540 603 3
a 541 599 1
a 542 184 1
a 542 390 10
a 542 785 1
a 543 73 4
a 544 88 10
a 544 224 3
a 544 304 4
a 545 93 8
a 546 185 3
a 547 123 8
a 547 530 8
a 548 426 4
a 548 633 8
a 549 752 3
a 550 84 5
a 551 168 3
a 551 401 9
a 551 765 2
a 552 367 2
a 553 677 1
a 554 740 10
a 555 475 9
a 556 363 1
a 556 395 8
a 557 230 2
a 557 330 1
a 558 49 9
a 558 700 1
a 559 126 8
a 560 761 5
a 561 726 10
a 562 576 4
a 563 71 7
a 563 263 3
a 563 429 6
a 564 289 8
a 564 369 1
a 564 374 10
a 565 383 9
a 566 271 2
a 567 124 2
a 567 414 3
a 568 119 1
a 568 211 6
a 568 671 3
a 569 348 8
a 569 500 9
a 570 123 6
a 570 163 1
a 571 235 5
a 571 344 4
a 572 604 4
a 573 244 3
a 573 669 4
a 574 174 3
a 574 676 2
a 575 148 6
a 575 200 9
a 575 271 10
a 575 517 10
a 576 468 3
a 577 249 7
a 578 438 1
a 579 362 1
a 580 623 7
a 581 457 9
a 581 545 4
a 581 558 10
a 582 414 8
a 582 655 3
a 583 375 4
a 584 388 2
a 585 31 1
a 585 345 9
a 585 514 8
a 585 611 5
a 586 214 3
a 587 178 10
a 587 183 3
a 587 412 9
a 587 731 1
a 588 13 6
a 588 106 6
a 588 169 2
a 589 37 9
a 589 158 5
a 589 245 3
a 589 525 1
a 590 46 1
a 590 442 4
a 590 719 4
a 591 8 4
a 591 300 4
a 591 538 7
a 592 317 6
a 592 467 2
a 592 554 10
a 593 195 2
a 593 479 10
a 594 561 7
a 594 646 9
a 595 603 3
a 595 766 2
a 596 103 6
a 596 465 9
a 597 30 9
a 597 79 6
a 597 302 1
a 597 396 4
a 597 499 1
a 598 392 6
a 599 696 10
a 600 87 7
a 600 675 10
a 601 125 3
a 601 598 8
a 602 293 2
a 602 321 9
a 602 490 6
a 603 509 4
a 604 569 5
a 605 99 1
a 605 232 7
a 605 518 1
a 605 789 8
a 606 56 8
a 606 648 1
a 607 35 7
a 607 207 4
a 608 205 3
a 608 326 1
a 608 493 9
a 609 128 3
a 609 394 10
a 609 641 6
a 610 421 4
a 610 449 5
a 611 424 7
a 611 531 6
a 611 577 4
a 612 288 6
a 613 285 8
a 614 149 10
a 614 553 5
a 615 323 5
a 615 470 4
a 616 523 3
a 617 387 9
a 617 454 1
a 618 282 7
a 618 455 2
a 618 633 8
a 619 775 3
a 620 484 5
a 620 754 10
a 621 69 4
a 621 324 4
a 622 169 8
a 623 141 5
a 623 359 1
a 623 791 7
a 624 191 4
a 624 388 5
a 625 256 3
a 626 43 10
a 627 370 5
a 628 352 2
a 629 300 9
a 629 623 8
a 630 118 8
a 630 437 9
a 630 543 3
a 630 647 9
a 630 678 9
a 630 740 10
a 631 96 8
a 631 381 4
a 632 15 2
a 633 140 9
a 633 299 6
a 634 381 10
a 635 257 3
a 635 266 7
a 635 311 2
a 635 446 5
a 635 686 3
a 635 745 1
a 636 217 3
a 637 11 5
a 637 799 6
a 638 614 10
a 638 760 2
a 638 767 8
a 639 59 2
a 639 336 7
a 639 421 8
a 640 49 3
a 640 524 9
a 641 48 1
a 641 207 8
a 641 645 8
a 642 499 2
a 642 549 8
a 642 626 9
a 643 337 8
a 643 783 9
a 644 314 1
a 644 486 6
a 644 600 1
a 645 384 9
a 645 521 3
a 646 216 2
a 646 460 7
a 647 340 1
a 647 587 7
a 648 657 7
a 648 715 1
a 649 299 1
a 649 478 4
a 650 286 9
a 651 68 1
a 651 490 6
a 652 69 8
a 653 785 8
a 654 267 2
a 654 273 1
a 654 745 9
a 655 434 3
a 655 463 10
a 655 617 9
a 656 260 6
a 656 561 8
a 657 251 7
a 657 639 6
a 658 511 4
a 658 613 5
a 659 119 9
a 660 300 1
a 660 605 7
a 661 210 5
a 661 681 4
a 662 244 1
a 662 665 1
a 663 181 9
a 663 278 2
a 663 313 9
a 664 669 10
a 665 613 4
a 666 97 4
a 666 616 4
a 667 221 3
a 668 527 8
a 669 223 5
a 669 548 10
a 670 138 7
a 670 344 1
a 670 703 5
a 671 2 10
a 671 474 10
a 671 635 9
a 672 430 4
a 672 523 2
a 673 426 6
a 673 683 4
a 674 251 9
a 675 27 1
a 675 329 5
a 675 616 7
a 675 699 4
a 676 26 1
a 676 391 6
a 677 224 8
a 677 634 1
a 678 799 3
a 679 183 10
a 680 179 3
a 680 288 9
a 680 652 1
a 680 698 1
a 680 798 10
a 681 231 6
a 681 766 10
a 681 788 1
a 682 89 3
a 682 356 1
a 682 358 5
a 682 406 4
a 682 646 6
a 682 724 4
a 683 424 4
a 684 374 6
a 685 705 10
a 685 747 9
a 686 534 3
a 687 258 9
a 687 410 8
a 687 556 2
a 688 192 3
a 688 685 10
a 689 198 5
a 689 690 10
a 690 170 7
a 690 454 9
a 690 497 2
a 691 678 10
a 692 340 10
a 692 434 3
a 692 482 10
a 693 157 3
a 693 662 3
a 693 781 1
a 694 86 6
a 695 171 5
a 695 711 5
a 696 401 7
a 697 103 8
a 697 153 8
a 697 448 4
a 697 585 3
a 697 597 9
a 697 736 9
a 698 537 9
a 699 612 4
a 700 660 3
a 701 49 8
a 701 243 10
a 702 5 6
a 702 566 8
a 703 107 7
a 703 167 2
a 703 533 10
a 703 644 3
a 704 651 2
a 705 206 10
a 705 683 1
a 706 25 7
a 706 47 4
a 706 160 1
a 706 283 3
a 707 337 6
a 707 487 5
a 707 734 8
a 708 780 1
a 709 352 9
a 710 321 3
a 711 170 9
a 711 256 2
a 712 28 10
a 712 301 5
a 713 329 10
a 713 520 3
a 714 527 7
a 714 537 4
a 714 742 7
a 715 75 10
a 715 82 2
a 715 367 1
a 716 171 6
a 716 428 5
a 717 102 4
a 717 357 3
a 718 135 9
a 718 609 2
a 719 758 1
a 720 393 6
a 721 211 2
a 721 360 10
a 721 440 8
a 721 777 2
a 722 573 2
a 723 75 3
a 724 223 1
a 725 301 7
a 726 300 10
a 727 729 6
a 727 755 6
a 728 6 2
a 729 281 6
a 730 74 9
a 730 434 10
a 731 471 5
a 732 185 4
a 732 555 9
a 733 431 8
a 733 648 8
a 733 725 5
a 734 122 1
a 735 604 2
a 735 624 9
a 736 48 4
a 737 261 9
a 737 761 9
a 738 237 7
a 738 655 3
a 738 750 1
a 739 149 2
a 739 702 4
a 740 277 2
a 740 555 6
a 740 607 7
a 741 438 8
a 741 552 1
a 741 555 7
a 741 697 6
a 742 100 1
a 742 777 8
a 743 7 6
a 743 536 3
a 743 569 9
a 744 515 6
a 744 720 3
a 744 729 1
a 745 77 2
a 745 277 6
a 746 618 4
a 747 706 5
a 747 760 7
a 748 786 10
a 749 211 10
a 749 651 6
a 750 306 3
a 750 423 4
a 750 560 6
a 751 59 3
a 751 165 8
a 752 194 6
a 752 317 1
a 752 629 5
a 753 487 10
a 754 500 1
a 755 592 8
a 755 771 9
a 756 781 2
a 757 180 10
a 757 383 6
a 757 443 9
a 757 619 8
a 758 79 2
a 758 115 10
a 758 337 3
a 758 535 7
a 759 228 4
a 759 399 10
a 759 594 10
a 760 114 6
a 760 592 9
a 761 127 6
a 761 461 2
a 762 85 5
a 762 580 2
a 763 66 7
a 763 205 9
a 763 551 6
a 764 360 7
a 765 679 9
a 766 795 3
a 767 373 5
a 767 643 1
a 767 762 1
a 768 92 5
a 768 425 1
a 768 466 7
a 769 329 5
a 769 689 8
a 769 760 8
a 770 149 7
a 771 469 4
a 771 513 6
a 772 665 6
a 772 696 5
a 773 499 7
a 774 127 1
a 774 542 1
a 774 640 1
a 774 764 6
a 775 147 9
a 775 411 1
a 776 387 4
a 777 611 9
a 778 110 5
a 779 38 5
a 779 388 1
a 780 161 9
a 780 308 1
a 780 355 10
a 780 472 3
a 781 422 10
a 781 550 9
a 782 186 10
a 782 586 7
a 783 606 7
a 784 292 2
a 785 81 10
a 785 634 7
a 786 176 1
a 786 422 1
a 786 598 3
a 787 149 10
a 787 307 6
a 787 574 5
a 787 589 4
a 788 134 7
a 788 459 7
a 788 725 6
a 788 746 7
a 789 602 2
a 790 419 9
a 790 446 5
a 791 23 3
a 791 253 6
a 791 417 5
a 791 526 3
a 791 769 8
a 792 64 4
a 792 127 9
a 792 246 9
a 793 213 10
a 793 285 7
a 794 74 2
a 794 389 9
a 794 414 10
a 794 432 8
a 795 681 7
a 795 734 7
a 796 2 4
a 797 6 3
a 798 135 7
a 798 255 2
a 798 541 9
a 799 266 10
a 799 481 9
