p max 800 1600
n 1 s
n 800 t
a 1 609 8
a 2 128 2
a 2 330 8
a 2 527 7
a 3 26 9
a 3 124 3
a 3 780 5
a 4 230 8
a 4 738 4
a 5 40 5
a 5 447 2
a 6 290 5
a 7 724 6
a 8 366 6
a 9 389 3
a 9 625 3
a 10 113 6
a 11 60 9
a 11 407 9
a 12 202 2
a 12 546 8
a 13 156 2
a 13 358 10
a 13 452 3
a 14 445 4
a 15 150 7
a 15 559 5
a 16 581 5
a 16 588 9
a 17 275 8
a 18 663 9
a 19 50 3
a 19 244 6
a 19 348 1
a 20 39 9
a 20 259 7
a 20 733 5
a 21 450 6
a 21 597 9
a 21 618 5
a 22 486 1
a 22 751 3
a 23 197 9
a 24 603 4
a 25 690 7
a 26 426 7
a 26 626 2
a 27 739 5
a 28 136 10
a 29 86 10
a 29 655 8
a 30 99 10
a 31 555 7
a 32 157 4
a 32 328 8
a 32 730 10
a 33 276 9
a 33 354 7
a 33 549 6
a 33 620 1
a 34 67 2
a 35 547 7
a 36 187 10
a 37 306 8
a 38 190 2
a 38 199 5
a 38 342 8
a 38 611 3
a 38 632 3
a 38 652 3
a 39 36 10
a 39 189 7
a 40 381 8
a 40 387 1
a 41 72 5
a 41 252 7
a 41 382 2
a 41 619 7
a 42 352 6
a 43 131 2
a 44 10 7
a 44 239 1
a 44 727 10
a 45 483 10
a 45 687 2
a 46 590 4
a 47 344 10
a 48 37 4
a 48 589 2
a 49 121 9
a 49 537 3
a 50 313 8
a 50 612 3
a 51 576 7
a 52 543 1
a 52 551 3
a 53 330 6
a 54 192 3
a 54 662 1
a 55 476 10
a 56 547 6
a 57 371 4
a 57 790 10
a 58 360 6
a 59 148 7
a 60 99 2
a 60 155 6
a 60 257 9
a 60 544 1
a 61 499 2
a 62 281 10
a 62 427 8
a 62 561 6
a 63 7 5
a 63 319 7
a 63 702 9
a 64 405 4
a 64 525 5
a 65 133 1
a 65 782 7
a 66 432 10
a 66 453 5
a 67 49 5
a 67 174 8
a 67 400 6
a 67 676 9
a 67 735 7
a 68 35 9
a 68 166 6
a 68 192 6
a 68 716 6
a 69 105 8
a 69 400 2
a 70 106 6
a 70 138 8
a 70 232 3
a 70 255 5
a 70 778 1
a 71 702 7
a 71 726 3
a 72 48 9
a 72 273 7
a 73 175 2
a 73 183 3
a 74 723 1
a 75 434 3
a 76 754 1
a 77 49 9
a 78 74 6
a 78 706 6
a 79 70 10
a 79 212 8
a 79 653 5
a 80 299 6
a 81 74 9
a 82 151 10
a 82 189 10
a 83 338 7
a 84 132 5
a 84 228 8
a 84 727 9
a 85 256 6
a 86 9 10
a 86 454 8
a 87 418 7
a 88 556 10
a 89 648 9
a 89 702 1
a 90 179 9
a 90 437 7
a 90 579 4
a 90 636 6
a 91 283 9
a 91 381 4
a 91 772 5
a 92 23 1
a 92 351 9
a 92 519 7
a 92 680 8
a 93 599 6
a 93 761 10
a 94 739 4
a 95 173 6
a 95 382 3
a 95 537 5
a 96 618 6
a 97 114 6
a 97 654 6
a 98 380 1
a 98 624 2
a 99 371 5
a 100 179 6
a 100 220 9
a 101 440 8
a 101 762 3
a 102 601 10
a 103 176 10
a 103 183 6
a 103 570 4
a 103 651 8
a 103 773 2
a 104 122 10
a 104 398 5
a 105 100 2
a 105 355 5
a 106 327 1
a 106 611 2
a 107 297 8
a 107 325 2
a 108 465 7
a 108 582 7
a 109 194 3
a 109 462 5
a 109 482 10
a 109 799 5
a 110 127 9
a 111 409 8
a 111 622 9
a 111 695 9
a 111 797 7
a 112 26 9
a 112 293 6
a 113 62 8
a 113 655 5
a 114 98 10
a 114 143 10
a 114 437 9
a 115 124 7
a 116 117 6
a 116 373 4
a 116 411 7
a 116 583 5
a 116 748 7
a 117 534 1
a 118 552 8
a 119 3 4
a 119 550 9
a 120 426 8
a 120 782 1
a 121 21 5
a 122 221 6
a 122 477 9
a 123 568 6
a 124 44 1
a 124 172 1
a 124 262 7
a 125 6 9
a 125 764 1
a 126 26 10
a 127 181 7
a 127 223 4
a 127 425 9
a 128 275 3
a 128 601 1
a 129 138 10
a 130 108 8
a 130 483 2
a 131 333 5
a 131 618 6
a 132 225 5
a 133 77 7
a 133 90 8
a 133 180 4
a 133 398 10
a 133 560 4
a 133 752 2
a 134 425 4
a 135 35 9
a 135 139 7
a 135 788 3
a 136 774 2
a 137 762 4
a 138 383 7
a 138 701 3
a 139 307 2
a 139 490 6
a 140 112 3
a 140 271 5
a 140 481 2
a 141 171 1
a 142 744 4
a 143 391 9
a 143 508 5
a 144 80 4
a 144 214 1
a 145 215 7
a 146 143 9
a 146 474 8
a 147 613 8
a 148 24 5
a 148 763 5
a 149 170 9
a 150 86 1
a 150 323 7
a 150 392 4
a 150 459 2
a 150 648 4
a 151 38 9
a 152 36 2
a 152 213 8
a 152 609 4
a 153 683 10
a 153 717 9
a 154 22 10
a 154 147 9
a 154 336 1
a 155 359 5
a 156 365 7
a 157 235 8
a 157 245 6
a 157 455 7
a 157 501 5
a 157 612 9
a 158 466 7
a 159 507 10
a 160 312 9
a 160 449 1
a 160 595 8
a 160 660 3
a 160 667 6
a 161 233 2
a 161 646 6
a 162 69 5
a 162 224 3
a 163 182 2
a 164 270 3
a 164 693 8
a 165 265 5
a 166 61 8
a 166 552 4
a 167 572 9
a 167 749 3
a 168 20 7
a 168 159 4
a 168 377 1
a 169 40 8
a 169 68 7
a 169 498 2
a 170 256 5
a 170 386 8
a 171 370 2
a 171 487 6
a 171 738 6
a 172 719 9
a 173 135 10
a 173 432 8
a 174 17 9
a 175 128 4
a 176 666 3
a 176 728 5
a 177 200 7
a 177 794 6
a 178 26 9
a 179 379 8
a 179 622 7
a 180 217 5
a 180 284 1
a 180 770 7
a 181 258 4
a 181 331 7
a 181 476 9
a 181 517 8
a 182 472 1
a 183 240 2
a 183 313 7
a 183 758 10
a 184 448 5
a 184 747 10
a 185 555 3
a 186 476 1
a 186 507 9
a 186 783 4
a 186 789 9
a 187 125 3
a 187 161 1
a 187 278 1
a 187 373 2
a 188 601 2
a 188 665 3
a 189 231 3
a 190 203 3
a 191 133 5
a 192 45 10
a 192 228 3
a 192 435 1
a 193 267 1
a 193 466 9
a 194 120 1
a 194 537 9
a 194 629 6
a 194 643 2
a 195 631 4
a 196 238 9
a 196 460 5
a 196 512 6
a 197 66 6
a 197 292 1
a 197 624 9
a 198 89 7
a 198 349 6
a 198 529 8
a 199 472 9
a 200 331 6
a 200 555 10
a 200 560 3
a 200 610 6
a 201 10 1
a 201 187 9
a 202 147 10
a 203 373 4
a 203 573 10
a 204 641 9
a 205 367 9
a 205 679 10
a 206 290 3
a 206 459 5
a 207 298 7
a 207 385 2
a 208 29 10
a 208 371 1
a 208 405 2
a 208 664 9
a 209 32 1
a 209 607 7
a 210 233 4
a 210 337 6
a 210 365 6
a 211 15 8
a 211 687 9
a 212 128 4
a 213 527 3
a 213 710 2
a 214 91 7
a 215 10 2
a 215 19 10
a 215 124 3
a 216 291 9
a 216 419 5
a 216 592 9
a 217 502 1
a 217 697 8
a 218 74 3
a 219 104 3
a 219 711 3
a 220 513 1
a 221 184 1
a 221 746 3
a 222 696 8
a 223 65 1
a 224 80 4
a 224 155 3
a 224 324 4
a 224 463 9
a 224 613 8
a 224 637 2
a 225 781 9
a 226 231 6
a 226 265 2
a 226 786 5
a 227 667 7
a 228 69 4
a 228 157 10
a 228 197 3
a 228 639 8
a 229 201 7
a 229 389 5
a 229 472 1
a 229 533 2
a 229 662 3
a 230 160 3
a 230 407 9
a 231 119 9
a 231 263 8
a 232 598 4
a 233 119 7
a 233 329 10
a 233 547 4
a 234 65 1
a 234 102 6
a 234 205 10
a 234 500 5
a 235 332 9
a 235 515 7
a 236 320 3
a 236 505 4
a 237 652 6
a 238 742 6
a 239 232 6
a 240 135 4
a 240 464 2
a 240 576 2
a 241 13 4
a 241 569 10
a 242 30 3
a 242 188 7
a 242 357 1
a 242 386 9
a 243 433 1
a 244 31 1
a 244 285 6
a 245 62 2
a 245 142 3
a 246 362 9
a 247 464 10
a 247 556 9
a 247 608 9
a 248 366 8
a 248 451 1
a 248 691 1
a 249 306 4
a 249 419 5
a 250 495 5
a 251 345 7
a 252 530 3
a 252 715 2
a 252 733 6
a 253 210 7
a 253 402 4
a 254 476 3
a 255 118 6
a 255 551 7
a 255 578 7
a 255 647 1
a 256 60 4
a 256 193 3
a 256 502 3
a 256 648 6
a 257 553 4
a 258 266 4
a 258 339 2
a 258 417 2
a 258 554 5
a 258 652 9
a 259 661 6
a 260 198 3
a 260 685 2
a 260 734 6
a 261 470 6
a 261 565 7
a 262 268 3
a 262 528 8
a 262 698 1
a 263 323 8
a 263 471 7
a 264 467 1
a 265 404 2
a 265 567 9
a 266 20 9
a 267 779 2
a 268 581 4
a 269 363 10
a 269 630 1
a 270 759 10
a 271 341 8
a 271 475 4
a 271 527 3
a 271 578 8
a 272 302 5
a 273 254 9
a 273 441 3
a 274 136 5
a 275 800 1
a 276 198 10
a 276 718 1
a 277 495 5
a 278 131 3
a 278 514 5
a 278 690 1
a 278 695 10
a 279 284 7
a 280 575 5
a 280 593 6
a 281 48 6
a 281 643 9
a 282 445 9
a 283 119 8
a 283 501 9
a 283 587 9
a 284 212 6
a 284 532 4
a 285 92 7
a 285 503 5
a 285 771 9
a 286 279 10
a 286 542 9
a 287 360 9
a 287 471 10
a 288 564 9
a 289 122 10
a 290 273 1
a 290 444 5
a 290 551 2
a 291 483 2
a 292 3 7
a 293 46 4
a 293 236 8
a 293 488 1
a 294 159 5
a 295 25 7
a 295 205 9
a 295 244 9
a 296 778 8
a 297 158 5
a 297 211 1
a 297 484 10
a 298 94 3
a 298 177 6
a 298 598 3
a 298 675 9
a 298 677 7
a 298 779 10
a 299 177 6
a 300 59 7
a 300 643 8
a 301 707 5
a 301 762 7
a 302 624 6
a 302 635 3
a 303 573 4
a 304 320 7
a 305 628 1
a 306 603 5
a 307 775 6
a 308 710 9
a 309 363 1
a 309 473 10
a 310 208 6
a 311 492 8
a 311 658 5
a 312 252 9
a 312 766 5
a 313 280 10
a 313 413 6
a 313 577 3
a 314 573 2
a 315 92 9
a 315 364 8
a 316 475 7
a 317 85 10
a 317 786 3
a 318 189 1
a 319 318 5
a 320 744 3
a 321 512 6
a 322 561 2
a 323 56 6
a 323 678 1
a 324 664 7
a 324 765 6
a 325 458 10
a 326 140 1
a 326 195 4
a 327 202 3
a 327 474 10
a 328 100 2
a 328 376 4
a 329 231 10
a 329 243 6
a 330 798 2
a 331 497 3
a 332 440 10
a 332 703 5
a 332 787 2
a 333 373 2
a 334 16 8
a 334 80 9
a 334 276 1
a 334 600 10
a 335 238 9
a 335 298 3
a 336 390 1
a 337 428 8
a 337 786 10
a 338 760 1
a 339 65 2
a 339 750 3
a 340 106 1
a 340 592 10
a 341 405 3
a 341 578 1
a 342 448 2
a 342 580 5
a 343 468 6
a 343 505 3
a 343 792 2
a 344 206 7
a 344 314 9
a 344 656 6
a 345 662 1
a 346 103 5
a 346 574 5
a 347 396 8
a 347 573 10
a 347 754 6
a 348 126 9
a 348 523 4
a 348 594 7
a 348 650 4
a 349 790 8
a 350 587 10
a 351 147 9
a 351 744 4
a 352 234 4
a 352 294 2
a 352 297 7
a 353 311 1
a 353 380 2
a 353 511 5
a 354 40 8
a 354 263 3
a 355 213 1
a 355 356 2
a 356 77 2
a 357 188 1
a 358 41 2
a 358 356 6
a 359 569 4
a 360 227 2
a 361 64 10
a 361 110 2
a 361 401 5
a 361 578 5
a 362 155 3
a 363 30 1
a 363 136 1
a 364 203 5
a 364 486 3
a 365 268 6
a 365 590 1
a 366 75 3
a 367 307 8
a 368 115 7
a 368 225 1
a 368 647 10
a 369 545 9
a 370 544 5
a 371 318 8
a 371 412 8
a 371 764 2
a 372 286 2
a 372 501 8
a 372 545 8
a 373 539 5
a 373 732 3
a 373 775 6
a 374 154 5
a 375 258 1
a 376 529 6
a 377 405 6
a 378 189 8
a 379 496 2
a 379 784 9
a 380 417 5
a 380 736 1
a 381 430 2
a 382 746 7
a 383 305 8
a 383 499 4
a 383 599 2
a 383 763 9
a 384 632 5
a 385 101 5
a 385 160 6
a 385 215 1
a 385 249 8
a 385 634 4
a 386 223 1
a 386 712 9
a 387 297 8
a 387 575 8
a 388 183 6
a 388 457 1
a 388 615 4
a 389 663 5
a 390 214 7
a 390 346 2
a 391 393 10
a 391 491 4
a 391 614 7
a 391 698 2
a 392 718 3
a 393 246 6
a 393 737 6
a 394 630 9
a 394 746 1
a 395 182 1
a 395 440 1
a 396 236 6
a 396 365 9
a 397 282 3
a 397 434 9
a 398 762 9
a 399 93 9
a 399 156 10
a 399 172 4
a 400 663 2
a 401 568 9
a 401 605 8
a 401 680 3
a 402 231 8
a 403 155 9
a 403 229 4
a 403 419 9
a 403 769 5
a 404 699 8
a 405 76 5
a 405 260 7
a 405 541 6
a 406 721 3
a 407 56 4
a 407 697 9
a 408 434 5
a 409 84 4
a 409 85 10
a 409 109 3
a 409 172 7
a 409 274 1
a 410 612 5
a 411 13 10
a 411 100 6
a 411 241 10
a 412 78 10
a 412 723 2
a 413 192 4
a 414 392 5
a 414 518 10
a 414 719 10
a 415 676 4
a 416 51 9
a 416 323 9
a 417 467 1
a 417 685 9
a 418 89 7
a 418 659 8
a 418 695 2
a 419 2 3
a 419 667 2
a 420 49 2
a 420 57 8
a 421 47 2
a 421 504 1
a 422 406 10
a 423 145 1
a 424 375 2
a 424 466 9
a 424 541 5
a 425 581 6
a 426 505 6
a 426 550 5
a 427 143 4
a 428 122 8
a 428 441 9
a 429 670 2
a 429 757 5
a 429 774 5
a 430 441 9
a 430 796 5
a 431 267 5
a 432 694 10
a 433 190 1
a 434 28 6
a 434 164 2
a 434 501 8
a 435 23 5
a 435 413 5
a 435 640 7
a 435 729 5
a 435 777 9
a 436 42 7
a 436 394 3
a 436 468 2
a 437 498 7
a 438 22 10
a 438 75 7
a 438 503 9
a 438 531 4
a 438 659 10
a 438 666 4
a 439 326 4
a 439 362 10
a 440 268 7
a 440 509 10
a 440 534 1
a 440 597 7
a 440 752 2
a 441 537 1
a 441 548 4
a 441 795 1
a 442 334 4
a 442 582 4
a 443 603 9
a 444 242 5
a 444 568 3
a 445 760 1
a 446 237 7
a 447 446 3
a 448 490 8
a 448 615 3
a 449 170 6
a 450 88 8
a 450 540 2
a 450 722 8
a 451 145 2
a 451 369 10
a 452 343 4
a 452 574 8
a 452 691 7
a 453 506 8
a 453 516 5
a 453 761 6
a 454 372 3
a 454 523 9
a 454 714 6
a 455 27 9
a 455 73 10
a 455 443 3
a 456 277 9
a 457 185 4
a 457 731 3
a 458 144 3
a 458 288 5
a 459 556 6
a 460 81 9
a 460 136 8
a 460 153 4
a 460 248 1
a 461 245 5
a 461 743 8
a 462 34 9
a 462 658 10
a 463 93 10
a 464 423 9
a 464 441 5
a 465 31 10
a 465 717 7
a 466 582 9
a 467 130 5
a 467 257 8
a 467 793 2
a 468 556 8
a 468 562 9
a 469 189 5
a 469 420 10
a 469 485 5
a 470 288 3
a 471 799 2
a 472 427 9
a 472 524 8
a 473 418 8
a 473 583 5
a 474 349 2
a 474 575 6
a 475 28 5
a 476 204 6
a 476 313 1
a 476 412 7
a 476 770 6
a 477 302 4
a 477 663 3
a 478 111 3
a 478 191 10
a 478 689 1
a 479 68 5
a 479 421 5
a 480 163 1
a 480 251 9
a 481 6 5
a 481 645 4
a 481 780 5
a 482 178 1
a 482 388 7
a 482 494 10
a 482 775 3
a 483 390 5
a 483 588 5
a 484 316 9
a 484 421 5
a 485 563 5
a 486 58 5
a 486 170 5
a 486 556 3
a 486 617 6
a 487 160 10
a 487 492 3
a 488 18 7
a 488 281 2
a 488 359 9
a 488 768 5
a 489 53 1
a 489 465 3
a 489 613 1
a 490 184 7
a 490 282 10
a 490 742 5
a 491 209 10
a 491 390 4
a 491 433 1
a 492 303 5
a 492 369 8
a 493 82 1
a 494 409 10
a 494 526 6
a 495 340 10
a 495 731 7
a 496 546 2
a 496 681 10
a 496 755 7
a 497 168 4
a 498 204 6
a 499 185 9
a 499 396 9
a 499 465 8
a 500 201 3
a 501 741 10
a 502 366 7
a 503 112 3
a 503 621 3
a 504 366 5
a 505 535 8
a 505 782 8
a 506 222 10
a 506 641 4
a 507 197 6
a 507 745 9
a 508 436 6
a 509 84 2
a 510 332 2
a 510 672 5
a 511 153 7
a 511 157 6
a 511 226 2
a 511 760 6
a 512 434 1
a 513 585 6
a 514 61 9
a 514 686 6
a 515 221 6
a 515 438 8
a 515 567 9
a 516 423 1
a 516 496 6
a 516 605 9
a 517 24 7
a 517 216 2
a 517 300 5
a 517 669 10
a 518 347 6
a 518 592 6
a 518 642 3
a 519 747 8
a 520 127 4
a 520 522 9
a 521 495 1
a 522 15 2
a 522 308 3
a 522 485 4
a 522 674 7
a 523 302 7
a 523 564 9
a 524 711 7
a 525 628 7
a 526 332 4
a 527 702 9
a 528 257 4
a 528 362 10
a 528 461 1
a 529 351 5
a 530 549 7
a 530 713 3
a 531 127 6
a 531 335 9
a 532 314 2
a 532 567 2
a 533 79 1
a 533 87 7
a 533 182 3
a 533 494 10
a 534 131 3
a 535 174 7
a 535 640 1
a 536 522 4
a 536 661 8
a 537 432 10
a 537 495 2
a 538 11 6
a 538 431 2
a 538 520 1
a 538 638 9
a 539 413 4
a 540 39 7
a 540 536 10
a 540 697 6
a 540 799 8
a 541 324 1
a 542 33 5
a 542 321 9
a 543 111 2
a 544 116 5
a 544 571 7
a 544 800 7
a 545 278 1
a 545 759 1
a 546 423 9
a 547 148 9
a 547 350 8
a 547 416 10
a 548 26 4
a 549 608 2
a 549 699 10
a 550 122 6
a 551 146 4
a 551 163 3
a 551 483 9
a 551 513 3
a 552 95 3
a 552 309 6
a 552 598 1
a 553 55 9
a 553 521 1
a 554 352 3
a 554 726 1
a 555 372 9
a 556 46 8
a 556 279 5
a 556 673 6
a 557 45 1
a 557 508 8
a 557 675 6
a 558 596 10
a 558 603 6
a 559 535 8
a 560 72 1
a 561 132 7
a 562 253 10
a 562 363 10
a 562 679 8
a 562 741 7
a 563 100 5
a 563 149 7
a 563 186 5
a 563 800 7
a 564 83 3
a 564 196 10
a 565 613 5
a 565 739 3
a 566 514 5
a 567 270 5
a 567 420 6
a 567 644 8
a 568 58 6
a 568 344 7
a 569 272 1
a 569 322 1
a 570 158 6
a 570 282 3
a 570 390 1
a 570 688 1
a 570 708 10
a 571 210 9
a 571 215 10
a 572 142 5
a 573 11 8
a 574 21 9
a 575 768 6
a 576 575 2
a 577 678 1
a 577 760 6
a 578 61 6
a 578 288 10
a 579 337 8
a 579 623 7
a 580 141 9
a 580 715 6
a 581 600 7
a 582 221 10
a 582 302 6
a 582 445 9
a 583 190 7
a 583 489 2
a 583 701 6
a 584 167 4
a 585 378 3
a 586 132 7
a 586 341 4
a 587 301 9
a 587 446 9
a 588 629 3
a 589 165 3
a 589 345 7
a 589 377 10
a 589 772 1
a 590 586 1
a 590 767 4
a 591 366 3
a 592 239 3
a 592 408 3
a 593 289 4
a 593 601 5
a 594 481 5
a 595 43 6
a 595 135 2
a 595 553 7
a 596 91 6
a 596 410 3
a 597 105 8
a 597 591 9
a 598 14 10
a 598 317 8
a 598 430 7
a 598 524 9
a 599 546 4
a 599 548 2
a 600 186 5
a 600 621 10
a 601 227 4
a 601 472 8
a 602 341 8
a 603 295 1
a 604 619 1
a 604 756 3
a 605 252 2
a 606 361 9
a 606 391 5
a 606 723 4
a 607 104 6
a 607 566 9
a 607 655 6
a 608 106 6
a 608 303 9
a 608 572 6
a 609 283 1
a 609 720 8
a 610 197 8
a 611 9 8
a 612 121 4
a 613 90 7
a 613 310 6
a 614 414 7
a 615 214 2
a 616 144 8
a 616 416 3
a 616 652 8
a 617 54 2
a 617 604 6
a 617 631 2
a 617 704 3
a 618 591 8
a 619 603 3
a 619 627 6
a 620 74 9
a 620 208 3
a 620 695 7
a 621 577 6
a 622 91 1
a 623 502 7
a 623 589 1
a 624 597 6
a 625 508 10
a 625 724 3
a 626 213 7
a 627 748 5
a 628 8 4
a 628 316 9
a 628 343 4
a 629 207 1
a 629 447 1
a 629 558 1
a 630 502 8
a 631 446 2
a 631 715 7
a 632 237 9
a 632 436 4
a 632 623 2
a 633 63 8
a 633 509 2
a 633 785 8
a 634 545 3
a 634 684 2
a 635 663 4
a 636 608 8
a 637 139 6
a 637 162 2
a 637 467 6
a 638 19 5
a 638 250 2
a 638 426 3
a 638 557 5
a 639 536 2
a 640 301 5
a 640 585 5
a 641 21 4
a 641 422 7
a 641 682 5
a 641 685 10
a 642 781 3
a 643 403 6
a 643 723 9
a 644 272 8
a 644 286 3
a 644 602 7
a 645 132 10
a 646 154 8
a 647 748 2
a 648 5 4
a 648 99 6
a 649 624 10
a 650 35 2
a 650 303 5
a 650 504 7
a 651 71 10
a 651 368 9
a 651 798 5
a 651 800 8
a 652 590 3
a 652 638 2
a 653 189 5
a 653 370 3
a 654 379 4
a 654 679 8
a 655 374 10
a 655 430 4
a 656 112 5
a 656 295 5
a 657 169 5
a 657 271 2
a 658 730 7
a 658 767 8
a 659 151 6
a 660 52 3
a 660 195 8
a 661 129 1
a 661 674 5
a 662 80 9
a 662 604 6
a 663 13 1
a 663 154 1
a 664 687 1
a 665 260 8
a 665 357 5
a 666 539 8
a 667 4 6
a 667 607 4
a 668 351 4
a 669 175 8
a 670 32 5
a 670 264 5
a 671 123 10
a 671 304 6
a 671 323 10
a 672 452 2
a 672 639 3
a 673 218 10
a 673 634 8
a 673 672 9
a 674 304 8
a 674 507 2
a 675 152 6
a 675 486 4
a 676 17 3
a 676 297 3
a 677 581 7
a 678 150 9
a 678 472 6
a 679 310 9
a 680 51 2
a 680 488 1
a 681 167 6
a 681 493 5
a 682 739 1
a 683 216 5
a 684 374 6
a 684 532 1
a 684 649 8
a 684 670 10
a 685 458 9
a 685 605 6
a 686 310 5
a 687 375 9
a 687 753 1
a 688 287 9
a 689 299 9
a 689 439 9
a 689 494 9
a 689 607 5
a 689 737 6
a 690 67 3
a 690 86 5
a 690 134 4
a 690 480 2
a 691 533 2
a 691 725 4
a 692 706 10
a 692 791 7
a 693 78 4
a 693 668 6
a 694 696 2
a 694 781 2
a 695 443 5
a 695 570 9
a 696 12 6
a 696 788 4
a 697 530 9
a 698 654 1
a 699 54 8
a 699 154 3
a 699 500 8
a 700 380 10
a 700 473 6
a 700 763 4
a 701 85 4
a 701 424 1
a 701 479 5
a 702 789 7
a 703 108 10
a 703 654 8
a 704 646 10
a 704 669 2
a 705 209 8
a 705 747 9
a 706 269 9
a 706 683 3
a 706 772 6
a 707 587 7
a 708 247 4
a 708 421 5
a 709 38 4
a 709 417 10
a 710 219 9
a 710 726 9
a 710 762 2
a 711 370 6
a 711 460 2
a 711 633 4
a 711 675 1
a 712 261 9
a 712 350 8
a 712 384 5
a 713 277 1
a 713 447 1
a 714 108 10
a 714 567 6
a 714 642 7
a 715 82 10
a 715 796 4
a 716 631 9
a 716 781 5
a 717 478 3
a 717 739 8
a 718 254 4
a 718 794 10
a 719 106 3
a 720 634 2
a 721 474 1
a 722 705 10
a 723 628 8
a 723 714 5
a 724 518 1
a 725 258 4
a 726 386 1
a 726 740 7
a 727 713 1
a 728 397 9
a 728 627 9
a 728 660 1
a 728 715 6
a 729 16 1
a 730 73 2
a 730 414 2
a 730 689 2
a 731 84 2
a 731 159 9
a 731 415 7
a 732 737 10
a 733 759 2
a 734 97 2
a 734 315 4
a 734 471 10
a 734 714 5
a 735 260 3
a 735 338 6
a 735 699 4
a 736 296 3
a 737 165 8
a 738 224 4
a 739 515 4
a 740 8 1
a 740 107 7
a 741 176 9
a 741 290 8
a 741 456 2
a 742 241 7
a 742 584 3
a 743 168 9
a 743 694 6
a 743 701 8
a 744 745 9
a 745 687 8
a 746 245 1
a 747 117 7
a 748 70 5
a 749 114 10
a 750 24 8
a 751 395 6
a 751 709 7
a 752 261 6
a 752 559 2
a 753 760 2
a 754 692 2
a 755 644 5
a 756 751 7
a 757 64 1
a 758 612 4
a 759 711 3
a 759 721 7
a 760 23 3
a 761 171 6
a 761 172 8
a 761 540 9
a 761 563 4
a 761 692 2
a 762 99 6
a 763 55 3
a 763 353 6
a 763 522 9
a 763 719 4
a 763 798 8
a 764 114 6
a 765 9 3
a 765 506 9
a 766 209 7
a 766 671 8
a 767 257 3
a 767 709 7
a 768 159 7
a 768 378 3
a 768 470 4
a 769 33 9
a 769 69 2
a 769 705 4
a 770 582 7
a 771 684 8
a 772 29 4
a 772 222 1
a 772 538 5
a 773 287 4
a 773 296 5
a 773 638 7
a 774 83 10
a 774 112 10
a 775 195 10
a 775 611 6
a 776 717 10
a 777 91 7
a 777 639 6
a 778 96 2
a 778 111 6
a 779 88 3
a 779 406 9
a 779 776 2
a 780 502 1
a 781 261 6
a 781 510 7
a 782 399 4
a 782 745 3
a 783 137 5
a 783 219 4
a 784 655 9
a 785 56 3
a 786 566 6
a 787 280 4
a 787 616 7
a 788 366 8
a 788 712 7
a 789 607 8
a 790 212 4
a 790 497 8
a 791 3 7
a 792 429 7
a 792 695 4
a 792 713 5
a 793 70 8
a 793 292 8
a 793 585 10
a 793 657 7
a 794 418 8
a 794 442 1
a 795 50 2
a 795 469 9
a 795 493 6
a 796 113 10
a 796 505 9
a 796 781 10
a 797 82 7
a 797 700 5
a 798 425 3
a 799 85 2
a 799 152 9
a 799 601 4
a 799 606 1
a 799 622 4
