p max 800 1600
n 1 s
n 800 t
a 1 232 10
a 2 333 4
a 3 114 5
a 3 121 6
a 3 673 9
a 4 28 7
a 4 495 7
a 5 533 5
a 6 175 5
a 6 649 7
a 7 656 8
a 7 800 2
a 8 291 1
a 8 514 5
a 9 291 2
a 9 350 4
a 9 598 10
a 10 209 8
a 10 344 3
a 11 180 4
a 11 566 7
a 11 660 5
a 12 105 4
a 12 179 2
a 13 372 4
a 13 399 5
a 14 221 2
a 15 258 2
a 15 488 9
a 16 621 1
a 17 659 4
a 18 542 6
a 18 667 8
a 18 778 2
a 19 626 4
a 19 792 4
a 20 501 4
a 20 645 1
a 20 689 4
a 21 6 8
a 22 126 9
a 22 185 4
a 22 553 4
a 23 57 3
a 23 486 7
a 23 608 10
a 23 761 6
a 24 581 10
a 24 659 9
a 24 674 3
a 25 416 3
a 25 680 9
a 26 449 1
a 26 683 1
a 26 697 1
a 26 773 8
a 27 65 5
a 28 128 7
a 28 351 6
a 28 588 6
a 29 604 4
a 30 711 9
a 31 219 10
a 31 449 2
a 32 11 4
a 32 63 9
a 33 6 6
a 33 329 5
a 33 507 2
a 34 487 7
a 35 18 10
a 35 249 2
a 35 399 8
a 36 65 2
a 37 410 1
a 37 729 2
a 38 181 10
a 38 321 1
a 39 363 9
a 39 513 10
a 40 35 3
a 40 341 9
a 40 439 3
a 40 749 1
a 41 497 3
a 42 213 8
a 43 213 8
a 44 780 5
a 45 189 1
a 45 701 7
a 46 354 8
a 46 675 7
a 47 342 1
a 48 50 1
a 49 303 1
a 49 539 4
a 50 579 10
a 50 675 1
a 51 495 2
a 51 578 5
a 52 392 1
a 53 88 10
a 53 591 5
a 53 698 2
a 54 414 10
a 55 147 3
a 56 123 9
a 57 211 7
a 57 384 5
a 58 150 10
a 58 600 4
a 59 63 5
a 59 524 3
a 59 581 5
a 60 158 4
a 60 168 10
a 60 462 9
a 61 152 2
a 62 247 3
a 62 300 5
a 62 312 5
a 63 432 8
a 63 730 10
a 63 738 4
a 64 559 5
a 65 31 2
a 66 155 10
a 66 228 1
a 67 116 2
a 68 171 4
a 68 250 8
a 68 497 6
a 69 640 2
a 70 45 9
a 70 91 4
a 70 725 2
a 71 186 10
a 71 189 3
a 72 189 1
a 72 565 9
a 72 795 6
a 73 736 10
a 74 113 8
a 74 224 10
a 74 339 8
a 74 475 6
a 74 682 2
a 75 696 1
a 76 346 4
a 76 382 9
a 76 780 10
a 77 104 4
a 77 154 4
a 77 248 5
a 77 651 9
a 77 787 7
a 78 164 10
a 78 332 6
a 78 457 2
a 78 575 5
a 78 628 7
a 78 644 1
a 79 345 6
a 79 596 1
a 80 131 4
a 80 601 1
a 81 593 1
a 81 643 4
a 82 108 1
a 82 756 1
a 83 734 1
a 84 192 10
a 84 597 2
a 85 26 7
a 85 54 6
a 85 657 5
a 86 148 5
a 86 186 5
a 86 612 6
a 86 721 4
a 87 185 8
a 88 61 1
a 88 427 5
a 88 524 2
a 89 766 4
a 90 222 3
a 90 407 10
a 91 444 4
a 91 778 10
a 92 470 10
a 93 68 5
a 93 488 3
a 93 566 9
a 93 587 9
a 94 202 4
a 95 85 4
a 95 270 3
a 95 336 2
a 96 607 8
a 97 17 8
a 97 363 6
a 98 4 4
a 98 71 2
a 99 40 2
a 99 390 10
a 100 94 9
a 101 169 3
a 101 401 10
a 102 166 5
a 102 596 2
a 103 492 10
a 103 636 3
a 103 715 10
a 104 120 9
a 104 128 1
a 105 115 3
a 105 149 6
a 105 420 4
a 105 552 3
a 106 378 5
a 106 555 1
a 107 233 10
a 107 444 2
a 107 461 9
a 108 51 5
a 108 299 9
a 109 380 10
a 110 272 1
a 110 391 8
a 110 415 5
a 111 450 7
a 111 670 5
a 112 567 9
a 113 49 6
a 113 741 5
a 114 364 6
a 114 796 2
a 115 456 1
a 115 467 6
a 115 531 5
a 116 79 5
a 116 120 8
a 116 337 7
a 116 403 2
a 117 180 7
a 118 607 7
a 119 144 4
a 120 55 8
a 121 90 9
a 121 225 6
a 121 398 4
a 121 477 7
a 121 590 2
a 122 97 9
a 122 244 9
a 123 70 6
a 123 149 9
a 123 579 4
a 124 148 9
a 124 268 5
a 125 271 3
a 125 361 10
a 126 558 1
a 127 201 2
a 127 447 5
a 127 682 1
a 128 795 8
a 129 471 10
a 129 509 8
a 129 750 1
a 129 784 9
a 130 210 5
a 130 740 5
a 131 404 7
a 132 322 8
a 132 650 9
a 133 300 8
a 133 641 9
a 134 146 9
a 135 219 4
a 135 350 7
a 135 452 2
a 135 776 3
a 136 512 1
a 137 735 6
a 138 230 7
a 139 259 9
a 140 94 6
a 140 331 3
a 141 98 9
a 141 212 7
a 142 147 4
a 143 630 1
a 144 570 1
a 144 732 2
a 145 548 10
a 145 692 4
a 146 38 6
a 146 72 3
a 146 621 7
a 147 113 7
a 148 197 1
a 148 594 1
a 149 231 10
a 149 440 7
a 149 630 5
a 150 420 1
a 151 139 4
a 152 312 7
a 153 505 7
a 153 686 8
a 154 118 3
a 154 566 6
a 155 179 5
a 155 414 1
a 155 647 4
a 156 358 8
a 157 424 2
a 157 533 9
a 157 633 7
a 158 147 9
a 159 366 1
a 160 241 10
a 160 733 3
a 160 755 10
a 161 326 4
a 161 632 1
a 161 764 9
a 162 156 5
a 163 489 4
a 164 253 4
a 164 275 9
a 164 748 3
a 165 277 2
a 166 611 5
a 166 690 10
a 167 231 1
a 168 132 9
a 168 322 10
a 169 194 6
a 170 611 2
a 171 751 7
a 172 259 4
a 172 680 10
a 172 739 6
a 173 435 4
a 174 48 2
a 174 387 5
a 175 316 4
a 175 352 4
a 176 353 6
a 176 513 8
a 177 386 2
a 177 402 3
a 178 184 2
a 179 92 10
a 180 25 2
a 180 26 3
a 181 551 9
a 182 421 2
a 182 597 5
a 182 734 7
a 183 153 6
a 183 388 6
a 184 23 1
a 184 393 7
a 185 169 6
a 185 230 3
a 185 293 10
a 185 496 1
a 186 306 8
a 186 508 10
a 186 602 10
a 187 197 8
a 187 367 1
a 187 531 8
a 188 281 2
a 188 745 4
a 189 283 5
a 189 583 9
a 190 725 3
a 191 118 5
a 191 709 5
a 192 605 5
a 192 687 10
a 193 440 1
a 194 160 7
a 194 324 1
a 194 434 1
a 194 523 2
a 195 161 7
a 195 696 3
a 196 21 5
a 196 499 8
a 196 677 3
a 196 681 5
a 197 72 3
a 197 411 6
a 197 797 8
a 198 110 1
a 198 381 1
a 198 508 8
a 198 799 3
a 199 107 9
a 199 589 8
a 200 387 3
a 200 642 9
a 200 685 1
a 201 658 8
a 202 134 3
a 202 362 8
a 202 405 4
a 203 590 8
a 204 428 8
a 205 96 2
a 205 704 10
a 205 709 1
a 206 255 6
a 206 316 3
a 207 30 8
a 207 564 1
a 208 303 3
a 208 308 7
a 209 793 10
a 210 58 5
a 210 134 3
a 210 396 8
a 211 112 5
a 211 746 5
a 212 376 8
a 212 534 5
a 212 659 1
a 213 2 8
a 213 13 3
a 213 305 4
a 214 322 8
a 214 379 7
a 215 223 3
a 215 319 3
a 216 14 10
a 216 322 1
a 216 728 6
a 217 216 8
a 217 470 10
a 217 800 10
a 218 383 1
a 219 255 7
a 219 372 1
a 219 433 3
a 220 192 9
a 220 218 4
a 221 157 4
a 221 440 7
a 222 134 8
a 223 709 6
a 224 212 8
a 225 100 3
a 225 138 3
a 225 429 3
a 226 80 8
a 227 508 5
a 228 561 6
a 228 690 4
a 229 441 1
a 229 774 2
a 230 667 5
a 231 261 8
a 231 766 2
a 232 379 7
a 233 553 4
a 234 208 2
a 235 178 8
a 235 205 3
a 236 711 4
a 237 563 3
a 238 489 9
a 238 682 5
a 239 219 1
a 239 567 5
a 239 722 1
a 240 99 8
a 241 58 7
a 242 481 3
a 242 498 1
a 243 93 9
a 243 131 7
a 243 230 3
a 243 791 4
a 244 235 6
a 244 236 7
a 244 313 6
a 245 35 1
a 246 104 2
a 246 765 9
a 247 650 9
a 248 335 7
a 248 398 8
a 249 147 6
a 250 72 6
a 250 410 10
a 251 263 2
a 251 672 5
a 252 16 3
a 252 422 9
a 252 519 5
a 252 709 8
a 253 306 8
a 254 74 4
a 255 234 4
a 255 483 4
a 255 732 3
a 256 90 10
a 257 30 1
a 257 537 6
a 257 669 3
a 258 266 8
a 258 462 4
a 258 694 3
a 259 135 5
a 259 658 6
a 260 74 2
a 260 185 2
a 260 371 1
a 260 471 10
a 261 7 9
a 261 100 2
a 261 546 6
a 261 785 8
a 262 72 2
a 262 586 2
a 262 741 10
a 262 756 6
a 263 111 1
a 263 125 8
a 264 266 5
a 264 428 9
a 264 736 8
a 265 78 2
a 265 394 2
a 265 603 1
a 266 242 8
a 266 593 2
a 266 788 9
a 267 766 7
a 268 47 2
a 268 373 10
a 268 563 3
a 269 77 8
a 269 97 10
a 269 744 8
a 270 501 5
a 271 415 1
a 272 755 7
a 273 710 7
a 273 787 3
a 274 100 8
a 274 731 4
a 275 62 1
a 275 106 1
a 275 405 8
a 275 559 3
a 276 475 8
a 277 65 1
a 277 737 7
a 277 748 8
a 278 429 7
a 279 5 8
a 279 36 4
a 279 419 10
a 280 240 7
a 280 378 2
a 280 550 7
a 280 734 2
a 281 176 3
a 281 184 4
a 281 237 6
a 282 507 6
a 283 32 3
a 283 63 4
a 284 571 7
a 284 772 5
a 285 59 6
a 285 461 4
a 286 489 4
a 286 735 7
a 287 549 4
a 287 672 1
a 288 452 10
a 289 616 5
a 290 144 10
a 290 322 6
a 290 767 2
a 291 269 9
a 291 486 8
a 292 290 10
a 292 515 1
a 292 763 9
a 293 400 6
a 294 229 8
a 294 336 4
a 294 521 10
a 295 59 9
a 296 716 8
a 297 77 10
a 298 155 3
a 298 260 7
a 299 347 6
a 299 402 8
a 300 482 3
a 301 458 10
a 301 556 2
a 301 577 3
a 302 91 2
a 302 665 7
a 303 167 9
a 304 24 5
a 304 211 7
a 304 374 9
a 304 689 10
a 305 193 10
a 305 448 9
a 306 81 8
a 306 496 2
a 307 592 1
a 308 365 9
a 309 538 1
a 310 395 8
a 310 569 2
a 311 13 4
a 311 75 8
a 311 119 10
a 312 151 10
a 312 170 5
a 312 580 5
a 313 706 3
a 314 24 3
a 314 693 9
a 315 217 7
a 315 595 5
a 316 271 9
a 317 462 8
a 317 511 5
a 318 46 2
a 318 731 6
a 319 200 8
a 320 234 8
a 321 242 4
a 321 400 6
a 321 499 6
a 321 631 3
a 322 94 6
a 322 411 1
a 323 221 6
a 323 760 10
a 324 285 10
a 325 66 1
a 325 369 7
a 325 590 5
a 326 561 5
a 326 754 2
a 327 77 9
a 328 184 4
a 329 379 7
a 330 43 8
a 330 242 10
a 331 11 2
a 332 139 10
a 332 284 9
a 332 723 1
a 333 407 8
a 333 543 9
a 333 752 5
a 334 491 1
a 335 107 9
a 335 131 7
a 335 625 1
a 336 221 1
a 336 317 2
a 336 492 9
a 337 213 3
a 337 360 7
a 337 578 8
a 338 87 6
a 338 265 1
a 338 309 2
a 338 366 9
a 338 617 2
a 339 590 8
a 339 677 8
a 340 181 4
a 340 627 4
a 341 749 10
a 342 100 9
a 342 448 9
a 343 723 10
a 344 191 10
a 344 595 8
a 345 383 6
a 346 510 5
a 346 562 2
a 346 700 10
a 347 245 8
a 347 267 7
a 347 302 7
a 348 365 4
a 348 542 3
a 348 720 7
a 349 352 9
a 349 446 5
a 350 33 8
a 350 395 10
a 351 258 8
a 352 220 3
a 352 679 9
a 353 646 7
a 354 248 8
a 354 342 1
a 354 603 4
a 354 662 5
a 355 181 2
a 355 578 5
a 356 31 2
a 356 87 4
a 356 604 4
a 357 541 6
a 357 768 10
a 358 62 1
a 358 127 3
a 358 257 7
a 359 267 1
a 360 473 1
a 361 575 8
a 361 726 6
a 362 445 8
a 362 554 10
a 363 485 3
a 363 783 5
a 364 278 1
a 364 327 4
a 365 523 2
a 366 232 3
a 367 586 5
a 368 493 2
a 369 222 1
a 370 79 3
a 371 140 9
a 371 174 2
a 371 348 10
a 371 584 6
a 372 320 2
a 372 385 2
a 372 473 9
a 372 605 1
a 373 273 3
a 374 416 4
a 375 37 1
a 375 496 5
a 376 4 6
a 376 8 3
a 376 99 7
a 376 406 1
a 377 64 4
a 377 357 10
a 377 726 5
a 378 18 8
a 378 404 3
a 379 52 8
a 379 195 1
a 379 299 5
a 380 251 8
a 380 254 1
a 380 671 4
a 381 283 3
a 382 90 6
a 383 163 6
a 383 238 4
a 384 116 1
a 384 526 6
a 384 690 10
a 385 293 10
a 385 518 1
a 386 616 4
a 387 30 7
a 387 765 4
a 388 442 3
a 388 485 10
a 389 548 9
a 389 642 5
a 390 366 8
a 390 527 9
a 391 368 6
a 391 503 4
a 391 718 10
a 392 380 3
a 393 137 8
a 393 139 5
a 394 253 3
a 395 315 9
a 395 635 5
a 396 719 3
a 397 151 8
a 398 695 3
a 399 346 9
a 399 465 9
a 399 665 3
a 400 307 5
a 400 708 9
a 401 145 1
a 401 173 6
a 401 377 1
a 401 474 10
a 402 26 7
a 402 532 4
a 403 515 7
a 404 439 6
a 405 679 1
a 405 713 10
a 406 197 1
a 406 770 8
a 407 203 1
a 407 454 2
a 407 479 2
a 408 395 5
a 409 594 9
a 410 305 5
a 411 176 4
a 412 124 6
a 412 298 7
a 413 31 6
a 414 98 3
a 414 747 6
a 415 137 4
a 415 404 4
a 415 463 9
a 416 109 6
a 416 285 6
a 417 176 2
a 417 469 7
a 418 112 10
a 418 287 1
a 419 736 8
a 420 478 1
a 420 479 5
a 421 147 10
a 421 191 8
a 422 345 4
a 423 666 10
a 423 712 2
a 424 501 1
a 425 122 5
a 425 172 5
a 426 383 10
a 426 576 1
a 426 606 3
a 427 661 5
a 428 471 3
a 428 699 2
a 428 774 9
a 429 656 6
a 430 517 1
a 431 393 7
a 431 460 3
a 432 27 5
a 433 188 9
a 433 738 4
a 434 151 10
a 434 502 9
a 434 526 8
a 434 530 4
a 435 407 8
a 435 776 6
a 436 69 1
a 436 387 10
a 436 685 5
a 437 220 10
a 437 664 3
a 437 717 6
a 438 145 5
a 438 172 6
a 439 760 9
a 440 204 8
a 440 500 10
a 441 737 1
a 442 30 1
a 442 706 9
a 443 728 2
a 444 264 2
a 444 617 2
a 445 51 10
a 446 86 5
a 446 205 5
a 446 592 4
a 446 638 6
a 447 45 8
a 447 118 6
a 447 487 1
a 448 364 6
a 448 721 10
a 448 769 4
a 449 39 5
a 449 599 10
a 450 332 6
a 450 738 4
a 451 524 9
a 451 751 7
a 452 89 7
a 452 165 10
a 452 408 3
a 452 512 9
a 453 787 6
a 454 227 8
a 454 550 10
a 455 84 8
a 455 231 2
a 455 239 6
a 455 652 1
a 456 27 8
a 456 211 1
a 456 340 6
a 456 759 9
a 457 135 7
a 457 315 1
a 457 715 8
a 458 142 6
a 459 211 10
a 460 442 8
a 461 466 10
a 461 478 1
a 462 648 10
a 462 710 1
a 463 372 1
a 464 643 8
a 464 800 7
a 465 6 3
a 466 505 4
a 466 554 10
a 467 325 2
a 467 772 4
a 468 780 3
a 469 746 4
a 470 46 4
a 470 325 9
a 470 464 3
a 471 40 3
a 471 391 9
a 471 607 2
a 471 794 2
a 472 665 10
a 473 532 2
a 474 408 5
a 474 574 2
a 474 758 4
a 474 771 2
a 475 36 9
a 475 261 4
a 476 542 8
a 477 156 2
a 477 259 7
a 477 335 7
a 477 472 5
a 478 742 9
a 479 634 1
a 480 53 9
a 480 147 10
a 480 425 9
a 481 580 10
a 482 29 5
a 482 732 1
a 483 367 3
a 484 479 8
a 485 187 9
a 485 608 10
a 485 707 3
a 486 152 10
a 486 483 9
a 486 497 2
a 486 544 8
a 487 712 6
a 487 719 6
a 487 751 2
a 488 210 8
a 489 177 1
a 489 192 10
a 489 528 9
a 489 671 7
a 489 777 3
a 490 305 4
a 491 243 5
a 491 459 4
a 491 596 4
a 492 359 7
a 492 640 6
a 493 55 4
a 493 199 4
a 493 290 6
a 493 452 10
a 494 451 8
a 495 142 2
a 496 217 4
a 496 363 9
a 496 520 8
a 497 169 2
a 497 263 10
a 498 136 10
a 498 252 6
a 498 527 6
a 499 9 3
a 499 12 9
a 499 195 4
a 499 748 8
a 500 365 4
a 500 651 4
a 501 272 9
a 501 406 8
a 501 572 10
a 502 67 2
a 502 146 8
a 502 282 3
a 502 524 4
a 503 19 9
a 503 612 9
a 503 637 10
a 503 646 2
a 503 724 8
a 504 655 3
a 505 300 5
a 505 325 2
a 506 71 2
a 506 101 7
a 506 504 9
a 506 517 7
a 507 550 9
a 508 200 4
a 508 264 4
a 508 426 2
a 509 374 3
a 509 715 7
a 510 383 1
a 510 387 6
a 511 296 3
a 511 577 9
a 512 494 7
a 513 365 9
a 513 386 8
a 513 498 1
a 514 531 8
a 515 410 7
a 515 783 2
a 516 389 3
a 516 650 5
a 517 77 1
a 517 373 2
a 517 416 10
a 518 683 9
a 519 504 2
a 519 590 1
a 520 328 4
a 520 700 8
a 521 97 4
a 522 269 10
a 522 639 2
a 523 223 8
a 523 382 7
a 524 123 3
a 524 143 4
a 524 355 1
a 524 521 9
a 525 661 4
a 526 86 7
a 526 144 7
a 526 677 8
a 526 793 1
a 526 800 10
a 527 26 6
a 527 243 10
a 527 779 5
a 528 529 7
a 529 17 5
a 529 82 1
a 529 550 4
a 530 483 2
a 530 729 1
a 531 116 1
a 531 632 2
a 532 591 8
a 533 206 10
a 533 295 2
a 534 241 7
a 535 776 5
a 536 478 5
a 537 322 8
a 537 618 7
a 538 323 5
a 539 420 7
a 540 142 9
a 541 305 3
a 541 343 9
a 541 449 3
a 542 358 7
a 542 767 2
a 543 466 2
a 543 480 2
a 544 44 9
a 544 124 6
a 545 80 2
a 545 271 3
a 546 522 9
a 546 605 8
a 547 117 9
a 547 445 7
a 548 482 9
a 548 494 1
a 548 647 4
a 549 461 7
a 550 437 10
a 550 504 4
a 551 82 6
a 551 269 5
a 551 294 1
a 552 335 4
a 553 190 5
a 553 412 1
a 553 583 7
a 554 208 6
a 555 301 2
a 555 427 3
a 556 101 5
a 556 573 6
a 557 660 1
a 557 702 6
a 558 375 9
a 559 62 6
a 559 579 1
a 560 109 3
a 561 19 8
a 561 380 8
a 562 282 8
a 562 591 1
a 563 574 9
a 564 214 6
a 564 711 6
a 565 86 4
a 566 666 10
a 566 768 9
a 567 468 1
a 567 793 9
a 568 411 1
a 569 10 5
a 569 438 7
a 569 687 7
a 570 369 9
a 570 770 8
a 571 717 6
a 572 43 1
a 572 395 4
a 573 64 3
a 574 616 6
a 574 730 1
a 575 288 7
a 575 305 8
a 576 9 1
a 577 387 5
a 577 392 3
a 578 225 7
a 579 112 7
a 579 150 6
a 579 207 6
a 579 529 8
a 579 751 6
a 580 510 9
a 581 345 8
a 582 295 2
a 582 330 5
a 582 380 3
a 583 129 9
a 583 339 3
a 584 196 9
a 584 393 10
a 585 359 2
a 585 411 10
a 585 443 4
a 586 10 5
a 587 75 3
a 588 256 5
a 589 212 1
a 589 532 3
a 590 551 5
a 591 182 2
a 591 654 5
a 591 760 2
a 592 140 4
a 593 247 9
a 593 409 9
a 593 538 6
a 594 340 6
a 595 476 9
a 596 746 3
a 597 324 5
a 597 775 6
a 598 58 5
a 598 366 2
a 599 81 9
a 600 530 9
a 600 714 9
a 601 628 10
a 602 423 10
a 602 455 3
a 603 277 4
a 603 592 6
a 603 716 2
a 604 339 1
a 604 633 1
a 604 746 3
a 605 79 9
a 606 764 9
a 607 772 2
a 608 162 2
a 608 734 3
a 609 76 6
a 609 425 2
a 610 727 7
a 611 638 10
a 612 286 7
a 612 535 7
a 612 695 10
a 613 372 9
a 614 167 10
a 614 403 5
a 615 121 1
a 615 635 2
a 616 42 8
a 616 280 9
a 617 281 4
a 617 485 9
a 618 89 2
a 618 527 10
a 619 527 2
a 620 20 7
a 620 495 8
a 620 655 6
a 620 684 4
a 621 35 5
a 621 311 4
a 621 506 10
a 621 701 2
a 622 384 8
a 623 117 10
a 623 752 1
a 624 50 5
a 624 56 2
a 624 195 8
a 624 693 4
a 625 350 6
a 625 500 3
a 625 542 3
a 626 530 10
a 626 634 5
a 627 742 1
a 628 52 9
a 629 485 9
a 629 622 10
a 629 624 1
a 630 418 10
a 630 663 10
a 631 22 3
a 631 30 5
a 632 354 10
a 633 347 6
a 633 387 2
a 634 215 2
a 635 261 5
a 635 430 10
a 636 470 4
a 636 688 3
a 637 400 2
a 637 753 1
a 638 494 5
a 638 593 7
a 639 210 9
a 639 338 3
a 639 350 6
a 639 742 6
a 640 418 2
a 640 577 5
a 640 726 8
a 641 202 8
a 641 451 8
a 642 194 7
a 642 659 6
a 643 374 4
a 644 722 6
a 644 786 3
a 645 540 8
a 645 612 8
a 646 289 1
a 646 307 8
a 647 536 7
a 648 587 5
a 649 417 6
a 649 599 6
a 650 225 9
a 651 636 2
a 652 191 8
a 653 501 4
a 654 95 10
a 654 318 9
a 654 389 8
a 655 246 5
a 656 279 2
a 656 348 1
a 657 120 2
a 658 298 4
a 658 582 3
a 659 489 9
a 660 276 5
a 660 403 2
a 661 180 8
a 662 299 8
a 663 438 8
a 664 538 9
a 665 65 1
a 665 109 7
a 665 326 3
a 666 215 6
a 666 443 9
a 666 688 10
a 667 252 10
a 668 489 5
a 669 286 8
a 669 394 1
a 670 141 5
a 670 765 2
a 671 371 2
a 671 430 7
a 671 705 2
a 672 204 4
a 672 349 10
a 673 284 4
a 673 568 4
a 674 513 6
a 675 252 5
a 676 388 1
a 676 666 9
a 677 7 2
a 677 344 10
a 677 536 3
a 678 334 4
a 678 474 1
a 679 587 5
a 680 161 9
a 680 615 2
a 681 520 7
a 681 727 8
a 682 306 1
a 683 428 2
a 683 479 6
a 684 560 3
a 685 57 3
a 685 407 10
a 685 619 7
a 686 484 6
a 686 653 6
a 687 724 4
a 688 192 2
a 689 125 2
a 689 364 1
a 689 558 8
a 690 128 7
a 690 317 2
a 691 128 2
a 692 28 4
a 692 60 7
a 692 402 10
a 693 374 10
a 693 479 8
a 694 370 2
a 694 583 4
a 694 736 2
a 694 762 10
a 695 183 2
a 695 253 6
a 696 581 1
a 697 599 4
a 697 701 2
a 698 375 4
a 698 399 3
a 699 588 3
a 699 676 2
a 700 175 7
a 700 569 9
a 700 620 10
a 700 679 1
a 700 703 1
a 701 538 4
a 702 36 4
a 703 490 3
a 704 34 10
a 704 86 4
a 704 297 9
a 704 304 7
a 704 491 6
a 704 589 5
a 704 743 1
a 704 787 7
a 705 469 3
a 705 539 10
a 705 740 5
a 705 781 6
a 706 302 7
a 706 323 9
a 706 446 1
a 706 507 7
a 707 76 1
a 707 422 5
a 708 314 7
a 708 413 5
a 708 536 6
a 709 137 5
a 709 609 6
a 710 435 7
a 711 112 2
a 711 472 6
a 712 41 1
a 712 273 2
a 712 743 10
a 712 782 4
a 713 152 9
a 714 528 8
a 715 356 4
a 715 688 1
a 716 300 3
a 716 623 5
a 717 124 6
a 717 284 6
a 717 507 1
a 717 653 8
a 718 405 8
a 719 63 2
a 719 668 9
a 720 296 2
a 721 133 3
a 721 718 4
a 721 792 3
a 722 107 2
a 722 184 9
a 722 490 7
a 723 423 3
a 723 459 9
a 723 713 1
a 724 208 5
a 724 729 9
a 725 370 10
a 725 792 4
a 726 33 4
a 726 256 9
a 727 562 1
a 728 103 5
a 728 207 2
a 729 376 1
a 729 687 8
a 730 83 8
a 730 170 9
a 730 436 8
a 731 214 6
a 731 278 1
a 731 511 3
a 732 634 9
a 732 661 7
a 733 89 5
a 734 253 6
a 734 798 1
a 735 3 8
a 735 262 6
a 735 313 6
a 735 397 2
a 735 416 10
a 736 361 1
a 736 551 2
a 737 28 4
a 738 73 3
a 738 274 5
a 738 510 4
a 738 775 10
a 739 256 1
a 739 292 6
a 740 76 2
a 740 733 4
a 741 721 9
a 742 252 9
a 742 670 4
a 743 792 1
a 744 407 3
a 744 525 9
a 745 107 2
a 745 235 4
a 746 235 1
a 746 613 10
a 747 476 3
a 747 610 8
a 747 713 6
a 748 427 8
a 749 382 4
a 749 580 8
a 750 118 1
a 750 493 4
a 750 579 5
a 750 585 6
a 750 708 10
a 751 228 5
a 751 594 4
a 751 785 8
a 752 267 6
a 753 159 10
a 753 417 10
a 753 510 3
a 754 92 1
a 754 163 9
a 754 242 4
a 755 360 10
a 756 560 4
a 756 646 4
a 757 604 6
a 757 772 1
a 758 720 9
a 759 15 1
a 759 280 3
a 759 716 10
a 760 130 2
a 760 460 5
a 760 547 4
a 760 725 1
a 761 614 7
a 761 732 1
a 762 202 2
a 762 556 8
a 763 148 5
a 763 493 5
a 764 144 5
a 764 757 7
a 765 673 9
a 766 226 9
a 766 246 4
a 766 516 6
a 766 557 8
a 766 677 10
a 767 299 7
a 767 431 4
a 768 313 6
a 769 381 8
a 770 232 10
a 770 297 1
a 771 593 2
a 771 705 7
a 772 657 4
a 772 691 4
a 773 143 2
a 773 451 2
a 773 458 10
a 773 790 7
a 774 45 9
a 774 474 10
a 774 678 10
a 775 271 2
a 775 536 8
a 775 630 5
a 776 310 4
a 776 696 3
a 776 710 6
a 777 344 7
a 778 445 7
a 779 95 2
a 780 435 5
a 780 453 9
a 780 752 1
a 781 635 9
a 782 392 6
a 783 74 9
a 784 800 4
a 785 102 1
a 785 552 4
a 786 198 10
a 786 285 2
a 786 381 5
a 786 789 6
a 787 427 9
a 787 629 8
a 788 264 8
a 789 182 9
a 790 456 7
a 791 303 4
a 792 638 2
a 793 776 3
a 794 446 8
a 795 58 7
a 795 348 10
a 796 335 3
a 797 657 3
a 798 182 10
a 799 545 7
a 799 554 3
