p max 800 1600
n 1 s
n 800 t
a 1 468 3
a 2 196 1
a 3 173 1
a 4 186 7
a 5 206 10
a 5 228 5
a 6 448 3
a 7 424 7
a 7 469 2
a 8 125 5
a 8 527 7
a 8 539 1
a 9 116 6
a 9 351 4
a 9 352 1
a 9 554 4
a 10 245 2
a 10 451 10
a 11 496 1
a 11 783 10
a 12 622 5
a 13 45 2
a 14 12 7
a 15 305 8
a 16 83 8
a 16 263 5
a 16 360 2
a 17 189 8
a 17 541 7
a 17 680 1
a 18 90 3
a 18 298 9
a 18 480 10
a 18 769 5
a 19 204 3
a 19 666 9
a 19 797 10
a 19 799 5
a 20 282 10
a 20 622 5
a 21 283 3
a 21 582 10
a 22 747 7
a 23 214 5
a 23 490 1
a 24 183 8
a 24 494 4
a 25 143 7
a 26 471 2
a 27 64 4
a 27 82 9
a 27 101 4
a 27 772 2
a 28 371 6
a 28 689 7
a 29 86 1
a 29 409 8
a 30 76 9
a 30 531 7
a 30 780 1
a 31 27 7
a 32 104 8
a 32 247 5
a 32 420 6
a 33 707 9
a 34 318 5
a 35 47 7
a 35 645 1
a 36 24 2
a 36 308 1
a 36 430 8
a 37 23 4
a 38 651 8
a 39 128 2
a 39 655 7
a 39 778 2
a 40 698 10
a 40 760 2
a 41 758 4
a 42 243 5
a 42 364 8
a 42 376 8
a 43 137 10
a 44 151 4
a 44 499 10
a 45 191 10
a 45 405 10
a 46 390 3
a 47 418 4
a 48 504 10
a 48 710 8
a 49 692 7
a 49 774 5
a 50 44 8
a 50 344 5
a 50 493 4
a 50 633 8
a 51 140 5
a 51 174 8
a 51 255 8
a 51 559 8
a 52 463 7
a 52 516 6
a 53 463 4
a 54 95 8
a 55 69 2
a 55 202 3
a 55 624 9
a 56 566 5
a 56 626 10
a 57 712 1
a 57 752 3
a 58 77 8
a 59 119 6
a 59 188 6
a 59 247 6
a 59 269 2
a 59 524 9
a 59 532 4
a 60 265 10
a 61 172 5
a 61 779 4
a 62 155 2
a 63 154 8
a 64 540 8
a 65 401 1
a 66 94 1
a 66 105 2
a 66 117 6
a 66 342 4
a 66 590 6
a 66 719 4
a 66 799 10
a 67 252 1
a 67 487 6
a 67 661 2
a 68 212 2
a 68 313 8
a 69 536 10
a 70 157 8
a 70 299 5
a 71 674 10
a 72 695 1
a 73 172 1
a 74 280 6
a 75 173 2
a 76 484 5
a 76 753 5
a 77 84 9
a 78 450 3
a 79 340 5
a 79 485 6
a 79 486 9
a 80 249 8
a 81 462 9
a 81 567 2
a 81 574 4
a 81 597 8
a 81 751 5
a 82 172 1
a 82 561 6
a 83 337 2
a 83 388 9
a 84 76 8
a 84 179 3
a 84 253 5
a 84 295 7
a 84 544 3
a 85 347 4
a 85 542 8
a 85 601 10
a 86 41 2
a 86 106 1
a 86 190 3
a 86 415 2
a 87 273 6
a 88 68 4
a 88 481 6
a 89 206 6
a 89 462 2
a 90 600 10
a 90 738 2
a 91 14 4
a 91 355 2
a 92 25 2
a 92 403 4
a 92 614 2
a 93 182 3
a 93 367 4
a 93 736 3
a 94 349 5
a 94 386 4
a 95 429 1
a 96 305 3
a 96 436 2
a 97 515 5
a 98 50 5
a 99 304 2
a 99 322 9
a 99 557 9
a 100 98 3
a 100 135 3
a 100 530 1
a 101 789 6
a 102 608 3
a 103 96 5
a 103 680 7
a 104 77 6
a 105 96 6
a 105 472 2
a 105 627 3
a 106 542 5
a 107 155 10
a 107 469 2
a 108 277 6
a 108 724 9
a 109 718 9
a 110 223 2
a 110 452 2
a 111 175 1
a 111 587 7
a 112 209 8
a 113 323 9
a 114 187 1
a 114 442 10
a 114 554 3
a 115 393 7
a 115 476 6
a 115 584 2
a 116 489 8
a 117 360 9
a 118 103 9
a 119 19 8
a 119 327 3
a 120 173 1
a 121 169 9
a 122 533 3
a 123 268 1
a 124 336 6
a 124 463 5
a 125 51 6
a 126 294 3
a 126 438 9
a 127 227 6
a 128 252 4
a 129 238 1
a 130 124 5
a 130 181 1
a 130 693 3
a 130 790 2
a 131 133 6
a 131 688 2
a 132 51 2
a 133 414 4
a 133 440 9
a 133 519 10
a 133 617 1
a 134 37 8
a 134 619 2
a 135 59 5
a 135 637 3
a 136 117 7
a 137 534 6
a 138 726 9
a 139 120 7
a 139 785 10
a 140 326 4
a 141 201 9
a 141 250 2
a 141 796 7
a 142 355 10
a 142 411 1
a 142 696 10
a 143 76 8
a 143 176 4
a 143 208 8
a 144 360 10
a 145 451 8
a 145 670 3
a 146 474 4
a 147 12 8
a 147 296 10
a 147 491 8
a 147 712 6
a 148 153 1
a 148 500 6
a 149 233 6
a 149 366 1
a 149 658 6
a 150 506 4
a 151 5 9
a 151 433 1
a 152 17 2
a 152 299 7
a 153 239 10
a 153 293 9
a 154 120 8
a 154 653 8
a 155 40 7
a 155 512 5
a 156 288 4
a 157 356 9
a 157 492 6
a 158 736 8
a 159 235 1
a 159 576 7
a 160 41 9
a 160 510 6
a 160 685 4
a 161 156 8
a 161 399 2
a 161 580 8
a 162 118 3
a 162 287 4
a 162 349 6
a 162 591 6
a 163 248 2
a 163 693 8
a 164 236 7
a 165 262 9
a 165 391 5
a 166 24 5
a 166 791 2
a 167 42 3
a 167 281 1
a 167 314 7
a 168 280 5
a 168 320 6
a 168 625 9
a 169 588 3
a 170 494 3
a 171 35 8
a 171 519 7
a 172 212 1
a 172 553 8
a 172 757 2
a 173 344 3
a 174 50 4
a 174 192 8
a 174 538 6
a 174 620 9
a 175 54 5
a 175 639 10
a 176 459 4
a 176 605 8
a 177 200 9
a 177 380 8
a 178 409 7
a 178 713 9
a 179 579 1
a 180 592 7
a 181 473 5
a 182 353 8
a 183 256 6
a 183 350 10
a 183 562 2
a 184 118 7
a 184 166 5
a 184 772 6
a 185 132 5
a 186 16 1
a 186 621 8
a 187 293 2
a 187 372 9
a 187 573 7
a 187 697 6
a 188 165 9
a 188 250 6
a 188 640 6
a 188 734 7
a 189 310 3
a 189 703 1
a 190 6 9
a 190 686 6
a 190 758 6
a 191 787 5
a 192 493 9
a 193 84 3
a 193 279 2
a 193 457 3
a 194 77 10
a 194 330 9
a 194 788 6
a 195 103 5
a 195 235 9
a 196 557 9
a 196 577 7
a 197 268 6
a 197 422 1
a 197 439 1
a 197 585 2
a 198 497 2
a 198 710 5
a 199 195 5
a 200 531 6
a 201 3 10
a 201 99 10
a 201 252 2
a 201 579 8
a 202 520 5
a 202 555 6
a 203 337 8
a 204 223 7
a 204 327 5
a 205 444 7
a 205 461 1
a 206 789 7
a 207 186 2
a 207 390 6
a 208 500 2
a 209 350 4
a 209 482 10
a 209 682 6
a 210 542 2
a 211 725 3
a 211 734 4
a 212 376 7
a 213 270 7
a 213 435 9
a 213 606 4
a 213 777 2
a 214 402 5
a 214 701 2
a 215 41 4
a 215 176 1
a 215 565 6
a 215 708 2
a 215 800 6
a 216 460 4
a 216 574 7
a 217 29 2
a 217 309 4
a 218 221 9
a 219 36 3
a 219 184 10
a 219 265 6
a 219 596 1
a 219 606 10
a 219 673 1
a 220 114 9
a 220 162 1
a 220 197 8
a 220 338 4
a 220 377 4
a 221 9 4
a 221 746 1
a 222 798 1
a 223 296 10
a 223 402 1
a 223 564 8
a 224 324 6
a 224 333 4
a 225 308 5
a 226 265 7
a 226 273 3
a 226 477 6
a 226 509 6
a 227 159 6
a 227 646 6
a 228 488 10
a 229 30 4
a 229 63 8
a 229 568 1
a 229 794 9
a 230 81 3
a 230 537 8
a 230 667 1
a 230 745 2
a 231 183 9
a 232 335 6
a 233 403 6
a 234 233 10
a 234 596 10
a 235 701 9
a 236 327 9
a 236 787 9
a 237 67 4
a 238 113 6
a 238 152 8
a 238 394 9
a 239 203 8
a 239 318 5
a 240 142 8
a 240 765 5
a 241 766 2
a 242 59 8
a 242 186 2
a 243 556 9
a 243 665 9
a 244 372 5
a 244 471 9
a 244 593 10
a 244 715 3
a 245 577 4
a 246 79 8
a 246 539 7
a 246 647 9
a 247 156 5
a 248 120 2
a 248 508 5
a 249 226 10
a 249 746 5
a 250 441 10
a 251 216 6
a 251 605 6
a 252 401 6
a 253 50 6
a 254 488 6
a 255 301 1
a 256 109 5
a 256 420 3
a 257 506 8
a 257 615 8
a 257 673 2
a 258 74 2
a 259 489 1
a 259 600 7
a 260 588 3
a 260 687 7
a 261 4 5
a 261 110 1
a 261 137 7
a 262 146 6
a 262 667 2
a 263 579 7
a 264 506 7
a 264 658 3
a 265 123 10
a 265 750 4
a 266 510 10
a 267 400 6
a 267 695 3
a 268 328 8
a 268 521 1
a 268 525 3
a 268 627 3
a 268 766 5
a 269 501 6
a 270 288 8
a 270 551 2
a 270 560 4
a 271 220 1
a 271 410 7
a 272 107 4
a 272 398 7
a 272 427 7
a 273 665 9
a 274 460 1
a 274 502 4
a 274 711 1
a 275 266 1
a 276 52 10
a 276 115 6
a 276 353 3
a 276 497 7
a 276 766 6
a 276 792 3
a 277 315 6
a 277 470 10
a 278 726 4
a 279 267 10
a 280 38 2
a 280 675 4
a 280 699 2
a 281 649 9
a 281 699 10
a 282 284 5
a 283 130 3
a 283 301 2
a 283 324 6
a 284 163 10
a 284 212 8
a 284 341 6
a 285 132 7
a 285 283 6
a 286 383 3
a 286 448 4
a 287 445 5
a 287 785 7
a 288 276 4
a 288 278 10
a 289 672 4
a 289 739 6
a 290 553 10
a 291 633 6
a 292 170 9
a 292 264 2
a 293 409 4
a 293 749 4
a 294 293 10
a 294 545 8
a 294 632 2
a 295 289 7
a 295 664 1
a 296 11 6
a 296 90 7
a 296 623 4
a 297 141 9
a 297 532 4
a 298 255 4
a 299 168 10
a 299 584 1
a 300 222 3
a 301 251 10
a 301 306 4
a 301 695 7
a 302 728 7
a 303 455 2
a 304 227 10
a 304 691 7
a 305 468 10
a 306 332 9
a 307 233 10
a 307 358 9
a 308 474 4
a 308 618 1
a 309 345 8
a 309 428 6
a 309 497 3
a 309 669 4
a 309 762 8
a 310 704 7
a 310 731 1
a 311 167 5
a 311 180 7
a 311 732 7
a 312 172 6
a 313 215 4
a 313 430 9
a 314 463 7
a 315 282 1
a 315 488 6
a 316 138 2
a 316 156 9
a 316 311 7
a 316 668 1
a 317 182 5
a 317 646 4
a 317 696 10
a 318 207 2
a 318 368 2
a 318 430 5
a 319 521 7
a 320 380 9
a 320 432 4
a 321 74 5
a 322 284 4
a 323 168 3
a 323 513 1
a 324 286 8
a 325 572 1
a 326 209 9
a 326 563 5
a 326 594 10
a 326 677 5
a 327 82 10
a 327 129 3
a 327 644 10
a 327 698 3
a 328 43 9
a 329 83 4
a 329 205 5
a 330 120 8
a 330 798 2
a 331 497 7
a 332 210 5
a 332 454 6
a 332 555 5
a 333 111 10
a 333 634 6
a 334 485 9
a 335 312 2
a 336 361 2
a 336 367 8
a 336 532 10
a 337 172 6
a 337 393 6
a 337 567 7
a 338 359 5
a 338 752 8
a 339 68 9
a 339 108 9
a 339 431 10
a 340 269 3
a 340 297 6
a 341 154 9
a 341 383 9
a 342 519 5
a 342 769 4
a 343 4 3
a 343 257 8
a 343 266 7
a 343 318 6
a 344 132 6
a 344 553 10
a 345 304 7
a 346 301 3
a 346 533 3
a 346 602 8
a 347 398 9
a 347 467 8
a 348 555 5
a 349 78 6
a 349 354 6
a 349 704 8
a 350 385 3
a 350 469 7
a 351 5 3
a 351 540 5
a 352 271 9
a 352 282 6
a 353 273 8
a 354 620 6
a 355 58 9
a 355 245 3
a 355 788 9
a 356 75 8
a 356 89 7
a 356 230 4
a 356 609 3
a 357 27 9
a 357 47 6
a 357 59 7
a 357 548 8
a 358 207 8
a 359 519 3
a 359 694 9
a 360 195 1
a 360 290 8
a 360 648 7
a 361 45 4
a 361 699 7
a 362 385 8
a 362 522 10
a 363 578 10
a 363 593 4
a 364 385 10
a 365 727 5
a 366 705 4
a 367 203 7
a 368 467 10
a 368 682 3
a 369 392 4
a 370 9 6
a 370 241 10
a 370 396 7
a 371 49 2
a 371 750 2
a 372 541 1
a 373 707 2
a 373 711 9
a 374 203 7
a 375 438 10
a 376 669 7
a 377 442 6
a 377 612 7
a 378 581 4
a 378 618 1
a 379 16 7
a 380 384 9
a 380 688 10
a 380 768 3
a 380 780 1
a 381 15 4
a 381 198 9
a 382 43 8
a 382 150 3
a 382 364 4
a 382 484 6
a 382 521 9
a 383 330 5
a 384 11 4
a 384 113 6
a 385 248 3
a 386 235 3
a 387 168 7
a 388 117 8
a 388 455 2
a 389 603 10
a 389 760 4
a 390 377 2
a 390 691 7
a 391 104 9
a 392 224 1
a 392 287 10
a 393 167 9
a 393 498 3
a 393 624 5
a 394 177 6
a 394 335 6
a 394 480 2
a 394 632 8
a 395 570 3
a 395 735 6
a 396 770 9
a 397 403 1
a 398 71 7
a 398 278 1
a 398 551 5
a 399 386 9
a 400 66 4
a 400 541 5
a 401 79 10
a 401 341 8
a 402 239 3
a 403 496 6
a 404 363 10
a 405 289 1
a 405 616 8
a 406 81 7
a 407 145 2
a 407 550 6
a 407 595 3
a 408 651 3
a 408 666 4
a 409 412 7
a 410 183 2
a 410 688 3
a 411 18 1
a 411 374 3
a 411 506 3
a 412 341 8
a 412 559 4
a 412 609 9
a 413 254 5
a 414 229 4
a 414 331 6
a 414 339 7
a 414 628 2
a 415 244 1
a 415 277 5
a 415 373 1
a 416 210 2
a 416 718 3
a 417 556 3
a 417 575 5
a 418 428 3
a 418 452 6
a 419 464 1
a 419 687 8
a 419 755 2
a 420 303 1
a 420 465 6
a 421 614 9
a 422 312 9
a 422 426 3
a 422 547 6
a 423 348 4
a 424 114 3
a 425 176 10
a 426 441 9
a 426 466 7
a 427 481 5
a 428 666 9
a 429 388 6
a 430 325 10
a 430 601 2
a 430 762 3
a 431 613 3
a 432 100 5
a 432 480 3
a 433 514 5
a 433 608 9
a 433 616 10
a 433 690 8
a 434 164 4
a 434 726 4
a 435 555 7
a 435 702 7
a 436 635 5
a 437 222 2
a 437 370 3
a 438 341 8
a 438 454 8
a 438 756 7
a 439 701 6
a 440 273 10
a 440 512 5
a 441 185 9
a 441 216 6
a 441 312 10
a 442 753 4
a 443 424 5
a 443 516 2
a 444 419 3
a 445 169 2
a 445 227 8
a 445 456 8
a 445 773 7
a 446 153 8
a 446 526 5
a 446 589 1
a 446 786 2
a 447 111 2
a 448 247 5
a 448 471 5
a 449 22 8
a 449 232 2
a 449 733 4
a 450 96 5
a 450 225 1
a 450 392 8
a 451 54 1
a 451 346 8
a 452 222 5
a 452 362 8
a 452 466 7
a 453 147 2
a 454 442 5
a 455 48 1
a 456 395 5
a 456 766 10
a 457 147 10
a 458 753 3
a 459 127 6
a 459 284 3
a 460 603 4
a 461 285 4
a 461 329 8
a 461 366 7
a 462 566 2
a 462 620 10
a 463 659 8
a 463 702 8
a 464 232 2
a 465 679 10
a 465 683 10
a 466 143 3
a 466 366 8
a 467 336 9
a 467 518 8
a 468 439 5
a 469 743 4
a 470 118 5
a 470 450 5
a 471 24 8
a 471 501 5
a 471 707 1
a 472 142 5
a 472 161 5
a 473 596 8
a 474 699 2
a 475 184 1
a 476 23 1
a 476 98 1
a 477 284 8
a 477 343 5
a 477 464 10
a 477 641 3
a 478 2 8
a 479 21 6
a 480 511 8
a 480 585 5
a 480 764 1
a 481 568 6
a 481 670 5
a 482 363 1
a 482 479 2
a 483 37 3
a 483 505 2
a 483 563 5
a 484 55 2
a 484 424 3
a 485 341 5
a 486 261 8
a 486 263 1
a 486 281 7
a 486 333 5
a 486 610 9
a 487 101 4
a 488 112 9
a 488 240 7
a 488 363 4
a 488 586 3
a 489 398 3
a 490 33 4
a 490 178 7
a 490 199 1
a 491 498 9
a 491 691 2
a 492 401 9
a 492 704 8
a 492 743 4
a 493 666 5
a 494 80 9
a 494 333 7
a 495 121 4
a 495 707 8
a 496 93 7
a 496 358 4
a 497 483 7
a 497 754 10
a 498 454 5
a 499 385 1
a 500 682 6
a 501 209 6
a 501 316 4
a 501 679 4
a 501 709 8
a 502 592 8
a 503 483 1
a 503 580 1
a 504 715 1
a 505 267 7
a 506 211 8
a 507 275 7
a 507 747 10
a 508 406 10
a 508 468 8
a 509 453 9
a 509 726 6
a 510 222 2
a 510 291 6
a 511 357 9
a 511 408 6
a 511 619 9
a 511 638 3
a 511 748 4
a 512 13 9
a 512 333 7
a 513 19 10
a 513 761 7
a 514 335 5
a 515 627 1
a 515 789 3
a 516 478 8
a 516 720 5
a 517 354 7
a 518 664 3
a 519 309 2
a 520 59 8
a 521 437 5
a 522 243 3
a 523 413 7
a 523 422 8
a 523 443 2
a 524 797 10
a 525 16 9
a 525 94 9
a 525 633 6
a 526 53 4
a 526 701 7
a 527 636 7
a 528 595 7
a 528 627 4
a 529 129 2
a 529 776 1
a 530 591 8
a 530 782 2
a 531 547 5
a 532 179 4
a 533 303 8
a 533 334 10
a 533 579 9
a 533 759 3
a 534 235 7
a 534 540 1
a 534 629 9
a 535 48 5
a 535 651 3
a 536 83 5
a 536 263 5
a 536 731 4
a 537 34 8
a 537 307 10
a 537 585 6
a 538 518 4
a 538 643 6
a 539 292 9
a 539 302 4
a 539 474 2
a 539 775 1
a 540 88 4
a 541 57 2
a 541 796 5
a 542 248 10
a 543 111 3
a 544 65 7
a 544 507 8
a 545 728 5
a 546 104 3
a 547 307 4
a 548 41 1
a 548 589 3
a 548 620 4
a 549 152 10
a 549 558 4
a 550 433 7
a 550 473 9
a 551 339 4
a 552 120 9
a 552 275 4
a 553 423 5
a 554 657 6
a 554 759 3
a 555 12 5
a 555 442 7
a 556 369 1
a 556 620 1
a 557 663 8
a 557 797 5
a 558 593 3
a 559 85 7
a 559 130 3
a 560 147 6
a 560 267 1
a 561 79 4
a 561 163 6
a 561 262 8
a 562 280 7
a 562 594 4
a 562 674 8
a 563 136 1
a 564 53 4
a 564 300 8
a 565 397 6
a 565 636 4
a 566 141 7
a 566 744 6
a 566 785 10
a 567 403 9
a 567 492 5
a 567 784 8
a 568 183 8
a 568 257 9
a 568 709 7
a 569 131 2
a 569 248 5
a 570 147 10
a 570 322 8
a 571 219 4
a 571 238 3
a 571 741 1
a 571 795 1
a 572 615 5
a 573 552 2
a 573 723 4
a 574 230 10
a 575 479 9
a 576 436 6
a 576 456 10
a 576 733 9
a 577 337 8
a 577 642 1
a 578 392 10
a 579 484 8
a 579 721 8
a 580 397 5
a 580 419 6
a 580 523 5
a 580 778 5
a 581 293 6
a 582 604 5
a 583 197 2
a 583 742 1
a 584 316 6
a 584 402 1
a 585 221 7
a 585 286 7
a 585 436 1
a 586 734 7
a 587 129 10
a 587 231 7
a 587 714 5
a 588 185 9
a 589 103 10
a 589 595 3
a 589 604 7
a 590 530 1
a 591 609 2
a 591 700 4
a 592 365 8
a 592 569 4
a 592 637 7
a 593 404 1
a 593 525 3
a 594 646 6
a 595 552 6
a 595 744 10
a 596 28 2
a 596 32 1
a 596 37 6
a 596 422 7
a 597 668 10
a 597 738 8
a 598 102 9
a 598 275 8
a 598 684 6
a 598 771 8
a 599 504 4
a 600 197 6
a 601 198 8
a 601 583 8
a 602 328 6
a 603 725 3
a 604 5 4
a 604 193 9
a 605 647 7
a 605 763 1
a 605 793 3
a 606 137 4
a 606 678 8
a 606 730 10
a 607 110 7
a 607 689 6
a 608 196 9
a 608 199 10
a 608 259 5
a 608 383 2
a 608 577 3
a 609 67 8
a 609 379 3
a 609 523 4
a 610 773 4
a 611 123 1
a 611 654 7
a 612 458 1
a 613 165 10
a 613 326 9
a 614 777 2
a 615 74 5
a 615 412 2
a 615 656 1
a 616 336 1
a 617 113 4
a 617 598 6
a 618 43 8
a 618 441 6
a 619 232 8
a 620 21 3
a 620 332 3
a 621 97 10
a 621 384 8
a 621 423 5
a 622 209 9
a 623 554 4
a 624 184 3
a 624 421 3
a 625 72 10
a 625 577 3
a 626 439 6
a 627 224 2
a 627 274 3
a 628 46 10
a 628 382 4
a 628 599 10
a 628 730 1
a 629 671 5
a 630 401 5
a 630 425 5
a 631 29 2
a 632 213 10
a 632 236 5
a 633 601 4
a 634 234 6
a 634 249 6
a 634 437 9
a 634 446 1
a 634 461 3
a 634 797 3
a 635 536 6
a 636 155 4
a 636 379 4
a 637 27 5
a 637 301 7
a 637 470 10
a 638 706 1
a 639 217 9
a 639 306 7
a 639 312 8
a 640 284 1
a 640 703 7
a 641 489 8
a 641 503 6
a 641 663 1
a 641 781 7
a 642 36 6
a 642 87 5
a 643 515 9
a 644 332 7
a 644 583 10
a 645 282 5
a 645 327 10
a 645 534 6
a 645 740 6
a 646 289 7
a 646 453 8
a 646 468 9
a 646 634 9
a 646 693 9
a 647 31 2
a 647 215 1
a 648 193 3
a 649 381 8
a 650 44 4
a 651 219 6
a 651 264 4
a 651 305 10
a 652 95 9
a 652 427 6
a 653 388 3
a 654 88 3
a 654 131 6
a 655 70 5
a 655 225 9
a 656 246 5
a 656 539 1
a 657 87 5
a 657 449 7
a 657 735 1
a 658 56 10
a 658 353 4
a 658 635 3
a 658 681 7
a 659 123 8
a 660 8 5
a 660 671 9
a 661 492 1
a 661 497 1
a 661 717 2
a 662 706 7
a 663 549 7
a 664 41 4
a 665 158 9
a 665 171 1
a 665 363 6
a 666 62 10
a 666 434 5
a 666 459 7
a 667 407 4
a 667 479 7
a 667 572 1
a 668 522 7
a 669 191 6
a 669 783 10
a 670 60 5
a 670 119 1
a 670 232 1
a 671 577 2
a 671 583 4
a 671 686 3
a 672 323 7
a 672 560 6
a 672 650 9
a 673 637 8
a 674 640 3
a 675 424 4
a 675 780 2
a 676 51 6
a 676 245 6
a 676 381 1
a 676 591 10
a 677 72 3
a 677 149 8
a 677 774 5
a 678 291 1
a 679 685 9
a 680 242 4
a 680 672 2
a 681 211 8
a 681 613 7
a 681 638 2
a 682 547 3
a 682 572 10
a 683 53 4
a 683 529 10
a 683 707 4
a 684 79 9
a 684 157 10
a 684 252 8
a 684 474 8
a 685 100 1
a 686 518 7
a 686 575 1
a 687 342 2
a 688 384 4
a 689 271 4
a 690 26 10
a 690 69 4
a 690 630 9
a 690 713 10
a 691 136 3
a 691 201 2
a 691 720 4
a 692 383 5
a 693 669 7
a 694 412 8
a 694 424 3
a 695 233 7
a 695 739 3
a 696 307 7
a 696 631 7
a 697 189 3
a 697 587 1
a 697 676 10
a 698 142 10
a 698 418 4
a 698 739 1
a 699 15 3
a 700 205 5
a 700 605 2
a 701 499 10
a 701 607 3
a 702 77 10
a 702 149 5
a 702 389 2
a 703 389 1
a 704 60 4
a 704 414 1
a 705 191 8
a 705 198 1
a 706 258 9
a 706 578 5
a 707 284 7
a 707 592 2
a 707 662 9
a 707 770 10
a 708 746 7
a 709 526 3
a 710 365 4
a 710 505 10
a 711 319 4
a 711 663 9
a 712 387 8
a 712 422 6
a 713 517 10
a 714 345 2
a 714 635 5
a 715 181 5
a 715 728 5
a 716 241 1
a 717 83 5
a 717 800 1
a 718 244 3
a 719 43 6
a 719 92 10
a 720 475 5
a 720 785 8
a 721 121 5
a 721 438 4
a 721 517 4
a 721 727 3
a 722 33 3
a 722 490 2
a 723 712 9
a 724 326 2
a 724 555 4
a 725 238 3
a 725 535 6
a 726 173 2
a 726 282 9
a 726 515 6
a 727 639 9
a 728 108 8
a 728 146 10
a 728 488 9
a 729 366 6
a 729 642 5
a 729 713 9
a 730 242 5
a 731 517 4
a 732 650 8
a 733 236 9
a 733 597 7
a 733 705 5
a 734 220 10
a 734 318 6
a 735 139 10
a 735 488 7
a 735 590 10
a 736 479 2
a 737 61 3
a 737 189 7
a 738 201 4
a 738 432 10
a 738 716 7
a 739 148 5
a 739 619 3
a 740 417 1
a 740 499 8
a 740 546 6
a 740 611 3
a 741 241 2
a 741 399 7
a 741 495 1
a 742 722 10
a 743 10 2
a 743 99 5
a 743 309 10
a 744 218 4
a 744 230 3
a 744 507 5
a 744 652 8
a 745 675 5
a 745 737 10
a 746 346 2
a 746 650 5
a 747 185 5
a 747 317 8
a 748 94 9
a 749 9 6
a 749 237 5
a 749 458 9
a 749 546 3
a 750 400 3
a 751 378 9
a 751 390 2
a 752 375 2
a 752 570 7
a 753 7 8
a 753 542 3
a 754 453 2
a 755 485 3
a 755 660 5
a 756 31 2
a 757 552 9
a 757 768 6
a 758 2 10
a 758 155 6
a 758 530 8
a 758 671 9
a 759 278 7
a 759 334 9
a 760 522 3
a 761 283 2
a 761 416 5
a 762 533 2
a 763 683 2
a 764 717 8
a 765 464 5
a 766 126 8
a 766 524 6
a 767 160 10
a 767 628 4
a 767 706 1
a 768 222 2
a 768 272 1
a 768 729 1
a 768 767 5
a 769 318 3
a 770 20 7
a 770 39 5
a 770 73 1
a 770 221 9
a 771 693 2
a 771 748 2
a 772 429 10
a 772 513 6
a 773 367 7
a 773 499 3
a 774 254 1
a 774 409 7
a 774 528 9
a 775 239 6
a 776 333 9
a 777 144 6
a 777 493 3
a 778 244 1
a 778 719 4
a 779 415 6
a 779 549 2
a 780 624 6
a 780 628 3
a 781 67 3
a 781 194 10
a 781 265 9
a 781 675 7
a 782 421 2
a 783 321 1
a 783 497 6
a 784 312 6
a 785 211 1
a 785 722 9
a 786 114 2
a 786 571 9
a 787 469 8
a 787 714 10
a 788 251 2
a 788 536 9
a 789 409 1
a 790 528 3
a 791 84 5
a 791 91 6
a 791 348 5
a 791 496 3
a 792 361 1
a 793 5 9
a 794 122 7
a 794 713 6
a 795 381 10
a 795 447 9
a 796 398 8
a 796 480 9
a 796 543 2
a 797 134 8
a 797 260 8
a 797 393 8
a 798 454 2
a 799 527 5
a 799 770 3
