p max 800 1600
n 1 s
n 800 t
a 1 129 1
a 1 137 8
a 1 237 1
a 2 172 7
a 2 343 10
a 3 108 3
a 3 238 7
a 4 432 4
a 5 72 1
a 5 334 7
a 6 57 3
a 6 413 8
a 6 597 1
a 7 81 8
a 7 566 6
a 8 21 9
a 8 268 7
a 8 271 1
a 8 719 10
a 9 187 2
a 9 571 10
a 10 452 10
a 10 510 6
a 10 636 5
a 10 654 10
a 11 123 2
a 11 666 1
a 12 294 7
a 13 449 4
a 13 550 6
a 13 620 6
a 13 796 8
a 14 647 3
a 15 530 1
a 16 717 7
a 17 724 3
a 18 352 10
a 18 586 7
a 19 48 10
a 19 674 7
a 20 116 3
a 21 300 10
a 21 457 3
a 21 498 4
a 22 456 7
a 22 521 5
a 23 147 3
a 23 179 8
a 23 254 9
a 24 423 6
a 24 758 9
a 25 8 7
a 25 499 10
a 26 170 3
a 26 247 1
a 27 261 10
a 27 568 2
a 28 500 1
a 29 330 6
a 30 543 4
a 31 356 3
a 31 760 3
a 32 94 5
a 32 536 4
a 33 616 2
a 34 96 9
a 34 628 3
a 35 260 1
a 35 730 6
a 36 425 6
a 36 782 1
a 37 234 7
a 37 631 6
a 37 711 9
a 37 762 5
a 38 58 3
a 39 402 8
a 39 442 8
a 39 758 6
a 40 8 4
a 40 361 3
a 40 400 3
a 41 479 6
a 41 631 10
a 42 228 10
a 42 630 8
a 43 662 7
a 44 63 3
a 44 210 2
a 44 253 10
a 44 749 10
a 44 793 10
a 45 471 3
a 45 499 4
a 46 449 4
a 46 614 10
a 47 7 8
a 48 628 2
a 49 87 8
a 49 220 2
a 50 257 7
a 50 701 2
a 51 468 1
a 52 144 4
a 52 455 10
a 52 703 6
a 52 723 6
a 53 216 9
a 53 563 2
a 53 633 7
a 54 406 8
a 54 785 4
a 55 691 5
a 56 171 1
a 56 399 7
a 56 625 2
a 56 670 2
a 57 74 4
a 57 733 3
a 58 448 8
a 58 490 6
a 59 773 7
a 60 442 2
a 61 633 2
a 62 186 10
a 62 261 6
a 62 772 7
a 63 394 7
a 64 19 1
a 64 615 5
a 64 693 4
a 65 25 6
a 65 325 2
a 65 627 10
a 66 749 4
a 66 792 6
a 67 677 4
a 67 744 5
a 67 755 5
a 68 568 7
a 68 799 8
a 69 73 8
a 69 280 4
a 70 224 7
a 71 77 6
a 71 420 5
a 72 55 8
a 72 88 3
a 72 307 1
a 73 117 1
a 73 348 6
a 73 716 9
a 74 168 7
a 74 435 1
a 75 107 3
a 76 130 6
a 76 710 8
a 77 513 8
a 78 263 5
a 78 715 7
a 79 691 7
a 79 734 10
a 80 372 1
a 80 600 1
a 80 682 2
a 81 129 5
a 81 153 6
a 81 339 10
a 82 782 10
a 83 66 6
a 83 385 2
a 83 436 7
a 83 564 9
a 84 676 8
a 85 220 10
a 85 542 10
a 86 145 7
a 87 328 10
a 88 60 3
a 88 735 7
a 89 31 1
a 89 131 5
a 89 361 6
a 89 683 6
a 90 33 7
a 90 474 7
a 91 376 5
a 92 532 10
a 92 731 6
a 93 451 4
a 93 628 4
a 93 766 8
a 94 293 8
a 94 576 2
a 95 6 3
a 95 231 1
a 96 32 6
a 96 666 8
a 97 157 2
a 97 407 4
a 97 692 3
a 98 389 7
a 98 465 5
a 99 178 7
a 99 303 9
a 99 465 2
a 100 458 7
a 100 582 8
a 101 23 5
a 101 133 3
a 102 553 1
a 102 757 3
a 102 774 1
a 103 62 6
a 104 144 8
a 104 522 8
a 104 768 8
a 105 281 1
a 105 507 1
a 106 321 9
a 107 477 9
a 108 50 1
a 108 447 8
a 109 440 5
a 110 70 9
a 110 109 2
a 111 96 10
a 111 335 8
a 112 603 5
a 113 71 5
a 113 528 7
a 114 620 2
a 114 724 2
a 115 338 5
a 115 513 8
a 115 645 4
a 115 657 2
a 116 524 9
a 117 238 3
a 117 267 3
a 118 41 5
a 118 476 1
a 118 575 5
a 119 126 5
a 119 365 7
a 120 363 3
a 121 137 10
a 121 660 2
a 122 405 10
a 123 370 6
a 123 698 10
a 124 5 3
a 124 95 1
a 124 306 7
a 124 632 10
a 125 110 2
a 125 331 8
a 125 333 9
a 125 366 1
a 125 555 8
a 125 557 8
a 126 69 2
a 127 46 6
a 127 99 6
a 128 272 4
a 128 745 1
a 129 274 4
a 129 560 6
a 129 687 10
a 129 708 5
a 130 104 7
a 130 627 4
a 131 600 1
a 132 252 2
a 133 353 6
a 133 354 7
a 134 435 4
a 135 201 6
a 136 245 9
a 137 359 5
a 137 631 3
a 137 739 7
a 137 798 9
a 138 69 10
a 138 770 5
a 139 161 9
a 139 280 9
a 140 221 2
a 140 401 7
a 140 427 1
a 141 280 8
a 142 79 3
a 142 141 5
a 142 369 7
a 143 265 10
a 143 286 6
a 143 438 10
a 144 633 8
a 145 173 9
a 145 218 2
a 145 755 3
a 146 256 10
a 146 500 1
a 147 40 3
a 147 457 9
a 148 154 1
a 148 410 2
a 149 515 5
a 149 538 4
a 150 379 4
a 150 482 10
a 151 134 10
a 151 317 5
a 151 360 9
a 152 604 3
a 152 618 2
a 153 338 3
a 154 108 2
a 154 184 6
a 154 530 8
a 154 661 7
a 154 688 7
a 155 75 1
a 155 121 10
a 155 341 6
a 155 508 10
a 156 99 9
a 157 8 1
a 157 27 7
a 157 520 3
a 158 209 10
a 158 517 8
a 159 452 7
a 160 671 10
a 161 189 9
a 161 610 9
a 161 746 1
a 162 297 10
a 163 178 4
a 163 374 4
a 163 782 4
a 164 161 9
a 164 225 2
a 164 364 7
a 165 292 9
a 166 297 1
a 166 609 9
a 167 127 8
a 167 295 3
a 167 590 3
a 168 518 6
a 169 381 5
a 169 785 4
a 170 222 2
a 171 312 7
a 172 55 1
a 172 504 4
a 173 122 5
a 173 716 5
a 174 726 6
a 175 212 4
a 175 468 6
a 176 467 1
a 176 747 8
a 177 381 6
a 177 514 1
a 178 446 7
a 179 349 8
a 180 263 1
a 180 748 1
a 181 149 5
a 181 519 5
a 181 676 7
a 181 764 10
a 182 262 5
a 182 656 9
a 183 118 3
a 183 728 6
a 184 12 1
a 184 394 8
a 184 679 10
a 185 310 8
a 185 418 3
a 186 14 3
a 187 274 8
a 187 412 6
a 187 463 10
a 187 751 10
a 188 76 7
a 188 423 2
a 189 10 4
a 189 620 4
a 190 403 3
a 190 662 8
a 191 89 7
a 191 387 8
a 192 162 5
a 192 457 9
a 192 641 9
a 192 696 5
a 193 188 8
a 193 236 9
a 194 331 9
a 195 527 1
a 196 2 4
a 196 89 2
a 196 310 7
a 196 459 4
a 196 554 3
a 197 298 3
a 198 135 5
a 199 633 3
a 200 714 10
a 201 289 1
a 201 776 2
a 202 122 9
a 202 512 6
a 202 784 1
a 203 400 4
a 204 572 8
a 204 764 9
a 205 24 5
a 206 190 9
a 206 666 2
a 207 774 2
a 208 439 3
a 209 329 10
a 210 272 2
a 210 468 5
a 211 24 3
a 211 80 6
a 211 137 2
a 211 387 8
a 211 658 7
a 212 103 6
a 212 110 4
a 213 118 5
a 213 486 9
a 214 712 1
a 215 440 2
a 215 695 9
a 216 20 5
a 216 292 6
a 217 255 3
a 217 354 10
a 218 203 5
a 218 542 8
a 218 577 4
a 218 635 4
a 218 729 1
a 218 771 3
a 219 474 8
a 219 753 8
a 220 281 10
a 220 384 1
a 221 794 7
a 222 85 7
a 222 628 3
a 223 107 10
a 223 168 1
a 224 177 2
a 225 558 10
a 226 800 9
a 227 44 1
a 227 533 5
a 228 76 3
a 228 338 1
a 228 596 4
a 229 101 6
a 229 214 3
a 229 783 9
a 230 192 2
a 230 211 7
a 230 229 4
a 231 348 7
a 232 169 10
a 233 34 4
a 233 350 7
a 233 705 3
a 234 530 1
a 235 305 2
a 236 6 1
a 236 497 8
a 237 497 7
a 237 537 8
a 237 547 5
a 237 594 2
a 237 783 9
a 238 360 2
a 238 546 10
a 238 573 2
a 238 707 8
a 239 718 9
a 240 112 6
a 240 489 4
a 240 636 10
a 241 259 7
a 241 488 7
a 242 320 6
a 242 394 6
a 243 98 6
a 244 208 9
a 244 688 10
a 245 655 6
a 246 314 8
a 247 128 3
a 247 352 7
a 247 585 2
a 248 42 10
a 248 383 4
a 249 356 9
a 250 51 9
a 250 172 10
a 251 52 4
a 251 277 2
a 252 558 5
a 252 651 8
a 252 655 6
a 253 268 3
a 254 162 10
a 254 240 10
a 254 321 9
a 255 4 10
a 256 288 1
a 256 315 1
a 256 424 2
a 256 664 7
a 257 383 9
a 257 533 7
a 258 50 8
a 258 260 4
a 259 176 7
a 260 299 10
a 260 393 7
a 260 631 5
a 260 742 8
a 261 359 7
a 262 192 9
a 263 462 5
a 263 630 9
a 264 217 10
a 264 408 8
a 265 157 1
a 265 505 3
a 266 582 1
a 267 535 3
a 267 681 5
a 268 191 7
a 268 205 5
a 268 421 8
a 268 606 3
a 269 283 3
a 269 353 5
a 269 536 5
a 269 699 9
a 270 210 9
a 270 725 4
a 271 275 9
a 271 295 7
a 272 34 5
a 272 442 5
a 272 790 9
a 273 91 3
a 273 468 1
a 274 99 8
a 275 496 8
a 275 640 9
a 275 663 3
a 276 125 9
a 276 360 2
a 277 71 8
a 277 98 7
a 277 294 2
a 277 388 1
a 277 409 10
a 277 629 5
a 278 364 7
a 279 165 3
a 279 398 3
a 279 582 5
a 279 740 10
a 280 586 6
a 281 18 3
a 281 524 3
a 282 250 1
a 282 639 10
a 283 160 4
a 283 326 8
a 284 344 5
a 284 648 6
a 284 800 9
a 285 327 7
a 286 696 4
a 287 285 10
a 287 455 7
a 288 126 6
a 289 549 4
a 290 612 5
a 291 100 9
a 291 570 5
a 291 741 8
a 292 4 6
a 292 258 5
a 292 659 3
a 293 233 10
a 293 737 9
a 294 747 10
a 295 627 6
a 296 185 1
a 296 418 10
a 297 120 8
a 298 648 1
a 299 56 1
a 300 143 3
a 300 484 3
a 300 556 8
a 301 549 3
a 301 693 7
a 302 193 5
a 302 295 1
a 303 694 9
a 304 204 3
a 304 379 2
a 305 406 3
a 305 431 6
a 305 449 9
a 306 790 6
a 307 93 6
a 307 143 3
a 308 631 6
a 308 727 2
a 309 232 3
a 309 572 9
a 309 752 4
a 310 7 4
a 311 351 5
a 312 130 7
a 312 517 9
a 313 76 10
a 313 92 7
a 313 199 2
a 314 18 3
a 314 153 6
a 315 121 1
a 316 376 5
a 316 411 7
a 316 787 8
a 317 441 8
a 317 523 1
a 318 245 1
a 318 503 1
a 318 780 6
a 319 103 4
a 319 429 6
a 320 475 2
a 320 544 6
a 321 342 9
a 321 669 7
a 322 315 10
a 323 335 6
a 323 478 10
a 324 391 9
a 324 569 3
a 324 605 10
a 325 102 6
a 325 112 6
a 325 778 3
a 326 114 8
a 327 43 4
a 327 135 2
a 328 243 4
a 328 574 10
a 329 40 6
a 329 691 9
a 330 730 10
a 331 502 9
a 331 603 3
a 332 784 5
a 333 289 4
a 333 304 6
a 334 531 2
a 334 541 10
a 334 741 2
a 335 490 8
a 335 563 4
a 336 321 7
a 336 322 5
a 337 597 10
a 338 700 7
a 339 70 8
a 339 252 4
a 340 184 2
a 340 397 4
a 340 652 2
a 341 147 3
a 342 500 9
a 343 747 8
a 344 114 4
a 344 460 3
a 345 15 6
a 345 578 3
a 346 778 6
a 347 292 2
a 347 312 1
a 347 325 7
a 348 197 8
a 348 383 6
a 348 434 10
a 348 487 3
a 348 701 10
a 349 395 5
a 349 660 10
a 350 442 3
a 351 17 7
a 351 158 7
a 351 699 5
a 352 240 3
a 353 706 6
a 354 475 5
a 354 789 2
a 355 74 7
a 355 416 7
a 356 243 4
a 357 167 6
a 357 252 8
a 358 600 4
a 359 204 2
a 360 31 10
a 360 88 7
a 360 323 3
a 360 442 6
a 361 151 9
a 361 630 7
a 362 346 4
a 362 562 6
a 363 639 9
a 363 781 1
a 364 176 1
a 364 183 8
a 364 526 6
a 365 341 4
a 365 624 3
a 365 667 3
a 366 648 2
a 366 797 10
a 367 147 10
a 367 405 7
a 368 106 6
a 369 786 5
a 370 789 5
a 371 195 2
a 371 638 5
a 372 301 4
a 372 593 1
a 373 84 9
a 373 750 7
a 374 30 2
a 374 217 7
a 375 258 9
a 375 731 2
a 376 238 8
a 377 146 9
a 377 285 10
a 378 33 9
a 378 360 4
a 379 138 10
a 380 325 1
a 380 737 6
a 381 241 10
a 381 534 1
a 382 579 2
a 382 655 2
a 382 658 4
a 383 688 2
a 384 106 4
a 384 694 10
a 384 770 4
a 385 453 3
a 385 506 2
a 385 732 7
a 386 293 9
a 386 763 8
a 387 102 2
a 388 334 7
a 388 625 4
a 389 736 7
a 389 741 4
a 390 349 2
a 391 67 2
a 391 438 6
a 392 137 3
a 392 644 2
a 393 25 1
a 393 222 8
a 393 605 10
a 394 659 3
a 395 437 8
a 396 328 1
a 397 15 10
a 397 440 5
a 398 94 9
a 399 563 6
a 400 156 9
a 400 538 4
a 401 422 10
a 401 503 7
a 402 10 8
a 402 619 8
a 403 427 6
a 403 614 5
a 403 617 2
a 404 177 1
a 404 202 7
a 404 256 8
a 404 470 3
a 405 139 4
a 405 157 1
a 405 476 7
a 406 344 8
a 407 394 3
a 407 800 2
a 408 416 8
a 409 477 1
a 409 586 5
a 410 134 8
a 411 241 10
a 412 346 3
a 412 622 9
a 412 704 6
a 413 609 4
a 414 653 3
a 415 18 9
a 415 38 10
a 416 225 1
a 416 528 4
a 417 149 7
a 418 3 2
a 418 78 1
a 418 492 6
a 419 209 2
a 419 452 5
a 420 423 6
a 421 409 7
a 422 12 5
a 422 444 3
a 423 280 7
a 424 452 8
a 425 323 4
a 425 328 10
a 426 61 3
a 426 132 3
a 427 306 5
a 428 378 3
a 428 412 7
a 429 140 2
a 429 567 3
a 429 677 5
a 430 788 5
a 431 519 4
a 432 160 4
a 433 104 9
a 433 344 1
a 433 656 3
a 433 662 5
a 434 487 9
a 434 668 5
a 435 501 10
a 435 522 10
a 436 81 1
a 436 130 4
a 436 646 1
a 437 722 7
a 438 77 1
a 438 152 5
a 438 204 7
a 438 557 4
a 439 275 1
a 439 589 7
a 439 729 4
a 440 105 9
a 440 406 2
a 441 597 1
a 442 644 7
a 443 194 4
a 443 577 4
a 444 467 9
a 444 799 8
a 445 87 1
a 446 341 5
a 447 354 1
a 448 235 2
a 448 734 2
a 449 64 6
a 449 325 8
a 450 24 3
a 451 8 7
a 451 164 1
a 451 224 10
a 451 379 1
a 451 584 4
a 452 82 5
a 453 185 9
a 453 481 8
a 454 298 8
a 455 26 4
a 455 143 9
a 455 428 6
a 456 555 9
a 457 389 2
a 457 516 4
a 457 521 9
a 458 380 8
a 458 570 6
a 459 463 6
a 460 472 1
a 461 42 9
a 461 791 3
a 462 611 7
a 463 29 2
a 463 239 5
a 463 398 8
a 464 692 9
a 465 547 2
a 466 179 2
a 466 234 3
a 466 337 10
a 466 342 5
a 467 235 3
a 468 111 1
a 468 552 1
a 469 756 3
a 469 771 4
a 470 321 9
a 470 618 9
a 471 13 3
a 472 463 3
a 473 256 6
a 474 60 2
a 474 273 2
a 474 607 7
a 475 289 4
a 476 442 9
a 477 93 10
a 477 123 7
a 477 570 10
a 477 595 2
a 478 200 2
a 479 745 5
a 480 219 7
a 480 788 5
a 481 795 6
a 482 80 1
a 483 422 5
a 484 450 5
a 484 650 2
a 485 95 9
a 485 545 2
a 485 563 7
a 486 230 1
a 486 498 3
a 487 137 8
a 488 24 9
a 489 221 5
a 489 309 6
a 489 445 7
a 489 717 4
a 490 259 10
a 491 580 8
a 491 773 8
a 491 797 3
a 492 378 4
a 492 439 5
a 492 709 3
a 493 340 6
a 493 459 5
a 494 75 4
a 495 172 5
a 495 767 10
a 496 99 6
a 496 241 4
a 497 273 10
a 497 578 9
a 498 696 5
a 499 97 6
a 499 761 8
a 500 597 9
a 500 612 9
a 501 10 4
a 502 506 7
a 502 719 8
a 503 569 3
a 504 535 4
a 505 765 5
a 506 704 5
a 507 112 1
a 507 601 1
a 508 386 8
a 509 57 8
a 509 315 4
a 510 385 1
a 511 316 3
a 512 19 4
a 512 390 8
a 513 431 2
a 514 201 2
a 514 284 8
a 514 732 3
a 515 686 6
a 516 572 8
a 516 602 10
a 517 497 5
a 517 535 8
a 517 568 5
a 517 718 5
a 518 410 6
a 518 732 7
a 519 293 8
a 519 626 10
a 519 752 9
a 520 513 3
a 521 529 3
a 521 630 8
a 522 283 6
a 522 318 5
a 522 685 1
a 523 54 5
a 523 62 1
a 523 84 7
a 523 672 1
a 524 83 3
a 524 293 3
a 525 327 3
a 525 354 2
a 525 362 7
a 526 325 4
a 527 38 7
a 528 352 8
a 529 28 6
a 529 419 7
a 529 662 2
a 530 131 6
a 530 182 5
a 531 308 5
a 531 690 1
a 532 59 2
a 532 427 5
a 532 508 6
a 533 562 2
a 533 712 9
a 534 600 7
a 535 117 8
a 536 285 8
a 536 293 3
a 537 87 3
a 537 776 2
a 538 229 7
a 538 789 4
a 539 108 7
a 539 722 10
a 540 495 9
a 540 769 9
a 541 605 7
a 541 647 3
a 542 142 10
a 542 645 8
a 543 109 1
a 543 121 4
a 543 125 10
a 544 563 1
a 545 42 2
a 545 473 10
a 545 722 10
a 546 302 8
a 546 685 2
a 547 71 9
a 547 487 1
a 547 622 7
a 548 533 3
a 548 713 4
a 549 139 10
a 549 592 5
a 550 674 10
a 551 174 9
a 551 733 8
a 552 110 7
a 552 385 10
a 553 621 2
a 554 82 5
a 554 214 9
a 554 282 4
a 555 327 8
a 555 344 10
a 556 367 10
a 556 685 9
a 557 449 3
a 558 669 8
a 559 494 9
a 560 203 4
a 561 342 8
a 562 17 5
a 562 116 3
a 562 305 9
a 562 411 6
a 562 464 3
a 562 479 10
a 563 639 1
a 563 755 2
a 564 553 1
a 565 145 10
a 565 253 10
a 566 46 5
a 566 415 10
a 567 83 7
a 567 392 5
a 568 186 7
a 568 768 1
a 569 400 2
a 570 132 4
a 570 279 10
a 570 754 1
a 571 62 9
a 572 314 7
a 572 488 4
a 573 243 10
a 574 503 4
a 575 172 2
a 575 430 6
a 576 368 10
a 576 600 4
a 577 540 9
a 577 559 5
a 577 775 5
a 578 439 2
a 578 469 4
a 579 96 2
a 579 163 1
a 580 287 5
a 580 560 6
a 580 609 10
a 581 36 5
a 581 334 3
a 581 377 2
a 582 39 7
a 582 422 5
a 583 22 7
a 583 97 7
a 583 187 10
a 583 399 2
a 584 480 6
a 584 626 10
a 585 265 8
a 586 202 5
a 586 634 7
a 587 14 4
a 587 16 5
a 587 347 9
a 587 612 2
a 587 700 3
a 588 229 6
a 588 316 4
a 588 610 8
a 589 100 3
a 590 549 10
a 591 441 4
a 592 65 7
a 592 675 2
a 593 37 8
a 593 137 2
a 594 204 7
a 595 79 8
a 596 738 4
a 597 352 6
a 597 373 4
a 598 502 9
a 599 270 2
a 599 525 5
a 599 583 3
a 599 759 9
a 600 57 4
a 600 731 9
a 601 154 8
a 601 155 3
a 602 382 3
a 602 743 1
a 602 792 5
a 603 714 3
a 604 387 5
a 604 593 1
a 605 160 10
a 605 796 6
a 606 49 9
a 607 371 8
a 608 39 1
a 608 180 1
a 608 740 3
a 609 293 4
a 610 255 1
a 610 490 4
a 611 488 7
a 611 521 2
a 612 122 1
a 612 656 6
a 612 706 8
a 613 249 3
a 613 701 9
a 614 124 10
a 614 396 5
a 614 713 6
a 614 750 5
a 614 791 6
a 615 175 3
a 615 468 5
a 615 483 7
a 615 518 10
a 616 184 1
a 617 184 3
a 618 625 9
a 619 196 9
a 619 307 5
a 619 386 2
a 620 226 9
a 621 45 9
a 621 544 8
a 622 298 10
a 622 338 2
a 622 502 4
a 623 242 8
a 623 432 7
a 623 574 2
a 623 608 9
a 624 711 8
a 624 720 6
a 625 206 9
a 625 239 6
a 626 402 10
a 626 417 2
a 627 53 2
a 627 168 4
a 627 644 10
a 628 539 6
a 628 599 1
a 629 523 3
a 629 571 2
a 629 715 5
a 630 435 10
a 630 692 9
a 631 56 10
a 631 156 7
a 631 249 10
a 632 494 5
a 632 724 8
a 633 276 2
a 633 605 1
a 634 211 1
a 634 475 2
a 635 86 7
a 635 758 3
a 636 532 10
a 636 587 1
a 637 60 5
a 638 314 9
a 639 593 8
a 640 49 2
a 640 188 2
a 640 671 8
a 640 673 3
a 641 11 3
a 641 170 9
a 642 187 1
a 642 460 9
a 643 734 3
a 644 159 3
a 644 507 5
a 645 217 3
a 645 433 8
a 645 635 9
a 645 757 2
a 646 714 7
a 646 757 10
a 647 351 3
a 647 707 3
a 648 452 8
a 648 778 5
a 649 336 10
a 649 690 7
a 649 754 2
a 650 159 9
a 650 288 7
a 651 166 1
a 651 407 8
a 652 623 1
a 652 633 1
a 653 551 3
a 653 734 6
a 654 369 1
a 654 727 4
a 655 319 7
a 655 486 9
a 655 675 1
a 656 232 2
a 656 461 2
a 657 313 1
a 657 371 1
a 657 479 8
a 657 721 10
a 658 120 10
a 658 492 7
a 658 784 1
a 659 11 5
a 659 577 10
a 660 198 10
a 660 692 6
a 661 684 10
a 661 689 4
a 662 324 2
a 662 508 2
a 663 9 1
a 663 106 6
a 663 213 8
a 663 702 9
a 664 47 8
a 665 705 7
a 666 20 1
a 666 91 9
a 666 390 5
a 666 437 2
a 666 621 1
a 667 136 6
a 667 279 2
a 668 216 3
a 669 115 6
a 669 369 2
a 669 599 9
a 669 680 6
a 670 71 4
a 670 414 4
a 671 273 9
a 672 499 7
a 672 579 1
a 673 371 8
a 673 416 1
a 674 281 2
a 674 556 2
a 675 249 6
a 675 356 10
a 676 6 10
a 676 119 5
a 676 643 10
a 677 623 9
a 678 148 8
a 678 638 2
a 679 65 6
a 679 228 1
a 679 446 2
a 680 433 4
a 680 659 2
a 681 300 4
a 681 405 2
a 681 491 1
a 682 264 10
a 682 384 10
a 683 665 4
a 683 672 2
a 683 786 9
a 684 653 7
a 684 673 5
a 685 401 7
a 686 291 6
a 686 311 6
a 686 480 6
a 687 215 8
a 687 253 10
a 687 478 10
a 687 616 7
a 687 652 6
a 688 136 1
a 688 443 1
a 688 697 5
a 688 698 6
a 689 593 10
a 690 587 6
a 691 295 10
a 691 373 6
a 691 548 9
a 692 380 4
a 692 565 7
a 693 528 1
a 694 226 1
a 694 258 5
a 695 307 2
a 695 588 7
a 696 7 4
a 696 23 7
a 696 176 9
a 696 207 8
a 696 607 4
a 696 777 6
a 696 798 3
a 697 259 9
a 697 290 2
a 698 674 5
a 698 681 3
a 699 21 10
a 699 266 4
a 699 289 7
a 699 511 10
a 699 790 8
a 700 113 10
a 700 671 3
a 701 735 10
a 702 269 4
a 702 494 7
a 702 642 10
a 703 248 1
a 703 725 5
a 704 118 3
a 705 547 8
a 705 561 10
a 706 323 2
a 707 690 4
a 708 666 6
a 709 522 2
a 710 227 8
a 710 244 6
a 710 472 10
a 710 509 5
a 711 695 4
a 712 29 4
a 712 176 5
a 713 243 1
a 713 372 8
a 713 466 4
a 714 204 10
a 714 213 2
a 715 528 10
a 715 638 10
a 716 532 1
a 717 96 5
a 717 246 3
a 718 349 1
a 718 472 5
a 719 261 9
a 720 47 2
a 720 378 3
a 721 270 10
a 721 735 1
a 722 652 7
a 723 13 5
a 723 578 1
a 724 4 1
a 724 332 4
a 724 613 7
a 724 637 3
a 724 649 7
a 724 794 5
a 725 47 3
a 725 365 8
a 726 358 6
a 726 451 3
a 727 320 1
a 728 325 6
a 728 700 3
a 729 576 10
a 729 719 3
a 729 726 2
a 730 133 2
a 731 140 3
a 731 144 3
a 731 450 7
a 732 489 8
a 733 90 4
a 734 4 5
a 734 150 4
a 734 251 10
a 735 582 4
a 736 192 9
a 736 493 3
a 737 485 2
a 737 506 1
a 737 559 4
a 738 687 9
a 739 425 5
a 739 486 9
a 740 523 4
a 741 169 2
a 741 586 3
a 742 696 4
a 743 227 3
a 743 314 5
a 744 529 1
a 744 671 6
a 745 45 1
a 745 470 6
a 746 431 1
a 747 426 9
a 747 546 3
a 748 35 8
a 748 42 7
a 749 356 1
a 750 400 4
a 751 68 4
a 751 75 7
a 751 286 10
a 751 330 2
a 752 225 7
a 752 788 4
a 753 39 8
a 753 678 8
a 754 160 9
a 754 502 4
a 755 165 6
a 755 527 7
a 755 686 7
a 756 37 5
a 757 471 8
a 757 560 7
a 758 353 10
a 758 689 6
a 759 281 3
a 760 271 8
a 760 278 5
a 760 345 8
a 760 738 2
a 760 779 2
a 761 547 10
a 761 581 5
a 762 280 8
a 763 687 2
a 764 101 4
a 764 277 1
a 764 329 7
a 765 4 2
a 765 306 6
a 766 298 5
a 766 495 5
a 766 598 4
a 767 743 3
a 768 222 2
a 769 447 6
a 769 774 3
a 770 261 7
a 771 58 10
a 771 355 5
a 771 543 1
a 771 625 4
a 772 496 2
a 772 682 5
a 773 296 10
a 773 456 10
a 773 778 1
a 774 399 9
a 774 404 8
a 774 748 5
a 775 591 2
a 775 689 2
a 776 138 1
a 776 279 3
a 777 599 8
a 778 205 5
a 778 558 2
a 779 90 4
a 779 203 6
a 779 372 5
a 780 643 9
a 781 422 8
a 781 454 4
a 781 507 3
a 782 111 3
a 782 274 1
a 783 177 7
a 783 611 4
a 784 308 7
a 784 436 4
a 785 417 4
a 786 200 5
a 786 375 5
a 786 765 8
a 786 772 2
a 787 730 8
a 788 740 4
a 789 78 9
a 790 592 8
a 791 526 3
a 792 378 9
a 793 223 10
a 793 651 2
a 794 181 2
a 794 320 3
a 794 558 2
a 794 767 9
a 794 795 7
a 795 464 2
a 796 703 4
a 797 43 4
a 797 327 5
a 797 363 7
a 798 2 5
a 798 415 8
a 799 357 5
a 799 780 9
