p max 800 1600
n 1 s
n 800 t
a 1 436 7
a 1 519 7
a 2 572 3
a 3 342 8
a 3 397 3
a 3 544 7
a 4 298 3
a 5 11 7
a 5 437 7
a 6 73 4
a 6 394 4
a 6 684 2
a 7 160 2
a 7 709 6
a 8 246 8
a 8 318 3
a 8 488 1
a 8 736 10
a 9 534 4
a 9 546 6
a 10 539 8
a 10 669 7
a 11 4 5
a 12 11 4
a 12 48 5
a 12 328 3
a 13 255 8
a 14 17 5
a 15 145 6
a 16 140 3
a 17 286 9
a 17 753 1
a 18 411 9
a 19 199 3
a 19 726 1
a 19 758 4
a 20 394 5
a 20 698 1
a 21 490 3
a 22 770 4
a 23 99 1
a 23 131 5
a 23 347 6
a 24 730 5
a 25 159 8
a 25 583 7
a 25 715 4
a 26 42 10
a 26 197 9
a 27 152 6
a 27 735 7
a 27 756 1
a 28 150 1
a 28 209 7
a 28 596 7
a 29 448 3
a 29 508 4
a 30 26 9
a 30 784 8
a 31 167 10
a 31 661 4
a 32 43 5
a 33 267 4
a 33 349 9
a 33 368 6
a 33 407 3
a 34 314 2
a 35 84 5
a 35 536 8
a 36 69 3
a 36 530 3
a 37 15 4
a 37 27 8
a 37 230 10
a 37 717 7
a 38 6 8
a 38 565 3
a 39 381 8
a 39 410 7
a 40 764 8
a 41 14 5
a 41 635 6
a 42 213 5
a 43 375 3
a 43 471 2
a 44 49 5
a 44 598 4
a 44 760 9
a 45 168 8
a 45 722 5
a 46 196 7
a 47 335 8
a 48 210 8
a 48 364 3
a 48 778 6
a 49 154 5
a 50 706 2
a 51 148 9
a 52 658 5
a 52 785 6
a 53 378 7
a 53 468 7
a 53 501 8
a 54 747 9
a 54 748 6
a 55 256 9
a 55 399 5
a 56 447 1
a 57 299 3
a 58 660 3
a 58 763 8
a 58 773 6
a 58 798 7
a 59 517 6
a 60 24 3
a 61 107 6
a 61 147 10
a 62 6 3
a 62 168 3
a 63 391 5
a 64 77 8
a 64 384 5
a 64 695 4
a 65 25 2
a 65 66 1
a 65 86 4
a 65 162 9
a 66 455 1
a 66 655 4
a 67 483 6
a 67 594 8
a 67 701 5
a 68 448 10
a 68 779 5
a 69 236 5
a 69 406 6
a 69 566 8
a 70 676 8
a 71 234 3
a 72 4 7
a 72 98 8
a 72 673 7
a 72 693 5
a 72 753 5
a 73 611 10
a 73 708 3
a 74 200 2
a 74 347 4
a 75 564 6
a 76 47 7
a 76 515 10
a 76 585 9
a 77 81 8
a 77 353 6
a 77 601 2
a 78 8 3
a 79 476 6
a 80 783 2
a 81 718 7
a 82 85 4
a 82 573 2
a 83 687 6
a 84 196 5
a 84 217 7
a 84 584 7
a 84 632 7
a 85 280 10
a 85 543 1
a 86 438 10
a 86 479 10
a 86 779 9
a 87 592 4
a 87 636 7
a 88 411 2
a 88 795 10
a 89 12 8
a 89 664 1
a 90 274 3
a 90 580 7
a 91 30 2
a 91 173 7
a 91 225 6
a 91 758 9
a 92 490 6
a 93 199 10
a 93 495 3
a 94 485 2
a 95 177 2
a 95 605 4
a 96 254 6
a 96 319 2
a 96 563 3
a 97 21 1
a 97 276 9
a 97 573 3
a 97 657 7
a 97 729 3
a 98 646 7
a 99 419 8
a 100 155 5
a 100 494 4
a 101 770 7
a 102 203 7
a 102 404 7
a 103 488 3
a 104 697 2
a 105 61 1
a 105 486 1
a 106 175 9
a 107 205 8
a 108 758 3
a 109 6 2
a 110 116 7
a 110 650 1
a 110 758 9
a 111 728 2
a 112 216 1
a 112 683 4
a 113 152 8
a 113 488 9
a 114 21 1
a 114 464 7
a 115 417 4
a 115 567 1
a 116 338 3
a 116 348 7
a 117 20 7
a 117 94 10
a 117 114 10
a 117 202 7
a 118 236 6
a 118 283 8
a 118 556 3
a 119 149 10
a 119 183 9
a 119 742 6
a 120 173 3
a 120 322 6
a 120 732 1
a 121 72 5
a 122 430 7
a 123 90 6
a 123 704 6
a 124 685 1
a 125 588 6
a 125 640 5
a 126 93 10
a 126 492 5
a 126 536 4
a 126 672 2
a 127 640 8
a 128 371 9
a 129 502 5
a 129 550 2
a 129 631 2
a 130 73 8
a 131 150 9
a 131 424 8
a 132 233 7
a 132 476 3
a 132 499 2
a 133 212 8
a 133 516 10
a 134 596 3
a 135 344 4
a 136 21 1
a 136 172 7
a 137 156 4
a 137 222 10
a 137 469 2
a 138 649 5
a 139 273 6
a 139 451 2
a 139 473 2
a 140 191 1
a 141 8 10
a 141 90 7
a 141 145 4
a 141 260 4
a 141 700 1
a 142 259 10
a 143 521 1
a 144 306 4
a 144 375 4
a 145 408 5
a 146 631 1
a 147 552 3
a 147 660 2
a 147 696 1
a 148 123 2
a 148 125 9
a 148 666 7
a 148 681 3
a 148 750 9
a 149 718 3
a 150 39 2
a 150 153 10
a 151 303 4
a 151 560 2
a 151 636 6
a 152 441 10
a 152 536 4
a 152 680 3
a 153 460 6
a 154 15 7
a 154 46 9
a 154 150 10
a 154 685 6
a 154 737 8
a 155 726 1
a 156 5 10
a 156 194 7
a 156 197 7
a 156 608 5
a 157 734 1
a 158 592 3
a 159 219 6
a 159 257 3
a 159 394 7
a 159 775 3
a 160 510 6
a 161 293 1
a 161 387 4
a 162 8 9
a 162 622 10
a 163 469 10
a 164 215 2
a 165 50 6
a 165 126 6
a 166 419 4
a 167 94 1
a 168 223 5
a 168 407 9
a 169 207 10
a 169 305 9
a 170 280 1
a 171 28 6
a 171 377 9
a 172 135 5
a 172 395 5
a 173 172 2
a 173 297 9
a 174 92 9
a 175 344 6
a 176 262 1
a 176 629 3
a 177 491 5
a 178 543 5
a 179 635 7
a 180 240 8
a 180 622 6
a 181 237 8
a 181 248 10
a 181 644 3
a 182 285 5
a 182 350 9
a 182 663 4
a 183 418 10
a 183 543 7
a 184 408 9
a 185 80 1
a 185 594 4
a 186 4 6
a 186 319 5
a 187 110 10
a 187 261 6
a 187 538 2
a 188 221 1
a 188 417 10
a 189 682 4
a 190 215 10
a 190 606 5
a 190 607 2
a 190 747 4
a 191 47 10
a 191 706 5
a 192 544 5
a 193 601 3
a 194 59 5
a 194 249 1
a 194 583 7
a 195 92 5
a 195 320 9
a 195 531 4
a 196 516 6
a 196 554 5
a 197 10 1
a 197 148 8
a 197 518 2
a 198 613 1
a 199 602 2
a 200 755 4
a 201 524 3
a 202 53 2
a 203 76 1
a 203 471 3
a 203 675 9
a 204 720 1
a 205 379 9
a 205 564 9
a 205 779 8
a 206 182 9
a 206 192 6
a 206 479 5
a 207 754 4
a 208 326 6
a 208 560 9
a 209 216 4
a 209 757 8
a 210 410 9
a 210 462 5
a 210 498 3
a 210 670 8
a 211 142 9
a 212 355 10
a 213 369 6
a 213 526 5
a 214 279 6
a 214 298 9
a 214 522 1
a 214 546 5
a 215 53 5
a 215 639 5
a 216 123 8
a 217 297 5
a 218 615 7
a 218 800 8
a 219 319 6
a 219 595 7
a 219 721 1
a 220 575 4
a 220 708 5
a 221 320 7
a 221 616 2
a 221 623 5
a 222 495 3
a 222 521 7
a 223 186 2
a 223 274 9
a 224 394 10
a 224 495 9
a 224 686 3
a 225 58 10
a 225 259 2
a 225 396 4
a 225 654 5
a 226 655 4
a 226 679 8
a 227 54 5
a 227 401 8
a 228 109 8
a 228 241 2
a 229 665 2
a 230 377 2
a 231 689 3
a 231 726 4
a 232 203 6
a 233 88 2
a 233 498 9
a 234 90 5
a 234 101 4
a 235 471 1
a 235 702 9
a 236 165 3
a 236 360 8
a 237 379 2
a 237 516 8
a 237 587 5
a 238 227 10
a 238 660 5
a 239 190 9
a 240 547 5
a 241 75 2
a 241 370 6
a 241 662 6
a 242 45 7
a 242 189 4
a 242 390 9
a 243 494 8
a 243 540 3
a 244 185 7
a 244 523 2
a 245 250 10
a 245 382 3
a 246 624 3
a 247 67 8
a 248 472 1
a 249 341 2
a 249 423 8
a 249 610 2
a 250 4 4
a 251 43 2
a 251 336 2
a 251 619 2
a 252 194 10
a 253 377 2
a 253 712 1
a 254 308 6
a 254 738 4
a 255 265 9
a 255 472 6
a 255 488 5
a 255 569 1
a 255 716 7
a 256 34 8
a 256 333 8
a 256 428 1
a 257 270 9
a 257 376 10
a 258 204 1
a 258 254 4
a 258 266 10
a 258 497 10
a 259 226 4
a 259 687 4
a 260 739 9
a 261 69 2
a 261 510 5
a 261 784 3
a 262 18 4
a 262 148 6
a 262 269 3
a 262 443 10
a 263 249 3
a 264 509 8
a 265 13 4
a 265 430 8
a 265 467 7
a 266 60 2
a 266 555 7
a 266 572 10
a 267 345 8
a 267 589 9
a 267 653 4
a 268 354 8
a 269 224 6
a 269 392 4
a 269 657 2
a 270 328 6
a 270 517 2
a 270 722 5
a 271 164 7
a 271 669 9
a 272 605 7
a 273 138 2
a 273 373 8
a 274 622 2
a 275 341 3
a 275 561 7
a 276 159 1
a 276 166 4
a 276 268 5
a 276 688 5
a 277 152 2
a 277 339 10
a 278 583 6
a 279 752 7
a 280 537 3
a 281 64 6
a 281 374 2
a 282 188 2
a 282 672 2
a 283 176 8
a 283 330 2
a 283 453 5
a 283 786 5
a 284 159 2
a 285 429 7
a 286 89 4
a 286 238 6
a 286 752 8
a 287 570 8
a 287 773 5
a 288 24 8
a 289 130 1
a 289 565 6
a 290 101 6
a 290 118 2
a 291 102 10
a 291 311 5
a 291 341 6
a 292 247 4
a 292 335 1
a 293 458 1
a 294 635 10
a 294 749 7
a 295 452 5
a 295 474 9
a 295 713 3
a 296 383 4
a 296 498 4
a 296 613 7
a 297 668 2
a 297 794 4
a 298 41 7
a 299 14 7
a 299 669 4
a 300 89 1
a 300 287 7
a 300 357 7
a 301 456 7
a 302 295 8
a 302 444 10
a 302 457 9
a 303 74 9
a 303 324 9
a 304 70 8
a 304 122 8
a 305 89 10
a 305 708 5
a 306 588 2
a 306 710 5
a 307 42 1
a 307 143 7
a 307 423 2
a 307 568 6
a 308 453 8
a 308 535 9
a 308 674 10
a 309 551 4
a 309 707 6
a 310 100 4
a 310 430 1
a 310 444 6
a 310 606 7
a 311 380 6
a 312 449 7
a 312 477 2
a 312 724 5
a 312 741 9
a 313 248 5
a 313 582 2
a 313 652 7
a 313 677 5
a 314 416 9
a 315 288 4
a 316 614 1
a 317 321 1
a 317 435 2
a 318 409 10
a 318 576 8
a 318 781 8
a 319 234 1
a 319 769 5
a 320 198 8
a 320 487 5
a 321 151 8
a 321 749 2
a 322 428 4
a 322 454 7
a 322 558 9
a 322 631 9
a 322 788 5
a 323 388 7
a 323 772 4
a 324 81 8
a 325 241 2
a 325 281 3
a 326 610 6
a 327 62 6
a 327 175 8
a 327 353 2
a 328 466 1
a 328 628 2
a 329 54 9
a 329 104 4
a 330 105 8
a 330 590 10
a 330 774 7
a 331 262 3
a 331 591 3
a 331 641 8
a 332 253 9
a 332 340 8
a 332 612 5
a 333 143 9
a 333 474 10
a 334 25 5
a 335 123 1
a 336 484 9
a 336 615 1
a 336 780 4
a 337 207 9
a 337 500 4
a 338 487 4
a 339 745 2
a 339 765 10
a 340 72 4
a 340 577 6
a 341 307 9
a 341 403 4
a 341 663 3
a 342 421 3
a 343 499 3
a 344 624 8
a 344 633 3
a 344 800 9
a 345 294 4
a 345 315 10
a 345 391 10
a 346 510 8
a 346 587 1
a 347 50 1
a 347 52 3
a 347 422 7
a 348 321 7
a 348 604 6
a 349 585 9
a 350 358 10
a 350 376 2
a 350 513 5
a 351 160 1
a 351 248 7
a 352 71 10
a 352 338 9
a 352 446 3
a 353 113 4
a 354 161 5
a 354 205 3
a 354 251 9
a 354 346 1
a 354 475 4
a 354 525 9
a 354 743 3
a 355 767 3
a 356 75 2
a 357 133 5
a 358 182 6
a 359 195 2
a 359 591 2
a 359 710 6
a 360 44 3
a 360 84 10
a 361 62 2
a 361 405 4
a 361 455 7
a 361 650 2
a 362 220 3
a 362 778 3
a 363 249 9
a 364 33 6
a 364 289 4
a 364 422 5
a 364 691 7
a 365 343 10
a 365 749 6
a 366 473 2
a 367 357 6
a 368 162 8
a 368 771 4
a 369 204 3
a 369 304 10
a 369 621 1
a 370 86 3
a 371 2 5
a 371 129 4
a 371 242 8
a 371 800 8
a 372 702 3
a 372 705 5
a 373 178 10
a 373 187 1
a 373 669 6
a 373 739 9
a 374 29 4
a 374 507 7
a 374 730 1
a 375 91 9
a 375 320 9
a 375 330 9
a 375 372 2
a 376 387 1
a 376 748 6
a 377 590 6
a 378 274 2
a 379 536 4
a 380 528 7
a 380 757 3
a 381 409 7
a 382 352 5
a 382 657 1
a 383 538 10
a 384 332 3
a 384 567 6
a 385 207 5
a 385 418 4
a 386 211 5
a 386 327 5
a 386 723 10
a 387 60 9
a 388 648 6
a 388 674 5
a 388 718 4
a 388 739 1
a 389 40 4
a 389 41 8
a 389 256 8
a 389 622 6
a 390 312 8
a 390 796 1
a 391 184 7
a 391 334 3
a 391 790 8
a 392 168 6
a 393 2 1
a 394 304 9
a 395 182 1
a 396 22 9
a 396 60 10
a 396 67 5
a 396 639 9
a 397 109 5
a 397 259 9
a 397 772 1
a 398 223 9
a 398 300 4
a 398 593 4
a 398 732 2
a 399 579 7
a 399 746 9
a 400 398 3
a 400 445 9
a 400 626 2
a 400 728 9
a 401 158 3
a 401 207 5
a 401 542 3
a 401 699 4
a 402 645 8
a 402 650 10
a 403 498 5
a 403 730 8
a 404 32 6
a 404 384 9
a 404 769 4
a 405 499 3
a 406 637 10
a 406 719 9
a 407 756 3
a 408 141 8
a 408 204 8
a 409 342 3
a 409 586 5
a 410 18 7
a 410 316 5
a 410 646 9
a 411 480 9
a 412 299 2
a 413 329 4
a 413 365 8
a 414 119 3
a 414 521 8
a 414 783 2
a 415 92 6
a 416 103 2
a 416 105 5
a 416 777 4
a 417 119 3
a 417 154 6
a 417 401 3
a 417 490 2
a 417 687 1
a 418 408 5
a 418 614 6
a 418 686 7
a 419 37 6
a 419 496 2
a 419 786 3
a 420 457 9
a 420 653 9
a 420 739 6
a 421 447 5
a 422 3 8
a 422 223 10
a 422 325 8
a 423 235 2
a 423 594 2
a 424 157 10
a 424 432 3
a 424 782 2
a 425 16 5
a 425 412 3
a 425 490 1
a 425 514 5
a 426 643 2
a 426 752 7
a 427 200 3
a 427 667 10
a 428 210 1
a 428 312 5
a 429 247 6
a 429 559 7
a 429 754 7
a 430 416 3
a 431 255 3
a 431 682 10
a 431 711 3
a 432 95 1
a 432 310 1
a 432 433 8
a 432 616 1
a 433 49 10
a 433 122 4
a 434 587 5
a 435 288 6
a 436 588 2
a 437 65 5
a 437 284 5
a 437 296 10
a 437 466 1
a 438 62 2
a 439 426 5
a 440 702 3
a 441 170 5
a 441 293 1
a 442 479 1
a 442 787 3
a 443 496 5
a 444 506 3
a 444 625 7
a 445 216 8
a 446 470 2
a 446 586 4
a 447 389 8
a 447 610 7
a 448 176 3
a 448 463 2
a 449 582 3
a 449 592 7
a 450 108 3
a 450 637 10
a 451 335 6
a 452 598 1
a 452 800 10
a 453 233 8
a 453 460 4
a 454 243 4
a 454 509 5
a 455 536 9
a 455 677 2
a 456 427 6
a 457 613 3
a 458 630 1
a 458 733 3
a 459 478 9
a 459 540 7
a 460 137 3
a 460 357 7
a 461 561 5
a 462 118 6
a 462 307 4
a 463 680 4
a 464 308 8
a 465 214 8
a 466 121 6
a 466 302 4
a 466 647 9
a 467 86 1
a 467 255 1
a 467 434 1
a 467 506 10
a 468 314 6
a 468 674 9
a 469 237 6
a 470 640 9
a 471 139 3
a 471 186 8
a 471 337 7
a 471 658 7
a 472 340 2
a 473 209 3
a 473 415 2
a 473 431 5
a 474 458 9
a 474 460 6
a 475 582 10
a 475 699 3
a 476 492 1
a 477 615 2
a 478 210 10
a 478 309 1
a 479 333 2
a 479 461 3
a 480 147 9
a 480 694 9
a 481 329 6
a 481 385 10
a 482 67 1
a 482 363 3
a 483 626 3
a 484 133 3
a 484 708 9
a 485 335 2
a 486 746 3
a 486 786 2
a 487 277 10
a 487 668 4
a 487 705 7
a 487 734 2
a 488 404 5
a 489 33 1
a 489 391 7
a 490 246 7
a 491 323 2
a 491 658 9
a 492 788 4
a 493 115 6
a 493 141 4
a 494 442 6
a 494 634 4
a 495 525 9
a 496 23 10
a 496 28 7
a 496 311 2
a 496 413 4
a 496 656 9
a 497 309 10
a 498 321 6
a 498 333 6
a 499 113 6
a 499 162 4
a 499 299 1
a 499 714 4
a 500 265 1
a 501 228 10
a 501 266 8
a 501 566 6
a 502 70 7
a 502 206 3
a 502 302 3
a 502 449 2
a 503 181 3
a 503 213 2
a 503 476 3
a 503 770 6
a 503 797 7
a 504 133 2
a 505 492 9
a 505 547 5
a 506 43 8
a 506 732 4
a 507 701 6
a 508 60 6
a 509 174 10
a 509 486 8
a 509 799 1
a 510 291 9
a 510 605 8
a 510 706 5
a 510 707 2
a 511 530 4
a 512 157 6
a 512 360 4
a 512 697 2
a 513 581 9
a 514 397 2
a 514 579 10
a 515 128 1
a 515 165 10
a 515 425 1
a 515 690 6
a 516 174 7
a 516 275 3
a 517 565 3
a 517 765 4
a 518 243 1
a 519 169 10
a 519 171 3
a 519 636 4
a 520 291 7
a 521 134 5
a 522 719 9
a 523 779 1
a 524 192 9
a 524 343 10
a 524 446 2
a 525 258 8
a 525 665 9
a 526 781 5
a 527 146 2
a 527 389 9
a 527 581 5
a 528 309 10
a 528 442 6
a 528 793 7
a 529 179 3
a 529 424 6
a 530 711 1
a 531 211 8
a 531 374 5
a 531 545 6
a 531 628 2
a 532 755 7
a 533 56 6
a 533 486 9
a 533 502 3
a 533 768 6
a 534 89 2
a 534 541 7
a 535 11 5
a 535 199 10
a 536 31 7
a 536 51 2
a 536 68 4
a 536 589 3
a 537 79 3
a 537 243 8
a 537 318 3
a 537 351 2
a 538 229 3
a 538 271 2
a 538 292 7
a 539 379 4
a 539 638 1
a 540 7 2
a 540 87 8
a 540 445 8
a 540 676 6
a 541 456 8
a 541 505 9
a 542 118 4
a 542 436 1
a 542 548 2
a 543 757 8
a 544 58 10
a 544 152 9
a 545 700 4
a 546 456 3
a 546 792 5
a 547 387 3
a 547 390 1
a 547 767 10
a 548 709 10
a 549 341 8
a 549 369 3
a 549 706 3
a 550 150 8
a 550 692 8
a 551 267 7
a 551 494 2
a 552 136 3
a 552 471 9
a 552 764 9
a 553 96 1
a 553 121 8
a 554 39 3
a 555 478 2
a 556 391 2
a 556 493 4
a 556 681 3
a 557 3 2
a 558 372 9
a 559 36 7
a 560 598 9
a 561 43 9
a 562 594 10
a 563 326 5
a 564 603 2
a 565 264 4
a 566 639 3
a 567 158 9
a 568 309 1
a 569 218 9
a 569 241 3
a 569 429 7
a 569 491 2
a 569 667 2
a 570 137 3
a 571 111 3
a 571 524 7
a 571 582 10
a 572 184 8
a 572 214 6
a 572 244 10
a 572 282 8
a 573 684 5
a 574 190 4
a 574 439 1
a 575 512 7
a 575 645 10
a 576 748 9
a 577 369 4
a 578 301 4
a 578 545 5
a 579 706 7
a 579 780 1
a 580 359 7
a 580 386 5
a 581 290 8
a 581 791 10
a 582 754 3
a 583 264 3
a 584 760 2
a 585 421 2
a 585 481 8
a 585 503 8
a 585 630 5
a 586 479 8
a 586 782 5
a 587 365 6
a 588 102 2
a 588 331 10
a 588 762 10
a 588 770 8
a 588 776 2
a 589 498 10
a 590 43 10
a 591 210 5
a 592 258 4
a 593 142 8
a 593 299 10
a 594 629 5
a 594 646 9
a 595 116 10
a 595 159 1
a 595 520 10
a 596 101 7
a 596 190 6
a 597 675 6
a 598 175 9
a 598 744 4
a 599 781 10
a 600 235 10
a 600 337 7
a 601 380 1
a 602 421 4
a 602 537 6
a 603 314 2
a 604 306 10
a 605 132 9
a 605 167 6
a 606 527 7
a 606 689 9
a 607 117 9
a 607 505 5
a 607 571 3
a 608 314 6
a 609 367 10
a 609 419 4
a 609 479 7
a 609 526 7
a 609 727 7
a 610 734 4
a 611 272 7
a 611 332 1
a 611 376 3
a 612 30 9
a 612 134 3
a 612 414 4
a 613 266 10
a 613 791 2
a 614 74 5
a 614 728 10
a 615 261 4
a 615 445 2
a 615 541 9
a 616 128 7
a 617 288 2
a 617 460 5
a 618 409 3
a 619 734 10
a 620 208 3
a 620 760 2
a 621 466 9
a 622 526 6
a 623 35 3
a 624 70 2
a 624 163 6
a 624 279 4
a 624 790 4
a 625 102 7
a 626 169 4
a 627 20 1
a 627 557 5
a 628 177 4
a 629 19 7
a 629 198 4
a 630 16 5
a 631 220 5
a 631 720 6
a 632 201 1
a 632 476 9
a 633 312 2
a 634 254 3
a 634 400 6
a 635 764 2
a 636 505 7
a 636 753 7
a 636 789 7
a 637 523 8
a 638 629 6
a 639 345 5
a 639 361 1
a 640 404 2
a 640 674 1
a 641 55 10
a 641 127 5
a 641 366 5
a 641 795 6
a 642 651 7
a 643 89 8
a 643 651 2
a 644 527 6
a 644 725 6
a 645 149 6
a 645 161 2
a 645 562 6
a 646 146 3
a 646 691 9
a 647 763 6
a 648 677 9
a 648 733 2
a 649 237 8
a 649 593 9
a 649 759 3
a 649 798 6
a 650 168 9
a 651 737 8
a 652 341 10
a 652 504 10
a 653 33 6
a 653 533 2
a 654 12 2
a 654 485 10
a 654 578 3
a 655 215 7
a 655 252 3
a 655 340 8
a 655 755 4
a 656 399 3
a 656 765 6
a 657 578 8
a 657 641 10
a 658 335 8
a 658 662 7
a 659 140 5
a 659 480 7
a 659 505 10
a 659 618 3
a 659 761 3
a 659 766 9
a 660 623 7
a 661 418 8
a 662 12 9
a 662 245 8
a 663 6 4
a 664 329 2
a 664 532 9
a 664 540 2
a 664 754 4
a 665 144 3
a 665 649 7
a 666 185 7
a 667 186 10
a 667 613 9
a 668 141 3
a 669 86 9
a 670 492 6
a 671 51 4
a 671 426 9
a 671 599 3
a 671 716 1
a 672 203 6
a 672 205 4
a 673 136 6
a 674 381 1
a 675 98 2
a 675 620 9
a 676 407 4
a 676 603 10
a 677 574 1
a 677 793 7
a 678 185 8
a 678 274 2
a 679 402 1
a 679 609 8
a 679 610 6
a 680 746 7
a 681 728 7
a 682 390 7
a 682 416 4
a 683 372 3
a 684 282 9
a 684 284 10
a 685 35 9
a 685 229 5
a 685 600 2
a 685 637 5
a 685 790 5
a 686 222 2
a 686 232 9
a 686 511 8
a 686 671 8
a 687 261 3
a 688 435 2
a 688 740 6
a 689 435 6
a 690 529 6
a 690 531 5
a 691 217 5
a 691 706 7
a 692 796 7
a 693 113 9
a 693 695 2
a 694 538 7
a 695 511 1
a 695 553 10
a 696 57 8
a 696 139 1
a 696 367 6
a 697 755 10
a 698 46 7
a 698 313 1
a 698 454 4
a 698 465 4
a 698 496 5
a 698 505 2
a 699 36 6
a 699 701 7
a 699 751 9
a 700 24 3
a 700 34 9
a 701 199 7
a 702 225 10
a 703 380 2
a 703 429 8
a 704 25 8
a 705 50 2
a 705 112 1
a 705 356 9
a 706 466 3
a 707 746 6
a 708 643 3
a 709 491 9
a 710 191 4
a 710 386 6
a 710 395 4
a 711 193 6
a 711 499 8
a 712 149 8
a 712 600 6
a 713 60 8
a 713 167 10
a 713 231 8
a 713 593 2
a 714 440 9
a 714 651 4
a 715 362 6
a 715 507 1
a 716 229 10
a 717 317 4
a 717 375 8
a 718 130 3
a 718 147 10
a 718 659 4
a 719 261 5
a 719 294 1
a 719 627 8
a 720 84 4
a 720 263 4
a 720 373 7
a 721 224 6
a 721 649 9
a 721 677 10
a 722 455 5
a 723 375 3
a 724 38 7
a 724 464 5
a 724 506 4
a 725 103 4
a 725 511 3
a 726 78 6
a 726 106 6
a 726 375 2
a 726 675 1
a 727 123 5
a 728 202 6
a 729 376 6
a 730 147 5
a 731 752 7
a 732 88 10
a 732 264 8
a 733 83 7
a 733 717 7
a 733 795 1
a 734 630 2
a 735 292 6
a 736 120 10
a 736 719 6
a 737 484 8
a 737 596 1
a 738 596 7
a 739 126 8
a 739 602 5
a 740 187 6
a 741 439 4
a 742 216 3
a 742 359 8
a 743 197 3
a 744 508 6
a 744 608 1
a 745 239 1
a 745 431 7
a 746 97 8
a 746 549 4
a 746 609 8
a 747 17 10
a 747 713 7
a 748 359 3
a 749 94 8
a 749 420 7
a 749 660 6
a 749 665 2
a 750 82 4
a 750 450 8
a 751 335 5
a 751 417 2
a 752 45 6
a 752 447 9
a 753 9 7
a 753 366 4
a 754 229 1
a 754 738 3
a 755 566 6
a 756 295 8
a 757 279 7
a 757 501 6
a 758 688 6
a 759 294 9
a 759 344 5
a 760 489 8
a 760 512 10
a 760 597 8
a 761 618 7
a 762 583 9
a 763 91 7
a 763 148 1
a 764 39 7
a 764 450 6
a 765 154 6
a 765 428 9
a 766 451 2
a 767 349 2
a 767 427 10
a 767 731 9
a 768 92 4
a 769 574 9
a 770 754 10
a 771 180 7
a 771 562 4
a 772 783 3
a 773 17 5
a 773 278 7
a 774 198 9
a 775 371 2
a 775 723 9
a 776 781 10
a 776 795 9
a 777 738 9
a 778 482 2
a 778 518 9
a 779 263 8
a 779 678 5
a 779 703 6
a 780 276 7
a 781 191 5
a 781 354 9
a 782 139 7
a 783 473 4
a 783 645 6
a 784 250 9
a 784 730 6
a 785 598 3
a 786 520 1
a 786 525 9
a 787 393 6
a 787 630 7
a 788 170 5
a 789 39 10
a 789 503 5
a 790 63 3
a 790 637 7
a 791 325 3
a 792 596 7
a 793 210 6
a 793 642 8
a 793 700 7
a 793 774 6
a 794 197 6
a 795 19 4
a 795 355 2
a 795 380 3
a 796 12 10
a 796 617 10
a 797 383 3
a 798 577 1
a 798 588 3
a 799 110 3
a 799 124 4
a 799 459 10
