p max 800 1600
n 1 s
n 800 t
a 1 445 7
a 2 82 4
a 2 391 8
a 2 755 4
a 3 137 6
a 3 464 2
a 4 217 10
a 5 631 9
a 5 665 2
a 6 324 8
a 6 431 5
a 7 637 2
a 8 55 2
a 9 618 2
a 9 735 8
a 10 495 10
a 11 239 1
a 11 263 5
a 12 51 5
a 12 77 2
a 12 318 2
a 13 17 2
a 13 706 9
a 13 719 5
a 14 490 6
a 14 517 10
a 15 185 10
a 16 235 1
a 16 321 7
a 16 501 3
a 17 501 4
a 17 721 6
a 17 791 8
a 18 251 5
a 19 420 4
a 19 757 8
a 20 740 10
a 21 54 2
a 21 144 5
a 22 441 2
a 22 577 2
a 23 24 2
a 23 575 9
a 23 674 10
a 23 766 1
a 24 45 8
a 25 49 5
a 25 82 7
a 26 234 9
a 26 238 8
a 26 415 4
a 26 600 5
a 27 194 2
a 28 121 6
a 28 259 4
a 29 727 4
a 30 359 6
a 31 232 8
a 31 408 5
a 32 31 6
a 32 667 3
a 33 88 9
a 33 109 8
a 33 502 4
a 34 94 10
a 34 647 5
a 34 722 9
a 35 605 7
a 35 777 5
a 36 554 1
a 36 662 4
a 36 686 5
a 36 778 10
a 37 115 9
a 37 556 1
a 38 121 10
a 38 423 5
a 39 300 1
a 39 626 4
a 40 51 1
a 40 462 1
a 41 474 3
a 41 588 6
a 42 138 6
a 42 737 1
a 43 264 6
a 44 620 9
a 45 441 8
a 46 426 6
a 46 477 9
a 47 99 3
a 47 274 4
a 48 519 5
a 48 625 4
a 49 523 6
a 49 744 2
a 50 781 3
a 51 201 7
a 51 346 8
a 51 435 3
a 52 770 4
a 53 78 2
a 53 269 1
a 53 360 4
a 54 53 2
a 54 102 9
a 54 533 9
a 54 595 3
a 55 16 3
a 55 697 4
a 56 63 5
a 56 178 9
a 57 68 7
a 57 240 4
a 58 314 10
a 58 747 1
a 59 426 7
a 59 441 3
a 60 362 1
a 60 701 7
a 61 473 2
a 61 542 6
a 61 757 10
a 62 708 1
a 63 49 1
a 63 132 4
a 63 479 9
a 64 496 3
a 65 316 7
a 65 603 4
a 65 765 7
a 66 215 9
a 66 518 8
a 67 30 4
a 67 87 9
a 68 5 3
a 68 660 10
a 69 243 9
a 70 669 4
a 70 780 3
a 70 794 5
a 71 462 9
a 71 748 9
a 72 119 10
a 72 123 2
a 72 256 5
a 72 565 1
a 73 565 3
a 74 354 9
a 74 425 10
a 74 776 5
a 75 218 7
a 75 500 10
a 75 696 1
a 76 284 7
a 77 282 3
a 78 212 8
a 79 740 3
a 80 51 8
a 80 129 3
a 80 461 2
a 81 300 5
a 81 616 9
a 82 262 10
a 83 291 8
a 84 381 6
a 85 124 5
a 85 331 6
a 85 771 8
a 86 597 3
a 87 26 9
a 87 339 6
a 87 708 2
a 88 53 3
a 88 297 2
a 88 334 2
a 88 597 10
a 88 800 6
a 89 65 9
a 89 453 6
a 90 329 9
a 90 368 2
a 91 209 1
a 91 310 4
a 91 521 9
a 92 231 2
a 92 293 6
a 92 617 8
a 93 185 4
a 93 640 2
a 93 731 3
a 94 605 6
a 95 305 10
a 95 450 3
a 95 790 2
a 96 304 7
a 97 21 3
a 98 389 4
a 98 542 8
a 98 692 3
a 99 381 4
a 100 109 10
a 100 240 7
a 100 617 4
a 101 156 10
a 101 345 7
a 101 484 4
a 101 650 5
a 101 708 9
a 102 25 10
a 102 404 10
a 103 131 2
a 103 422 10
a 104 59 7
a 104 73 10
a 104 606 2
a 105 174 7
a 105 419 4
a 105 737 1
a 106 139 4
a 107 595 10
a 107 599 2
a 107 756 1
a 108 56 10
a 109 29 6
a 109 414 6
a 109 605 4
a 109 764 10
a 110 42 2
a 110 783 2
a 111 330 2
a 111 771 10
a 111 792 5
a 112 612 7
a 112 713 1
a 112 790 8
a 113 241 9
a 113 275 2
a 113 557 1
a 114 153 7
a 114 328 4
a 114 552 7
a 115 213 6
a 115 320 10
a 115 403 6
a 116 570 3
a 116 620 5
a 116 677 1
a 117 325 5
a 118 57 10
a 118 135 9
a 118 232 3
a 118 544 7
a 119 261 9
a 119 512 8
a 120 276 5
a 120 499 8
a 120 543 1
a 121 268 6
a 121 369 6
a 121 549 2
a 122 491 5
a 123 52 10
a 123 771 9
a 124 589 2
a 124 690 1
a 125 166 8
a 125 242 1
a 126 591 10
a 127 41 7
a 127 244 10
a 127 417 2
a 128 20 9
a 128 134 10
a 129 348 8
a 130 449 1
a 131 760 2
a 132 280 5
a 132 538 4
a 132 568 1
a 133 206 8
a 133 294 10
a 134 301 5
a 134 604 3
a 134 784 3
a 135 246 5
a 135 539 9
a 135 766 10
a 136 87 7
a 136 494 2
a 137 370 6
a 137 735 3
a 138 159 8
a 138 549 4
a 139 265 6
a 139 494 4
a 140 534 4
a 141 225 2
a 142 324 8
a 143 690 8
a 144 727 5
a 145 4 8
a 145 46 4
a 145 337 2
a 145 360 5
a 146 638 6
a 147 247 7
a 148 365 4
a 148 660 4
a 148 732 3
a 149 729 3
a 150 23 4
a 150 97 2
a 150 121 3
a 150 225 3
a 150 700 6
a 151 13 6
a 151 286 10
a 152 314 4
a 152 513 2
a 153 97 6
a 153 325 10
a 153 645 6
a 154 14 1
a 154 451 2
a 154 628 6
a 155 244 7
a 155 416 4
a 155 767 2
a 155 772 3
a 156 74 10
a 156 433 10
a 157 89 3
a 157 745 6
a 158 381 4
a 158 594 9
a 159 595 10
a 160 369 6
a 161 44 6
a 162 534 2
a 162 658 3
a 163 36 1
a 164 689 4
a 165 43 8
a 165 363 4
a 166 378 1
a 166 782 4
a 167 308 6
a 167 536 1
a 167 691 7
a 168 269 7
a 168 619 3
a 169 589 1
a 169 698 5
a 170 519 3
a 170 522 3
a 171 611 9
a 171 649 9
a 171 668 5
a 172 92 9
a 172 634 3
a 173 434 7
a 173 480 5
a 173 703 9
a 174 58 5
a 174 354 1
a 174 372 7
a 175 688 1
a 176 179 7
a 176 284 9
a 176 457 1
a 177 190 6
a 177 665 6
a 178 40 5
a 179 550 6
a 179 616 2
a 180 178 2
a 180 260 1
a 180 671 4
a 181 568 7
a 182 460 10
a 183 138 6
a 183 576 9
a 183 577 2
a 184 44 5
a 184 439 6
a 185 644 1
a 185 701 1
a 186 73 8
a 187 207 2
a 187 250 4
a 188 163 9
a 188 661 2
a 189 360 1
a 190 104 9
a 190 301 2
a 191 500 8
a 191 545 3
a 192 367 5
a 193 400 2
a 193 469 6
a 193 642 5
a 194 169 9
a 195 414 9
a 196 306 9
a 196 737 6
a 197 271 4
a 197 443 6
a 197 572 6
a 197 725 4
a 198 467 1
a 199 247 2
a 200 118 8
a 200 511 4
a 200 712 10
a 201 256 9
a 202 178 9
a 203 730 9
a 204 126 6
a 204 599 7
a 204 758 3
a 205 196 9
a 205 388 2
a 205 566 9
a 206 4 8
a 207 184 1
a 207 611 2
a 208 91 9
a 208 345 10
a 209 194 2
a 210 105 8
a 211 235 7
a 211 528 9
a 212 24 10
a 212 467 2
a 213 108 5
a 214 375 9
a 214 793 7
a 215 470 8
a 216 693 3
a 217 302 10
a 218 689 8
a 219 436 7
a 220 175 10
a 220 233 1
a 220 433 10
a 221 575 6
a 222 118 7
a 222 220 1
a 223 706 2
a 224 371 7
a 224 667 6
a 225 133 7
a 225 272 1
a 226 32 8
a 226 660 2
a 227 44 10
a 228 70 7
a 229 2 6
a 229 609 8
a 229 695 3
a 230 471 3
a 230 539 5
a 231 559 3
a 231 700 1
a 232 61 10
a 233 10 8
a 233 210 9
a 233 778 5
a 234 304 8
a 235 230 8
a 236 48 10
a 236 187 7
a 236 321 6
a 236 429 1
a 237 466 2
a 237 735 8
a 238 790 8
a 239 441 4
a 240 90 10
a 240 454 3
a 241 436 5
a 241 528 5
a 241 602 2
a 241 611 10
a 242 152 9
a 242 401 10
a 243 750 7
a 244 171 5
a 245 730 3
a 246 437 7
a 246 689 4
a 247 680 4
a 247 784 2
a 248 51 7
a 248 198 10
a 249 380 2
a 250 265 3
a 250 505 2
a 251 622 8
a 251 629 1
a 252 228 5
a 252 465 9
a 252 555 5
a 253 191 3
a 253 448 10
a 254 485 9
a 254 526 4
a 254 666 8
a 255 758 4
a 256 59 5
a 256 103 4
a 256 563 4
a 256 678 9
a 257 95 8
a 257 100 2
a 257 547 10
a 258 609 5
a 259 467 2
a 259 580 6
a 259 701 8
a 260 9 4
a 260 114 3
a 261 390 10
a 261 420 10
a 261 523 7
a 262 684 1
a 262 717 2
a 263 674 1
a 264 489 5
a 265 12 2
a 265 106 4
a 265 260 2
a 265 433 6
a 266 218 4
a 267 497 1
a 267 608 10
a 267 774 7
a 268 147 6
a 268 333 4
a 269 112 1
a 269 714 2
a 270 569 8
a 271 61 4
a 271 340 5
a 271 363 6
a 272 298 8
a 272 367 2
a 272 399 6
a 273 133 4
a 273 638 6
a 274 160 3
a 275 290 7
a 275 672 6
a 275 683 2
a 275 685 3
a 276 43 4
a 277 153 3
a 278 498 9
a 279 172 3
a 280 498 2
a 280 537 5
a 280 539 9
a 281 500 2
a 282 34 6
a 282 155 5
a 282 585 6
a 283 59 8
a 283 520 9
a 283 749 9
a 284 311 8
a 284 577 2
a 285 418 2
a 286 75 9
a 286 253 6
a 287 333 4
a 288 207 2
a 288 403 2
a 288 629 7
a 289 277 1
a 289 338 8
a 289 352 3
a 289 398 10
a 289 610 10
a 290 215 6
a 290 704 1
a 290 707 5
a 291 35 3
a 291 312 1
a 291 313 4
a 291 709 4
a 292 81 6
a 292 592 3
a 293 241 10
a 293 421 4
a 293 572 8
a 293 679 1
a 293 707 2
a 294 130 5
a 294 499 1
a 295 277 4
a 295 478 1
a 296 304 10
a 296 741 5
a 297 219 8
a 297 334 6
a 297 343 6
a 298 64 10
a 299 221 2
a 299 455 2
a 299 497 10
a 299 723 3
a 300 400 5
a 301 529 1
a 301 598 4
a 302 603 2
a 302 613 6
a 303 236 6
a 304 746 9
a 305 35 5
a 306 331 10
a 307 232 1
a 307 283 2
a 308 216 3
a 308 504 3
a 309 38 3
a 309 101 1
a 309 733 10
a 310 238 2
a 311 176 9
a 311 449 3
a 312 324 10
a 312 356 3
a 312 646 2
a 313 133 3
a 313 413 9
a 313 633 5
a 314 104 9
a 315 185 4
a 315 261 3
a 316 442 6
a 317 630 5
a 318 641 9
a 319 467 10
a 319 584 3
a 320 173 7
a 320 184 8
a 320 785 5
a 321 794 3
a 322 299 1
a 322 336 9
a 323 270 4
a 323 736 5
a 324 441 3
a 324 548 6
a 324 676 10
a 325 232 8
a 325 652 3
a 325 760 10
a 326 707 5
a 327 486 4
a 328 707 4
a 329 153 4
a 329 194 6
a 329 551 5
a 330 223 6
a 330 322 9
a 331 110 10
a 331 305 1
a 331 460 8
a 331 699 8
a 332 523 8
a 332 705 2
a 333 718 9
a 334 115 10
a 335 147 2
a 335 289 5
a 336 177 3
a 336 565 2
a 337 117 8
a 337 401 2
a 337 785 6
a 338 126 3
a 338 769 10
a 339 457 8
a 339 516 7
a 339 674 10
a 340 217 4
a 340 761 10
a 341 690 9
a 342 457 5
a 343 98 10
a 343 357 2
a 343 616 1
a 344 745 5
a 345 446 5
a 346 224 9
a 346 480 1
a 347 383 6
a 347 406 4
a 347 442 2
a 348 331 10
a 349 502 8
a 349 505 6
a 350 150 9
a 350 800 1
a 351 203 8
a 351 248 7
a 351 350 4
a 352 717 9
a 353 69 8
a 353 201 1
a 353 743 10
a 354 264 4
a 354 346 2
a 354 386 8
a 355 157 7
a 355 531 4
a 356 447 4
a 357 236 1
a 357 519 10
a 358 17 6
a 359 238 8
a 359 404 3
a 359 750 4
a 360 217 8
a 360 800 10
a 361 13 2
a 361 756 8
a 362 287 10
a 362 763 3
a 363 142 9
a 363 665 7
a 364 507 7
a 364 601 5
a 364 681 8
a 365 75 3
a 365 307 10
a 366 525 2
a 366 540 6
a 367 195 6
a 367 488 9
a 367 729 3
a 368 26 3
a 368 207 2
a 369 42 7
a 369 782 8
a 370 285 8
a 371 19 1
a 371 567 9
a 372 186 7
a 372 194 10
a 372 393 4
a 373 675 3
a 374 582 5
a 375 264 10
a 376 333 5
a 376 541 10
a 377 349 3
a 378 81 7
a 378 470 7
a 379 226 10
a 379 491 9
a 380 24 4
a 380 170 2
a 381 91 8
a 382 9 10
a 383 81 8
a 383 164 9
a 383 444 1
a 383 758 5
a 384 251 7
a 384 336 1
a 384 392 4
a 385 26 8
a 385 556 1
a 386 426 8
a 387 29 2
a 387 687 6
a 388 41 2
a 389 373 5
a 390 94 6
a 390 684 3
a 391 130 6
a 391 768 2
a 392 245 2
a 392 303 2
a 392 506 5
a 392 511 8
a 393 255 10
a 393 658 3
a 394 562 7
a 395 102 5
a 395 579 5
a 395 661 2
a 396 395 10
a 396 667 4
a 396 756 1
a 397 202 9
a 397 546 10
a 397 647 6
a 398 66 6
a 398 472 10
a 399 656 3
a 400 8 5
a 401 70 10
a 401 229 10
a 401 680 7
a 402 333 6
a 403 140 7
a 403 301 7
a 404 83 1
a 404 445 9
a 404 458 9
a 405 156 10
a 406 112 9
a 407 658 5
a 408 354 10
a 409 396 9
a 410 77 8
a 410 110 8
a 410 227 10
a 411 576 8
a 412 15 4
a 412 428 6
a 412 730 7
a 412 755 7
a 413 681 5
a 414 91 10
a 414 581 7
a 415 785 2
a 416 238 2
a 417 317 7
a 417 489 6
a 418 357 6
a 418 572 4
a 419 619 8
a 420 650 3
a 420 734 2
a 421 55 1
a 421 551 9
a 421 711 1
a 422 382 2
a 422 596 3
a 423 234 1
a 423 304 4
a 424 176 3
a 425 413 7
a 426 50 1
a 426 204 8
a 426 334 10
a 426 657 6
a 427 120 4
a 428 90 2
a 428 432 7
a 428 564 1
a 429 574 9
a 430 446 2
a 430 548 9
a 430 623 2
a 431 408 7
a 431 753 6
a 432 708 1
a 433 374 3
a 433 552 10
a 434 387 2
a 435 602 2
a 436 122 8
a 436 154 4
a 437 11 10
a 437 143 2
a 437 527 10
a 438 13 9
a 438 27 4
a 438 84 2
a 438 729 7
a 439 221 9
a 439 664 1
a 440 250 8
a 441 220 9
a 442 188 3
a 442 311 4
a 443 579 3
a 444 27 1
a 445 792 7
a 446 468 10
a 446 632 5
a 447 71 10
a 448 554 1
a 449 3 9
a 449 762 5
a 450 363 4
a 450 418 9
a 451 33 2
a 451 86 6
a 451 469 1
a 452 60 8
a 452 372 4
a 453 413 7
a 453 570 9
a 454 788 3
a 455 233 9
a 456 21 4
a 456 56 3
a 456 660 10
a 457 403 10
a 457 653 1
a 457 687 1
a 458 169 6
a 458 489 7
a 459 213 6
a 460 266 4
a 461 274 9
a 461 741 4
a 462 28 3
a 462 113 2
a 462 192 8
a 462 284 2
a 462 483 7
a 463 446 2
a 464 385 2
a 464 466 3
a 464 510 1
a 464 740 9
a 465 196 10
a 466 440 10
a 466 720 8
a 466 746 9
a 467 281 10
a 467 353 2
a 468 161 2
a 468 212 6
a 469 347 1
a 470 642 1
a 471 111 3
a 471 253 9
a 472 637 9
a 472 642 2
a 473 633 7
a 474 367 2
a 474 781 10
a 475 255 1
a 475 702 7
a 476 617 4
a 477 74 1
a 477 199 9
a 478 139 2
a 478 161 9
a 478 327 2
a 479 149 3
a 479 694 5
a 479 761 4
a 480 655 4
a 481 47 10
a 482 397 2
a 482 776 4
a 483 517 6
a 483 713 10
a 484 453 6
a 484 799 9
a 485 562 5
a 486 145 3
a 486 380 1
a 486 538 9
a 487 486 5
a 487 615 4
a 488 61 2
a 489 473 10
a 490 279 9
a 491 587 5
a 492 613 2
a 493 168 6
a 493 757 3
a 494 610 3
a 495 165 3
a 495 457 1
a 495 607 9
a 496 187 2
a 497 157 5
a 497 688 2
a 498 779 5
a 499 445 10
a 499 679 5
a 500 224 9
a 500 631 5
a 501 85 10
a 502 389 9
a 503 453 6
a 503 621 8
a 503 719 6
a 504 244 8
a 504 316 10
a 504 492 8
a 505 39 3
a 505 791 4
a 506 483 10
a 506 752 6
a 507 784 10
a 508 256 5
a 508 402 1
a 508 474 7
a 508 567 10
a 509 111 9
a 510 83 4
a 510 639 4
a 511 170 3
a 511 292 7
a 511 673 9
a 512 236 5
a 512 450 5
a 512 524 1
a 512 763 7
a 513 158 1
a 514 48 3
a 515 264 7
a 516 208 1
a 517 171 4
a 517 180 6
a 517 555 6
a 517 624 3
a 518 16 8
a 518 615 8
a 518 626 8
a 519 773 9
a 520 215 7
a 520 291 6
a 521 748 10
a 522 239 3
a 523 108 9
a 523 324 3
a 523 591 6
a 523 724 10
a 524 103 3
a 524 378 1
a 524 509 1
a 524 515 5
a 525 387 4
a 525 561 6
a 525 709 4
a 526 132 5
a 526 222 1
a 527 253 5
a 527 312 10
a 528 146 9
a 528 472 5
a 528 487 9
a 528 798 3
a 529 141 9
a 529 319 2
a 529 785 8
a 530 556 9
a 531 368 4
a 531 642 3
a 531 731 2
a 532 371 4
a 533 35 6
a 533 315 3
a 534 231 5
a 535 121 8
a 535 463 2
a 535 530 4
a 535 643 1
a 536 513 3
a 537 107 4
a 537 144 3
a 537 411 9
a 537 431 5
a 538 326 3
a 538 566 3
a 539 214 4
a 539 785 7
a 540 235 10
a 540 322 8
a 540 709 7
a 541 216 2
a 541 758 8
a 541 776 1
a 542 325 10
a 542 759 8
a 543 310 3
a 544 228 7
a 544 570 8
a 545 737 10
a 546 656 2
a 547 146 5
a 548 186 7
a 548 205 10
a 548 323 10
a 549 275 7
a 549 408 10
a 549 447 5
a 550 120 9
a 550 184 10
a 551 122 9
a 551 703 10
a 551 772 7
a 552 91 1
a 552 332 10
a 553 168 5
a 553 582 1
a 554 406 10
a 554 658 2
a 555 426 4
a 556 676 3
a 557 399 8
a 558 704 7
a 559 439 10
a 559 735 6
a 560 690 2
a 560 754 9
a 561 67 10
a 561 167 7
a 561 430 6
a 561 474 10
a 561 634 6
a 562 105 3
a 562 426 2
a 562 510 4
a 563 779 5
a 564 66 1
a 565 146 8
a 565 574 3
a 565 670 7
a 566 585 1
a 567 364 4
a 567 587 1
a 568 785 3
a 569 548 4
a 570 189 4
a 570 217 7
a 571 382 5
a 571 568 8
a 572 180 6
a 572 751 5
a 573 91 6
a 574 544 5
a 575 279 3
a 575 451 6
a 576 556 1
a 576 655 7
a 577 25 5
a 578 88 5
a 579 117 10
a 580 98 3
a 580 258 3
a 581 62 7
a 581 747 5
a 582 157 9
a 582 182 2
a 582 638 8
a 583 183 9
a 583 510 9
a 584 675 2
a 585 358 2
a 585 616 7
a 585 773 4
a 586 230 9
a 586 784 7
a 587 166 4
a 587 215 6
a 588 95 1
a 588 237 3
a 589 248 10
a 589 373 4
a 589 606 4
a 590 67 5
a 590 295 10
a 591 564 4
a 591 630 7
a 592 10 4
a 592 116 6
a 592 428 7
a 593 81 8
a 594 785 1
a 595 228 6
a 595 762 9
a 596 102 8
a 596 630 6
a 597 153 10
a 597 495 8
a 597 614 8
a 598 79 2
a 598 136 9
a 598 352 4
a 599 71 1
a 599 752 5
a 600 336 8
a 600 438 4
a 600 660 9
a 600 733 3
a 601 544 6
a 601 693 4
a 602 369 3
a 602 530 10
a 602 726 8
a 603 473 1
a 604 317 3
a 604 342 8
a 604 594 5
a 605 230 1
a 605 243 1
a 606 100 2
a 606 191 9
a 607 671 7
a 608 381 3
a 608 569 5
a 608 716 1
a 609 200 6
a 609 701 2
a 610 511 10
a 611 290 2
a 611 684 8
a 612 208 1
a 612 355 4
a 612 658 3
a 613 249 7
a 613 387 3
a 613 583 3
a 614 334 3
a 615 107 9
a 616 96 9
a 616 573 9
a 617 14 6
a 617 51 9
a 618 172 10
a 618 788 7
a 619 379 2
a 619 465 1
a 620 11 10
a 620 125 2
a 621 97 9
a 621 418 8
a 622 186 5
a 622 449 5
a 623 768 10
a 624 52 9
a 624 222 6
a 624 417 5
a 624 659 3
a 625 126 5
a 625 308 5
a 625 532 1
a 625 586 9
a 625 627 1
a 626 396 7
a 626 604 9
a 627 3 5
a 627 361 4
a 628 710 8
a 629 138 4
a 629 353 5
a 629 786 8
a 630 302 7
a 631 359 4
a 631 464 9
a 632 376 10
a 632 468 9
a 633 243 2
a 633 789 5
a 634 28 9
a 634 646 6
a 635 211 3
a 635 252 1
a 636 36 9
a 636 237 2
a 637 17 5
a 637 128 8
a 637 501 10
a 638 267 1
a 638 636 1
a 639 473 8
a 640 420 3
a 641 424 10
a 641 717 8
a 642 109 7
a 642 781 4
a 643 292 10
a 644 49 4
a 644 507 7
a 645 654 10
a 645 708 5
a 646 80 7
a 646 440 2
a 646 689 6
a 647 481 5
a 647 518 4
a 648 273 8
a 648 429 2
a 649 239 3
a 649 710 10
a 650 99 9
a 650 407 7
a 651 716 7
a 652 189 9
a 653 106 6
a 654 181 1
a 655 64 3
a 655 74 9
a 656 130 7
a 657 38 6
a 657 296 9
a 657 496 5
a 657 759 1
a 658 621 7
a 659 283 1
a 660 458 4
a 661 38 7
a 662 12 9
a 662 45 7
a 662 736 3
a 663 492 9
a 663 597 2
a 664 348 5
a 664 414 3
a 665 113 8
a 665 318 2
a 666 583 3
a 666 775 7
a 667 541 7
a 668 257 2
a 668 316 3
a 669 193 10
a 669 450 2
a 670 210 8
a 671 326 1
a 671 498 9
a 671 598 10
a 672 234 1
a 673 226 6
a 673 242 10
a 674 131 6
a 675 427 2
a 675 453 9
a 675 718 5
a 676 267 8
a 676 674 3
a 677 37 5
a 677 582 8
a 677 635 8
a 678 22 1
a 678 69 6
a 678 106 6
a 678 254 3
a 678 647 3
a 679 76 5
a 679 351 3
a 679 488 5
a 680 94 10
a 680 525 2
a 681 63 10
a 682 540 10
a 683 108 9
a 684 774 3
a 685 557 6
a 686 73 3
a 686 503 6
a 687 653 8
a 688 468 1
a 688 493 3
a 689 160 2
a 689 290 10
a 690 401 9
a 690 409 4
a 690 593 8
a 691 20 10
a 691 746 4
a 692 576 6
a 692 648 2
a 693 239 6
a 693 578 9
a 693 656 10
a 693 784 5
a 694 455 9
a 695 691 2
a 696 533 2
a 696 641 5
a 697 800 4
a 698 557 9
a 699 253 4
a 699 715 2
a 700 158 1
a 700 412 7
a 700 712 5
a 701 590 5
a 701 752 9
a 702 181 7
a 702 633 8
a 702 691 1
a 703 394 2
a 703 637 7
a 704 325 10
a 704 376 7
a 705 166 8
a 705 521 10
a 705 787 2
a 705 797 7
a 706 262 6
a 706 495 10
a 707 223 10
a 707 309 4
a 707 650 9
a 708 96 3
a 709 9 8
a 709 131 7
a 710 501 3
a 710 546 9
a 710 675 8
a 710 779 7
a 710 796 8
a 711 67 5
a 711 500 5
a 712 437 9
a 713 769 3
a 714 400 2
a 714 456 4
a 714 529 6
a 714 795 5
a 715 623 8
a 716 18 2
a 717 55 9
a 717 95 10
a 717 768 8
a 718 112 1
a 718 194 5
a 718 482 6
a 718 535 3
a 718 770 3
a 719 297 10
a 719 526 8
a 720 555 2
a 721 18 7
a 721 514 7
a 722 91 3
a 722 406 4
a 723 39 2
a 724 578 4
a 724 682 6
a 725 462 6
a 726 123 7
a 726 127 2
a 726 754 3
a 727 212 2
a 728 211 8
a 728 687 5
a 729 255 3
a 730 131 7
a 730 349 8
a 730 669 4
a 731 726 9
a 732 8 3
a 732 92 3
a 732 302 6
a 732 344 1
a 732 452 9
a 733 287 1
a 733 560 1
a 733 690 6
a 734 694 4
a 735 627 1
a 736 453 5
a 737 769 6
a 737 794 8
a 738 72 9
a 738 527 5
a 739 244 3
a 739 791 6
a 740 197 10
a 740 366 9
a 740 632 8
a 741 85 6
a 741 263 3
a 741 283 4
a 741 414 2
a 741 585 10
a 741 608 1
a 742 424 2
a 742 485 7
a 742 558 6
a 743 473 4
a 744 172 5
a 744 670 10
a 745 35 7
a 745 248 2
a 746 623 5
a 747 288 1
a 747 384 4
a 747 706 4
a 748 11 5
a 748 158 9
a 749 201 2
a 750 96 8
a 750 327 6
a 750 399 8
a 751 264 4
a 751 738 10
a 752 148 6
a 752 490 6
a 752 553 3
a 753 18 8
a 753 327 8
a 753 514 10
a 754 582 8
a 755 383 5
a 756 61 10
a 756 135 1
a 757 189 5
a 757 352 1
a 758 245 5
a 758 681 9
a 759 20 4
a 759 235 3
a 759 359 9
a 759 476 4
a 760 336 6
a 760 747 10
a 761 6 2
a 761 285 2
a 761 404 6
a 761 545 10
a 762 270 2
a 762 341 2
a 762 360 6
a 763 145 6
a 763 198 2
a 763 410 2
a 763 562 7
a 763 742 6
a 764 452 7
a 765 263 9
a 765 793 2
a 766 124 2
a 766 282 3
a 767 294 8
a 767 377 3
a 767 695 3
a 768 7 3
a 768 351 2
a 768 487 8
a 769 395 10
a 769 582 3
a 770 139 9
a 771 487 1
a 772 162 7
a 772 365 6
a 773 112 6
a 773 128 9
a 773 403 8
a 774 727 3
a 774 793 9
a 775 247 5
a 775 335 7
a 775 382 4
a 776 423 1
a 777 549 9
a 778 680 4
a 779 8 5
a 779 368 6
a 779 651 5
a 780 40 1
a 780 247 9
a 780 594 5
a 781 116 1
a 781 289 9
a 782 332 7
a 782 405 6
a 783 89 10
a 783 242 10
a 783 508 10
a 783 663 3
a 784 140 2
a 784 364 8
a 785 344 1
a 785 506 7
a 785 695 4
a 786 248 4
a 787 52 6
a 788 571 1
a 788 737 6
a 789 281 6
a 789 384 8
a 789 475 5
a 790 490 6
a 790 739 5
a 791 117 8
a 791 728 3
a 792 127 10
a 792 151 2
a 793 47 6
a 793 248 2
a 793 459 5
a 794 93 1
a 794 266 4
a 794 413 10
a 795 328 1
a 796 132 10
a 797 278 3
a 797 536 3
a 798 592 6
a 799 347 10
a 799 547 9
