p max 800 1600
n 1 s
n 800 t
a 1 135 4
a 1 216 1
a 1 248 3
a 2 78 2
a 2 257 2
a 2 363 1
a 2 630 3
a 3 50 1
a 3 799 2
a 4 263 5
a 4 590 10
a 4 618 4
a 4 682 6
a 5 173 8
a 6 573 4
a 7 300 1
a 7 463 8
a 8 628 2
a 9 404 4
a 10 432 7
a 10 593 4
a 10 704 1
a 10 744 8
a 11 652 7
a 12 236 6
a 13 718 1
a 14 216 7
a 15 168 9
a 16 125 8
a 16 645 7
a 17 732 8
a 18 122 4
a 18 584 4
a 19 618 7
a 19 702 5
a 20 512 8
a 21 671 10
a 22 96 10
a 23 69 7
a 23 334 10
a 23 480 9
a 23 540 2
a 24 331 3
a 24 536 2
a 25 218 4
a 25 732 8
a 26 441 6
a 27 94 10
a 27 593 7
a 28 379 4
a 28 612 7
a 29 297 1
a 29 367 4
a 29 591 6
a 30 164 10
a 30 639 6
a 30 800 9
a 31 11 6
a 31 729 2
a 32 133 4
a 32 205 5
a 32 343 1
a 33 482 7
a 33 782 1
a 34 382 7
a 34 665 4
a 35 745 5
a 36 2 9
a 36 112 6
a 36 244 1
a 37 554 10
a 38 270 1
a 38 405 10
a 38 791 7
a 39 59 3
a 39 165 6
a 39 420 4
a 40 392 2
a 41 296 1
a 42 314 9
a 42 693 5
a 43 243 3
a 43 451 8
a 44 631 1
a 44 714 3
a 45 754 6
a 46 328 10
a 46 492 4
a 46 681 10
a 47 181 7
a 47 280 1
a 47 296 3
a 47 494 4
a 47 715 5
a 48 617 10
a 48 683 8
a 49 340 3
a 49 599 8
a 50 713 2
a 50 789 1
a 51 179 1
a 52 28 7
a 52 207 9
a 53 16 9
a 53 60 5
a 53 599 2
a 54 24 5
a 54 696 8
a 55 106 9
a 55 503 8
a 55 723 8
a 56 84 5
a 56 512 10
a 57 29 1
a 57 767 5
a 58 475 9
a 58 739 8
a 59 376 1
a 59 483 8
a 59 562 3
a 59 575 4
a 60 49 8
a 60 131 3
a 60 495 8
a 60 679 9
a 60 748 3
a 61 154 2
a 62 501 7
a 62 576 9
a 62 581 5
a 62 690 7
a 63 73 9
a 63 657 10
a 64 298 5
a 64 682 1
a 65 100 8
a 66 125 8
a 67 33 2
a 67 277 5
a 68 782 4
a 69 153 10
a 69 549 6
a 69 550 1
a 69 570 5
a 69 661 6
a 70 607 9
a 70 627 7
a 71 83 3
a 71 300 2
a 72 119 1
a 72 249 6
a 73 338 3
a 74 257 3
a 75 71 1
a 75 610 2
a 76 10 5
a 76 717 3
a 76 797 5
a 77 14 4
a 77 558 3
a 78 649 1
a 79 159 3
a 79 222 9
a 80 16 2
a 81 499 9
a 82 514 4
a 82 518 4
a 82 594 7
a 82 692 10
a 83 13 5
a 83 84 9
a 83 566 4
a 84 52 6
a 84 481 1
a 85 24 3
a 86 5 2
a 87 461 3
a 88 289 1
a 89 42 7
a 89 230 2
a 89 569 5
a 90 788 7
a 91 255 1
a 91 505 7
a 92 741 1
a 93 614 8
a 94 58 1
a 94 578 1
a 95 543 10
a 96 74 10
a 96 107 9
a 97 401 1
a 97 430 7
a 98 167 6
a 99 390 8
a 100 300 1
a 100 397 10
a 100 611 4
a 101 116 8
a 101 142 7
a 102 154 9
a 102 237 8
a 102 350 7
a 103 17 9
a 104 672 5
a 105 715 8
a 106 780 7
a 107 386 7
a 107 613 7
a 107 694 5
a 108 250 10
a 108 397 10
a 109 745 6
a 110 57 4
a 110 471 10
a 111 212 10
a 111 279 4
a 111 753 5
a 112 697 1
a 113 109 1
a 113 202 5
a 113 659 7
a 113 699 10
a 114 189 3
a 114 422 1
a 114 503 10
a 114 711 4
a 115 21 9
a 116 462 3
a 116 616 3
a 117 55 10
a 117 218 9
a 118 378 9
a 119 354 1
a 119 454 9
a 120 65 10
a 121 176 5
a 121 721 7
a 122 133 2
a 122 161 10
a 122 650 6
a 123 7 6
a 123 22 1
a 123 319 4
a 123 556 8
a 123 783 5
a 124 88 2
a 124 587 4
a 125 113 3
a 125 370 9
a 125 533 9
a 126 242 6
a 126 450 10
a 126 470 10
a 126 773 7
a 127 167 5
a 128 527 2
a 128 624 4
a 128 658 2
a 129 371 5
a 129 722 2
a 129 735 4
a 130 583 10
a 131 98 2
a 131 176 9
a 131 462 6
a 131 647 10
a 132 354 1
a 132 661 10
a 133 138 8
a 134 289 10
a 135 747 7
a 136 440 9
a 137 222 1
a 137 371 7
a 138 55 7
a 139 409 4
a 139 571 8
a 139 618 10
a 140 80 7
a 141 738 5
a 142 643 9
a 143 206 7
a 144 41 9
a 144 217 9
a 144 705 5
a 145 63 3
a 146 444 7
a 146 764 4
a 147 224 2
a 147 271 1
a 148 563 1
a 149 133 2
a 149 489 4
a 150 609 3
a 151 81 2
a 151 519 2
a 151 553 2
a 152 161 6
a 153 459 6
a 153 535 8
a 154 387 6
a 154 644 5
a 155 201 2
a 155 273 2
a 156 322 10
a 157 15 1
a 158 55 8
a 159 77 7
a 159 345 4
a 160 111 2
a 160 636 6
a 161 105 1
a 161 223 4
a 161 536 5
a 162 256 4
a 162 713 7
a 163 547 3
a 164 424 4
a 165 461 1
a 165 771 1
a 166 332 10
a 166 396 7
a 166 427 7
a 167 145 9
a 167 429 8
a 167 717 2
a 168 194 5
a 168 460 8
a 169 238 4
a 169 675 1
a 169 764 7
a 170 112 6
a 171 121 6
a 172 420 10
a 172 663 9
a 173 718 10
a 174 229 5
a 174 249 3
a 175 20 10
a 175 392 4
a 176 56 8
a 176 687 5
a 176 727 6
a 177 286 3
a 177 759 5
a 178 158 7
a 178 473 7
a 179 202 6
a 179 271 3
a 180 656 5
a 180 793 10
a 181 154 2
a 181 353 2
a 182 462 3
a 183 537 8
a 183 777 3
a 184 368 7
a 184 627 2
a 185 384 3
a 185 446 8
a 186 155 2
a 186 342 8
a 187 398 3
a 187 520 10
a 188 313 2
a 189 778 10
a 190 439 9
a 190 591 7
a 191 49 5
a 191 620 1
a 191 731 3
a 192 281 10
a 192 740 4
a 193 125 10
a 194 213 10
a 195 200 10
a 195 499 2
a 196 307 7
a 196 426 8
a 196 771 2
a 197 386 7
a 197 668 9
a 198 277 1
a 198 775 1
a 199 502 6
a 199 664 4
a 199 747 3
a 200 196 2
a 200 313 3
a 201 23 7
a 201 100 9
a 201 169 2
a 201 530 9
a 202 644 8
a 203 444 2
a 204 28 1
a 205 113 8
a 205 666 5
a 206 507 3
a 207 352 9
a 207 654 1
a 207 662 2
a 208 427 10
a 209 154 6
a 209 609 6
a 210 99 8
a 210 557 2
a 211 215 5
a 211 385 2
a 211 413 9
a 211 722 5
a 212 743 6
a 213 109 3
a 213 605 7
a 214 251 9
a 215 156 2
a 215 177 3
a 215 731 4
a 216 183 8
a 216 669 1
a 217 588 7
a 217 762 9
a 218 385 8
a 219 354 7
a 219 405 5
a 220 345 1
a 221 43 8
a 221 127 1
a 221 266 9
a 221 425 3
a 221 730 3
a 221 746 2
a 222 104 9
a 222 375 5
a 223 65 1
a 223 271 3
a 224 76 1
a 224 90 6
a 224 724 4
a 225 130 4
a 226 86 3
a 226 225 4
a 226 746 6
a 227 101 6
a 227 317 3
a 227 676 3
a 228 482 4
a 228 541 9
a 228 637 1
a 229 165 3
a 230 417 8
a 230 786 9
a 231 642 3
a 232 149 5
a 233 161 9
a 233 164 10
a 233 712 4
a 234 433 3
a 235 520 8
a 236 27 5
a 236 404 2
a 236 573 10
a 236 605 10
a 237 45 3
a 237 132 1
a 238 620 4
a 239 262 5
a 239 531 9
a 239 558 2
a 239 799 10
a 240 139 5
a 240 586 5
a 241 592 2
a 241 634 10
a 242 515 6
a 242 602 2
a 243 58 9
a 243 318 8
a 244 481 2
a 245 17 1
a 245 157 3
a 246 462 2
a 247 183 8
a 247 227 7
a 247 506 6
a 248 192 8
a 248 236 6
a 249 786 7
a 250 492 5
a 251 575 7
a 252 564 5
a 253 717 2
a 254 103 1
a 254 142 1
a 255 612 3
a 255 736 1
a 256 553 1
a 257 100 5
a 257 583 3
a 258 55 9
a 258 336 3
a 258 421 10
a 259 471 7
a 260 96 6
a 260 329 4
a 261 248 4
a 262 150 6
a 262 335 8
a 263 40 5
a 263 142 4
a 263 398 8
a 263 513 3
a 264 139 3
a 264 389 2
a 264 413 6
a 265 209 7
a 265 579 5
a 265 675 1
a 265 745 3
a 266 38 2
a 266 294 1
a 267 398 8
a 267 498 9
a 268 74 4
a 268 437 4
a 268 507 9
a 268 624 1
a 269 206 3
a 270 496 10
a 271 570 6
a 272 346 8
a 273 324 5
a 274 19 2
a 274 141 5
a 274 768 5
a 274 776 6
a 275 405 4
a 276 93 4
a 276 403 5
a 276 671 2
a 277 191 3
a 277 388 4
a 277 528 7
a 277 622 10
a 278 97 4
a 278 404 7
a 279 411 2
a 279 423 7
a 280 143 8
a 280 187 6
a 281 97 6
a 281 495 6
a 282 161 7
a 282 213 9
a 282 219 8
a 282 320 5
a 283 709 7
a 284 479 4
a 285 566 10
a 286 36 4
a 286 469 4
a 287 42 5
a 288 484 8
a 289 730 5
a 290 120 8
a 290 121 7
a 291 271 4
a 292 70 5
a 292 634 6
a 293 619 2
a 293 767 1
a 294 651 2
a 295 499 5
a 295 780 9
a 296 104 4
a 296 466 2
a 297 3 1
a 297 706 1
a 297 792 7
a 298 257 2
a 298 770 2
a 299 193 4
a 299 288 8
a 300 106 7
a 300 497 10
a 300 706 8
a 301 37 7
a 301 41 7
a 301 708 7
a 302 353 6
a 303 651 8
a 304 210 8
a 304 781 2
a 305 556 4
a 306 261 4
a 306 371 1
a 306 475 6
a 307 2 6
a 308 160 3
a 308 670 5
a 309 63 9
a 309 400 8
a 309 509 8
a 310 587 9
a 311 178 2
a 311 664 4
a 312 29 5
a 312 607 4
a 313 314 5
a 314 283 10
a 315 99 7
a 315 122 5
a 315 305 1
a 316 301 9
a 316 302 10
a 316 315 2
a 317 431 4
a 318 649 7
a 319 744 6
a 320 507 2
a 321 373 10
a 321 636 1
a 322 39 7
a 322 404 3
a 322 789 10
a 323 674 2
a 323 754 5
a 324 86 5
a 324 259 1
a 325 708 1
a 326 504 7
a 327 7 1
a 327 505 9
a 327 565 8
a 328 124 5
a 328 228 7
a 328 239 9
a 328 469 5
a 328 691 1
a 328 748 5
a 329 129 10
a 329 184 3
a 329 293 2
a 329 707 2
a 330 114 4
a 331 235 8
a 331 328 3
a 331 514 9
a 332 492 3
a 332 564 2
a 333 782 3
a 334 110 3
a 334 446 7
a 334 756 2
a 335 582 6
a 336 78 3
a 336 80 1
a 336 257 10
a 336 702 4
a 337 98 6
a 338 20 8
a 338 31 8
a 338 206 1
a 339 115 3
a 339 717 6
a 340 290 10
a 340 678 9
a 341 299 9
a 342 69 1
a 342 721 9
a 343 678 8
a 343 703 3
a 344 134 5
a 344 348 7
a 344 785 4
a 345 164 1
a 345 326 5
a 345 363 4
a 346 651 8
a 346 752 5
a 347 332 3
a 348 174 2
a 348 632 6
a 348 689 10
a 348 698 5
a 349 348 3
a 349 621 7
a 350 223 7
a 350 272 5
a 350 667 4
a 351 746 5
a 352 442 5
a 352 464 1
a 352 590 4
a 353 602 7
a 354 387 5
a 354 585 7
a 355 13 2
a 356 92 7
a 356 471 4
a 357 622 3
a 358 769 6
a 359 167 6
a 359 245 10
a 359 555 3
a 360 298 2
a 361 101 1
a 362 88 4
a 362 129 5
a 362 253 9
a 362 448 7
a 363 552 6
a 364 341 1
a 364 426 9
a 365 598 6
a 366 280 7
a 366 545 5
a 366 589 10
a 367 182 8
a 368 17 4
a 368 727 5
a 368 778 9
a 369 124 8
a 369 226 7
a 370 60 4
a 370 264 2
a 370 551 5
a 371 246 7
a 371 526 6
a 372 379 4
a 373 592 5
a 373 741 10
a 374 14 2
a 375 240 1
a 375 272 3
a 376 237 9
a 376 306 4
a 377 732 1
a 378 121 7
a 378 423 9
a 379 268 4
a 379 607 6
a 380 216 2
a 380 496 3
a 380 555 3
a 381 124 7
a 382 323 1
a 382 581 5
a 383 536 3
a 383 644 10
a 384 124 1
a 385 214 1
a 386 294 6
a 387 165 3
a 387 210 4
a 388 308 5
a 388 706 5
a 389 479 9
a 390 414 8
a 390 486 8
a 390 530 3
a 391 251 5
a 391 411 4
a 391 747 3
a 392 388 5
a 393 193 5
a 394 37 1
a 394 108 5
a 394 557 2
a 395 146 2
a 395 147 8
a 395 191 3
a 396 438 9
a 397 10 2
a 397 62 4
a 398 8 7
a 398 68 2
a 398 152 7
a 399 777 10
a 400 3 10
a 400 232 7
a 400 398 8
a 400 476 5
a 401 225 10
a 401 374 2
a 401 539 9
a 402 714 9
a 402 729 3
a 403 322 7
a 403 580 7
a 403 612 9
a 403 710 4
a 403 724 8
a 404 456 5
a 404 537 1
a 404 557 8
a 404 656 3
a 405 168 1
a 406 213 5
a 406 641 2
a 406 737 7
a 407 541 5
a 407 769 5
a 408 192 1
a 408 569 8
a 409 143 3
a 409 430 8
a 410 193 4
a 411 227 1
a 412 532 4
a 412 709 2
a 413 238 4
a 413 316 7
a 413 429 6
a 414 395 1
a 415 162 3
a 415 268 2
a 415 672 6
a 416 368 7
a 417 292 10
a 418 657 10
a 418 782 6
a 419 258 5
a 419 357 3
a 419 391 5
a 420 458 5
a 420 733 9
a 421 604 10
a 422 44 10
a 422 743 1
a 423 676 1
a 424 115 6
a 424 171 4
a 424 214 10
a 425 182 8
a 425 317 3
a 426 303 7
a 426 375 8
a 426 614 7
a 427 603 2
a 427 720 9
a 428 384 3
a 428 635 1
a 429 51 8
a 429 359 9
a 430 579 4
a 431 220 8
a 431 240 6
a 431 304 2
a 432 395 2
a 432 405 10
a 432 697 5
a 433 513 7
a 433 774 6
a 433 787 6
a 434 89 8
a 435 369 2
a 435 419 2
a 436 285 10
a 437 269 1
a 437 542 8
a 438 483 3
a 438 662 1
a 439 73 9
a 439 91 4
a 439 291 4
a 440 251 5
a 440 325 6
a 440 381 4
a 440 596 7
a 441 328 10
a 442 517 9
a 442 565 10
a 443 70 9
a 443 333 8
a 443 616 8
a 444 390 1
a 444 682 3
a 445 338 8
a 446 204 8
a 446 403 7
a 446 416 4
a 446 680 10
a 447 405 3
a 447 726 1
a 448 122 2
a 448 755 5
a 449 168 7
a 449 372 7
a 449 389 10
a 449 436 1
a 450 254 6
a 450 354 2
a 451 46 5
a 451 181 2
a 451 771 4
a 452 93 3
a 452 558 5
a 453 102 2
a 453 685 6
a 454 37 10
a 454 338 6
a 455 431 2
a 455 708 10
a 455 779 4
a 456 139 3
a 456 278 2
a 457 218 10
a 457 354 3
a 458 757 4
a 459 713 6
a 460 163 10
a 460 766 9
a 461 42 5
a 461 175 1
a 461 647 9
a 462 284 8
a 462 355 6
a 462 609 6
a 463 516 7
a 464 311 5
a 464 358 5
a 465 514 5
a 465 677 10
a 466 337 3
a 466 647 2
a 467 160 4
a 467 170 4
a 467 291 2
a 468 285 4
a 468 300 7
a 468 399 1
a 468 413 7
a 469 643 5
a 470 110 3
a 471 554 9
a 472 549 3
a 472 794 8
a 473 435 3
a 473 754 8
a 474 201 3
a 475 219 8
a 476 150 7
a 476 216 10
a 476 284 5
a 476 396 6
a 476 426 5
a 476 529 3
a 477 605 6
a 478 303 1
a 478 543 2
a 479 12 4
a 479 197 5
a 480 485 2
a 481 59 6
a 482 258 1
a 483 303 1
a 483 479 2
a 484 207 10
a 484 718 4
a 485 612 10
a 486 462 5
a 487 304 10
a 488 171 10
a 488 364 5
a 488 447 3
a 489 162 2
a 490 164 5
a 491 332 3
a 492 151 9
a 493 141 9
a 494 303 9
a 495 600 5
a 496 24 5
a 497 681 10
a 498 144 2
a 498 195 4
a 499 457 6
a 500 688 6
a 501 260 2
a 501 278 10
a 502 385 4
a 502 434 1
a 503 156 9
a 504 475 9
a 505 262 5
a 506 241 4
a 506 702 9
a 507 134 3
a 508 598 3
a 508 606 5
a 508 623 9
a 509 320 5
a 509 574 8
a 510 643 5
a 510 736 6
a 511 531 1
a 511 593 2
a 512 453 4
a 513 67 3
a 513 701 2
a 514 468 5
a 515 618 2
a 515 788 10
a 516 279 7
a 516 548 1
a 517 128 6
a 517 208 8
a 518 45 5
a 518 148 3
a 519 309 10
a 519 467 9
a 519 579 9
a 520 542 4
a 520 686 1
a 521 61 8
a 521 197 6
a 522 399 3
a 523 436 2
a 524 35 10
a 524 215 7
a 525 134 4
a 525 493 5
a 525 511 5
a 526 87 6
a 526 567 2
a 527 247 4
a 527 347 1
a 527 539 4
a 527 719 8
a 528 672 3
a 529 297 2
a 530 314 3
a 530 395 1
a 530 453 6
a 530 504 5
a 531 202 2
a 531 382 7
a 532 28 3
a 532 452 1
a 533 92 3
a 534 511 5
a 534 608 2
a 535 122 3
a 535 136 10
a 536 119 6
a 536 172 7
a 536 387 1
a 536 765 6
a 537 619 6
a 537 666 5
a 538 238 1
a 538 568 9
a 539 462 3
a 540 640 8
a 541 701 10
a 542 217 5
a 542 408 2
a 542 415 6
a 542 516 1
a 543 319 3
a 544 750 10
a 545 58 3
a 545 690 8
a 546 75 6
a 546 90 6
a 546 146 8
a 547 263 7
a 548 73 1
a 548 394 5
a 549 366 4
a 549 433 3
a 550 64 2
a 550 142 3
a 551 187 3
a 551 397 9
a 551 604 5
a 552 398 9
a 552 492 4
a 553 34 8
a 553 131 2
a 554 32 8
a 554 140 6
a 554 278 1
a 555 19 8
a 556 377 7
a 556 558 1
a 557 270 8
a 557 582 8
a 558 142 4
a 559 47 4
a 559 290 6
a 559 711 6
a 560 660 9
a 561 265 7
a 562 167 1
a 562 484 4
a 563 152 6
a 563 310 5
a 564 202 2
a 564 615 6
a 565 392 3
a 566 441 3
a 567 82 6
a 568 200 1
a 569 354 5
a 569 546 9
a 569 786 10
a 570 81 8
a 570 186 6
a 570 241 3
a 571 134 7
a 571 460 9
a 571 705 9
a 572 101 5
a 572 163 10
a 572 736 2
a 573 69 1
a 573 626 6
a 574 202 6
a 574 473 9
a 575 330 3
a 575 362 8
a 576 160 10
a 577 327 2
a 577 363 3
a 578 758 8
a 579 93 9
a 579 161 2
a 580 149 9
a 580 265 3
a 580 544 7
a 580 724 6
a 581 342 4
a 581 703 2
a 582 485 9
a 583 161 4
a 584 12 6
a 584 534 6
a 584 795 9
a 585 401 2
a 586 477 4
a 586 698 5
a 586 795 5
a 587 217 6
a 587 410 2
a 587 707 10
a 588 6 5
a 588 185 7
a 589 624 5
a 589 731 2
a 589 778 9
a 590 228 2
a 591 119 4
a 591 249 7
a 591 636 5
a 592 558 8
a 593 465 9
a 594 267 6
a 594 538 1
a 594 650 6
a 595 362 9
a 595 567 10
a 596 253 8
a 596 346 3
a 597 407 8
a 597 435 3
a 597 559 4
a 598 535 7
a 598 546 3
a 599 87 10
a 599 560 10
a 599 685 9
a 600 551 1
a 601 350 1
a 602 280 10
a 602 484 2
a 603 572 8
a 604 478 1
a 604 485 9
a 604 717 3
a 605 25 3
a 605 52 9
a 605 273 5
a 605 369 1
a 606 231 6
a 606 567 9
a 607 407 3
a 607 658 10
a 608 166 6
a 608 208 7
a 608 638 6
a 609 633 4
a 609 651 7
a 609 715 9
a 610 496 6
a 611 15 1
a 611 146 3
a 611 190 2
a 612 40 3
a 612 487 3
a 613 447 8
a 613 683 1
a 614 283 4
a 614 459 2
a 615 261 3
a 615 500 1
a 616 30 1
a 616 246 9
a 616 424 5
a 616 538 6
a 616 763 6
a 617 478 2
a 617 749 5
a 617 758 9
a 618 138 6
a 618 699 6
a 619 280 9
a 619 581 9
a 620 239 9
a 621 406 10
a 621 762 6
a 622 79 4
a 622 93 5
a 622 552 4
a 623 134 5
a 624 174 5
a 624 632 8
a 624 684 2
a 625 148 2
a 626 276 4
a 627 236 2
a 627 252 1
a 628 122 8
a 628 675 2
a 628 718 3
a 629 26 2
a 629 700 10
a 630 26 4
a 630 145 3
a 630 279 10
a 631 104 8
a 631 196 2
a 632 362 10
a 632 440 10
a 632 767 3
a 633 10 3
a 633 198 4
a 633 279 2
a 633 470 5
a 633 653 4
a 634 199 4
a 635 337 7
a 635 384 5
a 636 124 1
a 636 357 5
a 637 404 8
a 637 643 7
a 638 478 7
a 639 101 7
a 639 380 3
a 640 5 2
a 640 52 1
a 640 784 5
a 641 438 2
a 641 728 5
a 642 787 2
a 643 725 4
a 644 230 5
a 645 166 5
a 645 244 7
a 645 490 2
a 646 450 3
a 646 474 1
a 646 629 5
a 647 48 4
a 647 368 4
a 647 588 3
a 647 625 6
a 647 798 1
a 648 358 10
a 648 399 10
a 648 602 3
a 649 459 10
a 649 696 5
a 650 70 1
a 650 455 10
a 651 180 9
a 651 324 6
a 651 365 10
a 651 472 9
a 651 688 1
a 652 787 6
a 653 22 3
a 653 221 6
a 654 85 6
a 654 642 6
a 655 369 10
a 655 435 2
a 655 575 3
a 656 59 5
a 656 595 6
a 657 46 3
a 657 646 10
a 658 325 10
a 659 598 9
a 660 246 10
a 660 577 2
a 660 701 3
a 661 675 8
a 662 47 8
a 663 43 10
a 663 179 8
a 664 188 10
a 664 503 2
a 665 400 9
a 665 791 4
a 666 65 3
a 667 424 1
a 667 521 7
a 668 72 4
a 668 691 7
a 669 95 3
a 669 149 5
a 669 649 6
a 669 725 5
a 670 98 7
a 670 225 8
a 671 54 3
a 671 378 2
a 671 445 3
a 671 452 8
a 672 383 6
a 672 732 2
a 673 484 2
a 673 709 1
a 674 140 2
a 674 312 6
a 674 349 6
a 674 361 9
a 674 783 4
a 675 753 8
a 676 382 8
a 676 600 1
a 677 441 1
a 677 479 2
a 678 130 6
a 678 156 5
a 678 438 10
a 679 639 3
a 680 276 1
a 680 416 2
a 680 468 1
a 681 118 1
a 681 505 7
a 682 453 2
a 683 92 9
a 683 743 8
a 684 9 10
a 684 710 1
a 685 234 8
a 685 282 9
a 685 320 8
a 685 465 2
a 685 542 3
a 686 621 4
a 687 275 6
a 687 554 7
a 688 336 2
a 688 547 4
a 688 751 2
a 689 701 10
a 690 113 10
a 691 601 5
a 691 652 8
a 692 175 2
a 692 244 6
a 693 720 4
a 694 500 5
a 694 506 3
a 694 544 4
a 694 772 9
a 695 66 10
a 695 289 9
a 695 642 2
a 695 667 5
a 696 716 10
a 697 716 1
a 697 734 7
a 697 757 10
a 698 16 10
a 698 89 2
a 698 321 1
a 699 135 8
a 700 123 8
a 700 799 8
a 701 209 2
a 701 412 2
a 701 800 1
a 702 639 3
a 703 14 2
a 703 716 5
a 704 57 10
a 704 274 6
a 704 286 4
a 705 458 9
a 705 550 1
a 706 446 9
a 707 81 7
a 707 137 7
a 707 292 2
a 707 360 6
a 708 282 2
a 708 393 7
a 709 343 4
a 709 354 5
a 710 216 8
a 710 761 2
a 711 182 5
a 712 159 10
a 712 655 5
a 712 694 5
a 712 782 9
a 713 563 6
a 713 656 9
a 714 352 7
a 715 31 7
a 715 513 5
a 716 71 4
a 716 756 2
a 717 162 8
a 717 759 4
a 718 294 8
a 718 518 7
a 719 506 10
a 719 738 4
a 720 147 8
a 721 201 7
a 721 402 1
a 722 264 8
a 722 592 8
a 723 8 3
a 723 144 10
a 723 695 5
a 723 699 1
a 724 411 4
a 724 428 8
a 724 677 3
a 725 117 5
a 725 180 2
a 725 535 9
a 725 796 2
a 726 394 8
a 727 384 3
a 728 423 8
a 728 508 7
a 729 488 10
a 729 572 2
a 729 757 9
a 730 328 2
a 730 433 4
a 730 760 8
a 731 564 4
a 732 241 2
a 733 112 5
a 733 640 1
a 734 18 10
a 734 126 2
a 734 724 8
a 734 729 2
a 735 774 8
a 736 288 2
a 736 455 5
a 737 150 6
a 737 522 3
a 738 437 6
a 738 466 8
a 738 601 4
a 739 580 5
a 740 79 8
a 741 53 5
a 741 82 2
a 741 114 2
a 741 471 3
a 741 789 2
a 742 5 9
a 742 69 8
a 743 8 2
a 743 233 3
a 743 315 5
a 743 790 1
a 744 521 8
a 744 523 2
a 745 169 6
a 745 688 9
a 746 529 9
a 747 465 10
a 747 524 6
a 748 44 9
a 748 603 6
a 749 309 6
a 750 19 5
a 750 116 2
a 750 490 5
a 751 112 2
a 752 254 10
a 753 132 10
a 753 202 1
a 753 212 7
a 753 515 1
a 753 591 7
a 754 277 10
a 754 492 10
a 755 528 10
a 756 60 5
a 756 623 2
a 756 628 6
a 757 295 4
a 757 586 7
a 758 160 6
a 759 315 5
a 760 144 10
a 760 559 3
a 761 344 2
a 761 623 2
a 762 21 10
a 762 77 7
a 762 287 6
a 762 685 2
a 763 69 8
a 764 211 6
a 764 687 2
a 765 4 5
a 765 51 3
a 765 368 7
a 765 597 5
a 766 127 2
a 767 670 7
a 768 339 2
a 768 512 9
a 769 674 1
a 770 200 4
a 770 458 10
a 771 425 7
a 772 70 9
a 772 418 5
a 773 621 2
a 774 58 10
a 775 566 10
a 775 641 6
a 776 356 9
a 776 368 10
a 777 203 3
a 777 300 7
a 777 491 5
a 778 431 7
a 778 457 7
a 778 535 10
a 778 561 4
a 778 750 2
a 779 222 2
a 780 243 8
a 780 670 5
a 781 156 5
a 781 673 7
a 781 742 7
a 782 407 10
a 783 664 10
a 784 530 1
a 785 443 1
a 785 795 4
a 786 565 4
a 787 173 6
a 787 449 5
a 787 660 2
a 787 726 3
a 788 372 1
a 789 61 10
a 790 275 10
a 791 556 10
a 792 151 8
a 792 311 10
a 792 645 5
a 793 189 3
a 793 329 9
a 793 420 5
a 794 640 3
a 795 788 7
a 796 351 9
a 796 464 7
a 797 197 1
a 797 281 9
a 798 611 2
a 798 648 5
a 799 6 2
a 799 142 2
a 799 510 6
a 799 525 7
a 799 554 2
