p max 800 1600
n 1 s
n 800 t
a 1 124 10
a 1 404 2
a 2 584 7
a 3 24 8
a 3 98 10
a 4 140 6
a 4 391 2
a 5 176 8
a 5 669 3
a 6 138 1
a 6 641 3
a 7 14 10
a 8 186 9
a 8 412 2
a 9 394 1
a 9 771 4
a 10 142 7
a 11 276 2
a 11 702 5
a 12 294 9
a 12 351 10
a 13 574 1
a 14 336 4
a 14 504 4
a 14 746 10
a 15 586 3
a 16 50 8
a 16 580 1
a 16 617 8
a 17 226 6
a 17 614 9
a 18 574 5
a 19 169 4
a 19 426 4
a 19 532 7
a 20 738 8
a 20 767 4
a 21 363 3
a 22 345 9
a 22 761 5
a 23 500 3
a 24 777 3
a 25 639 4
a 26 604 7
a 27 180 2
a 27 637 5
a 27 692 3
a 28 431 10
a 29 414 8
a 30 760 1
a 31 443 9
a 31 491 9
a 32 657 10
a 32 782 10
a 33 595 1
a 33 758 5
a 34 82 4
a 34 104 6
a 34 650 5
a 35 174 1
a 35 397 3
a 35 480 10
a 36 403 9
a 37 71 8
a 38 165 1
a 39 5 3
a 39 178 1
a 39 588 9
a 40 288 5
a 41 93 2
a 41 300 5
a 42 105 6
a 42 404 5
a 43 437 2
a 43 605 5
a 43 659 9
a 44 32 5
a 44 419 1
a 44 586 10
a 45 14 8
a 46 177 9
a 46 743 10
a 47 492 9
a 47 535 10
a 48 156 4
a 48 670 6
a 49 343 1
a 49 642 10
a 50 375 2
a 51 134 3
a 51 390 6
a 52 21 8
a 52 499 2
a 52 792 3
a 53 88 10
a 53 664 9
a 53 686 9
a 54 74 9
a 54 463 5
a 55 298 3
a 55 789 5
a 56 128 3
a 56 610 5
a 57 138 10
a 57 299 9
a 57 310 6
a 58 168 10
a 58 737 4
a 59 19 10
a 59 230 2
a 59 295 5
a 59 556 10
a 59 577 2
a 60 300 9
a 60 348 9
a 60 486 5
a 60 487 3
a 61 612 8
a 61 690 4
a 61 723 8
a 62 357 5
a 63 115 6
a 64 167 2
a 65 760 7
a 66 449 5
a 66 535 2
a 67 445 2
a 68 6 6
a 68 246 10
a 68 748 7
a 69 123 8
a 69 284 8
a 69 502 7
a 70 458 7
a 71 423 1
a 71 609 5
a 72 86 6
a 73 341 1
a 73 780 5
a 74 427 2
a 75 3 5
a 75 263 9
a 75 461 1
a 76 173 1
a 77 526 7
a 77 743 5
a 78 237 8
a 78 403 7
a 79 54 6
a 79 257 6
a 79 539 8
a 79 648 4
a 80 469 3
a 80 483 2
a 81 539 5
a 81 739 9
a 82 391 4
a 83 228 10
a 83 350 7
a 83 356 7
a 83 509 4
a 83 621 6
a 84 526 8
a 84 752 3
a 85 142 8
a 85 253 9
a 85 478 4
a 85 525 3
a 86 180 6
a 86 316 9
a 87 201 3
a 87 231 1
a 87 680 8
a 87 772 2
a 87 787 2
a 88 252 9
a 89 493 9
a 90 340 8
a 90 407 8
a 91 43 1
a 92 131 5
a 93 329 7
a 94 396 10
a 94 428 10
a 94 714 6
a 95 693 2
a 96 432 7
a 96 683 8
a 97 154 4
a 98 173 10
a 98 794 2
a 99 238 2
a 99 479 8
a 100 639 5
a 101 310 7
a 101 397 4
a 102 434 7
a 103 97 2
a 103 192 7
a 103 531 10
a 104 128 10
a 104 190 7
a 104 301 2
a 104 674 8
a 104 725 3
a 105 197 4
a 105 252 5
a 106 121 2
a 106 546 9
a 107 30 9
a 107 72 2
a 108 155 7
a 108 304 3
a 108 514 1
a 109 58 9
a 109 136 5
a 109 203 1
a 110 95 10
a 110 331 9
a 110 344 3
a 110 369 9
a 110 454 1
a 110 763 2
a 111 31 1
a 112 289 5
a 113 622 7
a 114 321 6
a 115 574 2
a 116 178 9
a 116 562 3
a 117 60 2
a 117 602 9
a 118 172 8
a 119 423 5
a 120 199 8
a 121 403 6
a 122 139 2
a 122 492 4
a 123 17 4
a 123 96 7
a 124 459 4
a 125 44 10
a 125 109 4
a 126 689 6
a 126 732 5
a 127 328 9
a 127 599 5
a 127 633 7
a 127 790 5
a 128 294 5
a 129 757 2
a 130 728 7
a 131 181 7
a 131 695 2
a 132 186 2
a 132 522 10
a 133 206 3
a 133 707 3
a 134 98 10
a 135 166 4
a 135 532 5
a 135 600 7
a 136 62 8
a 137 604 2
a 138 491 5
a 138 694 3
a 139 318 10
a 139 482 4
a 140 327 5
a 140 664 3
a 141 35 1
a 141 572 6
a 142 311 4
a 143 172 5
a 143 272 7
a 144 66 4
a 144 329 8
a 144 547 8
a 145 481 2
a 145 591 8
a 146 641 5
a 147 180 9
a 147 454 7
a 148 206 5
a 148 450 9
a 149 284 6
a 150 108 8
a 151 181 7
a 152 243 10
a 152 520 7
a 153 251 1
a 153 740 8
a 154 675 7
a 155 58 10
a 155 662 1
a 156 72 10
a 156 159 6
a 157 223 8
a 157 567 5
a 158 114 8
a 158 222 10
a 158 467 2
a 158 569 10
a 159 196 5
a 159 201 10
a 159 384 2
a 160 155 2
a 160 530 1
a 160 621 7
a 161 159 8
a 161 313 5
a 162 56 5
a 162 156 10
a 162 548 4
a 163 518 7
a 163 626 8
a 163 675 1
a 164 170 2
a 165 486 8
a 166 80 9
a 166 584 2
a 166 796 7
a 167 671 7
a 168 77 2
a 168 167 5
a 169 350 7
a 170 15 3
a 170 132 6
a 170 733 10
a 171 170 8
a 171 379 3
a 171 627 5
a 172 256 9
a 173 490 10
a 173 513 9
a 174 565 1
a 174 629 4
a 174 721 6
a 175 34 5
a 175 591 6
a 176 493 5
a 177 581 6
a 178 437 5
a 179 192 1
a 179 280 3
a 179 358 8
a 179 398 10
a 180 34 7
a 180 213 7
a 181 630 7
a 181 700 8
a 182 16 4
a 183 262 4
a 183 654 2
a 183 742 1
a 184 112 1
a 185 218 2
a 186 562 6
a 187 66 8
a 187 709 6
a 188 680 8
a 189 146 5
a 189 332 4
a 190 121 10
a 190 238 9
a 190 281 2
a 190 751 8
a 191 766 2
a 192 74 2
a 193 108 7
a 194 137 4
a 194 663 10
a 195 98 8
a 196 69 1
a 196 488 9
a 196 554 10
a 196 565 3
a 196 764 8
a 197 528 4
a 198 306 1
a 199 353 10
a 200 8 5
a 201 550 7
a 202 353 6
a 202 654 9
a 203 81 3
a 203 577 1
a 203 611 6
a 204 453 3
a 205 524 9
a 206 65 1
a 207 60 10
a 207 335 3
a 207 407 2
a 208 34 5
a 208 554 8
a 209 436 6
a 209 498 9
a 210 154 2
a 210 181 7
a 211 20 9
a 211 92 4
a 212 311 3
a 212 521 3
a 212 684 9
a 212 738 6
a 213 183 10
a 213 676 8
a 214 276 7
a 214 573 2
a 214 714 6
a 214 766 4
a 215 113 8
a 216 241 5
a 216 575 10
a 216 634 2
a 217 290 9
a 218 110 3
a 219 245 3
a 220 61 7
a 220 372 1
a 221 66 10
a 222 435 1
a 222 546 4
a 223 473 5
a 223 509 9
a 224 246 5
a 225 542 7
a 226 360 7
a 226 479 2
a 227 458 4
a 227 524 3
a 227 644 9
a 228 341 9
a 229 594 3
a 230 220 6
a 230 506 8
a 230 623 1
a 231 139 1
a 231 308 9
a 231 568 2
a 232 54 9
a 232 624 8
a 232 652 9
a 232 735 7
a 233 333 9
a 233 405 7
a 233 444 3
a 234 99 9
a 234 573 6
a 234 722 6
a 235 67 4
a 236 140 5
a 236 359 4
a 236 419 4
a 237 187 10
a 237 298 2
a 238 72 1
a 239 99 7
a 240 411 10
a 240 739 4
a 241 539 5
a 242 673 6
a 243 266 7
a 244 493 6
a 244 799 2
a 245 340 3
a 246 315 4
a 246 442 1
a 247 481 8
a 248 615 8
a 248 718 1
a 249 720 9
a 250 141 9
a 250 578 2
a 250 648 10
a 251 131 8
a 251 456 5
a 251 665 3
a 252 287 3
a 252 427 4
a 252 671 3
a 253 147 1
a 254 189 7
a 254 783 2
a 255 600 4
a 256 610 2
a 257 54 7
a 257 271 3
a 258 57 8
a 259 167 6
a 259 469 4
a 259 500 1
a 260 144 4
a 260 436 9
a 260 438 10
a 261 37 2
a 261 376 10
a 261 786 9
a 262 117 9
a 262 720 5
a 263 677 5
a 264 115 5
a 264 194 7
a 264 633 7
a 265 182 1
a 266 128 4
a 267 255 10
a 267 639 10
a 267 779 10
a 268 152 10
a 268 158 1
a 268 161 7
a 268 324 6
a 269 77 6
a 270 98 6
a 270 264 3
a 271 368 10
a 271 441 8
a 271 666 8
a 272 3 6
a 272 320 3
a 272 620 1
a 273 342 2
a 273 393 5
a 274 122 6
a 274 568 4
a 274 717 9
a 275 522 2
a 275 647 8
a 276 27 4
a 276 211 2
a 276 663 4
a 277 211 10
a 278 64 1
a 278 744 10
a 279 475 6
a 279 731 9
a 280 348 8
a 281 215 6
a 281 579 5
a 282 185 5
a 282 366 7
a 282 497 10
a 282 583 7
a 282 688 3
a 283 168 5
a 283 305 4
a 284 270 4
a 285 77 2
a 285 355 7
a 286 501 7
a 287 182 3
a 288 283 2
a 288 698 9
a 289 335 1
a 289 388 4
a 289 734 7
a 290 273 5
a 290 463 6
a 290 704 7
a 291 555 5
a 292 748 4
a 292 799 1
a 293 53 7
a 293 183 9
a 293 700 3
a 294 43 9
a 294 471 3
a 294 631 2
a 295 16 3
a 295 451 7
a 296 106 8
a 296 274 6
a 296 576 4
a 296 644 3
a 297 104 6
a 297 410 2
a 298 6 9
a 299 35 8
a 299 302 8
a 299 382 1
a 299 466 2
a 299 594 7
a 299 699 3
a 300 680 1
a 300 689 8
a 301 66 4
a 302 151 4
a 302 180 6
a 302 706 3
a 303 443 2
a 304 59 6
a 304 96 10
a 304 430 1
a 304 619 6
a 304 788 10
a 305 462 5
a 305 517 9
a 306 442 6
a 306 589 7
a 307 151 1
a 307 437 2
a 308 71 8
a 308 226 1
a 308 434 3
a 309 127 3
a 309 188 8
a 309 471 5
a 309 628 5
a 310 309 4
a 310 375 4
a 311 317 6
a 312 62 2
a 312 298 9
a 313 636 1
a 313 761 3
a 314 118 7
a 314 415 7
a 315 193 10
a 315 214 5
a 316 509 4
a 317 192 3
a 317 687 9
a 318 280 4
a 318 620 5
a 319 201 5
a 320 398 1
a 321 558 1
a 322 125 2
a 323 534 9
a 324 306 2
a 324 450 7
a 325 370 3
a 326 230 1
a 327 491 5
a 327 574 1
a 327 793 1
a 328 519 6
a 329 29 10
a 329 759 4
a 330 358 1
a 330 578 5
a 331 271 7
a 331 533 5
a 332 527 6
a 332 581 2
a 332 656 8
a 333 148 3
a 334 215 9
a 335 526 8
a 336 437 2
a 336 719 6
a 337 730 5
a 338 559 4
a 339 306 2
a 340 169 10
a 340 248 9
a 340 375 1
a 340 709 6
a 341 41 5
a 341 209 8
a 341 542 4
a 342 174 1
a 342 242 7
a 343 14 2
a 343 155 6
a 343 399 7
a 344 581 8
a 345 521 9
a 346 135 9
a 346 341 10
a 346 726 9
a 347 610 1
a 347 757 10
a 348 110 4
a 348 305 3
a 348 343 4
a 348 621 4
a 348 670 9
a 349 270 10
a 349 501 3
a 349 635 10
a 350 14 5
a 351 367 5
a 351 456 5
a 352 227 5
a 352 374 8
a 353 534 2
a 354 126 2
a 354 592 3
a 355 448 7
a 355 606 4
a 356 133 8
a 356 205 9
a 357 112 8
a 357 540 1
a 358 656 3
a 359 181 7
a 360 33 1
a 360 76 10
a 360 767 5
a 360 780 7
a 361 391 5
a 362 192 9
a 363 129 1
a 363 232 7
a 364 276 10
a 365 10 6
a 365 35 5
a 365 439 6
a 365 489 10
a 365 617 4
a 366 799 4
a 367 126 8
a 367 269 2
a 367 710 6
a 368 313 2
a 369 73 6
a 369 587 1
a 369 743 5
a 370 171 7
a 370 312 1
a 371 329 6
a 372 24 4
a 373 512 7
a 374 612 10
a 375 147 2
a 375 266 7
a 375 422 1
a 375 607 3
a 376 26 7
a 376 415 5
a 376 557 2
a 377 13 4
a 377 653 7
a 378 772 1
a 379 167 4
a 379 204 7
a 380 369 1
a 381 671 3
a 382 120 4
a 382 394 3
a 382 453 10
a 382 457 8
a 382 513 9
a 383 254 8
a 383 322 4
a 384 198 9
a 384 498 4
a 384 537 5
a 385 300 7
a 386 276 8
a 386 773 6
a 387 20 7
a 387 227 10
a 387 528 2
a 388 168 10
a 388 258 10
a 389 215 6
a 389 365 10
a 389 776 3
a 390 173 7
a 390 237 2
a 391 207 6
a 391 703 4
a 392 400 10
a 392 584 10
a 392 640 7
a 393 153 2
a 393 331 4
a 394 303 8
a 395 634 4
a 396 78 10
a 396 225 9
a 396 746 4
a 397 8 4
a 398 140 2
a 398 270 4
a 398 558 3
a 399 311 8
a 400 18 9
a 401 17 4
a 401 23 4
a 402 21 10
a 402 287 4
a 402 500 6
a 402 661 1
a 402 667 1
a 403 613 3
a 403 770 7
a 404 308 1
a 404 536 8
a 405 153 1
a 405 389 2
a 406 57 7
a 406 189 3
a 406 467 3
a 406 505 4
a 407 319 9
a 408 118 5
a 408 347 9
a 408 681 5
a 409 414 3
a 409 715 5
a 410 15 10
a 410 200 5
a 410 721 10
a 411 67 7
a 411 316 9
a 411 518 8
a 412 359 9
a 412 472 1
a 412 474 9
a 413 254 4
a 413 563 1
a 413 744 1
a 414 600 10
a 415 286 6
a 415 633 1
a 416 330 6
a 416 453 8
a 417 423 1
a 417 705 4
a 418 491 5
a 419 578 2
a 420 135 2
a 420 800 3
a 421 498 3
a 421 759 4
a 421 795 9
a 422 25 4
a 422 455 8
a 423 540 6
a 423 711 1
a 424 94 4
a 424 283 3
a 424 735 2
a 425 175 7
a 425 750 8
a 426 89 3
a 426 520 2
a 427 40 5
a 427 653 1
a 428 108 8
a 428 380 2
a 429 636 6
a 430 2 6
a 430 677 8
a 431 420 5
a 432 210 2
a 432 395 5
a 433 359 9
a 433 677 3
a 434 377 1
a 435 167 7
a 435 564 8
a 436 477 8
a 436 618 4
a 436 638 10
a 437 39 8
a 438 30 1
a 438 362 8
a 438 789 4
a 439 238 9
a 440 318 2
a 440 505 8
a 441 89 6
a 441 323 5
a 442 538 4
a 442 562 2
a 443 316 4
a 443 643 1
a 444 31 9
a 444 741 9
a 445 699 5
a 446 562 2
a 447 270 5
a 447 433 2
a 447 764 9
a 448 18 5
a 448 494 5
a 449 54 5
a 449 472 5
a 450 266 8
a 451 90 9
a 451 218 7
a 452 785 6
a 453 680 6
a 453 727 4
a 454 103 1
a 454 627 2
a 455 3 5
a 455 51 4
a 456 695 10
a 457 129 8
a 458 504 10
a 459 612 2
a 460 47 5
a 460 119 5
a 460 278 4
a 460 603 1
a 461 753 6
a 461 773 7
a 462 100 10
a 462 143 8
a 462 371 4
a 463 245 7
a 463 560 9
a 463 622 7
a 463 761 7
a 464 494 8
a 464 535 2
a 464 799 7
a 465 117 6
a 466 3 9
a 466 408 6
a 467 384 7
a 467 478 4
a 468 11 3
a 468 123 5
a 468 282 1
a 468 756 6
a 469 83 5
a 469 465 2
a 470 70 6
a 470 163 1
a 471 213 9
a 471 649 3
a 472 178 7
a 472 673 5
a 473 466 8
a 474 7 7
a 474 549 7
a 475 154 8
a 475 493 3
a 475 640 7
a 475 658 1
a 476 577 10
a 477 145 2
a 477 288 2
a 477 535 3
a 477 541 9
a 478 12 2
a 478 317 2
a 478 335 5
a 478 360 10
a 478 654 5
a 479 357 8
a 479 553 3
a 479 724 5
a 480 493 4
a 481 254 6
a 482 729 5
a 482 769 5
a 483 232 9
a 483 324 10
a 483 794 1
a 484 405 6
a 485 290 9
a 485 569 4
a 486 163 7
a 486 307 7
a 486 511 3
a 487 65 4
a 487 126 6
a 487 412 5
a 487 760 7
a 488 634 1
a 489 13 5
a 489 630 8
a 490 141 3
a 490 760 8
a 491 480 4
a 492 229 9
a 492 512 2
a 492 655 5
a 493 665 1
a 494 167 3
a 495 259 10
a 495 638 6
a 496 268 6
a 496 443 4
a 497 147 1
a 497 314 3
a 497 416 9
a 498 452 5
a 498 611 8
a 498 718 5
a 499 768 4
a 500 52 6
a 500 86 4
a 500 275 5
a 500 730 7
a 501 172 5
a 501 672 5
a 502 723 5
a 503 218 1
a 504 447 3
a 504 773 10
a 505 388 8
a 506 558 10
a 507 41 4
a 508 334 6
a 508 517 2
a 508 565 10
a 509 9 1
a 509 55 9
a 509 125 7
a 509 249 4
a 509 553 5
a 510 497 4
a 511 289 7
a 511 495 7
a 511 630 4
a 512 600 2
a 512 712 7
a 512 763 10
a 513 7 10
a 513 103 2
a 513 443 6
a 513 545 4
a 513 669 1
a 514 89 1
a 514 655 5
a 515 729 1
a 516 110 4
a 516 277 10
a 516 529 10
a 517 414 7
a 517 518 6
a 518 17 2
a 518 117 7
a 518 212 10
a 518 264 4
a 518 613 3
a 519 116 8
a 519 386 5
a 520 177 8
a 520 758 5
a 521 99 3
a 522 532 6
a 522 576 1
a 523 666 6
a 524 247 2
a 524 762 6
a 525 156 9
a 526 54 6
a 527 616 8
a 527 798 5
a 528 374 8
a 528 643 10
a 529 424 10
a 529 571 8
a 530 46 1
a 530 463 3
a 530 780 1
a 531 787 10
a 532 68 5
a 532 90 1
a 533 469 4
a 534 267 5
a 534 747 2
a 535 292 6
a 535 417 10
a 536 361 3
a 537 162 9
a 538 157 6
a 538 210 1
a 538 252 4
a 539 466 7
a 540 4 4
a 540 282 3
a 541 577 10
a 542 633 9
a 542 686 1
a 542 701 4
a 542 765 9
a 543 150 10
a 543 552 10
a 543 776 6
a 544 503 10
a 545 260 1
a 545 381 7
a 545 627 2
a 546 124 4
a 546 341 8
a 546 515 1
a 547 664 10
a 548 605 3
a 548 697 9
a 548 729 5
a 549 104 3
a 549 162 3
a 549 432 4
a 550 39 3
a 550 327 4
a 550 394 6
a 550 534 8
a 551 174 2
a 551 193 9
a 551 346 3
a 552 241 2
a 552 619 7
a 553 306 8
a 553 428 10
a 554 273 9
a 555 442 3
a 556 265 1
a 556 654 2
a 557 63 10
a 557 297 4
a 558 36 6
a 558 421 1
a 558 741 4
a 559 48 1
a 559 321 8
a 560 273 3
a 560 385 10
a 561 120 8
a 561 296 1
a 561 539 5
a 562 217 7
a 562 545 3
a 563 116 7
a 564 365 3
a 565 101 2
a 565 103 10
a 566 357 4
a 567 146 9
a 567 160 9
a 567 646 1
a 568 19 9
a 569 161 3
a 569 425 7
a 569 774 5
a 570 560 2
a 571 179 7
a 571 207 8
a 571 306 3
a 571 455 5
a 572 265 3
a 572 281 6
a 572 598 3
a 573 392 9
a 573 623 4
a 574 314 6
a 574 755 9
a 575 361 8
a 576 121 2
a 576 175 8
a 577 553 4
a 577 633 6
a 578 523 5
a 578 688 9
a 579 133 6
a 579 582 8
a 580 388 7
a 580 785 10
a 581 262 2
a 581 420 2
a 582 608 6
a 583 628 1
a 584 685 8
a 584 688 6
a 585 236 7
a 585 363 7
a 586 567 4
a 586 649 9
a 587 245 3
a 587 570 6
a 587 777 4
a 588 586 10
a 589 68 2
a 589 632 3
a 590 11 1
a 590 112 9
a 590 383 8
a 591 240 10
a 591 366 4
a 591 616 10
a 592 52 7
a 592 622 4
a 593 176 3
a 593 660 7
a 593 672 4
a 594 418 7
a 594 723 7
a 594 728 7
a 595 768 3
a 596 570 7
a 597 38 2
a 597 599 1
a 598 318 9
a 598 690 2
a 599 596 8
a 599 786 8
a 600 476 1
a 600 551 5
a 600 616 8
a 601 214 10
a 601 292 3
a 601 421 9
a 601 727 9
a 602 178 9
a 602 361 4
a 602 651 2
a 603 464 10
a 603 748 4
a 604 657 5
a 605 618 10
a 605 708 1
a 606 581 1
a 607 33 8
a 607 307 4
a 608 316 4
a 609 270 4
a 609 496 2
a 609 625 5
a 610 581 5
a 611 399 2
a 612 474 1
a 613 750 2
a 614 65 3
a 614 373 1
a 615 45 10
a 615 345 6
a 615 566 5
a 616 759 3
a 616 768 1
a 617 286 8
a 618 188 5
a 619 339 6
a 619 577 10
a 620 149 8
a 620 240 6
a 620 354 8
a 620 359 6
a 621 401 1
a 621 510 9
a 622 236 6
a 622 725 1
a 623 195 4
a 623 199 2
a 623 391 7
a 623 561 6
a 624 515 1
a 625 203 9
a 625 349 5
a 625 492 5
a 626 380 6
a 626 646 7
a 627 50 4
a 627 267 4
a 628 210 4
a 629 200 2
a 629 485 3
a 629 754 6
a 630 421 4
a 630 691 9
a 631 195 6
a 632 56 2
a 633 28 6
a 633 516 3
a 633 785 5
a 634 295 3
a 634 546 4
a 634 691 5
a 635 395 10
a 636 157 5
a 636 234 9
a 636 519 4
a 636 532 4
a 637 745 3
a 638 772 5
a 639 223 6
a 639 618 10
a 640 474 3
a 641 390 1
a 642 548 10
a 643 405 6
a 643 625 4
a 644 190 1
a 645 367 9
a 646 169 6
a 647 92 7
a 647 606 8
a 648 221 10
a 649 75 3
a 649 764 8
a 650 43 1
a 651 794 4
a 652 425 7
a 653 651 5
a 654 540 9
a 655 219 10
a 655 273 8
a 656 53 7
a 657 440 6
a 658 257 2
a 658 571 9
a 659 148 10
a 659 672 2
a 659 797 5
a 660 323 7
a 660 418 5
a 661 156 7
a 661 184 5
a 662 692 7
a 663 49 5
a 663 393 8
a 663 580 1
a 664 199 3
a 665 402 4
a 665 748 10
a 666 261 6
a 666 418 6
a 667 85 1
a 667 351 8
a 667 408 6
a 668 71 4
a 668 218 2
a 669 423 1
a 669 581 6
a 670 114 4
a 671 537 4
a 672 365 2
a 672 571 7
a 672 713 4
a 672 752 7
a 673 662 6
a 673 682 5
a 674 26 6
a 674 37 1
a 674 182 1
a 675 16 7
a 675 259 1
a 676 112 9
a 676 202 3
a 677 257 5
a 677 791 4
a 678 274 4
a 678 364 2
a 678 693 4
a 679 366 10
a 679 377 2
a 680 544 2
a 680 764 8
a 681 161 4
a 682 247 2
a 682 593 4
a 682 736 4
a 683 213 6
a 683 401 6
a 684 145 1
a 685 264 2
a 685 736 3
a 686 68 1
a 686 526 9
a 686 749 9
a 687 165 2
a 687 780 1
a 688 520 4
a 688 774 9
a 689 164 10
a 689 734 2
a 690 621 3
a 691 44 8
a 692 8 9
a 692 774 9
a 693 143 1
a 693 680 7
a 694 190 1
a 695 535 10
a 696 152 8
a 696 567 6
a 697 41 5
a 697 668 9
a 698 109 3
a 698 585 4
a 699 372 4
a 700 93 3
a 700 130 7
a 700 325 4
a 701 274 1
a 702 149 2
a 702 208 6
a 702 608 4
a 702 610 10
a 703 348 4
a 704 279 4
a 704 370 10
a 704 465 4
a 704 657 7
a 704 692 3
a 705 91 6
a 705 360 1
a 705 800 3
a 706 22 10
a 706 358 3
a 707 125 8
a 707 459 10
a 708 542 5
a 709 297 3
a 709 326 8
a 709 337 1
a 709 372 4
a 709 508 3
a 710 403 6
a 711 221 1
a 712 26 5
a 712 84 9
a 712 280 5
a 712 385 1
a 713 113 10
a 713 359 1
a 713 775 5
a 714 629 6
a 715 748 7
a 716 279 6
a 716 506 4
a 717 445 6
a 717 603 4
a 717 631 5
a 718 368 4
a 718 446 10
a 718 690 1
a 718 696 8
a 719 383 8
a 719 440 8
a 720 330 6
a 721 429 4
a 721 654 10
a 722 516 7
a 723 133 7
a 723 251 2
a 723 371 5
a 724 357 3
a 725 589 7
a 726 692 4
a 727 30 2
a 727 378 5
a 727 686 9
a 728 34 3
a 729 87 7
a 729 272 6
a 729 507 1
a 729 534 8
a 729 678 8
a 730 440 10
a 730 576 4
a 731 415 4
a 732 224 7
a 732 254 8
a 732 716 2
a 733 460 7
a 733 470 8
a 733 566 9
a 734 23 1
a 734 381 7
a 734 475 1
a 735 409 2
a 735 713 7
a 736 386 7
a 736 734 7
a 737 532 10
a 738 336 4
a 738 614 3
a 739 355 8
a 739 768 6
a 740 80 5
a 740 766 1
a 741 131 4
a 741 490 5
a 742 303 8
a 742 663 3
a 743 285 10
a 743 656 10
a 743 705 7
a 743 759 4
a 744 111 5
a 744 560 10
a 745 335 7
a 745 636 6
a 746 221 3
a 746 299 8
a 746 543 1
a 747 66 1
a 747 382 3
a 748 24 6
a 748 216 4
a 748 325 2
a 748 406 1
a 749 536 9
a 749 604 1
a 750 79 7
a 750 256 9
a 750 312 7
a 750 533 7
a 750 726 6
a 751 777 8
a 751 778 2
a 752 327 1
a 753 233 8
a 753 601 3
a 754 352 6
a 754 582 9
a 755 46 8
a 755 645 4
a 756 442 9
a 756 650 10
a 757 235 2
a 757 648 8
a 758 48 2
a 758 107 9
a 758 612 1
a 758 650 5
a 759 380 1
a 760 387 7
a 760 758 8
a 761 153 6
a 762 223 3
a 762 555 2
a 763 43 2
a 763 214 2
a 764 244 3
a 764 433 7
a 765 744 3
a 766 183 7
a 766 390 7
a 766 498 6
a 766 679 3
a 767 664 4
a 767 693 6
a 768 26 9
a 768 416 9
a 768 559 2
a 768 597 7
a 768 703 5
a 769 66 8
a 769 191 7
a 769 250 5
a 770 332 1
a 770 413 6
a 771 187 8
a 771 413 1
a 771 737 4
a 772 729 7
a 773 637 5
a 774 780 4
a 774 781 6
a 775 102 8
a 775 204 1
a 775 217 10
a 775 319 1
a 776 35 7
a 776 293 9
a 776 468 1
a 777 550 1
a 777 590 8
a 777 745 2
a 778 309 5
a 778 503 3
a 778 673 10
a 779 379 2
a 780 542 5
a 780 666 7
a 781 484 3
a 781 563 7
a 781 564 1
a 782 337 10
a 782 777 9
a 783 105 3
a 784 83 5
a 785 109 7
a 785 551 10
a 786 760 8
a 787 42 7
a 787 291 4
a 787 428 4
a 787 784 5
a 788 414 4
a 788 601 3
a 789 239 8
a 789 479 7
a 790 391 9
a 791 130 2
a 791 745 8
a 792 288 10
a 792 431 4
a 793 168 1
a 794 509 7
a 795 799 6
a 796 313 10
a 797 639 5
a 797 719 9
a 798 137 7
a 798 338 6
a 798 698 2
a 799 664 2
