p max 800 1600
n 1 s
n 800 t
a 1 476 7
a 2 24 9
a 3 199 4
a 3 716 4
a 3 763 8
a 4 356 5
a 5 52 8
a 6 145 7
a 6 657 10
a 7 307 5
a 7 415 6
a 8 214 4
a 8 285 2
a 8 298 4
a 8 458 3
a 8 686 1
a 9 576 1
a 10 325 2
a 10 471 1
a 10 677 8
a 11 585 5
a 12 242 6
a 12 499 9
a 13 62 7
a 13 125 5
a 14 51 5
a 14 524 4
a 15 295 6
a 15 485 8
a 15 518 7
a 16 47 8
a 16 204 4
a 16 636 3
a 17 373 7
a 17 683 1
a 18 158 8
a 18 695 8
a 19 800 8
a 20 249 8
a 20 556 6
a 20 667 5
a 21 178 8
a 22 55 9
a 22 229 8
a 22 588 7
a 23 606 3
a 24 3 9
a 24 123 8
a 25 8 6
a 25 146 5
a 26 399 10
a 26 482 4
a 27 406 4
a 27 428 5
a 27 474 9
a 28 132 2
a 28 603 5
a 29 177 2
a 29 299 5
a 30 45 2
a 30 580 6
a 31 418 1
a 31 529 10
a 32 326 8
a 32 555 6
a 32 644 4
a 33 401 9
a 34 602 1
a 34 612 6
a 35 279 6
a 35 761 4
a 36 293 1
a 36 557 7
a 36 729 6
a 37 259 10
a 37 307 9
a 38 154 1
a 38 508 6
a 38 748 10
a 39 280 5
a 40 647 9
a 41 226 3
a 41 550 1
a 41 553 5
a 42 256 2
a 43 201 4
a 44 605 10
a 44 653 6
a 45 478 8
a 45 523 1
a 45 673 1
a 46 284 6
a 47 790 2
a 48 691 3
a 49 470 8
a 49 735 4
a 49 746 8
a 50 268 9
a 51 205 1
a 51 419 7
a 52 349 7
a 53 85 5
a 54 436 7
a 54 507 3
a 55 323 2
a 55 454 7
a 56 664 10
a 57 526 9
a 57 660 2
a 58 193 4
a 58 446 4
a 58 541 6
a 59 452 4
a 59 479 10
a 59 502 7
a 60 55 2
a 60 469 9
a 61 35 3
a 61 512 10
a 62 539 4
a 63 151 9
a 64 19 3
a 65 16 7
a 66 52 6
a 66 188 8
a 66 517 7
a 67 109 10
a 68 278 7
a 69 676 7
a 70 26 8
a 70 252 7
a 71 273 7
a 71 627 2
a 72 93 7
a 72 772 8
a 73 152 5
a 74 674 1
a 74 704 2
a 75 19 7
a 75 645 7
a 75 748 5
a 76 505 7
a 76 521 3
a 77 253 2
a 77 495 10
a 77 548 2
a 78 686 3
a 79 773 2
a 80 82 5
a 80 364 3
a 81 204 7
a 81 375 4
a 81 438 5
a 82 234 8
a 82 487 8
a 83 86 3
a 84 617 8
a 85 195 2
a 85 408 6
a 85 463 6
a 86 399 10
a 86 431 10
a 87 153 6
a 87 510 4
a 88 314 9
a 88 792 7
a 89 57 8
a 89 108 1
a 90 114 8
a 91 128 9
a 91 212 9
a 91 299 5
a 91 312 5
a 91 455 6
a 91 761 9
a 92 221 6
a 93 7 8
a 93 797 2
a 94 289 5
a 94 732 10
a 95 44 1
a 95 522 5
a 96 92 10
a 96 542 8
a 97 181 8
a 97 251 5
a 97 733 6
a 98 227 7
a 98 236 5
a 99 467 4
a 100 402 9
a 100 453 10
a 100 552 1
a 101 157 2
a 101 544 2
a 102 499 4
a 102 656 6
a 103 55 6
a 103 560 10
a 103 756 8
a 104 484 2
a 104 503 4
a 105 616 1
a 105 685 4
a 106 115 10
a 106 349 4
a 107 65 7
a 107 354 5
a 107 773 8
a 108 261 6
a 108 279 1
a 109 50 1
a 109 615 7
a 110 303 10
a 110 591 4
a 111 254 8
a 111 596 7
a 112 90 4
a 112 282 9
a 112 556 5
a 113 162 3
a 113 737 9
a 114 580 9
a 115 12 10
a 115 13 4
a 116 217 8
a 117 350 2
a 118 49 9
a 118 396 10
a 118 430 6
a 118 453 9
a 118 711 3
a 119 104 2
a 119 215 10
a 120 475 4
a 120 689 2
a 121 138 6
a 121 788 8
a 122 165 1
a 122 475 7
a 123 745 8
a 124 618 6
a 125 346 8
a 126 310 6
a 127 101 5
a 127 118 2
a 127 201 2
a 127 473 2
a 127 506 3
a 127 568 6
a 128 32 5
a 128 427 3
a 128 450 5
a 128 514 9
a 129 158 2
a 129 351 2
a 130 27 9
a 130 333 2
a 131 783 8
a 132 292 9
a 133 588 4
a 134 314 6
a 134 423 8
a 135 394 2
a 135 524 6
a 136 250 2
a 136 597 6
a 137 49 3
a 137 383 5
a 138 110 8
a 138 288 4
a 139 258 2
a 139 473 7
a 139 486 6
a 140 406 3
a 140 749 2
a 141 24 3
a 142 225 10
a 142 361 3
a 143 447 8
a 144 107 2
a 144 752 1
a 145 208 6
a 145 434 2
a 145 548 7
a 146 306 1
a 147 419 5
a 147 707 10
a 148 262 5
a 149 141 4
a 150 253 6
a 151 149 10
a 152 203 6
a 152 685 10
a 153 324 3
a 154 30 2
a 155 98 9
a 156 236 8
a 156 287 3
a 156 305 10
a 156 532 1
a 157 544 3
a 158 94 8
a 158 562 3
a 158 736 5
a 159 239 1
a 160 216 10
a 160 764 4
a 161 199 4
a 161 395 6
a 161 757 2
a 162 195 5
a 162 315 9
a 163 102 3
a 163 547 2
a 164 267 4
a 164 334 2
a 164 480 1
a 165 88 8
a 165 224 10
a 165 408 3
a 166 485 3
a 167 266 10
a 167 526 10
a 167 800 4
a 168 11 4
a 168 20 1
a 168 614 2
a 169 288 6
a 169 352 4
a 169 576 6
a 169 643 6
a 170 700 9
a 170 716 3
a 171 578 10
a 172 48 7
a 173 707 6
a 174 111 4
a 174 323 4
a 175 268 6
a 175 771 3
a 176 103 2
a 177 91 4
a 177 168 10
a 178 246 9
a 179 344 1
a 179 598 4
a 180 640 2
a 181 150 4
a 181 533 1
a 182 72 5
a 182 442 3
a 182 641 10
a 182 746 8
a 183 208 1
a 184 268 10
a 184 348 5
a 184 370 8
a 184 472 4
a 185 148 1
a 185 509 1
a 186 327 8
a 187 138 10
a 187 329 1
a 188 206 4
a 189 233 6
a 190 238 7
a 190 477 6
a 190 535 4
a 191 664 3
a 191 697 10
a 192 556 6
a 193 468 5
a 194 80 10
a 195 140 8
a 195 520 2
a 196 235 10
a 197 583 8
a 198 25 3
a 198 99 1
a 198 503 8
a 199 654 8
a 199 677 7
a 200 337 8
a 201 103 7
a 202 108 3
a 202 233 6
a 202 330 2
a 202 480 6
a 203 124 4
a 204 328 9
a 204 545 10
a 204 671 2
a 204 750 2
a 205 66 10
a 205 607 9
a 206 439 2
a 207 228 2
a 207 626 3
a 208 277 4
a 208 745 7
a 209 252 6
a 209 698 5
a 210 309 4
a 210 530 4
a 210 556 2
a 210 661 8
a 210 703 5
a 211 4 2
a 211 789 5
a 212 61 10
a 212 364 2
a 213 628 5
a 214 36 5
a 215 210 10
a 215 279 6
a 215 319 2
a 216 165 1
a 216 374 7
a 217 115 8
a 217 623 4
a 218 328 2
a 219 103 9
a 219 121 5
a 220 316 3
a 221 448 10
a 221 778 8
a 222 731 7
a 223 512 2
a 223 595 10
a 224 139 1
a 224 160 5
a 224 415 4
a 225 302 3
a 226 322 4
a 227 659 7
a 228 240 4
a 228 316 7
a 228 601 7
a 228 652 7
a 229 483 2
a 230 380 8
a 231 252 5
a 232 262 1
a 232 271 3
a 232 398 4
a 232 632 6
a 232 732 4
a 233 422 10
a 234 35 10
a 234 400 5
a 235 683 2
a 236 188 9
a 236 419 6
a 237 118 6
a 237 272 9
a 238 164 1
a 238 179 1
a 239 445 5
a 240 152 6
a 240 288 7
a 241 183 6
a 242 61 2
a 242 558 9
a 243 114 2
a 243 630 10
a 244 114 10
a 244 656 5
a 244 789 4
a 245 146 5
a 245 786 8
a 246 368 10
a 246 440 1
a 246 572 7
a 247 42 7
a 247 278 8
a 247 339 1
a 247 771 7
a 248 732 1
a 249 139 4
a 249 226 10
a 250 105 8
a 250 606 9
a 251 55 3
a 252 490 2
a 252 664 5
a 253 10 6
a 254 128 3
a 254 134 2
a 255 365 8
a 256 85 2
a 256 217 8
a 256 662 4
a 257 481 6
a 257 618 10
a 257 623 8
a 258 366 10
a 258 401 8
a 258 624 3
a 258 652 8
a 258 699 9
a 259 170 4
a 259 331 7
a 259 457 7
a 260 321 4
a 260 800 4
a 261 70 6
a 261 620 6
a 262 4 2
a 263 517 3
a 264 731 5
a 265 332 4
a 265 548 2
a 266 681 2
a 267 233 7
a 268 378 8
a 268 489 1
a 269 774 9
a 270 76 7
a 270 372 8
a 271 3 6
a 271 193 8
a 272 25 2
a 272 390 10
a 272 628 8
a 273 500 4
a 273 516 4
a 274 191 2
a 274 492 10
a 275 134 2
a 275 145 4
a 276 529 5
a 276 586 8
a 277 313 10
a 277 516 10
a 277 779 8
a 278 20 8
a 278 84 5
a 278 520 6
a 279 169 6
a 279 186 3
a 280 430 8
a 280 533 10
a 280 725 8
a 281 490 7
a 282 433 4
a 282 719 6
a 283 752 10
a 284 68 3
a 284 123 7
a 284 716 2
a 285 151 5
a 286 615 6
a 287 174 6
a 287 475 8
a 287 653 2
a 288 292 5
a 289 424 9
a 289 528 1
a 290 370 3
a 290 622 7
a 291 786 8
a 292 166 6
a 292 252 6
a 293 341 1
a 293 371 8
a 293 378 4
a 294 169 6
a 295 130 10
a 295 579 9
a 295 781 2
a 296 645 5
a 297 286 4
a 298 5 4
a 299 45 8
a 300 149 8
a 300 204 8
a 300 610 9
a 300 770 5
a 301 378 1
a 302 784 7
a 303 175 6
a 303 331 2
a 304 716 2
a 305 28 4
a 305 264 6
a 305 322 2
a 306 26 3
a 306 141 1
a 306 777 4
a 306 785 4
a 307 39 3
a 307 531 3
a 308 498 5
a 308 640 4
a 308 648 9
a 308 740 5
a 309 293 1
a 310 88 3
a 310 683 6
a 310 759 3
a 311 572 4
a 311 663 10
a 312 144 1
a 313 545 4
a 314 132 3
a 315 255 7
a 315 625 1
a 315 762 2
a 316 350 9
a 317 431 7
a 317 447 8
a 318 59 5
a 318 434 7
a 318 649 9
a 318 670 1
a 319 12 5
a 319 105 6
a 319 614 7
a 320 75 4
a 320 768 5
a 321 376 1
a 322 101 9
a 323 98 5
a 324 241 8
a 324 332 2
a 325 394 2
a 326 461 1
a 326 760 3
a 326 767 1
a 327 683 7
a 328 8 2
a 328 85 7
a 328 411 6
a 329 680 5
a 329 720 2
a 329 725 9
a 330 800 2
a 331 138 8
a 331 782 7
a 332 328 4
a 332 621 5
a 333 578 2
a 334 673 4
a 335 353 10
a 335 358 10
a 336 80 8
a 336 404 3
a 336 672 3
a 337 757 6
a 338 87 7
a 339 196 4
a 339 626 2
a 340 773 3
a 341 716 1
a 342 641 7
a 343 67 5
a 344 777 9
a 345 459 8
a 345 586 8
a 345 763 5
a 346 525 8
a 346 795 9
a 347 508 10
a 347 795 7
a 348 285 9
a 348 424 8
a 349 392 3
a 349 490 8
a 349 554 6
a 350 78 10
a 350 447 2
a 351 189 9
a 351 453 2
a 352 510 7
a 352 524 6
a 353 34 3
a 354 60 4
a 354 724 3
a 355 458 4
a 355 784 3
a 356 551 6
a 356 688 6
a 357 743 8
a 358 170 10
a 358 642 8
a 359 643 8
a 359 754 1
a 360 225 4
a 360 678 1
a 361 151 10
a 362 461 8
a 363 559 5
a 363 638 5
a 363 735 3
a 364 742 1
a 364 767 2
a 365 194 1
a 365 257 3
a 366 327 5
a 366 384 3
a 366 456 10
a 366 569 8
a 367 4 8
a 367 527 8
a 368 239 1
a 368 632 5
a 369 177 6
a 370 661 6
a 370 685 4
a 371 503 4
a 371 512 4
a 372 335 9
a 373 360 10
a 374 137 10
a 374 727 8
a 375 318 2
a 375 355 1
a 375 617 5
a 375 748 10
a 376 7 4
a 376 504 8
a 376 544 4
a 376 674 5
a 377 23 4
a 377 291 9
a 377 634 8
a 378 485 6
a 379 629 4
a 379 734 7
a 380 187 4
a 380 653 2
a 380 701 6
a 381 93 2
a 381 383 6
a 382 51 6
a 382 265 3
a 382 274 6
a 383 305 3
a 383 744 3
a 384 237 5
a 384 741 1
a 385 339 6
a 385 350 1
a 386 109 2
a 386 132 3
a 386 467 2
a 387 341 10
a 388 135 6
a 388 440 7
a 388 694 3
a 389 128 9
a 390 377 3
a 390 673 10
a 391 154 2
a 391 584 3
a 392 36 10
a 392 580 2
a 393 193 10
a 393 563 9
a 393 619 3
a 394 245 8
a 394 380 3
a 395 85 3
a 396 211 1
a 396 447 8
a 397 360 2
a 397 583 3
a 398 380 10
a 399 149 5
a 399 151 5
a 400 136 1
a 401 646 1
a 401 684 6
a 401 714 4
a 402 18 6
a 402 73 6
a 402 254 7
a 402 585 8
a 402 752 5
a 403 190 1
a 403 387 6
a 403 539 1
a 404 667 3
a 404 769 8
a 405 357 1
a 405 397 8
a 405 763 4
a 406 22 2
a 407 427 10
a 408 722 9
a 408 747 5
a 409 122 10
a 409 407 8
a 410 194 7
a 410 310 9
a 410 712 4
a 411 127 10
a 411 560 10
a 411 753 2
a 411 766 9
a 412 133 1
a 413 21 4
a 414 559 8
a 415 61 7
a 415 520 6
a 415 561 3
a 416 317 9
a 416 779 5
a 416 782 1
a 417 242 3
a 418 240 9
a 419 9 1
a 419 367 6
a 419 629 7
a 420 2 8
a 420 454 10
a 421 488 4
a 421 513 10
a 422 123 9
a 423 77 8
a 423 375 4
a 424 202 8
a 424 537 9
a 425 239 1
a 426 198 9
a 426 207 7
a 426 265 6
a 426 464 5
a 426 663 2
a 426 726 2
a 427 67 4
a 427 161 5
a 427 491 8
a 428 79 1
a 428 223 3
a 428 257 10
a 428 425 1
a 429 153 10
a 430 364 3
a 431 291 2
a 432 124 3
a 432 592 4
a 433 72 6
a 433 321 7
a 434 131 2
a 434 220 9
a 434 713 3
a 435 512 2
a 435 796 5
a 436 525 5
a 437 342 5
a 438 134 7
a 438 578 3
a 439 110 8
a 439 192 8
a 439 609 3
a 440 435 7
a 441 108 10
a 441 302 6
a 442 345 1
a 442 409 4
a 443 156 5
a 443 200 8
a 443 466 7
a 443 598 9
a 443 676 5
a 443 677 8
a 444 274 10
a 445 87 4
a 445 340 3
a 445 417 9
a 445 441 2
a 445 756 4
a 446 403 4
a 446 511 9
a 447 197 3
a 448 443 1
a 448 459 6
a 449 61 2
a 449 202 2
a 449 564 4
a 449 678 9
a 450 17 5
a 450 389 9
a 450 515 1
a 451 382 10
a 452 122 2
a 453 97 7
a 453 159 8
a 453 303 4
a 453 580 3
a 453 773 8
a 454 534 5
a 454 614 7
a 455 159 7
a 455 345 6
a 455 612 7
a 456 177 10
a 456 209 1
a 456 356 3
a 456 423 2
a 457 310 8
a 457 422 8
a 457 649 1
a 457 651 10
a 458 126 5
a 458 213 7
a 459 541 2
a 459 609 2
a 460 348 7
a 461 211 10
a 461 794 5
a 462 261 4
a 462 756 5
a 463 91 7
a 463 222 1
a 463 374 8
a 463 639 10
a 463 734 3
a 464 44 7
a 464 166 2
a 464 297 7
a 465 703 7
a 466 286 8
a 466 683 9
a 467 635 7
a 468 147 2
a 469 133 2
a 469 606 3
a 470 54 3
a 470 81 7
a 470 531 5
a 470 590 8
a 470 679 1
a 471 12 8
a 471 230 6
a 472 306 8
a 472 594 4
a 472 783 3
a 473 80 8
a 473 774 4
a 474 377 5
a 475 100 2
a 476 689 8
a 477 5 4
a 477 30 7
a 477 352 9
a 477 405 5
a 478 112 4
a 478 393 4
a 478 482 6
a 478 730 9
a 479 527 9
a 479 775 10
a 480 582 6
a 481 24 6
a 481 137 7
a 482 604 6
a 482 631 2
a 483 324 2
a 483 615 4
a 484 96 8
a 484 122 4
a 485 491 1
a 486 559 5
a 487 361 10
a 487 791 10
a 488 486 6
a 488 708 6
a 489 170 1
a 490 180 8
a 491 197 4
a 491 265 8
a 491 513 1
a 491 616 6
a 492 21 8
a 492 269 3
a 492 440 6
a 492 627 3
a 493 33 2
a 493 246 10
a 493 617 2
a 494 360 10
a 494 362 4
a 494 497 5
a 495 63 7
a 495 433 2
a 496 214 2
a 496 396 10
a 496 465 8
a 497 409 1
a 498 240 4
a 498 266 8
a 499 89 5
a 499 206 5
a 499 567 9
a 499 765 2
a 500 333 10
a 500 446 8
a 501 487 8
a 502 670 2
a 503 136 6
a 503 338 5
a 504 229 5
a 504 342 2
a 505 209 1
a 506 124 10
a 506 252 7
a 507 486 10
a 508 200 5
a 508 669 7
a 509 477 10
a 510 381 10
a 510 637 7
a 511 708 2
a 512 505 10
a 512 693 5
a 513 410 8
a 514 46 1
a 514 322 2
a 514 742 4
a 515 534 3
a 516 22 7
a 516 196 8
a 516 479 1
a 517 356 5
a 517 704 1
a 518 107 6
a 519 737 10
a 520 261 5
a 520 272 4
a 521 337 1
a 521 668 10
a 522 535 1
a 523 278 9
a 523 460 6
a 524 258 6
a 524 276 1
a 525 437 6
a 525 669 9
a 526 56 2
a 526 120 1
a 526 640 10
a 527 256 10
a 527 305 10
a 528 148 4
a 528 363 5
a 528 706 5
a 529 69 6
a 529 108 9
a 529 336 2
a 529 359 3
a 529 496 1
a 530 487 7
a 531 397 10
a 531 675 3
a 532 646 1
a 533 361 3
a 534 171 2
a 534 382 4
a 534 713 4
a 535 115 2
a 535 684 7
a 536 395 7
a 537 525 5
a 538 60 3
a 538 653 10
a 539 419 7
a 539 751 3
a 540 219 4
a 540 320 10
a 540 488 7
a 540 526 2
a 541 308 10
a 541 361 5
a 541 731 9
a 542 424 8
a 543 333 7
a 543 780 3
a 544 525 6
a 545 184 3
a 545 462 8
a 546 348 1
a 547 240 7
a 547 781 3
a 548 683 10
a 549 39 8
a 549 137 7
a 549 221 9
a 549 361 2
a 550 464 1
a 551 106 1
a 551 500 2
a 551 625 4
a 552 537 2
a 553 315 2
a 554 16 8
a 554 245 10
a 554 321 5
a 554 739 7
a 555 75 10
a 555 565 1
a 555 573 8
a 556 717 6
a 556 738 7
a 557 160 1
a 557 220 10
a 557 538 9
a 558 37 10
a 558 162 1
a 558 435 2
a 558 633 4
a 558 785 10
a 559 155 1
a 559 313 1
a 559 374 9
a 559 444 4
a 560 506 9
a 561 10 6
a 561 499 7
a 562 459 2
a 563 201 5
a 563 370 10
a 563 384 10
a 564 313 10
a 564 477 7
a 564 487 10
a 564 583 6
a 564 594 6
a 565 96 6
a 565 375 5
a 565 413 10
a 565 477 10
a 565 659 2
a 566 98 3
a 566 592 10
a 567 19 6
a 567 66 5
a 567 728 3
a 567 765 6
a 568 41 3
a 568 587 7
a 569 587 4
a 569 799 1
a 570 183 1
a 570 311 4
a 571 267 8
a 572 357 7
a 572 468 8
a 573 656 10
a 574 570 5
a 574 613 4
a 574 658 7
a 575 76 8
a 575 280 2
a 575 391 8
a 576 180 10
a 576 385 9
a 576 420 2
a 577 792 8
a 578 357 10
a 579 292 9
a 579 355 8
a 579 480 6
a 580 52 8
a 580 724 10
a 581 108 10
a 581 577 4
a 582 271 2
a 582 420 3
a 583 189 10
a 584 409 8
a 584 613 6
a 584 715 5
a 585 696 7
a 585 708 10
a 585 737 9
a 586 290 1
a 586 380 10
a 587 512 4
a 588 386 9
a 589 126 1
a 589 185 10
a 589 338 5
a 590 117 9
a 590 147 6
a 590 258 4
a 591 376 10
a 591 552 1
a 591 767 8
a 592 385 9
a 592 793 4
a 593 302 6
a 593 331 3
a 594 100 4
a 594 729 3
a 595 78 2
a 595 536 8
a 596 277 4
a 596 545 3
a 597 378 5
a 598 468 10
a 599 281 10
a 599 309 3
a 599 462 1
a 600 295 9
a 601 314 1
a 602 387 6
a 603 176 6
a 603 182 7
a 603 320 6
a 604 404 7
a 605 229 6
a 605 391 5
a 606 576 7
a 607 169 6
a 607 388 10
a 607 798 10
a 608 173 9
a 608 200 7
a 609 687 6
a 610 653 7
a 611 69 3
a 611 687 10
a 612 38 9
a 612 511 8
a 613 195 2
a 613 786 7
a 614 270 8
a 614 435 2
a 615 78 4
a 615 596 5
a 616 43 5
a 616 412 10
a 617 412 2
a 617 483 5
a 618 216 1
a 618 766 7
a 618 776 5
a 619 164 10
a 619 169 4
a 619 435 10
a 620 350 9
a 621 76 3
a 621 750 5
a 622 777 6
a 623 307 1
a 624 365 4
a 624 794 10
a 625 162 9
a 626 111 9
a 626 144 7
a 627 53 5
a 627 191 3
a 627 352 8
a 628 119 9
a 628 592 2
a 629 167 10
a 629 317 7
a 629 529 10
a 629 634 5
a 629 705 2
a 630 260 3
a 631 774 4
a 632 67 7
a 632 275 8
a 632 284 2
a 632 410 1
a 632 735 8
a 633 27 8
a 633 41 4
a 633 83 2
a 633 181 2
a 633 542 8
a 634 22 8
a 635 480 6
a 636 48 2
a 636 125 10
a 637 54 10
a 637 369 3
a 637 655 9
a 638 438 9
a 638 451 9
a 639 228 1
a 639 539 7
a 640 247 10
a 640 322 2
a 640 379 9
a 641 35 5
a 641 134 7
a 641 178 1
a 641 358 8
a 641 668 4
a 642 792 9
a 643 281 7
a 643 416 9
a 644 431 9
a 645 607 9
a 646 211 9
a 646 389 9
a 647 474 2
a 648 720 8
a 649 265 2
a 650 415 7
a 650 604 3
a 651 23 3
a 651 682 7
a 652 255 7
a 652 692 7
a 653 588 2
a 654 393 2
a 654 681 8
a 655 714 9
a 655 722 9
a 656 71 4
a 656 247 3
a 656 593 4
a 657 108 1
a 657 377 4
a 658 63 5
a 658 273 4
a 658 426 8
a 659 21 4
a 659 52 5
a 659 232 9
a 660 321 3
a 660 489 5
a 660 690 5
a 661 123 10
a 662 250 10
a 662 623 4
a 663 250 4
a 663 343 5
a 663 691 3
a 663 721 5
a 664 235 6
a 664 301 4
a 664 697 1
a 665 614 6
a 666 90 6
a 666 129 5
a 667 34 1
a 667 467 2
a 667 610 2
a 668 710 4
a 669 306 2
a 670 127 9
a 671 40 7
a 671 215 3
a 672 686 10
a 673 765 6
a 674 368 2
a 675 58 6
a 675 448 5
a 675 575 4
a 676 215 8
a 677 95 5
a 677 102 3
a 677 296 7
a 677 519 5
a 678 700 4
a 679 432 3
a 680 339 9
a 681 757 5
a 682 334 4
a 682 566 7
a 682 706 5
a 683 595 8
a 683 727 7
a 684 430 10
a 685 26 10
a 685 121 9
a 686 753 3
a 687 469 2
a 688 370 1
a 689 637 9
a 689 650 4
a 690 163 2
a 690 614 9
a 691 445 7
a 691 600 5
a 692 218 7
a 692 250 3
a 692 574 6
a 692 608 6
a 692 790 7
a 693 75 3
a 693 304 6
a 693 311 5
a 694 262 3
a 695 450 8
a 696 83 7
a 697 95 1
a 697 253 9
a 698 347 6
a 698 486 3
a 699 371 3
a 700 176 1
a 701 392 10
a 702 125 8
a 702 424 6
a 703 262 5
a 703 293 6
a 703 543 4
a 704 427 3
a 705 6 4
a 705 236 2
a 705 332 3
a 705 581 1
a 706 502 9
a 706 582 10
a 707 526 10
a 707 546 10
a 708 158 10
a 708 666 5
a 709 86 2
a 709 448 4
a 710 64 10
a 710 285 3
a 711 169 7
a 711 243 8
a 711 300 2
a 711 476 2
a 711 582 1
a 712 143 1
a 712 502 3
a 713 346 3
a 713 493 4
a 713 540 7
a 713 673 3
a 714 782 8
a 715 441 2
a 715 644 3
a 716 113 4
a 716 509 6
a 717 126 8
a 718 325 9
a 718 717 10
a 719 769 8
a 720 74 3
a 720 231 10
a 720 733 10
a 720 779 1
a 721 738 1
a 722 494 3
a 722 702 4
a 723 37 2
a 724 35 4
a 725 539 7
a 726 136 4
a 727 70 3
a 727 521 2
a 727 696 10
a 728 640 9
a 729 247 3
a 730 14 6
a 730 539 1
a 730 589 6
a 731 365 9
a 731 648 3
a 732 583 3
a 733 142 5
a 733 351 5
a 733 474 2
a 733 506 7
a 733 702 3
a 734 248 8
a 734 311 10
a 734 414 8
a 734 600 9
a 734 632 3
a 735 435 4
a 735 485 3
a 736 263 10
a 736 793 4
a 737 192 4
a 737 787 6
a 738 29 1
a 738 290 2
a 738 436 10
a 738 490 10
a 738 650 10
a 739 644 3
a 739 743 9
a 740 173 7
a 740 244 7
a 741 162 7
a 742 36 9
a 742 635 9
a 743 17 4
a 743 93 1
a 744 86 9
a 744 574 3
a 745 323 2
a 745 768 6
a 746 408 7
a 747 102 9
a 748 402 2
a 749 258 7
a 750 386 5
a 750 595 10
a 750 718 3
a 751 242 9
a 751 360 2
a 751 741 6
a 751 758 1
a 752 449 4
a 752 661 3
a 752 688 4
a 753 533 9
a 754 58 5
a 754 571 9
a 754 665 2
a 755 107 7
a 755 325 1
a 755 462 7
a 755 514 3
a 756 6 1
a 756 611 10
a 757 46 1
a 757 723 3
a 758 511 10
a 758 707 9
a 759 549 2
a 759 619 9
a 760 166 3
a 760 335 6
a 761 340 6
a 762 709 2
a 762 747 6
a 762 753 10
a 763 698 3
a 764 94 1
a 764 148 5
a 765 429 10
a 765 719 3
a 766 673 2
a 767 401 8
a 767 441 4
a 768 80 4
a 768 158 1
a 769 629 8
a 770 184 2
a 770 710 6
a 771 206 3
a 772 406 10
a 772 439 10
a 772 515 4
a 773 15 2
a 773 474 5
a 774 116 6
a 774 509 1
a 774 591 1
a 775 760 7
a 776 267 5
a 777 40 9
a 777 260 5
a 777 356 5
a 778 385 10
a 779 163 9
a 779 432 3
a 780 338 4
a 781 542 7
a 782 31 8
a 782 185 3
a 782 421 10
a 782 459 4
a 782 647 4
a 783 310 5
a 783 501 9
a 783 638 9
a 784 373 8
a 785 668 9
a 786 49 1
a 786 577 1
a 787 483 9
a 787 485 1
a 788 8 2
a 789 711 7
a 790 285 4
a 791 532 1
a 792 283 10
a 792 366 3
a 792 600 2
a 793 739 4
a 794 568 1
a 794 755 1
a 795 665 3
a 796 50 4
a 796 290 3
a 796 686 10
a 797 265 9
a 797 294 9
a 798 172 3
a 798 388 6
a 798 599 3
a 798 683 7
a 799 171 8
a 799 540 4
