p max 800 1600
n 1 s
n 800 t
a 1 57 3
a 1 467 9
a 2 565 2
a 3 259 6
a 3 285 3
a 4 783 5
a 5 784 6
a 6 38 6
a 7 81 10
a 7 427 5
a 7 543 5
a 7 551 10
a 8 122 1
a 8 744 5
a 9 719 2
a 10 465 2
a 11 424 7
a 12 353 8
a 12 688 10
a 13 382 4
a 14 43 5
a 15 16 8
a 15 29 9
a 16 569 9
a 16 603 9
a 16 746 10
a 17 712 1
a 18 170 10
a 19 407 3
a 19 728 7
a 20 51 9
a 20 270 6
a 20 329 7
a 21 77 5
a 21 554 5
a 22 447 7
a 22 564 2
a 23 519 8
a 24 155 6
a 24 465 10
a 25 679 9
a 26 298 4
a 27 750 2
a 28 23 3
a 28 109 4
a 28 786 2
a 29 224 1
a 29 248 8
a 29 337 8
a 30 516 10
a 31 85 3
a 31 97 10
a 31 387 6
a 32 182 3
a 32 311 3
a 32 642 1
a 33 461 2
a 34 492 7
a 34 575 9
a 35 567 2
a 35 673 3
a 36 133 1
a 36 472 7
a 37 43 5
a 37 368 7
a 37 657 10
a 38 39 1
a 38 203 1
a 38 322 4
a 38 576 4
a 39 113 3
a 40 117 5
a 40 270 7
a 41 151 5
a 42 172 7
a 42 446 2
a 42 788 6
a 43 288 7
a 43 559 3
a 44 66 9
a 44 779 8
a 45 699 9
a 46 431 8
a 47 253 7
a 47 466 4
a 48 87 6
a 48 299 6
a 49 41 4
a 50 410 2
a 51 411 9
a 52 129 1
a 52 524 4
a 53 560 6
a 53 677 3
a 54 756 2
a 55 35 3
a 55 314 2
a 55 748 3
a 56 46 5
a 56 159 4
a 56 247 6
a 57 67 9
a 57 758 8
a 58 13 1
a 59 208 9
a 59 451 8
a 60 276 4
a 60 310 5
a 60 774 2
a 61 75 8
a 61 77 1
a 61 726 9
a 62 493 7
a 62 647 2
a 62 696 7
a 63 485 7
a 63 642 1
a 64 315 7
a 64 343 9
a 65 422 1
a 66 640 1
a 66 665 2
a 67 563 2
a 67 661 6
a 68 91 3
a 68 107 3
a 68 135 8
a 68 541 6
a 68 596 3
a 69 469 10
a 69 722 9
a 70 529 2
a 71 24 6
a 71 367 9
a 71 625 9
a 71 709 7
a 72 665 7
a 72 793 9
a 73 188 5
a 73 273 5
a 73 373 4
a 74 76 3
a 74 508 7
a 75 404 8
a 75 671 7
a 76 336 1
a 76 572 5
a 77 280 3
a 77 455 4
a 78 17 1
a 78 562 6
a 78 565 1
a 78 678 2
a 79 518 5
a 79 800 5
a 80 281 9
a 80 488 1
a 80 573 2
a 81 49 7
a 81 702 10
a 82 194 1
a 82 665 2
a 82 800 5
a 83 31 6
a 84 334 1
a 84 653 7
a 85 338 2
a 85 643 9
a 85 710 10
a 86 313 6
a 86 345 3
a 86 672 7
a 87 690 2
a 88 268 10
a 88 334 7
a 88 435 1
a 89 130 1
a 89 212 4
a 89 244 2
a 89 783 1
a 90 320 5
a 90 662 8
a 91 632 8
a 92 19 3
a 92 510 1
a 93 312 9
a 93 330 1
a 93 765 4
a 94 13 8
a 94 382 3
a 95 777 6
a 96 723 4
a 97 43 1
a 97 204 5
a 98 699 1
a 98 776 10
a 99 665 3
a 99 669 4
a 100 154 1
a 100 244 9
a 101 176 6
a 101 480 7
a 101 520 10
a 102 360 1
a 102 529 1
a 102 538 4
a 103 290 2
a 103 335 7
a 103 384 7
a 103 656 3
a 104 187 3
a 105 741 8
a 106 595 7
a 107 82 2
a 108 231 3
a 108 764 9
a 109 471 8
a 110 216 8
a 110 700 1
a 110 793 10
a 111 68 2
a 112 89 9
a 112 592 6
a 113 171 2
a 113 674 8
a 114 144 9
a 114 211 4
a 115 134 4
a 116 118 1
a 117 11 6
a 117 363 8
a 117 667 9
a 118 7 3
a 118 192 3
a 118 439 3
a 118 684 1
a 119 99 7
a 120 713 3
a 121 436 9
a 121 528 5
a 121 668 3
a 122 278 3
a 123 677 3
a 124 185 9
a 125 594 8
a 126 302 1
a 127 172 4
a 127 463 8
a 128 519 4
a 128 599 4
a 128 610 1
a 128 617 5
a 128 714 5
a 129 296 7
a 129 361 9
a 129 464 1
a 129 664 9
a 130 143 3
a 131 10 4
a 132 41 6
a 132 221 7
a 133 468 7
a 134 538 6
a 134 655 1
a 135 732 1
a 136 118 10
a 137 10 1
a 137 687 8
a 138 110 9
a 138 416 8
a 139 326 8
a 139 639 9
a 140 401 7
a 140 537 2
a 140 791 10
a 141 398 6
a 141 698 3
a 141 717 5
a 142 75 5
a 142 475 8
a 143 390 9
a 143 797 1
a 144 59 6
a 144 541 4
a 144 649 9
a 144 677 7
a 145 109 3
a 145 545 7
a 145 636 2
a 146 625 3
a 147 82 2
a 147 366 7
a 147 723 6
a 148 170 5
a 148 503 2
a 148 661 5
a 149 172 8
a 149 512 9
a 149 610 6
a 150 527 2
a 151 440 7
a 152 788 7
a 153 446 5
a 153 708 8
a 154 182 5
a 155 159 10
a 155 371 1
a 156 222 6
a 156 364 7
a 157 680 2
a 158 313 8
a 158 340 1
a 158 535 5
a 159 247 6
a 159 414 6
a 159 676 8
a 160 61 4
a 160 448 6
a 161 112 10
a 161 128 4
a 161 671 10
a 162 602 8
a 163 101 3
a 163 223 9
a 163 241 4
a 164 398 3
a 165 447 7
a 165 758 6
a 166 173 10
a 166 487 1
a 167 170 9
a 167 431 10
a 168 356 2
a 169 237 5
a 169 704 3
a 170 308 1
a 170 515 10
a 170 627 9
a 170 727 6
a 171 14 9
a 171 118 9
a 171 670 5
a 171 750 10
a 171 796 7
a 172 387 9
a 172 639 5
a 173 711 2
a 174 349 3
a 175 193 5
a 176 105 7
a 176 295 2
a 177 188 2
a 177 415 4
a 177 776 8
a 178 261 6
a 178 366 10
a 179 746 3
a 179 787 9
a 180 327 7
a 180 531 3
a 181 542 2
a 181 741 10
a 182 710 5
a 183 267 3
a 184 298 1
a 184 347 8
a 184 420 6
a 185 86 5
a 185 594 3
a 186 351 9
a 187 143 6
a 187 543 10
a 188 548 5
a 188 631 4
a 189 408 9
a 190 433 1
a 190 442 7
a 190 690 1
a 190 701 1
a 191 342 3
a 192 791 1
a 193 138 6
a 193 458 10
a 194 611 1
a 194 618 1
a 195 176 8
a 195 403 9
a 195 732 3
a 196 206 1
a 196 712 4
a 197 2 3
a 197 99 3
a 198 37 1
a 198 519 9
a 199 412 10
a 200 418 7
a 201 286 6
a 201 662 5
a 201 742 7
a 201 753 5
a 202 425 1
a 203 35 3
a 203 220 9
a 203 225 4
a 204 145 9
a 204 292 6
a 204 305 10
a 204 761 3
a 205 363 9
a 205 555 8
a 206 40 1
a 207 122 10
a 207 299 4
a 208 216 8
a 208 756 7
a 209 9 9
a 210 742 4
a 211 399 3
a 212 93 9
a 212 258 2
a 212 417 9
a 212 517 4
a 213 578 9
a 213 757 4
a 214 39 1
a 214 720 5
a 215 272 9
a 215 341 7
a 215 450 8
a 216 739 6
a 216 781 6
a 217 64 9
a 217 302 3
a 217 352 8
a 218 119 1
a 218 202 1
a 218 261 3
a 218 536 7
a 218 792 6
a 219 557 10
a 220 31 4
a 220 34 1
a 221 25 6
a 221 411 8
a 221 540 6
a 222 205 2
a 222 498 7
a 222 791 5
a 223 131 4
a 223 671 3
a 224 199 8
a 224 552 7
a 225 574 4
a 225 581 9
a 225 755 10
a 226 665 8
a 227 48 2
a 227 580 6
a 227 613 7
a 228 58 7
a 228 97 6
a 228 771 1
a 229 715 7
a 230 75 7
a 231 266 5
a 232 164 6
a 232 728 7
a 233 2 8
a 233 504 7
a 233 772 6
a 234 170 10
a 234 311 4
a 234 527 2
a 235 63 3
a 235 461 7
a 236 6 1
a 236 44 10
a 236 278 4
a 236 324 4
a 236 644 3
a 237 618 6
a 237 779 9
a 238 259 10
a 238 400 3
a 239 214 6
a 239 541 10
a 240 16 8
a 240 104 6
a 241 551 3
a 242 212 10
a 242 418 4
a 243 13 3
a 244 88 8
a 244 374 3
a 244 399 10
a 245 101 8
a 245 725 8
a 246 97 1
a 247 456 6
a 247 686 4
a 248 10 6
a 248 652 8
a 249 494 1
a 249 785 7
a 250 521 4
a 251 227 7
a 251 452 6
a 252 477 7
a 253 35 6
a 253 753 8
a 253 774 7
a 254 377 7
a 254 747 5
a 255 678 2
a 256 148 2
a 256 684 10
a 257 526 4
a 258 659 5
a 258 782 2
a 259 316 3
a 259 470 1
a 259 771 6
a 260 374 3
a 260 476 8
a 261 47 5
a 262 4 4
a 262 800 9
a 263 110 10
a 263 458 7
a 264 165 5
a 265 461 8
a 266 287 7
a 267 205 8
a 267 275 10
a 268 130 2
a 268 546 1
a 269 127 7
a 269 506 9
a 269 552 4
a 270 294 4
a 270 362 3
a 270 567 2
a 270 733 10
a 271 60 10
a 271 229 10
a 271 430 8
a 271 477 8
a 272 123 6
a 272 290 10
a 273 78 7
a 273 448 5
a 273 694 2
a 274 293 5
a 275 177 4
a 275 316 10
a 276 467 1
a 277 144 5
a 277 337 10
a 278 208 2
a 279 339 9
a 279 447 3
a 279 754 10
a 280 442 10
a 280 650 3
a 281 452 6
a 281 534 3
a 282 719 1
a 282 778 10
a 283 229 6
a 283 632 2
a 284 587 10
a 285 168 9
a 285 354 8
a 286 379 2
a 287 54 4
a 288 371 1
a 288 607 4
a 289 19 6
a 289 73 1
a 289 158 7
a 289 425 6
a 290 391 1
a 291 496 8
a 291 749 4
a 292 7 7
a 293 158 3
a 294 196 4
a 294 386 6
a 295 40 9
a 295 48 3
a 295 357 1
a 296 457 4
a 296 570 7
a 297 228 5
a 297 770 1
a 298 546 8
a 299 78 3
a 299 453 8
a 300 152 7
a 300 162 2
a 300 184 2
a 301 320 5
a 302 155 7
a 302 225 6
a 303 348 5
a 303 413 10
a 303 521 1
a 304 29 1
a 304 69 8
a 305 353 2
a 305 601 7
a 306 21 6
a 307 603 6
a 308 272 9
a 309 100 1
a 309 397 3
a 309 421 3
a 310 114 10
a 310 218 9
a 310 699 6
a 311 760 4
a 312 408 2
a 312 630 4
a 313 225 1
a 314 307 2
a 314 676 6
a 315 535 8
a 316 441 6
a 316 774 8
a 317 11 1
a 317 671 9
a 318 120 6
a 318 486 3
a 319 350 5
a 320 189 8
a 320 369 1
a 321 181 2
a 321 402 8
a 321 421 7
a 321 438 7
a 321 696 10
a 322 26 2
a 322 730 3
a 323 19 1
a 323 790 5
a 324 512 8
a 325 126 9
a 326 167 4
a 326 183 9
a 327 337 7
a 328 582 1
a 329 724 2
a 330 72 10
a 330 213 4
a 330 565 6
a 331 33 5
a 331 171 4
a 331 488 5
a 332 324 8
a 332 522 3
a 333 183 3
a 333 185 8
a 333 391 10
a 334 62 2
a 334 555 10
a 335 337 9
a 335 713 10
a 335 752 2
a 336 330 1
a 336 598 7
a 336 692 3
a 337 478 4
a 337 796 2
a 338 246 8
a 339 377 3
a 340 113 3
a 340 648 6
a 341 356 2
a 342 333 9
a 342 532 10
a 342 707 10
a 342 718 6
a 343 325 6
a 343 387 2
a 344 303 2
a 345 70 6
a 346 244 4
a 347 160 9
a 348 15 5
a 348 108 8
a 348 666 4
a 348 800 5
a 349 331 4
a 349 615 2
a 350 20 8
a 350 288 4
a 351 21 6
a 351 278 7
a 351 590 9
a 352 272 8
a 352 639 1
a 353 338 2
a 354 12 5
a 354 495 2
a 354 698 3
a 355 282 10
a 356 126 10
a 356 439 7
a 356 690 7
a 356 777 9
a 357 743 7
a 357 784 1
a 358 210 4
a 358 632 10
a 358 728 6
a 359 40 6
a 359 79 6
a 360 199 2
a 360 260 1
a 361 682 6
a 362 684 4
a 363 157 10
a 363 663 1
a 364 571 2
a 364 691 2
a 365 254 4
a 365 799 6
a 366 8 3
a 366 417 10
a 367 189 4
a 368 716 8
a 369 142 9
a 369 249 4
a 370 331 4
a 371 184 1
a 372 664 2
a 373 35 7
a 374 125 1
a 374 272 2
a 375 780 7
a 376 28 8
a 376 230 10
a 376 234 5
a 376 572 2
a 377 262 5
a 377 748 9
a 378 754 9
a 379 676 5
a 380 56 10
a 380 159 4
a 380 274 6
a 381 244 8
a 381 245 3
a 382 234 9
a 382 265 9
a 382 343 6
a 383 693 10
a 383 754 3
a 383 773 2
a 384 330 7
a 385 105 2
a 385 189 8
a 385 724 6
a 386 136 2
a 386 155 7
a 387 128 10
a 387 600 10
a 387 719 5
a 388 191 4
a 388 720 8
a 389 547 8
a 390 207 9
a 390 248 2
a 391 95 2
a 391 498 9
a 391 604 3
a 391 606 7
a 392 112 4
a 393 242 4
a 393 357 10
a 393 457 7
a 393 665 9
a 394 285 4
a 394 370 8
a 395 324 1
a 396 720 9
a 396 751 1
a 397 156 1
a 398 12 5
a 398 47 6
a 399 579 8
a 399 638 1
a 399 795 1
a 400 157 8
a 400 755 8
a 401 198 8
a 401 297 7
a 401 419 1
a 401 452 3
a 401 499 7
a 401 769 9
a 402 37 9
a 402 90 5
a 402 404 10
a 402 730 8
a 403 353 1
a 404 34 1
a 404 319 2
a 405 675 7
a 405 798 2
a 406 122 2
a 406 202 3
a 407 113 1
a 407 361 5
a 407 681 10
a 408 458 7
a 409 301 2
a 409 498 10
a 410 36 2
a 410 238 6
a 410 511 3
a 410 593 4
a 410 618 4
a 410 781 2
a 411 306 1
a 411 724 1
a 412 185 1
a 412 646 10
a 413 213 4
a 414 373 1
a 414 577 6
a 414 668 8
a 415 57 9
a 415 63 1
a 415 687 4
a 415 736 5
a 416 153 3
a 416 697 5
a 416 774 7
a 417 178 1
a 417 327 4
a 417 346 9
a 417 420 6
a 417 706 9
a 418 338 9
a 418 738 10
a 418 741 1
a 419 516 4
a 419 620 7
a 420 116 7
a 420 742 8
a 421 121 3
a 421 616 4
a 422 55 7
a 422 103 7
a 422 275 3
a 423 728 8
a 424 20 2
a 424 580 2
a 425 108 8
a 425 412 4
a 426 268 10
a 426 302 1
a 426 677 9
a 426 698 10
a 427 39 1
a 428 486 8
a 428 705 2
a 429 380 10
a 429 651 10
a 430 270 8
a 430 437 2
a 431 474 10
a 432 68 6
a 433 171 5
a 434 304 9
a 434 483 7
a 435 82 6
a 436 778 3
a 437 775 6
a 437 799 3
a 438 291 6
a 439 585 1
a 440 129 5
a 441 168 7
a 441 485 3
a 442 448 6
a 442 481 9
a 443 381 7
a 443 469 1
a 444 491 5
a 445 516 8
a 446 336 5
a 446 463 7
a 446 533 5
a 447 556 2
a 447 628 9
a 448 148 9
a 449 216 8
a 450 12 5
a 450 527 10
a 451 138 2
a 452 55 10
a 453 342 6
a 454 616 6
a 454 699 9
a 455 96 8
a 455 561 4
a 456 356 5
a 456 544 4
a 456 737 2
a 457 264 6
a 457 653 1
a 457 739 2
a 458 406 3
a 459 328 6
a 459 422 6
a 460 424 7
a 460 437 4
a 460 597 8
a 460 689 4
a 460 785 2
a 461 440 7
a 461 704 2
a 462 206 10
a 462 256 7
a 462 777 4
a 463 722 7
a 463 741 2
a 463 754 4
a 464 408 2
a 465 16 6
a 466 149 2
a 466 228 10
a 467 795 8
a 468 187 9
a 468 257 5
a 468 426 6
a 468 682 10
a 469 186 6
a 469 359 4
a 470 78 1
a 470 280 9
a 470 394 5
a 470 547 10
a 471 178 8
a 471 333 3
a 471 506 7
a 471 736 1
a 472 239 1
a 472 585 4
a 472 609 4
a 473 151 1
a 473 248 2
a 474 468 7
a 474 484 7
a 474 684 8
a 475 140 2
a 475 248 9
a 475 763 6
a 476 83 7
a 476 232 1
a 476 236 5
a 476 243 5
a 476 316 8
a 477 638 9
a 477 661 8
a 478 201 7
a 478 432 1
a 479 112 8
a 480 44 2
a 481 37 7
a 482 664 2
a 483 38 5
a 484 382 1
a 485 192 4
a 485 587 1
a 485 766 3
a 486 52 9
a 486 523 3
a 487 374 10
a 487 507 3
a 488 277 7
a 488 482 2
a 488 717 2
a 489 306 7
a 490 34 9
a 491 70 8
a 491 309 3
a 491 360 8
a 492 16 3
a 492 700 2
a 493 71 5
a 493 135 6
a 493 380 3
a 494 127 1
a 494 761 6
a 495 164 3
a 495 614 2
a 496 287 6
a 497 409 10
a 497 735 4
a 498 588 8
a 498 791 6
a 499 9 8
a 499 750 7
a 500 217 9
a 501 508 8
a 501 658 9
a 502 139 3
a 502 349 5
a 502 734 10
a 502 799 3
a 503 38 9
a 503 662 6
a 504 45 2
a 504 193 9
a 505 800 5
a 506 520 5
a 507 543 3
a 507 720 6
a 508 183 3
a 508 298 8
a 508 540 3
a 509 653 8
a 510 252 3
a 510 466 1
a 510 780 5
a 511 268 4
a 511 434 9
a 512 186 3
a 512 568 6
a 512 697 5
a 513 237 2
a 513 523 6
a 514 269 5
a 515 769 4
a 516 142 8
a 516 323 1
a 516 550 2
a 516 691 6
a 517 309 3
a 518 160 7
a 518 789 8
a 519 625 6
a 520 30 2
a 520 243 7
a 521 271 4
a 522 79 8
a 523 53 3
a 523 514 9
a 524 271 9
a 524 668 3
a 525 152 8
a 525 240 8
a 526 259 4
a 526 538 5
a 526 573 3
a 527 517 9
a 528 389 3
a 529 703 10
a 529 728 6
a 530 518 3
a 530 549 5
a 531 172 8
a 532 683 9
a 532 711 7
a 533 201 9
a 533 418 8
a 534 80 5
a 534 459 1
a 535 20 1
a 535 73 2
a 536 389 3
a 537 251 4
a 537 320 4
a 538 107 1
a 538 784 9
a 539 226 1
a 540 642 8
a 541 8 9
a 541 574 1
a 541 705 3
a 542 157 3
a 542 487 7
a 543 520 10
a 543 686 10
a 544 94 6
a 544 303 6
a 544 516 2
a 545 590 10
a 545 757 3
a 546 65 4
a 546 608 3
a 547 744 1
a 547 752 5
a 548 291 1
a 548 325 6
a 548 694 3
a 549 255 8
a 549 338 5
a 549 389 8
a 549 608 7
a 550 424 8
a 551 132 1
a 551 156 8
a 551 621 4
a 552 214 3
a 553 191 5
a 554 403 5
a 554 671 3
a 555 263 2
a 555 535 5
a 556 634 9
a 556 780 9
a 557 604 9
a 558 284 4
a 558 432 5
a 558 448 2
a 559 113 5
a 559 273 3
a 559 442 7
a 560 789 4
a 561 619 6
a 562 575 1
a 563 179 5
a 563 198 3
a 563 609 5
a 564 6 4
a 564 250 4
a 564 383 9
a 564 483 3
a 564 636 3
a 565 761 6
a 566 483 9
a 567 124 8
a 567 453 1
a 568 4 4
a 569 447 6
a 569 625 10
a 570 3 2
a 570 797 8
a 571 83 9
a 572 80 7
a 572 628 4
a 572 734 3
a 573 776 10
a 574 378 1
a 574 638 7
a 575 350 4
a 575 375 3
a 575 746 10
a 576 33 8
a 577 382 3
a 578 785 3
a 579 530 2
a 580 39 10
a 581 133 5
a 581 382 9
a 582 272 2
a 583 141 7
a 583 494 3
a 583 688 2
a 584 203 8
a 585 692 3
a 586 310 7
a 587 501 4
a 587 520 9
a 588 167 10
a 589 161 6
a 589 478 5
a 590 89 4
a 590 231 6
a 591 548 1
a 591 632 3
a 591 745 8
a 592 460 6
a 592 725 8
a 593 344 7
a 593 402 9
a 594 275 4
a 595 56 8
a 596 249 1
a 596 541 6
a 597 471 2
a 597 684 1
a 598 9 7
a 599 391 8
a 600 31 2
a 600 335 9
a 600 444 10
a 601 553 8
a 602 160 3
a 603 105 6
a 603 146 3
a 603 217 1
a 603 443 7
a 603 682 4
a 603 798 2
a 604 100 7
a 605 11 1
a 605 423 8
a 606 98 7
a 606 362 3
a 606 533 3
a 607 52 3
a 607 64 8
a 608 152 10
a 608 222 8
a 608 566 5
a 608 623 3
a 609 449 7
a 610 501 1
a 610 530 2
a 611 342 6
a 611 652 10
a 612 106 1
a 612 392 10
a 612 510 2
a 612 641 5
a 613 49 5
a 613 213 2
a 613 438 8
a 613 602 7
a 613 645 2
a 614 356 3
a 614 638 7
a 615 293 5
a 615 642 6
a 616 368 9
a 617 22 3
a 617 654 7
a 618 174 10
a 618 492 1
a 618 762 9
a 619 41 7
a 619 290 5
a 619 412 4
a 620 94 1
a 620 491 2
a 620 689 2
a 621 208 7
a 621 328 2
a 621 513 1
a 621 567 7
a 622 240 1
a 622 269 1
a 623 62 5
a 624 413 2
a 625 670 1
a 626 63 9
a 627 133 4
a 627 250 6
a 627 731 8
a 628 2 8
a 628 525 1
a 628 553 4
a 629 106 1
a 630 560 1
a 630 629 10
a 630 721 5
a 631 475 5
a 631 794 1
a 632 691 5
a 633 461 9
a 634 156 8
a 634 300 1
a 635 68 1
a 635 104 2
a 636 694 9
a 637 614 6
a 638 22 4
a 638 180 3
a 638 256 2
a 639 458 7
a 640 38 1
a 641 223 7
a 641 372 1
a 641 406 1
a 641 557 3
a 642 630 8
a 643 396 6
a 644 515 7
a 645 237 9
a 646 396 4
a 646 584 7
a 646 713 10
a 647 32 4
a 647 92 10
a 647 489 3
a 647 770 9
a 648 417 3
a 649 652 9
a 650 369 3
a 651 115 7
a 651 212 8
a 652 195 5
a 652 332 7
a 652 787 7
a 653 183 2
a 653 387 4
a 653 612 9
a 654 76 7
a 655 58 9
a 655 488 2
a 655 685 9
a 656 171 6
a 656 228 3
a 656 355 10
a 656 740 5
a 657 26 7
a 658 25 2
a 658 407 8
a 658 626 10
a 659 571 2
a 659 622 4
a 660 615 1
a 660 758 10
a 661 173 6
a 661 348 6
a 661 497 7
a 661 660 2
a 662 392 3
a 662 476 10
a 663 223 9
a 664 282 9
a 664 751 10
a 664 780 7
a 665 5 1
a 665 479 7
a 665 729 8
a 665 795 2
a 666 260 7
a 666 287 8
a 667 114 9
a 667 279 2
a 667 405 5
a 668 662 6
a 669 562 2
a 669 680 4
a 670 385 4
a 671 406 10
a 671 726 5
a 672 160 6
a 672 453 5
a 672 657 4
a 673 495 4
a 674 193 3
a 674 754 4
a 675 17 7
a 675 266 10
a 676 388 5
a 676 397 7
a 677 111 9
a 677 358 8
a 677 758 5
a 678 4 8
a 679 196 7
a 679 257 6
a 679 586 2
a 680 316 4
a 681 47 4
a 681 192 2
a 681 379 1
a 682 269 1
a 682 528 10
a 683 433 6
a 684 312 3
a 685 233 3
a 685 627 3
a 686 166 6
a 686 408 7
a 687 289 8
a 687 541 7
a 687 595 8
a 688 219 4
a 688 377 3
a 688 496 5
a 689 137 4
a 689 429 1
a 689 624 2
a 689 795 1
a 690 546 10
a 691 762 6
a 692 320 3
a 692 758 4
a 692 782 2
a 693 472 7
a 693 493 7
a 694 585 7
a 694 663 8
a 695 660 2
a 696 243 1
a 697 462 9
a 697 578 2
a 698 64 4
a 698 524 6
a 698 679 7
a 699 150 3
a 699 267 7
a 700 54 9
a 700 714 1
a 701 215 3
a 701 635 4
a 701 777 8
a 702 226 6
a 702 457 8
a 703 325 9
a 703 539 10
a 704 508 5
a 704 787 4
a 705 12 8
a 705 621 7
a 706 505 3
a 706 571 2
a 707 4 5
a 707 41 2
a 708 18 1
a 708 307 7
a 708 561 1
a 709 145 3
a 709 378 5
a 710 278 9
a 710 514 1
a 711 644 8
a 712 147 4
a 712 304 7
a 713 385 2
a 713 492 4
a 713 716 6
a 713 748 2
a 713 760 4
a 714 551 6
a 714 702 6
a 715 442 1
a 716 715 4
a 717 134 6
a 718 84 7
a 718 758 3
a 719 13 2
a 719 594 8
a 720 246 4
a 720 782 8
a 721 547 5
a 721 587 3
a 722 375 1
a 722 473 4
a 722 516 1
a 722 695 8
a 723 328 2
a 723 619 5
a 724 13 3
a 724 110 8
a 724 589 7
a 725 611 5
a 725 626 8
a 726 161 1
a 726 197 1
a 726 591 7
a 726 747 8
a 727 208 1
a 728 224 3
a 729 159 9
a 729 290 10
a 729 670 5
a 729 799 5
a 730 24 1
a 730 680 3
a 731 19 5
a 732 395 6
a 732 614 10
a 733 27 2
a 733 223 10
a 733 709 4
a 734 18 5
a 734 727 2
a 735 283 7
a 735 410 9
a 735 425 2
a 735 446 5
a 735 772 1
a 736 512 1
a 737 241 7
a 737 409 9
a 738 89 5
a 738 155 4
a 738 526 3
a 739 71 4
a 740 204 9
a 740 454 7
a 741 87 6
a 741 141 7
a 741 321 5
a 742 613 2
a 743 345 9
a 743 714 9
a 744 106 2
a 745 257 8
a 745 637 6
a 746 682 2
a 747 253 8
a 748 557 3
a 749 518 8
a 750 130 1
a 751 78 7
a 751 767 9
a 752 572 6
a 753 474 1
a 753 629 2
a 754 605 7
a 755 560 1
a 755 605 6
a 755 661 9
a 756 123 1
a 756 196 6
a 757 175 7
a 757 235 8
a 757 525 1
a 758 34 4
a 759 551 7
a 760 25 1
a 760 500 7
a 761 156 9
a 761 428 5
a 761 558 9
a 762 69 9
a 763 74 1
a 763 257 6
a 764 393 10
a 764 561 6
a 765 748 10
a 766 163 3
a 766 597 4
a 767 139 2
a 767 330 2
a 767 768 6
a 768 502 6
a 768 579 6
a 769 734 2
a 770 274 8
a 771 67 6
a 771 134 7
a 772 3 10
a 772 209 8
a 772 260 5
a 772 317 8
a 772 509 4
a 773 445 9
a 774 362 3
a 774 583 2
a 775 449 1
a 775 576 4
a 776 435 1
a 776 633 5
a 777 555 2
a 778 715 3
a 779 181 6
a 779 318 6
a 779 421 9
a 780 220 3
a 780 351 7
a 781 4 3
a 781 388 3
a 782 557 9
a 783 50 6
a 783 115 8
a 783 711 6
a 784 102 9
a 784 190 10
a 784 686 5
a 785 248 5
a 786 365 10
a 786 380 6
a 787 241 4
a 788 773 7
a 789 42 3
a 789 439 7
a 789 606 9
a 789 715 5
a 790 165 1
a 790 215 5
a 791 67 5
a 792 166 5
a 792 376 4
a 792 656 7
a 793 169 8
a 793 337 8
a 793 759 6
a 794 200 10
a 794 538 1
a 795 198 9
a 795 221 5
a 795 267 6
a 795 490 9
a 796 34 1
a 797 720 1
a 798 181 9
a 799 445 3
a 799 582 7
a 799 646 5
