p max 800 1600
n 1 s
n 800 t
a 1 7 7
a 1 500 8
a 1 768 5
a 2 400 4
a 2 496 9
a 3 224 4
a 3 537 3
a 4 234 4
a 5 99 10
a 5 248 5
a 5 619 7
a 6 387 1
a 6 504 1
a 7 533 10
a 8 396 2
a 8 447 9
a 9 135 8
a 10 263 8
a 10 707 8
a 11 110 9
a 11 322 10
a 12 87 2
a 12 93 9
a 13 282 6
a 13 361 10
a 14 559 2
a 15 31 8
a 15 587 6
a 16 36 9
a 16 258 7
a 17 453 9
a 18 159 1
a 18 643 1
a 19 765 2
a 20 663 5
a 21 94 1
a 22 78 8
a 22 298 4
a 22 438 10
a 22 471 7
a 23 743 5
a 24 105 4
a 24 398 9
a 24 717 1
a 25 193 2
a 25 455 2
a 26 302 2
a 27 605 3
a 28 592 7
a 29 377 6
a 29 484 10
a 30 588 7
a 30 785 10
a 31 75 3
a 31 249 10
a 31 758 4
a 32 9 4
a 32 144 8
a 33 518 4
a 33 695 5
a 34 657 8
a 34 687 8
a 35 348 2
a 36 171 6
a 36 345 7
a 37 45 4
a 37 91 9
a 38 17 9
a 39 456 10
a 40 339 1
a 40 421 4
a 41 89 8
a 41 455 9
a 42 313 5
a 42 639 6
a 42 736 1
a 43 285 5
a 43 633 3
a 43 757 5
a 44 186 8
a 44 649 7
a 45 368 4
a 45 531 8
a 45 718 8
a 46 336 10
a 47 349 2
a 47 612 3
a 48 257 9
a 48 415 1
a 49 24 3
a 50 57 5
a 50 567 1
a 51 102 3
a 51 509 4
a 51 794 5
a 52 342 5
a 52 709 1
a 53 18 5
a 53 789 9
a 54 82 5
a 54 381 9
a 54 509 10
a 55 147 9
a 56 79 7
a 56 664 10
a 57 426 9
a 57 461 7
a 58 104 3
a 58 600 5
a 59 401 5
a 59 763 6
a 60 136 1
a 60 299 5
a 61 383 3
a 61 503 2
a 62 229 1
a 62 480 1
a 63 32 8
a 63 601 3
a 63 615 9
a 64 104 10
a 65 17 2
a 66 76 5
a 66 206 1
a 66 657 4
a 67 47 8
a 67 710 10
a 68 365 2
a 68 574 7
a 69 797 8
a 70 456 1
a 70 466 2
a 70 655 4
a 71 40 2
a 71 288 4
a 72 122 5
a 72 127 1
a 72 370 6
a 72 744 7
a 73 239 8
a 73 438 7
a 74 234 4
a 74 283 7
a 74 306 8
a 74 585 3
a 75 4 2
a 75 103 10
a 75 493 7
a 75 619 7
a 75 729 7
a 76 149 5
a 76 257 6
a 77 653 3
a 77 687 7
a 78 373 9
a 78 691 5
a 79 84 9
a 80 258 8
a 80 420 1
a 81 548 2
a 82 318 10
a 82 754 1
a 83 57 8
a 84 609 7
a 85 152 10
a 85 328 2
a 86 173 8
a 86 503 10
a 87 690 3
a 88 8 9
a 88 40 3
a 89 572 8
a 90 66 5
a 90 594 10
a 91 700 4
a 92 735 10
a 93 704 3
a 94 105 9
a 94 386 3
a 94 544 1
a 94 771 6
a 95 57 10
a 95 72 6
a 95 553 3
a 95 770 1
a 96 63 2
a 96 752 10
a 97 326 9
a 98 230 10
a 98 359 2
a 98 478 2
a 98 548 10
a 99 734 7
a 99 799 5
a 100 400 6
a 101 11 8
a 101 107 2
a 102 362 8
a 102 483 1
a 102 636 6
a 103 611 9
a 103 715 6
a 104 146 2
a 104 151 10
a 104 224 8
a 104 580 7
a 105 219 7
a 105 491 7
a 106 52 10
a 106 596 4
a 106 784 8
a 107 59 6
a 107 84 4
a 107 526 9
a 108 208 3
a 108 434 4
a 108 545 7
a 108 686 4
a 109 209 5
a 110 84 9
a 111 222 6
a 111 323 3
a 111 351 6
a 112 331 7
a 112 446 7
a 112 460 2
a 113 236 1
a 113 556 7
a 113 698 1
a 114 295 1
a 114 565 8
a 115 464 1
a 115 634 9
a 116 189 3
a 116 196 8
a 117 175 3
a 117 711 5
a 118 775 2
a 119 422 2
a 119 589 9
a 119 723 5
a 120 16 4
a 121 410 9
a 122 201 1
a 122 380 9
a 122 490 5
a 123 203 7
a 124 39 1
a 124 338 4
a 125 334 2
a 125 709 10
a 125 795 2
a 126 737 6
a 127 302 7
a 127 630 10
a 127 731 7
a 128 212 5
a 128 485 8
a 129 73 1
a 129 133 5
a 130 74 10
a 130 148 9
a 130 329 3
a 130 350 4
a 131 145 8
a 132 353 6
a 132 561 5
a 132 662 8
a 133 318 6
a 134 138 10
a 135 148 9
a 135 300 8
a 136 490 4
a 137 226 4
a 137 374 8
a 138 260 5
a 138 407 2
a 138 425 1
a 138 775 4
a 139 572 5
a 139 721 1
a 139 739 2
a 140 528 5
a 140 658 2
a 140 753 2
a 141 16 4
a 142 16 7
a 143 233 9
a 143 241 9
a 143 758 8
a 144 211 2
a 144 689 6
a 145 732 8
a 145 739 3
a 145 752 5
a 146 467 10
a 146 778 4
a 147 545 2
a 148 124 8
a 148 616 3
a 149 31 9
a 149 360 6
a 150 35 8
a 151 3 9
a 151 259 7
a 151 384 6
a 151 417 2
a 152 553 3
a 153 68 2
a 153 393 6
a 154 39 7
a 154 674 9
a 155 235 7
a 155 273 9
a 155 459 9
a 156 444 1
a 156 769 1
a 157 377 1
a 157 765 7
a 158 648 9
a 159 557 2
a 160 639 7
a 160 681 8
a 161 520 7
a 161 756 9
a 162 770 9
a 163 116 2
a 163 600 3
a 164 574 3
a 165 408 10
a 165 495 6
a 166 301 1
a 166 609 9
a 167 76 2
a 167 507 8
a 168 265 10
a 168 530 9
a 168 552 2
a 169 439 5
a 169 491 8
a 170 162 5
a 170 764 4
a 171 204 1
a 171 393 10
a 171 539 3
a 172 72 10
a 172 466 8
a 173 519 3
a 173 652 6
a 173 755 9
a 174 543 4
a 174 792 8
a 175 222 2
a 175 617 1
a 175 677 4
a 176 722 1
a 176 730 10
a 177 294 1
a 177 315 5
a 177 691 2
a 178 14 10
a 178 163 10
a 178 722 1
a 178 723 2
a 179 95 5
a 179 647 6
a 180 164 9
a 180 197 6
a 181 617 10
a 182 652 5
a 183 399 10
a 184 220 4
a 185 713 7
a 185 750 3
a 186 760 10
a 187 301 1
a 188 316 5
a 189 699 10
a 189 745 7
a 190 646 5
a 191 33 9
a 191 325 8
a 192 215 1
a 192 270 8
a 192 274 5
a 192 297 2
a 193 380 10
a 193 427 2
a 194 165 8
a 194 582 2
a 194 702 5
a 194 715 10
a 194 791 10
a 195 305 4
a 195 608 7
a 195 798 10
a 196 645 3
a 197 798 7
a 198 516 6
a 198 723 3
a 199 173 8
a 199 211 8
a 199 320 7
a 200 353 1
a 201 212 8
a 201 466 4
a 201 498 3
a 202 355 1
a 203 125 10
a 203 131 5
a 203 659 9
a 204 276 4
a 204 557 4
a 204 748 5
a 205 370 1
a 205 562 5
a 205 577 4
a 206 250 9
a 206 450 8
a 206 549 2
a 206 566 2
a 207 216 3
a 207 574 8
a 208 442 1
a 208 616 9
a 209 517 4
a 210 4 6
a 210 306 2
a 210 400 9
a 210 539 9
a 211 169 2
a 212 467 3
a 213 368 8
a 214 752 8
a 215 81 2
a 216 5 3
a 217 406 8
a 218 681 8
a 219 364 4
a 219 724 8
a 220 215 6
a 221 235 4
a 221 291 5
a 222 321 3
a 223 303 10
a 224 407 3
a 224 551 8
a 224 776 10
a 225 678 1
a 226 394 9
a 226 499 1
a 226 774 3
a 227 170 3
a 227 487 10
a 228 505 2
a 228 639 5
a 228 778 2
a 229 60 3
a 229 84 3
a 229 261 9
a 229 603 2
a 230 444 5
a 231 23 10
a 231 121 1
a 232 212 6
a 233 396 1
a 233 621 2
a 234 286 10
a 234 589 3
a 234 786 2
a 235 71 7
a 235 737 1
a 236 336 4
a 237 102 5
a 237 172 9
a 237 203 2
a 238 45 1
a 238 67 3
a 238 177 9
a 238 330 2
a 238 610 7
a 238 682 4
a 239 618 4
a 240 698 6
a 241 130 2
a 241 176 8
a 241 378 2
a 242 12 3
a 242 457 10
a 242 731 1
a 243 20 4
a 243 269 1
a 243 402 10
a 244 525 6
a 244 625 3
a 245 3 5
a 245 124 3
a 245 501 1
a 245 737 5
a 246 28 8
a 246 470 1
a 246 761 3
a 247 621 9
a 248 387 4
a 249 80 9
a 249 800 6
a 250 613 4
a 251 470 6
a 251 667 8
a 252 27 6
a 252 246 8
a 253 282 5
a 253 490 4
a 254 705 2
a 255 491 2
a 255 568 10
a 256 512 5
a 257 259 1
a 258 62 6
a 258 170 4
a 258 307 3
a 259 20 2
a 259 418 6
a 260 62 5
a 260 218 5
a 261 316 8
a 261 676 7
a 262 295 5
a 262 475 9
a 262 733 5
a 263 93 2
a 264 433 3
a 265 12 9
a 265 174 1
a 265 675 3
a 266 267 10
a 266 541 10
a 266 600 10
a 266 629 4
a 267 447 6
a 268 744 7
a 269 326 2
a 270 369 2
a 271 96 6
a 271 436 2
a 271 622 4
a 272 656 7
a 272 695 1
a 273 641 6
a 274 750 8
a 275 198 9
a 275 501 2
a 275 712 6
a 276 17 1
a 276 268 10
a 276 586 5
a 277 238 4
a 277 599 3
a 277 638 10
a 277 650 1
a 278 749 9
a 279 541 9
a 280 29 3
a 280 534 5
a 281 614 6
a 281 742 7
a 281 787 3
a 282 81 9
a 282 489 6
a 282 592 2
a 283 162 7
a 283 678 9
a 284 698 8
a 284 767 8
a 285 88 6
a 285 462 9
a 285 623 1
a 286 50 9
a 286 727 9
a 287 474 1
a 287 588 9
a 288 302 9
a 288 628 9
a 289 266 10
a 289 684 8
a 289 728 9
a 290 545 6
a 291 179 9
a 292 531 9
a 293 93 7
a 293 424 9
a 294 161 3
a 295 255 5
a 295 487 2
a 296 250 10
a 296 762 6
a 297 373 1
a 298 343 6
a 299 192 9
a 299 273 5
a 299 356 1
a 300 472 9
a 300 671 8
a 300 681 2
a 301 519 2
a 301 751 7
a 302 505 1
a 302 564 3
a 302 788 9
a 303 209 5
a 304 138 9
a 305 716 1
a 306 720 9
a 307 118 1
a 307 162 7
a 308 185 10
a 309 743 3
a 309 780 6
a 310 256 4
a 310 320 6
a 311 395 6
a 312 139 10
a 313 506 4
a 314 342 8
a 315 363 9
a 316 327 9
a 317 12 6
a 317 527 6
a 318 740 8
a 318 758 1
a 319 63 3
a 319 139 7
a 319 296 1
a 320 469 1
a 321 540 4
a 322 316 6
a 322 476 6
a 322 511 10
a 322 583 1
a 323 175 4
a 323 179 2
a 323 190 5
a 323 287 3
a 323 369 1
a 323 750 8
a 324 104 6
a 324 349 4
a 324 648 6
a 325 367 2
a 325 622 5
a 326 481 2
a 326 699 4
a 327 563 5
a 328 494 1
a 329 788 7
a 330 183 2
a 330 329 10
a 330 695 1
a 331 15 5
a 331 21 3
a 332 333 1
a 333 86 2
a 333 542 1
a 333 741 2
a 334 424 8
a 334 578 9
a 334 640 6
a 335 102 2
a 335 793 10
a 336 79 6
a 336 147 9
a 336 605 3
a 336 634 4
a 337 535 3
a 338 90 4
a 338 254 6
a 338 547 2
a 339 4 10
a 339 39 7
a 339 154 7
a 339 444 5
a 340 614 5
a 341 221 9
a 341 714 1
a 342 760 10
a 343 155 1
a 343 200 3
a 344 149 6
a 344 335 3
a 345 158 9
a 345 697 1
a 345 763 9
a 346 66 6
a 346 348 3
a 347 170 7
a 348 56 3
a 348 142 10
a 348 225 1
a 349 402 4
a 349 620 4
a 349 734 4
a 350 637 10
a 350 679 3
a 351 182 7
a 351 274 9
a 351 346 4
a 352 216 7
a 352 364 8
a 352 693 9
a 353 539 3
a 354 418 5
a 354 510 4
a 354 515 8
a 354 598 1
a 355 634 6
a 355 649 5
a 356 108 9
a 356 264 4
a 356 698 4
a 357 97 1
a 357 449 5
a 357 702 10
a 358 34 10
a 358 429 10
a 359 5 8
a 359 389 8
a 359 396 5
a 360 638 5
a 361 661 3
a 362 379 9
a 362 498 3
a 363 69 3
a 363 245 10
a 364 38 7
a 364 78 1
a 365 133 5
a 366 196 9
a 366 642 9
a 367 536 9
a 367 642 6
a 368 57 2
a 368 122 1
a 368 700 10
a 369 271 1
a 369 613 4
a 369 708 1
a 370 255 10
a 371 557 8
a 371 726 5
a 371 796 5
a 372 403 2
a 372 568 5
a 373 11 8
a 374 524 3
a 375 490 1
a 376 547 8
a 376 589 5
a 376 760 3
a 376 795 9
a 377 442 4
a 378 310 1
a 379 192 1
a 379 604 8
a 379 772 9
a 380 422 5
a 380 639 7
a 381 159 6
a 382 246 4
a 382 463 7
a 383 172 1
a 383 529 4
a 384 429 4
a 384 789 2
a 385 614 1
a 386 13 10
a 386 176 2
a 387 89 9
a 388 611 2
a 389 200 1
a 389 459 2
a 389 649 8
a 390 185 4
a 390 694 10
a 390 757 5
a 390 759 3
a 391 332 8
a 391 358 2
a 391 486 9
a 392 325 1
a 392 647 6
a 393 575 8
a 394 235 5
a 395 137 1
a 395 202 7
a 395 761 4
a 396 636 8
a 397 573 2
a 397 650 10
a 397 727 4
a 398 607 2
a 398 635 9
a 398 753 5
a 399 329 4
a 399 458 7
a 399 614 8
a 399 666 8
a 400 228 10
a 401 169 4
a 402 70 2
a 402 422 7
a 403 693 6
a 404 307 8
a 405 501 3
a 406 391 2
a 407 354 4
a 407 638 2
a 408 645 4
a 409 82 3
a 410 252 8
a 410 512 5
a 410 755 8
a 411 312 7
a 411 590 2
a 412 123 7
a 412 340 8
a 413 173 5
a 413 274 10
a 414 278 3
a 414 665 8
a 415 68 6
a 416 2 1
a 416 561 3
a 416 606 7
a 417 98 5
a 417 644 8
a 417 657 7
a 417 674 3
a 418 106 3
a 418 431 5
a 418 680 7
a 419 214 3
a 419 222 9
a 420 172 2
a 421 296 6
a 421 512 6
a 422 244 3
a 422 286 2
a 422 630 9
a 423 26 3
a 423 417 9
a 423 484 7
a 423 782 6
a 424 755 7
a 425 82 4
a 426 73 2
a 427 572 9
a 428 199 1
a 428 309 3
a 428 743 3
a 429 146 9
a 429 777 9
a 430 161 2
a 430 256 2
a 430 312 4
a 431 188 2
a 431 534 9
a 432 339 6
a 432 372 4
a 432 503 1
a 433 461 3
a 433 591 7
a 434 218 6
a 434 410 2
a 435 46 6
a 436 96 3
a 436 292 1
a 436 613 8
a 437 11 5
a 438 30 3
a 438 76 2
a 439 65 5
a 439 270 3
a 439 660 10
a 440 59 6
a 440 80 5
a 441 352 10
a 441 431 8
a 442 84 8
a 443 268 4
a 443 388 6
a 443 698 7
a 444 406 1
a 445 590 4
a 445 800 1
a 446 34 10
a 446 75 5
a 447 333 9
a 447 651 5
a 448 185 8
a 448 247 7
a 448 726 2
a 449 764 8
a 450 256 4
a 451 329 4
a 452 457 6
a 453 125 7
a 453 197 8
a 453 487 7
a 453 563 7
a 454 139 3
a 454 525 6
a 455 213 4
a 455 448 6
a 455 583 1
a 455 669 10
a 456 602 10
a 457 584 7
a 457 623 9
a 458 680 6
a 459 62 10
a 460 179 1
a 460 456 1
a 461 610 3
a 462 382 8
a 462 441 1
a 463 353 7
a 464 43 1
a 464 191 7
a 464 708 2
a 465 475 10
a 466 162 7
a 467 673 2
a 467 753 8
a 468 100 2
a 468 135 4
a 469 122 6
a 470 6 10
a 470 382 7
a 471 276 3
a 472 235 10
a 473 236 2
a 474 319 2
a 474 519 6
a 475 184 3
a 475 784 4
a 476 82 2
a 476 93 1
a 476 220 7
a 476 356 6
a 476 571 10
a 477 134 3
a 477 602 8
a 478 460 2
a 479 414 5
a 479 675 6
a 480 104 6
a 480 316 5
a 480 607 3
a 480 692 3
a 481 726 10
a 482 499 9
a 482 580 5
a 483 703 1
a 483 713 2
a 484 343 2
a 484 786 1
a 485 118 1
a 485 587 8
a 486 83 6
a 486 115 5
a 486 291 6
a 487 346 9
a 488 574 5
a 489 461 8
a 489 767 7
a 490 137 5
a 490 575 3
a 491 37 4
a 491 133 6
a 492 165 2
a 492 178 10
a 492 207 6
a 492 524 9
a 492 725 6
a 493 374 4
a 493 632 2
a 493 686 3
a 494 349 7
a 494 688 1
a 495 35 7
a 495 131 10
a 495 368 2
a 496 242 6
a 497 46 7
a 497 326 10
a 498 630 4
a 499 537 5
a 500 15 2
a 500 138 8
a 500 153 6
a 500 359 1
a 501 151 7
a 502 23 4
a 502 355 8
a 502 601 4
a 502 662 3
a 502 716 6
a 502 735 7
a 503 27 6
a 503 497 3
a 504 494 3
a 504 532 6
a 505 435 2
a 505 685 9
a 506 162 3
a 506 366 4
a 507 81 9
a 507 177 10
a 507 673 9
a 508 327 8
a 508 336 4
a 508 407 6
a 508 412 5
a 508 521 9
a 509 540 10
a 509 595 9
a 509 627 5
a 510 30 8
a 511 31 6
a 511 246 4
a 511 543 5
a 511 573 3
a 512 522 7
a 512 679 7
a 512 704 8
a 513 324 8
a 513 390 10
a 513 704 5
a 514 109 6
a 515 55 8
a 515 72 4
a 515 517 4
a 516 640 5
a 517 231 10
a 517 419 7
a 517 501 6
a 518 68 5
a 518 303 1
a 518 430 3
a 519 293 10
a 519 399 10
a 520 135 3
a 521 431 2
a 521 696 10
a 522 22 9
a 522 113 1
a 522 166 6
a 522 311 6
a 522 707 7
a 523 612 1
a 524 602 6
a 525 335 3
a 525 401 1
a 526 376 7
a 526 458 3
a 526 632 6
a 527 347 3
a 528 343 9
a 529 582 1
a 530 698 3
a 531 352 2
a 531 596 6
a 532 164 2
a 533 246 8
a 533 278 2
a 534 462 3
a 535 621 1
a 536 69 9
a 537 126 5
a 537 152 3
a 537 205 9
a 537 391 1
a 538 160 6
a 538 396 6
a 539 129 9
a 539 538 6
a 540 5 4
a 541 15 6
a 542 73 9
a 542 141 5
a 542 164 8
a 543 632 6
a 544 48 4
a 544 405 8
a 545 120 2
a 545 603 5
a 546 94 3
a 546 440 7
a 546 570 5
a 547 49 10
a 547 156 4
a 548 299 5
a 548 622 5
a 549 209 6
a 549 654 9
a 549 753 10
a 550 301 7
a 550 602 1
a 551 371 5
a 551 419 5
a 551 568 7
a 551 797 6
a 552 535 4
a 552 619 4
a 552 733 4
a 552 746 3
a 553 98 8
a 553 114 1
a 553 413 2
a 554 794 7
a 555 67 9
a 555 720 5
a 556 583 10
a 557 45 6
a 558 197 9
a 558 672 4
a 559 18 4
a 559 53 5
a 559 96 5
a 560 315 8
a 560 406 7
a 561 521 3
a 562 95 6
a 563 287 7
a 563 341 10
a 563 375 3
a 564 106 7
a 564 636 4
a 565 36 8
a 565 453 10
a 566 479 1
a 566 506 3
a 567 54 2
a 567 58 10
a 567 645 10
a 568 626 6
a 569 508 7
a 569 652 8
a 570 611 1
a 571 449 5
a 572 211 3
a 573 374 9
a 574 310 5
a 575 460 10
a 575 529 10
a 576 281 1
a 576 327 7
a 576 542 9
a 577 454 10
a 578 324 3
a 579 297 2
a 580 794 5
a 581 740 7
a 582 77 1
a 582 456 4
a 583 123 1
a 583 180 6
a 583 499 9
a 584 667 2
a 585 357 6
a 585 629 8
a 586 32 3
a 587 446 4
a 588 155 3
a 589 705 4
a 589 776 9
a 590 93 6
a 590 627 5
a 591 208 4
a 591 618 2
a 592 553 2
a 592 661 7
a 593 227 8
a 593 292 1
a 594 509 1
a 595 439 5
a 596 44 8
a 596 130 7
a 597 600 3
a 598 118 10
a 598 119 8
a 598 557 8
a 598 570 4
a 599 703 10
a 600 56 10
a 600 140 10
a 600 324 10
a 600 530 2
a 600 569 6
a 601 780 3
a 602 101 10
a 602 566 10
a 603 709 2
a 604 54 3
a 604 641 8
a 605 645 2
a 606 257 6
a 607 64 5
a 607 492 1
a 607 670 8
a 608 175 7
a 609 762 5
a 610 416 7
a 610 759 3
a 611 169 3
a 611 562 1
a 611 714 8
a 612 349 3
a 612 446 3
a 612 477 3
a 613 223 1
a 613 444 5
a 614 426 3
a 615 143 3
a 615 423 1
a 616 262 1
a 617 280 2
a 617 486 5
a 617 606 2
a 618 462 10
a 619 477 8
a 620 187 3
a 620 441 9
a 620 481 9
a 621 757 4
a 622 58 4
a 622 117 8
a 622 215 4
a 623 138 7
a 624 436 4
a 625 57 6
a 625 386 6
a 626 333 9
a 626 550 6
a 626 701 5
a 626 774 5
a 627 4 9
a 628 39 3
a 629 581 5
a 630 315 5
a 630 513 10
a 631 167 6
a 631 477 8
a 632 55 6
a 632 64 10
a 633 699 4
a 634 150 2
a 634 632 10
a 635 693 3
a 636 24 3
a 636 242 2
a 636 506 2
a 637 176 8
a 638 215 6
a 639 187 6
a 639 275 2
a 639 395 3
a 640 100 10
a 641 700 3
a 642 160 7
a 643 25 10
a 643 247 9
a 643 728 4
a 644 13 10
a 644 168 8
a 644 344 2
a 645 103 4
a 645 468 8
a 646 203 2
a 647 258 9
a 647 282 8
a 647 284 9
a 648 409 1
a 648 513 2
a 649 61 2
a 649 143 8
a 649 232 10
a 649 260 8
a 649 387 1
a 650 128 7
a 650 365 9
a 650 381 9
a 651 662 7
a 652 355 9
a 653 310 2
a 653 397 8
a 653 781 2
a 654 169 3
a 654 646 8
a 655 109 6
a 655 471 6
a 656 577 6
a 657 160 9
a 657 193 7
a 657 233 5
a 658 477 4
a 658 662 6
a 659 363 3
a 659 479 5
a 659 554 2
a 660 180 10
a 660 428 3
a 660 558 1
a 661 231 9
a 661 318 7
a 661 484 4
a 661 495 7
a 662 622 6
a 662 626 2
a 663 791 9
a 664 686 5
a 665 59 2
a 665 110 10
a 666 111 1
a 666 143 8
a 666 157 4
a 666 288 3
a 666 546 9
a 667 257 7
a 667 588 3
a 668 90 3
a 669 154 7
a 669 399 8
a 669 626 4
a 670 129 6
a 671 553 8
a 672 251 6
a 672 790 7
a 673 514 8
a 674 593 8
a 674 715 9
a 675 136 3
a 676 229 8
a 676 442 10
a 676 766 6
a 677 326 5
a 677 411 6
a 678 466 10
a 678 800 3
a 679 435 7
a 679 691 10
a 680 673 7
a 681 228 5
a 681 721 8
a 682 177 5
a 683 24 4
a 683 297 10
a 684 626 1
a 685 277 4
a 686 262 3
a 686 474 3
a 687 19 2
a 687 203 7
a 687 514 3
a 687 640 6
a 688 41 2
a 688 228 6
a 689 461 2
a 690 204 10
a 690 222 6
a 690 308 3
a 691 523 9
a 691 769 3
a 692 33 3
a 692 644 6
a 693 210 8
a 693 213 3
a 694 189 7
a 694 714 10
a 695 138 4
a 696 674 6
a 697 409 7
a 698 37 7
a 698 560 5
a 698 749 6
a 699 676 3
a 699 683 7
a 700 189 5
a 700 239 8
a 700 451 1
a 700 543 10
a 701 687 6
a 702 16 4
a 702 594 8
a 702 647 7
a 703 260 7
a 704 500 6
a 704 671 3
a 704 710 1
a 705 15 4
a 706 535 1
a 707 465 5
a 707 471 7
a 707 502 6
a 707 588 2
a 707 749 5
a 708 490 4
a 708 753 5
a 709 334 10
a 709 404 10
a 709 738 1
a 710 85 8
a 710 432 7
a 711 439 4
a 712 140 10
a 713 289 9
a 713 600 7
a 714 595 1
a 715 280 1
a 715 337 3
a 716 134 4
a 716 181 1
a 716 586 10
a 717 148 3
a 717 388 7
a 717 395 5
a 717 520 2
a 718 76 5
a 718 347 2
a 718 533 3
a 718 555 7
a 719 302 4
a 719 384 2
a 720 194 9
a 720 196 7
a 721 326 1
a 722 525 9
a 723 564 8
a 724 48 3
a 724 482 6
a 724 753 9
a 725 567 5
a 726 72 10
a 727 87 10
a 727 290 6
a 727 300 8
a 727 581 6
a 728 326 5
a 729 305 9
a 729 454 8
a 730 15 8
a 730 243 9
a 730 437 5
a 730 575 1
a 730 743 7
a 731 85 7
a 731 733 9
a 732 272 1
a 732 576 5
a 732 695 10
a 733 452 6
a 733 469 8
a 733 506 7
a 734 171 4
a 734 176 1
a 734 716 3
a 735 485 6
a 736 199 7
a 736 793 3
a 737 75 6
a 737 385 4
a 737 528 5
a 738 252 6
a 739 51 8
a 739 567 4
a 740 230 10
a 741 56 6
a 741 607 10
a 742 255 9
a 743 253 2
a 743 778 8
a 744 703 3
a 745 715 6
a 745 747 8
a 746 24 7
a 747 160 7
a 748 49 1
a 748 553 6
a 749 121 7
a 749 314 4
a 749 397 4
a 749 706 2
a 750 142 1
a 750 433 1
a 750 473 2
a 751 697 7
a 752 166 2
a 752 188 2
a 753 382 8
a 754 227 7
a 755 120 5
a 755 443 10
a 755 518 9
a 756 10 9
a 756 42 3
a 756 631 1
a 757 240 6
a 757 426 10
a 758 317 2
a 758 694 10
a 759 398 10
a 759 597 3
a 760 483 4
a 760 608 3
a 760 779 8
a 760 789 9
a 761 237 3
a 761 579 2
a 761 644 7
a 761 719 2
a 762 317 1
a 763 406 4
a 764 75 1
a 764 773 5
a 765 11 8
a 765 647 8
a 766 277 1
a 766 305 1
a 767 153 3
a 767 494 10
a 768 93 2
a 768 113 10
a 769 251 9
a 769 279 3
a 769 581 2
a 769 689 5
a 770 327 2
a 771 129 6
a 771 145 10
a 771 294 3
a 771 407 3
a 772 464 1
a 773 648 1
a 774 100 7
a 774 105 3
a 774 159 1
a 775 603 8
a 775 631 8
a 776 79 2
a 777 571 4
a 778 88 3
a 778 176 3
a 778 321 3
a 778 488 10
a 779 207 2
a 780 536 2
a 781 566 3
a 782 642 10
a 783 69 10
a 783 398 8
a 784 660 3
a 785 663 5
a 785 664 8
a 786 208 4
a 786 799 10
a 787 92 1
a 787 195 9
a 787 463 9
a 787 668 3
a 788 268 6
a 789 74 4
a 789 112 5
a 789 762 8
a 790 160 5
a 791 162 9
a 791 582 2
a 792 132 7
a 792 139 6
a 792 230 2
a 792 690 9
a 793 304 8
a 793 499 3
a 794 205 5
a 794 238 9
a 795 38 10
a 795 180 8
a 795 624 8
a 796 260 3
a 796 411 4
a 796 445 1
a 796 599 1
a 796 679 6
a 797 381 3
a 797 392 6
a 798 217 4
a 798 375 3
a 799 9 2
a 799 376 7
a 799 559 8
a 799 783 8
