p max 800 1600
n 1 s
n 800 t
a 1 348 6
a 1 497 2
a 1 509 6
a 2 414 1
a 3 80 8
a 3 322 6
a 4 277 9
a 4 308 9
a 5 164 6
a 5 730 3
a 6 736 7
a 7 280 2
a 7 689 9
a 8 9 10
a 8 176 7
a 8 738 9
a 9 320 4
a 9 470 3
a 10 202 10
a 11 320 2
a 11 439 10
a 11 666 1
a 12 483 4
a 13 546 1
a 13 637 10
a 13 660 2
a 14 199 3
a 15 14 5
a 16 179 1
a 17 87 1
a 18 439 10
a 19 338 9
a 19 692 4
a 20 427 6
a 21 10 1
a 21 305 4
a 22 146 5
a 22 467 8
a 22 724 8
a 23 160 5
a 23 490 6
a 24 710 10
a 24 711 3
a 25 44 10
a 25 149 9
a 25 168 10
a 25 487 6
a 25 589 8
a 26 398 8
a 26 419 6
a 26 557 3
a 27 94 6
a 28 172 6
a 28 387 3
a 29 186 6
a 29 475 6
a 29 777 3
a 30 222 10
a 30 462 5
a 30 668 5
a 31 434 2
a 31 574 10
a 31 642 8
a 32 77 6
a 32 638 8
a 32 716 3
a 33 232 9
a 34 447 4
a 35 465 3
a 35 535 2
a 35 643 5
a 36 125 1
a 36 523 8
a 36 633 3
a 37 607 7
a 38 730 4
a 39 176 5
a 39 376 7
a 39 763 2
a 40 26 5
a 40 558 3
a 40 748 10
a 41 244 1
a 42 18 2
a 42 452 3
a 43 38 10
a 43 264 10
a 43 773 7
a 44 67 3
a 44 746 6
a 45 449 3
a 46 14 7
a 47 86 7
a 47 344 1
a 48 14 9
a 49 218 5
a 50 118 8
a 50 229 4
a 50 429 2
a 51 13 6
a 51 330 8
a 51 759 2
a 52 261 5
a 52 266 1
a 52 507 10
a 53 25 4
a 53 470 3
a 53 480 2
a 54 367 4
a 54 624 5
a 55 290 1
a 55 422 4
a 55 542 2
a 55 699 8
a 55 735 4
a 56 83 6
a 56 278 9
a 57 411 1
a 58 484 6
a 59 97 7
a 59 499 8
a 59 564 2
a 60 102 4
a 60 364 5
a 60 600 7
a 61 751 1
a 62 597 4
a 62 704 2
a 63 175 2
a 64 81 2
a 65 289 7
a 65 543 1
a 65 561 4
a 66 51 5
a 66 552 1
a 67 20 10
a 68 69 4
a 68 190 8
a 69 323 1
a 70 133 7
a 70 693 1
a 71 726 6
a 72 345 6
a 72 676 5
a 73 722 3
a 74 95 5
a 74 116 1
a 74 568 1
a 75 19 6
a 75 152 4
a 76 602 7
a 77 575 6
a 78 643 10
a 78 680 1
a 79 149 3
a 79 671 4
a 80 588 9
a 81 177 7
a 82 597 7
a 83 73 9
a 83 236 9
a 83 563 4
a 84 624 6
a 84 636 7
a 85 631 9
a 85 769 2
a 86 84 1
a 86 474 1
a 86 611 8
a 87 350 2
a 87 681 7
a 88 557 5
a 89 157 4
a 90 344 1
a 90 711 2
a 91 216 1
a 91 313 2
a 91 601 5
a 91 737 3
a 91 757 3
a 91 793 1
a 92 89 2
a 92 616 2
a 93 101 4
a 93 233 4
a 93 740 8
a 94 7 7
a 94 616 5
a 95 123 3
a 95 692 5
a 96 708 2
a 97 269 3
a 98 344 3
a 98 658 10
a 99 57 10
a 99 63 5
a 99 137 2
a 99 612 3
a 100 257 1
a 101 348 6
a 102 236 2
a 103 326 8
a 104 87 4
a 104 188 7
a 105 679 4
a 106 324 10
a 106 626 6
a 107 96 4
a 107 595 4
a 107 698 8
a 108 20 5
a 108 300 7
a 108 652 5
a 108 724 3
a 109 132 4
a 109 431 6
a 110 278 7
a 110 414 5
a 111 74 3
a 111 490 2
a 112 179 10
a 112 325 6
a 113 521 1
a 113 799 1
a 114 197 6
a 114 551 10
a 114 573 2
a 115 413 8
a 115 492 4
a 115 539 5
a 115 585 3
a 116 532 10
a 117 14 4
a 117 427 5
a 117 660 3
a 118 458 5
a 119 8 10
a 119 18 8
a 119 81 8
a 119 164 9
a 119 277 5
a 119 491 7
a 119 580 10
a 120 610 6
a 121 128 2
a 121 567 5
a 122 506 8
a 123 80 9
a 123 383 4
a 123 391 10
a 123 525 10
a 124 64 9
a 124 154 4
a 124 185 7
a 124 326 9
a 125 89 3
a 125 293 3
a 125 793 2
a 126 578 2
a 127 178 10
a 127 691 7
a 128 762 2
a 128 792 1
a 129 130 5
a 129 147 8
a 129 471 10
a 130 114 5
a 130 402 1
a 130 527 6
a 131 790 1
a 132 756 5
a 133 568 8
a 133 780 3
a 134 231 1
a 134 391 5
a 134 428 7
a 134 496 1
a 135 92 8
a 135 128 6
a 135 250 5
a 136 155 2
a 136 383 6
a 137 255 7
a 137 370 8
a 137 653 8
a 138 432 10
a 139 535 7
a 140 42 7
a 141 618 2
a 142 74 7
a 142 641 5
a 143 97 7
a 143 408 8
a 143 572 5
a 144 99 4
a 145 349 5
a 146 179 10
a 146 222 8
a 147 99 10
a 147 357 2
a 147 473 6
a 147 537 2
a 147 663 4
a 147 725 7
a 148 78 10
a 148 481 1
a 149 168 3
a 149 528 4
a 149 713 7
a 150 57 7
a 150 459 1
a 151 717 8
a 151 765 1
a 152 113 5
a 152 358 9
a 153 19 3
a 153 292 10
a 153 600 2
a 154 298 2
a 154 441 9
a 154 464 7
a 155 43 4
a 155 69 1
a 156 374 6
a 156 417 9
a 157 572 6
a 158 466 9
a 158 508 9
a 159 215 5
a 160 559 3
a 161 339 3
a 161 540 1
a 162 41 8
a 163 224 6
a 164 213 8
a 164 354 4
a 164 592 5
a 164 651 2
a 164 662 3
a 165 127 5
a 165 559 1
a 166 585 5
a 166 682 2
a 167 445 4
a 167 505 8
a 168 12 6
a 168 230 8
a 168 578 1
a 169 531 10
a 170 558 6
a 171 60 3
a 171 86 1
a 171 664 1
a 172 248 5
a 172 498 8
a 172 582 5
a 173 174 2
a 173 777 7
a 174 197 4
a 175 579 8
a 176 661 8
a 177 244 5
a 177 418 9
a 177 426 10
a 177 435 5
a 177 587 2
a 178 7 9
a 178 368 5
a 179 557 8
a 179 690 4
a 180 470 3
a 181 333 10
a 181 644 5
a 182 759 7
a 183 227 1
a 183 547 1
a 183 605 9
a 184 3 4
a 184 648 1
a 185 619 1
a 185 643 7
a 186 173 4
a 187 643 2
a 188 102 7
a 188 177 5
a 189 232 8
a 189 630 7
a 190 4 5
a 190 602 7
a 191 221 5
a 192 590 5
a 193 39 9
a 193 136 9
a 193 499 1
a 194 741 8
a 195 291 10
a 196 266 10
a 196 306 3
a 196 477 1
a 196 754 6
a 197 280 5
a 197 293 10
a 197 600 9
a 197 781 5
a 198 91 5
a 198 117 2
a 198 256 4
a 199 56 7
a 200 114 10
a 201 532 9
a 202 169 1
a 202 402 2
a 203 408 5
a 204 726 4
a 205 217 7
a 205 311 9
a 205 543 3
a 205 571 4
a 206 13 1
a 207 779 10
a 208 766 10
a 209 141 6
a 209 271 1
a 210 13 3
a 210 591 1
a 211 76 3
a 212 787 9
a 213 223 3
a 214 49 3
a 214 786 4
a 215 796 10
a 216 471 2
a 217 391 8
a 218 219 1
a 218 760 4
a 219 748 7
a 220 116 2
a 220 741 2
a 221 93 6
a 222 6 1
a 223 726 3
a 224 323 3
a 224 562 6
a 224 773 4
a 225 408 2
a 226 17 6
a 226 387 8
a 227 526 9
a 228 688 4
a 229 260 8
a 229 583 8
a 229 706 1
a 229 733 7
a 230 671 3
a 231 410 6
a 231 640 3
a 232 313 8
a 233 611 9
a 233 788 7
a 234 466 2
a 235 20 6
a 235 46 4
a 236 38 6
a 237 472 9
a 238 119 6
a 239 224 10
a 239 245 1
a 239 515 1
a 240 780 1
a 241 250 7
a 241 719 10
a 242 460 7
a 242 663 9
a 243 61 5
a 243 731 1
a 243 767 8
a 243 770 10
a 244 368 7
a 244 578 8
a 245 166 2
a 245 753 6
a 246 368 4
a 246 511 1
a 247 126 3
a 247 143 10
a 247 628 7
a 248 53 4
a 248 494 6
a 249 124 3
a 249 485 2
a 249 493 10
a 249 645 7
a 250 200 1
a 251 45 4
a 251 546 8
a 251 685 7
a 252 72 7
a 252 157 5
a 252 284 10
a 253 97 5
a 253 207 8
a 254 335 1
a 254 728 6
a 254 772 8
a 255 274 2
a 255 587 4
a 256 82 10
a 256 393 2
a 257 517 9
a 258 272 7
a 258 737 10
a 259 595 6
a 259 684 4
a 260 59 7
a 260 694 8
a 261 354 10
a 262 187 5
a 262 329 2
a 262 495 5
a 262 572 6
a 262 777 3
a 263 100 8
a 264 616 9
a 264 782 4
a 265 118 10
a 265 217 7
a 265 437 3
a 266 206 2
a 266 318 1
a 266 412 1
a 267 374 2
a 267 580 10
a 268 27 7
a 268 267 6
a 268 304 6
a 268 663 9
a 268 722 4
a 269 204 10
a 270 68 1
a 270 568 5
a 271 57 7
a 271 146 6
a 271 318 10
a 272 554 10
a 272 700 7
a 273 58 9
a 273 377 6
a 274 536 10
a 275 14 4
a 275 604 4
a 275 619 8
a 276 642 6
a 276 686 1
a 277 228 8
a 277 288 6
a 278 455 8
a 279 449 10
a 280 644 4
a 281 558 2
a 281 559 1
a 282 165 8
a 282 402 2
a 282 598 8
a 283 730 1
a 284 178 7
a 285 181 4
a 285 394 5
a 286 501 3
a 286 523 9
a 287 676 10
a 287 681 5
a 288 528 8
a 288 732 5
a 289 81 7
a 289 328 9
a 289 453 4
a 290 787 7
a 291 51 9
a 292 101 6
a 292 138 5
a 292 451 9
a 293 520 4
a 293 642 9
a 294 557 3
a 295 90 5
a 295 320 7
a 296 214 5
a 296 536 4
a 296 768 4
a 297 78 4
a 298 600 1
a 299 152 8
a 299 262 9
a 299 634 6
a 300 576 5
a 301 237 10
a 301 599 9
a 302 135 8
a 302 221 10
a 302 375 4
a 303 48 10
a 303 199 6
a 304 278 4
a 304 594 10
a 305 336 5
a 305 690 9
a 306 487 10
a 306 507 9
a 307 212 4
a 307 661 10
a 307 700 5
a 307 734 2
a 308 163 8
a 308 263 9
a 309 195 1
a 309 756 10
a 310 264 2
a 311 282 1
a 311 691 2
a 312 225 9
a 313 355 4
a 314 597 6
a 315 537 7
a 316 175 5
a 316 452 4
a 316 500 5
a 317 705 6
a 318 252 1
a 319 269 4
a 319 274 8
a 320 401 9
a 320 506 5
a 321 51 8
a 321 142 5
a 321 548 2
a 322 275 6
a 323 16 10
a 323 586 6
a 324 350 9
a 325 423 9
a 325 795 9
a 326 47 3
a 326 51 8
a 326 259 6
a 326 302 2
a 326 331 5
a 327 334 7
a 327 733 1
a 328 58 3
a 328 139 4
a 329 569 7
a 330 365 4
a 330 743 8
a 331 107 8
a 331 173 3
a 331 800 7
a 332 215 3
a 332 581 2
a 333 119 9
a 333 202 3
a 334 34 2
a 334 65 4
a 334 349 9
a 334 404 2
a 335 707 3
a 336 438 2
a 337 354 5
a 338 39 6
a 339 541 7
a 340 679 5
a 340 762 10
a 341 692 9
a 342 431 9
a 343 481 4
a 344 751 3
a 344 755 5
a 345 392 1
a 346 290 8
a 346 532 2
a 346 800 6
a 347 512 9
a 347 661 8
a 348 502 9
a 349 192 9
a 349 390 2
a 349 394 2
a 350 29 9
a 350 203 6
a 350 267 8
a 350 771 10
a 351 104 8
a 351 201 5
a 351 737 1
a 352 15 8
a 352 790 3
a 353 253 9
a 353 288 1
a 353 785 3
a 354 644 10
a 355 76 6
a 355 220 2
a 355 452 5
a 356 483 1
a 357 603 5
a 358 198 6
a 358 420 4
a 358 716 4
a 359 432 9
a 359 541 5
a 360 485 10
a 361 253 9
a 361 694 2
a 362 35 5
a 362 359 5
a 362 694 9
a 363 133 6
a 363 596 3
a 363 717 9
a 364 294 7
a 365 489 3
a 365 689 2
a 365 723 5
a 366 84 6
a 366 309 7
a 367 185 10
a 367 293 1
a 367 545 5
a 368 296 8
a 368 411 1
a 368 419 8
a 368 612 9
a 369 243 9
a 369 664 8
a 370 127 6
a 370 319 1
a 370 396 8
a 370 418 8
a 370 647 1
a 370 773 5
a 371 413 1
a 371 592 6
a 372 314 9
a 372 565 1
a 372 577 10
a 373 348 4
a 373 433 6
a 374 744 1
a 374 789 4
a 375 680 3
a 376 142 1
a 376 530 4
a 377 204 1
a 377 299 4
a 377 427 5
a 378 361 2
a 379 171 2
a 379 638 8
a 380 674 6
a 381 402 2
a 381 745 2
a 382 56 4
a 382 167 6
a 383 2 3
a 383 301 1
a 384 520 7
a 384 717 8
a 385 539 9
a 385 593 1
a 385 771 2
a 386 433 9
a 387 772 9
a 388 335 4
a 389 85 9
a 390 333 6
a 391 657 1
a 392 407 7
a 392 681 7
a 393 18 1
a 394 6 10
a 394 355 5
a 395 191 10
a 395 508 5
a 396 267 3
a 396 351 10
a 396 459 7
a 397 674 2
a 397 767 10
a 398 187 5
a 399 754 4
a 400 510 4
a 401 560 4
a 401 617 1
a 402 302 8
a 403 574 4
a 404 56 7
a 404 110 10
a 404 239 7
a 405 787 2
a 406 6 4
a 407 604 3
a 407 688 2
a 407 697 9
a 408 551 5
a 409 205 5
a 409 696 8
a 410 279 4
a 411 49 7
a 411 434 7
a 412 30 6
a 413 429 9
a 414 734 10
a 415 513 1
a 416 65 3
a 416 292 8
a 417 177 1
a 418 409 8
a 418 667 4
a 418 679 6
a 419 521 2
a 420 360 1
a 420 710 8
a 421 4 4
a 422 173 2
a 422 785 5
a 423 128 2
a 423 326 3
a 424 522 7
a 424 725 7
a 425 239 8
a 425 252 3
a 426 100 2
a 426 126 5
a 427 394 8
a 427 793 4
a 428 248 1
a 429 226 9
a 429 457 7
a 430 162 2
a 430 165 9
a 431 308 1
a 431 406 8
a 431 729 3
a 432 18 10
a 433 626 3
a 434 110 8
a 434 448 8
a 434 632 2
a 435 359 2
a 435 709 8
a 436 641 8
a 436 660 2
a 437 463 7
a 438 88 5
a 438 243 8
a 439 553 5
a 439 564 6
a 440 117 4
a 440 282 10
a 440 283 2
a 440 623 6
a 441 780 3
a 442 233 3
a 442 546 9
a 443 510 9
a 443 682 9
a 443 714 1
a 444 317 5
a 444 623 9
a 445 591 9
a 445 678 3
a 445 726 4
a 446 180 9
a 447 725 1
a 448 270 10
a 449 261 1
a 450 84 9
a 450 388 5
a 450 566 2
a 450 655 10
a 451 66 2
a 452 174 2
a 453 747 1
a 454 403 10
a 454 720 4
a 455 24 6
a 455 70 9
a 456 13 8
a 456 140 7
a 456 249 8
a 457 316 8
a 457 478 9
a 457 546 9
a 457 734 10
a 458 690 2
a 459 312 3
a 459 326 2
a 459 424 3
a 460 100 9
a 461 56 7
a 461 370 3
a 461 783 8
a 462 32 5
a 462 129 9
a 462 760 8
a 462 777 7
a 463 544 3
a 463 769 1
a 464 192 6
a 464 794 1
a 465 115 7
a 465 234 4
a 466 313 7
a 466 712 6
a 467 673 10
a 468 191 8
a 469 32 6
a 469 607 9
a 470 759 9
a 471 396 1
a 471 790 5
a 472 85 4
a 472 254 2
a 472 689 2
a 473 47 1
a 473 159 7
a 473 420 5
a 473 630 7
a 474 115 1
a 474 238 8
a 475 141 4
a 475 153 3
a 475 242 8
a 476 321 4
a 476 346 4
a 476 407 2
a 476 677 4
a 476 741 8
a 476 761 6
a 477 706 9
a 477 720 8
a 478 443 8
a 478 566 9
a 479 122 4
a 479 183 7
a 479 307 7
a 479 534 8
a 479 625 1
a 480 124 10
a 481 619 4
a 482 58 7
a 483 164 7
a 484 715 8
a 485 520 1
a 486 75 9
a 486 263 2
a 486 395 10
a 487 42 9
a 487 153 3
a 487 315 9
a 487 440 3
a 488 458 10
a 488 656 9
a 488 727 1
a 488 772 10
a 489 311 9
a 490 74 5
a 490 188 5
a 491 688 3
a 491 698 1
a 492 271 1
a 493 549 4
a 493 705 3
a 494 28 9
a 494 655 1
a 495 123 6
a 495 217 5
a 495 650 10
a 495 799 3
a 496 33 4
a 496 441 5
a 496 573 10
a 497 109 10
a 497 333 1
a 497 373 6
a 497 383 10
a 498 56 7
a 498 579 6
a 499 276 3
a 500 190 3
a 500 753 10
a 501 479 5
a 502 297 2
a 502 337 4
a 503 92 7
a 504 797 6
a 505 48 8
a 505 454 9
a 505 723 7
a 506 17 10
a 506 54 2
a 506 55 8
a 506 121 3
a 506 131 10
a 506 226 3
a 506 297 10
a 506 358 5
a 506 456 2
a 507 211 7
a 507 410 7
a 508 61 6
a 508 410 5
a 508 775 2
a 509 31 10
a 509 624 10
a 510 111 1
a 510 189 10
a 510 609 1
a 511 108 7
a 511 634 9
a 512 66 10
a 512 208 4
a 512 349 3
a 512 524 2
a 512 669 7
a 512 708 1
a 513 10 8
a 513 151 7
a 513 429 7
a 513 566 2
a 514 257 7
a 514 340 2
a 514 445 9
a 515 173 3
a 515 486 10
a 516 564 2
a 516 763 7
a 517 479 6
a 517 594 2
a 517 709 2
a 518 699 5
a 519 5 5
a 519 680 3
a 520 265 3
a 520 779 3
a 521 167 3
a 521 170 9
a 522 102 7
a 523 767 2
a 524 741 8
a 525 147 3
a 525 327 6
a 525 754 6
a 526 462 4
a 527 22 4
a 527 369 10
a 527 425 4
a 528 99 8
a 528 352 9
a 529 3 2
a 530 457 5
a 531 82 4
a 531 198 9
a 532 308 7
a 532 701 2
a 533 249 5
a 533 362 1
a 533 766 3
a 533 798 10
a 534 240 6
a 534 414 4
a 534 654 10
a 535 538 3
a 535 649 7
a 535 659 8
a 536 564 9
a 537 11 6
a 537 30 2
a 538 237 7
a 538 343 8
a 538 550 4
a 538 636 6
a 538 791 1
a 539 75 8
a 539 145 3
a 539 591 9
a 540 230 4
a 540 620 10
a 541 280 9
a 541 585 7
a 542 188 8
a 542 193 9
a 543 576 4
a 544 568 10
a 545 45 2
a 545 381 3
a 545 718 3
a 546 301 10
a 546 338 8
a 546 758 10
a 547 530 6
a 547 575 3
a 548 773 4
a 549 670 6
a 550 524 7
a 551 506 6
a 552 737 3
a 552 752 9
a 553 649 8
a 554 279 10
a 555 118 6
a 555 392 1
a 556 25 1
a 556 438 2
a 556 707 8
a 556 764 8
a 556 797 2
a 557 156 2
a 557 672 2
a 558 446 7
a 558 582 6
a 559 471 7
a 560 6 1
a 560 633 7
a 560 712 7
a 560 779 8
a 561 456 6
a 562 21 9
a 562 226 7
a 562 756 3
a 563 186 10
a 563 447 7
a 564 116 5
a 564 334 2
a 565 468 5
a 565 736 7
a 566 202 5
a 566 589 3
a 567 138 7
a 567 310 7
a 568 184 8
a 568 605 2
a 569 618 10
a 570 281 7
a 570 713 10
a 571 799 8
a 572 378 3
a 572 640 6
a 573 116 3
a 574 405 3
a 574 708 5
a 575 632 5
a 576 71 9
a 576 463 3
a 576 639 2
a 577 503 1
a 578 91 1
a 578 657 4
a 579 249 3
a 579 502 5
a 580 36 8
a 580 48 9
a 580 144 3
a 581 502 9
a 582 262 8
a 582 401 4
a 583 223 7
a 583 251 4
a 583 609 7
a 583 614 7
a 583 653 8
a 583 746 1
a 584 5 3
a 584 241 10
a 584 415 9
a 584 465 10
a 585 344 6
a 586 200 10
a 586 625 7
a 587 270 7
a 587 621 4
a 587 635 10
a 588 372 6
a 588 491 8
a 589 389 2
a 589 619 8
a 590 423 10
a 591 78 7
a 591 117 3
a 591 542 4
a 592 399 8
a 592 566 2
a 593 489 6
a 593 665 5
a 593 731 10
a 594 98 10
a 594 350 8
a 594 475 2
a 595 396 7
a 596 664 6
a 597 569 8
a 597 710 1
a 598 259 2
a 599 379 1
a 600 275 8
a 600 484 8
a 600 552 4
a 601 11 10
a 601 193 7
a 602 41 3
a 603 73 7
a 603 112 2
a 603 416 10
a 603 506 2
a 604 290 7
a 604 421 4
a 604 606 9
a 604 727 5
a 605 345 4
a 605 353 8
a 606 231 6
a 607 578 1
a 607 628 4
a 608 148 7
a 608 589 10
a 608 631 8
a 609 118 2
a 609 671 3
a 610 104 3
a 611 147 9
a 611 588 5
a 612 333 6
a 612 592 8
a 613 40 8
a 613 210 10
a 613 607 3
a 614 50 5
a 614 607 8
a 615 495 5
a 616 240 8
a 616 796 4
a 617 72 2
a 618 565 5
a 618 597 6
a 618 598 5
a 619 461 8
a 619 494 6
a 620 215 1
a 620 434 5
a 621 177 10
a 621 196 4
a 621 285 6
a 621 649 8
a 622 41 10
a 622 560 2
a 623 327 3
a 624 455 1
a 624 516 8
a 624 642 9
a 625 106 7
a 625 261 4
a 625 494 8
a 626 2 4
a 626 120 4
a 627 615 1
a 627 746 5
a 628 151 4
a 628 442 5
a 629 86 10
a 629 363 5
a 629 639 2
a 629 730 4
a 630 356 4
a 630 483 1
a 631 319 7
a 632 57 10
a 632 419 7
a 633 462 5
a 633 526 6
a 633 695 8
a 634 382 10
a 634 451 4
a 635 233 4
a 636 218 1
a 636 273 6
a 636 514 7
a 637 539 1
a 637 778 4
a 638 223 2
a 639 287 6
a 639 375 4
a 639 469 4
a 639 702 2
a 640 370 5
a 641 754 5
a 642 207 5
a 643 784 8
a 644 508 10
a 645 307 6
a 646 242 1
a 647 136 1
a 647 444 8
a 648 474 9
a 648 715 5
a 649 590 2
a 650 247 8
a 650 469 6
a 650 666 9
a 650 739 3
a 651 193 5
a 652 29 1
a 653 114 5
a 653 183 6
a 653 289 8
a 654 208 5
a 655 358 10
a 655 613 2
a 655 635 2
a 655 729 2
a 656 262 10
a 656 431 10
a 657 786 10
a 658 23 9
a 658 291 9
a 658 365 3
a 659 540 3
a 659 651 5
a 660 52 8
a 660 227 8
a 661 517 7
a 661 650 6
a 662 755 8
a 663 36 6
a 663 379 10
a 663 386 1
a 664 357 7
a 665 339 5
a 665 518 9
a 665 570 8
a 666 353 5
a 666 646 3
a 667 397 7
a 668 174 5
a 669 300 3
a 669 504 8
a 670 87 3
a 670 286 1
a 670 768 5
a 671 418 2
a 671 488 9
a 671 705 5
a 672 3 3
a 672 51 2
a 672 786 10
a 673 93 1
a 673 166 4
a 673 205 7
a 674 16 4
a 674 64 3
a 674 171 4
a 675 153 6
a 675 484 4
a 676 19 3
a 676 295 6
a 677 39 1
a 677 603 5
a 678 33 7
a 679 438 3
a 679 529 9
a 679 602 5
a 680 779 8
a 681 210 7
a 681 268 5
a 681 743 7
a 682 15 5
a 682 670 8
a 682 787 7
a 683 599 9
a 684 397 4
a 685 562 1
a 686 31 10
a 686 37 2
a 686 678 6
a 687 313 8
a 688 221 7
a 689 424 8
a 690 442 8
a 691 402 2
a 692 10 1
a 692 556 1
a 693 337 2
a 693 482 9
a 694 161 7
a 694 343 5
a 694 384 10
a 695 459 6
a 696 366 5
a 696 725 1
a 697 216 4
a 697 339 1
a 698 12 9
a 698 62 2
a 698 380 4
a 699 143 6
a 700 358 4
a 700 584 6
a 701 134 3
a 701 225 1
a 701 654 8
a 702 441 7
a 703 421 5
a 704 681 3
a 705 610 5
a 706 98 8
a 707 581 3
a 708 79 8
a 708 224 1
a 709 476 9
a 709 508 10
a 710 40 6
a 710 209 2
a 710 675 3
a 710 751 2
a 711 124 5
a 711 340 1
a 712 640 2
a 713 78 8
a 714 244 1
a 715 623 4
a 716 234 7
a 716 353 10
a 716 776 8
a 717 158 3
a 717 244 2
a 718 733 8
a 719 468 3
a 719 517 5
a 720 303 9
a 720 422 10
a 720 703 3
a 720 753 10
a 721 280 2
a 721 325 2
a 721 672 4
a 722 52 3
a 722 560 2
a 723 284 5
a 723 358 2
a 723 560 7
a 724 298 1
a 725 41 10
a 725 449 2
a 726 196 3
a 726 235 6
a 727 437 9
a 728 150 1
a 728 745 8
a 728 766 10
a 729 728 5
a 730 15 3
a 730 406 8
a 731 119 8
a 731 194 1
a 731 653 4
a 731 679 10
a 732 385 4
a 732 555 10
a 732 742 3
a 733 571 6
a 733 785 2
a 734 396 6
a 735 261 5
a 735 450 9
a 736 339 3
a 736 627 1
a 736 749 10
a 736 789 5
a 737 294 1
a 737 352 1
a 737 747 4
a 738 161 3
a 738 687 5
a 739 270 7
a 739 400 7
a 739 430 9
a 740 519 7
a 740 551 10
a 741 304 3
a 741 795 5
a 742 13 9
a 743 124 3
a 744 314 5
a 744 622 4
a 745 215 2
a 745 580 3
a 746 709 3
a 747 356 3
a 747 723 8
a 748 658 6
a 748 721 3
a 748 750 4
a 749 533 7
a 749 553 4
a 749 590 2
a 750 137 3
a 750 180 2
a 750 729 7
a 751 493 9
a 751 797 1
a 752 377 3
a 752 436 9
a 752 472 6
a 752 564 6
a 753 420 1
a 754 619 5
a 755 24 4
a 755 559 7
a 756 358 3
a 757 481 2
a 757 583 6
a 758 319 9
a 758 332 2
a 759 94 6
a 759 279 7
a 759 620 7
a 760 169 8
a 760 347 3
a 761 503 10
a 761 635 1
a 762 209 2
a 762 514 9
a 763 105 8
a 763 397 9
a 763 480 2
a 764 260 7
a 765 207 7
a 766 452 1
a 766 683 6
a 767 383 5
a 768 299 6
a 768 774 7
a 769 371 6
a 769 385 8
a 769 458 5
a 770 247 2
a 770 610 3
a 771 364 10
a 772 567 6
a 773 550 7
a 774 348 2
a 774 403 4
a 775 253 8
a 775 276 2
a 775 284 10
a 776 631 1
a 777 101 5
a 777 340 10
a 778 376 6
a 779 103 5
a 779 248 4
a 779 341 5
a 779 468 6
a 780 513 7
a 780 774 4
a 781 557 1
a 782 168 1
a 782 531 10
a 783 91 5
a 783 541 9
a 784 627 4
a 785 119 9
a 785 258 3
a 785 298 7
a 786 242 4
a 787 274 1
a 787 508 3
a 788 241 9
a 788 246 10
a 788 608 4
a 788 629 1
a 789 305 7
a 790 187 3
a 790 404 10
a 791 553 10
a 792 269 4
a 792 342 5
a 792 369 9
a 793 576 6
a 793 681 6
a 794 673 10
a 794 701 1
a 795 224 5
a 795 767 9
a 796 626 7
a 796 760 1
a 796 784 4
a 797 182 5
a 797 387 10
a 798 354 4
a 799 575 7
a 799 618 9
