p max 800 1600
n 1 s
n 800 t
a 1 34 5
a 1 272 5
a 1 364 7
a 2 445 10
a 3 426 9
a 3 639 9
a 4 241 7
a 4 596 6
a 5 497 4
a 6 70 6
a 7 113 1
a 7 450 4
a 7 457 2
a 8 67 6
a 8 455 8
a 8 604 1
a 9 233 5
a 10 153 5
a 10 288 2
a 11 613 2
a 12 589 2
a 13 715 5
a 14 754 5
a 15 111 5
a 15 294 8
a 16 195 2
a 16 255 10
a 16 736 8
a 17 52 7
a 17 275 6
a 18 276 4
a 18 675 8
a 19 100 10
a 19 185 10
a 20 295 10
a 20 671 3
a 20 733 3
a 21 102 6
a 22 131 10
a 22 137 2
a 22 726 9
a 23 93 6
a 23 116 5
a 23 575 6
a 23 779 6
a 24 83 2
a 24 631 5
a 24 763 10
a 25 342 5
a 25 399 7
a 25 519 5
a 26 519 9
a 27 322 3
a 28 230 7
a 28 649 2
a 29 573 4
a 29 717 7
a 30 68 7
a 30 78 4
a 30 443 2
a 30 760 9
a 31 700 3
a 32 113 9
a 32 136 2
a 33 53 10
a 33 405 4
a 34 375 6
a 35 42 7
a 35 343 8
a 35 469 5
a 35 556 8
a 36 285 4
a 36 585 2
a 37 66 3
a 37 298 2
a 37 416 9
a 37 470 5
a 37 588 6
a 38 262 3
a 39 3 9
a 39 368 7
a 40 20 5
a 40 421 5
a 41 370 1
a 41 471 6
a 42 506 10
a 42 787 7
a 43 62 4
a 43 265 6
a 43 522 1
a 44 579 9
a 45 441 3
a 45 509 6
a 45 648 2
a 46 431 6
a 46 531 9
a 47 332 1
a 47 464 2
a 47 676 10
a 48 46 9
a 48 526 8
a 48 610 8
a 49 331 3
a 50 693 2
a 51 118 8
a 51 236 7
a 51 778 5
a 52 106 6
a 52 183 8
a 52 567 6
a 53 265 3
a 54 611 2
a 55 64 8
a 55 715 6
a 56 140 10
a 56 188 8
a 57 293 7
a 58 256 7
a 58 738 9
a 59 223 8
a 59 226 5
a 59 304 2
a 60 290 3
a 60 657 7
a 61 193 7
a 62 344 6
a 62 570 6
a 63 34 6
a 63 790 5
a 64 405 1
a 64 690 8
a 65 165 5
a 65 302 10
a 66 172 5
a 66 436 4
a 66 643 8
a 67 752 9
a 68 388 1
a 69 193 10
a 69 636 2
a 70 282 8
a 70 283 6
a 70 657 5
a 71 462 10
a 71 510 6
a 72 180 9
a 72 366 9
a 72 762 3
a 73 797 8
a 74 361 9
a 74 383 3
a 74 524 5
a 75 52 3
a 76 144 3
a 76 466 10
a 76 601 1
a 77 358 3
a 78 127 6
a 78 754 4
a 79 578 8
a 80 604 9
a 81 310 7
a 81 635 7
a 81 709 9
a 82 749 5
a 83 635 5
a 84 488 3
a 84 777 6
a 85 128 9
a 85 414 4
a 86 49 1
a 86 386 4
a 87 36 1
a 87 234 10
a 88 527 7
a 89 399 6
a 89 761 7
a 90 184 8
a 90 231 1
a 91 119 6
a 91 243 1
a 92 3 9
a 93 348 10
a 93 454 7
a 93 680 3
a 94 592 10
a 95 108 4
a 96 74 5
a 96 430 4
a 96 444 3
a 97 428 10
a 98 775 7
a 99 320 4
a 99 420 5
a 100 448 8
a 100 591 9
a 101 317 2
a 101 511 7
a 101 765 1
a 102 98 9
a 102 138 2
a 103 392 9
a 103 638 4
a 104 324 2
a 105 129 2
a 105 162 1
a 105 228 7
a 106 12 10
a 106 180 2
a 107 374 8
a 108 110 6
a 108 126 4
a 108 315 9
a 108 394 7
a 109 747 6
a 110 756 2
a 111 187 7
a 111 402 9
a 112 21 6
a 112 155 2
a 112 408 3
a 113 775 7
a 114 460 1
a 114 503 1
a 114 562 1
a 114 693 10
a 115 50 1
a 116 118 1
a 116 611 6
a 116 645 5
a 117 151 2
a 117 445 7
a 117 776 6
a 118 32 6
a 118 66 3
a 118 715 4
a 119 689 9
a 120 308 4
a 120 316 1
a 121 73 9
a 121 174 2
a 121 353 6
a 121 710 6
a 122 495 5
a 123 69 10
a 124 419 5
a 124 482 1
a 124 774 8
a 125 395 4
a 126 571 10
a 126 721 10
a 127 383 5
a 128 442 4
a 128 660 5
a 129 19 6
a 130 142 9
a 131 219 4
a 132 89 3
a 132 537 4
a 133 94 2
a 133 427 2
a 133 528 8
a 134 165 10
a 135 561 3
a 136 9 1
a 136 195 4
a 136 513 10
a 136 621 1
a 137 123 10
a 137 203 2
a 137 607 7
a 138 210 7
a 139 4 6
a 139 131 5
a 140 402 1
a 141 132 6
a 141 545 9
a 141 554 9
a 142 455 8
a 143 221 3
a 143 239 2
a 144 480 6
a 144 614 6
a 145 764 8
a 146 189 3
a 147 547 6
a 147 673 1
a 148 585 6
a 149 367 4
a 149 557 9
a 150 738 10
a 151 63 2
a 151 339 3
a 151 571 1
a 151 712 7
a 152 43 3
a 152 407 5
a 153 447 7
a 153 598 8
a 153 641 5
a 153 708 8
a 154 660 6
a 155 122 9
a 155 185 6
a 155 644 3
a 156 21 7
a 156 267 5
a 157 69 2
a 158 112 5
a 158 783 7
a 159 331 4
a 159 622 4
a 159 724 7
a 160 633 1
a 160 781 4
a 161 373 2
a 161 439 7
a 162 7 10
a 162 355 6
a 162 358 7
a 162 466 4
a 163 2 5
a 163 225 4
a 163 267 3
a 164 314 6
a 164 556 9
a 165 170 8
a 165 423 8
a 166 527 7
a 166 774 8
a 167 452 4
a 167 739 4
a 168 549 8
a 169 250 2
a 169 530 2
a 170 528 4
a 171 52 5
a 172 55 5
a 172 56 9
a 173 627 2
a 174 149 3
a 174 448 5
a 174 615 3
a 175 225 8
a 175 248 5
a 176 62 4
a 176 228 5
a 177 447 4
a 177 617 7
a 178 54 10
a 178 276 6
a 178 534 4
a 178 664 9
a 179 79 3
a 180 48 3
a 181 190 4
a 182 347 7
a 182 452 2
a 183 540 9
a 184 206 9
a 184 417 8
a 185 135 8
a 185 363 7
a 185 525 2
a 186 373 3
a 187 255 1
a 187 346 8
a 188 286 3
a 188 389 3
a 188 581 8
a 189 323 4
a 189 753 6
a 190 176 4
a 190 767 6
a 191 451 7
a 191 667 2
a 192 745 10
a 193 105 3
a 193 271 3
a 194 74 2
a 194 702 5
a 195 220 7
a 195 337 8
a 196 472 5
a 196 538 1
a 197 2 10
a 197 91 5
a 197 92 9
a 197 387 5
a 197 639 8
a 198 88 8
a 198 145 7
a 198 243 2
a 198 558 4
a 199 67 3
a 199 780 4
a 200 87 10
a 200 591 10
a 201 156 7
a 201 253 1
a 201 537 8
a 202 101 10
a 202 232 5
a 202 260 4
a 202 779 6
a 203 219 9
a 203 242 9
a 204 43 6
a 204 70 10
a 205 724 9
a 206 48 6
a 207 22 4
a 207 32 8
a 208 257 8
a 208 334 1
a 209 317 5
a 210 443 4
a 211 191 3
a 211 300 10
a 211 309 4
a 211 571 4
a 212 411 8
a 213 10 5
a 214 81 10
a 214 656 7
a 215 564 9
a 215 729 8
a 216 214 6
a 216 390 3
a 217 392 3
a 217 644 3
a 218 511 1
a 219 152 4
a 220 520 3
a 220 620 4
a 221 191 6
a 221 630 8
a 221 749 3
a 222 217 5
a 223 130 4
a 223 504 2
a 224 14 4
a 224 743 10
a 225 458 8
a 225 745 10
a 225 796 1
a 226 274 5
a 226 756 8
a 227 668 4
a 228 214 4
a 228 397 9
a 228 532 8
a 229 209 3
a 230 471 9
a 231 547 3
a 231 613 2
a 231 771 5
a 232 503 2
a 233 449 6
a 233 529 2
a 233 648 3
a 234 8 10
a 234 18 4
a 234 601 8
a 235 91 4
a 235 148 1
a 236 709 1
a 237 391 3
a 237 667 3
a 238 119 2
a 239 62 1
a 239 99 3
a 240 110 9
a 241 317 8
a 242 473 8
a 242 475 9
a 242 730 9
a 243 327 8
a 244 30 4
a 244 577 5
a 245 700 4
a 245 779 4
a 246 51 2
a 246 274 10
a 246 313 9
a 246 641 10
a 247 598 8
a 247 787 1
a 247 796 1
a 248 400 1
a 249 740 2
a 250 237 8
a 250 711 2
a 251 216 6
a 251 293 4
a 251 294 3
a 252 201 7
a 253 26 5
a 253 120 3
a 254 20 7
a 254 528 6
a 255 166 2
a 255 623 9
a 256 79 4
a 256 116 2
a 256 201 2
a 257 60 7
a 257 328 9
a 257 433 9
a 258 321 8
a 258 397 1
a 258 403 2
a 259 188 8
a 259 329 2
a 259 347 6
a 260 600 8
a 261 627 3
a 262 662 8
a 263 445 10
a 263 735 7
a 264 253 1
a 264 662 3
a 265 370 6
a 265 631 1
a 265 762 8
a 266 189 10
a 267 143 1
a 267 341 6
a 267 622 10
a 268 422 2
a 269 52 8
a 269 391 3
a 269 447 6
a 270 584 2
a 271 93 2
a 272 198 9
a 273 51 7
a 274 726 1
a 275 213 5
a 276 689 2
a 277 190 4
a 277 292 2
a 277 651 3
a 277 718 6
a 278 176 7
a 278 275 1
a 278 303 10
a 279 314 5
a 279 504 10
a 280 68 3
a 280 572 2
a 281 372 4
a 281 773 6
a 282 607 2
a 283 280 7
a 283 698 3
a 284 16 1
a 285 135 4
a 286 334 8
a 286 363 8
a 286 432 10
a 286 499 2
a 286 597 3
a 287 19 7
a 287 752 3
a 288 538 7
a 289 45 10
a 289 335 6
a 290 182 8
a 290 501 8
a 290 591 10
a 290 697 1
a 291 238 4
a 291 281 2
a 291 800 3
a 292 648 4
a 293 157 1
a 293 357 7
a 293 493 2
a 294 479 1
a 295 239 2
a 295 534 5
a 296 338 9
a 296 359 6
a 296 629 6
a 296 631 1
a 296 637 8
a 296 701 9
a 297 96 2
a 297 153 5
a 297 456 1
a 298 131 6
a 299 335 1
a 300 277 10
a 300 797 8
a 301 471 9
a 301 544 3
a 302 709 10
a 303 245 4
a 303 746 9
a 304 122 8
a 304 327 6
a 305 346 8
a 305 394 5
a 306 12 5
a 306 485 10
a 306 714 7
a 307 571 2
a 308 36 5
a 308 44 2
a 308 164 5
a 308 195 8
a 308 299 5
a 308 375 5
a 309 35 10
a 309 622 5
a 310 53 9
a 310 766 9
a 311 23 4
a 311 554 10
a 312 318 8
a 312 322 5
a 312 680 7
a 313 424 6
a 314 618 6
a 314 643 8
a 315 369 2
a 315 590 1
a 316 72 1
a 316 154 10
a 317 772 10
a 318 291 2
a 319 47 10
a 319 303 9
a 320 309 3
a 321 105 10
a 321 729 9
a 322 401 8
a 322 516 10
a 323 359 4
a 323 602 10
a 324 262 1
a 324 550 5
a 324 759 3
a 325 197 5
a 326 602 10
a 326 744 5
a 326 781 1
a 327 112 2
a 327 367 7
a 327 484 10
a 328 67 7
a 329 358 2
a 330 337 5
a 331 104 7
a 332 15 1
a 332 27 8
a 332 227 3
a 333 205 8
a 333 436 1
a 334 374 8
a 334 619 10
a 335 617 1
a 335 728 4
a 336 262 10
a 336 297 8
a 336 374 8
a 337 47 7
a 337 383 9
a 338 377 10
a 338 691 10
a 338 720 9
a 339 89 8
a 339 240 5
a 339 268 7
a 339 520 4
a 340 210 2
a 341 113 6
a 341 141 8
a 341 438 1
a 342 233 1
a 342 270 5
a 343 313 3
a 344 658 8
a 345 706 8
a 346 168 2
a 346 570 2
a 347 354 10
a 348 134 3
a 349 65 7
a 349 422 4
a 349 460 4
a 349 688 6
a 350 312 4
a 350 527 6
a 351 713 6
a 352 230 2
a 353 69 3
a 353 108 9
a 353 269 8
a 353 757 7
a 354 736 5
a 355 107 3
a 355 194 1
a 355 230 3
a 355 755 2
a 356 278 10
a 356 495 8
a 357 74 5
a 357 734 3
a 358 206 5
a 359 262 3
a 359 480 3
a 359 665 9
a 360 125 10
a 360 531 4
a 360 720 4
a 361 187 7
a 361 706 7
a 362 389 7
a 362 693 1
a 363 199 4
a 363 300 2
a 363 465 10
a 364 381 2
a 365 301 10
a 365 398 7
a 366 211 10
a 367 62 9
a 367 577 9
a 368 227 6
a 369 157 7
a 369 345 2
a 369 583 10
a 370 440 10
a 370 634 5
a 370 695 6
a 371 239 4
a 371 415 1
a 372 287 2
a 372 396 7
a 373 299 8
a 374 227 2
a 375 559 8
a 376 273 4
a 376 512 7
a 376 672 10
a 376 776 3
a 377 201 5
a 377 366 1
a 377 434 3
a 378 131 3
a 378 571 4
a 379 571 3
a 380 477 9
a 380 631 1
a 380 668 10
a 380 782 8
a 381 289 9
a 381 666 5
a 382 7 7
a 382 171 9
a 382 565 3
a 382 784 7
a 383 324 3
a 383 788 5
a 384 725 1
a 385 209 3
a 385 774 7
a 386 233 7
a 386 788 2
a 387 123 9
a 387 332 4
a 388 27 9
a 388 224 9
a 389 49 7
a 389 156 3
a 389 291 10
a 390 544 7
a 390 678 2
a 391 58 2
a 391 676 3
a 392 326 8
a 392 569 1
a 393 510 10
a 394 66 1
a 394 391 1
a 394 596 10
a 395 565 1
a 396 186 2
a 396 708 2
a 396 797 8
a 397 50 3
a 397 275 9
a 398 157 5
a 398 659 4
a 399 294 9
a 399 640 9
a 400 14 8
a 400 522 10
a 401 28 10
a 401 336 4
a 401 661 3
a 402 75 6
a 402 182 1
a 403 615 8
a 404 411 3
a 404 704 2
a 405 24 3
a 406 10 5
a 407 444 2
a 408 131 1
a 408 483 1
a 409 328 3
a 409 432 10
a 410 37 1
a 411 553 6
a 411 732 9
a 412 277 9
a 412 682 10
a 413 102 8
a 413 620 8
a 413 792 8
a 414 684 6
a 415 122 6
a 416 78 5
a 416 207 8
a 416 417 4
a 417 278 6
a 417 463 8
a 418 566 3
a 418 655 7
a 419 47 4
a 419 214 1
a 419 748 1
a 419 784 10
a 420 781 9
a 421 73 4
a 421 183 10
a 422 790 5
a 423 40 4
a 423 56 5
a 423 211 1
a 423 381 2
a 423 593 7
a 423 765 7
a 424 515 2
a 425 561 2
a 425 658 6
a 425 669 8
a 426 60 2
a 427 616 7
a 428 47 10
a 429 712 4
a 430 212 10
a 431 735 4
a 432 181 4
a 432 770 5
a 433 179 9
a 433 605 7
a 434 725 9
a 435 262 6
a 436 18 1
a 437 209 2
a 437 508 7
a 438 24 8
a 438 741 6
a 439 263 8
a 439 722 10
a 440 656 4
a 441 117 7
a 441 481 10
a 441 539 5
a 441 628 6
a 442 376 2
a 442 681 1
a 443 382 4
a 444 476 1
a 444 489 10
a 445 108 2
a 445 522 9
a 446 579 8
a 447 85 10
a 448 212 9
a 448 756 8
a 449 332 6
a 449 399 6
a 450 178 2
a 450 540 5
a 451 398 8
a 452 697 2
a 453 78 1
a 453 167 8
a 454 698 6
a 455 385 6
a 455 570 6
a 456 29 10
a 456 514 10
a 457 416 9
a 457 578 6
a 457 734 10
a 458 670 3
a 458 738 10
a 459 383 10
a 459 764 2
a 460 3 4
a 460 19 8
a 460 45 4
a 461 19 10
a 461 551 8
a 462 157 5
a 463 663 4
a 464 133 9
a 464 196 1
a 464 369 10
a 464 749 3
a 465 190 2
a 466 103 4
a 467 161 10
a 467 193 4
a 468 582 6
a 468 702 4
a 468 769 5
a 469 608 5
a 469 629 8
a 470 751 5
a 471 311 6
a 471 416 1
a 471 788 7
a 472 186 2
a 473 4 6
a 473 679 8
a 474 160 3
a 475 128 7
a 476 228 5
a 476 533 3
a 477 406 4
a 477 442 8
a 478 76 10
a 478 334 6
a 479 175 7
a 479 482 5
a 479 798 3
a 480 259 8
a 480 552 7
a 481 79 7
a 481 775 8
a 482 284 6
a 482 518 10
a 483 313 7
a 484 312 10
a 484 588 2
a 485 13 5
a 485 554 1
a 486 80 3
a 486 333 2
a 486 382 8
a 486 479 3
a 487 435 6
a 487 792 6
a 488 251 6
a 488 678 1
a 489 11 10
a 489 147 8
a 489 150 1
a 489 587 1
a 490 477 1
a 491 85 8
a 492 29 4
a 492 86 6
a 492 330 6
a 493 706 7
a 494 208 4
a 494 710 10
a 494 731 2
a 495 698 2
a 495 774 4
a 496 599 4
a 497 84 6
a 497 304 2
a 498 278 10
a 498 677 3
a 499 535 7
a 500 306 5
a 500 596 3
a 501 13 1
a 501 707 7
a 502 160 7
a 503 167 6
a 503 197 9
a 503 773 5
a 504 397 10
a 504 613 10
a 505 198 2
a 505 371 5
a 506 490 10
a 506 559 9
a 506 641 6
a 507 579 6
a 507 666 3
a 508 551 4
a 509 402 9
a 510 533 8
a 511 97 1
a 511 604 9
a 512 137 7
a 513 573 9
a 513 592 2
a 514 320 9
a 514 325 7
a 515 171 10
a 516 210 6
a 516 268 1
a 517 254 4
a 518 55 1
a 518 747 4
a 519 420 5
a 520 5 8
a 520 277 4
a 520 478 1
a 521 118 10
a 521 139 10
a 522 13 4
a 522 376 6
a 523 436 3
a 523 538 2
a 524 423 2
a 525 368 10
a 525 515 10
a 526 329 9
a 526 467 1
a 526 713 2
a 527 17 10
a 527 507 5
a 527 549 3
a 527 589 10
a 528 363 3
a 529 621 8
a 529 670 4
a 529 714 6
a 529 800 10
a 530 88 7
a 530 729 6
a 530 746 1
a 531 88 7
a 531 222 4
a 532 589 6
a 533 67 8
a 533 536 6
a 533 603 3
a 533 612 9
a 534 182 5
a 534 453 7
a 534 625 8
a 535 141 7
a 535 166 3
a 536 226 3
a 536 365 5
a 536 682 1
a 537 365 3
a 537 778 7
a 538 152 10
a 538 231 8
a 538 483 9
a 538 546 9
a 539 269 7
a 539 523 8
a 540 104 6
a 540 448 6
a 540 474 3
a 541 258 10
a 541 472 3
a 542 309 3
a 542 574 5
a 543 421 5
a 543 647 6
a 544 25 4
a 545 683 9
a 545 749 9
a 546 121 10
a 547 124 4
a 547 402 3
a 548 215 5
a 549 164 10
a 550 54 3
a 550 376 8
a 551 86 6
a 551 785 1
a 552 356 2
a 552 417 10
a 552 770 9
a 553 97 4
a 554 91 7
a 554 331 8
a 554 684 9
a 555 158 4
a 555 316 7
a 555 380 5
a 555 406 2
a 556 109 10
a 556 702 3
a 557 321 4
a 558 143 10
a 558 395 10
a 558 402 9
a 558 413 10
a 559 215 5
a 560 4 7
a 561 579 10
a 561 786 10
a 562 170 2
a 562 407 4
a 562 627 10
a 562 768 4
a 563 397 9
a 564 227 4
a 564 454 3
a 565 19 2
a 565 695 4
a 566 490 4
a 567 122 4
a 567 732 6
a 568 444 6
a 569 3 5
a 569 240 6
a 569 384 7
a 570 39 8
a 570 99 2
a 570 635 5
a 570 689 4
a 571 45 3
a 571 654 10
a 572 699 6
a 572 741 3
a 573 784 9
a 574 48 4
a 574 461 3
a 574 477 2
a 574 646 9
a 575 603 5
a 576 184 8
a 576 349 4
a 576 510 5
a 577 173 6
a 577 751 9
a 578 56 1
a 578 491 9
a 579 463 7
a 580 255 3
a 581 621 3
a 582 25 8
a 582 568 3
a 582 599 8
a 583 22 5
a 584 100 1
a 584 517 4
a 584 600 7
a 584 687 8
a 585 104 10
a 585 429 5
a 585 677 10
a 586 440 7
a 587 299 9
a 588 451 5
a 588 463 4
a 589 138 9
a 589 427 5
a 589 580 8
a 589 785 3
a 590 274 7
a 591 37 2
a 591 209 5
a 591 340 10
a 592 360 7
a 593 61 9
a 593 704 10
a 594 365 3
a 594 542 5
a 595 46 3
a 595 216 5
a 595 674 3
a 595 730 6
a 596 486 6
a 596 676 6
a 596 742 7
a 597 205 9
a 597 576 9
a 597 777 7
a 598 95 6
a 598 327 9
a 599 468 4
a 599 472 7
a 600 219 5
a 600 487 6
a 600 505 5
a 601 117 10
a 601 496 8
a 601 604 6
a 602 207 8
a 602 217 6
a 602 650 4
a 603 521 10
a 603 624 7
a 603 698 6
a 604 272 2
a 604 425 8
a 605 233 7
a 605 584 7
a 605 719 4
a 606 76 4
a 607 43 5
a 607 243 7
a 608 4 4
a 609 610 2
a 609 727 6
a 610 327 2
a 610 379 5
a 610 437 2
a 611 24 9
a 611 316 5
a 611 703 1
a 612 637 4
a 613 58 9
a 614 318 6
a 614 353 6
a 615 331 8
a 616 71 2
a 616 669 4
a 617 750 9
a 618 692 8
a 619 166 7
a 619 295 9
a 620 354 6
a 620 584 4
a 620 681 9
a 621 165 5
a 621 452 4
a 622 9 7
a 622 10 2
a 622 59 6
a 622 160 6
a 623 310 6
a 623 653 10
a 623 663 2
a 624 121 3
a 624 284 6
a 625 81 10
a 625 115 9
a 625 685 1
a 626 66 5
a 626 247 3
a 626 751 3
a 627 112 4
a 627 187 2
a 627 710 8
a 627 750 6
a 628 122 9
a 628 376 10
a 629 590 9
a 630 55 6
a 630 548 10
a 631 76 9
a 632 565 6
a 633 296 5
a 633 647 8
a 634 134 6
a 634 142 9
a 634 346 5
a 635 350 1
a 635 668 3
a 635 704 9
a 636 86 1
a 636 568 2
a 636 692 7
a 637 304 1
a 638 439 7
a 638 448 7
a 639 14 1
a 639 57 10
a 639 653 2
a 640 594 2
a 640 784 6
a 641 314 7
a 641 433 9
a 642 527 4
a 643 512 4
a 644 88 8
a 644 204 3
a 645 302 10
a 646 794 4
a 647 9 8
a 647 428 2
a 648 203 8
a 648 789 5
a 649 506 5
a 649 655 2
a 649 740 4
a 650 654 7
a 651 104 9
a 651 722 9
a 652 578 6
a 653 791 1
a 654 60 5
a 654 83 2
a 654 240 3
a 655 473 8
a 655 661 2
a 656 92 6
a 657 731 2
a 658 350 3
a 658 502 4
a 658 616 9
a 658 753 4
a 659 135 4
a 660 82 2
a 660 742 4
a 660 745 5
a 661 62 1
a 661 516 7
a 662 67 9
a 662 793 10
a 663 228 8
a 664 48 7
a 665 261 8
a 665 648 9
a 666 49 4
a 666 560 6
a 666 632 6
a 667 177 5
a 667 285 4
a 667 763 1
a 668 285 1
a 668 308 7
a 669 131 1
a 669 218 9
a 669 282 5
a 669 446 7
a 670 41 8
a 670 265 7
a 670 772 9
a 671 204 10
a 672 160 6
a 673 418 6
a 673 658 5
a 673 694 7
a 674 322 9
a 674 587 5
a 674 605 1
a 675 192 2
a 675 254 1
a 675 345 9
a 676 244 4
a 676 459 3
a 677 408 4
a 678 409 7
a 678 516 9
a 678 794 5
a 679 652 9
a 679 794 6
a 679 795 1
a 680 238 2
a 681 764 5
a 682 291 8
a 682 326 1
a 682 791 9
a 683 575 8
a 684 170 6
a 684 242 7
a 685 609 7
a 685 632 8
a 685 705 9
a 686 39 1
a 686 725 9
a 687 48 4
a 687 723 4
a 688 161 8
a 688 229 1
a 688 410 5
a 689 292 5
a 689 357 5
a 689 592 10
a 690 63 9
a 690 555 10
a 690 561 1
a 691 314 3
a 692 77 1
a 692 250 8
a 693 199 9
a 694 794 4
a 695 159 6
a 695 284 4
a 695 720 9
a 696 273 8
a 696 396 2
a 696 586 6
a 697 90 4
a 697 108 7
a 697 279 1
a 697 776 10
a 698 169 8
a 698 623 6
a 699 344 9
a 699 716 2
a 700 68 3
a 701 141 6
a 701 498 2
a 701 666 1
a 702 420 10
a 703 187 7
a 703 387 2
a 703 492 6
a 704 165 2
a 705 229 1
a 705 535 6
a 706 266 8
a 707 352 9
a 708 16 8
a 708 494 9
a 708 587 2
a 709 264 9
a 709 478 6
a 710 722 9
a 711 177 3
a 711 254 10
a 712 33 2
a 712 140 6
a 712 713 10
a 713 163 5
a 713 250 4
a 713 319 10
a 713 388 7
a 713 567 4
a 714 114 3
a 714 259 6
a 714 741 7
a 715 338 2
a 715 393 10
a 716 15 7
a 716 272 4
a 717 404 10
a 717 449 5
a 717 548 4
a 717 795 7
a 718 449 2
a 719 103 1
a 719 626 1
a 719 631 8
a 720 305 4
a 720 613 7
a 720 800 3
a 721 189 7
a 721 252 5
a 721 530 9
a 721 541 1
a 722 55 9
a 723 401 6
a 724 275 4
a 724 737 7
a 725 31 9
a 725 751 7
a 726 782 10
a 727 606 7
a 727 783 3
a 728 563 9
a 728 746 2
a 728 798 7
a 729 128 6
a 729 400 4
a 730 231 2
a 731 209 6
a 732 596 2
a 732 785 6
a 733 21 8
a 734 420 8
a 734 603 8
a 734 649 8
a 735 197 6
a 736 303 9
a 737 607 3
a 737 642 5
a 737 758 3
a 738 85 8
a 738 170 4
a 738 382 8
a 738 720 2
a 739 121 1
a 739 154 8
a 739 500 3
a 740 200 8
a 740 370 2
a 741 6 10
a 741 773 6
a 742 543 1
a 742 556 9
a 743 126 2
a 744 352 1
a 744 424 9
a 744 500 8
a 745 518 10
a 746 12 3
a 746 266 4
a 747 388 6
a 748 297 1
a 748 362 5
a 749 68 10
a 749 289 4
a 750 668 8
a 751 674 6
a 752 68 4
a 752 220 9
a 753 191 2
a 754 120 8
a 754 766 6
a 755 3 7
a 755 307 2
a 756 235 8
a 756 374 2
a 757 83 2
a 758 128 9
a 758 168 7
a 758 459 8
a 759 120 10
a 759 551 8
a 759 679 8
a 759 703 10
a 760 351 7
a 760 798 10
a 761 86 10
a 762 121 4
a 763 439 2
a 764 274 2
a 765 722 2
a 766 248 3
a 767 159 7
a 768 219 5
a 768 711 1
a 768 770 1
a 769 360 9
a 769 413 4
a 769 460 2
a 769 667 2
a 769 696 9
a 770 456 1
a 771 249 2
a 771 497 8
a 771 570 5
a 771 618 1
a 771 734 8
a 772 35 5
a 773 710 2
a 774 249 4
a 774 652 2
a 775 17 1
a 775 202 1
a 775 567 3
a 776 118 10
a 776 371 5
a 776 489 7
a 777 146 3
a 777 737 7
a 778 294 3
a 778 697 4
a 778 741 7
a 779 595 3
a 779 626 9
a 780 70 9
a 780 215 10
a 780 378 2
a 781 785 9
a 782 705 3
a 783 187 10
a 784 153 3
a 784 330 10
a 784 540 4
a 784 685 7
a 784 754 2
a 785 246 2
a 785 633 2
a 785 799 1
a 786 450 4
a 787 795 10
a 788 152 2
a 788 398 9
a 789 87 9
a 790 529 1
a 790 780 3
a 791 27 8
a 792 156 10
a 793 132 4
a 793 213 5
a 794 223 1
a 795 323 1
a 796 412 7
a 796 587 5
a 797 388 2
a 797 636 10
a 798 686 8
a 798 786 2
a 799 38 10
a 799 720 8
