p max 800 1600
n 1 s
n 800 t
a 1 696 7
a 2 529 7
a 3 321 8
a 3 322 10
a 4 198 10
a 4 308 10
a 4 671 4
a 5 195 9
a 5 329 6
a 6 578 1
a 7 578 3
a 8 562 10
a 9 39 5
a 10 679 4
a 10 779 4
a 11 105 1
a 12 305 1
a 12 384 6
a 12 556 7
a 12 693 1
a 13 134 1
a 13 263 10
a 13 404 10
a 13 717 3
a 14 31 4
a 14 122 6
a 15 135 4
a 15 208 4
a 15 496 5
a 15 594 10
a 15 736 8
a 15 751 2
a 16 66 6
a 17 166 2
a 17 402 7
a 17 642 4
a 18 320 4
a 19 257 10
a 20 206 6
a 21 218 7
a 22 510 9
a 23 501 3
a 24 58 2
a 24 613 4
a 25 351 9
a 25 531 5
a 26 53 10
a 26 159 2
a 26 224 2
a 27 130 3
a 28 337 9
a 29 216 7
a 30 123 7
a 30 162 1
a 30 248 4
a 30 427 4
a 31 628 9
a 32 536 2
a 32 547 9
a 32 631 5
a 32 686 6
a 33 376 2
a 33 391 7
a 33 526 1
a 33 781 7
a 34 190 4
a 35 259 7
a 35 632 1
a 35 702 4
a 36 531 1
a 36 550 2
a 37 172 5
a 38 27 5
a 38 741 2
a 39 307 6
a 40 327 9
a 40 336 10
a 41 240 8
a 42 104 4
a 43 89 9
a 43 495 10
a 43 580 9
a 44 299 6
a 45 781 6
a 46 564 5
a 47 428 2
a 47 735 8
a 48 364 10
a 49 359 2
a 49 428 4
a 49 629 7
a 49 744 2
a 50 350 10
a 50 772 4
a 51 353 5
a 52 50 3
a 53 112 10
a 53 704 3
a 54 574 3
a 55 769 5
a 56 596 2
a 57 262 10
a 57 471 1
a 58 332 1
a 58 799 7
a 59 204 4
a 59 222 10
a 60 460 9
a 61 561 4
a 62 12 7
a 62 263 4
a 63 768 7
a 64 238 7
a 64 281 7
a 64 791 10
a 65 463 5
a 65 605 8
a 66 379 7
a 66 624 5
a 66 680 2
a 66 768 1
a 67 786 10
a 68 425 8
a 68 687 3
a 69 34 7
a 69 56 2
a 69 497 10
a 70 437 8
a 70 778 10
a 71 526 3
a 72 14 1
a 72 338 7
a 73 244 8
a 73 251 6
a 74 333 8
a 74 348 7
a 74 383 5
a 74 415 5
a 74 695 9
a 75 598 8
a 75 650 2
a 76 474 5
a 76 580 6
a 77 651 7
a 78 228 1
a 79 130 8
a 80 195 6
a 80 590 7
a 81 121 2
a 81 543 1
a 82 144 1
a 82 175 2
a 82 324 3
a 82 527 5
a 82 664 3
a 83 495 7
a 83 542 2
a 83 681 6
a 84 173 7
a 84 759 6
a 85 146 7
a 85 394 4
a 86 375 3
a 86 498 1
a 87 18 7
a 88 129 5
a 89 268 3
a 89 347 2
a 90 8 5
a 90 160 8
a 91 591 5
a 92 762 9
a 93 590 4
a 94 261 4
a 95 518 1
a 95 542 8
a 96 113 4
a 96 226 4
a 96 335 4
a 97 760 5
a 98 195 7
a 98 481 8
a 99 289 9
a 99 514 6
a 100 42 10
a 100 373 8
a 101 234 3
a 102 558 1
a 102 645 8
a 103 116 7
a 103 504 6
a 104 220 5
a 104 417 2
a 104 727 10
a 105 370 9
a 106 607 10
a 107 586 8
a 107 756 8
a 108 637 3
a 109 54 9
a 110 546 5
a 110 611 4
a 110 716 2
a 111 226 9
a 112 760 5
a 113 448 3
a 114 110 6
a 114 242 1
a 114 355 4
a 115 330 6
a 116 608 9
a 117 625 4
a 117 626 6
a 118 130 5
a 118 410 7
a 118 660 7
a 118 710 9
a 118 754 10
a 119 179 10
a 119 578 10
a 120 522 3
a 120 537 1
a 120 548 6
a 121 630 2
a 122 216 8
a 122 721 8
a 123 10 3
a 123 249 2
a 124 112 10
a 124 479 2
a 125 473 1
a 125 515 10
a 126 60 7
a 126 310 5
a 126 460 8
a 126 579 8
a 127 603 2
a 127 663 5
a 128 341 5
a 128 346 8
a 129 23 3
a 129 235 3
a 129 296 5
a 129 438 3
a 129 602 5
a 130 393 9
a 130 748 3
a 131 404 10
a 131 555 4
a 131 738 4
a 132 16 7
a 132 599 10
a 132 601 6
a 133 100 10
a 133 551 1
a 134 110 5
a 134 475 8
a 135 504 3
a 136 38 7
a 136 432 2
a 137 29 7
a 137 140 7
a 137 485 6
a 137 593 6
a 138 420 2
a 138 459 6
a 139 653 3
a 139 763 2
a 139 782 1
a 140 323 4
a 141 557 10
a 141 574 8
a 142 82 7
a 142 752 5
a 143 341 10
a 143 759 10
a 144 52 7
a 144 588 8
a 145 180 5
a 145 702 8
a 146 164 5
a 146 530 5
a 147 332 9
a 148 477 9
a 149 336 10
a 149 620 5
a 149 760 9
a 150 538 1
a 150 611 4
a 150 715 4
a 151 72 2
a 152 425 4
a 153 194 6
a 153 357 5
a 154 287 1
a 154 501 1
a 154 722 10
a 155 504 4
a 156 389 2
a 156 790 4
a 157 416 3
a 157 704 2
a 158 126 6
a 158 298 3
a 159 800 4
a 160 4 5
a 160 794 2
a 161 464 1
a 161 702 6
a 162 443 10
a 162 563 5
a 163 51 10
a 163 57 4
a 163 78 1
a 164 576 9
a 164 595 1
a 164 599 4
a 165 58 7
a 165 143 7
a 166 558 10
a 166 613 9
a 167 206 1
a 167 351 3
a 167 388 4
a 168 102 2
a 168 199 6
a 169 27 6
a 169 359 6
a 170 714 9
a 170 788 6
a 171 270 10
a 171 364 4
a 171 623 6
a 171 630 7
a 172 799 6
a 173 191 1
a 174 448 3
a 175 200 7
a 175 510 9
a 175 532 1
a 176 680 1
a 177 280 7
a 177 776 6
a 178 157 6
a 179 151 2
a 179 241 2
a 179 418 4
a 179 493 7
a 180 200 4
a 181 532 3
a 182 16 10
a 182 154 5
a 182 537 1
a 182 683 7
a 183 491 5
a 183 789 3
a 184 525 6
a 185 726 7
a 186 64 5
a 186 328 1
a 187 269 5
a 187 587 2
a 188 661 10
a 189 409 10
a 190 536 1
a 191 433 5
a 191 533 4
a 192 552 1
a 193 240 1
a 193 243 9
a 193 662 6
a 194 13 3
a 194 19 10
a 194 684 3
a 195 112 7
a 195 203 8
a 196 469 8
a 196 567 7
a 196 729 9
a 197 279 7
a 197 785 9
a 198 390 1
a 198 699 1
a 199 308 1
a 199 687 5
a 199 766 1
a 199 788 4
a 200 302 8
a 200 371 1
a 200 484 7
a 200 763 8
a 201 7 8
a 201 330 1
a 202 234 10
a 202 283 1
a 203 74 6
a 203 792 5
a 204 611 6
a 205 125 1
a 205 548 3
a 206 57 7
a 207 764 3
a 208 591 9
a 208 645 2
a 209 193 7
a 209 439 3
a 209 468 1
a 210 102 1
a 210 251 1
a 210 723 7
a 211 379 7
a 211 452 7
a 212 75 7
a 212 328 3
a 213 20 5
a 213 156 8
a 213 576 3
a 214 47 7
a 215 247 2
a 215 467 8
a 216 755 5
a 217 29 10
a 217 59 10
a 218 78 3
a 218 392 2
a 218 495 6
a 218 557 3
a 219 110 7
a 219 502 7
a 220 11 4
a 220 101 7
a 221 414 5
a 221 532 7
a 221 669 6
a 221 700 8
a 222 233 9
a 222 708 1
a 223 480 3
a 224 553 5
a 224 697 2
a 224 797 10
a 225 436 2
a 225 668 7
a 226 260 7
a 226 386 10
a 227 596 8
a 227 735 10
a 228 218 8
a 229 483 2
a 230 255 8
a 231 174 3
a 231 311 1
a 231 490 9
a 232 640 7
a 232 709 1
a 232 746 10
a 233 281 7
a 233 761 6
a 234 139 8
a 234 164 8
a 234 477 1
a 235 482 3
a 236 32 10
a 236 393 5
a 237 5 8
a 237 49 6
a 237 467 10
a 238 145 10
a 238 190 9
a 238 767 6
a 239 314 6
a 240 276 6
a 240 374 6
a 240 514 5
a 241 308 10
a 241 616 9
a 242 2 6
a 242 520 2
a 242 691 9
a 243 224 1
a 244 439 1
a 244 539 3
a 245 525 9
a 246 362 2
a 246 741 1
a 247 270 3
a 248 295 10
a 248 323 1
a 248 514 7
a 248 656 2
a 248 725 4
a 248 797 8
a 249 461 4
a 250 397 10
a 251 551 9
a 252 422 6
a 253 329 6
a 253 330 3
a 253 449 10
a 253 529 6
a 254 269 10
a 254 750 2
a 255 607 4
a 256 21 2
a 256 272 1
a 257 188 10
a 257 379 9
a 258 283 5
a 258 345 9
a 258 515 10
a 259 164 1
a 260 517 4
a 261 46 5
a 261 468 4
a 261 737 2
a 262 299 8
a 262 559 2
a 263 214 9
a 263 282 1
a 263 757 9
a 264 476 8
a 265 440 2
a 265 600 5
a 266 312 1
a 266 337 5
a 266 705 7
a 267 30 7
a 267 57 7
a 268 600 6
a 269 324 4
a 270 180 8
a 270 701 4
a 271 54 4
a 272 279 6
a 272 764 2
a 273 22 6
a 273 710 6
a 274 366 10
a 274 627 3
a 275 431 6
a 276 187 7
a 276 422 8
a 276 799 1
a 277 119 10
a 277 304 9
a 277 320 9
a 277 479 9
a 278 152 5
a 278 235 6
a 279 37 3
a 279 651 3
a 280 63 7
a 280 272 2
a 280 517 10
a 281 169 5
a 281 427 2
a 281 758 7
a 282 100 3
a 282 278 10
a 282 318 2
a 282 638 8
a 283 115 1
a 283 251 10
a 284 85 1
a 284 257 4
a 284 300 1
a 284 307 5
a 284 662 2
a 285 650 1
a 286 56 7
a 286 719 9
a 287 735 3
a 288 547 2
a 289 22 2
a 290 372 5
a 291 112 9
a 292 170 9
a 292 210 2
a 292 584 7
a 292 792 10
a 293 690 4
a 293 798 3
a 294 66 4
a 294 339 4
a 294 387 8
a 294 738 8
a 295 449 1
a 295 657 6
a 296 411 7
a 296 474 2
a 297 463 8
a 298 685 10
a 299 649 9
a 299 794 5
a 300 190 10
a 300 275 8
a 300 508 4
a 301 69 10
a 301 580 4
a 302 91 5
a 302 108 7
a 303 534 8
a 304 442 4
a 304 643 9
a 305 207 1
a 305 237 9
a 305 718 2
a 305 753 9
a 306 357 7
a 306 399 5
a 307 594 2
a 308 656 5
a 309 174 5
a 310 46 1
a 311 39 2
a 311 352 9
a 312 458 8
a 313 371 8
a 314 76 4
a 314 105 1
a 314 199 2
a 314 628 8
a 315 340 5
a 315 343 8
a 315 770 5
a 316 134 8
a 316 136 6
a 317 106 9
a 317 666 7
a 317 745 6
a 318 80 1
a 318 594 9
a 319 554 8
a 320 146 2
a 321 153 8
a 321 404 1
a 321 599 10
a 321 636 10
a 321 746 7
a 322 361 6
a 323 157 6
a 323 501 10
a 324 261 5
a 324 288 4
a 324 633 1
a 325 90 9
a 325 752 2
a 325 762 5
a 326 578 7
a 326 586 5
a 326 648 6
a 327 300 3
a 328 697 7
a 329 603 4
a 329 682 1
a 330 19 9
a 331 364 7
a 332 351 6
a 332 673 6
a 333 689 9
a 334 230 10
a 334 291 1
a 334 574 2
a 335 44 2
a 335 353 1
a 335 407 8
a 336 573 5
a 337 256 9
a 337 422 8
a 337 569 9
a 338 402 10
a 339 55 1
a 339 122 5
a 339 270 3
a 339 537 1
a 340 95 6
a 341 352 9
a 342 157 10
a 343 4 7
a 344 48 10
a 344 179 8
a 344 255 8
a 345 541 2
a 346 51 4
a 346 133 8
a 346 787 5
a 347 564 4
a 348 128 6
a 348 534 9
a 348 567 9
a 349 496 10
a 349 750 10
a 350 365 10
a 350 538 8
a 351 184 2
a 351 326 7
a 352 767 10
a 353 117 2
a 353 420 5
a 353 589 3
a 354 141 5
a 354 171 7
a 355 584 9
a 356 747 8
a 357 204 6
a 357 299 3
a 358 231 2
a 358 346 7
a 359 313 6
a 359 369 5
a 359 477 6
a 360 415 2
a 360 625 6
a 360 680 8
a 361 503 1
a 362 14 9
a 362 417 4
a 363 114 9
a 363 181 5
a 363 755 4
a 364 96 10
a 364 314 5
a 364 612 6
a 364 629 1
a 365 151 7
a 365 396 2
a 366 298 8
a 366 421 2
a 367 296 4
a 367 461 5
a 368 233 3
a 369 301 3
a 369 714 3
a 370 88 2
a 370 195 8
a 370 506 5
a 371 273 3
a 371 402 8
a 372 159 3
a 372 778 8
a 373 165 4
a 374 55 3
a 374 426 9
a 375 40 10
a 375 129 3
a 375 155 8
a 375 705 2
a 375 779 4
a 376 312 2
a 377 329 5
a 377 566 9
a 378 120 3
a 378 523 6
a 378 592 8
a 378 728 7
a 379 516 7
a 380 5 4
a 380 639 10
a 381 87 1
a 381 367 2
a 381 644 6
a 382 95 5
a 382 197 5
a 382 234 1
a 383 409 2
a 384 276 10
a 384 453 4
a 384 793 5
a 385 71 8
a 385 172 2
a 386 571 3
a 387 177 8
a 387 513 5
a 387 519 3
a 388 547 9
a 389 37 8
a 389 132 4
a 390 79 6
a 391 263 6
a 392 103 1
a 392 233 5
a 392 776 5
a 393 213 3
a 394 246 10
a 394 268 9
a 395 157 1
a 395 397 10
a 396 505 3
a 397 196 10
a 397 780 5
a 397 786 9
a 398 244 4
a 399 202 10
a 399 363 9
a 399 460 5
a 400 229 1
a 401 7 2
a 402 790 8
a 403 314 2
a 403 435 5
a 404 381 1
a 404 491 8
a 404 752 7
a 405 290 9
a 405 645 3
a 406 135 10
a 407 325 2
a 407 448 5
a 407 618 8
a 408 12 9
a 409 34 3
a 409 800 2
a 410 650 3
a 411 686 5
a 412 575 2
a 413 109 6
a 413 422 5
a 414 776 4
a 415 165 9
a 415 364 4
a 416 219 7
a 416 346 2
a 416 493 1
a 417 353 1
a 418 470 2
a 419 472 10
a 419 479 5
a 419 695 7
a 420 386 8
a 420 555 1
a 421 9 7
a 421 97 7
a 421 220 7
a 421 498 9
a 421 541 1
a 422 62 10
a 422 127 4
a 422 358 10
a 422 733 4
a 423 221 9
a 423 730 8
a 424 305 8
a 424 542 9
a 425 507 9
a 425 516 2
a 425 711 5
a 425 739 10
a 426 26 10
a 426 84 7
a 426 236 3
a 427 69 10
a 428 127 6
a 429 317 5
a 429 351 9
a 430 159 10
a 431 166 7
a 432 161 5
a 432 213 3
a 433 666 1
a 434 384 5
a 435 652 7
a 435 661 9
a 435 706 7
a 436 221 7
a 436 378 5
a 436 441 6
a 437 412 8
a 438 21 2
a 438 267 1
a 439 310 8
a 440 179 9
a 441 642 2
a 442 118 1
a 442 346 1
a 443 46 2
a 444 53 5
a 444 796 6
a 445 99 3
a 445 741 1
a 446 589 8
a 446 615 1
a 447 166 8
a 447 603 8
a 448 169 7
a 448 350 5
a 448 706 7
a 449 386 7
a 449 564 4
a 449 742 8
a 450 80 9
a 450 130 9
a 451 186 3
a 452 7 1
a 453 126 7
a 454 446 7
a 454 586 4
a 455 334 9
a 455 527 1
a 455 771 10
a 456 128 7
a 456 385 5
a 456 661 4
a 457 274 9
a 457 504 4
a 457 512 3
a 457 692 2
a 458 90 1
a 459 153 2
a 459 544 10
a 459 778 7
a 460 322 7
a 460 471 4
a 461 763 1
a 462 441 8
a 463 46 1
a 463 87 6
a 463 92 6
a 464 146 7
a 464 347 8
a 464 585 5
a 465 673 4
a 466 176 5
a 466 558 8
a 467 552 4
a 468 469 7
a 468 586 5
a 468 685 1
a 469 105 4
a 469 608 1
a 469 698 5
a 470 142 3
a 470 457 5
a 470 694 5
a 471 366 8
a 471 600 6
a 472 393 10
a 473 708 1
a 474 94 9
a 474 792 4
a 475 537 9
a 476 372 4
a 476 525 2
a 477 176 5
a 478 754 3
a 479 521 3
a 479 678 4
a 480 431 6
a 480 753 7
a 481 179 10
a 481 419 7
a 481 703 3
a 482 418 6
a 482 552 3
a 482 726 5
a 483 314 10
a 483 688 3
a 484 196 7
a 484 242 8
a 484 294 4
a 484 571 1
a 485 148 1
a 485 408 10
a 486 178 10
a 486 499 8
a 486 645 4
a 487 2 2
a 487 54 10
a 488 201 6
a 489 24 6
a 489 485 9
a 490 19 5
a 490 172 10
a 490 316 10
a 491 487 1
a 492 24 10
a 492 207 3
a 493 315 6
a 493 610 4
a 494 189 4
a 495 304 10
a 496 607 4
a 496 725 5
a 497 194 2
a 498 367 2
a 499 113 10
a 499 227 1
a 499 719 7
a 500 395 2
a 500 735 2
a 501 285 7
a 501 653 1
a 502 131 9
a 502 747 4
a 503 527 10
a 504 79 4
a 504 176 3
a 504 238 1
a 505 15 2
a 505 555 7
a 506 38 4
a 506 598 2
a 506 674 3
a 506 675 7
a 507 47 6
a 507 149 2
a 507 735 3
a 508 493 10
a 509 50 8
a 509 395 7
a 510 672 6
a 510 714 9
a 510 721 5
a 511 582 10
a 512 335 6
a 512 604 7
a 513 28 4
a 514 56 9
a 514 116 7
a 514 192 4
a 514 582 8
a 515 36 6
a 515 41 9
a 515 398 3
a 515 586 1
a 516 510 10
a 517 326 9
a 517 376 4
a 517 505 8
a 518 480 6
a 519 215 4
a 519 722 2
a 519 734 7
a 520 201 4
a 521 265 10
a 522 556 8
a 523 726 6
a 524 43 3
a 524 253 10
a 524 422 1
a 525 452 6
a 526 344 3
a 526 553 3
a 527 615 7
a 527 619 1
a 528 318 10
a 529 388 6
a 529 490 7
a 529 774 4
a 530 223 6
a 530 239 5
a 530 672 3
a 531 161 4
a 531 361 8
a 531 741 4
a 532 306 2
a 532 427 7
a 532 773 6
a 533 29 2
a 534 487 9
a 534 736 1
a 535 395 5
a 535 417 9
a 535 492 1
a 536 28 4
a 536 430 5
a 537 91 2
a 537 349 5
a 537 651 10
a 538 411 8
a 539 177 8
a 539 794 3
a 540 521 5
a 541 377 6
a 541 668 1
a 542 208 3
a 543 8 4
a 543 25 7
a 543 303 5
a 544 142 8
a 545 70 6
a 545 136 2
a 545 342 1
a 545 404 7
a 546 19 10
a 546 535 4
a 546 774 3
a 547 253 10
a 547 297 8
a 547 646 1
a 548 380 10
a 548 614 2
a 548 689 5
a 549 352 1
a 550 539 9
a 551 110 10
a 551 529 6
a 551 697 1
a 552 334 6
a 552 480 9
a 553 394 4
a 553 702 6
a 554 222 4
a 554 624 3
a 555 111 7
a 555 232 6
a 556 545 10
a 556 659 1
a 556 732 10
a 557 28 3
a 557 406 7
a 557 765 4
a 558 371 9
a 559 111 4
a 560 191 1
a 560 200 7
a 561 189 1
a 561 740 2
a 562 413 10
a 562 560 8
a 563 57 8
a 564 20 5
a 564 382 5
a 565 17 6
a 565 288 1
a 565 331 10
a 565 349 6
a 566 255 2
a 566 713 9
a 567 30 9
a 568 635 4
a 569 208 5
a 569 229 6
a 569 500 8
a 569 637 2
a 570 482 8
a 570 574 1
a 571 336 5
a 571 516 10
a 572 496 9
a 573 16 1
a 573 677 5
a 574 274 10
a 574 354 5
a 575 393 6
a 575 568 5
a 576 10 5
a 576 638 2
a 577 658 1
a 578 706 5
a 579 795 6
a 580 353 2
a 580 367 8
a 580 511 5
a 581 263 3
a 582 62 2
a 582 173 9
a 582 206 6
a 582 669 2
a 583 259 6
a 584 694 2
a 585 476 2
a 586 210 5
a 586 690 6
a 587 488 3
a 587 729 4
a 588 403 9
a 588 476 8
a 588 776 1
a 589 437 7
a 590 718 1
a 591 317 1
a 592 794 5
a 593 284 3
a 593 627 3
a 594 265 10
a 595 771 3
a 596 98 4
a 596 137 2
a 596 225 6
a 596 268 2
a 596 561 6
a 597 163 10
a 597 221 10
a 597 572 5
a 597 642 10
a 597 800 5
a 598 560 4
a 599 17 7
a 599 68 7
a 599 518 1
a 599 720 1
a 600 434 5
a 601 160 3
a 601 755 2
a 602 269 4
a 603 263 4
a 604 405 6
a 604 409 6
a 605 75 9
a 605 103 5
a 605 228 6
a 606 303 2
a 606 762 4
a 607 319 2
a 607 484 5
a 608 290 3
a 609 145 10
a 609 183 1
a 609 245 9
a 609 445 1
a 609 665 9
a 610 278 8
a 610 370 2
a 610 621 2
a 611 161 9
a 611 268 2
a 612 120 3
a 612 258 3
a 612 540 9
a 613 52 8
a 613 454 7
a 613 643 2
a 614 106 7
a 614 691 9
a 615 420 7
a 615 745 8
a 616 303 5
a 617 89 5
a 617 423 9
a 617 429 10
a 617 433 5
a 617 743 7
a 618 400 5
a 618 501 5
a 618 646 2
a 619 111 8
a 619 608 7
a 620 84 4
a 620 185 2
a 621 560 8
a 621 775 10
a 622 589 5
a 622 707 2
a 623 277 10
a 624 417 9
a 624 424 8
a 625 168 8
a 625 322 7
a 625 481 5
a 626 35 9
a 626 167 7
a 627 229 5
a 627 573 6
a 628 212 10
a 628 233 4
a 629 67 1
a 630 442 2
a 631 210 9
a 632 62 5
a 633 386 5
a 633 577 3
a 633 654 2
a 634 187 2
a 634 389 5
a 635 518 2
a 635 597 1
a 636 379 7
a 636 380 9
a 637 577 4
a 638 336 5
a 639 9 1
a 640 641 3
a 640 749 3
a 640 763 9
a 641 496 4
a 642 39 1
a 643 465 6
a 644 161 7
a 644 696 4
a 645 96 5
a 646 67 8
a 647 70 10
a 647 315 5
a 648 105 9
a 648 670 7
a 649 526 5
a 650 199 10
a 650 309 8
a 650 311 5
a 650 499 9
a 651 608 4
a 652 142 5
a 653 795 4
a 654 82 10
a 654 448 10
a 655 4 9
a 655 408 9
a 655 724 1
a 656 11 3
a 656 240 1
a 657 69 8
a 657 676 4
a 658 458 10
a 658 509 6
a 659 648 1
a 660 283 5
a 660 713 10
a 661 215 6
a 661 759 10
a 662 64 2
a 663 93 8
a 664 147 1
a 664 465 9
a 665 205 6
a 665 252 3
a 666 651 6
a 667 35 10
a 667 339 1
a 668 44 3
a 669 108 7
a 669 462 5
a 669 783 6
a 669 784 2
a 670 53 3
a 670 120 6
a 671 217 7
a 671 365 3
a 671 647 6
a 672 209 6
a 672 548 3
a 673 163 1
a 673 528 4
a 673 617 6
a 674 65 3
a 674 265 3
a 674 511 4
a 675 276 2
a 676 28 7
a 676 401 8
a 677 89 8
a 677 418 7
a 677 451 2
a 677 486 4
a 678 490 3
a 679 198 1
a 679 432 5
a 679 554 6
a 680 233 3
a 680 470 7
a 681 637 3
a 682 81 1
a 682 517 5
a 682 731 4
a 683 9 8
a 684 366 8
a 684 488 2
a 684 493 1
a 684 769 8
a 685 550 3
a 686 656 2
a 687 762 7
a 688 32 9
a 688 379 10
a 689 690 8
a 690 667 2
a 690 756 1
a 691 92 3
a 691 458 1
a 691 494 8
a 691 606 8
a 691 711 8
a 692 292 2
a 692 369 3
a 692 371 1
a 693 436 2
a 694 61 8
a 695 372 9
a 696 40 2
a 696 126 10
a 696 170 5
a 696 635 9
a 696 707 1
a 697 284 9
a 698 328 2
a 699 250 2
a 699 525 3
a 700 232 6
a 701 345 7
a 701 658 8
a 702 528 1
a 703 288 9
a 703 581 5
a 704 503 4
a 704 545 8
a 704 550 9
a 705 72 4
a 705 180 7
a 705 536 7
a 705 570 6
a 706 282 5
a 707 69 3
a 707 140 1
a 707 205 7
a 707 360 10
a 708 104 6
a 708 182 7
a 708 634 1
a 709 264 3
a 709 666 6
a 710 277 3
a 710 492 2
a 710 708 9
a 711 266 5
a 711 466 4
a 711 502 9
a 711 565 4
a 712 211 4
a 712 437 9
a 713 138 7
a 713 183 8
a 713 699 6
a 714 651 2
a 714 730 4
a 715 223 4
a 715 245 4
a 715 524 3
a 715 643 8
a 715 777 1
a 716 86 10
a 716 104 9
a 716 251 7
a 717 39 6
a 717 395 5
a 717 694 4
a 718 158 5
a 718 513 5
a 718 529 1
a 719 461 4
a 720 67 7
a 720 282 2
a 720 576 7
a 721 186 9
a 721 391 3
a 722 373 9
a 722 404 9
a 722 456 6
a 723 33 4
a 723 392 6
a 723 622 5
a 724 17 2
a 725 556 9
a 726 263 1
a 726 367 3
a 727 299 5
a 727 478 4
a 727 538 5
a 727 583 3
a 727 763 8
a 728 465 3
a 728 700 6
a 729 68 9
a 729 256 3
a 729 575 2
a 730 45 7
a 730 405 10
a 730 463 6
a 730 672 7
a 731 45 6
a 731 236 2
a 731 766 6
a 732 447 10
a 733 267 8
a 734 779 7
a 735 254 8
a 735 466 7
a 736 790 5
a 737 679 3
a 738 280 4
a 738 357 9
a 739 309 8
a 740 64 8
a 740 288 7
a 740 655 7
a 741 557 7
a 742 3 5
a 742 349 5
a 743 412 2
a 743 562 9
a 743 788 3
a 744 188 1
a 744 201 5
a 744 363 4
a 744 450 4
a 744 489 10
a 745 271 4
a 745 458 1
a 745 558 1
a 746 184 8
a 746 323 8
a 747 446 1
a 748 498 10
a 749 546 6
a 750 141 5
a 750 152 10
a 750 390 8
a 750 771 6
a 751 77 9
a 751 372 9
a 751 489 4
a 752 442 1
a 753 447 1
a 753 690 9
a 754 61 10
a 754 193 2
a 754 444 6
a 755 73 9
a 755 85 5
a 755 500 6
a 756 127 4
a 757 364 2
a 758 356 3
a 758 760 4
a 759 99 2
a 760 741 2
a 761 18 8
a 761 218 3
a 761 411 10
a 761 543 5
a 762 56 5
a 763 194 3
a 764 705 8
a 765 368 6
a 765 470 5
a 766 131 1
a 766 565 8
a 766 712 3
a 767 193 7
a 767 621 5
a 768 29 4
a 768 94 9
a 769 104 4
a 769 343 9
a 770 455 1
a 770 521 3
a 771 483 6
a 771 787 1
a 772 749 1
a 773 753 1
a 774 247 4
a 775 102 3
a 775 150 3
a 776 434 6
a 776 647 6
a 777 535 4
a 777 662 2
a 778 185 7
a 778 312 7
a 778 443 4
a 779 251 1
a 779 765 10
a 780 93 10
a 780 649 7
a 781 10 5
a 782 463 7
a 782 668 9
a 783 626 4
a 784 95 9
a 784 119 4
a 784 286 2
a 785 124 10
a 785 130 7
a 786 199 8
a 786 517 8
a 787 450 9
a 788 102 5
a 788 293 4
a 788 795 5
a 789 799 10
a 790 435 2
a 790 549 5
a 791 83 8
a 791 413 4
a 791 734 6
a 792 519 4
a 793 6 9
a 793 455 9
a 793 489 2
a 793 740 1
a 794 101 9
a 794 609 9
a 795 107 6
a 795 310 4
a 796 4 1
a 796 177 3
a 796 279 9
a 797 460 10
a 798 68 6
a 798 719 6
a 799 5 1
a 799 394 3
