p max 800 1600
n 1 s
n 800 t
a 1 679 3
a 2 134 1
a 2 382 5
a 2 607 5
a 3 339 7
a 3 440 6
a 4 535 6
a 5 122 4
a 5 462 2
a 6 140 5
a 6 308 6
a 7 289 9
a 8 130 10
a 8 271 5
a 8 388 8
a 8 716 1
a 9 520 1
a 10 763 8
a 11 785 6
a 12 350 9
a 12 562 5
a 13 540 2
a 13 766 2
a 13 788 9
a 14 476 5
a 15 169 8
a 15 177 8
a 15 283 1
a 16 28 8
a 16 621 3
a 17 784 6
a 18 115 6
a 18 289 5
a 18 481 1
a 18 781 6
a 19 115 1
a 19 268 7
a 19 798 5
a 20 38 3
a 20 185 6
a 20 355 7
a 21 302 4
a 21 505 5
a 21 782 6
a 22 186 8
a 22 350 3
a 22 556 3
a 23 339 1
a 24 116 4
a 25 70 4
a 25 377 4
a 25 520 10
a 25 577 1
a 26 360 9
a 27 216 4
a 27 421 6
a 27 648 7
a 28 718 4
a 28 797 5
a 29 433 3
a 30 394 6
a 31 19 6
a 31 37 2
a 32 243 9
a 33 305 2
a 34 448 9
a 35 557 10
a 36 327 10
a 37 41 7
a 38 134 6
a 38 613 7
a 38 712 8
a 39 71 5
a 39 248 4
a 40 49 10
a 40 441 3
a 41 417 5
a 41 577 3
a 42 204 2
a 42 610 2
a 43 260 10
a 44 224 2
a 44 542 4
a 45 297 6
a 45 373 1
a 45 492 9
a 46 34 1
a 46 588 2
a 47 161 5
a 48 204 5
a 48 369 2
a 48 473 10
a 49 81 7
a 49 365 6
a 49 783 2
a 50 359 8
a 50 678 3
a 51 404 3
a 52 540 9
a 53 547 5
a 54 83 8
a 54 552 5
a 54 648 9
a 55 346 4
a 55 567 6
a 55 767 6
a 56 98 4
a 56 192 1
a 56 665 8
a 57 118 4
a 57 174 6
a 58 673 9
a 59 202 10
a 59 340 2
a 59 703 1
a 60 385 5
a 60 624 7
a 61 406 2
a 62 189 9
a 62 705 6
a 63 101 4
a 63 163 5
a 63 683 5
a 63 691 4
a 64 607 6
a 64 800 10
a 65 206 1
a 65 322 8
a 65 497 4
a 66 381 2
a 66 385 5
a 66 436 1
a 66 761 1
a 67 230 10
a 67 401 4
a 67 504 9
a 67 610 10
a 68 299 3
a 68 335 5
a 69 38 3
a 69 441 10
a 70 208 4
a 70 218 7
a 70 264 3
a 70 357 9
a 71 86 9
a 71 325 10
a 72 268 4
a 72 760 3
a 73 176 4
a 73 463 10
a 73 607 4
a 74 673 7
a 75 518 5
a 76 18 10
a 77 124 4
a 78 587 4
a 79 49 8
a 79 53 6
a 80 156 5
a 80 731 2
a 80 763 4
a 81 589 3
a 82 376 8
a 83 671 8
a 84 220 5
a 84 350 4
a 85 124 5
a 85 229 3
a 85 652 2
a 86 216 5
a 87 585 7
a 88 288 7
a 89 184 10
a 90 97 3
a 90 242 9
a 91 409 2
a 92 531 10
a 92 700 2
a 92 734 10
a 93 561 6
a 94 242 3
a 95 71 1
a 95 129 2
a 95 521 1
a 95 747 8
a 96 93 4
a 96 294 8
a 97 794 2
a 98 79 9
a 98 354 1
a 99 271 3
a 100 367 8
a 100 732 5
a 101 432 5
a 102 382 3
a 103 114 2
a 103 134 6
a 103 541 7
a 103 615 7
a 104 158 6
a 105 21 1
a 106 80 2
a 106 668 1
a 107 222 9
a 107 397 1
a 107 450 3
a 107 598 5
a 108 593 3
a 108 659 7
a 109 264 6
a 110 2 3
a 110 9 3
a 111 389 2
a 112 248 1
a 113 41 6
a 114 251 10
a 114 387 7
a 114 389 7
a 115 443 5
a 116 291 10
a 116 298 5
a 117 386 6
a 118 281 1
a 119 522 7
a 120 642 2
a 120 736 8
a 121 289 8
a 122 27 10
a 122 102 1
a 122 178 1
a 123 645 2
a 123 794 3
a 124 205 7
a 124 210 10
a 125 233 5
a 125 663 3
a 126 223 7
a 126 426 9
a 127 186 2
a 127 578 2
a 127 737 4
a 127 773 7
a 128 157 6
a 128 247 4
a 128 438 2
a 129 37 3
a 129 110 5
a 129 337 4
a 129 681 10
a 130 147 7
a 130 411 5
a 130 464 6
a 130 466 9
a 131 49 6
a 132 395 10
a 132 762 6
a 133 50 6
a 133 537 2
a 134 110 8
a 134 512 10
a 135 574 8
a 136 20 4
a 136 765 7
a 136 795 1
a 137 499 3
a 137 562 9
a 138 740 7
a 139 8 3
a 139 221 6
a 139 508 10
a 139 777 3
a 140 58 9
a 141 204 6
a 142 264 1
a 143 742 6
a 143 774 6
a 144 584 10
a 144 607 4
a 145 163 1
a 145 485 1
a 145 729 2
a 146 24 8
a 146 63 2
a 146 137 10
a 146 744 3
a 147 404 2
a 148 79 8
a 148 201 8
a 149 631 6
a 149 676 7
a 150 307 9
a 151 486 3
a 151 528 10
a 152 170 6
a 153 394 6
a 153 429 9
a 153 699 2
a 154 108 4
a 154 143 3
a 155 202 7
a 155 361 3
a 156 302 9
a 156 689 3
a 156 746 9
a 157 34 2
a 157 275 4
a 157 654 9
a 157 755 1
a 157 757 1
a 158 320 6
a 159 66 10
a 159 200 9
a 159 269 8
a 159 546 8
a 160 448 2
a 160 516 5
a 161 99 7
a 161 239 9
a 161 284 4
a 162 628 8
a 162 713 9
a 163 664 8
a 163 685 1
a 164 113 6
a 165 117 5
a 165 583 4
a 165 605 2
a 166 107 5
a 166 287 7
a 166 675 3
a 167 335 8
a 167 646 8
a 167 699 2
a 168 160 10
a 168 518 5
a 169 279 8
a 170 250 4
a 170 423 1
a 171 317 4
a 172 47 6
a 173 496 10
a 173 502 1
a 174 718 2
a 174 745 5
a 175 155 8
a 175 304 8
a 175 602 6
a 176 428 10
a 176 456 1
a 177 110 3
a 178 183 1
a 178 424 3
a 178 525 7
a 178 626 10
a 179 395 5
a 180 22 6
a 180 562 9
a 181 291 3
a 181 519 2
a 181 600 6
a 181 758 6
a 182 499 2
a 182 609 5
a 182 702 9
a 183 622 1
a 184 7 2
a 184 787 7
a 185 145 5
a 185 529 5
a 186 124 5
a 186 160 3
a 187 291 5
a 188 149 6
a 188 599 10
a 189 222 3
a 190 72 8
a 190 753 7
a 191 181 2
a 191 656 1
a 192 621 2
a 192 641 2
a 193 81 2
a 193 488 9
a 194 114 7
a 195 332 3
a 195 529 10
a 195 592 3
a 196 390 9
a 197 78 8
a 197 622 4
a 197 800 10
a 198 266 9
a 199 605 10
a 199 634 7
a 200 645 6
a 201 35 8
a 201 189 3
a 202 757 4
a 203 355 1
a 204 35 8
a 204 348 7
a 204 475 7
a 205 395 6
a 206 573 10
a 206 799 3
a 207 146 2
a 207 327 10
a 207 471 10
a 208 36 5
a 208 800 8
a 209 626 5
a 210 401 9
a 211 203 4
a 211 768 4
a 212 395 3
a 212 475 10
a 212 568 3
a 213 56 8
a 213 172 10
a 213 338 2
a 213 748 4
a 214 285 7
a 214 321 6
a 215 106 8
a 215 121 10
a 215 426 1
a 215 512 5
a 216 176 4
a 216 479 10
a 216 718 4
a 217 318 6
a 217 651 5
a 217 677 6
a 218 173 9
a 218 591 1
a 219 57 5
a 219 260 9
a 219 319 4
a 219 403 8
a 219 461 10
a 220 243 8
a 220 574 6
a 221 103 2
a 221 162 1
a 221 238 5
a 222 114 2
a 223 424 3
a 223 672 2
a 223 742 2
a 224 242 2
a 224 356 2
a 225 568 6
a 226 27 3
a 226 421 7
a 227 360 10
a 227 680 9
a 228 455 7
a 228 465 2
a 229 179 4
a 229 202 7
a 230 319 2
a 231 119 7
a 231 582 10
a 232 406 6
a 232 455 9
a 233 270 7
a 234 716 9
a 235 148 10
a 235 462 6
a 236 532 4
a 237 262 4
a 237 599 10
a 238 144 5
a 238 187 3
a 238 475 5
a 239 187 4
a 239 596 2
a 240 264 8
a 241 688 2
a 242 756 6
a 243 294 3
a 243 723 10
a 244 704 5
a 245 42 2
a 245 241 8
a 245 696 8
a 245 698 6
a 245 796 1
a 246 270 7
a 246 661 4
a 247 59 6
a 247 735 2
a 247 744 9
a 248 472 6
a 248 628 8
a 248 640 4
a 249 532 3
a 249 691 7
a 249 783 6
a 250 277 4
a 250 492 4
a 250 617 3
a 251 243 6
a 251 331 6
a 252 399 9
a 252 756 6
a 252 793 8
a 253 746 8
a 254 68 5
a 254 436 5
a 255 261 1
a 256 350 9
a 256 372 7
a 256 439 6
a 256 506 6
a 257 290 7
a 258 225 6
a 259 86 3
a 259 154 6
a 259 796 10
a 260 82 3
a 260 92 10
a 260 525 5
a 261 634 5
a 262 90 5
a 262 100 2
a 262 606 8
a 262 681 2
a 262 687 3
a 262 710 5
a 263 80 3
a 263 770 1
a 264 87 3
a 264 193 2
a 264 392 4
a 265 88 3
a 265 141 3
a 266 226 3
a 266 397 7
a 267 94 2
a 267 306 3
a 267 494 1
a 267 501 5
a 267 537 5
a 267 644 9
a 268 148 7
a 268 350 3
a 268 658 1
a 269 154 2
a 270 379 2
a 270 448 10
a 270 497 2
a 270 695 2
a 271 308 5
a 271 503 8
a 272 126 10
a 273 508 10
a 274 17 5
a 274 316 8
a 275 239 3
a 276 13 6
a 276 292 1
a 276 402 10
a 276 561 8
a 276 778 4
a 277 744 4
a 278 373 9
a 278 560 10
a 279 177 6
a 279 598 9
a 280 550 7
a 281 64 9
a 281 386 4
a 282 242 1
a 283 349 5
a 283 480 8
a 284 199 3
a 284 595 2
a 285 125 5
a 285 180 1
a 286 668 4
a 287 379 1
a 288 311 3
a 288 574 6
a 288 590 6
a 289 60 6
a 289 530 7
a 289 760 5
a 290 111 3
a 290 633 4
a 291 152 1
a 291 662 9
a 291 701 1
a 292 737 9
a 293 377 8
a 294 206 7
a 294 542 10
a 294 630 10
a 295 439 6
a 295 533 10
a 296 251 5
a 297 41 10
a 297 779 8
a 298 9 2
a 298 18 5
a 298 62 6
a 299 55 4
a 299 357 4
a 300 91 6
a 300 678 8
a 301 586 2
a 302 224 9
a 303 327 3
a 303 424 7
a 304 344 4
a 304 345 7
a 304 366 4
a 305 63 7
a 306 638 4
a 307 74 9
a 307 135 4
a 307 441 4
a 308 524 5
a 309 188 9
a 309 305 3
a 309 643 7
a 310 104 1
a 311 76 9
a 311 437 7
a 311 794 7
a 312 541 6
a 313 36 4
a 314 290 8
a 314 510 1
a 315 14 3
a 316 155 7
a 316 282 6
a 317 507 5
a 318 428 7
a 319 48 6
a 319 477 1
a 320 111 5
a 320 275 8
a 321 211 10
a 321 323 4
a 322 426 10
a 322 587 3
a 322 779 10
a 323 575 10
a 324 738 6
a 325 39 6
a 325 420 1
a 325 430 6
a 326 423 4
a 326 578 9
a 326 768 9
a 327 44 5
a 327 140 8
a 328 17 8
a 328 579 1
a 329 412 8
a 330 89 2
a 330 211 4
a 330 684 2
a 331 266 7
a 332 257 8
a 332 396 10
a 333 351 2
a 334 231 9
a 334 614 2
a 335 680 1
a 336 724 4
a 337 445 3
a 337 701 4
a 338 523 7
a 338 645 1
a 339 121 8
a 340 33 2
a 340 132 5
a 340 557 2
a 340 629 2
a 341 131 3
a 341 353 8
a 342 507 2
a 342 580 6
a 343 452 4
a 344 381 9
a 345 561 5
a 346 11 7
a 346 100 9
a 346 765 7
a 347 137 2
a 348 227 8
a 348 360 6
a 349 481 8
a 349 726 1
a 350 386 6
a 351 120 8
a 352 594 1
a 352 784 7
a 353 410 8
a 353 485 4
a 354 780 9
a 355 779 7
a 356 39 2
a 356 360 7
a 356 722 8
a 357 209 6
a 357 792 8
a 358 105 5
a 358 286 8
a 358 419 4
a 358 452 2
a 358 582 6
a 359 769 9
a 360 183 1
a 360 191 9
a 360 467 8
a 360 751 1
a 361 237 1
a 361 540 10
a 362 342 4
a 362 667 3
a 363 40 7
a 363 715 1
a 364 108 8
a 364 152 7
a 365 722 3
a 366 71 6
a 366 379 5
a 367 222 3
a 368 785 7
a 369 25 7
a 369 386 10
a 370 315 4
a 370 463 6
a 370 608 7
a 370 647 8
a 370 688 4
a 370 722 2
a 371 25 4
a 371 57 3
a 371 296 7
a 372 705 1
a 373 459 5
a 373 465 4
a 374 665 5
a 375 361 9
a 376 495 8
a 376 526 9
a 377 410 4
a 377 511 5
a 377 796 9
a 378 307 2
a 378 662 5
a 378 716 3
a 379 95 7
a 379 297 4
a 379 554 4
a 379 684 6
a 380 112 6
a 381 143 3
a 381 278 4
a 382 75 6
a 382 599 8
a 382 738 8
a 383 144 5
a 384 386 8
a 384 490 6
a 385 597 1
a 386 51 1
a 386 426 3
a 386 739 7
a 387 178 4
a 387 730 1
a 388 581 1
a 389 27 4
a 389 158 1
a 389 789 6
a 390 215 7
a 390 630 6
a 391 205 8
a 392 200 1
a 392 368 8
a 393 488 7
a 394 717 1
a 394 719 9
a 395 258 8
a 395 738 8
a 396 32 10
a 396 221 7
a 397 308 3
a 397 358 6
a 397 445 4
a 397 470 6
a 397 476 6
a 398 19 1
a 398 195 3
a 398 324 10
a 399 584 2
a 399 632 3
a 400 157 6
a 400 698 1
a 401 217 6
a 401 708 1
a 402 52 8
a 402 138 9
a 402 559 4
a 403 10 9
a 403 287 4
a 404 175 3
a 404 653 9
a 404 700 5
a 405 530 9
a 405 671 1
a 406 141 4
a 406 165 10
a 406 234 1
a 406 404 4
a 407 472 7
a 407 522 3
a 408 214 5
a 408 524 10
a 409 23 10
a 409 210 10
a 410 110 5
a 410 159 9
a 410 635 4
a 411 476 6
a 412 363 1
a 413 646 9
a 414 570 6
a 415 8 7
a 415 397 3
a 415 794 4
a 416 237 9
a 416 390 7
a 417 281 6
a 417 404 7
a 418 514 2
a 418 625 5
a 419 39 9
a 420 515 4
a 420 526 3
a 421 650 5
a 422 183 5
a 422 259 6
a 422 434 8
a 423 15 7
a 423 408 5
a 423 433 3
a 424 55 10
a 424 133 9
a 424 498 3
a 424 504 9
a 424 617 5
a 425 94 6
a 426 55 9
a 426 425 8
a 427 342 6
a 427 800 4
a 428 136 7
a 428 397 3
a 429 484 7
a 430 450 5
a 431 512 4
a 432 161 6
a 432 381 1
a 432 673 9
a 433 463 4
a 434 393 9
a 435 776 1
a 436 309 2
a 437 203 9
a 437 458 5
a 437 563 10
a 437 775 4
a 438 546 2
a 438 591 4
a 439 293 1
a 440 370 6
a 441 649 8
a 442 332 5
a 443 104 5
a 443 452 5
a 444 718 2
a 445 163 4
a 446 476 4
a 446 612 8
a 446 708 2
a 447 257 2
a 447 414 4
a 448 246 6
a 448 305 1
a 448 496 5
a 449 670 5
a 449 711 3
a 449 753 2
a 450 699 3
a 451 370 8
a 451 634 2
a 452 780 1
a 453 165 10
a 454 46 2
a 454 455 2
a 455 168 10
a 455 560 4
a 455 603 10
a 456 739 10
a 456 742 7
a 457 189 1
a 457 558 5
a 458 96 1
a 458 252 6
a 458 537 9
a 459 65 6
a 459 127 8
a 459 559 4
a 459 745 1
a 460 166 1
a 460 374 2
a 460 544 10
a 461 330 4
a 461 356 9
a 461 486 8
a 462 84 1
a 462 406 2
a 462 552 7
a 463 379 1
a 463 780 10
a 464 326 3
a 464 641 2
a 464 661 1
a 465 208 3
a 465 235 5
a 465 236 8
a 466 191 2
a 467 105 3
a 468 484 2
a 468 588 7
a 468 611 1
a 469 636 4
a 470 173 7
a 470 273 3
a 471 170 10
a 471 726 8
a 472 69 1
a 472 341 9
a 473 339 10
a 474 54 10
a 474 95 3
a 475 405 8
a 476 5 1
a 476 430 9
a 477 258 7
a 477 584 8
a 478 657 5
a 479 139 7
a 479 390 4
a 480 462 2
a 481 78 5
a 481 566 7
a 482 576 4
a 482 691 5
a 482 750 5
a 483 65 8
a 483 488 4
a 484 112 1
a 484 275 5
a 484 334 3
a 484 378 1
a 484 785 4
a 485 243 1
a 485 772 2
a 486 62 6
a 486 128 7
a 486 460 9
a 487 376 7
a 487 674 9
a 488 159 7
a 489 753 9
a 490 159 5
a 490 207 7
a 491 734 6
a 492 458 6
a 492 569 9
a 493 293 5
a 493 489 8
a 493 543 4
a 493 690 4
a 494 353 4
a 494 429 10
a 495 43 10
a 495 329 4
a 496 120 5
a 496 474 1
a 496 600 9
a 497 232 6
a 497 632 1
a 498 184 2
a 498 438 5
a 499 296 10
a 499 674 5
a 499 730 10
a 500 340 3
a 500 646 7
a 501 233 8
a 501 418 2
a 502 432 4
a 502 454 1
a 502 777 8
a 502 785 5
a 503 267 3
a 503 539 10
a 504 36 10
a 504 240 3
a 505 459 2
a 506 317 3
a 506 389 7
a 506 545 3
a 507 127 1
a 507 378 6
a 508 124 8
a 508 205 6
a 508 284 5
a 508 312 1
a 509 407 10
a 509 565 8
a 509 737 4
a 510 247 3
a 510 647 8
a 511 256 2
a 512 320 6
a 512 380 4
a 512 427 5
a 512 477 10
a 513 711 7
a 514 622 8
a 514 774 2
a 515 224 8
a 515 292 6
a 516 77 8
a 516 580 1
a 517 798 6
a 518 764 4
a 518 767 9
a 519 47 9
a 519 256 3
a 519 450 2
a 520 347 2
a 520 405 8
a 520 514 6
a 520 671 8
a 521 249 6
a 521 453 2
a 521 649 10
a 522 619 9
a 522 630 3
a 523 658 5
a 524 228 7
a 524 480 2
a 524 714 10
a 525 257 9
a 525 313 5
a 525 632 10
a 526 16 6
a 526 165 9
a 526 396 6
a 527 107 1
a 527 196 7
a 527 616 1
a 528 279 5
a 528 301 5
a 528 602 5
a 529 414 10
a 530 466 1
a 531 157 3
a 531 762 9
a 532 502 8
a 533 368 5
a 534 375 8
a 534 549 7
a 534 791 6
a 535 112 5
a 535 194 3
a 535 330 5
a 535 505 6
a 535 659 9
a 536 85 5
a 536 794 9
a 537 412 2
a 538 335 8
a 539 261 4
a 540 140 5
a 541 283 1
a 542 8 3
a 542 790 4
a 543 232 2
a 543 398 9
a 544 212 8
a 544 468 5
a 544 483 4
a 544 695 10
a 545 150 6
a 545 280 8
a 545 620 3
a 546 231 6
a 547 416 9
a 548 192 4
a 548 410 1
a 549 727 10
a 550 322 8
a 550 615 4
a 551 147 10
a 551 624 7
a 552 443 4
a 553 2 7
a 553 627 7
a 554 39 1
a 554 536 7
a 555 279 3
a 555 530 6
a 556 69 2
a 557 652 2
a 558 339 10
a 558 549 2
a 559 191 4
a 560 403 3
a 560 493 7
a 560 679 1
a 561 494 8
a 562 353 6
a 563 132 5
a 564 241 8
a 565 474 4
a 566 333 6
a 566 701 4
a 567 483 9
a 567 760 9
a 568 515 7
a 569 78 7
a 569 427 7
a 569 749 4
a 570 229 7
a 571 49 3
a 571 96 9
a 571 388 9
a 572 206 7
a 572 431 4
a 572 743 10
a 573 372 2
a 574 610 4
a 575 94 5
a 576 661 6
a 577 396 5
a 578 577 1
a 579 176 10
a 580 142 6
a 581 301 4
a 582 352 4
a 583 551 8
a 584 21 3
a 584 437 10
a 584 582 3
a 584 614 5
a 585 311 4
a 585 414 10
a 586 463 6
a 586 482 1
a 587 46 9
a 587 352 4
a 588 12 3
a 588 143 8
a 588 314 7
a 588 363 7
a 588 669 2
a 589 410 9
a 589 443 9
a 590 103 1
a 590 509 4
a 591 14 8
a 591 116 9
a 591 190 3
a 591 526 10
a 592 478 2
a 592 534 7
a 593 423 4
a 594 668 2
a 595 94 7
a 596 381 6
a 597 396 8
a 597 547 4
a 597 638 5
a 598 193 8
a 598 433 2
a 598 725 4
a 599 321 10
a 600 749 8
a 601 478 8
a 602 675 2
a 603 198 8
a 603 659 3
a 604 410 7
a 604 704 1
a 604 709 1
a 605 6 7
a 605 45 7
a 605 238 10
a 605 290 6
a 606 401 5
a 607 575 4
a 607 669 2
a 608 742 5
a 609 285 3
a 609 591 3
a 609 722 4
a 610 625 4
a 610 786 4
a 611 23 7
a 611 272 9
a 611 738 5
a 612 690 9
a 613 414 1
a 614 61 4
a 614 343 1
a 615 245 3
a 615 520 4
a 616 305 6
a 616 601 5
a 617 707 5
a 618 295 8
a 618 342 9
a 618 391 7
a 618 733 4
a 618 793 9
a 619 79 5
a 620 295 3
a 620 769 7
a 621 200 2
a 621 594 2
a 621 639 3
a 622 668 2
a 623 106 1
a 623 228 9
a 623 366 3
a 623 549 3
a 624 351 3
a 624 400 8
a 624 588 4
a 625 620 9
a 625 706 5
a 626 38 2
a 627 135 6
a 627 142 6
a 628 629 2
a 628 752 6
a 629 254 4
a 629 738 10
a 630 488 9
a 630 676 1
a 630 727 7
a 631 61 8
a 631 148 2
a 632 766 10
a 633 199 10
a 633 219 8
a 633 450 10
a 634 416 5
a 635 409 7
a 635 582 1
a 636 271 3
a 637 145 4
a 637 705 6
a 638 466 7
a 639 253 7
a 639 466 7
a 640 589 2
a 640 605 5
a 640 637 9
a 641 220 8
a 642 466 9
a 642 728 8
a 643 279 3
a 644 319 4
a 644 639 3
a 645 508 3
a 646 329 10
a 646 761 2
a 647 193 3
a 647 690 6
a 648 70 7
a 649 218 10
a 649 623 6
a 650 491 2
a 651 446 4
a 652 492 8
a 652 517 9
a 653 376 8
a 654 219 7
a 654 418 6
a 654 435 5
a 654 682 1
a 654 723 4
a 655 586 7
a 655 781 1
a 656 288 5
a 656 480 3
a 656 548 2
a 657 163 2
a 658 197 1
a 658 238 9
a 658 300 6
a 658 328 3
a 658 434 5
a 659 109 4
a 659 461 2
a 659 527 9
a 659 799 1
a 660 445 4
a 660 618 1
a 661 432 2
a 662 627 5
a 663 84 2
a 663 167 10
a 664 325 4
a 665 341 10
a 666 339 7
a 667 61 6
a 667 666 3
a 668 709 10
a 669 98 9
a 670 150 1
a 670 301 6
a 671 276 5
a 671 765 8
a 671 792 1
a 672 282 6
a 673 519 8
a 674 422 9
a 674 750 7
a 675 10 7
a 675 513 7
a 676 55 2
a 676 469 8
a 677 302 3
a 677 697 7
a 678 151 6
a 678 526 4
a 679 274 8
a 679 428 2
a 680 126 6
a 680 494 3
a 681 301 10
a 682 187 1
a 682 442 2
a 682 495 8
a 683 73 7
a 683 537 10
a 684 129 7
a 684 788 3
a 685 29 10
a 685 228 6
a 686 265 8
a 687 592 10
a 688 304 8
a 689 263 1
a 689 673 3
a 690 123 9
a 690 667 4
a 691 209 8
a 691 451 6
a 692 255 8
a 693 698 3
a 694 220 8
a 695 113 3
a 695 723 6
a 696 244 8
a 696 339 10
a 696 692 1
a 696 730 2
a 697 198 2
a 698 155 1
a 699 408 4
a 700 697 7
a 701 447 3
a 702 330 5
a 702 502 3
a 703 246 4
a 704 336 4
a 704 415 1
a 705 213 4
a 705 720 9
a 706 419 3
a 706 605 1
a 707 240 3
a 707 310 6
a 707 564 1
a 708 11 7
a 709 67 2
a 709 503 5
a 709 577 10
a 709 655 9
a 710 133 5
a 711 541 4
a 711 660 7
a 712 362 6
a 712 593 8
a 713 131 4
a 713 477 3
a 713 629 9
a 714 309 9
a 714 375 7
a 714 776 2
a 715 638 4
a 715 642 7
a 716 233 6
a 716 734 9
a 717 297 2
a 717 748 9
a 718 121 7
a 718 367 8
a 718 664 10
a 719 55 8
a 719 241 9
a 719 500 7
a 719 539 10
a 719 707 6
a 720 374 3
a 720 388 6
a 721 535 8
a 721 677 9
a 722 416 6
a 722 718 1
a 723 7 7
a 723 31 3
a 723 799 2
a 724 261 8
a 724 318 8
a 724 552 1
a 725 75 6
a 726 79 6
a 726 308 1
a 726 385 8
a 727 122 5
a 728 20 2
a 728 171 8
a 728 266 7
a 728 383 4
a 728 585 4
a 729 3 7
a 729 444 7
a 729 457 9
a 730 59 4
a 730 213 10
a 730 538 4
a 730 656 7
a 731 710 8
a 732 474 6
a 732 550 6
a 733 456 10
a 734 553 9
a 734 739 2
a 735 322 1
a 735 551 10
a 735 571 3
a 735 678 10
a 736 292 8
a 736 447 9
a 737 444 7
a 737 768 7
a 738 182 4
a 738 449 8
a 739 364 10
a 739 374 7
a 740 214 3
a 740 543 4
a 740 612 1
a 741 523 5
a 741 657 9
a 742 436 3
a 742 494 2
a 742 579 5
a 742 754 5
a 743 491 2
a 743 787 3
a 744 301 10
a 745 91 7
a 746 30 4
a 746 330 7
a 746 580 1
a 747 501 6
a 747 686 8
a 748 371 4
a 748 506 1
a 748 664 1
a 748 759 6
a 749 237 4
a 750 382 1
a 750 413 4
a 750 478 10
a 751 167 6
a 751 720 10
a 752 180 6
a 752 249 6
a 752 493 1
a 752 740 9
a 752 741 6
a 753 132 7
a 753 389 3
a 753 721 9
a 754 87 6
a 755 724 3
a 756 584 9
a 757 709 3
a 757 724 1
a 758 250 5
a 758 336 6
a 759 153 2
a 759 193 4
a 760 440 4
a 761 499 1
a 761 715 2
a 762 43 8
a 762 446 6
a 763 303 1
a 763 508 8
a 763 555 9
a 763 581 5
a 764 91 5
a 764 597 10
a 765 14 5
a 765 255 10
a 766 396 2
a 767 80 9
a 767 176 8
a 768 72 4
a 768 662 2
a 768 675 1
a 769 164 2
a 769 640 6
a 769 669 5
a 770 86 4
a 770 174 1
a 771 95 9
a 772 2 9
a 772 225 4
a 773 725 6
a 774 614 4
a 775 167 2
a 775 661 4
a 776 650 6
a 776 660 10
a 777 655 2
a 778 304 2
a 779 379 9
a 779 562 7
a 780 331 5
a 780 353 1
a 780 719 10
a 781 346 3
a 781 429 7
a 782 393 5
a 783 593 7
a 783 604 7
a 784 341 8
a 784 513 2
a 784 694 10
a 785 326 2
a 786 481 8
a 787 120 8
a 787 174 3
a 787 487 1
a 788 183 8
a 789 15 2
a 789 393 2
a 789 636 4
a 789 763 4
a 790 4 1
a 790 58 10
a 790 689 1
a 791 9 4
a 791 758 8
a 792 188 9
a 793 539 6
a 794 228 1
a 794 572 9
a 795 308 7
a 795 449 5
a 795 693 8
a 795 771 9
a 796 26 8
a 796 265 5
a 796 525 10
a 796 570 1
a 797 69 7
a 798 384 6
a 798 642 5
a 799 305 6
a 799 428 6
