p max 800 1600
n 1 s
n 800 t
a 1 288 3
a 1 479 2
a 2 23 7
a 2 586 1
a 2 663 10
a 3 6 2
a 3 59 3
a 4 146 4
a 5 24 6
a 5 135 2
a 5 243 8
a 5 390 2
a 5 508 6
a 5 588 2
a 6 160 3
a 6 427 6
a 6 638 1
a 6 755 6
a 6 760 8
a 6 761 3
a 7 327 5
a 7 365 4
a 7 665 1
a 8 557 5
a 8 641 9
a 9 332 2
a 9 547 9
a 9 626 7
a 10 8 5
a 10 197 1
a 10 701 3
a 11 191 3
a 12 423 8
a 13 737 2
a 14 228 2
a 14 763 8
a 15 274 6
a 15 404 1
a 15 566 1
a 16 17 10
a 16 257 3
a 16 276 8
a 16 636 2
a 16 734 8
a 17 311 5
a 17 325 5
a 17 453 4
a 18 278 6
a 18 667 2
a 19 166 6
a 19 350 3
a 20 213 3
a 20 509 8
a 21 625 1
a 22 299 8
a 22 525 2
a 22 596 3
a 23 356 7
a 24 471 8
a 24 647 2
a 25 4 6
a 25 50 8
a 25 219 4
a 26 110 7
a 27 439 7
a 27 575 5
a 28 30 3
a 28 523 5
a 28 630 4
a 29 106 9
a 29 478 10
a 30 108 10
a 31 213 7
a 31 716 10
a 31 730 4
a 32 142 4
a 32 543 8
a 33 260 9
a 33 451 9
a 34 152 7
a 34 784 6
a 35 164 7
a 36 314 5
a 36 578 1
a 36 750 2
a 37 485 8
a 38 169 5
a 38 360 2
a 38 570 3
a 39 452 5
a 40 276 3
a 41 410 6
a 42 154 3
a 43 242 9
a 43 694 1
a 44 472 9
a 45 424 5
a 46 380 5
a 46 413 5
a 46 700 9
a 47 75 4
a 48 261 2
a 48 301 8
a 49 279 10
a 49 550 8
a 50 412 1
a 50 643 7
a 51 530 1
a 51 745 3
a 52 400 4
a 52 764 3
a 53 94 7
a 53 609 3
a 54 75 9
a 55 395 6
a 55 783 6
a 56 255 9
a 56 323 5
a 56 652 2
a 56 705 4
a 57 320 10
a 57 482 9
a 58 316 4
a 59 192 4
a 59 638 5
a 60 693 3
a 61 167 8
a 61 175 2
a 61 338 2
a 62 465 4
a 62 505 10
a 62 790 8
a 63 47 7
a 63 140 9
a 64 294 3
a 64 552 1
a 65 271 9
a 65 293 10
a 66 38 6
a 66 238 8
a 66 405 10
a 66 476 6
a 66 634 9
a 66 693 7
a 67 479 8
a 68 28 5
a 68 496 5
a 69 159 4
a 69 701 1
a 70 78 9
a 70 152 1
a 70 302 9
a 70 352 10
a 70 449 8
a 71 141 1
a 71 625 9
a 71 775 1
a 72 764 7
a 73 134 2
a 73 257 9
a 73 343 5
a 74 193 10
a 75 52 10
a 75 613 5
a 76 279 3
a 76 697 1
a 77 14 8
a 77 463 5
a 78 446 1
a 79 459 6
a 79 600 2
a 80 174 4
a 80 464 3
a 81 189 1
a 81 566 1
a 81 593 6
a 81 677 5
a 82 49 8
a 82 469 5
a 83 141 6
a 84 717 3
a 85 653 8
a 85 764 3
a 86 737 4
a 87 543 3
a 88 351 3
a 88 723 4
a 89 28 2
a 89 140 1
a 89 407 9
a 90 683 1
a 91 36 7
a 91 102 3
a 91 326 8
a 92 242 10
a 92 267 9
a 92 471 1
a 93 568 2
a 93 796 6
a 94 17 3
a 94 115 2
a 94 600 9
a 94 792 8
a 95 51 4
a 95 680 2
a 96 269 8
a 97 130 10
a 97 696 9
a 98 130 4
a 99 643 9
a 99 670 3
a 100 373 8
a 100 678 10
a 101 39 9
a 101 218 7
a 101 778 2
a 101 796 1
a 102 10 9
a 103 63 5
a 103 293 6
a 103 567 9
a 103 659 2
a 104 73 5
a 104 306 4
a 105 524 5
a 105 787 4
a 106 44 7
a 107 232 3
a 107 531 3
a 108 150 6
a 108 340 8
a 108 420 3
a 109 114 9
a 109 115 2
a 109 200 3
a 110 220 2
a 110 572 6
a 111 463 7
a 112 139 7
a 112 164 3
a 112 177 7
a 113 715 2
a 114 418 9
a 115 49 2
a 115 155 7
a 115 629 2
a 116 298 8
a 117 422 1
a 117 517 2
a 117 537 5
a 118 13 2
a 119 217 5
a 119 776 6
a 120 564 8
a 120 676 6
a 121 162 7
a 121 703 8
a 122 244 8
a 122 252 1
a 123 241 7
a 124 306 3
a 124 358 7
a 125 161 1
a 125 525 3
a 125 553 6
a 125 665 6
a 126 156 7
a 126 710 3
a 127 10 10
a 127 425 9
a 128 116 4
a 129 12 9
a 129 519 7
a 129 667 5
a 130 754 9
a 131 280 6
a 131 584 2
a 131 767 6
a 132 239 9
a 133 783 3
a 134 337 9
a 134 796 2
a 135 156 1
a 135 168 4
a 135 273 6
a 135 331 3
a 136 175 9
a 136 237 7
a 136 248 10
a 136 579 5
a 137 237 2
a 138 71 3
a 138 284 2
a 138 314 10
a 139 74 2
a 139 245 5
a 139 473 9
a 139 693 6
a 140 243 2
a 140 423 8
a 140 462 7
a 141 374 5
a 141 593 9
a 142 90 5
a 143 11 9
a 143 726 7
a 144 68 2
a 144 208 8
a 145 791 7
a 146 6 8
a 146 233 9
a 146 346 10
a 147 420 10
a 148 382 1
a 148 446 7
a 149 293 5
a 150 589 1
a 151 368 4
a 151 561 3
a 151 664 7
a 152 376 7
a 153 243 6
a 153 487 8
a 154 325 4
a 155 386 3
a 156 67 4
a 157 88 8
a 157 203 7
a 157 417 4
a 158 121 1
a 159 376 9
a 160 375 7
a 160 781 4
a 161 7 3
a 162 136 6
a 163 210 10
a 163 621 5
a 164 123 4
a 165 515 8
a 165 587 10
a 166 441 9
a 166 714 1
a 167 29 1
a 167 165 2
a 167 580 3
a 168 116 2
a 168 400 5
a 168 588 4
a 169 294 8
a 169 314 5
a 169 347 7
a 169 477 7
a 169 718 3
a 169 759 9
a 170 130 4
a 170 442 7
a 171 118 6
a 171 215 10
a 171 547 4
a 171 580 1
a 172 234 8
a 173 399 6
a 173 438 10
a 174 287 6
a 174 491 5
a 174 602 8
a 175 316 7
a 175 644 5
a 176 123 6
a 177 358 5
a 177 679 7
a 178 25 5
a 178 795 5
a 179 98 10
a 180 226 7
a 180 682 9
a 181 293 1
a 181 298 8
a 182 552 8
a 182 682 4
a 182 800 8
a 183 543 2
a 183 610 3
a 183 706 6
a 184 324 1
a 184 520 9
a 184 657 2
a 185 197 7
a 186 163 2
a 186 567 10
a 187 110 1
a 187 540 6
a 188 33 1
a 189 111 7
a 189 745 5
a 190 18 9
a 191 547 4
a 192 431 2
a 193 494 1
a 194 350 3
a 195 191 1
a 196 265 5
a 196 377 5
a 197 507 3
a 198 21 3
a 199 192 6
a 199 621 3
a 200 68 4
a 200 178 9
a 200 313 2
a 200 366 7
a 200 667 10
a 201 137 9
a 201 215 10
a 202 430 2
a 202 633 4
a 202 737 8
a 203 601 2
a 204 514 1
a 204 612 3
a 204 686 9
a 205 313 10
a 206 439 8
a 206 668 3
a 207 706 10
a 208 99 7
a 208 149 10
a 208 312 3
a 208 774 5
a 209 423 6
a 209 780 10
a 210 78 7
a 210 207 5
a 210 266 1
a 211 611 4
a 212 484 3
a 213 97 6
a 213 296 3
a 214 284 4
a 215 451 9
a 216 81 4
a 216 94 10
a 216 392 5
a 216 448 2
a 216 673 4
a 217 260 7
a 217 403 3
a 217 432 5
a 218 474 8
a 219 72 4
a 219 669 5
a 219 707 9
a 220 57 9
a 220 65 8
a 220 348 5
a 220 503 4
a 221 133 6
a 221 493 10
a 222 669 6
a 222 726 3
a 223 191 7
a 223 380 7
a 224 486 7
a 225 89 1
a 226 542 8
a 226 727 9
a 227 33 3
a 227 388 5
a 228 123 10
a 228 418 9
a 228 468 10
a 229 247 4
a 229 397 1
a 230 591 6
a 231 25 1
a 231 652 5
a 232 239 6
a 232 342 9
a 232 516 4
a 233 89 2
a 234 314 3
a 235 322 5
a 236 127 1
a 237 58 7
a 237 256 3
a 237 538 6
a 238 395 2
a 239 359 4
a 240 600 8
a 241 414 8
a 241 490 8
a 241 611 10
a 242 217 6
a 242 713 8
a 243 129 2
a 243 709 7
a 244 694 9
a 245 74 7
a 246 373 6
a 246 496 10
a 247 4 8
a 247 315 3
a 247 556 10
a 248 509 7
a 249 112 4
a 249 171 2
a 249 225 4
a 249 453 1
a 249 502 9
a 249 648 5
a 249 739 1
a 250 144 3
a 250 253 1
a 251 126 1
a 251 181 4
a 252 192 7
a 253 555 10
a 253 700 6
a 254 485 8
a 254 532 9
a 254 558 4
a 255 389 8
a 255 748 4
a 256 375 10
a 256 585 2
a 257 452 10
a 257 504 5
a 258 388 6
a 258 604 5
a 258 736 2
a 259 167 8
a 260 208 8
a 260 316 1
a 260 711 1
a 261 145 10
a 261 176 5
a 261 264 5
a 262 96 8
a 262 742 10
a 263 758 7
a 263 772 8
a 264 322 2
a 264 386 6
a 264 770 7
a 265 9 9
a 266 55 6
a 266 726 1
a 267 111 5
a 268 423 3
a 269 37 3
a 269 381 6
a 269 517 4
a 269 591 4
a 270 80 3
a 270 90 2
a 270 526 6
a 270 743 8
a 271 354 1
a 272 770 7
a 273 169 5
a 273 645 9
a 273 777 4
a 274 173 4
a 274 305 8
a 274 767 8
a 275 355 8
a 275 787 6
a 276 385 6
a 277 416 8
a 277 768 2
a 278 406 10
a 278 760 8
a 279 226 6
a 279 690 3
a 280 601 3
a 281 145 5
a 282 510 9
a 282 623 5
a 282 649 9
a 282 663 2
a 282 676 2
a 282 677 5
a 283 76 5
a 283 393 4
a 284 684 1
a 284 694 8
a 285 367 8
a 286 501 7
a 287 56 4
a 287 89 9
a 287 738 2
a 288 398 7
a 288 451 3
a 289 428 5
a 290 79 2
a 290 413 5
a 290 536 4
a 291 216 2
a 291 543 7
a 292 149 5
a 292 239 6
a 293 261 4
a 294 109 10
a 294 235 7
a 295 317 8
a 295 418 8
a 295 546 6
a 296 301 9
a 296 489 9
a 296 746 10
a 297 658 5
a 298 93 6
a 298 321 10
a 299 162 9
a 299 751 7
a 300 164 9
a 301 496 9
a 302 202 3
a 302 651 7
a 303 729 9
a 304 323 2
a 305 194 5
a 305 491 7
a 305 724 6
a 306 158 9
a 306 535 2
a 307 577 10
a 307 749 4
a 307 800 3
a 308 449 5
a 308 470 8
a 309 251 4
a 309 656 1
a 310 128 3
a 310 644 1
a 311 41 5
a 311 192 9
a 311 726 3
a 312 458 7
a 313 620 7
a 314 652 7
a 315 333 7
a 316 81 8
a 317 178 7
a 318 180 7
a 318 501 4
a 318 684 9
a 319 354 10
a 320 289 9
a 320 452 5
a 321 697 5
a 321 794 10
a 322 281 9
a 323 482 1
a 324 8 7
a 324 741 8
a 324 770 6
a 325 181 6
a 325 560 2
a 325 589 7
a 325 687 10
a 326 133 9
a 326 506 9
a 326 572 10
a 327 23 2
a 328 264 4
a 328 480 8
a 329 182 1
a 329 236 6
a 330 403 3
a 330 720 5
a 331 26 8
a 332 586 10
a 333 370 9
a 333 441 5
a 334 509 4
a 334 688 8
a 335 340 8
a 336 39 5
a 337 559 10
a 337 633 4
a 338 84 3
a 339 435 7
a 340 49 7
a 340 87 8
a 340 250 1
a 341 561 3
a 342 285 10
a 342 490 10
a 342 667 6
a 342 733 10
a 343 322 1
a 343 715 8
a 343 719 7
a 343 789 3
a 344 541 2
a 345 65 2
a 346 417 9
a 347 127 7
a 347 325 4
a 347 450 6
a 347 466 8
a 348 360 3
a 349 196 1
a 349 208 4
a 349 394 3
a 350 259 2
a 350 497 2
a 351 353 7
a 351 598 1
a 352 97 2
a 353 622 2
a 353 686 7
a 353 693 3
a 354 47 8
a 354 413 6
a 354 691 4
a 354 755 4
a 355 5 4
a 356 150 6
a 356 260 1
a 357 426 9
a 358 438 8
a 358 513 1
a 359 530 3
a 359 704 3
a 360 9 3
a 360 484 6
a 360 631 8
a 361 419 3
a 361 657 6
a 362 195 3
a 363 26 4
a 363 183 2
a 364 195 4
a 364 652 2
a 364 800 5
a 365 353 3
a 365 602 10
a 365 701 9
a 366 439 10
a 366 793 2
a 367 249 4
a 367 302 10
a 367 549 8
a 368 208 1
a 369 122 8
a 370 511 8
a 371 158 10
a 372 88 8
a 372 102 1
a 373 753 10
a 374 256 7
a 374 791 6
a 375 617 7
a 375 746 2
a 376 322 1
a 376 393 6
a 377 277 1
a 377 662 9
a 378 230 10
a 379 16 10
a 379 320 9
a 379 616 4
a 380 708 7
a 381 183 6
a 381 644 7
a 382 244 8
a 382 662 2
a 383 289 10
a 383 303 2
a 383 712 6
a 383 787 4
a 384 176 6
a 384 300 10
a 384 728 1
a 385 438 5
a 385 529 7
a 385 740 10
a 386 489 2
a 386 660 4
a 387 27 5
a 387 474 3
a 387 673 8
a 388 82 9
a 388 528 8
a 388 617 10
a 389 332 6
a 390 286 4
a 391 704 4
a 392 564 2
a 393 339 10
a 393 421 4
a 393 658 8
a 394 91 4
a 394 675 4
a 395 44 7
a 395 534 4
a 396 425 2
a 396 499 1
a 396 530 4
a 397 270 10
a 397 671 10
a 398 358 3
a 398 427 7
a 399 118 10
a 400 297 10
a 401 567 8
a 402 46 3
a 403 64 3
a 404 352 1
a 404 624 2
a 405 209 1
a 405 620 8
a 405 740 5
a 405 773 8
a 406 404 9
a 406 526 8
a 407 42 8
a 407 374 6
a 407 574 8
a 408 500 1
a 408 632 9
a 409 704 7
a 410 608 4
a 411 124 9
a 411 307 9
a 412 494 9
a 412 731 3
a 413 109 2
a 413 661 3
a 414 256 7
a 415 576 5
a 415 674 9
a 416 381 2
a 416 562 5
a 417 117 5
a 417 232 5
a 417 408 3
a 417 460 8
a 418 476 2
a 419 275 5
a 420 89 2
a 420 783 8
a 421 419 8
a 422 343 3
a 422 582 4
a 423 304 4
a 423 670 8
a 424 690 3
a 425 145 8
a 425 615 2
a 426 587 6
a 427 136 10
a 427 350 6
a 428 633 9
a 428 768 8
a 429 121 5
a 429 534 5
a 429 661 9
a 429 731 6
a 430 367 8
a 430 383 4
a 430 438 6
a 431 741 9
a 432 301 5
a 433 590 1
a 434 594 1
a 434 639 2
a 435 138 8
a 435 791 7
a 436 19 2
a 436 390 5
a 437 425 6
a 437 562 6
a 438 84 3
a 438 703 5
a 439 353 7
a 440 184 3
a 440 297 1
a 441 338 1
a 441 467 4
a 442 64 7
a 442 355 1
a 442 378 7
a 442 400 7
a 443 605 2
a 444 255 2
a 445 499 8
a 445 687 2
a 446 252 5
a 447 333 6
a 447 492 9
a 447 771 4
a 448 202 8
a 448 228 7
a 449 301 10
a 450 393 9
a 451 30 9
a 452 216 6
a 452 410 1
a 452 628 10
a 453 175 3
a 454 781 6
a 455 63 7
a 455 75 4
a 455 532 10
a 456 321 2
a 456 330 4
a 457 385 5
a 457 717 6
a 458 300 9
a 459 300 4
a 460 545 6
a 461 561 6
a 462 283 3
a 462 345 3
a 463 270 10
a 463 447 5
a 464 398 3
a 465 266 2
a 465 445 1
a 465 520 9
a 465 543 6
a 466 26 5
a 466 183 1
a 467 77 10
a 467 158 6
a 467 482 7
a 468 13 7
a 469 202 7
a 469 511 6
a 469 636 10
a 470 639 5
a 471 178 8
a 472 67 3
a 473 284 2
a 474 11 6
a 474 344 10
a 474 351 6
a 475 518 9
a 475 752 4
a 475 785 3
a 476 267 1
a 477 83 6
a 477 250 10
a 478 96 5
a 479 303 1
a 480 157 3
a 480 747 1
a 481 156 7
a 481 292 6
a 481 385 2
a 481 435 7
a 481 521 1
a 481 624 8
a 482 206 10
a 483 148 5
a 483 170 3
a 483 286 10
a 484 681 3
a 484 756 10
a 485 316 8
a 486 57 5
a 486 372 1
a 487 451 2
a 488 257 10
a 488 544 8
a 488 670 4
a 489 389 2
a 490 704 2
a 491 129 1
a 491 506 9
a 491 786 10
a 492 223 10
a 493 672 1
a 494 111 3
a 495 86 5
a 495 223 6
a 495 348 6
a 496 190 8
a 497 354 2
a 497 488 8
a 497 495 7
a 497 554 3
a 497 575 6
a 497 794 7
a 498 562 5
a 499 381 2
a 500 430 8
a 500 586 6
a 500 706 5
a 501 186 1
a 501 675 6
a 502 130 2
a 502 147 1
a 503 256 9
a 504 5 8
a 504 362 2
a 504 704 2
a 505 329 9
a 505 504 2
a 506 367 7
a 506 787 2
a 507 126 1
a 507 468 1
a 507 540 1
a 507 753 8
a 508 195 9
a 508 533 4
a 509 386 4
a 510 67 4
a 511 642 8
a 511 653 7
a 512 398 9
a 513 52 10
a 513 421 4
a 514 595 10
a 515 400 9
a 515 433 7
a 515 437 4
a 516 49 3
a 516 396 4
a 517 250 5
a 518 594 2
a 518 745 9
a 519 625 1
a 520 424 5
a 520 500 10
a 521 98 9
a 521 453 1
a 521 475 3
a 522 494 3
a 523 451 1
a 524 484 7
a 525 266 9
a 526 230 6
a 526 785 2
a 527 65 6
a 527 597 7
a 528 470 6
a 528 781 8
a 529 470 4
a 530 214 8
a 530 525 1
a 531 3 1
a 531 104 5
a 532 491 8
a 532 762 5
a 533 525 7
a 534 139 10
a 534 700 7
a 535 83 4
a 536 47 4
a 536 254 7
a 537 552 2
a 538 379 2
a 538 620 8
a 539 66 3
a 540 225 1
a 540 230 5
a 540 251 1
a 541 565 1
a 542 527 7
a 543 606 6
a 543 703 4
a 544 186 7
a 544 197 8
a 545 205 2
a 545 713 4
a 546 251 5
a 546 309 3
a 547 355 7
a 548 281 3
a 548 472 4
a 548 672 2
a 548 735 5
a 549 331 9
a 550 504 10
a 551 142 10
a 552 60 2
a 552 199 10
a 552 468 10
a 552 561 9
a 552 689 7
a 553 364 5
a 553 396 8
a 553 646 6
a 554 379 10
a 554 722 5
a 555 615 8
a 556 363 4
a 556 799 9
a 557 23 2
a 557 132 9
a 557 204 5
a 557 756 8
a 558 244 1
a 559 644 10
a 560 211 2
a 560 715 4
a 561 333 2
a 561 708 3
a 562 34 8
a 562 630 8
a 562 635 8
a 563 26 6
a 563 291 9
a 563 527 7
a 564 754 1
a 565 22 4
a 565 222 7
a 566 303 3
a 567 467 4
a 567 636 3
a 568 61 1
a 568 227 2
a 568 239 8
a 568 478 10
a 569 380 7
a 569 565 10
a 570 663 3
a 571 296 8
a 571 666 8
a 571 688 3
a 572 569 9
a 572 800 1
a 573 85 8
a 573 757 10
a 574 354 3
a 575 190 10
a 575 247 6
a 575 250 8
a 575 479 2
a 575 607 6
a 576 240 5
a 576 272 1
a 576 782 5
a 577 763 4
a 578 144 1
a 578 387 2
a 578 391 1
a 578 570 5
a 579 113 9
a 579 206 9
a 579 637 5
a 580 698 7
a 580 766 3
a 581 7 10
a 581 524 4
a 582 434 8
a 582 552 1
a 583 187 8
a 583 337 3
a 584 634 7
a 585 707 6
a 586 479 2
a 587 122 7
a 587 290 3
a 588 372 2
a 588 608 7
a 589 87 7
a 590 607 1
a 591 120 7
a 591 444 7
a 591 605 8
a 592 611 6
a 593 300 10
a 594 9 4
a 594 43 2
a 594 226 3
a 595 716 3
a 596 512 6
a 597 571 7
a 598 504 5
a 598 729 4
a 599 357 8
a 599 474 10
a 600 540 8
a 601 119 8
a 601 222 3
a 602 15 2
a 602 108 9
a 602 117 8
a 602 303 8
a 603 137 2
a 603 548 4
a 604 227 4
a 605 675 4
a 606 149 2
a 606 770 5
a 607 100 9
a 607 236 2
a 608 56 10
a 608 153 6
a 608 592 3
a 609 510 2
a 609 771 5
a 610 579 5
a 610 725 5
a 611 749 6
a 612 601 7
a 612 796 6
a 613 100 7
a 613 684 3
a 613 709 1
a 614 338 6
a 614 672 9
a 615 785 1
a 616 436 3
a 617 17 1
a 617 258 9
a 617 507 10
a 617 732 4
a 618 428 3
a 618 590 8
a 618 756 4
a 619 244 10
a 619 426 5
a 620 273 3
a 621 522 7
a 621 530 10
a 622 201 7
a 622 268 9
a 622 347 6
a 622 784 5
a 623 214 2
a 624 377 9
a 625 434 7
a 625 458 1
a 626 96 7
a 626 661 5
a 627 146 2
a 627 275 4
a 628 635 7
a 628 683 7
a 628 766 10
a 629 38 8
a 629 282 10
a 630 563 9
a 630 722 2
a 631 596 8
a 631 603 4
a 631 797 5
a 632 291 9
a 633 310 1
a 633 647 8
a 634 344 1
a 635 454 7
a 635 737 8
a 636 535 7
a 636 646 8
a 637 162 1
a 637 673 6
a 638 13 4
a 638 212 6
a 638 654 10
a 639 68 3
a 639 436 7
a 639 452 9
a 639 618 10
a 640 312 7
a 641 430 6
a 642 498 6
a 642 800 4
a 643 143 2
a 644 20 9
a 644 224 6
a 645 190 4
a 645 193 6
a 645 371 5
a 645 415 7
a 646 247 6
a 646 348 8
a 647 61 2
a 647 241 2
a 647 319 8
a 648 373 10
a 649 461 6
a 650 143 2
a 650 588 6
a 651 46 5
a 651 75 5
a 651 612 4
a 651 695 4
a 652 67 1
a 652 70 10
a 652 125 8
a 652 573 1
a 652 742 9
a 653 131 2
a 653 792 2
a 654 458 7
a 655 306 8
a 655 402 1
a 655 483 2
a 655 630 4
a 656 440 9
a 656 539 2
a 657 268 3
a 657 752 3
a 658 40 2
a 658 503 2
a 659 89 6
a 659 154 7
a 659 594 1
a 660 92 8
a 660 531 7
a 661 229 10
a 661 456 1
a 661 583 10
a 661 588 7
a 662 246 1
a 662 687 7
a 663 328 1
a 664 469 7
a 665 41 9
a 665 384 2
a 665 736 7
a 666 233 6
a 666 339 5
a 667 380 9
a 668 745 2
a 668 765 10
a 669 107 3
a 669 457 10
a 669 519 2
a 670 158 8
a 670 268 1
a 670 376 8
a 671 362 10
a 671 449 4
a 671 463 1
a 672 355 5
a 673 263 8
a 673 611 5
a 674 199 9
a 675 439 3
a 675 599 1
a 675 757 2
a 676 144 6
a 677 124 1
a 677 743 1
a 678 151 8
a 678 446 8
a 678 620 2
a 679 286 9
a 679 414 4
a 680 334 10
a 680 627 9
a 680 793 3
a 681 464 10
a 682 495 5
a 683 277 4
a 683 299 1
a 684 293 5
a 684 595 1
a 684 655 5
a 685 69 7
a 685 223 5
a 686 419 6
a 687 566 7
a 688 93 4
a 688 198 8
a 689 103 10
a 689 132 5
a 690 461 1
a 690 677 10
a 691 672 8
a 692 95 8
a 693 575 9
a 693 699 5
a 694 451 5
a 695 21 7
a 695 87 8
a 695 295 3
a 696 516 4
a 696 545 8
a 697 542 7
a 697 607 5
a 698 348 7
a 698 474 7
a 699 593 10
a 700 58 8
a 700 341 10
a 700 369 4
a 700 661 5
a 701 84 8
a 701 265 2
a 701 334 8
a 701 650 10
a 702 174 6
a 702 411 7
a 702 473 1
a 702 705 2
a 703 215 3
a 703 345 10
a 703 349 3
a 703 391 3
a 703 619 7
a 704 45 5
a 704 664 3
a 704 769 1
a 705 58 5
a 705 62 5
a 705 409 8
a 705 632 7
a 705 756 4
a 706 796 2
a 707 297 10
a 707 379 5
a 708 52 9
a 708 512 7
a 709 308 8
a 709 401 1
a 709 634 9
a 710 576 6
a 710 614 5
a 710 654 4
a 711 397 10
a 711 614 6
a 712 279 6
a 712 363 1
a 713 659 2
a 713 748 4
a 714 647 3
a 715 174 5
a 715 443 10
a 716 511 3
a 717 278 2
a 717 641 8
a 718 245 5
a 718 551 8
a 718 670 1
a 718 721 2
a 719 105 1
a 720 785 2
a 721 47 3
a 721 221 10
a 722 377 8
a 722 571 4
a 723 101 10
a 723 440 7
a 723 623 6
a 724 119 8
a 724 687 3
a 725 262 10
a 725 296 6
a 726 690 9
a 727 154 6
a 728 169 2
a 728 234 9
a 729 53 9
a 729 359 1
a 730 207 6
a 730 541 8
a 730 601 4
a 731 150 5
a 731 644 6
a 732 51 5
a 732 259 8
a 732 619 9
a 732 625 9
a 732 702 4
a 732 716 3
a 733 553 2
a 733 608 8
a 734 328 10
a 734 604 4
a 735 512 1
a 735 515 1
a 736 441 10
a 736 585 8
a 736 789 10
a 737 66 9
a 737 708 7
a 738 2 9
a 738 172 8
a 738 343 3
a 739 385 7
a 740 583 3
a 741 269 6
a 742 179 10
a 742 685 3
a 742 725 7
a 743 359 2
a 743 482 8
a 744 13 8
a 744 318 9
a 745 746 7
a 746 335 1
a 746 480 1
a 747 120 5
a 747 623 4
a 748 242 6
a 749 179 10
a 749 185 5
a 750 95 4
a 750 640 7
a 750 762 10
a 751 632 6
a 752 217 5
a 752 515 4
a 753 237 1
a 753 675 2
a 754 794 6
a 755 128 10
a 756 105 7
a 756 539 9
a 757 287 10
a 757 486 7
a 758 197 3
a 759 431 4
a 759 520 5
a 760 705 10
a 760 754 6
a 760 800 8
a 761 620 10
a 761 788 6
a 762 146 9
a 762 321 10
a 762 798 1
a 763 336 7
a 764 35 4
a 764 48 4
a 764 113 10
a 764 782 5
a 764 786 2
a 765 51 3
a 765 88 5
a 765 289 10
a 766 157 2
a 766 791 5
a 767 549 8
a 767 758 9
a 768 188 1
a 768 392 9
a 769 361 10
a 769 708 6
a 770 640 5
a 770 767 4
a 771 617 5
a 772 373 8
a 772 483 10
a 773 11 8
a 773 20 10
a 773 32 5
a 773 122 4
a 774 480 3
a 774 551 8
a 775 125 1
a 775 744 8
a 776 683 9
a 777 18 1
a 777 88 10
a 777 339 2
a 778 173 8
a 778 240 5
a 778 671 1
a 779 31 6
a 779 102 7
a 780 747 2
a 780 790 3
a 781 105 6
a 782 137 3
a 783 10 2
a 783 82 7
a 783 556 3
a 783 692 6
a 784 101 7
a 784 104 9
a 784 336 10
a 785 393 5
a 786 54 3
a 786 314 4
a 786 316 1
a 787 497 4
a 787 696 7
a 788 183 3
a 788 429 8
a 789 231 10
a 789 314 5
a 789 321 9
a 789 455 3
a 789 779 4
a 790 755 7
a 791 799 2
a 792 265 4
a 793 59 2
a 794 136 8
a 794 269 1
a 794 308 8
a 795 420 7
a 796 356 5
a 796 481 6
a 796 548 2
a 797 498 7
a 797 581 9
a 798 294 3
a 799 254 4
