p max 800 1600
n 1 s
n 800 t
a 1 682 1
a 1 721 10
a 1 769 8
a 2 231 6
a 2 759 1
a 3 255 4
a 4 31 2
a 4 578 4
a 5 557 8
a 5 706 10
a 6 175 5
a 7 164 1
a 7 176 9
a 7 299 4
a 7 617 1
a 8 590 8
a 9 363 1
a 10 54 4
a 10 396 5
a 11 491 7
a 12 220 10
a 12 651 5
a 12 748 1
a 13 145 3
a 13 314 5
a 14 77 8
a 15 50 8
a 16 121 5
a 16 179 10
a 17 571 3
a 18 614 10
a 19 730 10
a 20 7 4
a 20 47 3
a 20 575 2
a 21 304 9
a 22 158 2
a 23 132 7
a 23 790 4
a 24 408 8
a 24 576 6
a 25 720 6
a 26 115 5
a 26 203 2
a 26 542 1
a 26 554 3
a 26 577 2
a 27 91 5
a 27 254 4
a 28 115 8
a 28 505 3
a 29 663 10
a 30 94 10
a 30 185 3
a 30 188 10
a 30 477 5
a 30 679 2
a 31 235 10
a 31 312 7
a 31 591 8
a 32 250 1
a 33 353 3
a 33 495 7
a 33 628 8
a 34 453 10
a 34 564 6
a 34 675 10
a 35 121 10
a 35 235 8
a 35 744 1
a 36 105 5
a 36 204 9
a 36 520 6
a 36 593 1
a 36 674 6
a 37 193 1
a 37 266 9
a 38 776 8
a 39 396 8
a 39 585 2
a 40 676 6
a 41 24 8
a 41 394 5
a 41 755 3
a 42 715 6
a 43 212 7
a 43 255 5
a 43 426 6
a 43 466 10
a 43 521 7
a 44 11 4
a 44 271 3
a 45 156 5
a 45 506 5
a 46 98 10
a 47 83 7
a 48 45 9
a 48 374 8
a 48 709 5
a 49 413 2
a 50 316 4
a 51 662 8
a 51 764 3
a 52 246 2
a 52 550 7
a 53 515 4
a 53 554 7
a 54 121 3
a 55 93 5
a 55 359 9
a 56 286 6
a 56 343 4
a 56 478 4
a 56 566 10
a 56 622 1
a 57 79 4
a 58 493 8
a 59 30 8
a 60 354 2
a 60 512 8
a 60 624 6
a 60 751 7
a 61 346 5
a 62 332 6
a 62 703 8
a 63 534 9
a 64 100 10
a 64 160 10
a 64 322 8
a 64 720 4
a 65 3 6
a 65 64 2
a 65 668 8
a 66 217 4
a 66 645 1
a 67 291 5
a 67 764 8
a 68 454 3
a 68 589 4
a 69 152 8
a 70 670 1
a 71 417 2
a 71 431 3
a 72 679 8
a 73 294 5
a 73 577 1
a 73 689 5
a 74 701 8
a 75 797 1
a 76 52 4
a 76 333 8
a 76 454 10
a 76 488 6
a 76 641 2
a 77 533 3
a 78 772 6
a 79 133 8
a 79 256 7
a 79 266 6
a 80 358 9
a 81 191 5
a 81 395 6
a 81 718 9
a 82 179 10
a 82 723 5
a 83 427 4
a 83 460 4
a 83 684 9
a 84 543 5
a 84 568 7
a 85 234 9
a 85 610 4
a 86 488 3
a 87 26 7
a 87 665 2
a 87 758 5
a 88 306 1
a 88 476 4
a 88 519 7
a 88 703 1
a 88 797 10
a 89 288 2
a 89 450 1
a 90 62 7
a 90 338 6
a 91 690 10
a 91 796 7
a 92 580 10
a 93 84 6
a 94 579 1
a 95 388 1
a 96 762 7
a 97 269 1
a 97 617 9
a 97 623 3
a 98 620 1
a 99 712 10
a 100 32 5
a 100 172 4
a 101 113 1
a 101 274 3
a 101 349 10
a 102 12 7
a 102 206 2
a 103 384 2
a 103 671 8
a 104 280 4
a 104 330 9
a 104 630 3
a 105 550 7
a 106 174 10
a 106 788 3
a 107 349 9
a 107 399 8
a 108 277 10
a 108 663 7
a 109 565 4
a 110 30 2
a 110 446 6
a 110 662 1
a 111 533 7
a 112 133 8
a 112 307 7
a 112 316 4
a 113 306 10
a 114 737 10
a 115 526 6
a 116 345 7
a 117 702 8
a 118 221 8
a 118 762 3
a 119 492 1
a 119 760 8
a 120 348 10
a 121 602 5
a 122 318 9
a 123 31 8
a 123 516 5
a 124 195 6
a 125 151 2
a 125 563 3
a 125 635 7
a 126 309 6
a 126 638 7
a 127 76 2
a 128 417 9
a 128 421 1
a 128 535 8
a 129 51 3
a 129 54 6
a 129 581 3
a 130 123 4
a 130 227 6
a 130 257 6
a 130 484 2
a 130 639 5
a 131 194 9
a 132 465 2
a 132 475 7
a 133 173 4
a 134 155 6
a 134 292 7
a 135 393 1
a 135 445 1
a 136 165 1
a 136 798 7
a 137 700 9
a 138 230 2
a 138 504 4
a 139 185 4
a 140 154 8
a 140 563 7
a 140 619 5
a 141 354 2
a 141 552 5
a 142 186 10
a 142 597 5
a 143 95 9
a 144 440 8
a 145 61 6
a 146 565 4
a 147 623 9
a 148 201 9
a 148 562 9
a 149 110 9
a 149 727 3
a 150 500 7
a 151 280 6
a 151 535 9
a 152 761 2
a 153 134 8
a 153 333 8
a 153 375 3
a 154 371 9
a 154 566 3
a 154 702 5
a 155 412 8
a 155 655 5
a 155 714 5
a 156 59 4
a 156 389 8
a 157 91 5
a 157 369 9
a 157 457 7
a 158 580 3
a 158 600 7
a 158 688 9
a 159 89 1
a 160 54 4
a 160 754 10
a 161 114 8
a 161 413 1
a 161 513 6
a 161 586 3
a 161 635 7
a 162 495 10
a 163 284 7
a 164 82 10
a 164 434 1
a 164 694 10
a 165 147 4
a 166 51 8
a 166 131 3
a 166 207 4
a 166 217 1
a 166 480 7
a 166 525 1
a 167 561 1
a 167 713 10
a 168 258 2
a 169 373 7
a 169 667 4
a 170 27 2
a 170 263 4
a 170 545 2
a 171 116 4
a 171 129 10
a 171 656 4
a 171 704 7
a 172 574 7
a 172 648 6
a 173 62 10
a 173 783 10
a 174 617 2
a 174 727 5
a 175 23 9
a 176 111 4
a 176 125 2
a 176 244 8
a 176 630 9
a 177 120 3
a 178 722 7
a 179 698 3
a 179 746 10
a 180 457 4
a 180 517 7
a 180 620 6
a 181 700 8
a 182 23 6
a 182 136 9
a 183 16 6
a 183 179 5
a 183 476 7
a 183 767 9
a 184 31 6
a 185 180 2
a 185 192 7
a 185 215 1
a 185 235 8
a 185 398 9
a 186 290 5
a 186 636 2
a 187 326 8
a 187 606 5
a 187 608 7
a 187 714 2
a 188 180 5
a 188 251 6
a 189 334 10
a 189 684 1
a 190 385 3
a 190 735 4
a 191 235 3
a 191 473 7
a 191 711 8
a 192 302 8
a 192 770 4
a 193 483 5
a 194 695 5
a 195 62 9
a 195 87 7
a 196 167 6
a 196 341 2
a 197 367 6
a 197 676 9
a 198 403 5
a 199 252 4
a 199 492 9
a 200 291 7
a 201 709 9
a 201 745 3
a 202 699 4
a 203 413 3
a 203 575 10
a 203 730 2
a 204 52 5
a 204 608 5
a 205 29 5
a 205 657 6
a 206 157 10
a 206 666 9
a 207 32 4
a 208 497 2
a 209 50 7
a 209 605 8
a 210 721 8
a 211 380 6
a 211 481 6
a 212 364 7
a 212 373 1
a 213 9 10
a 213 259 8
a 213 413 9
a 214 520 10
a 215 150 8
a 216 113 6
a 216 604 7
a 217 539 4
a 218 366 7
a 218 521 6
a 218 652 8
a 219 48 9
a 219 662 7
a 220 633 4
a 221 309 5
a 221 411 9
a 222 327 7
a 223 53 1
a 223 526 7
a 223 643 4
a 224 377 5
a 224 740 8
a 225 161 4
a 226 537 6
a 227 327 6
a 227 549 10
a 228 7 4
a 229 604 3
a 230 273 1
a 230 370 9
a 230 493 5
a 230 633 7
a 231 420 7
a 231 518 2
a 232 189 9
a 232 221 3
a 232 284 9
a 233 249 3
a 233 786 1
a 234 181 8
a 234 578 4
a 235 746 10
a 236 278 1
a 237 144 8
a 237 745 6
a 238 313 2
a 239 151 8
a 240 683 3
a 241 308 2
a 241 350 2
a 242 74 7
a 242 106 10
a 242 592 9
a 243 104 6
a 243 296 10
a 244 113 1
a 244 532 1
a 244 584 8
a 245 244 2
a 245 507 10
a 246 437 1
a 246 740 7
a 247 694 2
a 248 530 3
a 249 108 2
a 250 280 6
a 251 69 8
a 251 634 1
a 251 658 2
a 252 421 3
a 253 274 9
a 253 786 6
a 254 529 9
a 255 160 9
a 256 120 10
a 256 669 2
a 256 670 10
a 256 776 9
a 257 292 6
a 258 224 5
a 259 309 5
a 260 88 8
a 261 117 2
a 262 340 9
a 263 15 8
a 264 186 9
a 264 722 3
a 265 745 2
a 266 49 1
a 267 44 5
a 267 177 9
a 267 238 2
a 267 242 2
a 267 360 4
a 268 98 7
a 268 561 7
a 269 276 9
a 269 534 5
a 270 339 6
a 270 701 6
a 271 500 4
a 271 710 4
a 272 143 2
a 272 224 5
a 272 710 5
a 273 778 10
a 274 92 1
a 274 199 3
a 275 681 3
a 276 701 8
a 277 53 6
a 278 300 10
a 279 12 9
a 279 255 8
a 279 292 6
a 279 530 3
a 280 193 3
a 280 547 9
a 281 274 9
a 281 736 1
a 282 419 7
a 282 499 3
a 282 708 1
a 283 605 2
a 284 409 1
a 284 793 2
a 285 119 6
a 285 373 7
a 285 648 1
a 286 631 10
a 287 434 6
a 287 775 4
a 287 780 9
a 288 701 9
a 289 203 10
a 289 787 9
a 290 650 10
a 290 672 1
a 290 679 5
a 291 393 10
a 292 762 8
a 293 204 4
a 294 65 8
a 294 260 9
a 294 438 2
a 294 761 9
a 295 653 2
a 295 707 9
a 295 769 2
a 296 261 10
a 297 196 7
a 297 481 7
a 297 696 9
a 298 127 10
a 298 173 1
a 298 697 3
a 299 195 10
a 299 355 9
a 299 461 1
a 300 588 9
a 301 367 3
a 302 655 3
a 303 336 10
a 304 141 6
a 304 379 8
a 305 569 6
a 306 363 6
a 306 472 9
a 306 556 4
a 307 253 4
a 307 401 8
a 307 564 9
a 307 700 2
a 308 56 2
a 308 389 1
a 308 606 4
a 308 796 10
a 309 726 2
a 310 228 7
a 310 653 5
a 311 147 7
a 311 213 5
a 311 792 2
a 312 56 3
a 312 135 5
a 312 485 7
a 313 251 9
a 313 505 6
a 313 734 8
a 314 471 9
a 314 528 10
a 315 33 4
a 315 270 9
a 316 303 5
a 316 528 7
a 317 162 1
a 317 293 9
a 318 267 4
a 318 365 7
a 318 414 7
a 318 476 3
a 319 88 3
a 319 106 8
a 319 598 3
a 320 245 3
a 321 136 5
a 321 664 8
a 321 687 10
a 321 776 4
a 321 799 10
a 322 123 5
a 323 5 7
a 323 385 10
a 323 479 3
a 324 65 1
a 324 148 8
a 324 222 4
a 324 432 1
a 325 699 9
a 326 98 3
a 326 103 1
a 326 781 3
a 327 4 4
a 328 526 9
a 329 121 6
a 329 247 7
a 329 533 3
a 330 327 7
a 330 723 6
a 331 252 3
a 331 496 3
a 332 142 9
a 332 415 9
a 333 143 3
a 334 71 8
a 334 146 9
a 334 329 6
a 335 436 2
a 335 477 5
a 336 211 2
a 337 684 6
a 337 742 5
a 337 772 9
a 338 73 6
a 338 196 8
a 339 396 7
a 340 555 1
a 340 649 4
a 341 605 7
a 342 33 6
a 342 90 1
a 342 347 8
a 342 386 1
a 342 685 6
a 343 118 2
a 343 582 1
a 344 345 9
a 344 798 9
a 345 2 9
a 345 277 8
a 345 458 4
a 346 99 7
a 346 298 9
a 346 509 7
a 347 67 3
a 347 668 8
a 348 149 5
a 348 241 3
a 348 774 10
a 349 211 3
a 349 462 2
a 349 487 7
a 350 184 3
a 350 223 7
a 350 576 1
a 351 529 9
a 351 609 3
a 352 369 4
a 353 449 10
a 354 58 10
a 354 343 5
a 354 501 6
a 355 64 10
a 355 451 5
a 356 126 9
a 356 254 5
a 356 336 1
a 356 465 6
a 356 693 3
a 357 573 9
a 357 575 6
a 357 678 1
a 357 738 8
a 357 774 4
a 358 663 8
a 359 20 3
a 359 180 7
a 360 111 1
a 360 459 3
a 361 199 4
a 361 208 10
a 361 571 7
a 361 666 4
a 362 368 4
a 362 423 9
a 363 243 8
a 363 291 7
a 363 366 4
a 364 270 2
a 364 378 10
a 365 455 4
a 365 750 5
a 366 96 8
a 366 387 3
a 367 348 6
a 367 441 7
a 367 661 10
a 368 488 6
a 369 39 7
a 369 118 7
a 369 387 7
a 370 763 8
a 371 534 10
a 372 161 9
a 372 642 5
a 373 376 7
a 373 377 5
a 374 710 4
a 375 715 3
a 375 770 8
a 376 527 3
a 376 547 7
a 376 724 6
a 377 124 2
a 378 132 5
a 378 312 5
a 378 536 8
a 379 362 2
a 379 543 7
a 379 631 8
a 380 22 10
a 380 708 10
a 381 391 9
a 381 493 3
a 382 588 7
a 382 722 8
a 383 278 9
a 383 345 2
a 384 44 2
a 385 565 5
a 385 597 3
a 385 739 3
a 386 124 10
a 386 452 6
a 387 567 4
a 388 334 9
a 389 401 1
a 389 444 9
a 389 562 1
a 389 649 4
a 390 275 8
a 391 618 1
a 392 37 7
a 392 193 4
a 393 109 7
a 393 525 9
a 394 42 3
a 394 469 10
a 395 163 2
a 396 698 5
a 397 107 1
a 397 501 1
a 398 129 4
a 399 48 1
a 400 5 4
a 400 794 1
a 401 360 9
a 401 402 10
a 401 466 8
a 401 570 6
a 402 304 7
a 402 319 6
a 402 741 8
a 403 556 2
a 404 79 3
a 404 715 8
a 405 585 6
a 405 748 10
a 406 36 2
a 406 104 3
a 406 769 6
a 407 246 3
a 407 705 8
a 408 106 6
a 409 46 6
a 409 376 4
a 410 70 6
a 411 50 8
a 411 717 6
a 412 163 9
a 412 263 1
a 412 345 9
a 412 740 8
a 413 326 1
a 414 482 1
a 414 759 7
a 415 162 1
a 416 651 5
a 417 74 10
a 417 218 3
a 417 613 2
a 418 119 1
a 419 525 7
a 420 142 9
a 420 493 6
a 421 792 3
a 422 448 7
a 423 38 4
a 423 153 3
a 424 70 9
a 424 153 4
a 425 152 8
a 425 637 1
a 425 737 6
a 425 757 6
a 426 254 5
a 427 249 6
a 427 694 9
a 427 782 5
a 428 211 6
a 428 238 9
a 428 567 3
a 429 483 10
a 429 669 7
a 429 779 4
a 430 168 7
a 431 132 3
a 431 322 5
a 431 355 1
a 432 141 3
a 432 342 4
a 432 474 7
a 432 677 4
a 433 552 4
a 433 564 6
a 434 181 2
a 434 396 4
a 435 122 2
a 435 424 8
a 436 553 6
a 436 742 5
a 437 782 6
a 438 197 9
a 438 236 1
a 438 448 9
a 439 166 3
a 439 356 9
a 440 468 2
a 441 702 7
a 442 590 7
a 443 572 2
a 443 582 4
a 443 601 5
a 444 139 8
a 444 370 7
a 444 592 6
a 445 68 10
a 445 552 4
a 446 99 9
a 446 142 1
a 447 252 7
a 447 334 10
a 447 569 7
a 447 630 7
a 448 297 5
a 448 307 8
a 448 308 10
a 448 788 5
a 449 406 4
a 449 535 9
a 449 626 7
a 450 785 7
a 451 89 6
a 451 172 1
a 451 196 8
a 451 636 9
a 451 782 5
a 452 143 9
a 453 17 8
a 453 290 5
a 453 522 9
a 454 184 10
a 454 392 5
a 455 590 3
a 455 719 5
a 456 489 6
a 457 18 1
a 458 429 8
a 458 601 6
a 458 640 4
a 459 401 10
a 460 309 3
a 460 558 8
a 460 768 4
a 461 50 9
a 462 60 9
a 462 202 4
a 462 506 9
a 462 800 7
a 463 754 9
a 464 13 10
a 465 128 9
a 465 602 1
a 466 108 4
a 466 265 8
a 466 279 8
a 467 207 10
a 468 134 6
a 468 262 1
a 469 356 10
a 470 777 9
a 471 687 1
a 471 719 3
a 472 95 7
a 472 145 9
a 472 590 2
a 473 364 9
a 473 577 6
a 474 24 4
a 474 642 10
a 475 15 10
a 475 192 9
a 476 205 7
a 476 337 3
a 476 448 10
a 477 19 2
a 477 731 7
a 478 487 10
a 479 192 4
a 480 689 8
a 481 498 8
a 481 698 5
a 482 223 1
a 482 358 7
a 482 383 2
a 483 291 3
a 484 274 2
a 485 612 8
a 485 711 3
a 486 81 6
a 486 800 8
a 487 233 2
a 487 798 2
a 488 49 6
a 488 392 2
a 488 400 1
a 489 100 5
a 490 82 4
a 490 710 5
a 491 679 7
a 492 455 6
a 492 601 4
a 493 441 5
a 493 534 7
a 494 338 7
a 494 691 8
a 495 249 4
a 495 759 6
a 496 617 1
a 497 60 2
a 497 210 2
a 498 776 4
a 499 381 4
a 499 599 7
a 500 384 3
a 500 667 5
a 501 192 10
a 502 452 5
a 503 182 2
a 503 474 1
a 503 593 7
a 504 55 4
a 504 388 9
a 504 397 8
a 504 563 8
a 505 102 6
a 506 76 3
a 506 649 9
a 507 205 5
a 508 83 5
a 508 266 3
a 508 328 9
a 508 743 2
a 508 758 2
a 509 600 10
a 510 435 10
a 510 537 3
a 510 654 2
a 510 791 5
a 511 460 5
a 511 685 8
a 512 541 2
a 512 637 4
a 512 761 4
a 513 264 2
a 513 320 7
a 513 778 1
a 514 395 9
a 515 121 2
a 516 231 5
a 516 745 5
a 517 484 7
a 518 102 10
a 519 100 3
a 520 464 9
a 520 491 8
a 521 18 6
a 521 586 7
a 521 596 1
a 522 78 9
a 522 407 8
a 523 137 6
a 523 219 4
a 523 466 10
a 524 372 5
a 524 667 6
a 525 35 4
a 525 216 8
a 525 300 5
a 526 488 8
a 526 605 7
a 527 82 10
a 527 272 5
a 527 285 10
a 527 674 7
a 528 472 6
a 528 683 2
a 529 104 2
a 530 313 1
a 530 421 8
a 531 28 9
a 531 63 5
a 531 159 10
a 532 518 10
a 533 229 4
a 534 159 6
a 534 609 3
a 534 768 9
a 535 183 10
a 535 299 1
a 536 52 5
a 536 784 9
a 537 305 7
a 537 756 3
a 538 159 3
a 538 568 5
a 538 692 2
a 539 162 1
a 540 634 1
a 541 145 10
a 541 450 10
a 542 428 4
a 542 449 9
a 542 673 10
a 543 425 5
a 543 502 6
a 544 305 7
a 545 57 6
a 545 84 5
a 545 187 3
a 545 629 9
a 546 637 10
a 547 583 9
a 547 715 7
a 548 533 9
a 549 269 7
a 549 785 6
a 550 363 3
a 550 643 1
a 551 619 3
a 552 165 3
a 552 281 10
a 553 112 9
a 553 578 2
a 553 676 7
a 554 329 5
a 554 410 6
a 555 506 9
a 555 567 4
a 556 265 1
a 557 321 6
a 557 489 6
a 558 440 3
a 558 546 3
a 559 295 3
a 559 318 3
a 560 365 8
a 560 778 6
a 561 761 5
a 562 46 1
a 562 424 8
a 562 743 1
a 563 168 2
a 564 57 4
a 564 615 6
a 565 13 4
a 565 191 1
a 565 497 2
a 566 130 4
a 566 200 7
a 567 66 10
a 567 485 6
a 567 627 3
a 568 41 1
a 568 185 10
a 568 773 3
a 569 140 8
a 569 570 3
a 570 516 5
a 571 72 10
a 572 794 8
a 573 117 5
a 573 214 8
a 574 425 3
a 575 13 8
a 575 244 4
a 576 237 4
a 576 372 7
a 577 55 7
a 577 80 8
a 577 681 10
a 578 241 3
a 579 566 5
a 579 616 5
a 580 46 6
a 580 382 9
a 581 278 9
a 581 789 5
a 582 326 4
a 582 556 9
a 583 90 7
a 583 239 3
a 583 777 8
a 584 374 9
a 585 236 7
a 586 271 9
a 586 289 6
a 586 361 1
a 586 456 1
a 587 510 1
a 587 620 9
a 587 737 3
a 588 548 4
a 588 559 10
a 589 404 9
a 590 410 5
a 590 763 6
a 591 246 5
a 591 482 6
a 592 180 7
a 592 416 6
a 593 614 6
a 593 723 6
a 594 490 10
a 594 618 6
a 594 622 4
a 595 194 10
a 595 340 5
a 595 735 7
a 596 191 3
a 596 331 5
a 596 632 5
a 596 699 9
a 597 172 1
a 598 34 4
a 598 59 3
a 598 765 5
a 599 169 8
a 599 443 7
a 600 240 1
a 600 479 7
a 600 579 6
a 601 25 8
a 601 208 7
a 602 227 8
a 602 291 8
a 602 425 5
a 602 725 3
a 602 729 7
a 603 654 4
a 604 53 1
a 604 159 7
a 604 766 5
a 605 587 4
a 605 775 4
a 606 618 9
a 607 275 1
a 607 443 3
a 607 734 6
a 608 791 8
a 609 248 7
a 609 527 8
a 610 173 5
a 610 221 3
a 610 301 5
a 610 352 6
a 611 34 6
a 611 409 6
a 611 733 7
a 612 496 4
a 613 295 3
a 613 644 9
a 614 708 6
a 615 774 5
a 616 353 9
a 617 178 9
a 617 582 10
a 618 182 10
a 618 603 3
a 618 621 3
a 619 523 6
a 620 651 6
a 621 72 8
a 621 389 6
a 622 430 9
a 622 777 10
a 623 281 4
a 624 311 9
a 624 514 1
a 625 233 6
a 626 622 3
a 627 30 6
a 627 270 2
a 627 612 7
a 627 752 1
a 628 586 1
a 629 87 8
a 629 457 4
a 630 427 5
a 630 518 2
a 631 388 1
a 631 440 6
a 632 383 9
a 633 503 7
a 633 735 7
a 634 18 4
a 635 48 2
a 636 108 10
a 636 659 8
a 637 225 9
a 637 723 1
a 638 367 6
a 639 549 2
a 640 15 10
a 641 195 6
a 642 151 10
a 642 542 10
a 643 532 7
a 644 150 4
a 644 175 5
a 644 198 9
a 645 194 1
a 645 396 9
a 646 68 2
a 646 428 6
a 647 190 1
a 647 226 1
a 647 283 9
a 648 2 6
a 648 29 6
a 648 686 7
a 648 785 3
a 649 158 10
a 649 396 1
a 650 212 7
a 650 315 4
a 650 510 1
a 651 278 3
a 651 282 4
a 652 9 2
a 653 85 5
a 653 333 9
a 653 628 7
a 653 680 1
a 654 107 7
a 654 138 4
a 654 249 10
a 654 467 2
a 655 94 2
a 655 486 6
a 656 295 5
a 656 538 4
a 657 254 7
a 658 193 10
a 658 295 1
a 659 310 6
a 660 164 3
a 661 229 10
a 661 385 7
a 662 250 5
a 662 666 1
a 662 682 2
a 663 39 10
a 664 514 3
a 664 546 9
a 665 14 8
a 665 63 10
a 666 52 7
a 666 122 10
a 667 102 4
a 667 718 4
a 668 458 10
a 668 463 3
a 669 405 6
a 669 771 1
a 670 216 6
a 670 424 9
a 671 267 3
a 671 470 10
a 672 166 4
a 672 452 5
a 673 403 5
a 673 410 7
a 673 433 10
a 674 324 9
a 674 702 7
a 675 652 1
a 676 108 10
a 676 317 2
a 677 150 5
a 677 690 10
a 678 163 7
a 678 200 10
a 678 405 6
a 679 355 9
a 679 357 7
a 680 92 5
a 681 107 5
a 682 75 4
a 682 258 8
a 682 660 10
a 682 704 2
a 682 731 1
a 683 91 8
a 683 268 9
a 683 447 5
a 683 611 10
a 684 400 1
a 684 412 10
a 685 36 3
a 686 373 9
a 686 464 5
a 687 6 4
a 687 43 6
a 687 128 7
a 687 214 1
a 688 531 10
a 688 757 3
a 689 396 6
a 690 535 4
a 690 688 8
a 691 54 1
a 691 97 8
a 692 6 4
a 692 30 1
a 693 645 2
a 694 606 10
a 695 107 10
a 696 232 9
a 696 404 7
a 696 701 9
a 697 324 1
a 698 575 9
a 699 281 1
a 699 305 4
a 700 167 8
a 701 128 9
a 701 166 2
a 702 500 6
a 703 8 2
a 703 454 3
a 704 346 10
a 704 407 9
a 704 764 6
a 705 34 10
a 706 40 8
a 706 124 10
a 706 540 7
a 707 130 8
a 708 327 2
a 709 341 9
a 709 539 6
a 710 147 7
a 710 299 1
a 710 672 7
a 711 4 8
a 711 793 7
a 712 390 4
a 712 680 2
a 713 348 5
a 713 632 8
a 713 646 3
a 714 321 3
a 714 373 10
a 715 510 1
a 716 722 5
a 716 729 9
a 717 262 10
a 718 174 2
a 719 167 4
a 719 314 6
a 719 456 10
a 720 384 6
a 720 435 4
a 720 610 10
a 721 121 3
a 721 559 3
a 722 323 3
a 722 394 8
a 722 560 10
a 722 696 2
a 723 617 6
a 724 101 9
a 724 412 7
a 724 712 4
a 725 520 7
a 725 523 6
a 726 358 6
a 727 245 4
a 727 325 5
a 727 526 2
a 728 304 9
a 728 620 6
a 729 38 6
a 729 230 7
a 730 587 8
a 731 3 9
a 731 640 1
a 732 647 2
a 732 698 10
a 733 42 7
a 733 404 9
a 734 10 6
a 734 468 3
a 735 287 3
a 735 419 3
a 735 599 7
a 736 359 8
a 736 422 6
a 736 582 10
a 736 594 5
a 736 746 8
a 736 769 4
a 737 81 10
a 737 285 9
a 738 77 5
a 738 633 8
a 738 688 8
a 739 588 7
a 740 170 8
a 740 279 2
a 740 310 1
a 740 352 7
a 740 442 10
a 741 222 9
a 742 242 1
a 743 503 4
a 744 226 4
a 744 648 2
a 744 728 7
a 745 106 7
a 745 753 10
a 746 102 9
a 747 168 6
a 747 626 8
a 747 739 7
a 748 98 5
a 748 162 6
a 748 303 8
a 748 595 2
a 749 178 10
a 749 303 10
a 749 439 7
a 749 524 8
a 750 22 7
a 750 105 1
a 750 209 1
a 751 10 3
a 752 86 7
a 752 116 5
a 753 153 6
a 753 511 9
a 753 522 5
a 753 699 6
a 754 130 9
a 754 171 5
a 754 423 7
a 754 615 3
a 755 274 1
a 755 490 3
a 755 544 10
a 755 663 3
a 755 700 6
a 755 706 10
a 756 656 4
a 757 116 7
a 757 127 6
a 758 402 10
a 759 565 9
a 759 732 9
a 760 273 7
a 760 749 5
a 761 703 5
a 762 102 9
a 762 695 1
a 763 91 9
a 763 625 10
a 763 726 10
a 764 104 7
a 764 551 3
a 765 71 8
a 765 747 10
a 766 146 4
a 766 293 9
a 766 607 9
a 767 23 10
a 767 433 3
a 767 494 4
a 768 148 1
a 768 217 2
a 769 527 9
a 770 131 1
a 771 181 10
a 771 595 4
a 772 629 1
a 773 262 9
a 773 675 8
a 774 335 3
a 774 583 3
a 774 716 3
a 774 795 3
a 775 120 7
a 775 162 8
a 775 205 7
a 776 261 4
a 776 352 6
a 777 42 9
a 777 451 5
a 778 165 6
a 778 583 8
a 779 106 3
a 780 241 1
a 781 327 6
a 782 593 7
a 783 535 10
a 784 669 9
a 785 285 5
a 785 344 2
a 786 274 9
a 787 69 6
a 787 541 3
a 788 353 9
a 789 61 4
a 789 539 1
a 790 15 4
a 790 351 9
a 791 92 9
a 791 418 8
a 792 364 4
a 792 468 9
a 792 508 6
a 793 223 9
a 794 216 1
a 795 21 8
a 795 50 7
a 796 711 4
a 797 445 5
a 797 472 2
a 798 547 8
a 799 196 2
