p max 800 1600
n 1 s
n 800 t
a 1 668 8
a 2 578 3
a 2 778 3
a 3 590 6
a 3 629 4
a 3 697 10
a 4 133 5
a 4 654 5
a 5 4 3
a 5 297 7
a 5 450 2
a 5 473 8
a 6 499 9
a 7 183 4
a 7 502 4
a 7 709 4
a 8 363 3
a 9 240 9
a 9 568 3
a 10 5 7
a 10 694 9
a 11 187 1
a 11 481 8
a 12 753 3
a 13 383 4
a 14 193 10
a 14 296 2
a 14 407 9
a 15 305 9
a 15 429 8
a 16 72 6
a 16 341 8
a 16 453 6
a 16 613 8
a 17 224 8
a 17 326 4
a 17 774 6
a 18 158 5
a 19 205 9
a 20 139 8
a 20 347 10
a 21 695 10
a 22 227 3
a 23 72 7
a 23 110 6
a 23 606 9
a 24 52 4
a 24 234 1
a 24 559 2
a 24 713 4
a 25 523 8
a 25 795 4
a 26 292 7
a 26 772 4
a 27 557 1
a 28 260 9
a 28 454 7
a 28 790 9
a 29 561 9
a 29 657 8
a 30 446 7
a 30 657 4
a 31 36 10
a 32 25 6
a 33 61 1
a 33 704 9
a 34 43 6
a 34 456 9
a 35 148 1
a 36 339 4
a 37 102 9
a 37 271 4
a 37 533 10
a 37 738 9
a 37 763 10
a 38 193 8
a 38 392 1
a 39 530 2
a 40 632 1
a 40 648 5
a 41 348 9
a 41 682 7
a 42 56 5
a 42 92 10
a 43 268 1
a 43 325 4
a 43 489 2
a 43 751 9
a 44 151 3
a 44 164 10
a 44 165 8
a 44 185 7
a 44 191 8
a 45 299 6
a 45 790 7
a 46 389 1
a 46 391 3
a 47 48 9
a 48 304 8
a 48 745 10
a 49 591 3
a 50 49 2
a 50 487 4
a 51 222 7
a 51 328 9
a 52 748 9
a 52 753 3
a 53 753 3
a 54 595 1
a 55 377 2
a 55 598 1
a 56 129 7
a 56 740 8
a 57 27 4
a 57 186 10
a 57 279 7
a 57 464 3
a 58 488 1
a 58 551 3
a 58 798 3
a 59 245 10
a 59 769 1
a 60 111 2
a 61 2 1
a 61 267 2
a 62 649 5
a 63 152 10
a 63 443 4
a 64 262 1
a 65 48 3
a 66 793 5
a 67 44 7
a 67 225 10
a 67 439 8
a 67 540 5
a 67 763 7
a 68 531 6
a 69 313 2
a 69 343 10
a 69 457 1
a 69 477 4
a 69 758 8
a 70 417 7
a 70 459 4
a 70 502 7
a 71 105 9
a 71 125 2
a 72 10 3
a 73 243 4
a 73 337 9
a 74 20 8
a 74 206 2
a 74 504 8
a 74 557 9
a 75 70 1
a 75 150 8
a 75 211 9
a 75 493 5
a 76 3 7
a 76 628 4
a 77 55 10
a 78 280 9
a 78 361 7
a 78 566 3
a 78 631 3
a 79 65 5
a 80 579 6
a 81 445 2
a 81 453 1
a 81 734 7
a 82 295 10
a 82 796 5
a 83 562 7
a 84 291 7
a 84 786 9
a 85 54 2
a 85 545 9
a 85 554 10
a 86 134 6
a 87 33 4
a 87 233 3
a 87 355 10
a 87 465 10
a 87 498 8
a 88 120 2
a 89 126 3
a 89 426 1
a 89 695 9
a 89 784 7
a 90 580 4
a 91 459 9
a 92 142 3
a 93 269 4
a 93 355 2
a 93 663 6
a 94 102 9
a 94 409 2
a 94 780 7
a 95 305 5
a 96 384 1
a 97 272 3
a 97 758 8
a 98 395 2
a 99 434 2
a 100 576 3
a 101 530 2
a 102 159 8
a 103 669 1
a 104 153 5
a 104 500 10
a 104 692 7
a 105 123 10
a 105 451 9
a 105 512 2
a 105 544 8
a 105 666 10
a 106 440 5
a 107 328 8
a 107 799 3
a 108 277 9
a 108 376 7
a 109 656 2
a 110 275 8
a 110 615 4
a 111 158 8
a 111 383 5
a 112 211 7
a 112 247 1
a 113 500 1
a 114 47 3
a 114 403 8
a 114 493 7
a 115 388 10
a 116 461 4
a 117 268 5
a 118 319 10
a 118 488 2
a 118 547 5
a 118 655 6
a 119 218 3
a 119 367 9
a 119 498 4
a 120 352 3
a 121 613 2
a 122 12 10
a 122 161 2
a 122 196 3
a 123 732 1
a 123 795 10
a 124 60 8
a 124 67 10
a 125 347 7
a 125 497 5
a 125 511 2
a 126 298 4
a 126 327 5
a 127 329 5
a 128 36 7
a 128 278 1
a 128 599 2
a 129 108 7
a 129 604 10
a 129 681 6
a 130 125 8
a 130 519 2
a 130 693 7
a 130 757 7
a 131 63 10
a 131 213 8
a 131 385 10
a 132 375 7
a 132 456 3
a 133 31 3
a 133 473 2
a 134 67 6
a 134 742 10
a 135 438 9
a 136 180 5
a 136 324 6
a 136 501 10
a 137 77 9
a 137 565 7
a 137 605 6
a 138 438 4
a 139 191 1
a 139 592 10
a 140 550 6
a 141 18 9
a 141 505 6
a 142 188 9
a 142 307 10
a 142 397 8
a 143 122 1
a 143 472 3
a 143 591 2
a 144 93 3
a 144 508 8
a 144 650 7
a 144 756 10
a 145 601 6
a 146 489 1
a 147 196 7
a 147 736 9
a 148 610 9
a 149 566 6
a 150 500 8
a 151 786 6
a 152 138 6
a 152 621 8
a 152 667 5
a 152 760 6
a 153 80 7
a 153 342 10
a 153 422 3
a 153 794 7
a 154 475 9
a 155 689 5
a 156 202 9
a 156 357 3
a 156 618 9
a 156 668 4
a 156 755 9
a 157 414 3
a 157 659 3
a 157 728 6
a 158 578 6
a 158 726 6
a 159 581 7
a 159 776 9
a 160 74 4
a 161 201 2
a 161 265 2
a 162 132 2
a 162 601 1
a 163 220 2
a 163 714 5
a 164 143 1
a 164 226 10
a 165 87 3
a 165 443 6
a 165 613 8
a 165 782 6
a 166 478 7
a 166 605 1
a 167 339 10
a 167 513 7
a 168 216 5
a 168 302 4
a 168 463 5
a 169 582 7
a 169 634 9
a 170 321 9
a 170 329 7
a 171 349 10
a 171 510 1
a 172 55 4
a 172 266 9
a 172 589 6
a 173 335 1
a 173 449 9
a 173 624 9
a 174 95 7
a 174 480 9
a 175 37 3
a 175 286 6
a 175 781 2
a 176 67 1
a 177 378 3
a 177 515 4
a 177 522 1
a 178 29 1
a 178 377 9
a 179 659 2
a 180 221 3
a 181 618 6
a 182 95 2
a 183 221 6
a 183 627 8
a 183 680 3
a 184 305 10
a 185 15 3
a 185 60 6
a 186 685 1
a 187 180 5
a 187 528 10
a 188 581 2
a 189 71 5
a 190 388 5
a 190 396 3
a 190 691 7
a 191 66 6
a 191 289 5
a 191 644 10
a 192 67 6
a 192 622 9
a 192 712 1
a 192 747 2
a 193 393 2
a 193 527 6
a 194 163 2
a 195 398 8
a 196 113 6
a 196 351 1
a 196 400 10
a 196 500 6
a 196 599 8
a 197 329 2
a 198 694 2
a 198 770 7
a 199 757 10
a 200 365 3
a 201 342 2
a 202 433 3
a 202 507 8
a 203 51 10
a 203 260 1
a 204 329 6
a 204 681 1
a 205 99 9
a 205 219 7
a 205 430 3
a 205 633 6
a 206 168 5
a 206 362 3
a 206 593 4
a 207 254 6
a 207 371 8
a 207 516 9
a 208 119 3
a 208 149 10
a 208 380 10
a 208 437 1
a 209 25 7
a 209 363 6
a 210 41 5
a 210 371 4
a 210 382 8
a 210 716 5
a 211 54 3
a 212 357 3
a 213 468 7
a 213 521 3
a 214 506 1
a 215 249 10
a 215 469 7
a 216 195 2
a 217 793 2
a 218 33 10
a 218 346 6
a 218 525 4
a 218 694 4
a 219 642 1
a 219 718 4
a 219 787 5
a 220 212 7
a 221 144 8
a 221 356 5
a 221 538 2
a 221 711 5
a 222 500 3
a 223 10 3
a 223 637 4
a 224 388 4
a 224 765 7
a 225 29 7
a 225 217 5
a 225 580 10
a 226 520 5
a 226 725 4
a 227 388 2
a 228 181 3
a 228 517 4
a 229 584 4
a 230 42 1
a 230 470 2
a 231 13 8
a 231 190 7
a 231 329 9
a 231 661 1
a 232 231 9
a 232 349 10
a 232 632 6
a 232 800 5
a 233 33 6
a 234 310 5
a 235 45 1
a 235 162 9
a 235 616 3
a 235 626 5
a 236 172 5
a 236 278 1
a 236 535 5
a 236 676 5
a 237 6 5
a 237 209 10
a 237 215 9
a 238 15 8
a 238 157 4
a 238 281 7
a 238 525 9
a 239 478 3
a 240 145 10
a 240 205 5
a 241 243 1
a 242 7 10
a 242 384 4
a 243 781 9
a 244 526 9
a 244 576 8
a 245 775 9
a 246 143 6
a 247 265 2
a 248 168 9
a 248 417 7
a 249 600 8
a 250 141 5
a 251 40 3
a 251 690 6
a 252 666 8
a 253 62 4
a 253 224 6
a 254 19 10
a 254 120 7
a 255 86 6
a 255 205 8
a 255 379 4
a 255 673 5
a 256 338 10
a 256 490 5
a 257 90 7
a 257 263 8
a 257 769 8
a 258 573 9
a 258 612 4
a 259 581 2
a 259 642 5
a 260 751 3
a 261 686 3
a 261 754 6
a 262 387 10
a 262 450 5
a 263 51 9
a 263 125 9
a 263 315 2
a 264 204 5
a 264 232 2
a 264 594 1
a 264 715 8
a 265 255 9
a 265 510 8
a 265 753 10
a 266 109 9
a 267 47 9
a 268 433 8
a 269 160 3
a 270 547 4
a 271 316 9
a 271 542 9
a 271 544 1
a 272 313 7
a 272 643 4
a 273 179 7
a 274 337 7
a 274 671 1
a 275 246 7
a 275 347 9
a 276 50 3
a 276 593 4
a 277 297 6
a 277 620 10
a 278 377 4
a 279 20 9
a 280 228 3
a 280 587 5
a 281 669 1
a 282 3 7
a 282 353 1
a 283 168 8
a 284 159 4
a 284 355 3
a 285 88 10
a 286 146 6
a 286 374 3
a 286 749 2
a 287 411 3
a 287 633 6
a 287 651 4
a 287 758 5
a 288 428 10
a 289 109 9
a 289 236 1
a 289 323 10
a 290 61 9
a 290 573 4
a 290 674 8
a 291 318 1
a 292 510 9
a 292 601 4
a 293 587 9
a 293 764 3
a 294 90 1
a 295 300 3
a 295 521 8
a 295 735 5
a 296 620 4
a 296 640 2
a 297 385 3
a 298 352 1
a 298 451 6
a 299 14 8
a 299 395 4
a 299 678 4
a 300 335 5
a 300 612 2
a 301 191 2
a 302 314 6
a 302 459 5
a 303 261 4
a 303 520 5
a 304 389 3
a 305 344 6
a 305 442 4
a 306 164 2
a 307 146 4
a 308 54 8
a 308 58 8
a 308 224 4
a 309 355 2
a 309 717 2
a 310 142 9
a 310 282 3
a 310 758 4
a 311 469 4
a 311 494 4
a 311 548 4
a 312 716 10
a 313 155 9
a 313 646 2
a 314 89 6
a 314 687 8
a 314 689 4
a 315 118 8
a 315 783 10
a 316 727 5
a 317 352 3
a 318 119 3
a 318 201 3
a 319 310 6
a 319 392 2
a 319 430 10
a 320 129 3
a 320 683 6
a 321 300 9
a 321 340 2
a 322 534 9
a 322 778 1
a 323 800 7
a 324 99 2
a 324 270 10
a 325 94 3
a 325 125 8
a 325 276 10
a 325 550 1
a 325 571 1
a 326 128 9
a 326 385 7
a 326 724 7
a 327 69 2
a 327 461 5
a 327 611 1
a 328 188 9
a 328 563 8
a 328 703 9
a 329 208 7
a 329 530 2
a 330 220 8
a 330 419 3
a 331 199 6
a 331 290 10
a 332 207 5
a 332 256 10
a 332 564 10
a 333 369 5
a 333 511 8
a 334 418 1
a 334 583 10
a 334 664 8
a 335 163 9
a 335 602 10
a 336 3 1
a 336 160 4
a 336 230 3
a 337 30 7
a 338 583 5
a 338 781 8
a 339 21 9
a 339 546 1
a 340 156 1
a 340 394 1
a 340 726 6
a 341 413 2
a 341 421 3
a 341 605 10
a 342 35 10
a 342 332 2
a 342 579 5
a 343 131 8
a 343 251 7
a 343 622 1
a 344 530 4
a 345 200 2
a 345 275 3
a 345 330 7
a 345 792 4
a 346 789 9
a 347 719 4
a 348 267 3
a 348 398 1
a 348 472 7
a 348 722 5
a 349 496 2
a 349 698 3
a 350 154 3
a 351 705 2
a 352 727 3
a 352 744 4
a 353 402 9
a 354 91 10
a 354 181 8
a 354 290 10
a 354 629 1
a 355 76 2
a 356 50 4
a 356 167 2
a 357 184 2
a 357 603 2
a 357 609 7
a 358 14 4
a 359 403 1
a 359 415 2
a 360 364 6
a 360 460 7
a 360 576 6
a 361 96 4
a 361 746 2
a 362 163 10
a 362 495 10
a 363 669 5
a 364 155 9
a 364 300 7
a 365 569 9
a 365 627 6
a 366 99 6
a 366 104 10
a 366 192 10
a 366 342 1
a 366 441 4
a 366 722 10
a 367 383 8
a 367 701 7
a 368 564 6
a 369 41 1
a 369 174 3
a 369 494 4
a 370 423 3
a 370 551 9
a 371 242 6
a 372 223 3
a 372 378 6
a 373 42 8
a 374 50 3
a 375 84 9
a 375 299 6
a 375 423 1
a 376 103 10
a 376 765 6
a 377 363 7
a 378 83 6
a 378 230 7
a 379 175 1
a 379 436 10
a 379 475 7
a 380 399 1
a 381 74 7
a 381 317 1
a 381 411 2
a 382 237 6
a 382 386 4
a 383 14 7
a 383 339 9
a 383 656 10
a 383 750 3
a 384 255 1
a 385 788 5
a 386 267 5
a 387 98 10
a 387 304 9
a 388 194 10
a 388 200 6
a 388 399 2
a 388 584 3
a 389 67 5
a 389 120 3
a 389 180 2
a 390 273 5
a 390 375 7
a 390 716 1
a 391 106 9
a 391 324 2
a 392 221 3
a 392 507 2
a 393 452 6
a 394 7 1
a 394 47 3
a 394 250 6
a 395 333 8
a 395 468 2
a 396 40 1
a 396 728 3
a 397 238 5
a 397 468 7
a 398 302 2
a 399 231 8
a 399 653 2
a 400 153 4
a 400 410 4
a 400 458 3
a 401 196 4
a 401 227 9
a 401 383 10
a 401 527 6
a 402 181 10
a 403 151 6
a 403 449 6
a 404 140 7
a 404 292 5
a 405 76 7
a 405 314 6
a 406 284 6
a 406 353 2
a 406 636 8
a 407 74 5
a 407 788 9
a 408 24 5
a 408 508 4
a 408 577 2
a 409 543 1
a 409 692 1
a 410 11 5
a 410 348 10
a 411 512 1
a 412 393 9
a 413 64 10
a 413 301 3
a 413 303 9
a 413 555 6
a 414 48 3
a 414 671 8
a 415 363 1
a 416 173 9
a 416 201 4
a 416 347 2
a 416 401 1
a 416 610 1
a 417 81 9
a 417 180 6
a 417 756 8
a 418 53 1
a 418 452 5
a 419 42 7
a 419 752 4
a 420 63 1
a 420 191 9
a 420 635 1
a 421 73 2
a 421 318 5
a 422 676 1
a 423 552 7
a 423 595 10
a 423 710 8
a 424 781 2
a 425 15 1
a 426 240 3
a 427 554 8
a 428 471 3
a 428 572 4
a 429 397 5
a 429 532 9
a 429 620 2
a 430 460 10
a 430 516 7
a 431 558 5
a 432 139 4
a 432 669 10
a 433 254 1
a 434 137 9
a 434 726 6
a 435 714 3
a 436 329 6
a 437 614 1
a 437 764 10
a 438 42 3
a 439 191 5
a 439 428 3
a 440 49 5
a 440 114 8
a 440 567 9
a 441 178 10
a 441 235 8
a 442 570 5
a 443 482 1
a 443 631 10
a 443 641 7
a 444 195 4
a 444 252 5
a 444 300 10
a 444 551 5
a 445 56 7
a 445 514 7
a 445 662 2
a 446 390 10
a 446 570 2
a 446 738 6
a 447 85 1
a 447 177 8
a 447 537 10
a 447 603 2
a 448 147 7
a 448 267 10
a 448 308 2
a 449 16 10
a 449 211 6
a 450 562 7
a 451 10 5
a 451 732 2
a 452 189 8
a 452 407 4
a 453 431 5
a 453 496 8
a 454 242 8
a 455 555 6
a 456 129 1
a 457 293 2
a 457 534 2
a 458 9 2
a 458 504 10
a 458 520 10
a 459 111 3
a 459 484 7
a 459 587 8
a 460 415 4
a 461 299 5
a 462 579 8
a 463 237 9
a 463 743 7
a 464 629 8
a 465 520 1
a 466 756 7
a 467 617 4
a 468 79 7
a 468 360 9
a 468 587 6
a 469 381 10
a 470 646 1
a 471 555 10
a 472 28 6
a 472 631 4
a 472 767 6
a 473 9 9
a 473 506 9
a 474 122 7
a 475 423 4
a 476 175 6
a 476 187 2
a 477 19 4
a 478 248 6
a 479 563 6
a 479 755 4
a 480 381 2
a 480 405 8
a 480 766 2
a 481 531 5
a 481 597 6
a 481 781 6
a 482 49 6
a 482 332 1
a 482 800 6
a 483 452 5
a 483 536 8
a 484 204 10
a 484 737 5
a 485 535 8
a 486 409 9
a 486 796 5
a 487 753 5
a 487 779 9
a 488 474 9
a 488 504 4
a 488 574 3
a 488 696 1
a 489 511 5
a 490 572 4
a 490 631 2
a 491 298 5
a 491 572 3
a 491 595 2
a 492 218 4
a 492 466 6
a 493 253 2
a 493 706 5
a 493 781 8
a 494 18 10
a 494 208 7
a 494 541 4
a 494 707 4
a 494 759 6
a 495 56 9
a 496 132 10
a 496 262 10
a 497 327 1
a 498 43 2
a 499 130 9
a 499 737 2
a 500 605 6
a 501 517 2
a 502 675 2
a 502 777 8
a 503 671 4
a 503 797 7
a 504 440 4
a 504 461 6
a 505 601 10
a 505 745 7
a 506 757 3
a 507 638 2
a 508 786 9
a 509 186 8
a 510 212 8
a 510 569 2
a 511 169 5
a 511 630 9
a 512 735 9
a 513 480 6
a 514 332 9
a 515 352 5
a 516 380 5
a 517 237 10
a 517 496 2
a 517 520 2
a 518 167 2
a 518 601 6
a 519 143 6
a 520 220 1
a 520 373 5
a 521 101 7
a 521 283 6
a 521 684 2
a 522 514 2
a 523 735 9
a 524 135 3
a 524 491 3
a 525 81 3
a 525 350 6
a 525 721 4
a 526 370 1
a 526 560 4
a 526 662 3
a 526 769 2
a 527 389 7
a 527 499 5
a 527 672 4
a 527 677 9
a 528 609 8
a 529 197 2
a 529 708 1
a 530 134 3
a 530 358 9
a 530 791 8
a 531 787 8
a 532 75 4
a 532 495 7
a 533 355 6
a 533 649 6
a 534 522 7
a 535 289 5
a 536 521 8
a 537 236 3
a 538 226 7
a 539 178 8
a 540 22 6
a 540 709 8
a 541 304 2
a 542 607 3
a 543 383 4
a 544 524 10
a 544 767 1
a 544 785 2
a 545 326 10
a 546 268 1
a 546 331 3
a 546 427 9
a 547 273 2
a 548 154 10
a 548 337 3
a 548 403 2
a 548 404 2
a 549 23 1
a 549 42 4
a 550 570 5
a 551 171 6
a 551 617 10
a 552 751 7
a 553 17 9
a 553 365 4
a 553 373 9
a 553 460 3
a 554 696 3
a 555 272 2
a 556 176 10
a 556 451 5
a 557 26 1
a 557 59 3
a 557 227 5
a 558 354 10
a 558 730 9
a 559 619 2
a 559 679 6
a 559 768 9
a 560 669 2
a 561 344 1
a 561 437 7
a 561 546 2
a 561 762 10
a 562 180 4
a 562 615 7
a 563 56 7
a 563 293 3
a 564 308 2
a 564 334 2
a 564 701 1
a 565 579 2
a 566 474 9
a 567 44 5
a 568 248 4
a 568 420 9
a 569 144 1
a 570 514 3
a 571 354 7
a 572 553 3
a 573 325 9
a 574 583 10
a 575 210 7
a 575 467 5
a 576 144 2
a 576 318 6
a 577 396 6
a 578 696 6
a 579 252 6
a 579 590 6
a 580 210 1
a 580 503 10
a 581 683 8
a 582 424 9
a 582 431 2
a 582 490 1
a 582 611 1
a 583 422 7
a 584 342 9
a 585 366 5
a 585 725 1
a 585 783 4
a 586 552 9
a 586 652 2
a 587 191 6
a 587 681 2
a 588 485 9
a 588 552 9
a 589 432 7
a 589 747 10
a 590 141 8
a 590 791 3
a 591 170 3
a 591 730 5
a 592 389 6
a 592 688 1
a 593 115 9
a 593 623 9
a 593 774 5
a 594 46 3
a 594 320 5
a 594 586 2
a 595 136 7
a 595 481 10
a 596 65 7
a 596 424 7
a 597 347 8
a 598 11 7
a 598 311 7
a 598 625 7
a 598 684 4
a 599 131 5
a 600 610 8
a 600 616 5
a 601 343 10
a 602 6 2
a 602 135 4
a 603 758 3
a 604 750 9
a 605 714 1
a 606 269 5
a 606 288 1
a 606 526 4
a 606 607 8
a 607 71 3
a 607 447 5
a 607 799 6
a 608 20 4
a 608 311 5
a 608 363 5
a 609 379 2
a 609 713 5
a 610 138 2
a 610 183 2
a 611 57 6
a 611 219 10
a 612 171 10
a 613 434 1
a 614 373 6
a 615 167 10
a 616 30 7
a 616 549 5
a 617 140 3
a 617 594 5
a 618 100 6
a 618 148 1
a 618 596 10
a 618 630 10
a 619 375 7
a 619 729 8
a 620 113 7
a 621 386 5
a 622 96 8
a 622 241 4
a 622 466 6
a 622 478 7
a 623 143 7
a 623 223 2
a 624 61 1
a 625 547 1
a 625 553 8
a 626 556 1
a 626 642 8
a 627 127 3
a 627 217 7
a 628 371 5
a 629 564 1
a 630 521 9
a 631 575 2
a 631 653 5
a 632 463 3
a 632 555 9
a 632 562 1
a 633 54 8
a 633 121 5
a 633 272 3
a 634 164 4
a 634 274 2
a 635 502 1
a 635 720 1
a 636 730 3
a 637 251 6
a 637 582 9
a 637 639 6
a 638 109 1
a 638 503 8
a 639 88 2
a 639 299 7
a 640 240 5
a 640 555 4
a 641 786 5
a 642 34 7
a 642 679 2
a 643 83 10
a 643 158 10
a 644 135 6
a 645 633 4
a 646 235 5
a 647 16 3
a 647 140 4
a 648 359 6
a 648 697 1
a 648 702 10
a 649 234 7
a 649 492 5
a 649 646 7
a 650 193 1
a 651 462 8
a 651 483 7
a 651 759 8
a 652 315 7
a 652 402 9
a 652 598 3
a 652 608 3
a 653 79 6
a 654 320 8
a 655 22 7
a 655 90 1
a 656 82 1
a 657 275 3
a 658 727 4
a 659 447 10
a 659 448 5
a 660 560 4
a 661 45 7
a 661 789 4
a 662 412 4
a 663 589 5
a 664 165 1
a 665 239 10
a 665 257 10
a 665 306 7
a 665 536 6
a 665 775 7
a 666 235 7
a 666 320 2
a 666 657 2
a 666 774 7
a 667 129 2
a 667 189 9
a 667 317 7
a 667 665 5
a 668 354 3
a 668 425 1
a 669 43 2
a 669 223 3
a 669 486 8
a 670 82 7
a 670 112 10
a 671 405 2
a 671 406 3
a 671 461 5
a 671 600 9
a 671 761 9
a 672 198 3
a 672 397 2
a 673 171 3
a 673 670 2
a 674 74 8
a 675 273 6
a 676 413 4
a 676 752 3
a 677 790 9
a 678 3 3
a 679 208 1
a 679 503 2
a 679 526 6
a 680 737 7
a 681 301 4
a 682 49 5
a 682 166 1
a 683 579 5
a 684 540 8
a 685 500 4
a 685 656 7
a 685 703 1
a 686 124 9
a 686 256 4
a 686 595 8
a 687 316 1
a 688 631 7
a 688 647 6
a 689 152 5
a 689 733 5
a 690 83 6
a 690 242 1
a 691 311 5
a 691 416 6
a 692 107 2
a 692 119 2
a 692 579 2
a 693 32 7
a 693 116 1
a 693 258 10
a 693 645 8
a 694 561 6
a 695 229 7
a 695 508 2
a 696 476 2
a 696 719 2
a 696 763 10
a 697 8 5
a 697 218 5
a 698 89 8
a 698 195 3
a 699 303 1
a 699 444 5
a 700 303 8
a 700 705 2
a 701 440 4
a 701 518 7
a 702 134 6
a 702 751 7
a 703 147 2
a 703 585 8
a 704 735 10
a 705 71 4
a 705 793 8
a 706 63 9
a 706 408 4
a 706 638 10
a 707 264 7
a 707 731 6
a 707 783 5
a 708 186 10
a 709 492 9
a 710 38 9
a 710 348 1
a 710 549 2
a 711 368 10
a 711 573 2
a 712 58 7
a 712 75 8
a 713 55 8
a 713 597 4
a 714 78 10
a 714 345 10
a 715 211 6
a 715 301 3
a 715 674 6
a 716 14 8
a 716 193 2
a 716 654 9
a 716 741 6
a 717 29 4
a 717 588 10
a 718 434 10
a 718 690 7
a 718 772 1
a 719 408 1
a 719 553 6
a 720 791 9
a 721 287 2
a 721 590 8
a 722 277 7
a 722 347 3
a 723 81 2
a 723 182 8
a 723 435 9
a 724 796 9
a 725 203 4
a 726 501 5
a 727 472 4
a 728 67 4
a 729 66 6
a 729 253 3
a 730 32 3
a 730 448 10
a 730 719 9
a 731 43 1
a 732 51 6
a 732 706 4
a 733 117 10
a 733 751 4
a 734 360 6
a 734 650 7
a 735 244 5
a 735 356 3
a 736 309 6
a 736 336 6
a 736 438 2
a 736 510 4
a 737 723 6
a 738 20 7
a 738 267 10
a 739 372 8
a 739 579 9
a 740 435 7
a 741 282 3
a 742 528 6
a 742 685 7
a 743 739 8
a 743 773 5
a 744 305 2
a 744 420 5
a 744 461 8
a 745 179 6
a 746 552 3
a 747 147 2
a 748 387 9
a 748 660 4
a 748 671 8
a 748 700 8
a 748 777 10
a 749 146 8
a 749 509 2
a 749 589 9
a 750 85 2
a 750 285 8
a 751 238 4
a 752 336 1
a 753 299 9
a 753 718 1
a 754 291 8
a 754 468 1
a 755 782 2
a 756 10 4
a 756 537 5
a 757 214 1
a 757 603 3
a 758 389 9
a 758 658 9
a 759 279 6
a 760 493 4
a 761 270 1
a 761 452 1
a 762 362 9
a 763 171 4
a 763 433 3
a 764 282 8
a 764 312 8
a 765 539 9
a 765 565 7
a 765 718 3
a 766 148 9
a 766 739 3
a 767 574 4
a 767 730 6
a 768 49 5
a 768 197 6
a 768 275 1
a 768 436 9
a 769 651 7
a 770 506 9
a 771 137 6
a 771 336 10
a 772 599 1
a 773 95 7
a 773 117 3
a 773 721 2
a 774 369 10
a 775 534 1
a 776 44 10
a 776 306 3
a 776 609 9
a 776 723 3
a 777 179 3
a 777 224 8
a 778 128 5
a 778 682 3
a 779 697 6
a 780 389 7
a 781 455 5
a 781 593 9
a 782 39 6
a 782 97 5
a 782 274 4
a 782 512 2
a 783 68 4
a 783 259 4
a 783 426 3
a 783 630 7
a 783 768 3
a 783 786 9
a 784 621 4
a 784 688 3
a 784 765 1
a 785 207 9
a 785 412 1
a 785 735 5
a 786 7 8
a 787 82 3
a 787 538 5
a 787 541 6
a 787 724 8
a 787 744 2
a 788 178 9
a 788 754 2
a 789 272 4
a 789 680 9
a 790 529 10
a 790 699 10
a 790 779 4
a 791 597 5
a 792 69 7
a 792 203 8
a 792 294 8
a 792 322 2
a 793 78 4
a 793 179 10
a 793 558 2
a 793 734 5
a 794 27 8
a 794 442 1
a 795 403 2
a 796 128 3
a 797 122 10
a 798 75 4
a 798 479 3
a 798 771 10
a 799 152 4
