p max 800 1600
n 1 s
n 800 t
a 1 166 1
a 2 19 10
a 2 356 1
a 3 371 9
a 3 588 8
a 4 82 7
a 5 260 2
a 6 550 6
a 7 74 2
a 7 608 2
a 8 170 3
a 8 360 10
a 9 16 6
a 10 221 7
a 10 766 5
a 11 174 10
a 12 483 6
a 12 567 10
a 13 437 7
a 14 96 5
a 14 410 9
a 15 196 1
a 15 244 5
a 15 777 2
a 16 779 7
a 17 500 10
a 17 746 7
a 18 647 3
a 19 288 8
a 19 386 6
a 20 18 10
a 21 686 9
a 22 33 9
a 22 691 7
a 23 391 6
a 23 410 6
a 24 90 5
a 25 237 5
a 26 159 1
a 26 364 9
a 26 487 3
a 27 215 5
a 27 429 5
a 27 793 9
a 28 163 4
a 28 229 5
a 28 528 7
a 29 95 6
a 29 386 9
a 29 779 8
a 30 45 5
a 30 230 10
a 30 436 9
a 31 596 7
a 32 304 9
a 33 144 1
a 34 428 10
a 34 515 1
a 34 737 8
a 35 239 3
a 36 376 5
a 37 426 1
a 38 331 7
a 38 464 5
a 38 762 4
a 39 548 9
a 39 690 8
a 40 35 10
a 40 646 9
a 41 425 8
a 42 120 9
a 42 308 10
a 42 349 1
a 43 209 10
a 43 299 3
a 44 94 2
a 44 287 8
a 45 612 6
a 46 132 10
a 46 370 4
a 46 592 6
a 47 20 2
a 47 719 8
a 48 157 3
a 49 349 2
a 50 286 4
a 50 568 5
a 51 520 4
a 52 93 1
a 53 300 6
a 53 662 9
a 53 753 8
a 53 792 2
a 54 408 6
a 55 688 8
a 56 269 8
a 56 357 8
a 57 680 6
a 58 73 1
a 58 234 1
a 58 405 10
a 59 407 5
a 60 342 3
a 60 487 3
a 61 736 8
a 62 25 8
a 62 97 5
a 63 393 9
a 64 235 6
a 64 344 4
a 65 63 4
a 65 248 4
a 65 652 4
a 65 660 4
a 66 80 6
a 66 774 7
a 67 6 6
a 67 486 9
a 68 129 9
a 68 262 3
a 68 455 7
a 69 76 8
a 69 476 1
a 70 763 6
a 71 340 7
a 72 262 10
a 72 661 4
a 73 48 10
a 73 624 5
a 74 141 4
a 74 594 5
a 74 656 5
a 74 696 9
a 75 726 2
a 76 555 10
a 77 24 1
a 77 164 1
a 77 453 5
a 77 557 5
a 78 348 10
a 78 446 10
a 79 231 4
a 80 244 2
a 80 462 1
a 80 516 3
a 81 133 5
a 81 255 2
a 81 752 5
a 82 554 5
a 83 412 8
a 83 432 8
a 83 667 8
a 83 717 9
a 84 610 3
a 85 196 1
a 85 643 3
a 86 336 4
a 86 356 5
a 86 425 3
a 86 522 7
a 87 427 1
a 87 452 3
a 87 483 3
a 87 593 1
a 88 659 4
a 89 224 4
a 89 329 1
a 90 590 6
a 90 744 3
a 91 110 10
a 91 259 7
a 92 342 7
a 92 530 3
a 93 549 1
a 94 89 6
a 94 100 6
a 95 9 5
a 95 735 5
a 96 741 3
a 97 406 9
a 97 790 5
a 98 159 3
a 99 461 6
a 99 653 5
a 99 669 5
a 99 727 9
a 100 106 4
a 100 395 2
a 101 170 5
a 101 386 6
a 101 560 7
a 102 169 9
a 103 572 3
a 104 335 5
a 104 729 5
a 105 153 10
a 105 513 3
a 105 769 8
a 106 404 3
a 107 467 1
a 107 675 10
a 108 139 7
a 108 311 3
a 108 742 4
a 109 217 1
a 109 601 1
a 110 637 9
a 111 506 3
a 112 219 9
a 112 787 10
a 113 123 2
a 113 306 7
a 114 371 3
a 114 736 7
a 115 717 6
a 116 330 6
a 116 533 10
a 117 175 9
a 117 748 5
a 118 106 7
a 118 247 7
a 119 280 7
a 119 350 1
a 119 613 6
a 119 665 7
a 120 599 3
a 120 763 5
a 121 332 10
a 121 481 7
a 121 621 2
a 122 723 8
a 123 654 6
a 123 727 8
a 124 75 1
a 124 554 5
a 125 771 9
a 126 399 9
a 127 41 4
a 128 137 8
a 128 351 3
a 128 498 7
a 128 537 10
a 129 152 4
a 129 365 1
a 130 542 6
a 131 280 8
a 132 79 10
a 132 463 1
a 132 622 9
a 132 692 2
a 132 742 1
a 133 14 9
a 133 655 4
a 133 662 10
a 134 231 2
a 135 602 3
a 136 108 1
a 136 240 4
a 136 463 2
a 136 736 10
a 137 59 4
a 138 174 10
a 139 254 5
a 140 353 9
a 140 670 7
a 140 740 5
a 141 383 5
a 142 326 3
a 142 407 1
a 142 545 1
a 143 64 6
a 144 412 7
a 145 155 6
a 145 612 4
a 146 392 4
a 146 760 7
a 147 737 5
a 148 57 9
a 148 491 8
a 148 538 5
a 148 775 4
a 149 60 9
a 149 590 5
a 150 442 6
a 150 633 5
a 150 757 10
a 151 334 6
a 152 557 8
a 153 161 8
a 153 223 4
a 153 739 2
a 154 276 7
a 154 343 5
a 154 649 7
a 155 81 7
a 156 542 7
a 157 364 3
a 158 55 9
a 158 124 1
a 159 77 6
a 160 120 2
a 160 150 10
a 160 790 3
a 161 342 7
a 161 506 10
a 162 298 7
a 162 309 5
a 163 610 2
a 163 642 9
a 164 187 7
a 165 248 4
a 165 749 2
a 166 41 2
a 166 630 5
a 166 727 5
a 167 183 9
a 167 275 10
a 167 445 10
a 168 28 10
a 168 478 1
a 169 493 2
a 169 623 10
a 169 716 4
a 170 392 8
a 170 612 8
a 171 574 9
a 172 417 1
a 173 104 10
a 173 511 9
a 174 747 7
a 174 758 2
a 175 273 2
a 176 587 6
a 177 681 7
a 178 434 8
a 179 127 3
a 180 72 5
a 180 762 1
a 181 92 2
a 182 292 8
a 183 626 2
a 184 108 5
a 184 634 3
a 185 157 2
a 186 80 2
a 186 512 5
a 187 618 3
a 188 245 9
a 188 467 6
a 189 48 7
a 189 109 4
a 189 120 4
a 189 776 4
a 190 409 8
a 190 641 10
a 191 207 6
a 192 261 2
a 192 439 10
a 193 526 4
a 193 726 1
a 194 227 10
a 194 503 10
a 195 334 3
a 196 146 7
a 196 433 10
a 196 624 6
a 197 13 7
a 197 145 1
a 197 620 8
a 198 497 6
a 199 107 1
a 199 384 9
a 199 738 5
a 200 49 7
a 200 236 5
a 200 301 4
a 201 256 2
a 201 535 5
a 201 576 9
a 201 674 2
a 202 35 4
a 202 400 3
a 203 77 7
a 203 144 10
a 204 613 6
a 204 699 2
a 205 50 9
a 205 52 10
a 206 480 9
a 207 257 8
a 207 366 10
a 208 40 4
a 208 664 6
a 209 658 3
a 209 773 1
a 210 45 5
a 210 101 1
a 210 157 3
a 210 260 1
a 211 458 3
a 212 66 10
a 213 247 8
a 213 283 6
a 214 92 1
a 215 508 1
a 215 617 4
a 215 727 9
a 216 86 4
a 217 16 4
a 217 404 10
a 218 236 9
a 219 33 2
a 220 19 1
a 220 346 5
a 220 446 3
a 220 551 5
a 221 135 9
a 221 162 2
a 221 485 1
a 221 766 10
a 222 20 6
a 222 81 8
a 222 252 9
a 222 492 10
a 222 678 5
a 223 232 2
a 223 545 7
a 223 549 10
a 224 53 1
a 224 445 7
a 225 680 1
a 226 600 3
a 227 605 9
a 228 497 7
a 228 694 5
a 229 17 8
a 229 287 6
a 230 13 4
a 230 686 6
a 231 339 9
a 231 394 7
a 232 143 1
a 232 770 1
a 233 682 3
a 234 664 1
a 235 377 1
a 235 457 4
a 235 559 1
a 236 428 8
a 236 482 2
a 237 182 1
a 238 441 5
a 238 591 10
a 238 646 6
a 239 303 7
a 240 125 8
a 240 180 5
a 240 354 6
a 240 531 10
a 241 305 3
a 241 412 1
a 241 623 9
a 242 34 10
a 242 196 6
a 243 31 9
a 243 212 9
a 244 468 2
a 245 46 4
a 245 397 9
a 245 437 3
a 245 502 8
a 246 371 5
a 246 518 5
a 247 209 6
a 247 436 5
a 248 37 9
a 248 176 7
a 248 449 10
a 249 58 8
a 250 486 5
a 251 84 10
a 252 261 9
a 252 596 7
a 253 347 1
a 253 403 9
a 253 411 1
a 253 543 6
a 253 561 10
a 254 6 8
a 254 475 5
a 254 781 2
a 255 61 4
a 256 54 8
a 257 42 9
a 257 294 5
a 258 3 5
a 259 344 4
a 260 423 10
a 260 429 8
a 260 630 10
a 261 131 2
a 261 424 6
a 261 542 7
a 262 480 9
a 263 438 1
a 264 358 8
a 264 417 4
a 265 355 9
a 265 517 4
a 266 376 6
a 267 14 8
a 267 22 3
a 268 255 6
a 268 504 6
a 269 572 7
a 269 580 1
a 269 613 5
a 269 731 10
a 270 62 3
a 270 503 9
a 271 696 9
a 272 50 2
a 273 114 1
a 273 241 4
a 273 628 8
a 274 69 9
a 275 281 4
a 275 404 2
a 276 250 4
a 276 405 7
a 276 799 4
a 277 9 7
a 278 601 5
a 278 707 6
a 279 297 5
a 280 237 5
a 281 469 10
a 281 479 3
a 282 78 3
a 282 250 3
a 282 603 4
a 282 627 2
a 283 688 5
a 284 576 6
a 284 597 8
a 285 97 5
a 286 509 1
a 286 753 3
a 287 64 7
a 287 91 2
a 287 239 6
a 288 88 9
a 289 103 7
a 289 506 5
a 289 686 2
a 290 53 9
a 290 123 4
a 290 130 1
a 290 166 7
a 291 799 7
a 292 174 3
a 293 174 2
a 293 296 8
a 293 563 9
a 294 57 3
a 294 459 4
a 294 485 6
a 295 40 10
a 295 682 6
a 296 26 8
a 296 141 3
a 297 87 7
a 297 767 6
a 298 498 6
a 299 249 7
a 299 418 9
a 300 47 7
a 300 248 3
a 301 8 6
a 302 565 1
a 303 421 5
a 304 321 5
a 305 203 2
a 305 277 4
a 305 418 10
a 306 624 10
a 307 330 5
a 308 345 10
a 309 57 1
a 310 198 2
a 310 667 1
a 311 147 2
a 311 731 4
a 312 417 3
a 313 228 4
a 314 56 3
a 314 735 7
a 315 434 9
a 315 757 6
a 316 260 8
a 316 458 5
a 316 542 8
a 317 100 8
a 317 376 2
a 318 210 5
a 318 648 5
a 319 179 6
a 319 734 2
a 320 607 9
a 321 298 2
a 321 754 2
a 322 310 5
a 322 692 2
a 323 102 3
a 323 420 8
a 323 666 2
a 323 718 2
a 324 400 6
a 324 555 7
a 324 703 7
a 325 175 7
a 326 32 7
a 326 412 5
a 326 435 9
a 327 23 3
a 327 69 2
a 327 307 3
a 327 378 7
a 327 536 4
a 328 261 6
a 328 310 7
a 329 798 5
a 330 384 3
a 330 612 2
a 330 745 8
a 331 450 8
a 331 547 4
a 332 398 10
a 332 465 10
a 333 254 5
a 333 467 1
a 334 501 8
a 334 653 7
a 335 159 10
a 335 535 10
a 336 48 10
a 336 628 1
a 337 218 10
a 337 225 5
a 337 438 5
a 337 507 10
a 338 341 4
a 338 568 10
a 338 575 8
a 338 761 6
a 339 376 4
a 340 39 5
a 340 611 9
a 341 197 9
a 341 231 5
a 342 241 1
a 343 665 8
a 344 85 4
a 344 113 3
a 344 358 7
a 344 382 7
a 344 464 6
a 344 724 4
a 345 10 2
a 345 109 5
a 345 800 4
a 346 341 5
a 346 635 9
a 347 233 6
a 347 464 4
a 347 694 6
a 348 497 7
a 349 598 10
a 349 694 6
a 350 96 5
a 351 122 4
a 351 187 10
a 352 217 6
a 353 202 6
a 353 491 3
a 354 69 6
a 355 167 7
a 355 485 3
a 356 484 2
a 356 497 5
a 356 578 4
a 357 574 8
a 358 119 8
a 358 127 10
a 358 220 4
a 359 159 10
a 359 785 4
a 360 602 3
a 361 236 3
a 361 519 6
a 361 714 1
a 361 729 3
a 362 380 5
a 362 428 5
a 363 186 2
a 363 507 5
a 364 426 1
a 364 555 7
a 364 763 6
a 365 80 2
a 366 483 9
a 367 58 2
a 367 379 1
a 367 776 7
a 368 190 4
a 368 328 10
a 368 751 1
a 369 132 8
a 369 408 3
a 370 320 7
a 370 541 3
a 370 582 1
a 371 238 3
a 371 529 5
a 371 581 7
a 372 154 7
a 372 620 10
a 373 200 7
a 373 618 9
a 373 692 1
a 374 27 4
a 374 440 6
a 374 552 9
a 375 45 4
a 376 352 9
a 377 208 10
a 377 647 9
a 378 409 10
a 379 343 9
a 380 54 6
a 380 764 2
a 381 67 4
a 381 231 8
a 381 309 9
a 381 425 5
a 381 728 7
a 381 756 10
a 382 324 5
a 382 421 1
a 383 44 10
a 383 484 9
a 384 128 7
a 384 349 1
a 385 381 10
a 386 125 5
a 386 569 7
a 387 126 7
a 387 472 2
a 388 484 6
a 388 594 1
a 389 395 7
a 390 411 8
a 390 480 7
a 391 645 9
a 392 449 8
a 393 568 8
a 394 8 2
a 394 88 7
a 395 94 3
a 396 466 5
a 396 719 4
a 397 607 3
a 397 678 5
a 398 63 2
a 398 71 10
a 398 657 7
a 399 800 4
a 400 261 1
a 401 470 6
a 402 314 2
a 403 120 10
a 403 748 10
a 404 235 7
a 405 201 1
a 405 219 4
a 406 379 9
a 406 574 10
a 407 166 4
a 408 251 8
a 409 111 6
a 409 312 3
a 409 729 7
a 410 600 9
a 411 315 4
a 411 638 4
a 412 284 5
a 412 781 3
a 413 41 8
a 414 87 8
a 414 583 4
a 415 56 5
a 416 61 4
a 416 409 2
a 417 226 6
a 418 23 3
a 418 335 9
a 419 349 5
a 419 711 2
a 420 518 8
a 420 529 9
a 420 613 10
a 420 632 9
a 421 173 9
a 421 345 4
a 422 255 6
a 422 614 2
a 422 693 2
a 423 15 2
a 423 640 1
a 424 123 5
a 424 168 5
a 424 359 10
a 424 369 1
a 425 774 4
a 426 225 4
a 426 321 3
a 427 456 5
a 427 532 5
a 428 212 3
a 429 413 7
a 429 499 2
a 430 47 4
a 430 550 8
a 431 182 10
a 432 477 9
a 432 577 10
a 433 395 3
a 433 505 3
a 433 724 3
a 434 92 6
a 434 433 7
a 435 254 2
a 436 149 5
a 436 171 6
a 436 213 5
a 436 218 5
a 436 636 1
a 437 188 6
a 437 209 7
a 437 470 8
a 437 595 1
a 437 770 10
a 438 25 7
a 438 296 1
a 438 362 5
a 438 740 5
a 439 365 9
a 439 720 9
a 440 326 10
a 440 422 2
a 441 333 5
a 441 397 6
a 441 516 4
a 442 274 7
a 442 402 4
a 443 109 2
a 443 616 3
a 444 156 5
a 444 291 5
a 444 486 9
a 444 715 9
a 445 221 8
a 445 565 4
a 445 705 1
a 446 140 2
a 446 251 3
a 446 468 3
a 446 612 10
a 447 318 3
a 448 169 3
a 448 425 5
a 449 600 1
a 450 21 7
a 450 205 2
a 450 498 6
a 450 511 8
a 450 514 4
a 451 398 7
a 451 429 5
a 452 81 9
a 452 226 3
a 452 702 5
a 453 82 9
a 453 743 2
a 454 344 6
a 455 500 6
a 455 793 9
a 456 94 3
a 456 279 1
a 456 575 10
a 456 649 8
a 457 626 1
a 458 567 10
a 459 515 9
a 460 559 8
a 460 562 4
a 461 462 8
a 461 553 8
a 462 59 6
a 462 315 6
a 463 419 1
a 463 689 1
a 464 51 7
a 464 345 7
a 465 372 1
a 465 687 4
a 465 723 3
a 466 564 5
a 467 30 7
a 467 194 10
a 468 351 2
a 468 589 2
a 468 651 9
a 469 171 5
a 469 323 10
a 469 765 3
a 470 267 9
a 470 463 1
a 470 477 4
a 471 258 2
a 471 553 1
a 472 38 1
a 472 679 5
a 472 782 4
a 473 760 9
a 474 151 7
a 474 374 4
a 475 242 7
a 475 470 7
a 476 297 1
a 476 644 9
a 477 163 1
a 477 263 3
a 477 273 8
a 478 649 9
a 479 75 6
a 479 524 4
a 480 273 1
a 481 451 5
a 481 549 7
a 481 609 8
a 482 91 10
a 482 607 9
a 483 88 4
a 483 755 10
a 484 418 9
a 485 51 2
a 485 517 6
a 485 586 9
a 486 562 2
a 486 571 7
a 487 244 4
a 487 784 4
a 488 302 8
a 488 547 7
a 489 638 3
a 489 684 10
a 490 485 7
a 491 446 8
a 492 66 9
a 492 324 4
a 493 162 9
a 493 481 2
a 494 80 10
a 494 272 8
a 494 363 7
a 494 393 8
a 494 650 9
a 495 76 7
a 495 703 8
a 496 56 7
a 496 637 2
a 497 113 6
a 498 270 6
a 498 442 10
a 499 527 6
a 499 736 9
a 499 778 10
a 500 285 6
a 500 535 3
a 500 685 8
a 500 713 5
a 501 100 10
a 501 242 6
a 501 708 3
a 502 418 6
a 502 534 1
a 502 640 8
a 502 693 9
a 502 695 5
a 503 732 7
a 504 340 1
a 504 438 10
a 505 372 1
a 505 453 2
a 505 544 8
a 506 784 2
a 507 116 8
a 507 753 7
a 508 290 10
a 508 419 1
a 508 513 1
a 509 545 3
a 510 375 5
a 510 629 3
a 511 230 6
a 512 537 7
a 512 627 1
a 513 136 5
a 513 384 1
a 514 20 8
a 514 304 7
a 514 684 4
a 515 282 4
a 515 671 8
a 516 593 10
a 517 191 10
a 517 461 1
a 517 649 4
a 518 320 10
a 518 383 5
a 518 772 5
a 519 68 1
a 519 283 1
a 520 355 6
a 520 748 6
a 521 247 2
a 522 262 3
a 522 343 10
a 522 737 1
a 523 501 10
a 524 65 10
a 524 582 5
a 524 663 3
a 525 797 6
a 526 200 7
a 526 374 6
a 526 480 9
a 526 520 4
a 527 62 1
a 527 579 8
a 528 224 8
a 528 316 7
a 529 367 6
a 529 646 7
a 530 234 9
a 530 448 9
a 531 495 8
a 531 534 2
a 532 82 9
a 533 330 10
a 533 659 8
a 534 190 8
a 534 471 9
a 535 194 6
a 536 743 7
a 536 770 3
a 537 266 3
a 538 759 2
a 539 82 9
a 540 333 6
a 541 248 6
a 542 633 3
a 543 406 1
a 544 735 5
a 545 610 7
a 546 8 8
a 546 129 5
a 547 388 1
a 548 754 6
a 549 49 7
a 549 592 6
a 550 318 2
a 550 361 5
a 550 426 7
a 551 256 9
a 551 539 6
a 552 209 5
a 552 416 9
a 553 491 7
a 553 709 3
a 554 9 6
a 554 259 9
a 555 123 2
a 556 508 9
a 556 538 10
a 557 169 10
a 558 457 1
a 559 777 9
a 560 245 4
a 560 800 8
a 561 55 2
a 561 677 3
a 562 111 7
a 562 214 1
a 562 216 4
a 562 263 4
a 563 319 5
a 564 125 3
a 565 229 5
a 565 523 10
a 565 639 8
a 566 55 5
a 567 160 1
a 567 185 6
a 567 212 1
a 567 249 8
a 567 356 1
a 568 182 2
a 568 204 5
a 568 476 4
a 568 494 7
a 569 213 4
a 570 548 9
a 571 134 6
a 571 612 1
a 572 260 7
a 573 90 1
a 573 764 2
a 574 199 5
a 574 396 6
a 574 783 5
a 575 389 9
a 576 461 3
a 577 204 4
a 577 252 3
a 578 460 3
a 579 28 4
a 579 552 7
a 580 35 2
a 581 178 9
a 581 367 1
a 582 220 6
a 582 452 8
a 582 552 8
a 583 69 2
a 584 177 2
a 584 525 5
a 584 680 7
a 585 587 1
a 586 86 5
a 586 665 7
a 587 97 5
a 587 774 6
a 588 55 7
a 588 449 10
a 589 632 6
a 590 193 8
a 590 529 3
a 591 180 7
a 591 360 2
a 591 472 7
a 592 77 3
a 592 102 8
a 592 633 5
a 592 688 5
a 593 36 8
a 593 662 9
a 593 697 6
a 594 137 2
a 595 162 1
a 595 759 9
a 596 7 1
a 596 634 7
a 597 249 6
a 597 712 2
a 598 351 8
a 599 142 2
a 599 405 6
a 599 647 9
a 600 421 8
a 601 432 9
a 601 540 7
a 602 11 3
a 602 52 2
a 602 152 5
a 602 573 10
a 602 612 4
a 603 16 10
a 604 109 10
a 604 698 10
a 604 771 10
a 605 2 9
a 605 519 6
a 606 16 10
a 606 334 4
a 606 335 2
a 606 672 10
a 607 265 2
a 607 456 5
a 607 789 9
a 608 736 9
a 609 206 2
a 610 357 9
a 610 739 3
a 611 17 6
a 612 188 7
a 612 734 5
a 613 228 2
a 613 239 3
a 613 454 8
a 614 248 6
a 614 268 2
a 614 606 5
a 614 658 5
a 615 4 10
a 615 779 9
a 616 394 3
a 617 3 9
a 617 105 8
a 617 118 4
a 617 222 8
a 618 532 5
a 619 43 10
a 619 68 1
a 619 715 4
a 620 138 10
a 620 172 7
a 620 314 1
a 620 337 9
a 621 477 4
a 621 543 3
a 622 365 7
a 622 488 10
a 622 750 1
a 623 505 7
a 623 797 9
a 624 508 5
a 624 583 10
a 625 500 7
a 626 83 1
a 626 371 4
a 626 526 6
a 627 84 10
a 627 399 10
a 627 521 3
a 628 597 10
a 629 464 1
a 630 81 9
a 630 362 9
a 631 401 5
a 631 519 6
a 631 608 6
a 631 615 1
a 631 671 7
a 631 730 2
a 632 459 6
a 632 745 9
a 633 70 3
a 634 129 1
a 635 142 6
a 635 521 2
a 636 726 9
a 637 567 1
a 638 381 5
a 638 476 8
a 639 79 7
a 640 45 7
a 640 667 2
a 641 462 9
a 642 344 3
a 642 763 4
a 643 201 8
a 643 305 2
a 644 453 8
a 644 701 9
a 645 120 7
a 646 666 9
a 647 237 7
a 648 178 2
a 649 271 7
a 649 796 5
a 650 330 9
a 650 415 3
a 650 432 5
a 650 558 1
a 650 664 3
a 650 791 5
a 651 319 2
a 651 377 6
a 652 18 3
a 652 237 2
a 653 585 7
a 654 537 6
a 655 274 6
a 655 529 10
a 655 733 6
a 656 443 7
a 656 713 10
a 657 20 5
a 657 641 1
a 658 186 9
a 659 484 6
a 660 342 10
a 661 509 5
a 661 566 1
a 662 5 8
a 662 754 5
a 663 543 1
a 664 453 1
a 664 489 9
a 665 562 10
a 665 666 5
a 666 334 5
a 667 58 7
a 668 159 1
a 669 437 9
a 669 732 8
a 670 485 8
a 671 356 10
a 671 406 8
a 672 72 2
a 672 631 7
a 673 93 2
a 673 629 9
a 674 223 3
a 674 634 9
a 675 305 5
a 675 389 8
a 676 66 4
a 676 414 8
a 676 629 1
a 677 180 6
a 678 148 8
a 678 327 6
a 678 368 2
a 678 430 7
a 678 636 1
a 679 483 8
a 680 352 7
a 680 471 2
a 680 570 9
a 680 681 9
a 681 30 6
a 681 206 8
a 681 390 5
a 682 613 2
a 683 448 6
a 683 462 5
a 684 720 4
a 685 190 2
a 686 213 8
a 687 791 7
a 688 98 8
a 688 352 1
a 688 424 7
a 689 260 8
a 689 387 4
a 690 180 2
a 690 572 9
a 691 241 8
a 691 499 6
a 692 292 9
a 692 573 5
a 693 246 1
a 693 604 4
a 693 766 7
a 693 789 7
a 694 180 6
a 694 243 5
a 694 294 3
a 694 444 9
a 695 473 9
a 695 666 2
a 696 23 10
a 696 345 8
a 697 321 10
a 698 237 9
a 698 266 3
a 698 596 9
a 699 164 10
a 699 317 1
a 700 464 4
a 701 771 4
a 701 795 10
a 702 503 2
a 703 120 8
a 704 366 3
a 704 604 6
a 705 33 2
a 706 589 9
a 707 66 7
a 707 329 4
a 708 192 2
a 708 273 4
a 709 688 4
a 709 721 1
a 710 185 10
a 710 690 3
a 710 757 4
a 711 177 4
a 711 199 7
a 711 303 9
a 712 207 1
a 712 239 10
a 712 454 1
a 712 600 9
a 713 553 5
a 713 617 6
a 714 295 1
a 715 53 7
a 715 431 10
a 715 479 4
a 715 509 3
a 715 723 7
a 716 121 7
a 716 372 5
a 716 725 6
a 717 166 4
a 718 211 7
a 718 683 10
a 719 61 6
a 719 289 10
a 720 218 3
a 720 648 5
a 721 736 7
a 722 181 5
a 722 372 8
a 722 546 7
a 723 324 7
a 724 537 8
a 724 788 5
a 725 187 5
a 725 502 5
a 726 9 9
a 727 60 10
a 727 490 8
a 727 538 7
a 728 99 6
a 729 115 8
a 729 117 8
a 729 295 8
a 729 663 6
a 730 195 7
a 730 330 7
a 731 307 8
a 732 474 7
a 732 540 4
a 732 706 9
a 733 337 3
a 733 532 4
a 733 660 6
a 734 489 8
a 735 320 2
a 735 617 5
a 736 82 9
a 736 207 4
a 737 61 1
a 738 645 4
a 738 788 6
a 739 278 1
a 739 313 1
a 739 605 8
a 739 747 9
a 740 495 10
a 740 554 1
a 740 555 2
a 741 676 6
a 742 318 5
a 743 521 7
a 744 601 6
a 744 653 7
a 744 710 2
a 744 741 3
a 745 96 5
a 745 201 3
a 746 63 6
a 746 496 1
a 746 556 10
a 747 100 7
a 748 661 2
a 749 777 1
a 750 34 1
a 750 610 8
a 751 4 10
a 752 6 2
a 752 468 9
a 752 768 9
a 753 124 7
a 753 338 10
a 753 587 3
a 754 628 7
a 754 644 2
a 755 6 6
a 755 112 10
a 755 165 1
a 755 285 5
a 755 449 8
a 755 554 6
a 756 450 4
a 756 507 10
a 757 62 8
a 757 671 3
a 758 634 8
a 758 722 6
a 759 269 2
a 760 585 1
a 760 798 7
a 761 12 2
a 761 451 1
a 761 510 10
a 762 369 5
a 762 564 3
a 763 287 8
a 764 162 5
a 765 158 8
a 765 385 3
a 765 673 5
a 765 679 3
a 766 483 9
a 766 626 3
a 767 584 2
a 767 658 7
a 767 747 5
a 768 39 8
a 768 125 9
a 768 619 10
a 769 469 3
a 770 194 4
a 770 272 10
a 770 322 8
a 771 33 10
a 771 325 3
a 771 394 7
a 771 658 2
a 772 672 8
a 772 780 9
a 773 293 2
a 773 388 5
a 773 467 2
a 773 524 2
a 774 3 5
a 774 110 7
a 774 419 9
a 774 565 9
a 774 704 4
a 775 677 1
a 776 525 4
a 776 601 5
a 776 683 8
a 777 284 10
a 778 424 10
a 778 794 3
a 779 403 6
a 779 625 10
a 779 786 10
a 780 414 3
a 780 667 5
a 781 389 4
a 781 460 7
a 782 264 1
a 782 365 9
a 783 253 4
a 783 427 6
a 783 447 8
a 783 453 1
a 783 756 8
a 784 116 3
a 784 158 1
a 784 676 6
a 785 82 10
a 785 373 3
a 785 609 9
a 785 764 3
a 786 99 5
a 786 167 2
a 786 189 7
a 787 676 8
a 788 191 5
a 789 194 8
a 789 700 10
a 790 664 3
a 791 8 4
a 791 218 10
a 791 683 10
a 792 475 2
a 792 668 1
a 793 29 7
a 793 755 9
a 794 398 9
a 795 59 3
a 796 305 1
a 797 70 2
a 797 271 7
a 797 299 9
a 797 585 9
a 798 184 7
a 798 385 5
a 798 602 8
a 799 517 10
