p max 800 1600
n 1 s
n 800 t
a 1 371 8
a 2 66 10
a 2 126 3
a 2 464 9
a 3 180 2
a 4 566 8
a 5 456 6
a 6 232 1
a 7 318 8
a 8 77 6
a 8 228 1
a 8 596 4
a 9 267 2
a 9 498 1
a 9 504 9
a 10 449 6
a 11 14 9
a 11 759 8
a 12 62 10
a 12 66 6
a 12 279 7
a 13 330 1
a 14 306 10
a 14 535 5
a 15 137 6
a 15 187 5
a 16 182 5
a 16 308 9
a 16 504 8
a 17 303 2
a 17 468 3
a 17 605 1
a 18 106 4
a 19 637 6
a 20 527 5
a 21 694 2
a 21 778 2
a 22 608 9
a 22 727 9
a 23 463 3
a 23 757 9
a 24 475 2
a 24 555 4
a 24 796 3
a 25 588 3
a 26 528 6
a 26 604 6
a 26 719 10
a 27 619 8
a 28 466 5
a 28 542 7
a 28 559 2
a 28 752 10
a 29 542 2
a 30 436 2
a 31 371 3
a 32 486 1
a 33 278 7
a 33 757 5
a 34 363 2
a 35 506 10
a 36 200 8
a 37 411 2
a 37 682 9
a 38 479 8
a 38 495 6
a 39 711 3
a 40 8 6
a 40 759 6
a 41 312 4
a 42 307 3
a 42 503 6
a 42 613 9
a 43 343 5
a 43 522 8
a 43 668 3
a 44 15 9
a 45 467 5
a 46 281 4
a 46 333 7
a 46 539 7
a 47 29 6
a 48 777 8
a 49 440 9
a 49 754 2
a 50 664 1
a 50 711 5
a 51 79 5
a 51 288 6
a 52 216 8
a 52 427 10
a 52 548 8
a 52 648 3
a 53 30 2
a 53 795 6
a 54 333 7
a 54 712 10
a 55 131 9
a 56 443 1
a 56 623 5
a 57 97 10
a 57 246 6
a 58 232 2
a 58 603 2
a 58 733 2
a 59 354 8
a 59 413 10
a 60 294 3
a 60 519 5
a 61 386 7
a 62 444 2
a 62 780 2
a 63 48 7
a 63 210 6
a 64 576 10
a 65 127 9
a 65 212 8
a 65 511 8
a 65 573 4
a 66 196 10
a 66 572 1
a 66 765 3
a 67 285 6
a 67 419 2
a 68 194 9
a 68 488 7
a 68 688 4
a 69 272 6
a 69 535 10
a 70 321 6
a 70 461 4
a 70 682 6
a 71 231 4
a 72 141 2
a 72 200 1
a 72 265 1
a 72 456 4
a 72 531 7
a 73 550 3
a 74 317 2
a 74 440 1
a 75 612 9
a 75 676 5
a 76 259 9
a 77 419 7
a 78 415 6
a 78 774 8
a 79 4 6
a 80 432 5
a 80 686 4
a 81 341 5
a 82 392 4
a 82 675 8
a 83 127 8
a 83 513 8
a 84 42 8
a 84 64 6
a 85 228 10
a 85 563 10
a 86 356 5
a 87 80 4
a 87 696 9
a 87 782 7
a 88 377 4
a 88 546 7
a 88 750 8
a 88 766 2
a 89 773 9
a 90 329 3
a 90 384 1
a 90 561 5
a 90 659 1
a 91 27 7
a 92 133 7
a 92 187 3
a 93 410 5
a 93 663 1
a 94 354 3
a 94 383 8
a 95 476 6
a 96 167 3
a 96 372 3
a 96 471 4
a 96 665 2
a 97 343 4
a 97 614 6
a 97 644 3
a 98 68 9
a 98 529 4
a 99 707 4
a 100 49 10
a 101 2 3
a 101 131 10
a 102 121 7
a 102 311 9
a 102 405 1
a 103 291 2
a 103 334 9
a 103 410 10
a 104 75 3
a 104 769 7
a 105 230 7
a 105 486 7
a 105 551 9
a 105 558 2
a 106 612 2
a 107 33 6
a 107 361 1
a 107 448 8
a 107 722 2
a 108 339 8
a 109 150 2
a 110 92 8
a 110 198 6
a 110 408 3
a 110 655 3
a 111 242 4
a 112 102 3
a 112 462 7
a 112 772 2
a 113 72 3
a 113 299 4
a 113 625 9
a 114 39 5
a 114 412 7
a 115 500 2
a 115 621 1
a 116 183 7
a 117 637 6
a 118 607 9
a 118 689 1
a 118 728 3
a 119 195 4
a 120 706 7
a 121 365 9
a 121 741 8
a 122 21 8
a 122 626 2
a 123 196 6
a 123 599 7
a 124 89 10
a 124 740 2
a 125 780 3
a 126 547 7
a 127 415 9
a 127 446 10
a 128 487 8
a 129 22 2
a 130 605 2
a 131 436 10
a 131 641 5
a 131 697 6
a 132 633 10
a 132 711 6
a 132 766 6
a 133 506 2
a 134 284 5
a 134 615 8
a 134 624 7
a 134 785 4
a 135 139 10
a 135 526 4
a 136 444 8
a 137 248 2
a 137 409 3
a 138 618 5
a 139 226 7
a 139 275 3
a 139 747 6
a 140 356 5
a 141 149 2
a 141 505 3
a 142 399 5
a 143 325 6
a 144 93 10
a 145 380 1
a 145 709 3
a 145 771 1
a 146 15 1
a 146 138 9
a 147 36 4
a 147 305 5
a 147 507 8
a 147 787 2
a 148 692 10
a 149 159 5
a 149 386 5
a 149 623 6
a 149 741 5
a 150 86 7
a 150 381 7
a 151 264 7
a 151 669 8
a 151 730 9
a 151 788 8
a 152 205 6
a 153 588 9
a 154 293 9
a 154 308 4
a 154 710 4
a 154 715 10
a 155 50 2
a 155 543 4
a 156 363 8
a 157 603 4
a 158 256 9
a 158 750 7
a 159 793 4
a 160 157 1
a 160 483 7
a 161 16 4
a 161 524 2
a 162 406 6
a 163 292 6
a 164 133 6
a 164 431 9
a 165 186 1
a 165 233 9
a 165 629 10
a 165 727 6
a 166 296 7
a 166 451 10
a 167 100 9
a 167 673 10
a 168 64 6
a 169 706 10
a 170 15 6
a 170 237 8
a 170 604 6
a 171 122 8
a 171 521 8
a 172 722 9
a 173 491 3
a 173 509 2
a 174 235 3
a 174 622 8
a 175 194 9
a 175 659 3
a 176 336 10
a 176 667 4
a 176 781 6
a 177 72 1
a 177 186 1
a 178 325 1
a 178 479 10
a 179 110 7
a 180 95 6
a 180 186 3
a 180 231 4
a 180 800 5
a 181 578 9
a 181 684 10
a 182 61 3
a 183 447 6
a 183 798 2
a 184 539 10
a 185 217 4
a 185 430 6
a 185 591 6
a 186 129 9
a 186 625 1
a 187 274 5
a 187 397 9
a 187 517 7
a 188 757 3
a 189 392 7
a 190 783 2
a 191 174 9
a 191 318 8
a 192 581 1
a 193 665 1
a 194 60 2
a 194 457 7
a 194 550 2
a 195 185 2
a 195 388 8
a 195 583 4
a 195 731 5
a 196 327 3
a 197 512 3
a 197 539 6
a 198 638 4
a 199 347 4
a 199 542 7
a 200 54 7
a 200 230 1
a 200 476 9
a 201 439 4
a 202 13 5
a 202 261 8
a 202 745 1
a 203 337 9
a 203 424 1
a 204 183 2
a 204 705 6
a 205 29 5
a 205 52 4
a 206 174 10
a 206 360 5
a 206 414 1
a 206 551 2
a 206 760 1
a 207 38 10
a 207 549 1
a 208 10 9
a 209 90 10
a 210 341 6
a 211 679 6
a 212 539 5
a 212 557 2
a 213 229 2
a 213 360 6
a 213 790 6
a 214 269 1
a 214 280 2
a 214 333 2
a 215 703 7
a 216 379 6
a 216 473 9
a 217 263 4
a 217 302 10
a 217 433 8
a 218 203 8
a 218 478 9
a 219 52 10
a 219 693 3
a 220 533 7
a 220 536 10
a 220 652 7
a 221 126 2
a 222 43 9
a 222 142 10
a 222 535 5
a 223 531 7
a 223 555 10
a 223 751 9
a 224 332 4
a 224 429 6
a 225 415 10
a 226 164 7
a 227 178 8
a 227 569 4
a 228 149 8
a 228 185 10
a 228 331 3
a 228 776 10
a 229 538 9
a 230 354 9
a 230 654 7
a 231 349 4
a 231 379 8
a 232 543 5
a 233 401 10
a 233 593 7
a 234 79 8
a 235 394 2
a 235 556 8
a 235 706 2
a 236 781 9
a 237 254 5
a 237 657 8
a 238 293 8
a 239 406 8
a 239 582 2
a 240 18 2
a 240 53 4
a 240 350 1
a 241 23 9
a 241 575 5
a 241 779 5
a 242 480 10
a 243 343 9
a 244 498 7
a 245 514 4
a 245 537 7
a 246 144 10
a 247 684 9
a 248 17 1
a 248 377 4
a 249 144 3
a 249 363 7
a 250 129 1
a 250 312 3
a 251 417 3
a 251 670 8
a 252 76 4
a 252 170 10
a 252 181 4
a 253 784 4
a 254 301 8
a 254 645 7
a 255 132 9
a 255 322 6
a 256 235 4
a 256 388 9
a 256 442 4
a 256 718 6
a 257 342 7
a 257 360 4
a 258 313 1
a 258 666 7
a 259 132 8
a 260 5 9
a 260 501 4
a 260 783 9
a 261 788 5
a 262 44 7
a 262 93 9
a 263 787 10
a 264 244 10
a 264 394 10
a 264 666 5
a 264 769 6
a 265 12 10
a 266 213 9
a 266 383 1
a 267 101 6
a 267 367 7
a 267 511 4
a 268 174 3
a 269 591 3
a 270 206 1
a 270 755 1
a 271 419 9
a 272 56 8
a 272 170 2
a 273 100 4
a 274 427 5
a 275 173 3
a 275 784 9
a 276 71 7
a 276 185 7
a 276 257 4
a 277 178 6
a 277 215 9
a 277 320 10
a 277 494 4
a 278 83 4
a 278 158 8
a 278 708 4
a 279 371 4
a 279 509 3
a 279 797 3
a 280 300 10
a 280 726 10
a 281 344 9
a 282 581 5
a 282 646 10
a 283 199 6
a 283 382 10
a 284 192 1
a 285 139 6
a 286 562 10
a 286 724 10
a 287 641 5
a 287 650 10
a 287 761 10
a 288 256 2
a 288 497 5
a 289 221 10
a 290 553 2
a 290 610 7
a 291 268 3
a 291 371 5
a 292 423 2
a 292 778 4
a 293 510 10
a 293 595 6
a 293 613 6
a 293 670 1
a 293 734 8
a 294 217 4
a 295 200 9
a 296 104 4
a 296 514 6
a 297 632 3
a 297 696 10
a 298 489 7
a 298 627 3
a 299 128 8
a 300 729 6
a 301 53 5
a 301 589 4
a 302 236 5
a 302 720 2
a 303 739 4
a 304 3 7
a 304 563 2
a 304 581 7
a 304 709 7
a 305 161 4
a 305 799 10
a 306 62 7
a 306 113 8
a 307 358 7
a 307 449 3
a 307 635 5
a 307 770 2
a 308 419 10
a 309 86 8
a 309 275 6
a 310 550 7
a 311 263 10
a 312 270 10
a 312 284 9
a 312 642 3
a 312 680 4
a 313 732 4
a 314 43 9
a 314 362 1
a 315 286 7
a 316 756 5
a 317 38 3
a 317 479 8
a 317 571 3
a 317 671 5
a 318 494 1
a 319 161 2
a 319 275 8
a 319 699 9
a 320 211 5
a 321 547 7
a 322 259 3
a 323 632 10
a 324 67 2
a 324 555 8
a 325 350 7
a 325 577 6
a 326 250 7
a 326 288 6
a 326 568 8
a 327 77 3
a 328 160 2
a 328 277 6
a 329 266 9
a 329 469 10
a 330 409 6
a 331 64 3
a 331 206 1
a 331 677 1
a 332 55 6
a 332 217 7
a 332 236 4
a 333 45 6
a 334 188 8
a 334 507 3
a 334 742 1
a 335 62 5
a 335 209 10
a 336 588 3
a 337 123 5
a 337 222 3
a 337 316 4
a 337 438 5
a 338 85 10
a 338 152 3
a 338 520 9
a 338 606 5
a 338 656 5
a 338 798 8
a 339 477 7
a 339 585 4
a 340 227 6
a 340 251 7
a 340 416 10
a 340 489 8
a 340 570 1
a 340 789 8
a 341 236 9
a 342 115 9
a 342 334 7
a 343 70 7
a 343 285 4
a 344 321 9
a 345 31 5
a 345 162 9
a 346 354 3
a 346 493 3
a 346 639 8
a 346 714 3
a 347 373 8
a 347 452 5
a 347 475 8
a 348 144 7
a 349 22 4
a 349 262 10
a 349 351 7
a 350 157 3
a 351 110 4
a 351 265 9
a 351 800 8
a 352 82 10
a 353 754 1
a 354 275 9
a 355 189 5
a 355 756 8
a 356 442 10
a 356 679 6
a 357 376 6
a 357 484 3
a 358 204 4
a 358 678 2
a 359 493 7
a 360 116 5
a 360 130 5
a 360 783 8
a 361 147 9
a 362 140 7
a 362 171 10
a 363 45 6
a 363 260 4
a 364 518 6
a 365 60 4
a 366 254 7
a 366 306 7
a 367 51 1
a 367 326 4
a 368 358 10
a 368 499 5
a 368 799 9
a 369 147 2
a 369 620 5
a 370 592 3
a 371 787 6
a 372 114 10
a 372 450 10
a 372 464 6
a 373 480 4
a 373 735 5
a 374 597 1
a 374 612 9
a 375 371 8
a 375 566 10
a 376 29 8
a 376 267 6
a 376 294 9
a 377 11 5
a 377 111 8
a 378 21 6
a 379 69 2
a 379 559 5
a 380 691 4
a 380 710 5
a 381 341 8
a 381 406 1
a 382 615 9
a 383 89 10
a 383 176 9
a 383 195 3
a 384 146 2
a 384 455 3
a 384 465 2
a 385 750 9
a 386 486 2
a 386 655 9
a 387 384 10
a 387 701 7
a 388 597 7
a 388 618 6
a 389 193 7
a 389 460 3
a 390 552 6
a 391 341 4
a 391 621 7
a 392 80 3
a 392 459 6
a 393 83 9
a 393 250 7
a 394 476 10
a 394 749 3
a 395 91 9
a 395 231 2
a 396 356 9
a 396 420 4
a 396 530 10
a 396 580 3
a 397 295 7
a 397 472 4
a 398 687 3
a 399 633 7
a 399 693 9
a 400 28 2
a 400 350 10
a 400 594 3
a 401 302 9
a 401 426 8
a 401 702 6
a 402 79 7
a 402 522 9
a 402 647 9
a 403 61 1
a 403 74 6
a 403 154 9
a 403 601 7
a 404 392 1
a 404 670 4
a 405 577 4
a 406 218 1
a 407 253 8
a 407 645 3
a 408 94 4
a 408 517 9
a 409 58 9
a 409 547 5
a 409 610 6
a 410 463 5
a 411 245 10
a 411 284 7
a 411 792 7
a 412 107 4
a 412 696 9
a 412 772 8
a 413 87 4
a 414 442 6
a 415 671 6
a 416 576 8
a 416 668 6
a 416 762 7
a 417 154 8
a 418 544 5
a 418 578 2
a 419 414 5
a 420 69 5
a 421 13 3
a 421 666 3
a 421 681 3
a 422 177 9
a 422 597 2
a 423 96 1
a 423 345 10
a 423 481 1
a 423 673 7
a 424 78 5
a 424 381 4
a 424 698 2
a 425 539 1
a 426 197 6
a 426 416 3
a 426 757 1
a 427 92 10
a 427 122 10
a 428 495 3
a 429 576 3
a 430 45 2
a 430 155 10
a 430 419 9
a 431 145 1
a 431 275 3
a 432 384 2
a 433 100 1
a 433 453 8
a 433 650 3
a 434 705 1
a 435 454 5
a 436 137 8
a 436 238 3
a 436 690 3
a 437 327 2
a 437 330 10
a 437 617 2
a 438 488 1
a 439 337 10
a 440 282 8
a 440 421 4
a 440 789 5
a 441 683 3
a 442 708 8
a 443 22 6
a 444 283 4
a 444 350 2
a 444 680 9
a 445 81 5
a 445 344 8
a 446 376 3
a 446 683 10
a 447 396 2
a 447 756 3
a 448 61 6
a 448 214 5
a 448 310 7
a 448 630 1
a 449 639 1
a 449 736 9
a 450 259 2
a 451 106 2
a 451 618 4
a 452 7 3
a 452 588 3
a 453 601 4
a 454 713 10
a 455 310 6
a 455 548 6
a 455 550 10
a 456 120 7
a 456 435 2
a 456 654 8
a 457 231 1
a 458 11 1
a 458 774 2
a 459 317 7
a 459 732 9
a 460 122 1
a 460 179 5
a 461 230 7
a 461 445 9
a 461 588 9
a 462 790 1
a 463 242 9
a 463 660 5
a 463 792 1
a 464 24 3
a 464 218 2
a 465 71 1
a 465 324 6
a 465 453 6
a 466 166 5
a 466 224 4
a 466 290 1
a 467 527 9
a 468 357 6
a 468 540 7
a 468 547 5
a 469 403 5
a 469 416 7
a 470 35 8
a 471 134 10
a 471 518 5
a 472 164 5
a 472 648 6
a 472 738 7
a 473 87 7
a 473 346 5
a 473 535 8
a 474 502 4
a 474 649 10
a 474 724 7
a 474 767 9
a 475 168 10
a 476 128 2
a 476 352 10
a 477 153 10
a 477 714 3
a 478 666 1
a 479 21 8
a 479 322 7
a 480 182 7
a 480 491 7
a 481 28 8
a 482 328 4
a 482 693 4
a 483 212 5
a 484 65 5
a 484 603 9
a 485 184 6
a 485 309 6
a 485 674 8
a 485 773 2
a 486 31 10
a 486 390 10
a 486 459 8
a 486 494 7
a 487 516 5
a 488 306 9
a 488 368 9
a 489 701 5
a 490 332 3
a 490 338 3
a 491 76 4
a 491 794 8
a 492 523 3
a 492 783 2
a 493 719 2
a 493 729 7
a 494 388 4
a 494 482 8
a 495 29 6
a 496 53 9
a 497 315 9
a 497 355 4
a 498 552 10
a 499 340 1
a 499 496 5
a 499 542 8
a 499 753 6
a 500 124 4
a 500 237 3
a 501 521 6
a 502 394 7
a 502 609 8
a 503 330 5
a 504 262 4
a 504 375 5
a 504 640 8
a 504 665 6
a 505 731 1
a 506 171 10
a 507 193 10
a 508 485 7
a 509 581 8
a 510 346 1
a 511 766 8
a 512 309 8
a 513 26 2
a 513 387 8
a 514 227 4
a 514 743 10
a 515 125 6
a 515 593 5
a 515 643 7
a 516 41 8
a 516 147 4
a 517 109 2
a 517 764 4
a 518 264 1
a 518 488 6
a 519 199 2
a 519 722 4
a 520 201 4
a 520 243 4
a 520 555 5
a 521 560 1
a 522 361 1
a 522 428 8
a 523 308 1
a 523 517 8
a 524 502 5
a 525 465 7
a 525 591 1
a 525 735 9
a 526 19 7
a 526 176 9
a 526 234 2
a 527 41 2
a 528 218 10
a 528 418 10
a 528 474 4
a 528 595 9
a 529 124 8
a 529 289 1
a 530 145 8
a 530 444 5
a 531 121 2
a 531 292 4
a 532 190 6
a 532 579 5
a 533 680 9
a 534 50 1
a 534 323 3
a 534 671 1
a 535 172 6
a 535 287 1
a 535 319 8
a 536 591 5
a 537 57 10
a 538 320 10
a 539 214 4
a 540 326 4
a 541 66 9
a 541 703 7
a 542 238 2
a 542 451 7
a 543 177 4
a 543 208 7
a 544 278 10
a 544 355 4
a 545 425 8
a 545 732 7
a 546 57 4
a 546 323 2
a 546 439 5
a 546 701 7
a 547 111 10
a 547 191 7
a 548 255 6
a 549 240 10
a 549 593 8
a 550 125 6
a 550 364 5
a 551 205 6
a 552 96 7
a 553 251 9
a 554 631 1
a 555 34 6
a 555 640 4
a 556 248 7
a 556 322 1
a 556 535 8
a 557 238 8
a 558 500 4
a 558 587 9
a 558 758 6
a 559 484 1
a 560 27 7
a 560 207 6
a 561 378 10
a 562 82 9
a 562 113 7
a 562 156 3
a 562 598 8
a 562 662 8
a 563 98 4
a 563 286 7
a 563 520 6
a 564 193 7
a 564 219 1
a 565 210 6
a 565 451 6
a 565 519 9
a 566 510 3
a 566 621 10
a 566 769 5
a 567 183 9
a 568 111 6
a 568 348 9
a 569 552 9
a 570 304 5
a 571 30 2
a 571 431 3
a 572 112 6
a 573 8 7
a 574 723 4
a 575 93 1
a 575 293 10
a 576 537 6
a 576 651 2
a 576 658 3
a 576 743 3
a 577 508 9
a 577 575 7
a 578 78 4
a 579 10 9
a 579 11 3
a 579 259 2
a 579 348 5
a 580 33 8
a 580 363 8
a 580 411 6
a 580 711 10
a 581 154 4
a 581 431 8
a 582 33 9
a 582 249 9
a 582 350 10
a 582 525 2
a 583 169 10
a 583 560 4
a 584 437 5
a 584 687 6
a 585 309 2
a 585 522 2
a 586 523 8
a 586 564 3
a 586 685 6
a 587 441 3
a 587 523 9
a 588 595 7
a 588 790 3
a 589 611 6
a 590 423 5
a 590 540 1
a 591 233 6
a 591 509 10
a 591 545 4
a 592 574 7
a 592 602 10
a 593 485 7
a 593 751 4
a 594 239 5
a 594 461 6
a 595 596 8
a 596 60 3
a 596 105 7
a 597 25 5
a 597 579 10
a 597 670 7
a 598 699 9
a 599 32 2
a 599 660 3
a 600 219 10
a 600 631 6
a 600 705 7
a 601 16 1
a 601 70 5
a 601 258 10
a 602 369 5
a 602 559 3
a 603 258 3
a 604 492 9
a 605 516 9
a 606 474 9
a 607 610 1
a 607 744 5
a 608 113 7
a 609 204 5
a 609 538 4
a 609 793 8
a 610 207 3
a 610 797 4
a 611 640 10
a 612 571 9
a 612 696 7
a 613 36 4
a 613 704 9
a 614 5 5
a 614 220 10
a 614 527 2
a 614 714 1
a 615 434 8
a 615 780 2
a 616 273 3
a 616 304 10
a 616 309 6
a 616 470 6
a 616 499 2
a 617 4 10
a 617 39 6
a 617 544 1
a 618 297 3
a 618 327 3
a 618 747 2
a 619 182 5
a 620 283 8
a 621 437 8
a 621 606 8
a 621 767 5
a 622 762 9
a 623 148 7
a 623 154 2
a 624 177 10
a 624 394 9
a 625 353 9
a 625 373 3
a 626 180 4
a 626 673 1
a 627 170 6
a 627 287 6
a 627 600 7
a 627 672 5
a 628 668 2
a 629 175 1
a 629 536 8
a 629 587 9
a 630 40 4
a 630 165 10
a 630 224 4
a 631 88 9
a 631 248 6
a 632 416 8
a 632 718 5
a 633 401 1
a 633 429 2
a 633 719 4
a 634 157 8
a 635 72 10
a 635 477 3
a 635 786 7
a 636 311 6
a 636 713 8
a 637 20 7
a 637 331 3
a 637 638 10
a 638 395 3
a 638 458 1
a 639 393 4
a 639 473 8
a 639 797 9
a 640 487 10
a 640 543 9
a 640 721 1
a 641 496 1
a 641 727 1
a 642 468 8
a 643 254 4
a 644 278 2
a 645 166 8
a 645 557 9
a 646 366 4
a 646 661 7
a 647 211 5
a 647 628 9
a 648 108 1
a 648 344 2
a 648 404 1
a 649 326 10
a 649 647 5
a 650 288 2
a 651 5 8
a 652 339 3
a 652 583 6
a 652 725 2
a 653 59 1
a 653 698 4
a 654 520 10
a 655 387 1
a 655 786 8
a 656 84 10
a 656 114 9
a 656 247 2
a 656 469 9
a 657 122 4
a 657 301 5
a 657 590 10
a 657 689 3
a 658 13 3
a 659 739 9
a 659 786 2
a 660 138 2
a 660 255 10
a 661 551 1
a 662 240 8
a 662 414 3
a 662 619 1
a 663 396 10
a 663 775 5
a 664 209 10
a 665 103 2
a 665 663 4
a 666 230 6
a 666 567 7
a 667 397 6
a 668 672 2
a 669 89 10
a 669 150 8
a 669 280 1
a 669 422 8
a 670 337 6
a 670 526 7
a 670 676 10
a 671 334 10
a 671 370 2
a 671 541 4
a 672 117 5
a 672 586 7
a 673 525 6
a 673 723 7
a 674 199 10
a 675 334 2
a 676 109 10
a 676 170 7
a 677 237 2
a 677 378 4
a 678 73 2
a 678 376 10
a 679 157 6
a 679 203 5
a 679 311 6
a 680 18 9
a 680 492 5
a 681 47 7
a 681 549 4
a 682 101 7
a 683 364 7
a 683 365 8
a 684 308 7
a 685 402 4
a 685 419 9
a 686 46 2
a 686 580 3
a 686 708 10
a 687 6 1
a 687 271 2
a 688 402 3
a 688 541 2
a 689 8 9
a 689 76 10
a 689 740 1
a 690 128 9
a 690 511 10
a 691 595 4
a 691 616 5
a 692 23 2
a 692 454 7
a 692 458 10
a 693 136 7
a 693 241 3
a 693 513 1
a 694 163 9
a 694 191 4
a 694 507 3
a 695 43 10
a 695 578 8
a 696 213 7
a 696 709 10
a 696 737 1
a 697 40 10
a 697 634 1
a 697 700 3
a 697 768 4
a 698 400 4
a 698 552 3
a 698 755 1
a 699 143 2
a 699 202 1
a 699 217 6
a 699 223 1
a 699 374 8
a 699 574 2
a 700 12 1
a 701 156 7
a 702 304 6
a 703 250 3
a 704 225 5
a 704 233 2
a 704 276 6
a 705 546 2
a 706 11 3
a 706 490 3
a 707 67 8
a 707 391 10
a 707 639 2
a 707 781 8
a 707 791 6
a 708 113 7
a 708 611 7
a 709 83 5
a 709 189 6
a 709 584 3
a 710 298 6
a 710 349 8
a 711 299 1
a 712 63 10
a 712 385 7
a 712 463 7
a 713 468 2
a 713 793 10
a 714 135 4
a 714 637 7
a 714 692 4
a 715 185 5
a 716 21 4
a 717 32 6
a 718 580 2
a 719 151 7
a 719 785 1
a 720 258 9
a 720 620 9
a 721 47 7
a 721 296 2
a 722 478 4
a 722 505 9
a 723 131 5
a 723 714 7
a 723 716 10
a 724 94 10
a 724 554 3
a 725 112 4
a 725 218 4
a 725 359 7
a 725 658 3
a 726 37 1
a 726 221 9
a 726 725 8
a 726 746 2
a 727 87 3
a 727 532 2
a 727 653 6
a 728 539 2
a 729 32 8
a 729 81 10
a 729 185 1
a 729 314 6
a 729 755 5
a 729 771 6
a 730 441 4
a 731 348 10
a 731 763 5
a 732 715 2
a 733 68 6
a 733 121 7
a 734 118 8
a 734 132 3
a 735 136 1
a 735 305 1
a 736 389 2
a 736 574 1
a 737 138 6
a 738 341 3
a 739 354 7
a 739 432 6
a 740 506 6
a 740 583 4
a 740 695 10
a 741 117 5
a 741 119 10
a 741 686 10
a 742 444 10
a 742 717 5
a 743 205 9
a 743 472 3
a 743 516 3
a 744 9 8
a 744 222 9
a 745 472 4
a 745 518 3
a 745 736 7
a 746 71 3
a 746 748 4
a 747 381 10
a 748 250 3
a 748 350 5
a 749 178 5
a 749 375 8
a 749 515 1
a 750 271 7
a 750 440 6
a 750 584 3
a 751 211 8
a 751 236 5
a 751 418 10
a 752 160 10
a 752 452 9
a 752 467 10
a 753 423 9
a 754 43 6
a 754 486 6
a 755 534 1
a 755 636 5
a 756 407 3
a 756 545 4
a 757 27 3
a 757 454 3
a 758 12 7
a 758 387 6
a 759 289 10
a 760 480 10
a 760 565 3
a 761 192 1
a 761 284 4
a 761 560 10
a 762 230 8
a 762 376 7
a 763 741 5
a 763 784 2
a 764 90 8
a 764 482 2
a 765 104 10
a 766 31 10
a 767 777 5
a 768 65 6
a 768 350 10
a 768 629 10
a 769 287 8
a 770 99 4
a 770 366 8
a 771 513 8
a 772 23 6
a 773 738 8
a 774 152 3
a 774 222 7
a 774 370 7
a 774 447 9
a 775 335 4
a 775 400 10
a 775 692 9
a 776 77 4
a 776 140 9
a 776 793 3
a 777 675 9
a 778 728 2
a 779 499 8
a 779 599 9
a 780 707 1
a 781 165 6
a 781 184 5
a 781 705 1
a 781 777 1
a 782 285 6
a 782 332 9
a 783 304 7
a 784 49 3
a 784 296 6
a 785 368 6
a 786 126 7
a 786 636 6
a 786 702 6
a 787 363 9
a 788 211 7
a 789 252 6
a 789 254 8
a 790 685 2
a 791 62 9
a 791 247 4
a 791 592 6
a 792 35 8
a 792 300 5
a 792 366 5
a 792 398 7
a 792 554 3
a 793 701 8
a 794 125 2
a 795 399 2
a 795 445 7
a 795 547 5
a 796 168 5
a 796 260 6
a 797 97 2
a 797 691 5
a 798 426 3
a 798 790 8
a 799 257 3
