p max 800 1600
n 1 s
n 800 t
a 1 364 9
a 2 29 7
a 2 411 3
a 3 334 10
a 3 432 7
a 4 336 6
a 5 772 1
a 6 49 9
a 7 431 2
a 7 604 9
a 7 786 5
a 8 370 10
a 8 654 2
a 9 44 9
a 10 636 5
a 11 253 9
a 11 255 7
a 12 515 2
a 13 558 9
a 13 782 2
a 14 445 6
a 14 604 7
a 15 46 5
a 15 628 8
a 15 640 9
a 16 69 2
a 16 251 8
a 17 33 10
a 18 172 8
a 18 608 9
a 18 657 7
a 19 12 2
a 19 87 5
a 19 522 10
a 20 331 5
a 20 492 7
a 21 34 3
a 21 586 1
a 21 794 5
a 22 203 7
a 22 285 2
a 22 541 1
a 22 584 5
a 23 19 1
a 23 185 6
a 23 694 1
a 24 239 4
a 24 755 8
a 25 308 2
a 25 368 10
a 26 259 2
a 27 204 2
a 27 435 6
a 28 441 9
a 29 204 4
a 29 716 8
a 30 180 10
a 30 451 9
a 30 478 7
a 31 756 9
a 32 456 9
a 32 638 2
a 33 579 3
a 34 74 7
a 34 659 1
a 34 684 8
a 34 739 6
a 34 800 8
a 35 194 2
a 35 520 10
a 36 17 6
a 36 741 10
a 37 216 2
a 37 348 4
a 37 751 3
a 38 308 2
a 39 318 10
a 40 247 7
a 40 315 6
a 40 360 10
a 41 277 9
a 41 454 5
a 41 757 7
a 42 41 3
a 42 186 7
a 43 362 2
a 44 417 10
a 45 308 10
a 46 365 4
a 46 464 8
a 46 697 2
a 47 711 8
a 48 125 8
a 48 424 3
a 49 330 1
a 50 765 6
a 51 151 3
a 51 671 4
a 52 355 3
a 52 565 4
a 53 63 2
a 53 111 8
a 54 613 10
a 55 526 2
a 55 589 5
a 55 769 3
a 56 91 9
a 56 327 3
a 57 27 10
a 57 394 3
a 58 87 6
a 59 392 2
a 59 460 2
a 59 659 5
a 60 593 7
a 61 423 2
a 61 433 2
a 61 615 10
a 62 533 7
a 62 611 7
a 63 266 5
a 63 327 3
a 64 342 3
a 64 545 7
a 65 83 2
a 65 635 2
a 66 558 4
a 67 10 8
a 67 443 3
a 68 5 7
a 68 250 10
a 68 399 4
a 68 509 9
a 69 534 7
a 69 557 9
a 69 791 1
a 70 393 7
a 70 406 6
a 70 447 3
a 71 280 6
a 71 618 7
a 72 151 10
a 72 719 10
a 73 438 3
a 73 642 4
a 74 258 9
a 74 590 10
a 75 349 10
a 75 505 10
a 76 530 3
a 76 705 4
a 77 236 6
a 77 257 4
a 77 518 10
a 78 646 2
a 78 651 3
a 79 108 5
a 79 221 5
a 79 468 1
a 80 281 10
a 80 474 4
a 80 794 9
a 81 61 1
a 82 113 6
a 82 182 2
a 82 229 8
a 82 689 1
a 82 764 7
a 83 8 6
a 83 369 10
a 83 506 7
a 83 597 1
a 84 223 4
a 84 641 7
a 85 95 6
a 85 332 8
a 86 680 8
a 87 545 1
a 88 209 2
a 88 580 7
a 89 572 8
a 90 119 2
a 90 127 6
a 90 490 5
a 91 268 9
a 91 413 8
a 91 663 1
a 91 674 9
a 91 694 6
a 92 54 9
a 93 332 4
a 93 390 5
a 93 413 7
a 93 675 4
a 93 723 10
a 94 14 7
a 94 491 4
a 94 561 2
a 95 465 1
a 95 732 3
a 96 587 7
a 97 673 7
a 98 499 3
a 99 360 6
a 100 44 10
a 100 158 5
a 101 12 5
a 101 249 9
a 101 575 9
a 102 451 9
a 102 593 3
a 103 110 10
a 103 373 10
a 104 451 3
a 105 71 7
a 105 120 3
a 105 503 5
a 106 434 1
a 106 458 9
a 107 163 9
a 107 692 9
a 108 298 4
a 108 765 9
a 109 5 4
a 109 724 3
a 110 32 6
a 110 82 3
a 111 46 7
a 111 766 7
a 112 314 3
a 112 601 2
a 113 47 2
a 113 135 4
a 113 237 4
a 114 667 8
a 114 722 1
a 115 337 10
a 115 605 10
a 116 585 2
a 117 424 7
a 118 84 1
a 119 26 1
a 119 113 3
a 119 544 10
a 119 636 3
a 120 539 6
a 121 715 8
a 122 462 3
a 122 666 2
a 123 374 6
a 123 499 10
a 123 513 9
a 124 61 4
a 124 609 5
a 124 655 10
a 125 143 1
a 125 187 3
a 126 221 2
a 127 400 10
a 128 297 8
a 128 336 4
a 129 33 4
a 129 139 5
a 130 335 9
a 130 627 10
a 130 796 8
a 131 16 5
a 131 318 1
a 131 510 9
a 132 454 3
a 132 685 2
a 133 723 5
a 134 266 2
a 134 376 3
a 134 574 7
a 134 774 1
a 135 618 3
a 136 186 8
a 137 245 10
a 137 527 6
a 138 73 7
a 138 146 1
a 138 320 4
a 139 32 2
a 140 224 1
a 140 284 4
a 140 450 2
a 141 190 4
a 141 213 7
a 141 280 10
a 141 425 8
a 142 675 2
a 143 92 5
a 143 309 8
a 143 565 7
a 143 638 7
a 144 494 7
a 145 52 9
a 145 204 8
a 145 599 8
a 146 36 8
a 147 240 9
a 147 355 8
a 148 440 5
a 149 60 10
a 149 707 5
a 150 303 2
a 150 656 9
a 150 703 1
a 150 795 5
a 151 434 7
a 152 157 10
a 152 202 2
a 153 18 5
a 153 55 1
a 153 683 5
a 153 714 5
a 154 369 10
a 155 169 3
a 155 406 2
a 155 508 4
a 156 18 1
a 156 290 10
a 157 640 6
a 158 279 4
a 158 497 1
a 159 99 5
a 159 515 7
a 160 322 3
a 161 673 8
a 162 269 2
a 162 751 1
a 163 197 5
a 163 651 4
a 163 715 1
a 164 252 4
a 164 270 10
a 165 87 7
a 165 789 10
a 166 348 6
a 166 379 3
a 167 320 10
a 167 588 4
a 168 515 8
a 168 594 5
a 169 38 3
a 169 594 9
a 170 119 3
a 170 393 2
a 171 101 3
a 171 123 7
a 171 505 2
a 172 96 2
a 172 359 9
a 173 277 2
a 173 471 10
a 173 732 1
a 174 227 8
a 174 784 9
a 175 68 5
a 176 118 8
a 176 429 4
a 176 611 2
a 177 57 1
a 177 98 9
a 178 275 9
a 179 419 1
a 179 551 2
a 180 560 6
a 181 129 6
a 182 538 1
a 182 784 6
a 183 351 10
a 183 535 8
a 184 157 5
a 184 223 4
a 184 353 4
a 185 765 9
a 186 4 6
a 186 274 8
a 187 433 2
a 188 54 7
a 188 112 2
a 188 255 5
a 189 173 10
a 189 473 8
a 189 495 2
a 190 27 5
a 190 270 10
a 190 578 2
a 191 231 4
a 191 380 5
a 191 621 4
a 192 326 10
a 192 543 5
a 192 697 6
a 193 184 3
a 193 322 3
a 193 566 7
a 194 400 7
a 194 581 6
a 195 30 9
a 196 29 7
a 197 161 6
a 198 41 7
a 198 513 5
a 199 539 7
a 200 389 6
a 200 577 10
a 201 706 4
a 201 736 6
a 202 711 2
a 203 40 3
a 203 102 1
a 203 590 3
a 204 400 5
a 204 525 9
a 205 759 2
a 206 196 10
a 207 327 6
a 208 77 7
a 208 300 5
a 208 759 9
a 209 510 5
a 210 229 5
a 210 346 7
a 211 237 6
a 211 345 8
a 211 628 6
a 212 310 2
a 213 691 8
a 214 437 10
a 214 733 5
a 215 115 5
a 215 203 8
a 216 415 10
a 216 695 4
a 217 243 2
a 217 622 10
a 218 90 5
a 218 170 10
a 218 569 7
a 219 138 8
a 219 485 7
a 220 315 3
a 221 416 9
a 221 467 7
a 222 347 7
a 222 561 9
a 223 453 2
a 224 53 9
a 224 166 7
a 224 232 6
a 225 155 9
a 225 388 4
a 225 565 2
a 226 8 3
a 226 200 4
a 226 204 7
a 227 256 1
a 228 207 4
a 228 289 8
a 229 138 8
a 230 34 5
a 230 259 4
a 231 20 1
a 231 134 2
a 231 343 7
a 231 380 7
a 232 340 3
a 232 582 5
a 232 589 5
a 232 743 10
a 233 254 9
a 233 510 3
a 234 480 3
a 234 696 8
a 235 288 2
a 236 51 10
a 236 186 3
a 237 56 1
a 237 655 6
a 238 65 9
a 238 105 9
a 238 187 9
a 238 239 1
a 238 678 7
a 239 678 6
a 240 398 10
a 240 448 7
a 240 449 1
a 240 466 8
a 241 390 6
a 241 419 10
a 241 776 7
a 242 383 8
a 243 389 4
a 243 685 10
a 244 102 2
a 244 535 3
a 245 304 2
a 245 730 9
a 246 484 1
a 246 597 9
a 247 30 10
a 247 97 2
a 247 292 10
a 248 7 6
a 248 49 10
a 248 590 9
a 248 711 5
a 249 81 7
a 249 709 3
a 249 735 1
a 250 198 4
a 251 429 10
a 251 452 7
a 252 82 4
a 252 219 4
a 253 209 5
a 253 258 1
a 253 603 1
a 254 96 3
a 254 116 3
a 254 219 8
a 255 167 6
a 256 422 7
a 256 730 1
a 257 129 6
a 258 701 6
a 259 175 10
a 259 271 1
a 260 776 4
a 261 28 3
a 261 70 6
a 261 403 10
a 261 409 8
a 261 422 5
a 261 473 4
a 261 564 2
a 262 48 4
a 262 417 5
a 263 159 6
a 264 61 4
a 265 701 5
a 265 767 8
a 266 450 9
a 266 481 3
a 267 220 2
a 268 263 6
a 268 445 7
a 269 138 5
a 270 282 5
a 270 343 2
a 271 341 1
a 271 523 9
a 272 264 4
a 273 66 8
a 273 639 7
a 273 648 1
a 274 103 8
a 274 576 2
a 274 618 2
a 274 728 9
a 275 144 7
a 275 537 9
a 276 371 7
a 276 729 3
a 277 220 1
a 277 732 8
a 278 147 7
a 278 404 8
a 279 303 1
a 279 602 9
a 280 100 5
a 280 354 10
a 281 56 10
a 281 130 2
a 281 261 9
a 281 494 5
a 281 690 9
a 282 200 8
a 282 678 4
a 283 742 5
a 284 710 4
a 285 258 10
a 285 745 7
a 285 771 7
a 286 38 6
a 286 226 5
a 287 434 2
a 287 436 4
a 287 800 3
a 288 133 4
a 288 215 2
a 288 453 4
a 288 797 9
a 289 799 3
a 290 59 6
a 290 283 5
a 290 461 1
a 290 556 8
a 290 627 5
a 291 126 4
a 291 654 10
a 292 35 1
a 292 130 3
a 292 476 10
a 293 57 2
a 293 75 9
a 293 397 8
a 293 610 5
a 293 703 4
a 294 85 2
a 294 277 6
a 295 11 10
a 296 546 6
a 296 714 3
a 297 254 10
a 297 710 1
a 298 77 6
a 298 525 5
a 298 550 1
a 299 469 8
a 299 634 6
a 299 673 3
a 300 43 8
a 300 294 2
a 300 309 7
a 300 502 7
a 301 141 1
a 301 655 4
a 302 639 3
a 303 110 9
a 303 196 7
a 303 290 7
a 303 502 4
a 304 589 8
a 305 444 9
a 305 530 8
a 305 644 1
a 306 516 6
a 307 418 7
a 308 522 2
a 308 753 10
a 309 9 2
a 309 111 2
a 309 206 1
a 309 596 10
a 310 17 10
a 310 734 7
a 311 51 4
a 312 309 5
a 313 20 8
a 314 177 6
a 315 60 7
a 315 88 7
a 315 210 6
a 315 524 7
a 316 384 4
a 316 418 5
a 317 378 9
a 317 659 7
a 318 541 5
a 318 557 1
a 318 564 6
a 319 128 9
a 320 528 6
a 321 471 6
a 322 2 2
a 322 585 5
a 323 216 4
a 323 262 9
a 323 519 1
a 323 798 4
a 324 366 10
a 324 623 7
a 325 15 6
a 325 246 10
a 325 487 8
a 325 592 9
a 326 622 9
a 327 493 8
a 328 133 7
a 328 417 9
a 328 491 5
a 328 614 9
a 329 792 4
a 330 193 9
a 331 125 2
a 332 540 10
a 333 281 2
a 333 283 1
a 334 576 9
a 334 698 5
a 335 84 8
a 335 427 7
a 335 765 3
a 336 507 10
a 336 763 9
a 337 244 5
a 337 331 3
a 338 14 5
a 339 267 3
a 340 114 7
a 341 225 2
a 341 662 3
a 341 776 6
a 342 222 1
a 343 695 7
a 344 680 1
a 345 54 2
a 346 115 6
a 346 365 8
a 347 527 8
a 348 280 5
a 349 740 1
a 350 633 9
a 350 635 1
a 351 504 10
a 352 585 1
a 353 25 10
a 353 171 10
a 353 496 6
a 354 421 3
a 354 540 4
a 355 116 1
a 355 207 7
a 355 587 5
a 355 614 2
a 356 124 8
a 356 319 3
a 357 199 6
a 358 100 10
a 358 728 7
a 359 701 6
a 360 35 7
a 360 555 8
a 361 79 8
a 361 265 7
a 361 647 8
a 362 623 8
a 362 722 10
a 363 440 10
a 363 604 2
a 364 153 6
a 364 598 8
a 364 738 7
a 365 53 6
a 365 222 10
a 365 661 9
a 366 433 3
a 366 596 5
a 367 361 1
a 367 458 2
a 367 567 4
a 368 38 1
a 369 644 2
a 369 681 7
a 370 51 10
a 370 107 4
a 371 135 7
a 372 221 10
a 373 31 8
a 373 624 8
a 374 317 10
a 374 419 1
a 375 444 8
a 375 697 8
a 376 242 3
a 376 449 4
a 376 717 7
a 377 41 2
a 377 463 3
a 377 572 3
a 377 736 8
a 378 148 1
a 378 589 5
a 378 608 10
a 378 746 3
a 379 127 10
a 379 410 7
a 379 653 4
a 380 51 3
a 380 174 10
a 380 217 9
a 380 238 3
a 380 277 9
a 380 704 5
a 381 592 1
a 382 111 2
a 383 488 10
a 383 643 9
a 383 749 4
a 384 238 2
a 384 712 10
a 385 416 9
a 386 86 3
a 386 653 7
a 387 214 9
a 387 418 2
a 388 393 7
a 389 324 9
a 390 583 1
a 391 529 1
a 392 313 8
a 392 523 4
a 393 17 2
a 394 154 4
a 394 273 7
a 394 472 9
a 395 236 1
a 396 704 9
a 397 78 2
a 397 668 3
a 398 161 2
a 398 477 2
a 398 630 8
a 399 301 6
a 399 409 1
a 400 247 2
a 400 357 8
a 401 241 5
a 401 331 4
a 402 460 10
a 402 620 1
a 402 688 6
a 403 731 9
a 404 553 1
a 404 656 10
a 405 310 5
a 405 517 1
a 406 89 4
a 406 256 1
a 406 438 3
a 406 650 9
a 407 192 3
a 408 150 7
a 409 109 9
a 409 280 9
a 409 481 4
a 410 135 5
a 410 488 5
a 411 162 10
a 411 348 4
a 411 578 10
a 411 616 8
a 412 722 5
a 413 797 10
a 414 691 4
a 415 462 9
a 415 520 4
a 415 723 4
a 416 36 4
a 416 139 4
a 416 177 6
a 417 22 5
a 417 198 7
a 417 445 7
a 418 507 4
a 418 708 6
a 419 420 7
a 419 455 7
a 419 737 9
a 420 339 2
a 420 687 7
a 421 305 3
a 422 39 7
a 422 536 3
a 422 640 9
a 422 718 5
a 423 440 6
a 423 682 1
a 424 408 6
a 424 481 6
a 425 25 6
a 425 272 7
a 425 617 10
a 426 64 6
a 426 159 1
a 426 653 8
a 427 699 4
a 427 737 9
a 428 265 8
a 428 324 5
a 429 341 2
a 430 2 10
a 430 649 2
a 431 800 6
a 432 36 4
a 432 568 3
a 433 363 10
a 433 629 6
a 433 723 3
a 434 386 3
a 434 593 7
a 435 534 9
a 436 97 7
a 437 305 1
a 438 26 5
a 439 252 7
a 439 323 3
a 440 700 5
a 441 303 4
a 442 223 4
a 442 327 9
a 442 573 7
a 443 409 5
a 444 119 10
a 444 318 7
a 445 161 3
a 446 201 1
a 446 728 4
a 447 527 5
a 447 762 7
a 448 128 9
a 449 162 4
a 450 167 7
a 450 253 4
a 451 675 10
a 452 71 6
a 452 498 9
a 452 548 1
a 452 695 2
a 453 351 2
a 454 265 10
a 455 693 10
a 456 95 8
a 456 337 6
a 457 104 2
a 457 223 6
a 457 700 7
a 458 448 7
a 459 190 7
a 460 529 9
a 460 649 5
a 461 45 10
a 461 467 10
a 461 489 7
a 461 668 1
a 462 350 5
a 463 372 1
a 463 754 2
a 463 755 8
a 464 29 9
a 465 234 6
a 465 336 10
a 465 401 9
a 465 606 4
a 465 682 2
a 466 222 10
a 467 157 7
a 467 297 6
a 468 380 4
a 468 456 5
a 469 369 1
a 470 412 6
a 470 727 4
a 471 108 5
a 471 626 8
a 471 783 2
a 472 635 3
a 473 70 2
a 474 77 1
a 474 793 6
a 475 257 2
a 475 516 9
a 475 612 2
a 475 743 5
a 476 295 2
a 476 506 6
a 477 432 9
a 477 517 8
a 477 533 3
a 477 725 9
a 478 388 8
a 478 660 7
a 478 677 9
a 479 424 5
a 479 763 3
a 480 189 7
a 481 73 5
a 481 350 2
a 482 48 8
a 483 522 2
a 484 298 8
a 484 356 3
a 484 597 7
a 485 17 2
a 486 128 1
a 486 169 2
a 487 211 8
a 487 314 1
a 487 632 5
a 488 246 4
a 488 291 1
a 488 411 2
a 489 233 2
a 490 303 8
a 490 521 8
a 491 523 10
a 491 707 9
a 492 316 3
a 492 773 4
a 493 427 8
a 494 121 7
a 494 342 5
a 494 713 2
a 495 58 9
a 495 278 10
a 496 129 5
a 496 426 1
a 496 709 1
a 497 693 3
a 498 160 4
a 498 238 7
a 498 777 4
a 499 342 1
a 500 499 10
a 501 639 4
a 502 42 8
a 502 147 10
a 503 223 5
a 503 286 8
a 504 302 5
a 504 574 2
a 504 721 7
a 505 455 2
a 506 378 4
a 507 23 5
a 508 32 2
a 509 378 7
a 510 137 9
a 511 306 5
a 511 582 9
a 511 768 9
a 512 522 3
a 513 6 7
a 513 210 2
a 513 658 1
a 514 217 6
a 515 104 7
a 516 154 10
a 516 364 10
a 516 578 1
a 516 738 2
a 517 433 5
a 517 623 1
a 518 783 3
a 519 50 7
a 519 388 1
a 519 493 9
a 519 645 6
a 519 733 2
a 520 21 5
a 520 71 1
a 520 747 10
a 520 761 10
a 520 784 9
a 521 46 4
a 522 464 9
a 522 743 10
a 523 272 6
a 523 547 9
a 524 24 5
a 525 10 9
a 525 145 2
a 525 799 9
a 526 112 9
a 526 182 8
a 526 693 2
a 527 739 8
a 528 167 10
a 529 275 10
a 529 577 9
a 530 419 2
a 530 583 3
a 530 779 3
a 531 182 2
a 532 106 2
a 532 560 2
a 532 789 10
a 533 172 3
a 534 662 6
a 535 386 8
a 535 748 6
a 536 145 2
a 536 169 3
a 537 352 2
a 537 381 4
a 537 487 2
a 538 660 5
a 539 344 7
a 539 478 8
a 539 758 8
a 540 321 3
a 540 698 8
a 541 102 9
a 542 314 10
a 543 308 2
a 544 221 8
a 545 191 1
a 546 165 2
a 546 449 1
a 546 558 7
a 546 792 4
a 547 530 10
a 548 515 4
a 548 619 10
a 548 648 10
a 549 262 10
a 550 579 1
a 550 631 2
a 551 132 8
a 551 333 5
a 551 527 7
a 551 555 5
a 552 385 9
a 552 741 5
a 553 770 10
a 554 24 6
a 554 101 8
a 554 562 10
a 554 668 8
a 555 735 8
a 556 781 1
a 557 501 1
a 557 571 4
a 557 776 8
a 558 228 9
a 558 798 4
a 559 604 1
a 559 750 7
a 560 299 1
a 560 461 1
a 561 799 1
a 562 31 4
a 562 277 5
a 562 296 9
a 563 158 2
a 563 328 5
a 564 503 7
a 565 260 10
a 565 311 1
a 565 473 1
a 566 71 10
a 566 205 10
a 567 795 9
a 568 41 7
a 568 396 9
a 569 137 2
a 569 466 9
a 569 751 10
a 570 797 5
a 571 54 5
a 572 570 3
a 572 704 5
a 573 65 6
a 574 86 9
a 575 774 5
a 576 126 3
a 577 316 8
a 577 362 5
a 577 709 5
a 578 55 7
a 579 82 5
a 579 175 6
a 579 559 8
a 579 602 5
a 579 790 6
a 580 11 1
a 580 182 9
a 580 292 6
a 581 249 5
a 582 374 1
a 583 566 10
a 584 11 2
a 584 166 10
a 584 264 4
a 585 3 5
a 585 586 4
a 586 68 8
a 586 342 8
a 587 28 2
a 588 766 6
a 589 122 10
a 590 189 8
a 590 278 7
a 591 25 8
a 591 361 4
a 591 504 7
a 592 251 7
a 592 542 9
a 592 654 1
a 593 514 2
a 593 608 8
a 594 358 7
a 594 468 3
a 595 161 10
a 595 592 4
a 596 14 10
a 596 446 9
a 596 465 5
a 596 726 2
a 597 56 4
a 597 594 2
a 598 110 6
a 599 16 9
a 599 482 6
a 600 590 1
a 601 131 6
a 601 197 5
a 601 437 10
a 602 121 7
a 602 531 6
a 602 625 7
a 603 18 4
a 604 212 3
a 604 664 3
a 604 669 6
a 605 596 6
a 606 33 3
a 606 395 2
a 606 411 2
a 607 123 6
a 608 338 5
a 608 441 6
a 608 639 6
a 609 643 6
a 609 672 1
a 610 197 10
a 611 333 8
a 612 243 7
a 612 340 4
a 612 470 1
a 613 590 10
a 614 37 9
a 614 158 8
a 615 246 6
a 615 795 4
a 616 397 3
a 616 399 9
a 616 760 4
a 617 134 3
a 617 193 4
a 618 47 4
a 618 78 1
a 618 591 5
a 619 77 7
a 619 391 1
a 619 438 4
a 619 479 1
a 620 686 4
a 621 422 4
a 621 554 9
a 622 415 8
a 622 441 2
a 623 700 4
a 624 230 2
a 625 298 6
a 625 329 8
a 625 389 7
a 626 627 5
a 627 439 2
a 627 506 9
a 628 312 9
a 628 535 9
a 629 417 9
a 630 732 1
a 631 170 4
a 631 262 4
a 631 552 2
a 632 218 4
a 633 48 3
a 633 287 9
a 634 28 9
a 634 94 3
a 634 635 3
a 635 72 6
a 635 80 2
a 635 393 8
a 635 479 8
a 636 188 10
a 636 756 5
a 636 772 8
a 637 168 8
a 637 247 8
a 637 587 9
a 638 276 1
a 638 314 1
a 639 136 3
a 640 378 4
a 640 512 8
a 641 561 9
a 642 2 3
a 642 383 7
a 642 396 5
a 643 218 9
a 643 471 1
a 644 517 4
a 645 478 3
a 646 152 8
a 646 453 8
a 647 90 9
a 647 248 8
a 647 702 10
a 647 742 4
a 648 52 2
a 648 551 8
a 649 40 2
a 649 588 7
a 650 104 7
a 650 497 7
a 651 179 7
a 651 280 4
a 651 767 2
a 652 533 7
a 652 579 3
a 653 488 1
a 654 528 2
a 654 539 9
a 654 558 8
a 655 344 6
a 656 260 3
a 656 527 3
a 657 124 10
a 657 267 6
a 657 542 3
a 657 740 7
a 658 268 5
a 658 744 10
a 659 724 9
a 660 629 10
a 661 339 5
a 661 474 7
a 661 486 3
a 662 234 3
a 663 119 2
a 664 534 10
a 665 634 3
a 666 40 10
a 666 62 5
a 667 89 9
a 667 460 8
a 668 6 4
a 668 298 5
a 669 180 9
a 670 428 5
a 670 650 6
a 671 297 9
a 672 421 3
a 672 735 1
a 673 475 5
a 673 490 3
a 674 150 3
a 674 371 6
a 675 393 7
a 675 549 2
a 676 179 2
a 676 341 8
a 677 37 7
a 677 314 2
a 678 38 7
a 678 308 1
a 678 608 9
a 679 87 5
a 679 113 2
a 679 632 1
a 680 410 5
a 681 273 8
a 682 377 7
a 682 500 6
a 682 787 2
a 683 420 7
a 684 140 5
a 685 444 1
a 685 786 10
a 686 117 3
a 686 173 1
a 687 33 3
a 688 498 8
a 689 616 3
a 689 634 1
a 690 420 4
a 690 488 9
a 691 567 2
a 692 337 2
a 692 402 1
a 693 36 9
a 693 305 4
a 694 387 1
a 694 481 10
a 695 632 4
a 696 158 8
a 697 235 2
a 697 260 4
a 697 437 2
a 698 195 6
a 699 153 9
a 699 709 8
a 700 402 10
a 701 88 10
a 701 375 9
a 702 511 9
a 702 670 1
a 702 798 5
a 703 331 2
a 703 563 4
a 704 16 4
a 704 128 2
a 705 151 7
a 705 413 4
a 706 715 9
a 707 233 3
a 707 670 7
a 708 586 3
a 709 294 9
a 710 98 7
a 710 480 2
a 710 734 10
a 711 54 3
a 711 535 3
a 712 568 3
a 712 600 4
a 713 367 2
a 713 668 5
a 714 597 7
a 714 781 10
a 715 123 2
a 715 769 1
a 716 136 6
a 716 178 2
a 716 595 3
a 716 670 1
a 717 414 2
a 717 613 7
a 717 773 1
a 718 606 8
a 719 96 10
a 719 731 1
a 720 195 7
a 720 603 9
a 721 555 5
a 722 368 5
a 723 363 4
a 724 144 4
a 724 164 8
a 724 752 6
a 724 754 7
a 724 787 5
a 725 514 1
a 725 691 9
a 725 692 1
a 726 176 1
a 727 244 8
a 727 508 9
a 727 720 6
a 728 704 10
a 729 156 3
a 729 205 8
a 730 140 7
a 730 501 10
a 731 324 9
a 731 327 5
a 732 184 5
a 732 259 1
a 733 184 9
a 733 390 9
a 734 61 2
a 735 199 7
a 735 713 10
a 736 86 5
a 736 181 3
a 736 424 4
a 737 53 3
a 737 267 3
a 738 382 7
a 738 785 7
a 739 595 3
a 740 93 2
a 740 468 3
a 740 606 5
a 740 780 2
a 741 397 1
a 742 21 10
a 742 686 3
a 743 657 8
a 744 23 8
a 744 306 10
a 744 652 6
a 745 325 9
a 745 628 9
a 746 392 4
a 747 269 8
a 748 58 6
a 748 387 3
a 748 430 7
a 748 459 2
a 749 149 10
a 750 784 6
a 751 227 8
a 751 775 8
a 752 407 1
a 752 631 7
a 753 730 9
a 754 4 5
a 755 25 9
a 755 678 3
a 756 134 1
a 756 274 7
a 757 27 2
a 757 789 10
a 758 288 4
a 758 385 4
a 759 375 3
a 760 114 1
a 760 191 6
a 760 526 8
a 760 532 10
a 761 398 2
a 762 183 7
a 762 313 1
a 763 307 4
a 763 400 8
a 763 545 10
a 763 727 5
a 764 57 3
a 764 772 7
a 765 600 8
a 766 176 6
a 766 192 7
a 766 377 8
a 766 405 4
a 767 213 2
a 767 485 3
a 767 536 1
a 767 613 6
a 768 157 8
a 769 76 8
a 769 226 4
a 769 770 3
a 770 25 1
a 770 42 7
a 770 758 10
a 771 613 10
a 771 679 7
a 772 75 6
a 772 293 10
a 773 66 6
a 773 67 7
a 773 547 5
a 774 239 2
a 775 13 8
a 775 239 2
a 775 637 4
a 776 588 9
a 777 261 3
a 778 64 2
a 778 615 1
a 779 208 5
a 779 304 8
a 780 126 2
a 780 212 5
a 780 483 2
a 780 788 10
a 781 596 8
a 781 729 9
a 782 524 1
a 783 330 6
a 783 605 5
a 784 122 3
a 784 598 9
a 785 764 8
a 786 48 1
a 787 149 3
a 787 206 7
a 788 418 10
a 788 442 1
a 788 762 6
a 789 36 9
a 790 280 5
a 790 288 1
a 790 457 9
a 791 384 9
a 791 607 9
a 792 142 7
a 792 793 7
a 793 37 6
a 793 778 2
a 794 230 6
a 794 350 1
a 795 85 1
a 796 280 6
a 797 174 9
a 797 432 3
a 797 665 2
a 797 785 2
a 798 212 1
a 799 260 1
a 799 676 1
