p max 800 1600
n 1 s
n 800 t
a 1 65 1
a 1 182 10
a 1 381 1
a 1 735 7
a 2 155 7
a 3 70 6
a 3 301 10
a 3 341 3
a 3 485 10
a 4 188 7
a 5 740 1
a 5 751 7
a 6 186 5
a 7 457 8
a 8 361 5
a 9 17 5
a 9 134 2
a 10 563 2
a 11 150 8
a 12 373 8
a 12 612 3
a 13 349 2
a 13 774 10
a 14 224 9
a 14 420 3
a 15 463 5
a 15 721 10
a 16 232 4
a 16 635 8
a 17 162 3
a 17 627 5
a 17 698 1
a 18 511 7
a 18 724 7
a 19 657 2
a 20 785 1
a 21 123 4
a 21 366 5
a 21 497 3
a 21 781 7
a 22 170 9
a 23 629 2
a 24 142 7
a 24 474 7
a 25 335 5
a 26 61 8
a 26 307 9
a 27 241 9
a 27 502 6
a 27 775 3
a 28 378 2
a 29 609 7
a 29 696 10
a 30 503 5
a 30 542 4
a 31 285 1
a 31 535 3
a 31 574 4
a 32 590 10
a 33 294 9
a 34 156 2
a 34 446 5
a 35 58 8
a 35 695 5
a 36 525 9
a 36 773 3
a 37 388 7
a 38 148 7
a 38 433 10
a 38 783 5
a 39 261 6
a 39 445 10
a 39 706 9
a 40 181 8
a 40 337 8
a 41 315 7
a 41 591 7
a 42 239 1
a 42 340 5
a 42 354 1
a 42 746 4
a 43 701 6
a 44 35 10
a 44 461 4
a 45 171 8
a 45 498 5
a 45 768 7
a 46 47 3
a 46 661 9
a 47 396 6
a 47 451 5
a 47 688 1
a 48 62 6
a 48 286 3
a 48 577 3
a 49 407 3
a 49 794 6
a 50 370 9
a 51 490 2
a 51 661 9
a 52 466 7
a 53 673 3
a 54 221 7
a 55 289 6
a 55 587 1
a 56 479 10
a 57 314 10
a 57 455 9
a 58 799 1
a 59 776 4
a 60 92 9
a 60 471 5
a 60 655 1
a 61 678 6
a 62 31 1
a 62 684 6
a 63 745 9
a 64 286 9
a 64 656 5
a 65 220 4
a 66 347 4
a 66 553 4
a 67 124 2
a 67 382 6
a 68 138 8
a 68 151 3
a 69 38 8
a 69 102 2
a 70 443 10
a 70 452 7
a 70 617 4
a 71 205 4
a 71 386 7
a 71 442 2
a 72 491 1
a 73 711 9
a 74 213 7
a 74 732 8
a 75 184 7
a 75 474 3
a 76 209 2
a 76 276 4
a 77 89 7
a 77 489 9
a 78 7 4
a 78 41 1
a 78 167 5
a 78 236 1
a 79 209 10
a 79 584 10
a 80 363 9
a 80 585 1
a 81 697 4
a 81 705 10
a 82 319 1
a 83 80 3
a 83 165 5
a 83 362 6
a 84 365 1
a 85 41 2
a 85 552 8
a 86 37 3
a 86 669 2
a 87 292 4
a 87 615 5
a 88 465 5
a 89 777 8
a 90 347 8
a 90 559 1
a 91 446 8
a 91 491 7
a 92 243 1
a 92 304 5
a 92 529 5
a 93 43 3
a 94 180 9
a 95 222 9
a 95 379 2
a 96 16 1
a 97 26 6
a 98 625 9
a 99 780 6
a 100 14 8
a 100 436 5
a 100 795 7
a 101 352 3
a 101 413 10
a 102 742 9
a 103 157 6
a 103 178 1
a 104 327 7
a 105 37 6
a 105 145 7
a 106 47 5
a 107 240 7
a 108 256 9
a 108 370 2
a 108 388 4
a 109 64 4
a 110 719 6
a 110 798 9
a 111 36 7
a 111 486 1
a 112 459 6
a 112 636 9
a 113 193 2
a 113 563 10
a 114 142 3
a 114 394 4
a 115 548 8
a 116 403 5
a 117 617 1
a 118 479 4
a 119 619 9
a 119 650 5
a 120 114 6
a 120 629 10
a 121 681 6
a 122 645 9
a 122 793 1
a 123 83 6
a 123 108 4
a 124 405 1
a 124 601 4
a 125 69 7
a 126 637 6
a 127 94 9
a 127 456 2
a 128 262 2
a 128 465 9
a 129 81 4
a 129 519 4
a 130 136 3
a 130 257 1
a 130 547 6
a 131 701 2
a 132 597 2
a 132 770 4
a 133 59 7
a 133 200 2
a 133 315 2
a 133 737 2
a 134 299 5
a 134 581 3
a 134 608 10
a 135 78 2
a 135 467 2
a 136 256 7
a 137 209 3
a 137 268 4
a 137 485 10
a 137 490 5
a 138 441 2
a 138 793 5
a 139 216 5
a 139 513 8
a 139 539 5
a 139 639 7
a 140 343 2
a 141 197 9
a 142 112 1
a 142 235 6
a 142 422 9
a 142 519 5
a 142 629 4
a 143 211 2
a 143 226 5
a 143 730 10
a 144 670 7
a 145 91 8
a 145 392 9
a 145 397 8
a 145 607 7
a 146 553 5
a 146 554 1
a 146 693 10
a 147 212 6
a 147 218 9
a 148 101 7
a 148 158 7
a 149 494 5
a 150 250 7
a 150 663 5
a 151 638 6
a 152 195 10
a 153 265 2
a 153 364 10
a 154 783 6
a 155 131 2
a 156 31 10
a 156 79 5
a 156 432 5
a 156 762 7
a 157 271 2
a 157 565 9
a 157 777 10
a 158 786 1
a 159 39 10
a 160 40 4
a 160 343 2
a 161 4 9
a 161 277 6
a 161 653 2
a 162 450 7
a 162 584 4
a 163 340 8
a 163 349 10
a 164 308 1
a 164 393 4
a 165 80 4
a 165 674 1
a 165 698 4
a 166 680 4
a 167 562 7
a 167 676 10
a 168 308 8
a 169 268 6
a 169 478 2
a 170 278 5
a 170 428 5
a 170 565 8
a 171 87 1
a 171 542 5
a 171 753 3
a 172 69 8
a 172 367 4
a 172 510 5
a 173 581 8
a 173 615 9
a 174 351 1
a 174 355 3
a 175 275 3
a 175 464 1
a 175 650 10
a 176 321 3
a 176 496 7
a 177 34 7
a 178 56 8
a 178 510 7
a 178 702 1
a 179 639 10
a 179 761 8
a 180 421 5
a 181 412 5
a 181 612 10
a 182 561 9
a 183 214 8
a 184 105 10
a 185 137 2
a 185 434 4
a 185 484 3
a 185 641 1
a 186 54 8
a 186 353 9
a 187 43 9
a 187 179 7
a 187 776 6
a 188 171 6
a 189 521 4
a 190 486 8
a 191 39 2
a 191 48 9
a 191 371 2
a 191 480 1
a 191 722 2
a 192 38 10
a 192 374 8
a 193 8 2
a 193 566 2
a 194 233 2
a 195 197 3
a 195 273 7
a 196 18 6
a 196 89 9
a 196 332 5
a 196 736 7
a 197 524 3
a 198 408 9
a 198 745 8
a 198 787 2
a 198 800 1
a 199 453 7
a 200 93 1
a 201 469 5
a 201 649 7
a 202 127 6
a 202 247 1
a 202 530 10
a 202 538 4
a 202 558 4
a 202 747 7
a 203 26 3
a 203 183 5
a 203 519 8
a 204 74 8
a 204 375 4
a 204 466 1
a 205 372 1
a 206 34 5
a 206 779 5
a 207 22 6
a 207 244 9
a 208 309 5
a 208 771 7
a 209 375 10
a 210 21 7
a 210 105 2
a 210 159 10
a 211 335 10
a 211 544 9
a 212 153 5
a 212 525 10
a 213 77 7
a 213 277 8
a 214 49 9
a 214 173 10
a 214 391 2
a 214 687 4
a 215 532 3
a 215 734 10
a 216 287 8
a 216 472 8
a 216 789 1
a 217 188 6
a 218 109 1
a 218 576 6
a 219 351 2
a 220 111 10
a 220 152 9
a 220 206 4
a 220 331 2
a 221 457 8
a 221 477 6
a 221 555 10
a 221 730 2
a 222 565 3
a 223 524 5
a 223 526 10
a 223 575 10
a 224 149 3
a 224 307 9
a 225 116 2
a 225 255 4
a 226 384 2
a 226 432 7
a 227 220 10
a 227 393 1
a 228 429 1
a 228 483 7
a 229 194 10
a 229 269 4
a 229 636 8
a 230 435 5
a 230 777 9
a 231 84 6
a 231 430 6
a 232 571 3
a 233 82 1
a 234 105 8
a 234 174 8
a 234 177 2
a 235 75 4
a 235 537 10
a 236 151 10
a 236 175 4
a 236 414 9
a 237 2 6
a 237 623 2
a 238 331 6
a 239 206 5
a 240 205 9
a 241 298 4
a 241 311 2
a 241 407 3
a 242 6 2
a 242 500 4
a 243 333 10
a 243 535 4
a 244 432 3
a 244 677 2
a 245 313 8
a 245 789 6
a 246 178 7
a 247 19 1
a 247 147 3
a 247 377 3
a 247 752 3
a 248 337 2
a 248 548 1
a 248 658 6
a 248 676 7
a 249 161 5
a 250 124 7
a 250 143 1
a 250 638 9
a 251 204 7
a 251 599 10
a 251 642 1
a 252 143 4
a 253 104 3
a 253 589 7
a 254 698 4
a 255 101 7
a 255 479 1
a 255 670 10
a 256 296 4
a 257 406 1
a 257 754 8
a 258 419 2
a 258 570 4
a 259 723 4
a 260 472 8
a 260 654 7
a 261 99 2
a 261 378 10
a 262 265 7
a 262 585 2
a 263 469 9
a 263 583 6
a 263 733 5
a 264 109 6
a 264 411 10
a 264 618 2
a 265 605 3
a 266 245 9
a 267 199 7
a 267 397 10
a 268 499 8
a 268 712 5
a 269 152 3
a 270 153 5
a 270 334 7
a 271 373 3
a 272 117 6
a 272 502 9
a 273 115 9
a 273 176 4
a 273 621 7
a 274 137 1
a 274 352 7
a 275 88 7
a 275 578 3
a 276 213 9
a 276 258 4
a 277 231 4
a 277 357 1
a 277 603 4
a 277 688 4
a 278 139 3
a 279 344 6
a 279 750 1
a 279 796 3
a 280 382 8
a 280 513 6
a 281 72 4
a 281 378 4
a 282 450 4
a 282 612 4
a 283 207 4
a 283 636 6
a 284 118 9
a 284 224 9
a 285 201 9
a 285 379 9
a 286 284 9
a 286 657 3
a 286 785 7
a 287 166 2
a 288 242 3
a 288 647 8
a 289 294 9
a 290 16 10
a 291 42 8
a 291 78 10
a 291 297 1
a 292 651 6
a 293 785 5
a 294 474 1
a 294 758 9
a 295 188 10
a 295 353 4
a 295 680 2
a 295 788 5
a 296 615 2
a 297 316 1
a 297 492 7
a 297 560 7
a 298 287 2
a 298 568 1
a 298 691 4
a 299 172 5
a 299 530 3
a 299 660 1
a 299 800 6
a 300 76 6
a 301 546 3
a 301 555 4
a 302 416 6
a 302 492 10
a 302 556 7
a 303 98 4
a 303 216 7
a 304 480 8
a 305 71 10
a 305 739 3
a 306 633 8
a 306 717 1
a 307 2 8
a 307 59 3
a 308 170 9
a 308 176 1
a 309 421 1
a 309 628 10
a 309 679 5
a 310 215 1
a 310 298 3
a 310 735 3
a 311 493 3
a 311 791 1
a 312 365 2
a 313 42 9
a 314 29 7
a 315 566 8
a 315 630 2
a 316 34 9
a 316 46 1
a 316 470 1
a 317 601 5
a 317 686 4
a 318 177 1
a 318 645 6
a 319 348 10
a 319 417 10
a 319 704 10
a 320 191 4
a 320 710 5
a 321 721 3
a 321 723 8
a 322 353 2
a 322 618 6
a 323 255 10
a 323 374 7
a 323 675 4
a 324 138 9
a 325 307 4
a 325 683 3
a 326 325 3
a 326 460 7
a 326 483 7
a 327 681 4
a 327 722 8
a 328 318 2
a 328 773 4
a 329 249 4
a 329 657 6
a 330 682 5
a 331 28 6
a 331 466 10
a 332 283 10
a 332 744 10
a 333 270 9
a 334 275 6
a 334 731 4
a 335 416 2
a 336 487 7
a 337 656 1
a 338 316 4
a 338 668 10
a 339 413 10
a 339 699 4
a 340 517 4
a 341 512 2
a 342 27 10
a 342 178 5
a 342 770 7
a 343 457 10
a 343 728 10
a 344 153 10
a 345 379 9
a 345 725 6
a 346 221 10
a 346 240 9
a 346 487 5
a 347 47 8
a 348 289 4
a 348 627 10
a 349 217 6
a 349 244 9
a 350 63 5
a 350 146 7
a 350 221 2
a 351 267 7
a 352 164 3
a 352 285 3
a 352 664 10
a 353 155 8
a 353 569 10
a 354 203 3
a 354 630 9
a 355 324 6
a 356 703 9
a 357 686 5
a 358 300 2
a 358 656 5
a 359 128 9
a 359 401 6
a 359 619 5
a 360 276 4
a 361 491 4
a 361 751 2
a 362 74 7
a 363 208 9
a 363 679 7
a 364 447 1
a 364 481 6
a 365 174 3
a 365 180 5
a 366 65 7
a 367 166 6
a 367 606 10
a 368 37 1
a 369 29 10
a 369 645 10
a 370 504 9
a 370 608 6
a 371 113 9
a 371 156 3
a 371 335 8
a 371 402 8
a 372 440 9
a 372 546 8
a 373 759 4
a 374 60 6
a 375 578 1
a 375 767 4
a 376 107 9
a 377 412 9
a 377 579 9
a 377 639 8
a 378 41 10
a 378 446 7
a 378 520 9
a 379 415 7
a 380 330 1
a 381 133 6
a 381 345 8
a 381 616 4
a 382 213 3
a 382 538 10
a 383 403 3
a 383 540 3
a 384 102 9
a 385 346 8
a 385 749 6
a 386 494 9
a 387 561 8
a 387 605 7
a 388 55 5
a 388 131 4
a 388 522 5
a 389 674 3
a 389 694 4
a 390 597 5
a 391 484 10
a 392 68 9
a 393 223 6
a 393 286 3
a 393 398 5
a 394 116 10
a 394 604 1
a 394 729 9
a 395 76 1
a 395 254 7
a 395 326 8
a 395 421 2
a 395 747 2
a 396 23 5
a 396 412 2
a 396 602 1
a 397 441 8
a 398 124 5
a 399 499 7
a 399 572 6
a 400 67 2
a 400 310 8
a 400 495 1
a 400 667 10
a 400 743 2
a 401 214 2
a 402 121 2
a 403 597 4
a 404 100 1
a 404 116 8
a 404 329 6
a 404 514 9
a 404 630 6
a 405 531 8
a 406 83 4
a 406 370 5
a 407 355 9
a 407 659 6
a 407 734 10
a 408 345 5
a 409 118 6
a 409 531 9
a 410 448 3
a 411 63 2
a 411 286 8
a 411 390 4
a 412 97 7
a 412 125 10
a 412 753 4
a 413 222 5
a 413 319 10
a 414 202 4
a 414 210 10
a 414 437 3
a 414 673 6
a 414 800 10
a 415 293 4
a 415 487 8
a 416 16 4
a 416 557 3
a 417 653 1
a 418 9 3
a 418 153 5
a 419 662 10
a 419 765 4
a 420 95 1
a 420 279 6
a 421 75 4
a 421 498 6
a 422 217 3
a 423 290 1
a 423 291 3
a 423 631 9
a 423 800 2
a 424 182 6
a 425 238 7
a 426 629 9
a 427 61 2
a 427 64 10
a 428 192 8
a 428 242 5
a 428 522 1
a 429 207 9
a 429 368 10
a 430 10 6
a 430 453 2
a 430 716 3
a 431 49 2
a 431 359 4
a 431 596 8
a 432 119 10
a 432 406 7
a 433 30 9
a 434 345 10
a 434 401 9
a 434 410 5
a 435 613 1
a 436 476 9
a 436 503 8
a 437 554 6
a 437 581 10
a 438 141 7
a 438 714 1
a 439 60 10
a 439 475 2
a 439 740 8
a 440 265 1
a 441 199 7
a 442 339 7
a 442 543 10
a 443 11 4
a 443 701 9
a 443 744 9
a 443 756 3
a 444 109 7
a 445 294 2
a 445 385 1
a 446 93 8
a 446 119 1
a 446 376 7
a 447 17 9
a 447 371 3
a 448 595 4
a 448 781 10
a 449 196 4
a 450 134 2
a 451 558 4
a 452 72 3
a 452 665 3
a 452 759 7
a 453 59 1
a 453 270 7
a 454 99 6
a 454 462 9
a 455 756 10
a 456 120 6
a 456 281 4
a 456 600 4
a 457 122 1
a 457 392 9
a 457 778 2
a 458 21 4
a 458 248 1
a 458 426 5
a 458 698 7
a 459 394 3
a 459 696 7
a 459 721 6
a 460 17 2
a 460 173 5
a 460 380 6
a 460 552 5
a 461 608 9
a 462 322 3
a 462 427 7
a 462 593 9
a 463 527 3
a 463 702 7
a 464 585 9
a 464 692 7
a 465 24 1
a 465 439 3
a 466 355 7
a 467 342 10
a 467 460 3
a 468 307 10
a 468 567 1
a 468 717 7
a 469 669 5
a 470 5 1
a 470 531 10
a 470 670 9
a 470 764 10
a 471 187 2
a 471 608 6
a 472 602 5
a 472 707 2
a 473 37 2
a 473 716 6
a 473 775 7
a 474 415 3
a 475 3 6
a 475 497 6
a 475 658 6
a 476 227 1
a 476 347 1
a 476 455 1
a 477 242 1
a 478 150 5
a 478 279 9
a 478 506 1
a 479 636 2
a 480 317 5
a 480 623 8
a 481 13 10
a 481 246 3
a 482 4 7
a 483 68 9
a 483 301 4
a 483 418 6
a 484 757 3
a 484 766 8
a 485 348 2
a 486 448 1
a 487 323 2
a 487 763 2
a 488 317 2
a 489 44 2
a 489 488 7
a 489 632 3
a 490 470 10
a 490 544 3
a 490 753 7
a 491 85 6
a 491 266 8
a 492 21 10
a 492 423 3
a 493 361 9
a 493 478 7
a 493 624 6
a 493 656 5
a 494 243 6
a 495 430 9
a 495 702 5
a 496 103 7
a 496 367 3
a 496 374 1
a 497 11 4
a 497 536 10
a 498 471 5
a 498 682 6
a 498 790 4
a 499 132 3
a 499 466 1
a 500 298 8
a 500 465 5
a 500 705 5
a 501 25 5
a 501 50 1
a 501 548 3
a 501 580 3
a 502 617 8
a 503 20 4
a 504 483 2
a 505 115 10
a 505 245 10
a 505 494 2
a 506 672 7
a 507 346 10
a 507 403 2
a 507 431 1
a 508 278 8
a 509 203 1
a 510 86 7
a 510 586 10
a 510 666 8
a 510 700 1
a 511 92 7
a 511 196 4
a 512 111 5
a 512 146 6
a 512 313 10
a 512 499 2
a 512 533 3
a 513 448 5
a 513 782 10
a 514 60 1
a 514 263 10
a 515 61 9
a 515 432 10
a 516 476 10
a 516 518 10
a 517 71 1
a 517 201 3
a 517 585 3
a 517 742 3
a 518 453 9
a 518 458 5
a 519 464 4
a 519 606 4
a 520 305 7
a 520 755 5
a 521 668 2
a 522 433 10
a 522 755 3
a 522 757 8
a 523 522 5
a 523 769 6
a 524 121 9
a 524 327 4
a 525 33 9
a 525 96 9
a 526 185 6
a 526 798 2
a 527 148 8
a 527 512 10
a 528 145 4
a 529 109 1
a 529 690 9
a 530 238 1
a 530 594 2
a 531 222 6
a 531 644 10
a 532 511 8
a 533 106 4
a 533 464 9
a 534 331 3
a 535 20 4
a 535 90 9
a 535 466 5
a 536 19 10
a 536 294 3
a 536 744 1
a 537 75 5
a 538 190 6
a 538 201 2
a 539 351 7
a 540 233 9
a 540 236 6
a 541 605 3
a 542 191 3
a 542 782 8
a 543 119 5
a 543 297 3
a 543 547 1
a 544 131 3
a 544 650 5
a 545 62 3
a 545 343 7
a 545 594 4
a 546 543 1
a 546 793 10
a 547 85 2
a 547 453 9
a 547 525 8
a 547 601 10
a 548 126 3
a 548 157 3
a 548 302 2
a 548 777 4
a 549 392 3
a 549 569 8
a 550 101 9
a 550 185 4
a 551 43 10
a 552 228 6
a 552 541 3
a 553 161 2
a 553 534 2
a 553 630 3
a 554 363 8
a 555 438 1
a 555 523 6
a 556 473 6
a 556 691 2
a 557 320 2
a 557 427 3
a 557 637 9
a 558 290 1
a 558 303 4
a 559 489 10
a 559 780 1
a 560 18 6
a 561 26 10
a 562 17 5
a 562 138 4
a 562 613 9
a 563 365 8
a 563 404 1
a 564 252 3
a 564 307 3
a 564 419 5
a 564 427 6
a 565 45 2
a 565 169 1
a 565 653 9
a 566 503 2
a 567 130 10
a 567 337 7
a 567 450 5
a 567 590 1
a 567 784 9
a 568 83 8
a 568 369 9
a 569 82 5
a 569 740 5
a 570 195 8
a 570 718 6
a 570 755 4
a 571 478 1
a 571 786 1
a 572 204 2
a 572 726 1
a 573 251 6
a 573 322 9
a 574 136 2
a 574 219 2
a 574 319 4
a 575 374 2
a 576 510 6
a 576 528 6
a 577 51 3
a 577 179 6
a 578 622 1
a 579 587 10
a 580 36 7
a 581 456 10
a 581 722 2
a 582 456 6
a 582 606 9
a 583 349 7
a 584 493 1
a 585 107 4
a 585 617 6
a 586 116 2
a 587 773 7
a 588 169 2
a 588 748 10
a 589 43 2
a 590 734 7
a 591 556 1
a 591 559 4
a 592 141 1
a 592 324 9
a 592 640 1
a 593 293 1
a 593 537 6
a 594 779 10
a 595 232 8
a 595 568 4
a 596 97 10
a 596 484 2
a 597 311 3
a 597 425 7
a 598 32 10
a 598 399 5
a 599 103 9
a 599 372 4
a 600 44 1
a 600 463 8
a 601 160 4
a 602 452 10
a 602 785 7
a 603 788 5
a 604 175 4
a 604 494 7
a 604 588 8
a 605 147 10
a 605 530 8
a 606 35 6
a 606 708 1
a 607 40 4
a 607 199 5
a 608 3 9
a 608 445 5
a 608 709 10
a 609 296 8
a 609 312 5
a 609 337 6
a 609 483 7
a 609 741 9
a 610 145 4
a 611 264 10
a 611 557 7
a 612 35 7
a 612 272 5
a 613 312 2
a 614 635 8
a 615 101 6
a 615 112 10
a 616 53 7
a 616 428 7
a 617 464 2
a 617 492 5
a 617 720 3
a 617 774 6
a 618 394 4
a 618 439 4
a 619 198 4
a 619 388 9
a 620 80 10
a 620 310 1
a 621 345 4
a 621 383 5
a 621 713 8
a 622 244 10
a 622 468 7
a 623 260 6
a 624 663 6
a 624 730 1
a 625 66 5
a 625 178 1
a 625 198 7
a 625 496 4
a 626 18 10
a 626 33 9
a 626 614 10
a 627 147 2
a 628 31 6
a 628 564 3
a 629 10 2
a 629 440 9
a 630 375 9
a 630 456 9
a 631 531 9
a 632 382 2
a 633 197 4
a 634 57 3
a 634 798 9
a 635 360 7
a 635 689 7
a 636 297 6
a 636 532 1
a 636 750 10
a 637 312 3
a 637 563 9
a 637 697 2
a 637 760 3
a 637 782 4
a 638 768 4
a 639 278 5
a 639 282 3
a 639 403 10
a 639 509 4
a 639 748 3
a 640 66 9
a 640 225 10
a 640 711 7
a 641 219 8
a 642 378 5
a 642 507 8
a 642 651 3
a 643 404 6
a 643 598 9
a 644 205 9
a 644 407 4
a 645 120 10
a 646 268 4
a 646 424 2
a 647 219 3
a 647 757 3
a 648 198 6
a 649 415 7
a 649 648 9
a 649 718 2
a 650 482 2
a 650 501 3
a 650 549 10
a 650 634 3
a 651 439 1
a 651 494 7
a 651 524 7
a 652 140 6
a 652 244 4
a 652 574 2
a 653 220 5
a 654 447 2
a 654 472 10
a 655 185 8
a 655 210 1
a 656 162 7
a 656 715 4
a 657 64 8
a 658 423 10
a 658 511 1
a 659 189 7
a 659 343 10
a 660 508 7
a 661 677 7
a 662 387 4
a 662 572 10
a 663 260 1
a 663 643 4
a 664 95 7
a 664 221 1
a 665 22 5
a 666 36 5
a 666 341 2
a 666 771 8
a 667 580 2
a 668 12 7
a 668 240 3
a 669 104 3
a 669 706 3
a 670 25 10
a 671 15 1
a 671 478 2
a 672 243 7
a 672 348 8
a 672 452 3
a 673 389 4
a 673 586 3
a 674 328 5
a 674 440 8
a 674 517 2
a 675 274 2
a 675 330 10
a 675 795 9
a 675 797 4
a 676 259 4
a 676 550 5
a 676 722 6
a 676 767 5
a 677 626 7
a 677 798 2
a 678 754 4
a 679 207 3
a 680 183 2
a 681 400 9
a 681 571 2
a 682 139 7
a 682 404 1
a 682 643 3
a 683 19 9
a 683 336 4
a 683 789 8
a 684 776 5
a 685 245 4
a 686 437 8
a 686 685 4
a 687 338 1
a 687 484 8
a 687 538 4
a 687 738 3
a 688 200 5
a 688 551 7
a 689 144 9
a 689 225 2
a 689 253 2
a 690 168 9
a 690 273 2
a 690 475 9
a 690 622 9
a 691 135 7
a 691 581 4
a 692 120 8
a 692 549 4
a 692 620 3
a 693 420 7
a 694 583 10
a 695 287 9
a 696 264 7
a 696 308 4
a 696 317 4
a 697 241 10
a 697 267 9
a 697 785 9
a 698 234 8
a 698 376 8
a 699 287 2
a 700 214 4
a 700 577 9
a 701 222 2
a 701 582 6
a 702 110 10
a 702 373 1
a 703 448 2
a 704 744 3
a 705 703 5
a 706 44 1
a 707 395 2
a 707 540 5
a 708 380 2
a 708 662 5
a 709 129 1
a 709 161 5
a 709 280 4
a 709 312 2
a 710 73 7
a 710 613 4
a 711 122 10
a 712 55 5
a 712 444 9
a 713 454 5
a 713 794 10
a 714 646 8
a 715 121 10
a 715 203 6
a 716 72 2
a 717 364 8
a 718 196 8
a 718 348 1
a 718 420 7
a 718 515 2
a 719 180 2
a 719 685 7
a 719 726 5
a 720 229 6
a 720 613 5
a 721 574 5
a 722 86 9
a 722 230 3
a 722 409 6
a 723 505 1
a 723 670 3
a 724 690 3
a 724 755 6
a 725 286 3
a 726 411 9
a 726 672 4
a 727 305 4
a 728 179 1
a 728 563 3
a 728 736 3
a 729 47 1
a 729 479 10
a 730 24 7
a 730 703 10
a 731 248 2
a 732 20 4
a 733 328 10
a 734 396 2
a 734 493 4
a 734 503 10
a 734 652 2
a 735 418 8
a 735 723 9
a 736 260 6
a 737 212 10
a 737 356 10
a 737 571 4
a 738 369 10
a 738 529 7
a 738 689 6
a 739 706 3
a 740 463 8
a 740 545 4
a 741 727 6
a 741 772 5
a 741 789 3
a 742 288 6
a 742 335 10
a 743 21 3
a 744 459 1
a 744 605 2
a 745 30 3
a 745 228 2
a 746 323 6
a 746 437 9
a 746 592 3
a 747 186 2
a 747 510 2
a 748 82 6
a 748 678 10
a 749 345 8
a 750 364 10
a 750 438 2
a 750 625 10
a 751 495 1
a 752 449 7
a 752 522 5
a 753 557 1
a 753 774 10
a 754 134 1
a 754 508 9
a 755 399 3
a 755 547 1
a 756 328 9
a 757 260 10
a 757 379 3
a 757 700 3
a 758 516 1
a 758 792 3
a 759 591 1
a 760 255 2
a 760 610 2
a 761 132 6
a 761 549 5
a 762 358 1
a 762 720 7
a 763 263 6
a 763 611 8
a 764 246 2
a 764 719 6
a 765 207 2
a 766 52 7
a 766 216 2
a 766 295 10
a 767 602 7
a 767 684 4
a 768 104 10
a 768 274 3
a 768 516 10
a 769 481 10
a 770 521 8
a 770 796 1
a 771 36 8
a 771 400 6
a 772 272 8
a 772 343 1
a 773 140 2
a 773 661 7
a 774 266 4
a 775 306 3
a 775 394 1
a 776 659 4
a 777 58 9
a 777 358 3
a 777 646 6
a 778 604 1
a 779 89 10
a 780 127 5
a 781 66 6
a 781 573 8
a 782 614 6
a 782 640 3
a 783 589 3
a 784 81 9
a 784 561 9
a 784 583 7
a 785 124 7
a 785 350 10
a 785 500 1
a 786 366 9
a 787 54 3
a 787 160 5
a 788 127 5
a 789 73 9
a 789 799 6
a 790 163 2
a 790 675 7
a 791 152 6
a 792 71 3
a 792 237 9
a 792 379 9
a 793 223 10
a 794 30 7
a 794 372 8
a 794 537 5
a 795 665 5
a 795 725 1
a 796 695 7
a 797 154 2
a 797 622 6
a 798 773 5
a 799 671 1
a 799 774 9
