p max 800 1600
n 1 s
n 800 t
a 1 509 10
a 2 717 8
a 3 54 5
a 3 351 5
a 4 260 1
a 4 298 2
a 5 224 8
a 5 609 3
a 6 109 10
a 6 126 5
a 7 193 6
a 7 265 3
a 7 611 3
a 8 747 5
a 9 60 10
a 9 95 10
a 10 230 6
a 10 448 1
a 10 555 7
a 10 740 1
a 10 748 6
a 11 381 1
a 11 545 6
a 12 152 4
a 12 610 3
a 13 90 4
a 14 337 3
a 14 461 9
a 15 384 2
a 16 145 4
a 16 340 9
a 17 772 6
a 18 192 4
a 19 445 2
a 19 483 6
a 19 523 7
a 20 536 4
a 21 130 7
a 21 385 3
a 21 408 6
a 22 171 8
a 22 459 2
a 23 17 6
a 23 204 6
a 23 418 5
a 24 558 7
a 25 388 6
a 25 666 4
a 26 42 5
a 26 106 6
a 26 394 5
a 26 723 6
a 27 41 1
a 27 357 3
a 28 585 2
a 29 96 4
a 29 176 7
a 29 577 1
a 29 722 4
a 30 503 2
a 30 559 7
a 31 703 5
a 32 101 10
a 32 326 4
a 32 483 6
a 33 649 4
a 34 355 8
a 34 487 6
a 35 7 7
a 35 657 3
a 36 273 9
a 36 554 5
a 36 624 4
a 36 718 6
a 37 261 7
a 37 545 7
a 38 71 4
a 39 232 1
a 39 318 2
a 40 132 8
a 40 217 4
a 40 560 7
a 41 147 3
a 41 348 2
a 41 508 9
a 42 23 2
a 42 265 6
a 43 90 10
a 44 300 7
a 45 137 5
a 45 683 2
a 46 62 5
a 46 91 10
a 46 597 10
a 46 759 8
a 47 282 3
a 47 720 6
a 47 800 9
a 48 360 1
a 49 397 10
a 49 556 7
a 49 566 4
a 50 320 9
a 50 753 2
a 51 201 8
a 51 795 10
a 52 545 3
a 53 281 8
a 53 347 6
a 54 116 9
a 54 231 3
a 55 170 4
a 55 347 8
a 56 86 6
a 56 482 7
a 56 647 2
a 56 678 3
a 57 781 10
a 58 378 10
a 59 352 5
a 60 390 9
a 61 50 5
a 61 772 8
a 62 461 5
a 62 664 6
a 62 715 10
a 63 394 10
a 64 441 9
a 64 519 8
a 65 128 1
a 65 754 7
a 66 279 7
a 66 551 7
a 67 58 6
a 67 389 7
a 68 547 7
a 69 169 8
a 69 309 1
a 70 175 10
a 70 202 9
a 70 575 7
a 71 652 6
a 71 737 7
a 72 115 6
a 72 366 6
a 73 207 10
a 74 763 10
a 75 369 6
a 76 194 2
a 76 449 7
a 77 70 3
a 78 175 1
a 78 470 7
a 79 613 3
a 79 622 8
a 80 372 9
a 81 306 7
a 81 349 1
a 81 521 8
a 81 635 9
a 82 113 7
a 82 135 5
a 82 392 2
a 83 140 2
a 84 369 3
a 85 614 1
a 85 631 8
a 86 514 8
a 87 405 6
a 87 704 1
a 88 14 5
a 88 245 3
a 88 343 4
a 88 378 9
a 89 312 7
a 89 342 1
a 89 760 5
a 89 781 10
a 89 794 7
a 90 470 1
a 90 528 9
a 91 489 8
a 91 562 7
a 92 293 7
a 92 560 5
a 92 734 4
a 93 85 6
a 93 158 10
a 93 358 6
a 94 743 10
a 94 788 3
a 95 373 7
a 95 503 5
a 95 601 4
a 95 677 2
a 96 347 1
a 97 204 8
a 97 370 8
a 98 347 9
a 98 655 2
a 99 170 3
a 99 255 9
a 100 40 3
a 100 69 8
a 100 429 1
a 101 396 7
a 102 244 7
a 102 312 1
a 103 310 7
a 103 492 10
a 103 749 6
a 104 126 1
a 104 200 1
a 105 369 2
a 105 635 9
a 106 537 2
a 107 122 5
a 108 125 8
a 108 463 2
a 108 527 2
a 109 124 2
a 109 784 7
a 110 155 5
a 110 173 7
a 110 380 3
a 111 123 2
a 112 645 2
a 112 676 1
a 113 280 6
a 114 387 2
a 115 488 6
a 116 2 6
a 116 325 7
a 117 450 9
a 117 637 7
a 118 144 7
a 118 419 1
a 119 293 1
a 120 448 10
a 121 238 10
a 121 692 1
a 122 403 6
a 123 705 6
a 123 764 4
a 124 229 9
a 124 716 7
a 124 727 9
a 125 478 8
a 126 286 2
a 126 607 7
a 126 705 7
a 127 3 10
a 127 6 8
a 127 208 5
a 127 504 5
a 128 493 4
a 129 698 2
a 129 762 10
a 130 266 4
a 131 20 2
a 131 707 2
a 132 350 3
a 133 184 6
a 133 719 2
a 134 454 10
a 134 457 4
a 135 741 2
a 136 176 3
a 136 279 10
a 136 393 6
a 137 71 3
a 138 267 3
a 139 530 3
a 140 168 1
a 141 26 5
a 141 540 7
a 141 745 7
a 142 375 2
a 142 426 9
a 142 460 10
a 142 538 5
a 142 590 8
a 142 689 9
a 143 551 4
a 144 565 8
a 144 733 2
a 145 164 2
a 146 123 3
a 147 451 4
a 147 552 3
a 147 636 9
a 148 261 10
a 148 391 5
a 148 735 2
a 149 269 7
a 149 403 3
a 150 197 5
a 150 535 9
a 150 784 7
a 151 584 6
a 152 626 2
a 152 705 5
a 153 299 10
a 154 69 8
a 154 470 4
a 154 526 3
a 155 99 5
a 156 35 1
a 156 71 10
a 156 235 5
a 156 535 7
a 157 746 3
a 158 317 4
a 158 545 4
a 158 562 10
a 159 133 6
a 159 472 6
a 159 686 9
a 160 431 6
a 161 169 5
a 162 103 8
a 162 194 1
a 162 473 1
a 163 543 10
a 163 783 2
a 164 217 9
a 164 742 6
a 165 168 9
a 165 286 2
a 166 569 4
a 166 767 8
a 167 458 4
a 168 256 1
a 169 38 2
a 169 637 1
a 170 415 8
a 171 187 2
a 171 553 10
a 171 582 6
a 171 595 6
a 172 560 5
a 172 787 9
a 173 421 6
a 174 236 5
a 175 420 6
a 176 300 6
a 176 470 10
a 177 592 1
a 178 498 3
a 179 360 2
a 179 531 8
a 180 107 8
a 180 392 3
a 180 511 8
a 181 522 8
a 181 763 1
a 182 2 10
a 182 474 7
a 182 493 1
a 183 555 3
a 184 51 6
a 184 256 8
a 185 83 8
a 185 480 3
a 185 502 7
a 185 558 1
a 185 772 6
a 186 215 5
a 186 442 6
a 186 537 8
a 187 26 8
a 187 140 10
a 188 570 10
a 188 662 7
a 189 36 1
a 189 386 4
a 189 710 3
a 190 32 3
a 190 166 5
a 191 58 8
a 191 664 9
a 192 277 4
a 192 287 8
a 192 475 10
a 193 82 8
a 193 458 8
a 194 458 1
a 194 518 5
a 195 607 1
a 196 228 10
a 196 519 7
a 197 438 1
a 197 462 3
a 198 93 1
a 199 365 8
a 199 449 1
a 200 88 3
a 200 211 1
a 201 254 2
a 201 367 8
a 201 514 2
a 202 355 10
a 202 709 8
a 203 17 1
a 203 216 2
a 203 641 8
a 204 740 10
a 205 219 10
a 206 628 2
a 207 116 5
a 207 218 8
a 207 488 7
a 207 755 1
a 208 337 8
a 209 278 3
a 209 738 9
a 210 316 10
a 210 360 8
a 210 744 3
a 211 53 2
a 211 306 7
a 211 510 6
a 212 9 5
a 212 638 10
a 213 697 5
a 213 748 10
a 214 464 4
a 214 759 8
a 215 5 3
a 215 516 6
a 215 527 8
a 216 73 5
a 216 289 5
a 216 469 6
a 217 175 10
a 218 3 1
a 218 283 5
a 218 497 9
a 218 596 3
a 219 338 5
a 220 517 2
a 220 593 1
a 220 614 6
a 221 605 3
a 221 665 7
a 222 162 8
a 223 217 6
a 223 249 10
a 224 563 6
a 225 678 4
a 226 555 4
a 227 414 8
a 227 501 2
a 228 343 1
a 228 486 9
a 228 800 7
a 229 142 8
a 229 755 6
a 229 774 3
a 230 7 2
a 230 105 5
a 230 225 5
a 230 472 8
a 230 758 4
a 231 93 2
a 232 248 5
a 233 707 4
a 234 725 10
a 235 23 4
a 235 483 9
a 235 610 7
a 236 295 10
a 237 360 9
a 238 87 10
a 238 649 8
a 239 311 1
a 240 513 5
a 241 163 4
a 242 171 3
a 242 733 4
a 243 77 8
a 243 354 1
a 244 671 1
a 244 783 6
a 245 287 2
a 246 119 9
a 247 329 7
a 248 51 9
a 248 317 7
a 249 299 8
a 250 127 1
a 250 723 10
a 251 497 8
a 252 91 5
a 252 418 6
a 252 757 4
a 253 756 4
a 253 768 8
a 254 604 5
a 254 718 8
a 255 53 7
a 255 181 1
a 256 387 10
a 256 532 5
a 256 653 10
a 257 715 6
a 258 680 2
a 258 730 8
a 259 198 10
a 259 222 2
a 259 403 3
a 260 313 2
a 260 400 2
a 260 773 5
a 261 388 9
a 262 428 7
a 262 499 9
a 262 749 9
a 263 148 5
a 263 268 10
a 263 327 7
a 264 316 9
a 264 418 8
a 264 667 6
a 265 392 5
a 266 15 1
a 266 209 9
a 266 357 1
a 266 468 7
a 267 88 7
a 268 395 8
a 268 617 5
a 268 631 5
a 268 706 1
a 268 724 2
a 269 704 4
a 270 160 10
a 270 300 4
a 270 508 1
a 271 679 1
a 272 727 7
a 272 785 8
a 273 522 3
a 274 257 2
a 274 797 9
a 275 13 9
a 275 593 7
a 276 8 10
a 276 339 4
a 277 232 4
a 277 262 8
a 277 266 8
a 278 374 8
a 279 81 7
a 280 267 5
a 281 194 1
a 282 202 7
a 282 732 3
a 283 54 9
a 284 150 4
a 284 660 3
a 284 703 4
a 285 648 5
a 286 179 3
a 286 417 4
a 286 669 9
a 287 156 7
a 287 483 1
a 288 234 4
a 288 675 6
a 289 703 10
a 290 80 2
a 290 196 10
a 290 608 9
a 290 792 5
a 291 387 8
a 292 47 9
a 292 182 10
a 292 385 2
a 293 15 2
a 293 741 5
a 294 277 4
a 295 182 1
a 295 499 6
a 296 186 7
a 296 304 3
a 296 308 4
a 296 702 1
a 297 54 9
a 297 207 5
a 298 74 8
a 299 678 4
a 299 798 10
a 300 513 9
a 300 651 3
a 301 313 8
a 301 629 1
a 301 644 1
a 302 4 4
a 302 422 8
a 303 49 4
a 303 162 8
a 303 677 6
a 304 544 1
a 304 636 3
a 305 379 1
a 306 707 2
a 306 786 8
a 307 308 4
a 307 446 7
a 308 519 5
a 308 798 6
a 309 36 5
a 310 39 8
a 310 60 5
a 310 489 9
a 310 755 9
a 311 375 5
a 311 453 10
a 312 782 8
a 313 45 6
a 314 44 4
a 314 478 8
a 314 626 8
a 315 174 10
a 315 774 6
a 316 4 6
a 316 432 6
a 317 222 5
a 317 633 9
a 318 465 7
a 318 662 7
a 319 299 5
a 319 507 2
a 319 565 8
a 320 103 4
a 320 733 8
a 320 772 5
a 321 316 1
a 322 699 2
a 323 112 2
a 323 116 2
a 324 695 8
a 325 648 6
a 325 659 3
a 325 717 6
a 326 566 5
a 327 595 2
a 327 597 8
a 328 59 5
a 328 143 3
a 328 298 10
a 328 685 3
a 329 655 3
a 330 204 3
a 331 635 1
a 331 704 3
a 332 242 10
a 332 580 3
a 333 248 3
a 333 434 4
a 333 572 7
a 334 444 2
a 334 623 2
a 334 726 10
a 335 627 4
a 336 662 3
a 336 730 7
a 337 383 2
a 337 485 6
a 337 529 6
a 337 549 6
a 338 388 4
a 339 487 9
a 340 46 8
a 340 512 9
a 341 161 2
a 341 573 1
a 342 651 5
a 343 602 1
a 343 670 2
a 344 623 6
a 345 27 7
a 345 264 5
a 346 698 5
a 347 398 8
a 348 12 7
a 348 276 7
a 348 520 4
a 348 552 2
a 349 579 4
a 349 621 10
a 350 55 5
a 350 484 8
a 350 642 5
a 351 232 9
a 351 477 1
a 352 737 6
a 353 413 1
a 353 586 5
a 354 742 6
a 355 224 10
a 356 244 10
a 357 466 4
a 358 288 8
a 358 437 8
a 359 219 9
a 360 76 5
a 361 457 9
a 361 466 4
a 361 575 4
a 362 759 2
a 363 351 4
a 363 541 2
a 364 346 9
a 364 638 8
a 365 416 2
a 366 214 8
a 366 494 7
a 367 183 9
a 367 390 6
a 368 456 9
a 369 127 3
a 370 510 3
a 370 543 5
a 370 622 2
a 371 167 3
a 371 234 1
a 371 671 7
a 372 190 1
a 372 666 1
a 373 295 9
a 374 113 8
a 374 500 4
a 374 723 2
a 375 37 3
a 375 75 9
a 375 127 10
a 375 330 4
a 376 31 9
a 376 334 5
a 377 47 8
a 377 680 2
a 377 761 9
a 378 163 9
a 379 752 9
a 380 122 4
a 380 221 7
a 381 468 7
a 381 494 2
a 382 49 2
a 383 157 1
a 383 292 7
a 383 364 3
a 383 751 10
a 384 196 4
a 384 608 8
a 385 242 8
a 385 661 8
a 386 344 6
a 386 447 1
a 387 174 7
a 388 162 4
a 389 128 9
a 389 533 2
a 390 597 6
a 391 353 7
a 392 172 6
a 392 495 6
a 393 112 8
a 394 490 1
a 394 653 1
a 395 518 10
a 395 524 7
a 396 167 9
a 396 712 4
a 397 62 3
a 397 484 3
a 398 646 1
a 399 115 2
a 400 551 8
a 401 102 2
a 401 240 9
a 401 586 2
a 402 7 2
a 402 222 5
a 402 251 10
a 402 462 7
a 403 303 10
a 404 534 2
a 405 314 3
a 405 796 9
a 406 590 1
a 407 53 6
a 408 525 9
a 408 760 10
a 408 766 9
a 408 788 9
a 409 129 8
a 409 165 2
a 409 428 5
a 410 772 7
a 411 659 8
a 411 752 9
a 412 23 1
a 412 59 2
a 412 233 8
a 412 585 4
a 412 711 7
a 413 663 3
a 414 294 5
a 414 512 8
a 414 777 10
a 415 191 10
a 415 609 8
a 415 631 3
a 415 691 2
a 416 193 1
a 417 168 1
a 417 764 1
a 418 342 3
a 419 337 2
a 420 166 2
a 420 340 5
a 420 641 1
a 421 55 7
a 422 31 9
a 423 750 9
a 424 229 5
a 424 548 4
a 424 550 9
a 425 273 9
a 425 323 3
a 426 418 7
a 426 796 4
a 427 136 1
a 428 725 4
a 429 85 2
a 429 569 5
a 429 708 6
a 430 491 2
a 430 547 2
a 431 18 8
a 431 252 9
a 432 254 9
a 433 466 8
a 434 359 8
a 434 656 2
a 434 668 1
a 435 139 7
a 436 403 4
a 437 217 9
a 438 450 2
a 439 447 5
a 439 552 3
a 440 163 10
a 440 173 10
a 441 740 5
a 442 412 6
a 442 471 10
a 442 546 9
a 442 714 2
a 443 501 6
a 444 627 4
a 444 686 2
a 445 90 1
a 445 430 4
a 446 42 9
a 446 128 3
a 446 384 9
a 447 358 10
a 447 452 1
a 447 712 1
a 448 102 4
a 449 257 2
a 450 202 3
a 451 11 3
a 451 64 8
a 451 374 1
a 452 245 7
a 452 376 4
a 453 243 2
a 453 244 5
a 453 307 2
a 454 319 4
a 455 70 8
a 455 92 3
a 455 246 10
a 455 399 8
a 456 569 9
a 457 665 1
a 457 728 7
a 458 197 6
a 458 501 10
a 459 124 4
a 459 141 7
a 459 718 5
a 460 2 2
a 460 180 1
a 461 236 4
a 461 685 7
a 462 131 9
a 462 149 1
a 462 729 4
a 462 750 2
a 463 28 3
a 463 227 6
a 463 423 3
a 464 515 4
a 464 635 3
a 464 691 3
a 465 555 3
a 466 90 7
a 466 695 6
a 467 119 1
a 467 768 4
a 467 791 10
a 468 443 9
a 468 663 3
a 468 701 2
a 468 775 7
a 469 151 10
a 469 203 6
a 469 452 4
a 469 615 2
a 470 477 5
a 471 143 6
a 471 735 1
a 472 22 7
a 472 153 2
a 472 523 4
a 472 625 1
a 472 650 4
a 473 254 3
a 474 310 10
a 475 322 7
a 475 635 6
a 476 76 10
a 476 141 10
a 477 169 10
a 477 773 3
a 478 297 4
a 478 618 6
a 478 646 7
a 479 240 2
a 479 434 6
a 480 102 2
a 481 298 2
a 482 528 3
a 482 670 8
a 483 33 1
a 483 682 3
a 484 702 10
a 485 159 4
a 485 258 4
a 485 532 6
a 486 274 3
a 487 48 1
a 487 596 8
a 488 666 4
a 489 28 6
a 489 118 5
a 490 620 7
a 490 665 3
a 491 657 9
a 492 328 5
a 492 352 1
a 493 50 9
a 493 739 2
a 494 429 8
a 495 497 7
a 496 312 1
a 497 647 5
a 498 73 1
a 498 790 8
a 499 432 8
a 499 674 8
a 499 679 4
a 500 367 5
a 500 433 2
a 501 335 5
a 501 678 6
a 502 215 3
a 502 696 5
a 503 206 10
a 504 191 3
a 505 331 1
a 505 356 2
a 505 440 7
a 505 780 7
a 506 236 8
a 507 264 9
a 507 573 1
a 508 286 6
a 508 673 5
a 509 582 6
a 510 163 10
a 511 541 2
a 512 241 1
a 512 379 4
a 512 687 9
a 513 135 4
a 513 212 3
a 513 494 8
a 513 660 5
a 514 274 8
a 514 330 4
a 515 188 2
a 515 297 6
a 515 539 9
a 516 63 5
a 516 336 6
a 516 402 7
a 517 6 8
a 518 653 4
a 519 477 3
a 520 672 2
a 520 728 10
a 521 267 4
a 521 404 4
a 522 87 9
a 522 480 4
a 523 509 7
a 523 669 6
a 524 733 1
a 524 736 2
a 524 747 1
a 525 465 3
a 525 713 8
a 526 229 2
a 527 462 5
a 528 230 2
a 529 198 1
a 529 368 4
a 529 471 5
a 529 720 6
a 530 756 6
a 531 387 5
a 531 731 6
a 532 65 3
a 532 474 6
a 533 520 8
a 533 683 5
a 534 121 7
a 534 484 1
a 535 3 10
a 535 16 1
a 536 421 8
a 536 506 2
a 537 79 4
a 537 399 8
a 537 509 1
a 538 250 10
a 538 275 8
a 538 535 4
a 539 562 7
a 540 88 3
a 540 189 9
a 540 426 7
a 541 397 3
a 541 402 10
a 542 75 6
a 543 67 7
a 543 175 5
a 543 776 6
a 544 27 7
a 544 344 3
a 544 481 8
a 544 536 3
a 545 424 2
a 545 628 9
a 546 281 2
a 546 542 7
a 547 10 2
a 547 329 9
a 547 717 6
a 547 753 7
a 548 315 4
a 548 564 1
a 548 591 9
a 548 672 6
a 549 593 1
a 550 561 9
a 550 583 10
a 550 619 7
a 551 78 9
a 552 51 7
a 552 345 6
a 552 415 4
a 553 313 6
a 553 608 6
a 554 61 4
a 554 74 3
a 555 71 5
a 556 374 6
a 556 439 9
a 557 432 4
a 557 621 5
a 558 41 7
a 558 777 6
a 559 292 10
a 559 350 1
a 560 244 2
a 561 257 4
a 561 272 5
a 562 177 5
a 562 440 9
a 563 295 8
a 563 453 4
a 563 540 2
a 563 645 2
a 564 89 5
a 564 664 6
a 565 463 6
a 566 48 7
a 566 371 5
a 567 778 7
a 568 414 7
a 569 100 8
a 569 160 5
a 570 621 7
a 571 293 2
a 571 401 7
a 572 168 1
a 572 797 3
a 573 568 8
a 573 577 8
a 574 117 9
a 574 352 10
a 574 476 6
a 575 410 1
a 575 775 5
a 576 295 7
a 577 622 6
a 578 455 8
a 579 234 3
a 580 82 4
a 581 586 6
a 582 114 1
a 582 548 6
a 582 592 5
a 583 344 9
a 584 19 3
a 584 481 9
a 585 653 4
a 586 364 1
a 587 151 8
a 587 226 7
a 588 663 2
a 589 11 10
a 589 82 6
a 590 78 8
a 591 383 9
a 591 396 8
a 591 641 3
a 592 22 5
a 592 183 5
a 593 66 1
a 593 138 4
a 593 223 10
a 594 307 10
a 594 678 5
a 595 62 8
a 595 166 10
a 596 98 2
a 596 294 10
a 597 262 5
a 597 362 4
a 598 333 5
a 598 433 5
a 598 740 9
a 599 387 7
a 600 492 9
a 601 34 10
a 601 142 7
a 602 599 2
a 603 319 6
a 603 506 4
a 604 239 5
a 604 325 2
a 604 782 9
a 605 544 5
a 605 661 9
a 606 30 3
a 606 550 8
a 607 122 4
a 607 260 4
a 607 551 8
a 607 606 2
a 608 321 10
a 608 419 2
a 608 454 5
a 609 424 2
a 610 303 1
a 610 426 1
a 610 639 9
a 611 125 4
a 611 205 8
a 611 238 7
a 611 574 10
a 611 798 2
a 612 192 6
a 612 656 1
a 613 23 6
a 613 341 9
a 613 682 2
a 614 94 1
a 614 548 9
a 614 731 3
a 614 791 3
a 615 275 1
a 615 287 7
a 615 580 1
a 616 495 7
a 616 536 5
a 617 513 5
a 617 715 3
a 618 491 2
a 618 658 9
a 618 785 10
a 619 355 7
a 619 415 10
a 619 561 8
a 620 180 7
a 620 690 9
a 621 363 8
a 621 776 8
a 622 630 7
a 622 634 7
a 623 35 6
a 623 259 7
a 623 331 7
a 624 351 4
a 624 398 7
a 624 589 4
a 624 642 1
a 625 267 6
a 625 382 1
a 625 675 5
a 626 226 3
a 626 411 1
a 627 226 6
a 627 377 2
a 627 652 10
a 627 748 8
a 628 136 10
a 628 704 1
a 629 576 3
a 629 705 7
a 630 74 2
a 630 122 6
a 630 496 4
a 631 540 6
a 632 325 7
a 632 418 6
a 633 134 4
a 633 598 3
a 634 255 7
a 634 714 10
a 635 200 5
a 635 560 5
a 636 760 7
a 637 266 6
a 638 70 3
a 638 213 10
a 638 386 4
a 639 280 2
a 639 557 8
a 640 37 5
a 641 31 10
a 641 560 7
a 642 24 3
a 643 420 10
a 643 590 4
a 644 93 7
a 644 129 4
a 645 128 4
a 645 272 6
a 645 278 6
a 645 372 1
a 646 178 9
a 646 406 10
a 647 84 5
a 647 654 8
a 647 726 2
a 648 57 5
a 648 113 5
a 649 251 2
a 649 486 6
a 649 563 8
a 650 731 8
a 651 505 8
a 651 553 9
a 652 253 4
a 652 436 9
a 653 407 7
a 654 467 2
a 654 769 8
a 655 379 6
a 655 588 8
a 656 555 8
a 657 495 7
a 657 539 6
a 658 346 1
a 659 81 6
a 659 324 7
a 659 405 2
a 660 741 4
a 661 70 6
a 662 219 10
a 662 476 2
a 662 778 7
a 663 97 7
a 663 197 1
a 664 644 6
a 665 342 7
a 666 270 1
a 666 775 3
a 667 198 3
a 667 567 4
a 668 605 9
a 669 521 8
a 669 779 6
a 670 63 5
a 671 108 4
a 671 356 9
a 672 592 9
a 673 237 5
a 673 401 3
a 673 603 7
a 673 684 5
a 674 139 4
a 674 338 10
a 674 435 6
a 675 110 10
a 676 140 2
a 676 416 4
a 676 793 10
a 677 56 1
a 677 437 8
a 678 108 3
a 678 190 4
a 679 29 10
a 679 73 4
a 679 151 2
a 680 333 9
a 680 437 10
a 681 43 2
a 681 285 7
a 681 290 3
a 681 799 1
a 682 659 7
a 683 24 1
a 683 376 5
a 684 297 9
a 684 616 10
a 685 481 7
a 686 684 4
a 687 520 8
a 687 680 10
a 688 514 7
a 688 599 9
a 688 679 2
a 689 52 8
a 689 685 3
a 690 339 6
a 690 597 9
a 691 507 3
a 692 233 8
a 692 332 6
a 693 263 6
a 693 636 1
a 693 746 7
a 694 562 6
a 695 410 2
a 695 498 6
a 695 787 7
a 696 25 5
a 696 102 5
a 696 136 6
a 696 305 1
a 696 442 5
a 697 276 3
a 698 47 2
a 698 226 1
a 698 693 5
a 699 33 2
a 700 330 1
a 700 407 7
a 701 290 10
a 701 350 1
a 701 534 3
a 701 695 3
a 702 561 5
a 702 681 5
a 703 62 8
a 703 164 9
a 703 185 3
a 703 668 5
a 704 281 6
a 705 57 5
a 706 337 10
a 707 310 6
a 707 425 3
a 707 772 4
a 708 180 1
a 708 795 10
a 709 2 2
a 710 366 9
a 710 671 5
a 711 146 9
a 711 620 9
a 712 215 1
a 713 385 4
a 714 31 7
a 714 120 6
a 714 198 3
a 715 479 9
a 715 714 5
a 716 206 6
a 716 524 8
a 717 671 8
a 718 427 2
a 718 791 4
a 719 479 9
a 719 770 5
a 720 516 1
a 720 765 6
a 721 541 2
a 721 632 2
a 722 374 2
a 723 109 3
a 723 199 6
a 723 771 7
a 724 107 8
a 724 700 2
a 725 262 10
a 725 799 10
a 726 123 10
a 726 271 5
a 726 304 6
a 726 465 3
a 727 216 10
a 727 530 7
a 728 202 1
a 729 14 7
a 729 253 5
a 729 455 3
a 729 491 7
a 730 8 8
a 730 302 2
a 730 654 4
a 731 504 10
a 731 607 8
a 732 296 6
a 732 564 6
a 733 303 3
a 733 629 7
a 734 81 7
a 734 699 6
a 735 284 9
a 735 458 9
a 736 374 2
a 736 421 8
a 736 640 10
a 736 698 1
a 736 717 9
a 737 368 9
a 737 409 7
a 737 424 5
a 737 591 2
a 737 643 8
a 738 148 8
a 738 615 7
a 738 715 10
a 739 295 1
a 739 373 3
a 740 123 6
a 740 178 6
a 740 731 3
a 741 165 3
a 741 719 1
a 742 504 9
a 743 271 8
a 743 695 4
a 744 18 3
a 744 385 9
a 744 522 1
a 745 378 10
a 746 45 7
a 746 268 10
a 747 637 10
a 748 110 7
a 748 196 10
a 748 769 4
a 749 322 9
a 749 431 9
a 749 594 8
a 750 79 9
a 750 319 5
a 751 106 5
a 751 335 3
a 752 173 2
a 753 423 10
a 754 72 5
a 754 104 2
a 754 383 5
a 755 161 6
a 755 247 4
a 756 534 10
a 757 139 9
a 757 173 3
a 757 456 4
a 757 594 8
a 758 429 6
a 759 75 9
a 759 111 8
a 759 291 7
a 759 301 9
a 759 725 4
a 760 154 9
a 760 197 1
a 761 155 3
a 761 210 3
a 762 138 4
a 762 157 7
a 763 99 3
a 763 433 6
a 763 571 1
a 763 694 2
a 764 195 7
a 764 311 5
a 764 323 6
a 765 477 9
a 766 216 5
a 766 498 9
a 766 789 8
a 767 353 5
a 767 550 5
a 768 95 8
a 768 598 8
a 769 31 6
a 769 423 8
a 770 77 7
a 770 297 4
a 771 193 1
a 771 584 4
a 772 537 9
a 773 230 5
a 774 163 1
a 774 220 5
a 774 578 6
a 775 296 8
a 775 361 9
a 775 552 1
a 776 466 1
a 776 690 6
a 777 514 4
a 778 21 7
a 778 68 2
a 778 217 10
a 779 219 6
a 780 469 1
a 780 750 3
a 781 442 10
a 781 638 6
a 782 20 5
a 782 669 4
a 783 252 2
a 783 524 2
a 783 587 6
a 784 196 3
a 785 514 8
a 785 630 6
a 786 376 6
a 787 350 9
a 788 74 10
a 788 280 4
a 788 581 3
a 788 663 2
a 789 241 8
a 789 447 4
a 789 688 1
a 790 266 2
a 790 600 7
a 791 258 4
a 791 612 4
a 792 150 9
a 793 690 2
a 793 762 7
a 794 450 5
a 794 674 4
a 795 147 3
a 796 373 5
a 796 721 7
a 797 476 10
a 797 736 4
a 798 556 10
a 798 667 4
a 799 172 3
