p max 800 1600
n 1 s
n 800 t
a 1 218 5
a 1 435 4
a 1 490 10
a 2 432 8
a 2 442 5
a 3 211 2
a 3 463 4
a 4 455 2
a 4 575 6
a 5 505 1
a 5 654 7
a 6 214 6
a 6 330 7
a 6 677 1
a 7 378 3
a 7 604 1
a 8 7 9
a 8 28 6
a 9 92 2
a 10 98 4
a 10 393 5
a 11 172 5
a 12 404 4
a 12 766 5
a 13 741 3
a 14 514 6
a 14 658 6
a 14 659 9
a 15 290 10
a 15 399 1
a 15 585 2
a 16 309 10
a 16 591 9
a 17 585 4
a 18 61 8
a 18 400 7
a 19 365 3
a 19 487 7
a 20 716 6
a 21 353 4
a 21 441 1
a 22 108 3
a 22 510 10
a 23 287 3
a 23 609 4
a 24 558 6
a 25 419 5
a 25 518 9
a 26 220 10
a 26 293 7
a 26 353 3
a 26 771 2
a 27 427 5
a 27 609 4
a 27 747 8
a 28 336 8
a 28 799 3
a 29 389 1
a 30 240 10
a 30 610 10
a 30 635 1
a 30 697 3
a 31 16 4
a 31 148 2
a 31 232 10
a 31 751 8
a 32 77 8
a 32 574 1
a 33 726 1
a 34 230 2
a 34 635 3
a 35 156 3
a 36 155 1
a 36 225 5
a 36 588 7
a 37 189 10
a 37 319 2
a 37 576 10
a 38 729 2
a 39 275 7
a 40 93 7
a 40 691 6
a 41 429 3
a 42 224 1
a 43 510 6
a 44 42 5
a 44 425 1
a 44 456 3
a 44 688 5
a 45 452 7
a 45 760 3
a 46 8 8
a 46 211 6
a 46 754 9
a 47 606 9
a 47 713 9
a 48 179 7
a 49 517 4
a 49 739 8
a 49 758 4
a 50 316 4
a 50 778 3
a 51 791 6
a 52 79 7
a 52 280 3
a 53 105 1
a 53 338 7
a 53 572 10
a 54 458 1
a 54 491 9
a 54 799 8
a 55 336 3
a 55 722 9
a 56 364 9
a 57 762 2
a 58 115 5
a 58 215 4
a 58 397 1
a 58 654 4
a 59 513 1
a 60 85 5
a 60 439 3
a 61 787 9
a 62 124 10
a 62 419 1
a 63 724 6
a 63 798 8
a 64 42 2
a 64 433 4
a 65 239 6
a 65 581 1
a 65 607 3
a 66 181 10
a 66 507 8
a 66 508 7
a 66 597 7
a 67 212 8
a 68 277 9
a 68 515 3
a 68 530 10
a 69 746 1
a 70 337 8
a 70 451 6
a 70 767 7
a 71 282 10
a 71 406 3
a 72 250 3
a 72 708 8
a 72 743 10
a 72 785 8
a 73 644 7
a 73 661 5
a 74 378 2
a 74 472 8
a 74 782 7
a 75 251 2
a 75 296 3
a 75 655 4
a 76 142 2
a 76 795 10
a 77 233 10
a 78 273 2
a 79 354 5
a 79 660 7
a 80 214 4
a 80 412 1
a 80 467 9
a 81 377 7
a 82 19 2
a 83 20 6
a 83 731 9
a 84 453 2
a 85 385 6
a 86 63 7
a 86 768 6
a 87 40 5
a 87 207 10
a 87 222 7
a 88 718 8
a 89 100 9
a 89 210 10
a 89 626 4
a 89 724 5
a 90 72 6
a 91 122 8
a 91 725 9
a 92 4 6
a 92 80 7
a 92 132 3
a 92 342 3
a 93 230 3
a 93 797 7
a 94 528 3
a 94 624 8
a 94 705 7
a 95 117 7
a 95 362 6
a 96 402 5
a 96 620 7
a 97 328 6
a 97 600 6
a 98 126 9
a 98 441 6
a 98 704 9
a 99 200 9
a 100 544 4
a 100 699 4
a 101 696 5
a 102 215 9
a 103 82 2
a 103 111 4
a 104 713 9
a 104 746 1
a 105 77 7
a 106 160 10
a 106 212 7
a 106 248 10
a 107 66 8
a 107 279 8
a 107 528 6
a 108 193 7
a 108 678 6
a 109 297 2
a 109 500 5
a 109 552 6
a 110 209 10
a 110 685 8
a 111 678 3
a 112 569 10
a 113 43 6
a 113 181 7
a 114 18 3
a 114 701 5
a 115 259 1
a 116 373 1
a 117 335 7
a 117 618 8
a 118 556 8
a 118 571 1
a 119 226 3
a 119 422 2
a 120 327 10
a 121 316 9
a 121 661 9
a 122 143 9
a 123 290 6
a 124 35 8
a 124 121 1
a 124 150 7
a 125 264 5
a 125 418 10
a 126 206 8
a 126 662 4
a 127 492 10
a 127 789 10
a 128 41 6
a 128 381 6
a 129 574 4
a 129 611 7
a 130 92 3
a 130 347 3
a 130 612 6
a 131 85 10
a 131 395 5
a 132 392 1
a 132 702 1
a 133 131 2
a 134 177 6
a 135 9 6
a 135 450 1
a 135 466 8
a 135 781 8
a 136 122 5
a 136 774 10
a 137 58 10
a 137 631 8
a 137 714 4
a 138 276 10
a 138 468 6
a 138 756 6
a 139 94 9
a 139 423 5
a 140 448 6
a 141 345 9
a 142 122 9
a 142 709 8
a 143 610 7
a 144 36 10
a 144 64 9
a 144 796 1
a 145 99 4
a 145 235 2
a 146 6 2
a 147 339 9
a 147 485 5
a 147 675 1
a 148 164 2
a 148 341 10
a 148 484 2
a 149 288 1
a 150 530 3
a 151 235 6
a 151 370 5
a 152 30 9
a 153 83 10
a 153 264 9
a 154 39 10
a 154 560 1
a 155 352 10
a 155 479 5
a 156 369 9
a 157 630 3
a 157 636 4
a 158 103 7
a 159 209 7
a 160 227 8
a 160 255 5
a 160 545 6
a 161 45 4
a 161 189 3
a 162 170 7
a 162 232 9
a 163 409 10
a 164 13 3
a 164 563 9
a 165 243 3
a 165 411 4
a 165 742 6
a 166 512 1
a 167 133 2
a 167 181 4
a 167 373 2
a 168 200 9
a 168 228 6
a 169 204 9
a 169 635 4
a 169 713 9
a 170 86 7
a 170 397 4
a 170 412 10
a 170 758 9
a 171 91 8
a 171 797 1
a 172 186 9
a 172 594 8
a 172 689 6
a 173 527 2
a 174 316 2
a 174 659 9
a 175 421 3
a 175 580 8
a 176 580 8
a 177 176 5
a 177 326 6
a 177 627 2
a 177 738 7
a 178 140 10
a 178 568 3
a 179 227 2
a 180 243 4
a 181 407 2
a 181 645 5
a 182 430 3
a 183 241 7
a 183 279 6
a 183 303 9
a 183 530 8
a 183 671 5
a 184 139 6
a 184 486 5
a 185 454 10
a 185 781 3
a 186 122 9
a 186 160 6
a 186 174 9
a 186 697 10
a 187 107 4
a 187 795 9
a 188 378 1
a 189 50 8
a 189 128 5
a 189 787 9
a 190 188 4
a 191 121 3
a 191 463 9
a 192 399 8
a 192 557 5
a 193 229 7
a 193 510 10
a 193 637 4
a 194 180 5
a 194 188 1
a 195 4 3
a 195 104 2
a 195 128 4
a 195 242 4
a 196 464 7
a 197 30 2
a 198 111 6
a 198 116 5
a 199 396 10
a 200 295 6
a 200 783 3
a 201 456 10
a 201 674 9
a 202 180 5
a 203 58 3
a 203 713 9
a 204 103 3
a 204 465 5
a 205 22 9
a 205 579 2
a 206 3 8
a 206 596 9
a 207 729 10
a 207 740 6
a 208 52 1
a 208 626 10
a 209 786 8
a 210 225 7
a 210 482 10
a 211 170 6
a 211 187 6
a 212 238 7
a 213 184 9
a 213 550 3
a 213 593 5
a 214 709 10
a 215 191 10
a 215 559 1
a 216 206 1
a 216 425 2
a 217 77 6
a 217 288 1
a 217 397 1
a 218 13 6
a 218 614 7
a 219 475 1
a 220 689 9
a 221 278 9
a 221 500 7
a 222 172 6
a 222 246 1
a 223 483 8
a 223 601 3
a 224 409 2
a 224 591 1
a 224 598 2
a 225 300 2
a 225 329 6
a 225 334 1
a 225 410 7
a 226 408 7
a 226 428 8
a 227 315 1
a 228 4 10
a 229 514 6
a 230 266 6
a 230 618 7
a 231 524 9
a 231 734 7
a 232 95 10
a 232 128 4
a 232 138 8
a 232 607 4
a 233 166 10
a 233 496 6
a 234 199 4
a 234 253 9
a 234 474 1
a 234 766 3
a 235 162 2
a 235 773 5
a 236 45 7
a 236 319 10
a 237 17 4
a 237 284 9
a 237 741 8
a 238 454 4
a 239 218 3
a 239 488 4
a 240 23 10
a 240 706 4
a 241 388 9
a 242 476 2
a 242 483 1
a 243 338 9
a 243 393 3
a 244 141 2
a 244 617 3
a 244 619 5
a 245 14 8
a 245 618 7
a 246 798 10
a 247 216 2
a 248 735 8
a 249 525 6
a 250 314 1
a 251 366 9
a 251 628 7
a 251 684 1
a 251 720 1
a 252 696 3
a 253 601 6
a 254 301 9
a 254 628 7
a 255 392 7
a 255 401 7
a 256 578 4
a 257 455 9
a 258 145 7
a 258 150 2
a 258 651 1
a 259 202 4
a 259 716 9
a 259 800 1
a 260 40 8
a 260 71 4
a 260 136 10
a 260 278 8
a 261 646 9
a 262 158 2
a 262 700 5
a 262 764 4
a 263 118 4
a 263 783 10
a 264 179 10
a 264 541 8
a 265 6 2
a 265 254 1
a 265 679 9
a 266 437 2
a 266 585 8
a 267 717 1
a 268 369 7
a 268 570 4
a 268 633 3
a 269 163 2
a 269 758 4
a 270 246 4
a 270 272 9
a 271 31 2
a 272 744 4
a 273 44 7
a 273 123 1
a 273 584 9
a 274 346 5
a 274 521 8
a 274 670 1
a 275 6 9
a 275 444 4
a 275 693 9
a 276 595 6
a 277 155 6
a 277 460 9
a 278 175 6
a 278 434 1
a 279 197 8
a 279 612 5
a 279 779 5
a 280 70 4
a 281 733 1
a 282 546 3
a 282 624 7
a 283 681 1
a 283 711 10
a 284 369 6
a 284 472 3
a 285 168 1
a 285 317 6
a 285 667 7
a 286 124 7
a 286 516 2
a 287 594 6
a 288 478 1
a 288 509 6
a 288 608 7
a 289 38 3
a 289 766 5
a 289 770 1
a 290 75 5
a 290 299 6
a 290 416 4
a 291 24 5
a 291 446 3
a 291 733 5
a 291 774 3
a 292 2 9
a 292 9 1
a 292 345 1
a 292 584 1
a 293 66 2
a 294 433 4
a 295 629 9
a 296 531 6
a 297 230 10
a 297 793 10
a 298 112 2
a 298 344 7
a 298 732 10
a 299 238 3
a 299 272 6
a 299 294 3
a 300 408 1
a 300 651 3
a 301 147 9
a 301 566 10
a 301 761 10
a 301 779 10
a 302 16 5
a 303 156 10
a 303 388 1
a 303 532 2
a 304 667 7
a 304 668 9
a 305 668 6
a 306 15 6
a 306 492 5
a 307 58 6
a 307 583 4
a 308 134 9
a 308 310 7
a 309 258 8
a 309 736 4
a 310 478 8
a 311 255 10
a 311 361 2
a 312 624 6
a 313 710 7
a 314 275 8
a 314 387 4
a 314 447 7
a 314 487 10
a 315 482 8
a 315 726 4
a 316 177 7
a 316 237 8
a 316 569 1
a 317 614 3
a 317 775 4
a 318 259 1
a 319 197 3
a 320 294 10
a 320 438 7
a 321 260 9
a 321 719 9
a 322 289 4
a 322 374 3
a 323 222 2
a 324 347 8
a 324 727 9
a 325 481 3
a 325 715 5
a 326 534 7
a 327 260 3
a 327 525 8
a 328 87 1
a 328 491 1
a 329 68 3
a 329 72 6
a 329 107 4
a 330 311 8
a 330 456 1
a 331 235 10
a 331 619 1
a 332 61 1
a 333 211 10
a 333 582 4
a 333 615 10
a 334 108 2
a 334 423 8
a 334 565 4
a 335 208 3
a 335 664 1
a 336 328 1
a 337 308 7
a 337 445 1
a 338 328 6
a 339 555 6
a 340 184 8
a 340 586 5
a 340 621 2
a 341 113 1
a 341 175 7
a 342 90 8
a 342 125 4
a 342 267 8
a 342 314 7
a 343 86 7
a 343 247 4
a 343 575 4
a 344 40 2
a 345 558 4
a 346 10 8
a 347 165 1
a 347 564 4
a 347 749 5
a 348 156 3
a 349 135 5
a 349 631 5
a 350 774 4
a 351 513 7
a 351 653 8
a 351 750 2
a 352 84 7
a 352 276 7
a 352 358 4
a 352 564 5
a 353 298 3
a 353 682 7
a 354 188 1
a 355 295 1
a 356 265 6
a 356 759 6
a 357 229 9
a 357 482 9
a 358 273 7
a 358 422 9
a 358 638 2
a 359 20 5
a 359 258 3
a 359 619 7
a 359 732 7
a 359 738 8
a 360 331 1
a 360 767 6
a 361 689 4
a 362 54 10
a 363 223 7
a 363 469 4
a 364 152 6
a 364 276 1
a 364 406 2
a 365 351 2
a 366 54 9
a 366 449 4
a 366 640 3
a 367 468 9
a 368 64 6
a 369 155 9
a 369 259 4
a 370 391 5
a 370 527 4
a 371 354 9
a 371 356 1
a 371 495 1
a 372 186 4
a 372 661 7
a 373 506 7
a 373 745 1
a 373 777 5
a 374 358 9
a 375 203 9
a 375 444 1
a 376 94 10
a 376 260 1
a 376 386 8
a 377 138 3
a 377 358 4
a 378 405 4
a 379 485 5
a 380 30 2
a 380 737 9
a 381 221 3
a 382 471 3
a 383 183 1
a 383 703 3
a 384 764 5
a 385 192 5
a 385 617 3
a 386 676 7
a 386 744 10
a 386 755 1
a 386 792 9
a 387 199 5
a 387 465 2
a 388 113 9
a 389 131 2
a 389 408 4
a 390 245 10
a 390 595 6
a 390 695 9
a 390 791 9
a 391 187 5
a 392 383 4
a 393 672 8
a 394 676 3
a 395 287 8
a 396 208 9
a 396 634 1
a 396 753 8
a 397 182 10
a 397 646 4
a 398 171 3
a 399 350 7
a 399 666 7
a 400 355 10
a 401 256 8
a 401 416 1
a 402 68 4
a 402 294 6
a 402 551 6
a 403 94 3
a 403 540 8
a 404 646 10
a 405 196 7
a 406 638 3
a 407 307 8
a 407 401 3
a 407 453 4
a 407 642 8
a 407 649 1
a 408 198 3
a 408 754 8
a 408 777 9
a 409 580 3
a 410 294 5
a 410 481 6
a 411 158 8
a 411 788 3
a 412 53 10
a 413 194 1
a 413 250 3
a 413 800 6
a 414 220 10
a 414 270 1
a 415 208 9
a 416 322 9
a 416 553 5
a 416 613 1
a 416 776 4
a 417 763 1
a 417 790 4
a 418 229 3
a 418 687 1
a 419 217 7
a 419 299 5
a 419 326 2
a 420 110 8
a 420 212 6
a 420 233 4
a 421 313 6
a 421 623 9
a 421 638 1
a 421 663 4
a 421 752 9
a 422 111 5
a 422 648 7
a 422 767 7
a 423 62 3
a 423 72 4
a 423 218 6
a 423 384 10
a 423 781 8
a 424 165 6
a 425 299 5
a 426 416 3
a 427 205 10
a 427 529 8
a 428 511 4
a 428 588 8
a 428 712 9
a 429 769 1
a 430 548 3
a 430 794 9
a 431 234 5
a 431 371 6
a 431 777 9
a 432 573 4
a 432 686 3
a 433 185 4
a 433 215 10
a 433 534 8
a 434 206 5
a 435 396 8
a 435 758 8
a 436 305 6
a 437 757 8
a 438 10 4
a 438 96 2
a 438 375 4
a 438 436 4
a 439 278 4
a 439 637 4
a 439 755 7
a 440 19 6
a 440 317 5
a 441 28 7
a 441 46 3
a 442 316 10
a 442 429 9
a 442 449 9
a 443 304 2
a 443 475 6
a 443 711 2
a 444 508 10
a 445 259 6
a 445 415 5
a 446 199 4
a 447 147 4
a 447 264 7
a 447 431 10
a 448 19 5
a 448 500 1
a 449 124 7
a 449 405 1
a 449 424 1
a 450 338 1
a 451 224 5
a 451 380 8
a 451 543 10
a 451 567 5
a 452 503 7
a 452 723 7
a 453 40 10
a 453 67 2
a 453 471 5
a 454 227 5
a 454 414 1
a 455 334 5
a 455 391 1
a 455 600 5
a 456 308 8
a 456 777 6
a 457 53 5
a 458 676 3
a 459 252 9
a 459 324 4
a 459 327 9
a 460 775 1
a 461 221 3
a 462 97 5
a 462 325 8
a 463 391 1
a 463 589 9
a 463 682 3
a 464 157 9
a 464 295 6
a 464 734 3
a 465 119 5
a 465 263 5
a 466 140 2
a 466 312 3
a 467 436 3
a 467 764 10
a 468 86 3
a 469 59 10
a 469 305 5
a 470 216 9
a 470 538 8
a 470 628 5
a 471 713 2
a 472 463 10
a 473 440 7
a 474 206 8
a 474 707 6
a 475 435 4
a 475 486 7
a 475 672 7
a 476 361 6
a 476 602 3
a 477 27 2
a 477 516 4
a 478 636 3
a 479 514 2
a 479 537 9
a 479 539 3
a 480 122 10
a 481 462 10
a 481 483 8
a 482 271 10
a 483 189 8
a 483 281 8
a 483 671 8
a 484 505 2
a 485 221 8
a 485 246 6
a 485 374 7
a 485 523 1
a 486 162 4
a 487 80 6
a 487 213 8
a 488 164 2
a 488 269 9
a 489 549 3
a 490 704 9
a 491 643 6
a 492 15 8
a 492 48 7
a 493 33 10
a 493 37 2
a 493 430 2
a 493 583 10
a 494 223 7
a 494 433 7
a 495 129 9
a 495 448 3
a 495 596 5
a 496 51 8
a 496 505 9
a 497 617 8
a 498 126 3
a 498 646 2
a 499 651 7
a 500 546 8
a 501 27 2
a 501 153 4
a 501 767 3
a 502 30 8
a 502 372 10
a 502 497 9
a 503 122 4
a 503 173 1
a 504 139 1
a 505 101 7
a 505 257 8
a 506 422 5
a 506 489 4
a 507 175 10
a 507 258 4
a 508 149 1
a 508 340 6
a 509 566 6
a 510 169 4
a 510 394 1
a 511 106 6
a 511 199 1
a 512 144 8
a 512 169 6
a 512 188 9
a 512 366 4
a 512 761 5
a 513 531 2
a 513 754 4
a 514 498 4
a 515 603 1
a 516 251 1
a 516 496 4
a 516 632 9
a 516 657 1
a 517 286 6
a 517 420 2
a 518 512 2
a 518 635 7
a 519 109 1
a 519 401 7
a 520 318 10
a 520 516 4
a 521 586 5
a 522 403 5
a 523 296 2
a 523 346 6
a 524 323 1
a 524 442 5
a 525 490 9
a 526 362 1
a 526 370 3
a 527 345 4
a 528 412 1
a 529 158 1
a 529 426 6
a 530 24 9
a 530 433 1
a 530 762 9
a 531 591 9
a 532 266 1
a 533 93 5
a 533 287 5
a 534 161 5
a 534 732 3
a 535 49 1
a 535 428 6
a 535 698 6
a 536 697 7
a 536 752 9
a 537 719 9
a 538 481 8
a 539 402 5
a 539 599 8
a 540 36 8
a 540 283 10
a 540 358 4
a 540 579 10
a 541 623 2
a 542 554 10
a 543 377 10
a 543 461 1
a 543 544 8
a 544 493 2
a 544 533 4
a 545 484 8
a 546 371 1
a 546 718 9
a 547 17 9
a 547 65 6
a 547 336 9
a 547 381 6
a 547 536 3
a 548 480 2
a 548 505 9
a 549 101 5
a 549 167 8
a 549 526 5
a 550 109 9
a 550 364 9
a 550 673 1
a 550 685 2
a 551 224 4
a 551 261 8
a 552 244 8
a 552 730 1
a 553 389 8
a 553 745 9
a 554 299 6
a 554 652 5
a 554 729 4
a 555 196 7
a 555 413 7
a 555 600 8
a 556 423 8
a 557 8 3
a 557 274 7
a 558 37 6
a 558 639 2
a 559 143 4
a 559 590 6
a 560 411 4
a 561 693 8
a 562 292 2
a 562 480 8
a 563 54 8
a 564 348 9
a 564 399 4
a 564 513 1
a 565 171 8
a 565 690 5
a 566 535 1
a 567 23 5
a 567 262 2
a 568 378 5
a 569 213 7
a 570 18 8
a 570 29 4
a 571 535 1
a 572 342 9
a 573 190 8
a 573 504 1
a 574 61 8
a 575 622 1
a 576 549 8
a 577 230 7
a 577 385 3
a 577 722 9
a 578 19 6
a 579 525 3
a 579 600 2
a 580 16 2
a 580 627 7
a 581 130 3
a 581 794 8
a 582 195 9
a 582 303 1
a 583 44 5
a 584 330 9
a 584 535 2
a 585 79 9
a 585 646 7
a 585 721 9
a 586 114 1
a 586 239 6
a 587 288 8
a 588 5 7
a 588 154 10
a 588 351 6
a 588 461 10
a 588 519 9
a 589 61 4
a 589 252 8
a 590 56 1
a 590 427 4
a 590 694 2
a 591 572 9
a 592 241 2
a 593 45 10
a 593 232 7
a 594 149 6
a 594 200 2
a 594 339 9
a 595 108 10
a 596 26 4
a 596 105 5
a 596 546 2
a 596 550 3
a 597 473 9
a 598 124 6
a 598 360 10
a 598 492 4
a 598 646 9
a 599 520 5
a 600 664 8
a 601 178 10
a 602 131 8
a 603 93 4
a 603 398 10
a 604 132 2
a 604 561 7
a 605 148 3
a 605 577 9
a 606 27 7
a 607 543 5
a 607 717 4
a 608 59 5
a 608 211 10
a 608 304 8
a 608 555 4
a 609 147 10
a 609 188 10
a 610 106 3
a 610 280 4
a 610 417 3
a 611 723 8
a 612 55 4
a 612 700 10
a 612 701 3
a 613 142 10
a 614 386 2
a 615 222 2
a 615 630 10
a 616 109 10
a 616 201 4
a 616 494 8
a 616 719 9
a 616 765 9
a 617 591 1
a 618 395 10
a 619 112 4
a 619 625 7
a 620 368 5
a 620 752 6
a 621 19 4
a 621 443 8
a 622 761 8
a 623 520 6
a 624 730 5
a 625 101 3
a 625 282 4
a 625 428 2
a 626 44 2
a 626 119 8
a 626 334 5
a 627 559 6
a 628 330 6
a 629 47 8
a 629 51 3
a 630 476 2
a 631 725 1
a 632 89 3
a 632 522 5
a 632 717 10
a 633 31 3
a 633 43 7
a 633 263 2
a 633 741 7
a 634 355 5
a 634 698 7
a 635 750 3
a 636 53 8
a 636 332 6
a 636 643 7
a 636 687 9
a 636 700 4
a 637 15 6
a 638 183 5
a 638 188 6
a 638 763 2
a 639 291 9
a 639 605 4
a 639 616 2
a 640 229 7
a 641 56 1
a 642 620 9
a 643 620 5
a 644 153 2
a 644 591 5
a 644 730 7
a 645 162 5
a 645 492 10
a 646 683 3
a 646 722 10
a 647 343 1
a 647 420 2
a 647 624 9
a 647 665 9
a 648 11 5
a 648 506 10
a 649 355 10
a 649 432 2
a 650 127 5
a 650 305 6
a 650 549 1
a 651 73 3
a 651 513 3
a 652 411 1
a 653 416 6
a 654 355 2
a 655 246 9
a 656 558 5
a 656 587 9
a 657 382 6
a 657 755 10
a 657 775 9
a 657 786 5
a 658 55 9
a 659 213 10
a 659 236 10
a 660 177 9
a 661 12 1
a 661 302 6
a 661 764 7
a 662 33 10
a 662 562 6
a 663 143 10
a 663 319 10
a 663 650 3
a 664 66 3
a 665 771 3
a 666 101 9
a 667 554 7
a 667 630 8
a 668 21 9
a 668 57 6
a 669 417 8
a 669 493 1
a 670 306 3
a 671 798 1
a 672 513 3
a 672 714 8
a 673 140 4
a 673 208 1
a 673 287 4
a 673 735 3
a 674 728 7
a 674 775 9
a 675 88 5
a 675 590 8
a 676 575 5
a 677 296 1
a 677 591 5
a 678 441 10
a 679 177 6
a 679 300 6
a 679 356 5
a 680 525 6
a 681 382 3
a 681 383 6
a 681 573 7
a 682 114 1
a 683 502 1
a 683 577 10
a 683 629 6
a 684 88 2
a 684 193 9
a 684 395 7
a 684 692 8
a 685 725 3
a 686 231 8
a 686 284 6
a 686 285 4
a 686 350 7
a 687 34 7
a 687 190 3
a 687 493 1
a 688 714 9
a 688 798 3
a 689 542 9
a 689 547 2
a 689 628 3
a 690 550 4
a 691 784 3
a 692 253 2
a 692 382 3
a 693 428 7
a 694 60 3
a 695 81 10
a 695 186 1
a 696 472 10
a 697 54 9
a 697 403 2
a 698 25 3
a 698 594 8
a 698 780 8
a 699 498 1
a 699 756 9
a 700 40 4
a 701 608 7
a 701 719 9
a 702 464 8
a 702 755 5
a 703 324 2
a 703 390 9
a 704 666 8
a 705 480 7
a 706 78 5
a 706 146 10
a 707 310 10
a 707 705 3
a 708 268 1
a 708 475 3
a 709 320 2
a 709 602 10
a 710 418 1
a 711 678 9
a 712 746 9
a 713 536 5
a 714 369 2
a 714 384 9
a 714 679 3
a 715 209 2
a 715 379 2
a 715 411 6
a 715 501 2
a 716 740 10
a 717 179 4
a 718 32 2
a 718 372 9
a 718 395 2
a 719 231 10
a 720 641 7
a 720 642 4
a 721 64 6
a 721 357 5
a 721 678 4
a 722 558 6
a 723 703 7
a 724 59 9
a 724 171 8
a 724 376 5
a 724 556 4
a 725 175 5
a 725 275 9
a 726 15 1
a 726 76 7
a 726 640 8
a 727 253 1
a 727 645 7
a 728 395 1
a 729 700 1
a 730 306 9
a 730 648 1
a 731 557 1
a 732 383 5
a 733 129 8
a 733 606 3
a 734 7 3
a 734 582 6
a 735 440 3
a 735 618 5
a 736 333 10
a 736 647 3
a 736 767 8
a 737 109 2
a 738 157 6
a 738 622 2
a 738 710 10
a 739 94 4
a 739 262 5
a 739 315 1
a 739 321 8
a 739 760 6
a 740 775 1
a 741 265 7
a 742 472 8
a 743 87 10
a 744 506 3
a 744 677 2
a 745 580 7
a 745 685 5
a 746 240 2
a 746 457 4
a 746 772 3
a 747 153 8
a 747 541 2
a 747 587 7
a 748 520 2
a 748 533 9
a 749 532 8
a 749 603 6
a 749 688 3
a 750 479 1
a 750 636 7
a 751 149 7
a 751 732 6
a 752 24 8
a 753 432 3
a 754 700 2
a 755 402 4
a 755 651 10
a 756 137 1
a 756 159 5
a 756 775 5
a 757 104 8
a 758 118 10
a 758 125 10
a 758 151 2
a 758 367 10
a 758 539 1
a 759 191 4
a 759 351 8
a 760 211 2
a 760 295 9
a 760 784 7
a 761 63 2
a 761 74 2
a 761 359 6
a 761 482 6
a 762 14 10
a 762 543 4
a 763 97 8
a 764 452 4
a 764 470 4
a 765 97 4
a 765 398 4
a 765 459 4
a 765 696 7
a 766 521 9
a 767 471 4
a 767 656 7
a 767 757 1
a 768 93 8
a 768 249 5
a 768 380 9
a 769 130 3
a 769 271 7
a 769 520 8
a 770 180 9
a 771 35 5
a 771 60 2
a 771 120 5
a 771 237 2
a 771 748 10
a 772 324 9
a 772 499 5
a 773 21 6
a 773 353 9
a 774 51 5
a 774 800 4
a 775 102 7
a 775 205 2
a 775 669 1
a 775 791 4
a 776 308 2
a 777 684 10
a 778 35 5
a 778 473 1
a 778 680 2
a 779 690 7
a 780 544 8
a 781 102 4
a 781 503 7
a 781 561 6
a 781 785 7
a 782 527 5
a 783 267 1
a 783 477 4
a 783 592 1
a 784 725 9
a 785 363 2
a 785 533 9
a 786 295 7
a 786 322 8
a 787 394 6
a 788 640 2
a 789 87 9
a 789 519 1
a 789 602 3
a 790 349 5
a 790 483 4
a 790 740 4
a 791 146 9
a 791 265 5
a 791 341 1
a 791 566 2
a 791 578 7
a 792 169 9
a 792 616 9
a 793 252 4
a 793 405 1
a 794 178 5
a 794 508 3
a 795 570 10
a 795 769 10
a 796 788 2
a 797 70 9
a 797 219 2
a 797 363 2
a 798 403 9
a 798 789 4
a 799 69 1
a 799 132 1
a 799 772 6
