p max 800 1600
n 1 s
n 800 t
a 1 76 10
a 2 48 8
a 2 157 1
a 2 339 3
a 2 440 9
a 2 692 5
a 3 415 10
a 3 491 2
a 4 139 5
a 4 789 3
a 5 85 3
a 5 213 4
a 5 576 7
a 6 376 5
a 6 621 10
a 7 557 8
a 7 759 6
a 8 158 9
a 9 159 4
a 9 526 3
a 9 769 3
a 10 242 2
a 11 684 9
a 11 718 5
a 11 760 7
a 12 398 5
a 12 672 2
a 13 97 3
a 13 627 10
a 14 440 8
a 15 90 6
a 15 388 4
a 16 317 4
a 16 373 8
a 17 277 1
a 17 287 9
a 18 752 7
a 19 282 4
a 19 330 7
a 20 335 8
a 20 626 3
a 21 600 3
a 22 136 6
a 22 480 4
a 23 323 4
a 23 342 3
a 24 328 1
a 24 654 6
a 25 79 6
a 25 698 10
a 26 351 2
a 26 654 10
a 26 736 5
a 27 308 3
a 27 676 7
a 28 588 7
a 29 122 10
a 30 677 7
a 30 770 7
a 31 486 2
a 32 103 7
a 32 483 1
a 33 692 7
a 34 52 7
a 34 508 1
a 35 165 9
a 35 689 6
a 36 58 9
a 36 266 2
a 36 395 4
a 36 780 3
a 37 241 2
a 37 386 1
a 38 312 7
a 38 482 6
a 39 133 3
a 39 260 4
a 40 594 5
a 41 131 10
a 41 649 5
a 41 737 9
a 42 560 6
a 43 610 5
a 44 329 2
a 44 407 5
a 45 256 4
a 46 378 5
a 46 714 8
a 47 283 2
a 47 566 9
a 48 549 6
a 48 667 3
a 49 99 5
a 49 229 7
a 50 519 8
a 51 228 2
a 52 580 6
a 53 43 5
a 54 394 4
a 54 713 7
a 55 38 7
a 55 603 10
a 55 655 1
a 56 198 8
a 56 224 9
a 57 141 6
a 57 356 5
a 58 274 4
a 58 379 7
a 58 575 3
a 59 393 6
a 59 469 9
a 59 623 8
a 60 409 9
a 60 740 4
a 61 214 10
a 62 184 3
a 62 260 6
a 63 84 1
a 63 578 10
a 63 658 3
a 64 579 3
a 64 665 6
a 64 718 1
a 64 792 4
a 65 261 9
a 66 422 9
a 67 22 3
a 67 543 1
a 67 641 3
a 68 124 10
a 69 40 1
a 69 193 2
a 69 461 2
a 70 412 3
a 71 2 1
a 71 564 8
a 72 257 3
a 72 417 8
a 72 590 4
a 73 48 7
a 73 616 7
a 74 210 9
a 75 31 9
a 75 474 5
a 75 540 1
a 75 544 1
a 76 57 6
a 76 90 10
a 77 447 3
a 78 370 4
a 79 34 5
a 79 680 3
a 79 790 8
a 80 337 10
a 80 496 9
a 80 712 5
a 81 389 2
a 82 41 10
a 82 591 7
a 83 449 5
a 84 118 2
a 84 686 5
a 85 205 4
a 85 299 5
a 86 324 4
a 87 38 7
a 88 297 3
a 89 485 1
a 90 373 5
a 91 637 2
a 92 217 3
a 92 528 3
a 93 607 10
a 94 228 5
a 94 522 6
a 94 657 6
a 95 443 8
a 96 112 1
a 96 726 6
a 97 605 6
a 98 642 9
a 99 411 9
a 99 493 1
a 99 790 4
a 100 539 7
a 100 620 4
a 100 625 10
a 100 674 4
a 101 71 5
a 101 402 2
a 101 622 6
a 101 669 10
a 102 365 2
a 102 587 8
a 102 635 10
a 103 512 8
a 104 168 2
a 104 413 10
a 104 652 2
a 105 726 3
a 106 604 8
a 107 546 8
a 107 590 10
a 108 162 4
a 108 243 1
a 109 156 4
a 109 400 8
a 109 711 6
a 110 187 6
a 111 78 2
a 111 124 8
a 112 468 10
a 112 487 6
a 113 278 4
a 114 448 6
a 115 150 8
a 115 670 6
a 116 196 3
a 116 232 6
a 117 336 9
a 117 512 1
a 118 765 7
a 119 567 5
a 119 687 10
a 119 729 7
a 120 173 4
a 120 254 7
a 120 327 4
a 120 516 1
a 121 37 3
a 121 360 4
a 122 373 8
a 122 397 4
a 122 781 5
a 123 34 4
a 123 247 6
a 123 702 6
a 124 19 5
a 124 164 2
a 124 243 8
a 124 416 9
a 124 471 7
a 125 8 7
a 125 138 2
a 125 255 5
a 125 732 9
a 126 277 3
a 126 531 2
a 127 80 1
a 128 63 10
a 128 375 8
a 128 585 8
a 129 395 9
a 129 479 10
a 129 488 5
a 129 642 5
a 130 675 3
a 131 159 10
a 132 67 4
a 132 227 8
a 133 325 1
a 133 791 5
a 134 273 9
a 135 8 6
a 136 492 1
a 137 100 3
a 137 643 6
a 138 118 8
a 139 201 3
a 140 430 10
a 141 52 8
a 142 170 4
a 142 249 3
a 142 391 6
a 142 545 2
a 143 148 1
a 143 724 2
a 144 143 4
a 145 206 8
a 145 303 2
a 146 163 9
a 146 372 5
a 146 597 9
a 147 179 10
a 147 502 4
a 147 735 5
a 148 584 7
a 148 645 5
a 149 227 2
a 149 385 2
a 150 268 6
a 151 34 5
a 152 627 9
a 153 299 7
a 153 693 4
a 154 79 9
a 154 762 8
a 155 263 10
a 155 633 10
a 155 745 7
a 156 407 3
a 157 274 9
a 157 509 5
a 157 664 9
a 158 169 5
a 158 706 3
a 159 622 8
a 160 158 10
a 160 346 10
a 160 751 5
a 161 243 10
a 162 412 9
a 163 149 8
a 163 245 8
a 164 323 8
a 165 340 7
a 166 407 2
a 166 607 10
a 167 763 10
a 168 309 2
a 168 565 2
a 168 740 7
a 168 779 2
a 169 594 8
a 169 787 4
a 170 395 9
a 171 498 6
a 171 742 4
a 172 330 8
a 172 563 1
a 173 553 10
a 174 393 8
a 174 797 10
a 175 129 4
a 175 771 8
a 176 412 4
a 176 549 6
a 177 736 4
a 178 209 1
a 179 322 10
a 179 718 10
a 180 25 1
a 180 41 3
a 180 407 1
a 181 731 4
a 182 357 3
a 182 696 5
a 183 137 4
a 184 204 4
a 184 670 6
a 184 794 2
a 185 763 6
a 186 359 4
a 187 188 4
a 188 31 10
a 188 414 5
a 189 470 9
a 189 774 5
a 190 98 4
a 190 294 1
a 190 707 3
a 191 235 7
a 191 297 9
a 192 476 1
a 193 767 9
a 193 800 10
a 194 174 6
a 195 572 9
a 196 606 1
a 196 685 3
a 197 201 1
a 197 713 5
a 198 765 6
a 198 770 2
a 199 55 7
a 199 454 9
a 199 691 2
a 200 425 4
a 201 594 2
a 202 103 2
a 202 431 2
a 202 637 7
a 202 701 3
a 203 51 5
a 203 279 1
a 203 743 4
a 204 28 10
a 204 220 5
a 204 260 6
a 204 269 2
a 205 266 3
a 205 364 1
a 205 653 7
a 206 110 1
a 206 242 8
a 206 367 1
a 207 312 5
a 207 341 6
a 207 429 3
a 207 682 2
a 208 634 3
a 208 755 5
a 209 601 4
a 210 199 3
a 210 550 8
a 211 127 7
a 211 447 2
a 212 523 1
a 212 559 2
a 213 315 2
a 213 506 4
a 213 641 5
a 214 337 4
a 214 376 1
a 214 391 9
a 215 300 5
a 216 107 5
a 216 519 8
a 217 228 9
a 218 176 10
a 218 454 2
a 218 457 9
a 219 161 7
a 219 688 10
a 220 98 7
a 221 502 7
a 222 204 5
a 223 340 7
a 223 452 10
a 223 505 10
a 224 128 7
a 224 293 3
a 224 392 8
a 224 778 3
a 225 438 4
a 225 495 7
a 226 668 5
a 227 209 8
a 227 735 4
a 228 130 1
a 228 204 1
a 228 551 10
a 229 307 4
a 229 378 8
a 230 195 1
a 230 643 5
a 231 657 6
a 232 175 9
a 232 188 2
a 232 567 9
a 233 108 1
a 233 333 6
a 233 383 6
a 234 180 3
a 234 569 4
a 234 640 1
a 235 506 7
a 236 17 2
a 236 318 9
a 236 321 8
a 236 668 8
a 237 222 6
a 238 475 6
a 238 580 3
a 238 644 7
a 239 230 7
a 239 301 10
a 239 333 3
a 240 35 8
a 240 113 7
a 240 520 2
a 241 167 8
a 241 224 8
a 241 284 2
a 241 716 7
a 242 166 7
a 243 496 7
a 243 548 3
a 244 250 5
a 244 404 10
a 245 18 5
a 245 515 5
a 246 169 10
a 246 558 2
a 247 151 7
a 248 698 2
a 249 132 7
a 249 328 4
a 250 253 4
a 250 650 2
a 251 701 2
a 252 50 10
a 252 397 6
a 253 238 1
a 254 14 2
a 254 153 4
a 255 60 6
a 255 92 3
a 255 576 7
a 256 462 4
a 256 529 3
a 256 799 3
a 257 61 7
a 258 171 1
a 259 236 6
a 259 403 5
a 259 691 8
a 259 753 7
a 260 209 5
a 261 153 10
a 261 427 9
a 262 194 10
a 262 286 7
a 262 327 2
a 262 639 4
a 263 610 10
a 263 741 3
a 264 459 7
a 265 533 8
a 265 547 5
a 266 99 1
a 267 174 4
a 267 353 8
a 267 426 8
a 267 712 3
a 267 748 6
a 268 201 2
a 269 588 3
a 270 64 8
a 270 306 6
a 270 646 3
a 271 383 2
a 272 203 1
a 272 787 9
a 273 86 6
a 273 147 5
a 273 667 5
a 273 689 3
a 274 51 6
a 274 270 6
a 275 334 9
a 276 39 6
a 276 667 9
a 276 721 8
a 277 94 9
a 278 9 9
a 278 163 1
a 278 219 5
a 278 553 10
a 278 684 1
a 278 758 6
a 279 497 10
a 279 563 10
a 280 56 1
a 280 401 5
a 280 491 4
a 281 200 3
a 281 404 6
a 282 80 6
a 282 545 3
a 283 407 7
a 283 459 5
a 283 792 9
a 284 303 9
a 284 434 3
a 284 598 6
a 285 344 1
a 286 234 1
a 287 128 8
a 288 526 5
a 288 682 3
a 288 793 4
a 289 461 4
a 289 640 1
a 290 246 5
a 291 162 1
a 291 617 7
a 292 185 9
a 292 311 3
a 292 547 1
a 292 733 6
a 293 345 3
a 293 507 3
a 293 593 9
a 294 420 1
a 294 423 2
a 294 555 8
a 294 739 1
a 295 326 3
a 296 239 1
a 296 375 9
a 297 116 4
a 298 34 10
a 298 518 7
a 299 369 10
a 299 521 8
a 300 406 3
a 300 450 9
a 301 44 3
a 301 395 10
a 301 421 8
a 302 66 4
a 302 697 5
a 303 122 2
a 303 445 8
a 303 530 7
a 304 33 9
a 304 570 4
a 305 686 5
a 306 379 4
a 306 484 2
a 307 494 6
a 308 666 5
a 309 251 9
a 310 498 3
a 311 559 4
a 312 186 1
a 312 327 3
a 313 89 4
a 313 462 5
a 313 503 7
a 314 752 9
a 315 15 8
a 315 75 6
a 315 207 3
a 315 542 1
a 316 747 6
a 317 711 1
a 318 355 10
a 318 571 2
a 319 13 2
a 319 786 9
a 320 226 9
a 320 260 7
a 320 357 9
a 321 434 6
a 321 627 7
a 322 149 10
a 323 477 1
a 323 584 2
a 324 158 6
a 325 358 2
a 325 413 6
a 325 659 4
a 326 499 7
a 327 303 3
a 328 412 8
a 329 674 9
a 329 788 10
a 330 136 5
a 330 441 4
a 330 638 1
a 331 302 6
a 331 406 5
a 331 527 9
a 331 650 10
a 332 580 9
a 333 424 9
a 334 338 6
a 335 3 5
a 335 106 9
a 336 88 5
a 336 368 5
a 337 348 9
a 337 452 8
a 338 571 2
a 339 122 5
a 340 118 6
a 340 399 5
a 341 229 4
a 342 238 1
a 342 589 1
a 343 347 4
a 344 48 7
a 344 162 7
a 344 615 10
a 345 140 9
a 345 465 8
a 346 90 2
a 347 49 3
a 347 475 10
a 348 57 7
a 348 178 1
a 349 226 7
a 349 444 2
a 349 640 4
a 350 326 1
a 350 333 9
a 351 199 2
a 351 253 7
a 351 321 3
a 351 590 7
a 352 353 7
a 353 114 2
a 353 155 7
a 354 43 7
a 354 481 10
a 355 432 4
a 356 455 4
a 356 534 1
a 356 629 5
a 356 782 3
a 357 286 4
a 358 634 5
a 359 484 7
a 360 296 3
a 360 514 7
a 361 557 8
a 362 314 2
a 362 754 5
a 363 616 4
a 364 126 4
a 364 272 1
a 364 317 4
a 364 570 7
a 365 192 10
a 365 537 1
a 366 301 8
a 366 427 10
a 367 39 7
a 367 171 2
a 367 660 7
a 368 381 8
a 368 546 7
a 368 785 3
a 369 745 7
a 370 749 3
a 371 213 6
a 371 678 6
a 371 793 9
a 372 80 3
a 372 347 2
a 372 573 2
a 373 127 8
a 374 202 1
a 374 283 7
a 374 618 7
a 375 332 7
a 376 31 2
a 376 538 9
a 377 13 3
a 378 112 10
a 378 466 6
a 378 681 9
a 379 214 2
a 379 586 1
a 379 690 4
a 379 693 9
a 380 588 7
a 380 694 9
a 381 379 1
a 381 618 7
a 382 774 5
a 383 771 9
a 384 267 7
a 385 405 9
a 385 559 2
a 386 411 10
a 386 763 1
a 387 571 2
a 388 708 7
a 388 759 2
a 388 772 2
a 389 551 8
a 389 631 6
a 390 200 1
a 390 313 2
a 391 448 8
a 392 235 9
a 392 757 1
a 393 30 3
a 394 603 9
a 395 421 8
a 396 36 10
a 396 704 9
a 397 69 4
a 397 635 2
a 398 396 6
a 398 699 7
a 399 479 7
a 400 224 4
a 401 137 9
a 401 320 1
a 402 162 7
a 402 437 7
a 402 787 3
a 403 93 1
a 404 353 10
a 404 523 8
a 405 205 1
a 405 789 1
a 406 212 1
a 406 611 5
a 407 21 4
a 407 87 7
a 407 208 10
a 407 629 9
a 408 203 1
a 408 349 6
a 409 599 10
a 409 741 10
a 410 310 3
a 410 346 8
a 410 614 3
a 411 39 5
a 412 134 10
a 413 242 7
a 413 754 1
a 414 123 6
a 414 237 6
a 415 488 4
a 416 355 10
a 416 428 1
a 417 339 9
a 418 101 5
a 418 513 5
a 419 362 9
a 419 586 8
a 419 704 1
a 420 730 9
a 420 743 10
a 421 628 9
a 422 473 6
a 423 374 9
a 424 90 10
a 425 386 10
a 425 699 5
a 426 245 8
a 426 660 7
a 427 53 1
a 427 162 6
a 428 249 10
a 428 800 10
a 429 732 1
a 430 747 5
a 431 752 9
a 432 242 9
a 432 776 10
a 433 380 3
a 433 666 9
a 433 731 8
a 433 764 1
a 434 377 10
a 434 488 9
a 435 57 8
a 435 151 8
a 435 211 2
a 435 361 10
a 436 190 1
a 436 262 1
a 437 601 4
a 437 796 5
a 438 703 6
a 438 765 3
a 439 374 7
a 439 718 7
a 440 6 4
a 440 387 10
a 440 402 5
a 440 599 8
a 441 405 2
a 442 114 3
a 442 573 2
a 442 738 5
a 443 46 6
a 443 142 1
a 443 300 4
a 443 540 10
a 443 688 9
a 444 708 6
a 445 585 6
a 445 717 5
a 446 574 8
a 446 679 8
a 447 344 1
a 447 749 9
a 448 400 10
a 448 404 10
a 448 529 6
a 448 723 10
a 448 747 6
a 448 765 1
a 449 571 1
a 450 209 3
a 451 175 8
a 451 472 5
a 451 495 8
a 452 81 2
a 453 363 8
a 453 543 2
a 453 631 7
a 454 572 6
a 455 85 1
a 456 214 6
a 456 340 3
a 457 359 5
a 457 385 10
a 458 56 4
a 458 603 2
a 459 94 4
a 459 104 4
a 460 493 4
a 461 108 2
a 461 581 4
a 462 367 3
a 463 488 3
a 464 454 5
a 465 20 7
a 466 149 7
a 467 47 5
a 467 195 3
a 467 745 5
a 468 231 5
a 469 494 1
a 470 612 2
a 470 786 8
a 471 115 4
a 472 383 8
a 473 240 3
a 474 241 5
a 475 202 8
a 475 262 8
a 475 680 9
a 475 783 7
a 476 316 2
a 476 331 4
a 477 345 10
a 477 663 5
a 478 412 10
a 479 257 9
a 479 456 2
a 479 535 4
a 480 127 6
a 480 403 6
a 481 62 10
a 481 92 3
a 481 100 6
a 481 193 1
a 481 443 5
a 482 234 2
a 482 448 5
a 483 298 7
a 483 490 2
a 483 539 6
a 483 605 3
a 483 664 7
a 484 218 3
a 484 367 3
a 484 435 8
a 484 502 2
a 485 351 1
a 485 489 9
a 485 566 4
a 486 416 1
a 487 449 5
a 488 168 5
a 489 667 8
a 490 729 5
a 490 795 8
a 491 251 9
a 491 366 5
a 491 766 2
a 492 187 3
a 492 306 7
a 492 368 3
a 493 93 7
a 493 202 8
a 494 141 4
a 494 187 10
a 494 244 4
a 495 560 4
a 496 73 8
a 497 399 2
a 497 448 3
a 498 54 10
a 498 197 5
a 498 455 6
a 499 596 1
a 500 710 7
a 501 746 1
a 502 246 8
a 502 583 10
a 502 630 2
a 503 224 4
a 504 662 10
a 505 560 1
a 506 60 6
a 506 152 7
a 506 258 6
a 507 7 7
a 507 784 1
a 508 461 10
a 509 799 4
a 510 112 4
a 510 131 6
a 510 153 1
a 510 419 10
a 511 369 7
a 511 391 10
a 512 455 4
a 512 516 6
a 513 205 8
a 513 236 9
a 513 402 8
a 514 116 6
a 514 407 4
a 514 719 5
a 515 175 1
a 515 297 3
a 516 543 8
a 517 257 9
a 517 684 3
a 518 380 10
a 519 324 4
a 519 390 8
a 520 758 10
a 521 528 3
a 521 556 1
a 521 606 3
a 521 777 2
a 522 67 1
a 522 509 7
a 522 600 5
a 523 248 6
a 524 49 1
a 524 598 5
a 525 233 4
a 525 527 1
a 525 661 3
a 526 732 5
a 527 2 3
a 527 83 3
a 527 679 9
a 528 120 10
a 528 334 9
a 529 373 5
a 530 308 6
a 530 524 5
a 531 671 5
a 532 501 5
a 533 332 3
a 533 561 4
a 534 580 8
a 535 500 7
a 535 773 8
a 536 216 8
a 536 464 7
a 536 470 4
a 537 310 3
a 538 50 4
a 538 82 9
a 538 278 4
a 538 722 2
a 539 244 10
a 539 425 6
a 540 15 8
a 540 336 8
a 540 775 8
a 541 38 1
a 541 109 5
a 542 264 10
a 542 537 3
a 543 307 3
a 544 350 4
a 544 760 10
a 545 102 5
a 545 500 4
a 546 369 1
a 547 170 9
a 547 537 5
a 548 56 5
a 549 183 9
a 549 445 3
a 550 156 1
a 551 84 6
a 551 125 8
a 551 630 1
a 551 636 2
a 552 494 4
a 552 671 1
a 553 16 7
a 553 393 6
a 553 405 3
a 553 511 8
a 553 582 2
a 554 22 6
a 555 583 9
a 555 637 9
a 556 554 6
a 557 309 10
a 558 111 4
a 558 329 10
a 558 354 8
a 559 172 1
a 559 203 2
a 559 609 10
a 559 664 4
a 560 17 2
a 560 473 8
a 561 231 2
a 561 263 8
a 562 32 1
a 562 145 3
a 562 146 4
a 562 331 6
a 562 465 2
a 563 153 6
a 564 5 10
a 564 256 1
a 565 20 6
a 565 173 6
a 565 213 1
a 566 54 5
a 566 151 7
a 566 602 1
a 567 485 9
a 567 615 10
a 567 700 1
a 568 767 1
a 569 167 7
a 570 626 2
a 571 27 4
a 571 193 4
a 571 410 7
a 571 568 9
a 572 164 3
a 573 343 6
a 573 608 5
a 573 631 10
a 574 494 8
a 574 572 5
a 575 17 3
a 575 433 6
a 576 43 9
a 576 516 3
a 576 619 6
a 577 171 1
a 578 565 1
a 579 248 7
a 579 369 7
a 579 654 5
a 580 182 6
a 580 655 10
a 581 77 4
a 581 190 2
a 582 267 6
a 582 280 3
a 583 73 7
a 583 513 7
a 584 72 3
a 584 332 7
a 584 574 10
a 584 590 5
a 585 81 10
a 585 762 5
a 586 468 2
a 586 520 5
a 587 228 1
a 587 430 2
a 587 447 9
a 587 541 1
a 588 727 10
a 588 734 8
a 589 418 3
a 590 287 3
a 591 117 6
a 591 371 3
a 591 424 9
a 591 770 3
a 592 725 10
a 592 757 4
a 593 106 5
a 593 191 9
a 593 537 6
a 593 662 5
a 593 756 6
a 594 687 8
a 595 225 9
a 596 437 6
a 596 451 5
a 597 677 9
a 597 750 1
a 598 5 1
a 598 115 3
a 598 727 2
a 598 756 2
a 599 30 10
a 600 157 2
a 600 467 2
a 600 554 10
a 601 177 3
a 601 655 4
a 601 705 7
a 602 648 6
a 603 134 3
a 603 555 5
a 604 107 5
a 604 528 4
a 604 761 10
a 605 111 8
a 605 158 7
a 606 433 2
a 607 10 6
a 607 76 4
a 607 270 6
a 608 52 6
a 608 458 10
a 608 478 6
a 608 773 10
a 609 158 5
a 610 212 6
a 610 453 3
a 611 12 2
a 611 656 1
a 612 46 9
a 612 442 5
a 613 57 4
a 613 683 10
a 614 563 10
a 615 119 2
a 615 616 10
a 615 710 9
a 616 422 2
a 616 744 8
a 617 154 1
a 617 289 6
a 618 597 5
a 619 259 3
a 620 375 9
a 620 389 1
a 621 419 6
a 621 695 8
a 622 218 7
a 622 415 4
a 623 306 2
a 623 552 6
a 624 102 2
a 624 210 9
a 624 396 6
a 625 261 3
a 625 733 10
a 626 501 8
a 626 645 8
a 627 514 5
a 628 167 1
a 628 560 2
a 629 465 1
a 629 604 7
a 630 148 3
a 630 499 2
a 631 595 8
a 631 742 6
a 631 766 4
a 632 290 6
a 632 295 9
a 632 375 3
a 633 13 1
a 633 68 8
a 633 221 4
a 633 382 6
a 633 651 3
a 634 118 6
a 634 304 10
a 634 671 9
a 635 177 6
a 635 354 8
a 636 694 5
a 636 700 2
a 637 638 7
a 638 193 5
a 638 338 2
a 638 536 5
a 639 288 8
a 639 483 7
a 639 487 7
a 639 613 10
a 640 408 9
a 640 618 8
a 641 50 9
a 641 222 10
a 641 504 9
a 641 626 6
a 642 44 9
a 642 141 10
a 643 99 9
a 643 160 8
a 643 181 8
a 643 227 8
a 644 65 4
a 644 282 8
a 644 369 8
a 644 384 2
a 645 104 1
a 645 436 1
a 645 646 7
a 646 546 7
a 647 498 4
a 648 736 2
a 648 743 8
a 649 177 7
a 650 275 4
a 651 27 7
a 651 303 2
a 651 464 4
a 652 536 4
a 653 57 5
a 653 73 3
a 654 265 2
a 654 749 10
a 655 133 8
a 655 238 3
a 655 581 1
a 655 791 1
a 656 394 1
a 657 12 1
a 657 149 8
a 658 78 2
a 658 624 3
a 659 129 5
a 659 252 6
a 659 378 7
a 660 459 3
a 661 418 2
a 661 484 4
a 662 611 6
a 663 486 6
a 663 701 3
a 664 70 7
a 664 436 5
a 665 608 1
a 666 167 10
a 667 79 9
a 667 143 4
a 667 286 2
a 667 380 7
a 668 689 4
a 668 709 10
a 669 117 7
a 669 777 2
a 670 448 3
a 670 606 9
a 671 130 6
a 671 542 9
a 671 687 5
a 672 154 8
a 672 499 1
a 673 129 7
a 673 549 8
a 674 30 3
a 674 259 4
a 674 356 9
a 675 174 8
a 676 675 7
a 677 74 2
a 677 128 2
a 678 121 6
a 678 276 9
a 678 573 7
a 678 800 4
a 679 743 2
a 680 387 9
a 680 637 10
a 681 305 9
a 681 562 5
a 681 732 5
a 682 164 1
a 682 223 3
a 682 291 4
a 682 604 3
a 683 271 10
a 683 459 6
a 684 559 10
a 685 446 4
a 685 507 10
a 685 697 8
a 686 295 5
a 686 428 6
a 686 800 7
a 687 627 8
a 688 215 6
a 688 290 2
a 688 525 2
a 689 320 2
a 689 590 8
a 689 766 1
a 690 328 3
a 691 252 2
a 691 632 7
a 691 642 7
a 692 217 10
a 693 195 6
a 693 277 7
a 693 408 5
a 694 680 3
a 695 382 2
a 696 355 1
a 697 172 10
a 697 185 7
a 698 728 5
a 699 236 6
a 699 323 3
a 699 449 4
a 699 492 9
a 700 268 2
a 700 364 7
a 701 612 5
a 701 728 7
a 701 743 5
a 702 17 5
a 703 42 4
a 703 622 3
a 704 717 4
a 704 720 9
a 705 610 7
a 705 648 5
a 706 749 2
a 707 95 7
a 707 554 3
a 707 688 8
a 707 747 1
a 708 19 3
a 708 675 7
a 709 145 3
a 710 671 1
a 711 29 7
a 711 45 4
a 711 562 5
a 712 414 7
a 713 124 7
a 713 228 10
a 713 324 10
a 714 324 9
a 715 50 1
a 715 672 10
a 716 352 5
a 716 422 1
a 716 463 5
a 716 651 2
a 717 228 9
a 718 258 4
a 719 508 8
a 719 628 1
a 720 167 1
a 720 727 9
a 720 796 9
a 721 432 6
a 721 476 5
a 721 507 6
a 722 379 9
a 723 203 3
a 724 282 10
a 725 730 7
a 726 184 1
a 727 565 5
a 728 725 5
a 729 748 4
a 730 166 9
a 730 189 5
a 730 280 6
a 730 602 5
a 730 672 5
a 731 658 1
a 732 403 9
a 732 739 10
a 733 4 1
a 733 123 5
a 733 637 8
a 734 727 9
a 735 98 2
a 735 319 5
a 735 634 6
a 735 730 7
a 735 784 9
a 736 255 6
a 736 502 5
a 737 11 9
a 738 332 2
a 738 370 1
a 738 517 9
a 739 61 2
a 739 794 7
a 740 24 1
a 740 225 1
a 740 346 1
a 740 715 10
a 741 105 7
a 741 281 3
a 741 484 5
a 741 740 2
a 741 746 10
a 742 439 2
a 742 752 2
a 743 580 8
a 744 392 9
a 745 285 5
a 745 716 9
a 745 752 6
a 746 196 4
a 746 334 3
a 746 768 2
a 747 144 2
a 747 460 4
a 748 59 4
a 748 157 6
a 748 177 4
a 748 394 7
a 749 6 7
a 749 725 4
a 750 60 6
a 750 445 3
a 750 586 7
a 750 647 10
a 751 276 5
a 752 57 3
a 753 20 9
a 754 52 9
a 755 23 4
a 755 275 2
a 755 673 3
a 755 797 8
a 756 296 2
a 756 378 3
a 756 460 4
a 757 638 6
a 757 724 2
a 758 175 4
a 758 515 10
a 759 87 4
a 760 68 1
a 760 532 4
a 761 204 1
a 762 798 1
a 763 206 4
a 764 44 10
a 764 96 7
a 764 662 7
a 765 502 9
a 766 152 4
a 767 120 5
a 767 462 10
a 767 524 4
a 768 344 8
a 768 553 2
a 769 283 7
a 770 136 9
a 770 558 1
a 771 541 7
a 772 499 4
a 772 704 2
a 772 798 8
a 773 210 7
a 773 310 2
a 774 316 5
a 774 365 10
a 775 137 8
a 776 66 4
a 776 385 7
a 777 466 1
a 778 206 4
a 778 510 9
a 779 224 4
a 779 372 1
a 780 787 7
a 781 3 5
a 781 501 8
a 782 166 3
a 782 208 2
a 783 135 1
a 783 420 2
a 783 577 1
a 784 569 10
a 785 74 8
a 785 360 8
a 785 388 1
a 786 11 5
a 786 39 5
a 787 116 2
a 787 240 5
a 788 306 7
a 788 413 2
a 789 124 9
a 790 91 6
a 790 535 2
a 791 26 9
a 791 748 5
a 792 365 9
a 793 279 5
a 793 592 2
a 794 212 9
a 794 557 4
a 794 598 6
a 795 533 4
a 795 596 1
a 796 544 4
a 797 273 6
a 797 573 5
a 798 292 7
a 798 715 3
a 799 277 8
