p max 800 1600
n 1 s
n 800 t
a 1 28 10
a 1 336 6
a 2 199 4
a 2 277 7
a 2 748 10
a 3 145 8
a 4 227 8
a 4 502 5
a 4 596 7
a 5 741 6
a 6 415 4
a 6 614 3
a 7 549 5
a 8 256 1
a 8 333 3
a 8 576 3
a 8 604 4
a 8 693 1
a 9 471 3
a 9 731 6
a 9 738 7
a 10 108 6
a 10 221 3
a 11 444 10
a 12 219 2
a 13 599 6
a 13 780 2
a 14 793 8
a 15 39 10
a 15 208 7
a 15 642 3
a 15 701 9
a 16 182 6
a 16 325 1
a 16 419 9
a 16 464 4
a 17 235 8
a 18 282 5
a 19 364 9
a 19 745 2
a 20 623 1
a 20 756 2
a 20 777 4
a 21 303 4
a 21 703 9
a 21 730 2
a 22 151 7
a 22 361 1
a 22 643 4
a 23 545 2
a 24 366 7
a 25 599 4
a 26 594 7
a 26 730 5
a 27 724 1
a 28 220 3
a 28 560 5
a 28 623 9
a 29 224 2
a 29 705 10
a 30 544 1
a 31 49 10
a 31 501 2
a 31 614 9
a 32 351 1
a 33 273 3
a 33 468 2
a 33 513 10
a 34 439 6
a 34 503 6
a 34 798 10
a 35 59 9
a 35 86 4
a 35 282 8
a 36 306 5
a 37 407 3
a 38 68 10
a 38 113 6
a 38 328 8
a 38 795 7
a 39 406 3
a 40 158 7
a 40 327 2
a 40 375 9
a 40 740 2
a 41 565 4
a 42 11 4
a 42 27 1
a 42 40 7
a 43 794 8
a 44 54 1
a 44 512 2
a 45 30 9
a 45 295 5
a 46 120 8
a 46 626 1
a 47 379 8
a 48 240 1
a 48 467 1
a 49 320 5
a 50 248 4
a 50 533 5
a 51 139 6
a 52 448 5
a 52 547 7
a 53 7 5
a 54 756 7
a 55 553 10
a 55 625 10
a 56 485 6
a 56 766 1
a 57 22 6
a 57 583 9
a 57 651 5
a 58 251 5
a 58 411 9
a 58 760 3
a 59 626 8
a 60 25 6
a 60 591 7
a 61 66 4
a 61 114 10
a 61 470 9
a 62 87 10
a 62 621 3
a 62 732 3
a 63 19 5
a 63 145 7
a 64 772 8
a 65 262 4
a 65 730 4
a 66 255 1
a 66 442 1
a 67 97 2
a 67 483 1
a 68 509 2
a 68 543 5
a 69 160 2
a 69 205 10
a 69 209 3
a 69 613 7
a 70 36 6
a 70 89 8
a 70 521 6
a 70 699 5
a 71 664 10
a 72 405 1
a 73 745 2
a 74 7 7
a 74 296 6
a 75 360 9
a 76 214 7
a 77 211 5
a 77 320 1
a 77 739 10
a 77 793 4
a 78 72 8
a 78 357 7
a 78 697 4
a 79 474 4
a 80 193 4
a 81 410 2
a 81 711 9
a 82 626 4
a 83 532 9
a 84 328 8
a 85 82 5
a 85 176 6
a 85 191 2
a 86 271 8
a 86 541 2
a 87 104 6
a 88 590 7
a 89 239 9
a 89 270 9
a 89 361 7
a 90 216 3
a 90 231 1
a 91 513 4
a 92 240 1
a 92 448 7
a 93 52 3
a 93 77 7
a 93 147 7
a 93 362 9
a 93 555 7
a 94 544 6
a 95 115 3
a 95 428 10
a 96 352 3
a 96 487 5
a 96 489 8
a 97 312 3
a 98 5 7
a 98 236 6
a 99 132 2
a 100 312 1
a 100 561 3
a 101 583 3
a 102 25 6
a 102 34 5
a 102 291 4
a 102 476 6
a 102 630 1
a 103 147 2
a 104 132 4
a 104 393 9
a 105 7 9
a 105 191 5
a 105 291 3
a 106 59 8
a 107 45 2
a 107 330 8
a 108 173 2
a 108 472 10
a 108 578 2
a 109 48 4
a 109 605 10
a 109 720 8
a 110 190 10
a 110 317 2
a 111 162 10
a 111 386 7
a 111 405 3
a 111 629 10
a 112 460 10
a 113 405 3
a 113 639 1
a 114 373 6
a 114 612 9
a 114 624 3
a 115 408 2
a 115 745 7
a 116 384 2
a 116 619 7
a 116 676 5
a 117 344 1
a 117 379 3
a 117 402 7
a 118 125 7
a 118 238 9
a 118 254 4
a 118 680 8
a 119 2 10
a 119 410 2
a 120 699 10
a 121 168 8
a 121 708 6
a 122 115 10
a 123 156 9
a 124 297 2
a 125 144 10
a 125 274 8
a 125 455 9
a 125 677 5
a 126 389 10
a 126 587 5
a 126 702 4
a 126 729 5
a 127 490 4
a 127 551 4
a 127 752 5
a 127 797 8
a 128 309 4
a 128 500 9
a 128 681 9
a 129 207 3
a 129 350 8
a 129 574 4
a 130 666 10
a 130 697 7
a 131 280 7
a 132 303 3
a 132 566 5
a 133 602 10
a 134 152 3
a 134 192 3
a 134 208 9
a 135 523 6
a 135 705 4
a 136 119 10
a 136 139 8
a 136 799 7
a 137 285 9
a 137 684 3
a 138 607 5
a 139 284 1
a 139 611 7
a 140 624 7
a 141 584 10
a 141 705 6
a 142 218 7
a 143 299 1
a 143 444 5
a 144 147 1
a 145 309 5
a 145 791 5
a 146 507 7
a 147 106 10
a 148 507 6
a 149 334 9
a 150 131 3
a 150 785 10
a 151 329 9
a 151 496 6
a 152 250 2
a 153 568 8
a 153 733 9
a 154 90 2
a 154 408 6
a 154 466 7
a 154 565 7
a 154 615 1
a 155 533 5
a 156 24 8
a 156 50 1
a 157 457 2
a 157 490 3
a 158 41 8
a 158 243 1
a 159 237 6
a 159 305 8
a 160 709 8
a 161 178 4
a 161 615 3
a 162 348 4
a 163 169 6
a 163 593 6
a 164 98 3
a 164 645 10
a 165 301 2
a 165 498 3
a 165 672 8
a 166 794 9
a 167 18 6
a 167 401 6
a 168 8 4
a 168 231 5
a 169 210 1
a 170 60 9
a 170 636 3
a 170 755 6
a 171 369 5
a 171 370 3
a 172 234 4
a 172 309 10
a 172 552 5
a 173 347 6
a 173 685 1
a 174 783 1
a 174 800 10
a 175 332 7
a 175 715 9
a 175 782 7
a 176 143 7
a 177 800 5
a 178 382 5
a 179 96 10
a 179 465 2
a 180 365 2
a 181 196 7
a 181 793 7
a 182 53 5
a 183 362 2
a 183 510 7
a 183 790 5
a 184 445 1
a 184 573 9
a 184 700 8
a 185 158 8
a 186 14 5
a 186 172 8
a 186 413 4
a 186 502 3
a 187 626 4
a 188 150 7
a 188 200 3
a 189 660 5
a 190 766 2
a 191 431 9
a 192 17 8
a 192 778 10
a 193 21 3
a 193 122 3
a 194 704 1
a 195 49 6
a 196 169 4
a 196 521 10
a 197 244 1
a 197 293 1
a 197 409 7
a 197 497 8
a 197 499 10
a 197 660 4
a 198 78 1
a 198 469 8
a 199 283 8
a 199 347 10
a 199 530 1
a 199 541 1
a 200 13 9
a 200 393 3
a 200 451 5
a 201 20 10
a 201 258 3
a 202 585 2
a 203 275 9
a 204 318 2
a 204 719 10
a 204 729 7
a 205 165 3
a 205 391 2
a 205 789 7
a 206 471 7
a 207 29 9
a 207 774 3
a 208 509 2
a 209 522 3
a 210 146 4
a 210 353 2
a 211 109 8
a 211 243 6
a 212 14 6
a 213 410 2
a 214 245 10
a 214 548 1
a 215 581 5
a 216 469 1
a 216 671 10
a 217 2 8
a 217 291 2
a 218 113 7
a 219 120 9
a 219 326 4
a 220 171 4
a 220 339 2
a 220 754 10
a 221 313 2
a 222 675 9
a 222 752 2
a 223 9 6
a 223 75 1
a 223 536 1
a 224 299 4
a 225 110 5
a 226 112 2
a 227 386 4
a 227 698 2
a 228 413 1
a 228 759 6
a 229 727 2
a 230 529 2
a 231 153 9
a 231 494 2
a 231 528 9
a 232 771 8
a 233 295 7
a 233 345 10
a 234 502 3
a 234 758 9
a 235 123 1
a 235 589 1
a 236 100 9
a 236 772 9
a 237 478 10
a 237 703 3
a 238 611 2
a 239 440 3
a 239 532 2
a 240 472 10
a 241 643 4
a 242 5 4
a 242 480 4
a 242 701 3
a 243 143 9
a 243 257 8
a 243 404 5
a 244 337 7
a 245 556 8
a 245 608 7
a 245 780 9
a 246 565 1
a 247 39 3
a 247 152 3
a 248 769 5
a 248 772 2
a 249 184 1
a 249 229 9
a 249 341 5
a 250 390 4
a 250 667 5
a 251 414 7
a 251 766 2
a 252 142 2
a 252 170 2
a 252 736 5
a 253 408 4
a 254 205 2
a 254 460 5
a 255 123 7
a 255 311 9
a 255 461 9
a 256 683 8
a 257 137 2
a 257 279 1
a 257 434 8
a 258 292 9
a 259 20 8
a 259 76 3
a 260 342 7
a 261 213 10
a 262 402 6
a 262 474 4
a 263 254 10
a 263 400 2
a 264 26 7
a 264 46 3
a 264 102 4
a 264 493 7
a 265 263 3
a 265 610 9
a 265 658 5
a 266 708 6
a 267 541 3
a 267 674 4
a 268 240 2
a 268 778 7
a 269 145 8
a 269 484 2
a 270 261 2
a 270 421 5
a 270 596 10
a 271 298 5
a 271 361 3
a 271 518 5
a 271 537 9
a 272 72 10
a 272 130 8
a 273 618 10
a 274 381 5
a 274 692 6
a 274 744 1
a 275 714 2
a 276 374 6
a 276 607 3
a 277 369 8
a 277 539 9
a 278 49 10
a 278 300 3
a 278 614 1
a 279 101 9
a 279 490 7
a 279 585 9
a 279 628 6
a 280 40 6
a 280 557 8
a 280 638 6
a 281 423 10
a 281 577 7
a 282 693 4
a 283 509 1
a 283 534 5
a 283 762 3
a 283 774 1
a 284 58 3
a 284 454 1
a 284 455 5
a 285 42 1
a 285 608 7
a 286 525 3
a 287 403 1
a 287 713 5
a 287 773 5
a 288 171 1
a 289 314 1
a 289 701 6
a 290 505 5
a 290 512 1
a 290 597 4
a 290 607 4
a 291 322 2
a 291 379 2
a 292 174 3
a 292 349 7
a 292 585 3
a 293 182 9
a 293 235 3
a 293 646 4
a 294 353 8
a 294 715 9
a 295 165 10
a 296 66 6
a 296 366 9
a 296 397 8
a 297 375 5
a 297 568 10
a 297 773 2
a 298 212 9
a 298 775 2
a 299 103 1
a 299 291 8
a 300 250 9
a 300 777 5
a 301 44 7
a 301 712 2
a 302 559 3
a 302 767 3
a 303 378 3
a 304 443 3
a 304 652 8
a 305 490 1
a 305 578 9
a 306 96 1
a 307 712 5
a 308 73 6
a 309 723 7
a 310 398 6
a 311 316 3
a 311 445 7
a 312 59 8
a 312 380 5
a 312 453 5
a 313 272 6
a 313 475 2
a 314 223 7
a 314 238 8
a 315 143 4
a 316 69 1
a 316 252 4
a 316 541 1
a 317 120 8
a 317 488 3
a 318 375 3
a 318 379 3
a 318 395 1
a 319 369 6
a 319 538 7
a 320 396 1
a 320 585 7
a 321 430 3
a 321 486 6
a 321 652 7
a 321 753 3
a 322 194 2
a 323 688 1
a 324 516 6
a 325 77 8
a 326 732 7
a 327 233 4
a 327 562 1
a 328 74 7
a 329 102 10
a 329 290 5
a 330 145 10
a 330 503 4
a 330 709 4
a 331 168 1
a 331 447 5
a 331 728 8
a 332 45 3
a 332 427 2
a 333 279 1
a 334 339 7
a 335 778 9
a 336 84 4
a 336 212 8
a 337 747 9
a 338 165 8
a 338 619 8
a 339 266 3
a 339 387 5
a 339 656 1
a 339 782 9
a 340 577 10
a 340 738 6
a 340 757 9
a 341 186 5
a 341 384 8
a 342 3 9
a 342 552 5
a 342 675 5
a 343 251 5
a 343 386 10
a 344 640 3
a 345 148 8
a 346 120 6
a 346 553 6
a 347 246 7
a 347 707 4
a 348 294 3
a 348 555 1
a 349 487 1
a 350 669 9
a 350 721 5
a 351 501 1
a 351 792 6
a 352 443 3
a 352 618 10
a 352 688 9
a 353 479 6
a 354 613 4
a 354 616 5
a 355 53 8
a 355 359 7
a 355 489 4
a 355 550 6
a 356 117 4
a 356 555 3
a 357 189 1
a 357 443 3
a 357 450 3
a 357 797 1
a 358 696 2
a 359 66 6
a 360 215 2
a 360 249 6
a 360 265 9
a 360 589 4
a 361 185 2
a 361 306 9
a 361 673 8
a 362 304 9
a 362 347 2
a 363 8 2
a 363 534 6
a 364 409 6
a 364 532 7
a 365 162 8
a 366 100 10
a 366 432 8
a 366 659 3
a 367 45 1
a 368 38 2
a 368 735 5
a 369 176 5
a 370 704 10
a 371 170 5
a 372 493 9
a 373 85 10
a 374 281 7
a 374 438 8
a 374 496 5
a 375 411 6
a 376 771 1
a 377 234 5
a 377 278 3
a 377 498 10
a 377 670 3
a 378 481 5
a 379 23 7
a 379 477 4
a 380 492 1
a 380 732 8
a 381 11 3
a 381 737 8
a 382 157 9
a 382 481 10
a 382 583 9
a 383 189 8
a 383 355 2
a 384 148 10
a 385 134 5
a 385 161 7
a 385 689 1
a 386 358 5
a 386 424 3
a 386 736 7
a 387 519 4
a 387 549 1
a 387 560 8
a 388 130 9
a 388 185 10
a 389 467 7
a 389 788 2
a 390 58 8
a 391 13 8
a 391 416 6
a 392 32 7
a 392 67 2
a 392 280 2
a 393 613 1
a 394 398 2
a 394 529 6
a 395 393 5
a 396 181 9
a 396 685 9
a 397 84 4
a 397 637 9
a 398 539 1
a 398 757 10
a 399 169 8
a 400 392 2
a 400 472 4
a 401 190 5
a 401 584 7
a 402 347 9
a 402 507 1
a 403 510 3
a 404 266 6
a 405 243 8
a 406 677 10
a 407 247 9
a 407 632 3
a 407 647 8
a 408 19 4
a 409 142 6
a 410 94 2
a 411 66 6
a 411 292 7
a 412 333 7
a 412 587 1
a 413 452 1
a 414 701 9
a 415 57 1
a 415 563 1
a 415 665 2
a 416 493 9
a 417 17 8
a 417 764 9
a 418 22 4
a 419 64 10
a 419 339 8
a 420 9 5
a 420 654 9
a 420 761 6
a 420 796 5
a 421 611 2
a 422 231 8
a 422 611 9
a 422 637 9
a 422 751 6
a 423 517 9
a 424 428 10
a 424 683 7
a 425 149 9
a 425 269 5
a 425 372 2
a 425 658 7
a 426 107 4
a 426 657 7
a 427 277 9
a 427 435 6
a 427 494 5
a 427 631 5
a 428 227 2
a 428 725 8
a 429 63 9
a 429 182 10
a 430 51 8
a 430 140 5
a 430 167 9
a 430 257 9
a 430 426 6
a 430 544 1
a 431 135 9
a 431 334 5
a 431 666 8
a 432 548 2
a 433 129 10
a 434 184 1
a 434 436 5
a 434 775 6
a 435 667 7
a 436 180 3
a 436 228 9
a 437 432 7
a 437 735 5
a 438 304 10
a 438 418 7
a 439 245 7
a 439 310 3
a 440 25 7
a 440 194 5
a 441 388 4
a 441 436 10
a 442 30 2
a 442 175 2
a 443 277 10
a 444 16 5
a 444 188 6
a 445 342 9
a 446 119 2
a 446 351 6
a 447 88 4
a 447 332 5
a 447 724 9
a 448 48 3
a 449 370 2
a 449 581 2
a 449 663 10
a 450 446 7
a 451 459 4
a 451 720 10
a 452 85 2
a 453 37 1
a 453 219 6
a 453 338 6
a 453 612 1
a 454 100 10
a 455 56 4
a 456 222 2
a 456 665 6
a 457 744 9
a 458 13 5
a 458 800 3
a 459 154 8
a 459 321 6
a 459 353 5
a 460 302 9
a 460 425 10
a 460 635 3
a 461 610 4
a 462 140 10
a 462 690 9
a 463 55 9
a 463 94 10
a 463 134 2
a 463 401 2
a 464 526 2
a 464 654 1
a 465 468 1
a 466 31 4
a 466 380 2
a 466 694 9
a 466 770 4
a 467 116 4
a 467 407 1
a 467 750 8
a 468 511 3
a 468 638 7
a 469 535 2
a 469 668 9
a 469 746 8
a 470 571 7
a 470 613 8
a 471 30 6
a 471 665 3
a 472 403 1
a 473 49 7
a 473 441 1
a 473 516 3
a 474 154 6
a 474 742 10
a 475 350 6
a 476 679 10
a 477 286 4
a 478 488 9
a 478 711 6
a 479 247 10
a 479 276 4
a 479 606 9
a 479 610 2
a 480 202 8
a 480 307 1
a 480 540 4
a 481 492 8
a 481 618 1
a 482 225 8
a 482 313 10
a 482 517 3
a 483 679 4
a 483 700 7
a 484 35 9
a 484 308 6
a 484 319 7
a 485 32 5
a 485 567 4
a 486 515 6
a 487 253 4
a 487 588 1
a 488 73 4
a 488 302 6
a 489 99 10
a 489 716 1
a 490 180 4
a 490 706 9
a 491 560 5
a 491 731 3
a 492 522 1
a 493 196 6
a 493 354 5
a 494 641 8
a 495 378 9
a 495 394 3
a 496 678 7
a 497 151 5
a 497 198 5
a 498 15 3
a 498 787 8
a 499 696 6
a 500 165 4
a 500 367 1
a 501 190 7
a 502 433 1
a 503 548 8
a 503 751 3
a 504 96 4
a 504 184 4
a 505 203 9
a 505 723 2
a 505 781 4
a 506 315 3
a 506 365 6
a 506 488 7
a 507 226 8
a 507 743 10
a 508 163 5
a 508 324 6
a 508 525 8
a 508 691 5
a 509 310 4
a 510 588 4
a 510 593 10
a 511 255 7
a 511 700 6
a 512 48 8
a 513 201 3
a 513 448 10
a 514 45 3
a 514 314 3
a 515 45 6
a 515 704 2
a 516 56 10
a 516 508 4
a 517 320 10
a 517 711 5
a 517 734 10
a 517 773 4
a 518 338 8
a 518 515 3
a 519 70 2
a 519 560 7
a 520 54 10
a 521 227 5
a 522 655 2
a 523 549 2
a 523 703 10
a 524 314 4
a 524 768 4
a 525 38 5
a 525 195 1
a 526 327 5
a 527 634 9
a 528 187 10
a 528 410 7
a 529 468 8
a 530 41 6
a 530 379 10
a 530 417 6
a 530 546 3
a 531 705 10
a 532 193 2
a 532 212 4
a 532 374 9
a 532 582 5
a 533 602 3
a 533 728 2
a 534 624 8
a 535 123 2
a 535 155 7
a 536 669 8
a 536 798 3
a 537 257 8
a 538 67 4
a 538 288 6
a 539 620 10
a 540 49 4
a 540 622 5
a 541 465 10
a 541 527 6
a 542 194 7
a 543 141 2
a 543 508 8
a 544 462 1
a 545 669 4
a 545 789 10
a 546 268 5
a 546 336 6
a 546 551 10
a 547 120 2
a 547 412 7
a 548 75 4
a 548 470 10
a 548 627 7
a 548 696 4
a 549 176 5
a 550 214 4
a 550 285 5
a 550 462 10
a 551 104 10
a 551 105 8
a 551 321 7
a 552 74 9
a 552 194 10
a 552 507 10
a 553 491 8
a 553 493 7
a 554 2 9
a 554 131 1
a 554 164 8
a 554 376 8
a 554 727 8
a 555 458 7
a 555 609 2
a 555 633 6
a 556 431 7
a 556 697 7
a 557 466 1
a 557 589 1
a 557 726 8
a 558 309 9
a 558 390 4
a 558 487 4
a 559 334 5
a 559 562 7
a 559 715 4
a 560 176 6
a 560 604 4
a 561 532 8
a 562 639 2
a 563 259 1
a 563 355 10
a 563 601 10
a 564 495 3
a 565 537 8
a 565 695 6
a 566 141 4
a 567 299 6
a 567 478 7
a 568 784 10
a 569 406 5
a 569 607 4
a 570 385 7
a 570 792 6
a 571 771 4
a 571 792 6
a 572 17 7
a 572 230 9
a 573 104 1
a 573 275 8
a 573 360 5
a 574 135 1
a 574 477 10
a 574 479 9
a 575 573 3
a 576 511 6
a 576 781 5
a 577 166 8
a 578 337 7
a 578 625 7
a 579 166 4
a 579 648 1
a 580 80 6
a 580 378 7
a 580 381 8
a 580 497 4
a 581 22 10
a 582 289 1
a 583 6 9
a 583 755 6
a 584 29 2
a 585 92 5
a 585 433 2
a 585 524 9
a 586 101 4
a 587 538 7
a 587 684 5
a 588 489 2
a 588 712 7
a 589 358 10
a 589 520 5
a 589 765 1
a 590 21 4
a 590 522 4
a 591 612 6
a 592 405 5
a 592 649 5
a 593 85 7
a 593 716 1
a 594 116 2
a 594 117 9
a 594 644 2
a 595 141 4
a 595 434 1
a 595 559 3
a 595 669 4
a 596 133 7
a 596 242 8
a 596 313 3
a 596 340 5
a 597 641 1
a 597 685 4
a 598 406 1
a 598 473 4
a 599 151 3
a 599 542 2
a 600 224 8
a 600 740 7
a 601 19 1
a 601 463 1
a 601 710 5
a 602 20 8
a 602 221 3
a 602 286 3
a 602 754 4
a 603 70 3
a 603 213 6
a 603 570 6
a 603 653 8
a 604 452 1
a 604 638 3
a 604 710 6
a 605 117 7
a 606 178 9
a 606 766 1
a 607 10 3
a 607 51 1
a 608 401 6
a 608 735 5
a 609 351 10
a 609 678 4
a 610 732 4
a 611 302 2
a 612 230 9
a 612 661 7
a 613 21 10
a 613 77 10
a 613 156 1
a 613 200 5
a 613 483 9
a 614 177 1
a 614 416 4
a 615 146 6
a 615 446 6
a 615 495 1
a 616 745 2
a 617 7 5
a 617 64 4
a 617 142 2
a 617 148 2
a 617 707 4
a 617 755 10
a 618 232 10
a 618 293 8
a 619 119 5
a 619 498 3
a 620 106 1
a 620 162 7
a 620 260 8
a 620 299 9
a 620 335 8
a 621 384 1
a 621 420 9
a 621 585 7
a 622 558 2
a 623 74 3
a 623 779 5
a 624 487 8
a 624 531 5
a 624 650 6
a 625 311 1
a 626 50 2
a 626 210 9
a 626 489 3
a 627 284 6
a 627 664 8
a 628 188 9
a 629 609 2
a 630 45 7
a 630 200 7
a 631 115 3
a 631 233 6
a 631 596 6
a 632 272 6
a 633 586 1
a 633 617 2
a 633 686 2
a 633 718 8
a 634 289 5
a 634 698 7
a 635 569 3
a 635 577 3
a 636 356 5
a 636 674 3
a 637 136 9
a 637 383 10
a 637 423 1
a 637 475 5
a 638 204 3
a 638 422 2
a 638 478 8
a 638 646 3
a 639 398 2
a 640 569 10
a 641 382 10
a 641 678 8
a 641 722 8
a 642 783 2
a 643 33 4
a 643 592 4
a 643 763 7
a 644 661 5
a 645 148 6
a 646 634 7
a 646 766 5
a 647 83 4
a 647 119 8
a 648 79 3
a 648 514 4
a 649 47 2
a 649 231 2
a 650 353 1
a 650 687 10
a 651 332 10
a 651 558 8
a 652 42 2
a 652 217 9
a 652 241 10
a 653 162 4
a 654 438 7
a 654 608 3
a 654 762 9
a 654 784 2
a 655 3 5
a 655 393 7
a 656 267 7
a 656 590 7
a 657 277 6
a 657 344 1
a 657 763 6
a 658 629 10
a 659 435 2
a 660 504 1
a 661 175 5
a 662 371 2
a 663 196 4
a 664 630 10
a 664 645 9
a 665 311 5
a 666 306 7
a 666 554 9
a 667 206 1
a 667 529 3
a 667 530 6
a 668 124 8
a 668 708 7
a 669 620 5
a 669 634 10
a 670 463 9
a 671 118 2
a 671 153 2
a 671 263 5
a 671 437 5
a 672 562 3
a 673 92 8
a 673 249 1
a 674 46 10
a 675 62 4
a 675 81 7
a 675 93 6
a 676 71 5
a 676 218 8
a 676 363 10
a 677 283 9
a 678 682 8
a 678 760 6
a 679 694 10
a 680 672 3
a 681 129 5
a 681 778 4
a 682 239 3
a 682 493 1
a 683 482 3
a 683 662 1
a 683 761 10
a 684 615 6
a 685 722 4
a 686 540 6
a 686 601 3
a 687 12 9
a 687 43 3
a 687 720 1
a 688 538 1
a 688 575 9
a 688 588 5
a 689 609 10
a 690 79 8
a 690 717 9
a 690 748 4
a 691 27 9
a 691 671 10
a 692 703 8
a 693 302 9
a 693 533 7
a 694 258 9
a 695 188 2
a 695 481 4
a 696 613 9
a 696 665 9
a 697 80 3
a 697 179 6
a 698 731 3
a 699 634 7
a 700 121 7
a 700 138 3
a 700 204 4
a 701 229 6
a 701 316 2
a 701 504 4
a 701 506 10
a 701 600 4
a 702 44 8
a 702 71 4
a 703 456 4
a 703 733 9
a 704 43 10
a 704 348 2
a 704 394 10
a 705 129 9
a 705 267 6
a 705 603 6
a 706 4 6
a 706 592 9
a 707 9 6
a 707 769 5
a 708 207 2
a 709 341 9
a 710 514 1
a 711 437 4
a 711 471 2
a 711 524 10
a 712 755 6
a 713 377 10
a 714 133 8
a 715 233 5
a 716 214 1
a 717 515 7
a 717 583 6
a 718 20 6
a 718 32 1
a 719 624 1
a 720 328 4
a 720 645 6
a 721 371 2
a 721 429 5
a 721 741 2
a 722 309 2
a 722 537 8
a 722 706 6
a 723 254 5
a 723 516 10
a 724 58 1
a 724 65 1
a 724 635 4
a 724 672 6
a 725 26 8
a 726 655 9
a 727 35 2
a 727 657 2
a 727 787 7
a 728 197 10
a 728 308 3
a 728 399 6
a 728 545 4
a 729 457 6
a 730 264 1
a 731 530 7
a 732 226 2
a 732 655 1
a 732 688 8
a 733 111 5
a 733 501 7
a 734 128 5
a 734 579 2
a 735 408 8
a 735 648 7
a 735 668 3
a 736 291 4
a 736 324 9
a 737 73 1
a 737 371 8
a 738 305 9
a 738 475 5
a 739 61 5
a 739 215 3
a 740 264 3
a 740 297 10
a 740 700 6
a 740 759 5
a 741 51 6
a 741 574 4
a 742 587 6
a 742 609 4
a 743 426 3
a 743 490 4
a 744 30 6
a 745 128 10
a 745 368 8
a 745 735 7
a 746 747 7
a 746 759 3
a 747 580 5
a 747 601 8
a 747 749 1
a 748 157 9
a 748 713 8
a 749 251 10
a 750 67 10
a 750 346 8
a 750 461 3
a 751 630 5
a 752 48 3
a 753 330 5
a 754 287 10
a 754 647 10
a 755 486 2
a 756 67 4
a 757 529 9
a 758 762 1
a 759 86 2
a 759 750 4
a 760 97 3
a 760 183 5
a 760 331 5
a 760 800 7
a 761 502 7
a 762 395 9
a 763 634 2
a 764 478 3
a 765 161 9
a 765 312 8
a 766 85 10
a 766 138 4
a 766 449 1
a 767 95 1
a 767 123 9
a 767 665 2
a 768 592 7
a 769 432 5
a 770 85 2
a 770 91 2
a 770 377 7
a 771 230 1
a 771 450 1
a 772 110 8
a 772 739 8
a 772 786 5
a 773 343 6
a 773 476 7
a 774 468 10
a 775 672 9
a 776 595 5
a 776 684 10
a 777 572 4
a 777 657 9
a 778 273 4
a 778 286 2
a 779 750 3
a 780 81 7
a 780 401 3
a 780 794 10
a 781 564 7
a 781 586 5
a 781 701 6
a 782 602 9
a 783 23 8
a 783 681 8
a 784 149 8
a 785 53 4
a 785 348 2
a 786 127 6
a 786 421 5
a 787 9 4
a 787 192 10
a 787 598 5
a 788 557 6
a 788 714 2
a 789 323 3
a 789 565 8
a 790 193 2
a 791 428 7
a 792 133 7
a 792 368 4
a 793 757 3
a 794 406 4
a 794 640 10
a 795 430 6
a 795 776 5
a 796 126 9
a 796 342 6
a 796 545 6
a 796 558 4
a 797 602 10
a 797 754 9
a 798 112 9
a 798 131 8
a 798 159 10
a 798 213 1
a 799 267 2
a 799 493 2
