p max 800 1600
n 1 s
n 800 t
a 1 111 1
a 1 135 1
a 2 21 10
a 2 129 9
a 3 96 3
a 3 653 5
a 4 23 8
a 5 97 9
a 5 727 10
a 6 325 9
a 6 515 2
a 6 613 3
a 7 212 3
a 7 242 10
a 8 127 3
a 8 479 7
a 8 732 9
a 9 288 6
a 9 303 8
a 10 667 7
a 11 456 8
a 11 470 2
a 12 196 10
a 13 151 3
a 13 539 7
a 14 18 8
a 14 142 8
a 15 441 1
a 15 683 8
a 16 399 9
a 16 609 7
a 17 147 2
a 17 159 4
a 17 423 10
a 18 77 7
a 18 698 5
a 19 195 3
a 19 553 5
a 20 304 3
a 20 775 7
a 21 74 6
a 22 79 2
a 22 108 10
a 22 277 5
a 22 345 2
a 22 669 8
a 23 361 5
a 23 505 3
a 24 505 7
a 25 276 1
a 25 383 2
a 26 5 5
a 26 644 2
a 26 734 4
a 27 750 1
a 28 452 5
a 28 453 4
a 29 615 2
a 30 22 9
a 30 425 2
a 30 488 9
a 30 570 9
a 31 63 3
a 32 42 7
a 32 169 3
a 32 213 6
a 32 694 4
a 33 74 2
a 34 2 2
a 34 79 1
a 34 131 5
a 35 129 6
a 36 249 2
a 36 463 9
a 37 150 9
a 37 310 6
a 37 468 2
a 38 475 1
a 38 577 10
a 38 605 9
a 38 670 7
a 39 14 3
a 39 487 4
a 40 293 10
a 41 324 8
a 41 525 6
a 41 536 3
a 42 89 1
a 42 321 8
a 43 366 3
a 43 604 3
a 44 557 2
a 44 677 9
a 44 743 3
a 45 198 3
a 45 502 7
a 45 593 5
a 45 637 9
a 45 753 9
a 46 547 2
a 46 682 6
a 47 621 2
a 48 488 9
a 48 597 5
a 49 533 8
a 49 613 6
a 50 108 5
a 50 228 8
a 50 661 5
a 51 140 6
a 51 284 10
a 51 384 6
a 52 396 9
a 53 261 7
a 53 388 2
a 54 720 8
a 55 130 1
a 55 374 6
a 55 786 3
a 56 473 6
a 56 656 5
a 57 45 4
a 57 436 6
a 57 640 8
a 58 142 6
a 58 573 3
a 59 708 1
a 60 487 9
a 61 11 4
a 61 351 10
a 62 358 5
a 62 481 5
a 63 157 7
a 63 549 1
a 63 800 9
a 64 78 5
a 65 433 8
a 66 34 2
a 66 298 9
a 66 566 3
a 66 683 7
a 67 191 7
a 67 403 9
a 68 19 8
a 68 596 1
a 69 25 6
a 69 635 4
a 70 62 1
a 70 246 7
a 71 303 10
a 72 287 1
a 72 498 10
a 72 527 1
a 73 76 1
a 73 258 10
a 73 681 5
a 73 696 6
a 74 582 10
a 75 408 9
a 75 769 1
a 76 739 6
a 77 133 1
a 77 194 5
a 77 353 4
a 78 49 3
a 79 90 1
a 80 99 5
a 80 124 2
a 80 374 9
a 81 30 5
a 81 265 7
a 82 201 7
a 82 764 6
a 83 127 10
a 84 507 7
a 84 750 10
a 85 43 1
a 86 129 6
a 86 420 3
a 87 617 10
a 88 270 2
a 88 351 6
a 88 462 7
a 89 253 4
a 89 591 1
a 90 115 1
a 90 513 3
a 91 262 2
a 92 391 5
a 93 691 8
a 94 537 5
a 95 123 1
a 95 648 6
a 96 752 8
a 96 790 1
a 97 378 9
a 98 469 10
a 99 272 9
a 99 526 10
a 100 755 9
a 101 381 8
a 101 596 6
a 101 765 3
a 102 318 2
a 102 561 6
a 102 743 9
a 103 77 7
a 103 425 7
a 104 51 2
a 104 484 4
a 104 651 7
a 104 657 2
a 104 717 5
a 105 269 10
a 105 460 6
a 106 709 8
a 107 291 9
a 107 309 9
a 107 666 6
a 108 41 5
a 108 85 10
a 108 274 6
a 108 365 7
a 109 271 1
a 109 397 2
a 109 503 1
a 109 633 7
a 109 773 8
a 110 654 4
a 111 252 5
a 111 387 1
a 112 99 6
a 113 74 5
a 113 99 2
a 114 232 4
a 114 656 9
a 115 28 7
a 115 322 6
a 115 405 8
a 115 497 5
a 116 357 5
a 116 700 4
a 116 713 6
a 117 324 8
a 118 640 6
a 119 151 7
a 120 765 3
a 121 110 2
a 121 769 5
a 122 735 3
a 123 415 4
a 123 527 3
a 124 533 7
a 125 148 3
a 125 617 7
a 126 282 3
a 126 622 1
a 126 768 9
a 127 131 6
a 128 364 4
a 128 443 1
a 129 102 5
a 129 173 4
a 129 540 5
a 130 413 1
a 130 635 1
a 130 707 8
a 131 152 2
a 131 651 10
a 131 715 8
a 132 623 1
a 132 782 3
a 133 40 8
a 133 260 4
a 133 524 6
a 133 543 4
a 134 289 6
a 134 649 1
a 135 41 6
a 135 534 9
a 135 562 10
a 136 586 4
a 136 686 10
a 137 25 6
a 137 416 8
a 137 648 6
a 138 333 9
a 139 422 9
a 139 513 10
a 139 656 10
a 139 665 1
a 139 676 3
a 139 705 6
a 140 84 3
a 140 381 1
a 140 681 9
a 141 643 1
a 141 666 2
a 142 102 8
a 143 444 10
a 143 533 6
a 144 26 3
a 144 119 10
a 144 141 9
a 144 711 8
a 145 180 8
a 146 687 8
a 147 650 10
a 147 662 2
a 148 336 1
a 149 146 7
a 149 572 9
a 150 38 2
a 150 204 10
a 150 502 2
a 151 691 1
a 152 43 10
a 152 460 2
a 153 90 1
a 153 360 1
a 153 747 6
a 154 69 6
a 154 243 5
a 154 767 1
a 155 69 8
a 155 123 8
a 155 468 9
a 156 403 9
a 156 784 6
a 157 30 6
a 157 457 10
a 158 162 7
a 158 564 5
a 159 15 4
a 159 53 2
a 159 640 1
a 160 407 7
a 160 437 3
a 161 300 6
a 161 588 2
a 162 106 10
a 162 293 3
a 162 578 7
a 163 499 9
a 163 574 10
a 164 440 9
a 164 595 9
a 165 135 4
a 165 182 6
a 166 87 7
a 166 485 1
a 166 493 9
a 167 173 8
a 167 368 5
a 168 4 8
a 168 82 8
a 168 456 7
a 168 685 3
a 168 700 2
a 168 746 4
a 169 183 6
a 169 498 10
a 170 642 10
a 171 718 6
a 172 149 5
a 172 190 3
a 172 500 4
a 172 549 5
a 173 215 1
a 174 16 2
a 174 159 9
a 174 427 3
a 175 577 9
a 176 190 7
a 176 385 10
a 177 282 10
a 177 614 3
a 177 799 5
a 178 576 7
a 178 589 4
a 178 641 6
a 179 256 10
a 179 572 3
a 180 385 10
a 181 41 2
a 181 52 4
a 182 328 8
a 182 558 9
a 182 761 9
a 183 499 9
a 184 495 9
a 185 738 5
a 186 301 9
a 186 563 5
a 186 741 10
a 186 797 9
a 187 194 6
a 187 600 5
a 188 176 9
a 188 621 8
a 188 697 4
a 188 789 9
a 189 670 9
a 190 12 7
a 190 219 6
a 190 348 7
a 191 551 1
a 191 614 7
a 192 134 4
a 192 347 2
a 193 117 5
a 193 128 8
a 194 98 3
a 194 256 3
a 195 6 7
a 195 136 8
a 195 594 9
a 195 655 3
a 196 33 4
a 197 360 9
a 197 599 2
a 198 725 7
a 199 153 10
a 200 696 5
a 201 65 7
a 201 288 1
a 201 327 4
a 202 88 2
a 202 773 3
a 203 167 7
a 203 644 4
a 203 777 10
a 204 345 8
a 204 464 4
a 204 569 8
a 205 143 10
a 205 504 7
a 206 404 9
a 207 225 8
a 208 163 4
a 208 455 2
a 209 27 1
a 209 223 7
a 210 460 4
a 210 503 2
a 211 413 4
a 212 192 5
a 212 660 3
a 213 39 1
a 213 161 1
a 213 328 7
a 214 87 4
a 214 338 5
a 215 519 1
a 215 668 6
a 216 469 10
a 216 610 4
a 216 758 10
a 217 3 6
a 217 50 2
a 217 238 4
a 218 229 4
a 218 266 4
a 219 24 7
a 219 510 5
a 219 559 9
a 220 451 8
a 221 6 6
a 221 57 5
a 221 359 9
a 222 68 1
a 222 414 1
a 222 725 5
a 223 32 6
a 223 128 2
a 224 40 7
a 224 321 2
a 225 506 6
a 226 244 1
a 226 259 2
a 226 446 6
a 226 535 2
a 226 678 8
a 227 231 7
a 228 139 3
a 228 735 1
a 229 436 8
a 230 692 2
a 231 756 1
a 232 122 2
a 233 95 4
a 233 302 6
a 233 690 8
a 234 162 4
a 234 673 7
a 234 703 3
a 235 405 9
a 236 552 2
a 237 384 9
a 238 146 10
a 239 220 8
a 239 447 9
a 240 82 3
a 240 118 3
a 241 254 3
a 241 497 8
a 242 27 6
a 242 622 2
a 243 328 5
a 244 276 9
a 244 294 4
a 244 394 9
a 244 509 4
a 245 531 3
a 246 338 6
a 246 684 10
a 247 24 5
a 247 557 9
a 248 407 9
a 248 669 10
a 249 297 10
a 250 536 6
a 251 287 4
a 251 517 3
a 252 126 9
a 252 574 2
a 253 664 6
a 254 537 5
a 254 570 5
a 254 584 10
a 255 314 4
a 255 393 4
a 255 403 10
a 256 217 7
a 256 553 8
a 256 622 8
a 257 486 7
a 258 415 2
a 259 198 1
a 260 80 5
a 260 327 10
a 260 452 9
a 260 555 10
a 261 757 6
a 262 31 3
a 263 386 5
a 263 760 7
a 264 90 1
a 264 114 4
a 265 11 2
a 266 262 4
a 266 501 3
a 266 763 2
a 267 90 6
a 268 683 3
a 269 485 10
a 270 240 9
a 271 585 3
a 271 614 2
a 271 710 3
a 272 654 8
a 273 367 1
a 274 309 4
a 274 701 4
a 275 520 2
a 275 617 1
a 275 728 7
a 276 591 4
a 277 233 8
a 278 506 9
a 278 514 3
a 278 624 7
a 279 227 3
a 279 250 9
a 280 704 2
a 281 334 7
a 281 471 7
a 282 342 4
a 283 240 5
a 284 246 5
a 284 524 1
a 285 158 9
a 285 642 3
a 286 376 8
a 286 463 3
a 287 580 9
a 287 796 4
a 288 60 7
a 288 140 8
a 288 291 10
a 289 105 7
a 289 564 3
a 290 651 9
a 291 252 8
a 291 257 3
a 292 116 4
a 293 369 3
a 294 3 4
a 294 74 1
a 294 483 8
a 295 320 7
a 295 714 1
a 296 769 8
a 297 7 5
a 297 57 2
a 297 300 6
a 297 342 8
a 297 559 10
a 298 202 8
a 298 317 7
a 298 371 9
a 298 372 2
a 298 706 6
a 299 240 4
a 299 617 6
a 300 353 10
a 301 350 4
a 302 459 7
a 302 778 5
a 303 62 5
a 303 293 5
a 304 55 1
a 304 226 1
a 304 472 6
a 304 500 5
a 305 200 6
a 305 445 9
a 305 751 2
a 306 6 9
a 306 107 1
a 306 629 6
a 307 60 1
a 308 91 4
a 308 655 7
a 309 218 1
a 309 380 1
a 310 677 1
a 311 134 1
a 311 388 3
a 312 97 10
a 312 155 8
a 312 704 8
a 313 230 9
a 314 183 6
a 315 280 1
a 316 36 10
a 316 548 6
a 316 784 2
a 317 687 9
a 318 339 1
a 319 134 5
a 319 450 1
a 319 735 6
a 320 229 1
a 321 312 3
a 321 524 6
a 321 647 5
a 322 329 7
a 322 663 1
a 322 780 10
a 323 35 9
a 323 440 2
a 323 708 10
a 324 518 1
a 325 70 1
a 325 71 4
a 325 281 8
a 325 482 5
a 326 541 8
a 326 689 9
a 327 534 5
a 328 391 2
a 329 90 8
a 329 142 3
a 330 303 3
a 331 173 1
a 331 354 10
a 331 750 7
a 331 798 5
a 332 104 6
a 332 273 5
a 333 723 10
a 334 113 8
a 334 125 3
a 335 479 9
a 336 412 10
a 336 621 2
a 337 64 4
a 337 627 9
a 338 295 10
a 339 31 5
a 339 279 2
a 339 356 2
a 340 461 4
a 340 546 7
a 340 722 4
a 341 170 2
a 342 156 9
a 342 166 6
a 343 171 10
a 343 281 3
a 343 736 9
a 344 56 10
a 344 58 1
a 344 421 5
a 345 283 3
a 345 307 10
a 345 611 7
a 346 409 1
a 346 722 4
a 347 23 3
a 347 66 8
a 347 84 1
a 348 212 7
a 348 644 6
a 349 59 7
a 349 318 3
a 349 331 7
a 349 358 10
a 349 791 9
a 350 87 10
a 351 625 8
a 351 635 5
a 352 343 8
a 352 362 6
a 353 218 7
a 354 736 9
a 355 43 6
a 356 578 10
a 357 709 1
a 358 7 1
a 359 690 6
a 360 100 3
a 360 146 7
a 361 333 8
a 361 391 4
a 361 544 6
a 362 671 10
a 362 705 4
a 363 724 2
a 364 712 8
a 364 762 7
a 365 20 8
a 365 61 9
a 366 252 1
a 366 452 2
a 366 718 3
a 367 62 10
a 368 126 6
a 368 437 8
a 369 583 7
a 369 695 5
a 370 92 7
a 370 235 7
a 371 287 7
a 371 620 5
a 372 311 9
a 373 429 10
a 373 684 2
a 374 395 1
a 375 49 8
a 375 612 2
a 376 501 5
a 376 580 9
a 376 694 7
a 377 95 5
a 377 356 8
a 378 424 1
a 378 439 10
a 379 283 9
a 379 428 2
a 380 339 7
a 380 513 2
a 380 679 5
a 381 635 3
a 382 528 9
a 382 655 3
a 383 772 6
a 384 138 2
a 384 682 10
a 385 397 3
a 385 738 3
a 386 140 5
a 386 249 3
a 386 297 8
a 387 219 6
a 388 216 8
a 389 264 1
a 389 724 6
a 390 646 10
a 391 516 9
a 392 264 8
a 392 526 3
a 393 48 8
a 393 714 3
a 394 25 6
a 394 330 2
a 395 344 5
a 396 212 7
a 396 216 7
a 397 18 2
a 398 492 5
a 398 699 2
a 399 443 2
a 399 694 2
a 399 749 1
a 400 540 6
a 400 667 8
a 400 688 10
a 400 755 3
a 401 99 6
a 401 211 1
a 402 231 3
a 402 456 9
a 403 368 6
a 403 623 7
a 404 280 4
a 404 447 7
a 404 608 7
a 405 171 8
a 405 723 5
a 405 783 1
a 406 599 5
a 406 645 10
a 407 243 8
a 408 172 6
a 408 395 10
a 409 439 6
a 410 171 3
a 410 581 3
a 410 674 10
a 411 438 3
a 411 609 6
a 412 203 5
a 412 263 5
a 412 400 1
a 412 680 7
a 413 628 8
a 413 757 7
a 414 146 2
a 414 175 4
a 414 340 1
a 415 513 2
a 416 691 3
a 417 159 9
a 418 647 1
a 419 208 9
a 419 239 8
a 420 638 6
a 420 759 4
a 421 142 5
a 422 268 2
a 422 308 7
a 423 568 10
a 423 577 8
a 423 794 3
a 424 253 4
a 425 337 4
a 425 533 10
a 426 486 4
a 427 634 7
a 427 725 7
a 428 332 9
a 428 349 2
a 429 53 6
a 430 725 8
a 431 275 5
a 431 281 6
a 432 174 3
a 432 770 1
a 433 639 5
a 433 750 6
a 434 180 10
a 434 226 5
a 435 722 5
a 436 568 8
a 437 614 7
a 438 46 2
a 439 433 10
a 439 700 9
a 440 222 8
a 440 246 2
a 441 302 9
a 441 465 8
a 442 361 8
a 443 408 6
a 443 467 4
a 443 652 1
a 444 184 5
a 444 246 6
a 445 348 10
a 446 13 8
a 446 728 7
a 447 720 1
a 448 156 8
a 449 373 3
a 450 556 2
a 451 54 5
a 451 406 9
a 452 189 8
a 452 327 3
a 453 159 9
a 453 444 7
a 453 771 4
a 454 431 3
a 454 592 3
a 455 93 5
a 455 458 3
a 455 719 5
a 456 522 10
a 456 793 2
a 457 190 8
a 457 476 10
a 458 68 1
a 458 314 5
a 458 525 4
a 459 47 4
a 459 207 4
a 459 795 3
a 460 289 5
a 460 471 4
a 460 490 3
a 460 663 4
a 461 185 8
a 462 19 10
a 462 153 7
a 463 320 10
a 464 675 8
a 465 388 4
a 465 430 10
a 466 332 7
a 466 369 9
a 466 525 6
a 466 537 2
a 467 142 2
a 467 163 7
a 467 404 10
a 468 210 2
a 468 523 6
a 469 371 2
a 469 654 2
a 470 430 7
a 471 18 1
a 472 48 6
a 472 143 4
a 472 245 7
a 472 748 2
a 472 799 2
a 473 763 9
a 474 385 2
a 474 402 8
a 475 83 7
a 475 511 8
a 476 117 10
a 476 593 3
a 476 661 4
a 477 178 6
a 477 561 4
a 478 764 8
a 479 532 9
a 479 671 5
a 480 684 3
a 481 18 9
a 481 586 7
a 482 459 8
a 482 596 3
a 483 512 5
a 484 17 2
a 484 478 7
a 485 77 9
a 485 549 8
a 486 9 8
a 487 554 10
a 488 287 2
a 489 571 9
a 490 6 6
a 490 379 3
a 490 516 1
a 491 412 7
a 492 81 8
a 493 295 4
a 493 308 8
a 493 467 5
a 494 8 5
a 494 710 9
a 495 136 9
a 496 521 3
a 496 544 1
a 496 640 4
a 497 151 1
a 497 275 4
a 498 392 9
a 498 500 3
a 498 552 10
a 498 606 9
a 498 757 6
a 499 269 8
a 499 298 6
a 499 512 7
a 499 770 2
a 500 402 6
a 500 527 8
a 500 793 7
a 501 33 3
a 501 640 4
a 502 48 8
a 503 355 1
a 503 570 10
a 503 800 1
a 504 437 8
a 505 768 9
a 506 67 10
a 507 356 3
a 507 530 3
a 508 410 7
a 508 429 2
a 508 553 4
a 509 561 10
a 510 389 8
a 510 533 3
a 510 740 2
a 511 414 2
a 512 133 3
a 512 675 5
a 512 757 3
a 513 157 10
a 513 571 10
a 514 364 4
a 515 255 2
a 515 587 3
a 516 654 10
a 516 688 7
a 516 720 5
a 517 229 8
a 517 306 5
a 518 625 2
a 519 449 10
a 519 507 4
a 519 772 6
a 520 43 7
a 520 94 2
a 521 700 2
a 522 722 4
a 523 622 8
a 524 457 1
a 524 506 5
a 524 795 4
a 525 137 10
a 525 514 3
a 525 542 7
a 526 187 9
a 526 417 4
a 527 69 3
a 527 648 9
a 527 681 10
a 528 27 7
a 528 141 3
a 528 315 2
a 528 428 7
a 529 338 9
a 529 491 4
a 530 132 4
a 530 456 8
a 531 393 2
a 532 354 9
a 532 776 2
a 533 431 6
a 533 789 2
a 533 790 6
a 534 395 8
a 534 460 10
a 535 397 6
a 535 519 7
a 536 559 4
a 536 716 7
a 537 328 10
a 537 744 1
a 538 278 4
a 539 207 6
a 539 370 2
a 540 368 5
a 540 744 2
a 540 792 5
a 541 224 5
a 541 342 4
a 542 575 1
a 543 493 5
a 543 560 9
a 544 616 10
a 544 704 2
a 545 49 5
a 545 341 2
a 545 580 9
a 546 230 10
a 546 582 9
a 547 37 9
a 547 614 4
a 548 4 5
a 548 121 7
a 548 774 3
a 549 121 9
a 549 552 1
a 550 305 7
a 551 121 6
a 551 502 9
a 552 459 1
a 552 487 1
a 553 478 2
a 553 712 8
a 554 341 1
a 555 554 5
a 555 737 8
a 555 748 7
a 556 296 10
a 556 307 9
a 557 292 1
a 557 730 6
a 558 232 2
a 558 618 2
a 558 726 4
a 559 376 5
a 559 721 6
a 560 167 6
a 560 388 2
a 560 477 1
a 561 192 5
a 562 449 4
a 562 469 2
a 562 659 10
a 562 733 10
a 563 311 3
a 563 655 9
a 564 479 6
a 564 754 3
a 564 787 7
a 565 362 7
a 565 701 7
a 566 560 2
a 566 583 6
a 567 145 6
a 567 161 8
a 567 373 10
a 567 448 2
a 567 779 6
a 568 78 3
a 568 258 9
a 568 785 3
a 569 367 6
a 569 651 7
a 570 343 5
a 570 607 8
a 570 702 5
a 571 32 9
a 571 170 9
a 572 134 8
a 573 346 3
a 573 607 9
a 574 358 7
a 575 40 1
a 576 160 3
a 576 177 3
a 577 698 9
a 578 338 7
a 579 20 3
a 579 422 10
a 579 747 2
a 580 225 8
a 581 380 6
a 581 447 9
a 581 582 6
a 582 147 3
a 583 757 3
a 584 316 2
a 584 514 6
a 584 545 10
a 585 622 5
a 586 233 9
a 586 531 1
a 586 626 7
a 587 177 8
a 587 326 10
a 587 792 8
a 588 389 5
a 588 540 8
a 589 247 8
a 589 375 4
a 589 572 10
a 590 67 1
a 590 478 10
a 591 355 10
a 591 636 3
a 592 104 8
a 592 437 9
a 593 109 6
a 593 197 8
a 593 353 5
a 594 247 4
a 595 304 7
a 596 656 6
a 597 273 8
a 598 421 5
a 598 722 3
a 599 512 9
a 600 669 6
a 601 196 9
a 601 432 8
a 601 565 3
a 602 714 7
a 603 606 4
a 604 196 3
a 604 227 2
a 604 419 9
a 605 298 1
a 606 237 1
a 606 296 3
a 607 323 8
a 607 498 4
a 608 213 7
a 609 101 1
a 609 232 4
a 609 341 6
a 610 81 3
a 610 669 6
a 611 9 6
a 611 122 7
a 611 285 10
a 611 717 3
a 612 149 2
a 612 457 5
a 613 502 7
a 614 215 6
a 614 409 3
a 615 495 6
a 615 677 3
a 615 781 2
a 616 445 3
a 616 623 5
a 617 756 1
a 618 17 3
a 618 553 6
a 619 31 10
a 619 646 5
a 620 60 1
a 620 103 4
a 620 406 9
a 621 118 2
a 621 766 8
a 622 778 4
a 623 223 6
a 623 631 6
a 624 779 10
a 625 363 6
a 625 365 3
a 626 199 10
a 626 734 3
a 626 760 5
a 627 46 4
a 627 286 3
a 628 234 10
a 628 528 10
a 629 168 6
a 629 559 8
a 630 781 1
a 631 689 1
a 632 224 1
a 632 344 5
a 633 183 10
a 634 241 6
a 635 526 8
a 635 615 10
a 636 336 4
a 636 474 4
a 637 165 3
a 637 225 8
a 638 299 8
a 639 263 9
a 639 313 9
a 640 186 8
a 640 550 4
a 640 658 2
a 640 685 1
a 641 155 2
a 641 579 6
a 642 652 6
a 642 768 1
a 643 293 5
a 644 290 7
a 644 305 6
a 645 179 8
a 645 308 8
a 645 372 10
a 645 529 1
a 646 691 3
a 647 494 6
a 647 775 1
a 648 86 8
a 648 169 2
a 648 322 8
a 648 420 4
a 648 454 10
a 648 673 9
a 649 44 3
a 649 725 9
a 650 120 4
a 651 222 4
a 652 270 8
a 653 546 6
a 654 6 3
a 654 382 10
a 654 691 10
a 655 739 7
a 655 756 10
a 656 495 9
a 657 201 1
a 657 466 6
a 657 474 9
a 657 724 10
a 658 272 4
a 659 161 8
a 659 233 4
a 659 518 3
a 660 72 1
a 660 582 8
a 661 474 7
a 662 157 10
a 663 674 4
a 664 303 3
a 664 396 4
a 665 447 3
a 666 253 1
a 666 645 5
a 667 531 6
a 668 620 4
a 669 146 1
a 669 590 10
a 669 664 7
a 670 713 8
a 671 181 2
a 671 390 1
a 672 546 5
a 672 642 1
a 673 104 10
a 673 589 3
a 674 188 3
a 674 300 1
a 675 292 1
a 675 539 9
a 675 567 5
a 676 746 2
a 677 124 5
a 677 278 2
a 677 797 7
a 678 587 7
a 679 46 7
a 679 161 5
a 679 535 7
a 679 756 4
a 680 335 5
a 680 579 8
a 680 727 4
a 681 155 8
a 681 267 5
a 681 602 7
a 682 417 5
a 682 555 8
a 682 586 8
a 683 115 2
a 684 10 2
a 684 181 4
a 684 351 4
a 684 769 3
a 685 121 1
a 685 164 8
a 685 708 8
a 686 130 2
a 686 333 9
a 687 247 1
a 687 653 10
a 688 200 6
a 689 794 8
a 690 251 8
a 690 626 9
a 691 753 4
a 692 477 7
a 692 687 3
a 692 693 9
a 692 788 9
a 693 248 7
a 693 299 9
a 694 235 3
a 694 556 2
a 694 745 8
a 695 639 2
a 696 104 8
a 696 208 3
a 696 475 1
a 696 538 7
a 697 126 6
a 697 411 2
a 698 241 6
a 698 482 8
a 698 722 2
a 699 185 8
a 699 274 10
a 699 775 7
a 700 237 10
a 700 630 1
a 701 221 2
a 701 601 10
a 702 334 8
a 702 401 6
a 702 715 7
a 703 565 8
a 704 250 10
a 704 309 3
a 705 132 3
a 706 489 5
a 707 426 1
a 707 516 1
a 708 343 9
a 709 115 1
a 710 317 6
a 711 120 2
a 711 225 9
a 711 496 1
a 711 508 8
a 711 704 10
a 712 20 1
a 712 462 10
a 713 73 10
a 713 209 8
a 713 511 6
a 713 707 5
a 714 463 5
a 714 575 6
a 714 785 3
a 715 267 6
a 716 75 6
a 716 143 1
a 716 290 1
a 717 125 9
a 717 372 9
a 717 657 5
a 718 94 10
a 718 731 6
a 719 355 10
a 719 412 5
a 720 789 6
a 721 178 1
a 722 70 6
a 723 451 7
a 724 90 2
a 724 319 8
a 725 12 6
a 725 78 8
a 726 147 9
a 726 166 9
a 726 486 4
a 726 523 5
a 727 467 8
a 728 64 8
a 728 378 5
a 729 275 1
a 729 340 10
a 729 400 6
a 730 624 3
a 731 13 5
a 731 653 1
a 732 350 10
a 732 638 4
a 732 650 9
a 732 712 7
a 733 32 6
a 733 524 5
a 734 5 9
a 734 783 9
a 735 741 5
a 736 85 5
a 736 334 3
a 737 29 5
a 737 46 9
a 738 253 9
a 739 435 2
a 739 713 10
a 740 333 2
a 740 619 3
a 741 238 9
a 742 158 6
a 743 205 4
a 743 716 9
a 744 346 8
a 745 398 4
a 745 598 4
a 746 416 6
a 747 124 7
a 748 306 3
a 748 486 5
a 748 558 2
a 749 148 5
a 749 603 6
a 750 437 10
a 751 154 1
a 751 302 3
a 751 569 3
a 752 152 7
a 753 263 4
a 753 672 3
a 753 773 9
a 754 197 7
a 754 352 6
a 754 598 5
a 754 699 8
a 755 357 3
a 755 509 10
a 756 708 5
a 757 401 6
a 757 601 5
a 758 4 10
a 759 235 9
a 759 719 4
a 760 616 2
a 761 107 3
a 761 132 3
a 761 438 5
a 762 60 6
a 763 775 9
a 764 46 4
a 764 127 3
a 765 150 2
a 766 500 5
a 766 682 3
a 767 361 5
a 768 390 1
a 768 458 7
a 769 390 9
a 769 418 10
a 769 543 6
a 770 135 8
a 770 210 5
a 770 255 8
a 770 526 3
a 770 627 2
a 770 632 2
a 771 116 10
a 771 506 8
a 771 660 1
a 772 208 5
a 773 220 5
a 773 367 1
a 773 480 6
a 774 22 6
a 775 547 8
a 776 186 9
a 777 442 1
a 777 523 4
a 778 3 5
a 778 505 8
a 778 643 5
a 779 175 7
a 779 692 8
a 780 489 6
a 780 515 5
a 781 274 9
a 782 412 3
a 783 519 5
a 784 44 1
a 784 206 2
a 785 799 3
a 786 251 1
a 787 112 7
a 787 218 6
a 787 742 7
a 788 346 1
a 788 451 2
a 789 480 2
a 790 703 9
a 791 377 9
a 791 390 7
a 792 144 4
a 792 248 6
a 792 351 10
a 793 193 1
a 793 594 9
a 793 729 3
a 794 54 7
a 794 96 1
a 794 236 4
a 795 41 8
a 795 214 9
a 796 59 10
a 796 434 9
a 796 541 9
a 797 659 2
a 797 709 3
a 798 63 8
a 798 403 10
a 798 606 3
a 799 424 3
a 799 604 9
a 799 800 9
