p max 800 1600
n 1 s
n 800 t
a 1 98 4
a 1 214 8
a 1 634 10
a 2 25 2
a 2 645 3
a 3 717 10
a 4 273 9
a 4 775 6
a 5 593 1
a 6 82 7
a 6 200 4
a 7 19 3
a 7 319 6
a 7 502 5
a 7 592 4
a 7 685 8
a 8 142 2
a 8 641 2
a 9 100 2
a 10 127 10
a 11 556 3
a 11 729 1
a 11 791 9
a 12 493 6
a 12 693 4
a 13 660 4
a 14 31 8
a 14 547 2
a 15 524 2
a 15 779 7
a 16 244 1
a 16 461 2
a 16 652 7
a 16 759 7
a 17 290 4
a 18 323 7
a 18 684 1
a 19 127 4
a 19 301 8
a 20 45 6
a 21 81 6
a 22 255 8
a 22 511 8
a 23 69 4
a 23 94 1
a 23 128 6
a 23 657 4
a 24 217 9
a 24 647 6
a 24 700 2
a 25 276 10
a 25 326 9
a 25 782 1
a 26 82 4
a 26 286 4
a 26 519 3
a 27 206 9
a 28 730 1
a 29 124 3
a 30 370 6
a 31 694 2
a 31 723 3
a 32 89 7
a 32 237 4
a 32 692 6
a 33 169 8
a 33 276 2
a 33 384 10
a 33 764 5
a 34 185 5
a 34 264 6
a 35 293 6
a 36 791 9
a 37 42 7
a 37 63 3
a 37 601 2
a 38 688 2
a 39 754 9
a 40 109 4
a 40 349 9
a 41 409 5
a 42 253 2
a 42 348 7
a 42 424 3
a 42 476 7
a 42 715 3
a 43 399 3
a 44 344 5
a 44 733 6
a 44 760 7
a 44 800 2
a 45 354 4
a 46 389 10
a 47 677 5
a 48 205 9
a 48 548 10
a 49 537 8
a 49 593 2
a 50 145 6
a 50 199 2
a 51 70 10
a 51 129 5
a 51 381 1
a 51 395 6
a 51 405 3
a 51 557 4
a 52 160 9
a 53 780 9
a 54 182 7
a 55 453 7
a 55 770 8
a 56 54 3
a 56 768 8
a 57 503 6
a 57 599 4
a 57 656 7
a 58 55 4
a 58 512 9
a 59 608 2
a 59 651 10
a 60 80 2
a 60 96 9
a 60 623 10
a 61 12 8
a 61 285 2
a 62 52 10
a 63 43 1
a 64 59 9
a 64 254 10
a 64 777 6
a 65 323 4
a 65 738 10
a 66 269 2
a 66 356 10
a 66 393 3
a 67 30 3
a 67 515 3
a 68 7 2
a 68 85 3
a 68 371 6
a 68 622 1
a 69 221 7
a 69 324 10
a 70 192 2
a 70 530 2
a 70 575 7
a 70 618 6
a 71 59 3
a 72 464 7
a 73 154 2
a 73 264 3
a 73 406 1
a 74 17 3
a 74 68 2
a 74 627 5
a 75 329 3
a 76 119 5
a 77 499 1
a 77 712 1
a 78 118 9
a 78 141 10
a 79 195 3
a 80 604 9
a 81 688 7
a 81 702 2
a 82 583 1
a 82 691 9
a 83 210 9
a 83 306 2
a 83 361 10
a 84 497 6
a 85 445 9
a 86 96 2
a 86 664 8
a 87 365 5
a 87 607 2
a 88 598 3
a 89 300 7
a 90 56 2
a 90 245 4
a 90 332 7
a 90 666 1
a 91 43 10
a 91 305 10
a 91 629 2
a 92 506 9
a 93 271 1
a 93 794 6
a 94 462 1
a 95 159 10
a 96 39 9
a 96 258 2
a 96 632 8
a 96 682 8
a 97 595 10
a 97 664 9
a 98 177 10
a 98 338 6
a 99 456 5
a 99 736 7
a 99 757 4
a 100 387 7
a 100 773 6
a 101 48 8
a 101 209 3
a 101 410 7
a 101 472 8
a 102 374 6
a 102 438 2
a 103 14 1
a 104 154 10
a 105 47 8
a 105 343 7
a 106 75 6
a 106 696 6
a 107 560 9
a 107 738 9
a 108 60 5
a 108 450 5
a 109 79 3
a 109 774 2
a 110 170 5
a 110 217 3
a 111 37 5
a 111 669 9
a 111 792 10
a 112 288 10
a 112 477 1
a 113 58 3
a 113 419 2
a 113 769 5
a 114 502 7
a 114 706 6
a 115 551 3
a 115 668 1
a 116 513 10
a 117 129 3
a 118 393 2
a 119 495 5
a 120 79 2
a 120 632 10
a 121 326 7
a 121 487 6
a 122 240 3
a 122 517 5
a 123 76 5
a 124 157 9
a 124 446 8
a 124 529 2
a 124 660 9
a 124 762 10
a 125 588 10
a 126 355 4
a 127 128 3
a 127 190 4
a 127 402 2
a 127 460 1
a 128 345 7
a 128 446 1
a 129 218 7
a 130 83 8
a 131 335 6
a 131 457 6
a 131 507 8
a 131 800 7
a 132 218 3
a 132 787 6
a 133 47 10
a 134 343 7
a 135 318 10
a 135 745 10
a 136 38 7
a 136 214 3
a 136 366 10
a 136 619 1
a 136 697 7
a 137 334 4
a 138 275 6
a 138 659 10
a 138 675 5
a 139 683 9
a 140 646 7
a 141 246 7
a 142 219 7
a 142 220 7
a 142 712 8
a 143 614 3
a 143 765 6
a 144 630 10
a 145 540 5
a 146 709 10
a 147 286 1
a 147 291 3
a 148 426 9
a 149 279 5
a 149 290 5
a 149 646 3
a 150 155 8
a 150 355 2
a 151 28 3
a 151 685 3
a 151 789 4
a 152 438 9
a 153 44 2
a 153 52 9
a 153 372 8
a 153 379 7
a 153 591 4
a 154 468 8
a 154 759 9
a 155 3 2
a 155 314 2
a 155 408 8
a 155 644 9
a 156 131 5
a 157 289 4
a 157 672 5
a 158 66 3
a 158 71 10
a 158 362 8
a 159 304 9
a 159 542 6
a 160 364 8
a 160 674 3
a 161 110 6
a 162 16 10
a 163 27 9
a 163 282 1
a 163 288 5
a 164 223 1
a 164 226 4
a 164 514 8
a 164 612 4
a 164 793 1
a 165 633 1
a 165 794 10
a 166 65 5
a 166 396 4
a 167 333 7
a 167 444 7
a 167 518 1
a 167 653 8
a 167 755 7
a 168 463 1
a 169 112 1
a 170 397 10
a 170 505 5
a 170 553 10
a 171 122 4
a 171 263 10
a 171 610 6
a 172 429 6
a 173 253 5
a 174 107 9
a 174 328 9
a 174 741 5
a 175 465 8
a 175 542 4
a 176 106 5
a 176 131 9
a 176 431 10
a 177 779 7
a 178 29 6
a 178 184 7
a 178 383 2
a 178 698 8
a 179 194 7
a 180 64 10
a 180 471 8
a 180 629 2
a 181 419 6
a 182 39 4
a 183 43 8
a 184 260 4
a 184 799 3
a 185 65 4
a 185 732 5
a 185 783 1
a 186 477 7
a 187 662 5
a 187 743 10
a 188 363 2
a 188 499 6
a 189 302 10
a 189 774 5
a 190 14 10
a 190 485 6
a 191 615 5
a 192 238 6
a 192 644 10
a 193 127 7
a 193 330 10
a 193 673 3
a 194 364 8
a 194 401 5
a 195 483 1
a 196 440 8
a 196 603 4
a 196 645 6
a 197 231 6
a 198 353 8
a 198 497 4
a 199 723 2
a 200 393 6
a 201 380 10
a 202 761 2
a 203 164 6
a 204 4 5
a 205 169 9
a 206 355 4
a 206 404 8
a 206 452 8
a 207 18 3
a 208 319 2
a 208 753 4
a 209 608 1
a 210 438 9
a 211 226 3
a 211 375 9
a 212 283 2
a 212 481 9
a 213 480 1
a 213 680 10
a 214 52 6
a 214 255 4
a 215 42 7
a 216 228 9
a 216 732 3
a 217 495 5
a 217 517 4
a 217 625 8
a 217 725 4
a 217 789 1
a 218 71 9
a 218 163 8
a 219 374 7
a 220 632 3
a 221 113 8
a 221 198 10
a 221 227 10
a 221 728 7
a 222 435 8
a 223 386 1
a 224 394 1
a 224 407 10
a 225 105 4
a 225 131 8
a 225 430 5
a 226 5 9
a 227 62 2
a 227 272 10
a 227 392 10
a 227 481 7
a 228 240 3
a 228 263 6
a 228 550 8
a 229 140 7
a 229 264 1
a 229 707 3
a 230 207 1
a 230 462 2
a 231 193 8
a 232 347 6
a 232 538 3
a 233 453 8
a 233 613 10
a 233 720 6
a 234 625 10
a 234 672 8
a 235 112 6
a 235 331 5
a 236 513 2
a 236 571 10
a 237 214 3
a 237 426 2
a 238 126 6
a 238 446 4
a 239 563 9
a 240 311 6
a 241 474 3
a 242 138 8
a 243 337 5
a 243 443 6
a 243 549 5
a 244 24 10
a 244 176 3
a 244 658 7
a 245 336 2
a 245 543 8
a 245 582 9
a 246 360 8
a 246 409 4
a 247 43 7
a 247 224 4
a 247 421 8
a 248 36 6
a 249 159 8
a 249 433 1
a 249 616 3
a 250 152 8
a 250 540 3
a 251 210 5
a 251 280 6
a 252 183 6
a 252 216 3
a 252 740 6
a 252 750 2
a 253 556 9
a 253 617 2
a 254 467 4
a 254 485 3
a 255 107 10
a 256 422 5
a 256 491 5
a 257 556 1
a 258 229 10
a 258 425 10
a 259 119 1
a 259 308 4
a 259 427 8
a 260 670 2
a 261 363 7
a 261 422 5
a 262 50 1
a 262 217 3
a 262 256 8
a 263 41 3
a 264 64 6
a 265 22 9
a 265 178 1
a 266 617 7
a 267 527 7
a 268 239 1
a 268 415 7
a 268 454 5
a 269 199 3
a 269 267 6
a 270 19 9
a 270 784 6
a 271 640 3
a 271 682 9
a 272 134 8
a 273 268 1
a 273 679 9
a 274 552 1
a 275 112 1
a 275 148 1
a 275 161 6
a 276 11 9
a 277 150 1
a 278 170 8
a 278 387 8
a 278 513 9
a 279 182 7
a 279 232 9
a 279 385 1
a 279 438 1
a 279 449 3
a 279 539 3
a 280 419 5
a 281 390 7
a 281 638 10
a 281 692 2
a 282 94 2
a 283 176 9
a 283 347 8
a 283 459 8
a 284 182 8
a 284 353 9
a 284 661 1
a 284 798 9
a 285 310 6
a 285 561 2
a 285 579 5
a 286 522 10
a 287 88 5
a 287 162 1
a 287 262 2
a 287 555 1
a 287 761 6
a 288 124 2
a 288 224 7
a 288 494 7
a 289 255 6
a 289 274 4
a 289 635 6
a 289 645 3
a 289 650 5
a 289 775 3
a 290 94 7
a 290 758 1
a 291 40 2
a 291 141 6
a 291 454 1
a 291 524 6
a 292 368 2
a 292 576 3
a 293 2 10
a 293 649 8
a 294 397 6
a 295 353 6
a 296 432 5
a 296 520 3
a 296 696 7
a 297 64 6
a 298 13 9
a 298 785 7
a 299 614 1
a 300 416 5
a 300 445 8
a 300 585 7
a 301 163 7
a 302 180 9
a 302 250 8
a 303 61 5
a 303 72 7
a 303 327 1
a 304 106 2
a 305 6 7
a 305 132 5
a 305 624 6
a 306 197 4
a 306 371 7
a 307 384 7
a 307 484 4
a 307 559 6
a 307 701 2
a 308 13 10
a 308 698 8
a 309 423 10
a 310 96 3
a 310 343 7
a 311 281 3
a 312 484 3
a 312 544 3
a 313 393 6
a 313 453 10
a 313 596 1
a 314 684 2
a 315 10 5
a 315 531 8
a 315 776 5
a 316 702 3
a 317 12 5
a 318 10 10
a 318 16 9
a 318 656 10
a 319 67 3
a 319 587 8
a 320 604 10
a 321 333 2
a 321 653 4
a 322 278 4
a 322 656 9
a 323 46 2
a 324 307 9
a 324 793 6
a 325 571 3
a 326 273 9
a 326 318 5
a 327 743 3
a 328 112 10
a 328 142 7
a 328 663 4
a 329 34 2
a 329 486 5
a 329 522 9
a 330 113 5
a 331 105 3
a 331 182 1
a 331 788 7
a 332 121 4
a 333 553 2
a 334 546 3
a 334 578 6
a 335 545 10
a 336 17 8
a 337 161 2
a 338 367 1
a 339 326 8
a 339 394 9
a 340 120 4
a 340 166 1
a 341 779 3
a 342 318 8
a 343 60 1
a 343 448 5
a 344 275 8
a 344 574 2
a 345 5 10
a 345 257 9
a 346 18 3
a 346 57 10
a 346 704 7
a 347 492 4
a 348 558 8
a 348 716 3
a 349 150 5
a 349 554 5
a 350 147 9
a 351 396 8
a 352 718 8
a 353 196 6
a 353 758 4
a 354 314 8
a 354 492 8
a 354 675 4
a 355 631 2
a 356 350 10
a 356 457 4
a 357 768 8
a 358 334 1
a 358 378 10
a 359 46 3
a 359 502 5
a 360 237 7
a 360 296 5
a 361 534 9
a 361 680 10
a 361 699 6
a 362 736 9
a 363 58 4
a 364 129 9
a 364 398 1
a 365 49 6
a 365 73 4
a 365 341 5
a 365 402 7
a 365 566 4
a 366 418 1
a 366 661 2
a 366 664 10
a 367 440 3
a 367 766 9
a 368 717 3
a 368 738 6
a 369 305 7
a 370 80 5
a 370 404 6
a 371 361 7
a 372 68 3
a 372 785 2
a 373 138 3
a 373 220 6
a 374 519 2
a 374 526 2
a 374 534 9
a 375 673 8
a 376 135 8
a 377 128 6
a 377 504 7
a 378 15 6
a 379 667 1
a 380 553 9
a 381 327 8
a 381 335 9
a 381 376 7
a 381 528 10
a 382 85 4
a 382 185 2
a 383 237 7
a 383 581 10
a 384 259 7
a 384 279 6
a 384 609 7
a 385 178 5
a 385 684 3
a 385 686 4
a 386 456 10
a 387 441 3
a 387 720 8
a 388 36 4
a 388 142 3
a 388 268 10
a 388 747 7
a 388 772 3
a 389 564 6
a 389 621 6
a 389 747 8
a 390 452 6
a 391 583 3
a 392 40 8
a 392 303 8
a 392 704 4
a 393 91 1
a 393 400 1
a 394 358 9
a 394 626 5
a 394 637 10
a 395 214 4
a 395 553 10
a 396 313 4
a 396 377 8
a 397 225 8
a 397 755 7
a 398 81 8
a 398 137 2
a 398 368 4
a 398 559 6
a 398 744 2
a 398 751 2
a 399 306 9
a 399 322 9
a 399 705 1
a 399 763 2
a 400 722 7
a 401 648 10
a 402 10 6
a 402 352 10
a 402 604 1
a 402 665 9
a 403 144 2
a 404 708 4
a 405 130 2
a 405 305 8
a 405 423 2
a 406 153 3
a 406 435 2
a 406 519 2
a 407 107 8
a 407 398 2
a 407 568 10
a 407 597 10
a 408 99 2
a 409 147 7
a 409 543 5
a 409 565 5
a 410 500 3
a 411 657 8
a 412 223 3
a 412 233 6
a 412 329 6
a 413 234 5
a 413 688 3
a 414 41 3
a 414 391 3
a 415 551 5
a 416 685 1
a 417 164 9
a 417 373 7
a 417 523 2
a 417 575 3
a 417 658 10
a 418 414 4
a 418 541 8
a 418 555 8
a 419 26 5
a 419 229 5
a 419 235 9
a 420 204 9
a 420 461 4
a 420 482 6
a 421 131 5
a 421 588 4
a 422 491 5
a 422 713 3
a 423 152 7
a 423 534 3
a 424 277 4
a 424 636 8
a 424 642 2
a 424 660 8
a 425 426 10
a 426 39 10
a 426 111 1
a 427 33 6
a 427 188 7
a 427 469 10
a 428 215 2
a 428 535 8
a 428 594 5
a 428 671 1
a 429 357 9
a 429 434 3
a 429 464 5
a 429 525 5
a 430 367 9
a 430 586 10
a 431 102 7
a 431 226 2
a 431 614 9
a 431 637 5
a 432 189 1
a 432 455 6
a 432 492 5
a 432 547 10
a 433 740 6
a 434 232 6
a 435 398 4
a 436 400 4
a 436 663 3
a 437 261 5
a 437 722 4
a 438 70 4
a 438 346 7
a 439 126 10
a 439 478 8
a 439 630 4
a 440 699 6
a 441 341 3
a 441 442 7
a 442 218 10
a 442 533 8
a 442 573 7
a 443 316 10
a 443 324 10
a 443 417 10
a 444 264 8
a 444 674 2
a 445 56 7
a 445 116 1
a 446 129 9
a 446 281 4
a 446 321 8
a 447 582 7
a 448 160 6
a 449 213 1
a 449 594 7
a 450 451 1
a 451 794 3
a 452 207 2
a 453 129 9
a 454 4 10
a 454 9 6
a 454 34 9
a 455 112 3
a 455 355 9
a 456 474 4
a 456 525 6
a 457 122 6
a 458 665 10
a 459 58 7
a 459 787 6
a 460 470 7
a 460 780 8
a 461 98 6
a 461 292 2
a 462 677 3
a 462 690 1
a 463 13 5
a 463 673 5
a 464 205 2
a 464 451 8
a 464 521 8
a 464 572 7
a 465 95 3
a 465 179 5
a 465 450 7
a 466 354 5
a 466 378 4
a 467 624 6
a 468 136 1
a 468 155 1
a 469 455 6
a 469 694 3
a 470 12 1
a 470 32 8
a 470 412 8
a 470 462 10
a 471 579 8
a 471 697 1
a 471 727 6
a 472 45 6
a 472 502 8
a 472 589 3
a 473 86 7
a 473 404 3
a 474 311 3
a 474 461 2
a 474 556 10
a 475 295 7
a 475 590 9
a 476 607 2
a 477 471 4
a 477 655 6
a 477 677 5
a 478 697 8
a 479 331 10
a 480 117 4
a 480 742 7
a 481 187 3
a 481 294 7
a 481 599 9
a 482 6 8
a 482 167 5
a 483 332 3
a 484 656 6
a 485 251 8
a 486 286 5
a 487 359 1
a 487 509 1
a 487 759 1
a 488 659 6
a 488 662 2
a 489 718 1
a 490 576 8
a 491 246 2
a 491 736 2
a 492 101 7
a 492 588 10
a 493 717 4
a 494 428 7
a 494 620 5
a 495 575 5
a 496 27 10
a 496 502 7
a 496 718 10
a 497 28 9
a 497 318 3
a 497 647 8
a 498 160 1
a 498 436 7
a 498 733 9
a 499 476 9
a 500 283 3
a 501 318 1
a 502 656 8
a 502 666 6
a 503 197 4
a 504 171 6
a 505 433 4
a 506 652 4
a 507 164 4
a 507 433 1
a 508 150 9
a 508 222 2
a 508 250 10
a 508 333 7
a 509 79 1
a 509 248 6
a 510 37 4
a 510 211 6
a 510 714 2
a 510 777 9
a 511 417 5
a 512 676 9
a 513 135 8
a 513 735 9
a 514 39 8
a 515 664 8
a 516 243 2
a 516 643 9
a 516 742 1
a 517 582 6
a 518 156 9
a 518 323 10
a 518 348 1
a 518 475 5
a 519 226 2
a 519 388 6
a 519 797 7
a 520 23 3
a 520 90 8
a 520 574 6
a 521 81 3
a 521 202 4
a 522 701 4
a 523 135 1
a 523 480 2
a 523 534 3
a 524 354 1
a 525 41 3
a 525 317 4
a 525 349 9
a 525 662 6
a 526 93 6
a 526 681 2
a 526 784 6
a 527 757 3
a 528 552 10
a 529 135 1
a 529 416 1
a 530 328 6
a 530 380 8
a 530 558 7
a 531 215 6
a 532 585 8
a 533 339 8
a 533 762 9
a 534 485 7
a 535 730 7
a 535 755 6
a 536 186 6
a 536 285 10
a 537 264 4
a 538 4 4
a 538 737 3
a 539 134 5
a 539 423 5
a 539 466 5
a 539 573 1
a 540 35 5
a 540 133 9
a 541 51 5
a 541 217 10
a 542 293 8
a 542 703 3
a 543 613 4
a 544 92 5
a 545 60 6
a 545 608 2
a 545 611 5
a 545 657 5
a 546 593 3
a 547 467 9
a 547 602 2
a 548 252 6
a 548 752 5
a 549 388 1
a 550 758 10
a 551 53 2
a 551 160 8
a 551 599 2
a 552 256 3
a 552 756 9
a 553 35 3
a 554 270 6
a 554 508 3
a 555 308 5
a 555 551 6
a 556 133 2
a 556 553 9
a 557 11 1
a 557 429 3
a 558 176 2
a 558 217 7
a 559 373 1
a 559 796 6
a 560 37 7
a 561 78 3
a 561 104 9
a 561 555 2
a 562 429 8
a 562 501 3
a 563 61 2
a 563 510 9
a 564 118 10
a 564 198 7
a 564 228 3
a 564 320 10
a 564 370 6
a 565 329 9
a 566 358 6
a 566 790 10
a 567 205 2
a 568 419 9
a 568 734 9
a 569 102 8
a 569 382 4
a 569 449 1
a 570 249 8
a 570 580 2
a 571 143 10
a 571 212 7
a 571 384 3
a 571 537 5
a 572 351 10
a 573 41 5
a 573 76 7
a 573 84 2
a 574 125 1
a 574 174 10
a 574 265 8
a 574 696 3
a 574 719 2
a 575 36 10
a 575 300 9
a 576 16 1
a 577 315 5
a 577 339 10
a 577 723 3
a 578 449 9
a 579 458 6
a 579 633 7
a 580 108 9
a 581 60 7
a 581 515 8
a 582 583 3
a 582 670 6
a 583 18 2
a 583 121 3
a 583 174 7
a 583 714 9
a 584 466 4
a 585 569 5
a 585 594 4
a 586 56 5
a 587 245 9
a 588 132 9
a 588 748 3
a 589 115 1
a 589 351 6
a 590 236 5
a 590 576 7
a 591 777 3
a 592 110 2
a 592 313 6
a 592 411 6
a 592 452 7
a 592 765 5
a 593 645 4
a 594 503 10
a 595 181 3
a 595 502 7
a 595 620 7
a 596 257 1
a 596 489 2
a 596 710 4
a 597 741 9
a 598 69 9
a 599 201 1
a 599 316 9
a 600 739 9
a 601 114 2
a 601 409 8
a 601 683 5
a 601 692 9
a 602 39 8
a 602 143 7
a 602 255 2
a 602 587 8
a 603 309 1
a 603 717 7
a 604 599 1
a 605 84 7
a 606 350 10
a 606 602 9
a 607 666 6
a 607 667 10
a 608 193 3
a 608 708 9
a 608 780 2
a 609 422 8
a 609 544 4
a 610 604 7
a 611 428 6
a 612 579 1
a 613 49 1
a 613 241 9
a 613 365 9
a 613 437 4
a 614 386 5
a 615 641 4
a 616 165 5
a 616 404 6
a 617 55 10
a 617 83 9
a 617 536 9
a 618 87 8
a 618 613 2
a 619 42 3
a 619 242 8
a 620 168 5
a 620 221 1
a 620 441 2
a 620 628 6
a 620 731 7
a 620 781 1
a 621 516 7
a 622 21 1
a 622 631 8
a 622 707 10
a 623 172 4
a 624 74 2
a 624 144 5
a 624 251 9
a 625 54 3
a 625 252 6
a 625 788 3
a 626 133 1
a 627 8 5
a 627 99 3
a 627 722 10
a 628 285 3
a 629 116 1
a 629 767 9
a 630 485 9
a 630 498 1
a 630 727 7
a 631 106 4
a 631 709 10
a 632 174 8
a 633 127 9
a 633 175 7
a 634 250 1
a 635 591 8
a 636 146 9
a 636 637 4
a 637 674 6
a 638 439 9
a 638 787 10
a 639 92 8
a 639 569 8
a 640 295 2
a 640 427 9
a 640 704 8
a 640 717 5
a 641 425 7
a 641 464 2
a 641 706 1
a 642 362 6
a 643 126 6
a 643 708 9
a 644 351 4
a 645 364 6
a 645 382 5
a 646 389 1
a 646 768 10
a 647 2 5
a 647 340 4
a 647 551 8
a 648 51 4
a 648 120 7
a 649 317 1
a 650 646 4
a 651 24 2
a 651 117 1
a 652 548 3
a 652 754 6
a 653 356 8
a 654 130 6
a 654 144 2
a 654 564 4
a 655 251 5
a 655 689 9
a 656 449 4
a 657 166 9
a 657 378 9
a 657 676 5
a 658 764 1
a 659 690 7
a 660 504 7
a 660 527 10
a 660 570 4
a 661 230 9
a 661 352 10
a 662 158 8
a 662 420 3
a 662 666 2
a 663 312 9
a 663 563 7
a 663 657 9
a 664 560 2
a 664 638 2
a 665 257 6
a 665 284 7
a 665 400 7
a 666 424 7
a 667 208 10
a 667 447 6
a 667 762 6
a 668 549 10
a 668 555 8
a 669 302 3
a 670 96 4
a 671 275 9
a 672 50 1
a 672 577 5
a 673 29 8
a 673 196 6
a 673 749 6
a 674 609 9
a 675 490 10
a 675 607 10
a 676 377 8
a 677 378 2
a 678 100 6
a 678 104 2
a 678 720 1
a 679 188 7
a 679 488 2
a 679 524 5
a 680 308 7
a 681 64 1
a 682 51 7
a 682 479 1
a 683 77 8
a 683 723 10
a 684 348 7
a 685 155 3
a 685 481 2
a 686 557 7
a 686 711 8
a 687 430 3
a 687 500 6
a 687 508 4
a 688 206 6
a 688 252 6
a 689 297 2
a 689 325 7
a 689 703 5
a 690 149 9
a 690 246 3
a 690 557 9
a 690 598 4
a 691 56 9
a 691 266 2
a 691 342 1
a 692 298 6
a 692 399 9
a 692 703 6
a 693 147 8
a 693 386 8
a 693 496 6
a 693 545 3
a 694 113 8
a 694 362 9
a 695 514 7
a 696 42 10
a 697 690 6
a 698 241 4
a 698 247 3
a 699 461 9
a 699 652 4
a 700 115 10
a 701 115 1
a 702 139 3
a 702 171 7
a 702 490 6
a 702 786 2
a 703 238 9
a 704 165 3
a 704 516 3
a 705 672 4
a 706 170 2
a 707 109 2
a 708 439 2
a 708 456 1
a 709 4 6
a 709 530 6
a 710 385 2
a 710 413 6
a 710 429 5
a 710 473 1
a 711 648 7
a 712 20 6
a 712 770 2
a 713 162 8
a 713 493 1
a 714 239 6
a 714 327 3
a 714 604 1
a 714 799 5
a 715 299 3
a 715 761 1
a 716 99 10
a 716 599 5
a 717 270 4
a 717 609 6
a 718 84 10
a 718 351 1
a 719 230 9
a 719 532 5
a 719 548 9
a 720 171 4
a 720 629 4
a 720 721 3
a 721 468 10
a 722 42 8
a 722 770 4
a 723 315 9
a 723 329 4
a 723 582 3
a 723 795 6
a 724 640 8
a 725 671 6
a 725 764 2
a 726 520 3
a 727 736 1
a 728 143 6
a 728 287 7
a 729 60 1
a 729 462 8
a 730 151 10
a 730 246 6
a 730 536 6
a 731 31 10
a 731 81 2
a 731 103 1
a 732 217 9
a 733 473 8
a 734 672 9
a 735 29 6
a 735 778 5
a 736 483 4
a 736 717 8
a 737 275 2
a 738 173 10
a 738 425 9
a 738 465 10
a 739 538 8
a 740 159 4
a 741 15 7
a 741 108 10
a 741 770 1
a 742 65 9
a 742 267 3
a 743 284 5
a 743 615 2
a 744 449 4
a 745 115 6
a 745 458 10
a 746 97 7
a 746 654 7
a 746 720 3
a 747 447 7
a 747 606 4
a 747 639 2
a 748 185 5
a 749 20 1
a 749 520 2
a 749 605 1
a 750 546 3
a 750 573 7
a 751 30 10
a 752 552 4
a 752 580 9
a 753 180 9
a 754 678 10
a 754 734 8
a 755 81 9
a 755 194 7
a 755 399 3
a 755 771 10
a 756 670 4
a 757 660 10
a 757 687 3
a 758 458 1
a 759 74 5
a 759 567 6
a 760 387 2
a 761 139 6
a 761 338 9
a 761 403 8
a 762 539 5
a 763 541 7
a 763 562 3
a 763 739 2
a 764 194 7
a 764 600 5
a 765 738 2
a 766 195 6
a 767 4 6
a 768 233 10
a 769 203 2
a 769 274 7
a 769 369 9
a 769 586 1
a 770 488 6
a 770 506 8
a 771 458 8
a 772 649 9
a 773 607 6
a 773 648 10
a 774 210 1
a 774 352 6
a 775 87 2
a 775 552 8
a 775 740 4
a 776 260 3
a 777 191 9
a 777 515 7
a 777 584 4
a 778 172 4
a 778 391 6
a 779 250 3
a 780 298 8
a 780 565 6
a 781 231 3
a 781 490 3
a 782 677 4
a 782 688 9
a 782 726 5
a 783 38 3
a 783 195 4
a 783 746 7
a 784 282 3
a 785 553 6
a 785 670 9
a 786 583 4
a 787 664 10
a 788 123 6
a 788 425 4
a 789 577 9
a 790 546 2
a 791 156 7
a 791 724 4
a 792 447 8
a 793 635 1
a 794 724 4
a 795 41 8
a 795 695 2
a 795 749 5
a 796 420 7
a 796 534 1
a 797 463 9
a 797 796 1
a 798 712 4
a 799 410 7
a 799 758 5
