p max 800 1600
n 1 s
n 800 t
a 1 413 4
a 1 538 5
a 1 729 2
a 1 799 3
a 2 337 10
a 3 310 3
a 3 493 1
a 4 225 6
a 4 779 8
a 5 667 10
a 6 147 1
a 7 412 1
a 7 717 9
a 7 798 8
a 8 375 10
a 8 668 1
a 9 137 6
a 10 149 10
a 10 656 1
a 10 777 8
a 11 13 9
a 11 50 3
a 11 592 10
a 12 156 3
a 12 756 3
a 13 42 6
a 13 206 6
a 13 615 5
a 14 312 7
a 14 675 5
a 15 192 10
a 16 186 10
a 16 789 8
a 17 127 6
a 17 244 7
a 17 615 2
a 18 202 1
a 19 406 8
a 20 157 9
a 21 148 1
a 21 234 10
a 22 55 7
a 22 631 1
a 23 68 4
a 23 126 2
a 24 477 2
a 25 302 6
a 25 557 10
a 25 638 8
a 26 104 5
a 26 155 3
a 27 341 6
a 28 21 1
a 29 243 2
a 29 355 5
a 29 785 2
a 30 754 9
a 31 364 4
a 31 706 4
a 32 429 9
a 33 179 1
a 33 771 5
a 34 214 9
a 34 335 6
a 34 528 3
a 35 434 9
a 35 481 4
a 36 418 5
a 36 643 4
a 37 300 4
a 37 450 5
a 37 573 8
a 38 517 1
a 38 700 7
a 39 661 5
a 40 143 7
a 40 578 3
a 40 662 9
a 41 165 5
a 41 234 10
a 41 766 3
a 42 678 5
a 43 294 5
a 43 678 6
a 43 767 5
a 44 241 3
a 45 65 3
a 45 565 7
a 46 30 4
a 46 78 2
a 47 650 4
a 48 55 6
a 48 757 10
a 49 209 2
a 49 358 3
a 50 589 7
a 51 89 8
a 51 90 8
a 52 499 10
a 52 597 8
a 53 178 8
a 53 637 2
a 53 688 3
a 53 790 7
a 54 74 1
a 54 232 4
a 55 685 10
a 56 5 8
a 56 154 5
a 56 205 6
a 57 786 3
a 58 45 5
a 58 180 3
a 58 703 7
a 58 740 7
a 59 46 8
a 59 388 1
a 60 10 5
a 60 692 5
a 61 129 10
a 61 305 6
a 61 579 8
a 62 652 4
a 63 106 6
a 63 229 4
a 63 378 9
a 63 626 2
a 63 782 3
a 64 245 7
a 64 348 2
a 64 484 1
a 65 329 7
a 66 442 10
a 66 470 7
a 67 109 6
a 67 304 3
a 67 609 6
a 68 451 3
a 68 795 4
a 69 287 10
a 69 482 9
a 69 515 4
a 69 663 5
a 70 221 2
a 70 561 8
a 71 177 6
a 71 346 3
a 72 331 1
a 72 755 7
a 73 36 6
a 74 264 2
a 74 293 6
a 74 563 9
a 75 387 3
a 76 383 5
a 77 161 3
a 77 326 8
a 78 19 3
a 78 373 2
a 79 711 4
a 80 57 3
a 80 161 1
a 80 231 3
a 81 16 7
a 81 89 1
a 81 224 5
a 82 34 4
a 82 527 2
a 83 326 6
a 84 345 7
a 84 581 5
a 85 565 7
a 85 711 10
a 86 46 7
a 86 697 4
a 86 743 7
a 87 38 4
a 87 596 5
a 87 613 9
a 88 10 10
a 88 295 4
a 89 86 10
a 89 470 8
a 90 213 3
a 90 710 5
a 91 230 9
a 91 648 1
a 92 41 6
a 92 425 2
a 92 470 5
a 92 746 5
a 93 166 2
a 94 47 1
a 94 334 5
a 95 71 5
a 96 294 3
a 96 317 5
a 96 379 4
a 97 535 3
a 97 703 8
a 97 704 10
a 98 21 4
a 98 635 9
a 99 460 3
a 100 69 10
a 100 546 5
a 101 327 7
a 101 661 10
a 102 401 4
a 102 671 9
a 102 684 2
a 102 779 6
a 103 187 9
a 104 465 3
a 104 514 4
a 105 228 6
a 106 421 2
a 107 42 10
a 107 143 4
a 108 117 6
a 108 120 5
a 108 191 1
a 109 440 6
a 110 774 3
a 111 129 3
a 111 766 4
a 112 274 3
a 112 758 4
a 112 785 5
a 113 207 8
a 114 332 3
a 114 761 6
a 115 552 7
a 115 683 7
a 116 284 4
a 117 38 8
a 118 255 1
a 118 326 9
a 119 179 7
a 119 315 9
a 120 713 4
a 121 431 1
a 121 478 6
a 122 147 6
a 122 153 7
a 123 30 6
a 123 170 5
a 123 741 3
a 124 190 7
a 124 370 5
a 125 793 10
a 126 181 9
a 126 382 6
a 126 645 1
a 127 220 5
a 127 436 7
a 128 247 6
a 128 676 1
a 128 761 1
a 129 477 6
a 130 163 9
a 130 483 5
a 131 77 3
a 131 728 2
a 132 377 7
a 133 148 2
a 134 94 3
a 135 151 3
a 135 451 4
a 136 662 9
a 136 800 7
a 137 517 7
a 138 204 10
a 138 552 1
a 139 63 8
a 140 80 7
a 140 264 1
a 140 454 7
a 140 648 5
a 141 427 3
a 141 438 10
a 142 292 6
a 142 307 6
a 142 438 9
a 143 13 1
a 143 104 6
a 143 162 9
a 143 682 4
a 144 61 6
a 144 96 1
a 144 458 7
a 145 394 9
a 146 223 7
a 147 56 5
a 147 657 4
a 148 349 5
a 149 499 6
a 150 294 8
a 150 738 10
a 151 73 10
a 152 110 7
a 152 781 5
a 153 120 10
a 153 444 10
a 153 791 5
a 154 112 1
a 154 316 7
a 155 354 2
a 155 614 3
a 156 51 6
a 156 391 9
a 157 204 6
a 158 358 2
a 158 530 2
a 158 531 9
a 158 744 7
a 159 447 6
a 159 584 7
a 160 23 3
a 160 620 9
a 161 84 6
a 161 132 8
a 162 440 5
a 162 572 4
a 162 610 8
a 163 71 2
a 163 114 7
a 164 649 3
a 165 150 3
a 165 381 9
a 165 449 4
a 165 587 9
a 166 356 6
a 167 341 6
a 168 771 6
a 169 94 10
a 169 564 6
a 170 585 10
a 171 394 9
a 171 733 9
a 171 737 5
a 172 22 7
a 172 547 6
a 172 574 3
a 172 659 3
a 172 737 10
a 173 17 10
a 173 283 5
a 174 61 1
a 174 310 6
a 175 400 8
a 176 418 1
a 176 701 1
a 177 397 8
a 177 625 5
a 178 516 6
a 178 760 6
a 179 332 6
a 179 672 10
a 180 101 6
a 180 769 2
a 181 142 5
a 182 411 8
a 182 736 5
a 183 534 6
a 183 773 4
a 184 539 6
a 185 305 6
a 186 98 2
a 186 511 9
a 186 512 1
a 187 250 10
a 187 353 3
a 187 680 10
a 188 277 6
a 188 301 2
a 188 443 7
a 188 546 8
a 189 410 4
a 189 472 2
a 189 514 5
a 190 492 9
a 191 235 8
a 191 269 7
a 191 630 5
a 192 328 4
a 193 331 8
a 193 366 9
a 194 406 2
a 194 743 10
a 194 784 4
a 195 321 4
a 196 496 1
a 196 563 4
a 196 650 4
a 197 62 3
a 197 616 9
a 198 596 10
a 199 250 5
a 199 320 8
a 200 311 1
a 201 571 10
a 202 96 3
a 202 659 8
a 203 192 2
a 203 476 7
a 203 513 5
a 203 660 6
a 204 746 6
a 205 40 9
a 205 714 6
a 205 771 9
a 206 102 7
a 206 333 8
a 206 570 1
a 207 383 1
a 207 740 2
a 208 325 8
a 208 571 10
a 208 660 5
a 209 48 2
a 210 309 3
a 210 480 2
a 211 362 8
a 212 151 1
a 212 636 8
a 213 119 8
a 213 673 3
a 214 76 1
a 214 404 6
a 214 405 9
a 215 165 8
a 215 398 5
a 216 313 1
a 216 461 1
a 216 485 5
a 217 787 6
a 218 72 4
a 218 374 4
a 219 88 2
a 219 91 6
a 219 482 2
a 219 689 1
a 220 113 3
a 220 469 9
a 221 649 4
a 221 651 1
a 222 779 6
a 223 493 7
a 223 673 8
a 224 316 10
a 224 366 7
a 224 569 4
a 224 629 6
a 225 788 3
a 226 720 2
a 227 56 2
a 228 500 1
a 228 514 10
a 229 597 1
a 229 770 1
a 230 317 10
a 231 62 9
a 231 504 8
a 232 276 3
a 233 378 7
a 234 49 5
a 234 203 5
a 234 363 3
a 235 58 5
a 236 638 4
a 236 685 9
a 237 795 2
a 238 82 5
a 238 332 1
a 238 794 4
a 239 189 5
a 239 611 7
a 240 353 2
a 241 640 5
a 242 47 10
a 243 241 10
a 243 271 9
a 243 661 3
a 243 723 6
a 244 793 9
a 245 704 2
a 246 477 2
a 246 493 6
a 246 612 1
a 247 624 2
a 248 136 10
a 248 716 9
a 249 30 8
a 249 198 8
a 250 55 10
a 250 260 8
a 250 570 5
a 251 481 1
a 251 556 9
a 252 350 10
a 252 432 6
a 252 519 5
a 252 558 9
a 253 7 4
a 253 347 1
a 253 773 9
a 254 149 10
a 254 392 1
a 255 12 5
a 255 527 6
a 255 600 6
a 256 173 1
a 257 500 3
a 257 595 5
a 258 149 6
a 258 227 9
a 259 54 7
a 259 667 5
a 259 750 6
a 260 280 5
a 260 332 3
a 261 278 6
a 261 303 1
a 261 531 3
a 261 698 7
a 262 108 2
a 262 421 10
a 263 580 7
a 263 679 4
a 264 86 9
a 264 173 3
a 264 212 1
a 265 279 7
a 265 610 8
a 265 778 5
a 266 31 1
a 266 129 3
a 266 156 2
a 266 494 3
a 267 467 5
a 268 466 8
a 269 756 6
a 270 388 9
a 271 24 1
a 272 58 4
a 272 314 10
a 273 92 8
a 273 111 2
a 273 718 6
a 274 732 6
a 275 79 2
a 275 388 2
a 275 778 6
a 276 71 7
a 276 669 9
a 277 258 9
a 278 124 6
a 278 241 4
a 278 321 8
a 278 400 8
a 279 422 6
a 279 619 2
a 280 538 2
a 280 616 4
a 281 728 4
a 282 765 3
a 282 792 6
a 283 428 2
a 283 473 4
a 284 412 2
a 284 686 4
a 285 282 7
a 285 508 5
a 286 519 3
a 287 328 9
a 287 755 7
a 288 186 6
a 288 371 8
a 288 720 10
a 289 136 3
a 290 51 4
a 291 323 6
a 291 745 4
a 292 115 2
a 292 692 4
a 293 248 2
a 293 327 5
a 294 566 8
a 295 64 9
a 295 143 3
a 295 462 3
a 296 177 4
a 296 297 2
a 296 640 9
a 297 693 4
a 298 548 10
a 298 722 7
a 299 87 9
a 300 621 8
a 300 719 6
a 301 6 8
a 302 21 4
a 302 745 6
a 303 743 8
a 304 534 8
a 305 65 6
a 305 357 5
a 305 462 8
a 306 155 4
a 306 386 6
a 307 131 5
a 307 414 4
a 308 572 4
a 309 387 6
a 310 680 2
a 311 312 2
a 311 385 8
a 311 419 5
a 312 776 5
a 313 175 3
a 314 345 6
a 315 562 6
a 316 396 4
a 317 354 4
a 318 260 7
a 318 507 7
a 319 489 4
a 319 748 4
a 320 214 9
a 320 376 7
a 320 776 1
a 321 487 6
a 321 610 10
a 322 160 5
a 323 24 10
a 323 467 8
a 323 741 6
a 323 793 1
a 324 259 8
a 324 678 8
a 324 679 6
a 325 524 6
a 326 159 6
a 326 577 7
a 327 52 10
a 327 774 7
a 328 186 3
a 328 202 8
a 328 322 6
a 329 639 6
a 330 174 2
a 330 240 8
a 330 255 7
a 330 372 7
a 330 395 9
a 331 218 1
a 331 283 7
a 331 289 1
a 331 426 2
a 331 778 7
a 332 16 1
a 333 146 1
a 333 167 9
a 334 133 6
a 334 695 2
a 335 17 1
a 335 432 3
a 335 486 9
a 336 607 2
a 337 74 3
a 337 553 5
a 338 277 5
a 338 621 4
a 339 434 5
a 339 721 6
a 340 309 4
a 341 349 10
a 342 288 8
a 342 737 2
a 343 284 10
a 344 15 6
a 344 309 8
a 344 614 6
a 344 620 3
a 345 39 7
a 345 99 1
a 346 669 1
a 347 11 9
a 347 221 10
a 347 498 1
a 348 206 7
a 348 334 8
a 349 776 2
a 350 217 2
a 350 479 3
a 350 671 8
a 351 35 7
a 351 134 2
a 351 622 2
a 351 634 6
a 352 324 9
a 352 404 6
a 352 626 10
a 353 620 1
a 354 191 4
a 354 366 8
a 354 471 6
a 355 260 8
a 356 290 8
a 356 580 4
a 357 108 1
a 357 220 5
a 358 170 5
a 359 139 9
a 360 538 3
a 361 365 1
a 362 36 10
a 363 90 10
a 363 116 6
a 363 197 7
a 363 488 8
a 364 114 3
a 364 582 10
a 365 782 7
a 366 419 4
a 366 510 8
a 367 181 2
a 367 508 2
a 368 137 1
a 368 214 8
a 369 58 3
a 369 324 4
a 369 644 10
a 370 317 4
a 370 431 8
a 371 393 7
a 372 123 7
a 372 360 4
a 372 427 9
a 373 188 4
a 373 211 8
a 373 267 6
a 374 767 1
a 375 176 10
a 375 491 9
a 376 399 2
a 377 403 1
a 378 384 9
a 378 588 10
a 379 513 6
a 380 265 2
a 380 340 5
a 381 523 1
a 381 723 2
a 382 607 7
a 383 173 4
a 384 66 10
a 385 525 3
a 385 596 5
a 386 41 9
a 387 365 4
a 388 618 9
a 389 110 1
a 389 518 7
a 389 599 3
a 390 441 8
a 390 505 8
a 391 568 2
a 392 525 2
a 393 122 1
a 393 145 5
a 394 694 3
a 394 789 9
a 395 371 4
a 396 90 9
a 396 452 3
a 396 641 4
a 397 15 3
a 398 196 7
a 398 327 4
a 399 4 3
a 399 715 9
a 399 787 2
a 400 137 10
a 400 167 7
a 400 696 2
a 401 361 1
a 401 367 5
a 401 509 4
a 402 208 2
a 402 575 1
a 403 604 7
a 403 706 10
a 404 534 2
a 405 191 10
a 405 446 6
a 406 241 10
a 406 645 3
a 407 164 8
a 407 299 10
a 407 319 7
a 407 694 3
a 407 728 7
a 407 763 8
a 408 228 8
a 408 320 8
a 408 555 6
a 409 217 6
a 409 427 6
a 410 376 9
a 410 433 5
a 410 753 1
a 411 393 9
a 412 207 2
a 412 309 8
a 412 382 5
a 412 604 6
a 413 53 1
a 413 138 4
a 413 281 2
a 414 648 2
a 415 560 3
a 415 712 10
a 415 764 5
a 415 772 7
a 416 166 10
a 416 729 9
a 417 393 7
a 418 212 7
a 418 285 5
a 419 272 1
a 419 705 6
a 420 318 4
a 420 337 6
a 421 201 5
a 421 336 9
a 421 590 8
a 421 601 6
a 422 60 9
a 422 603 5
a 422 783 8
a 422 784 6
a 423 18 2
a 423 540 2
a 424 764 5
a 425 711 7
a 426 616 4
a 427 267 4
a 427 337 1
a 427 422 6
a 427 503 5
a 428 71 1
a 428 359 8
a 428 390 6
a 429 144 6
a 429 436 9
a 430 639 2
a 430 643 6
a 430 722 5
a 431 690 5
a 432 150 8
a 432 360 8
a 432 403 1
a 432 430 7
a 432 435 5
a 433 17 5
a 434 393 3
a 434 739 4
a 435 282 8
a 435 291 6
a 436 708 1
a 437 134 10
a 437 428 10
a 437 762 4
a 438 63 8
a 438 409 2
a 438 632 3
a 439 708 10
a 440 26 3
a 440 324 3
a 440 399 9
a 441 186 5
a 441 690 4
a 442 225 4
a 443 172 7
a 443 533 8
a 443 560 7
a 444 412 2
a 445 136 7
a 445 589 7
a 446 117 1
a 447 75 7
a 447 135 6
a 447 561 9
a 447 742 8
a 447 765 9
a 448 482 5
a 448 518 3
a 448 522 3
a 448 585 7
a 449 432 3
a 450 411 6
a 451 512 7
a 452 42 2
a 452 190 10
a 452 502 5
a 452 747 1
a 452 780 8
a 453 607 8
a 454 103 6
a 454 115 4
a 454 666 4
a 455 225 8
a 455 429 9
a 455 586 5
a 456 562 6
a 457 197 9
a 457 346 6
a 458 49 7
a 458 121 1
a 458 271 5
a 459 176 9
a 459 281 7
a 459 346 7
a 460 56 5
a 460 389 1
a 460 800 3
a 461 140 2
a 461 402 10
a 461 526 6
a 461 752 4
a 462 71 7
a 462 94 5
a 462 390 4
a 462 613 1
a 463 76 1
a 463 454 9
a 463 624 2
a 464 264 4
a 465 128 1
a 465 253 9
a 466 181 7
a 466 732 4
a 466 774 5
a 467 347 9
a 468 465 6
a 468 497 10
a 469 85 10
a 469 258 2
a 469 286 2
a 469 668 5
a 469 701 5
a 470 18 10
a 470 444 10
a 471 370 2
a 472 683 5
a 473 782 6
a 474 492 2
a 475 413 2
a 476 18 7
a 476 20 7
a 476 451 9
a 476 724 7
a 476 727 3
a 477 116 1
a 478 266 3
a 478 504 3
a 479 3 6
a 479 387 1
a 479 490 4
a 479 707 5
a 480 490 10
a 481 331 9
a 481 391 7
a 482 46 5
a 483 400 1
a 483 796 2
a 484 136 6
a 485 4 9
a 486 6 4
a 486 80 2
a 486 524 10
a 487 258 2
a 487 362 4
a 488 377 7
a 488 674 6
a 488 764 8
a 489 404 7
a 490 84 2
a 490 159 9
a 490 557 1
a 490 581 10
a 490 788 1
a 491 181 3
a 492 641 2
a 493 655 6
a 493 715 5
a 494 368 2
a 494 424 4
a 495 167 3
a 495 349 2
a 495 734 10
a 496 737 10
a 497 311 4
a 497 395 7
a 498 439 7
a 499 71 5
a 499 708 9
a 500 67 10
a 500 758 10
a 501 302 1
a 502 93 8
a 503 76 10
a 504 277 1
a 504 495 3
a 504 695 9
a 505 115 9
a 505 754 7
a 506 210 2
a 506 624 10
a 507 376 9
a 507 547 6
a 508 160 2
a 508 171 6
a 508 558 3
a 509 24 10
a 509 100 10
a 509 338 9
a 510 150 10
a 510 499 10
a 511 157 8
a 511 400 9
a 512 313 8
a 513 707 2
a 514 74 9
a 514 499 7
a 515 342 4
a 515 451 4
a 515 457 2
a 516 448 10
a 516 520 6
a 516 568 1
a 516 728 6
a 517 270 4
a 517 556 8
a 518 517 3
a 519 79 1
a 519 306 6
a 520 26 10
a 521 173 5
a 521 223 10
a 521 602 9
a 522 156 4
a 522 261 4
a 523 416 10
a 523 583 6
a 524 238 10
a 524 273 2
a 524 300 10
a 525 611 10
a 525 751 4
a 526 36 5
a 526 56 3
a 526 485 2
a 526 593 10
a 527 566 3
a 527 631 1
a 528 361 6
a 528 591 1
a 529 107 3
a 529 504 5
a 530 313 3
a 530 662 10
a 531 228 7
a 532 379 9
a 533 101 7
a 533 459 6
a 534 33 10
a 534 222 10
a 535 421 7
a 535 756 5
a 536 85 10
a 537 722 8
a 538 580 1
a 538 729 10
a 539 213 5
a 539 501 1
a 539 511 1
a 540 150 10
a 540 195 7
a 540 705 2
a 541 659 8
a 542 274 6
a 542 600 3
a 543 154 10
a 543 573 6
a 543 769 5
a 544 244 7
a 545 238 2
a 546 463 7
a 547 212 1
a 548 226 6
a 548 505 6
a 548 751 7
a 549 19 4
a 549 68 6
a 550 201 9
a 550 253 7
a 551 541 4
a 552 768 5
a 553 195 7
a 553 216 4
a 553 544 5
a 554 205 1
a 554 238 5
a 554 331 2
a 555 229 5
a 556 118 8
a 556 169 7
a 556 184 1
a 556 505 4
a 556 550 7
a 556 726 7
a 557 180 9
a 558 81 5
a 558 122 6
a 559 323 3
a 559 727 3
a 560 86 6
a 560 139 2
a 560 199 10
a 561 309 6
a 562 513 9
a 563 532 4
a 563 731 5
a 564 541 9
a 565 66 2
a 565 237 2
a 566 787 3
a 567 44 1
a 567 158 8
a 567 613 4
a 568 208 5
a 568 445 4
a 569 609 4
a 569 735 7
a 570 779 1
a 571 240 3
a 571 425 10
a 571 464 9
a 571 484 9
a 571 491 9
a 572 322 9
a 572 455 6
a 572 744 7
a 573 157 10
a 573 786 5
a 574 235 9
a 574 372 4
a 574 655 6
a 575 725 1
a 576 343 6
a 576 380 4
a 576 521 8
a 577 216 7
a 577 252 2
a 578 358 1
a 578 693 6
a 579 577 2
a 580 11 7
a 580 429 9
a 581 623 8
a 581 794 5
a 582 798 2
a 583 371 7
a 583 416 7
a 583 600 6
a 584 679 9
a 585 185 2
a 585 510 7
a 586 14 7
a 586 99 6
a 586 183 4
a 586 410 9
a 586 644 7
a 587 228 1
a 588 219 2
a 588 606 4
a 589 152 8
a 589 537 9
a 590 521 10
a 591 70 10
a 591 725 6
a 591 763 4
a 592 751 1
a 593 276 2
a 593 414 3
a 594 187 2
a 594 798 1
a 595 727 2
a 596 595 7
a 597 614 2
a 598 46 9
a 598 625 3
a 599 183 3
a 599 664 1
a 600 312 6
a 601 94 6
a 601 466 7
a 602 587 3
a 603 210 1
a 603 568 2
a 604 9 6
a 604 141 7
a 604 386 3
a 605 63 10
a 605 66 8
a 605 113 2
a 605 327 3
a 606 642 8
a 606 719 10
a 607 373 6
a 607 408 6
a 607 562 1
a 607 709 4
a 608 25 2
a 608 698 7
a 609 352 8
a 609 378 10
a 610 483 3
a 611 516 8
a 612 535 8
a 612 768 5
a 613 757 2
a 614 31 9
a 614 672 2
a 615 3 4
a 616 746 10
a 617 322 1
a 617 649 2
a 618 667 4
a 619 369 10
a 619 460 8
a 619 521 6
a 620 604 5
a 621 591 8
a 622 545 7
a 623 8 8
a 623 221 9
a 624 146 2
a 625 222 4
a 626 335 3
a 626 605 3
a 626 680 5
a 627 545 2
a 628 489 3
a 628 727 4
a 629 510 3
a 629 718 4
a 630 97 2
a 630 219 2
a 630 453 8
a 630 506 2
a 631 165 4
a 631 685 5
a 632 35 9
a 632 168 1
a 632 329 9
a 633 286 10
a 633 702 6
a 634 373 6
a 634 424 4
a 635 420 2
a 635 604 6
a 635 646 8
a 636 91 8
a 636 296 7
a 636 298 7
a 637 184 2
a 637 310 10
a 638 405 9
a 638 545 7
a 638 682 9
a 639 66 4
a 640 152 2
a 640 265 6
a 640 543 3
a 641 783 7
a 642 688 7
a 643 293 5
a 643 351 8
a 643 414 8
a 643 773 7
a 644 182 3
a 644 541 4
a 645 152 5
a 645 529 6
a 646 579 4
a 647 344 5
a 647 360 7
a 647 385 1
a 648 2 4
a 648 149 8
a 648 216 4
a 648 730 6
a 649 125 1
a 649 464 7
a 650 213 3
a 651 229 9
a 651 347 3
a 651 407 4
a 652 343 8
a 653 207 7
a 654 16 6
a 655 513 1
a 656 220 3
a 657 67 2
a 658 32 6
a 658 101 6
a 659 389 6
a 659 554 5
a 660 48 7
a 661 516 1
a 661 551 1
a 661 614 3
a 662 87 6
a 662 145 3
a 662 588 9
a 663 192 8
a 663 598 4
a 663 634 9
a 664 242 6
a 665 567 4
a 665 691 2
a 666 224 5
a 666 236 1
a 667 60 10
a 667 239 3
a 667 393 4
a 668 679 2
a 669 187 1
a 669 483 4
a 670 301 3
a 670 468 7
a 671 73 9
a 671 83 10
a 671 535 7
a 671 549 3
a 672 254 2
a 672 494 2
a 672 618 1
a 672 749 3
a 673 164 5
a 673 417 3
a 674 179 4
a 675 262 2
a 675 341 6
a 675 411 6
a 675 422 8
a 676 726 1
a 677 478 6
a 677 670 4
a 678 414 1
a 678 536 1
a 679 415 7
a 679 508 2
a 679 559 9
a 680 330 1
a 680 778 5
a 680 798 6
a 681 293 5
a 681 628 6
a 682 208 8
a 682 268 2
a 682 550 6
a 683 619 9
a 684 147 7
a 684 181 2
a 684 215 8
a 685 234 10
a 685 289 8
a 686 252 4
a 687 162 8
a 687 691 2
a 688 3 1
a 688 263 3
a 689 526 1
a 689 775 1
a 690 59 4
a 690 492 2
a 690 633 4
a 691 130 5
a 691 471 10
a 692 41 2
a 693 166 3
a 694 284 5
a 694 590 4
a 694 664 5
a 695 312 9
a 695 546 8
a 696 427 1
a 697 102 10
a 697 490 6
a 697 757 2
a 698 747 3
a 699 793 1
a 700 29 4
a 700 233 7
a 700 293 4
a 701 142 4
a 701 161 1
a 701 764 3
a 702 17 6
a 703 328 6
a 703 356 10
a 704 594 3
a 704 642 9
a 705 242 4
a 705 423 6
a 705 476 5
a 705 627 1
a 706 286 6
a 707 64 7
a 707 752 1
a 708 251 2
a 708 424 1
a 708 690 4
a 709 314 6
a 710 258 5
a 710 677 8
a 711 17 8
a 711 194 10
a 712 630 5
a 713 42 3
a 713 343 3
a 714 182 6
a 714 212 3
a 715 662 8
a 716 81 6
a 716 222 2
a 717 543 8
a 718 135 6
a 719 778 5
a 720 249 6
a 720 474 9
a 720 539 10
a 720 586 7
a 721 286 8
a 721 380 10
a 721 447 9
a 721 687 10
a 722 609 5
a 722 708 10
a 723 386 10
a 724 4 6
a 724 361 10
a 725 54 6
a 725 136 4
a 726 669 5
a 727 24 3
a 727 615 9
a 728 270 5
a 729 209 6
a 729 518 7
a 729 699 4
a 730 113 2
a 731 48 6
a 731 205 6
a 732 10 9
a 733 263 8
a 733 607 10
a 734 732 4
a 735 37 3
a 735 352 4
a 735 797 6
a 736 323 10
a 737 308 1
a 737 652 7
a 738 20 1
a 738 654 8
a 739 95 6
a 739 691 9
a 740 28 1
a 740 779 5
a 741 185 8
a 742 168 3
a 742 247 6
a 743 752 7
a 744 105 9
a 744 640 9
a 744 661 5
a 745 306 8
a 746 226 5
a 746 257 4
a 747 276 6
a 748 346 10
a 749 786 1
a 750 437 8
a 750 510 7
a 751 23 7
a 752 67 8
a 752 447 2
a 753 127 10
a 753 499 8
a 754 439 5
a 754 506 2
a 755 365 5
a 755 677 4
a 756 473 5
a 757 475 7
a 757 683 7
a 758 475 10
a 758 757 6
a 759 257 8
a 760 576 8
a 760 705 7
a 761 145 7
a 761 653 8
a 761 792 2
a 762 59 6
a 762 608 7
a 762 785 8
a 763 33 10
a 763 617 4
a 763 667 1
a 764 454 3
a 764 665 9
a 765 164 1
a 765 219 1
a 766 38 8
a 766 178 4
a 766 246 7
a 766 647 10
a 767 152 3
a 767 658 7
a 768 175 4
a 768 369 6
a 768 731 6
a 769 256 9
a 769 456 2
a 769 517 9
a 769 530 5
a 770 90 1
a 771 21 7
a 772 193 7
a 772 771 1
a 773 100 9
a 773 200 10
a 774 651 7
a 775 489 10
a 776 502 3
a 777 149 10
a 777 275 3
a 777 339 9
a 777 434 1
a 778 27 2
a 778 463 7
a 778 563 10
a 778 679 2
a 779 530 4
a 780 152 3
a 780 566 2
a 781 10 5
a 781 290 4
a 782 744 8
a 783 211 8
a 783 542 9
a 784 199 4
a 785 155 4
a 785 168 6
a 785 652 9
a 786 363 9
a 786 681 9
a 786 759 8
a 787 506 9
a 787 681 9
a 788 161 9
a 788 519 4
a 788 771 1
a 789 115 10
a 789 713 2
a 790 267 5
a 790 482 2
a 791 72 5
a 791 148 9
a 791 511 5
a 792 519 3
a 793 361 9
a 794 492 3
a 794 768 8
a 795 464 6
a 796 43 9
a 796 460 9
a 796 743 4
a 797 93 8
a 797 605 10
a 798 396 4
a 798 522 7
a 799 590 2
