p max 900 1800
n 1 s
n 900 t
a 1 463 3
a 1 608 5
a 1 665 10
a 2 65 3
a 2 635 9
a 3 365 8
a 3 397 6
a 4 396 10
a 4 433 1
a 5 537 4
a 6 333 10
a 7 512 8
a 7 724 9
a 8 64 10
a 8 474 10
a 8 601 7
a 9 334 5
a 9 454 10
a 10 237 10
a 10 462 4
a 11 27 8
a 11 632 7
a 11 828 4
a 12 155 2
a 13 132 3
a 14 444 2
a 15 877 7
a 16 169 5
a 16 674 9
a 16 771 6
a 16 790 9
a 17 277 10
a 18 681 6
a 19 70 2
a 19 301 10
a 20 280 1
a 20 633 4
a 21 481 6
a 21 639 2
a 22 181 8
a 22 840 2
a 23 111 2
a 23 266 9
a 23 412 10
a 24 406 7
a 24 563 8
a 25 281 4
a 26 296 10
a 26 764 6
a 26 875 2
a 27 614 10
a 28 68 3
a 28 734 9
a 28 829 5
a 29 56 4
a 29 329 8
a 29 494 5
a 29 755 2
a 29 822 1
a 30 106 3
a 30 344 3
a 30 593 4
a 31 273 1
a 31 390 6
a 31 679 4
a 32 656 9
a 32 822 7
a 33 253 4
a 33 434 7
a 34 518 1
a 34 703 5
a 35 29 10
a 35 199 7
a 35 897 7
a 36 534 7
a 37 152 6
a 37 201 2
a 37 335 3
a 38 35 4
a 38 189 10
a 38 539 6
a 39 875 5
a 40 368 3
a 40 767 5
a 41 47 3
a 41 781 5
a 42 106 7
a 42 279 4
a 42 448 6
a 42 597 4
a 43 699 8
a 44 563 1
a 44 833 3
a 45 274 10
a 45 496 3
a 45 614 3
a 45 868 4
a 46 379 9
a 47 175 8
a 47 733 6
a 48 182 6
a 48 368 1
a 49 100 6
a 49 466 3
a 50 247 7
a 51 200 4
a 51 261 6
a 51 418 4
a 51 519 9
a 52 574 1
a 52 638 3
a 52 647 7
a 53 312 5
a 53 669 4
a 54 815 5
a 55 342 5
a 55 572 2
a 56 287 6
a 57 215 7
a 57 626 2
a 58 348 9
a 59 263 10
a 59 280 1
a 59 330 6
a 59 333 8
a 60 778 8
a 61 43 6
a 62 123 8
a 62 323 8
a 63 208 8
a 64 406 5
a 64 523 2
a 64 537 9
a 65 709 6
a 66 423 5
a 67 119 3
a 67 525 9
a 67 851 2
a 68 124 3
a 68 231 5
a 68 524 5
a 69 672 1
a 70 546 5
a 70 675 1
a 70 870 10
a 71 772 2
a 72 574 2
a 73 832 10
a 74 278 3
a 74 527 6
a 74 779 6
a 75 244 4
a 75 363 6
a 75 780 1
a 76 639 6
a 76 890 8
a 77 628 6
a 78 76 2
a 78 521 8
a 78 753 9
a 79 207 10
a 80 5 4
a 80 389 10
a 80 847 8
a 81 792 5
a 82 630 9
a 82 643 10
a 83 27 10
a 83 362 8
a 83 811 4
a 84 342 1
a 84 349 5
a 85 480 2
a 85 501 2
a 86 85 4
a 87 497 6
a 87 863 5
a 88 11 6
a 88 778 10
a 89 63 5
a 89 161 3
a 89 831 2
a 90 749 4
a 91 169 10
a 92 31 3
a 92 385 10
a 92 598 5
a 93 127 7
a 93 191 10
a 93 539 9
a 93 734 10
a 94 252 2
a 94 644 6
a 95 587 5
a 96 49 8
a 96 762 10
a 97 514 7
a 98 513 4
a 99 243 5
a 99 396 8
a 100 142 1
a 101 479 6
a 102 299 2
a 102 309 8
a 102 852 3
a 103 23 10
a 103 110 10
a 103 151 5
a 103 429 4
a 104 528 3
a 105 308 6
a 105 622 7
a 106 726 1
a 107 119 2
a 108 78 8
a 108 708 10
a 109 394 5
a 109 467 2
a 110 39 2
a 111 175 9
a 112 324 2
a 112 360 6
a 112 511 5
a 113 48 4
a 113 739 10
a 113 888 2
a 114 79 2
a 114 358 7
a 114 716 4
a 115 764 5
a 116 423 2
a 116 468 5
a 117 17 9
a 117 504 8
a 118 155 6
a 118 167 3
a 118 710 7
a 119 3 8
a 119 651 5
a 120 460 10
a 120 669 5
a 121 305 5
a 122 799 10
a 123 469 2
a 123 541 10
a 124 588 5
a 125 556 5
a 125 765 7
a 126 419 8
a 126 423 4
a 126 856 10
a 127 229 4
a 127 666 1
a 128 505 6
a 128 616 6
a 128 742 8
a 129 196 8
a 130 222 2
a 130 388 9
a 130 759 10
a 131 391 8
a 131 496 3
a 132 391 3
a 133 182 7
a 134 36 4
a 135 292 2
a 136 707 1
a 136 837 8
a 137 369 10
a 137 459 6
a 137 666 6
a 137 789 6
a 138 691 8
a 139 824 4
a 140 34 6
a 140 495 1
a 141 593 4
a 142 429 3
a 143 474 6
a 143 813 5
a 144 282 5
a 144 363 10
a 145 454 2
a 145 584 4
a 145 706 7
a 145 892 1
a 146 356 3
a 147 443 6
a 147 892 7
a 148 48 9
a 148 553 8
a 148 828 1
a 149 2 7
a 150 405 7
a 150 702 10
a 151 864 4
a 152 122 7
a 152 314 1
a 153 638 3
a 153 705 9
a 153 742 1
a 154 198 2
a 154 452 1
a 155 143 8
a 155 258 1
a 156 734 9
a 157 225 2
a 157 239 1
a 157 893 4
a 158 458 3
a 158 653 1
a 159 708 3
a 159 815 5
a 160 620 7
a 160 882 3
a 161 102 3
a 161 237 1
a 162 294 3
a 162 543 10
a 163 663 6
a 163 702 8
a 164 61 10
a 164 189 2
a 165 108 10
a 165 307 4
a 165 588 7
a 165 751 2
a 166 683 3
a 166 731 4
a 167 57 9
a 167 407 5
a 167 539 7
a 168 87 4
a 168 193 5
a 168 365 7
a 169 183 9
a 170 354 2
a 170 452 3
a 170 502 2
a 171 265 3
a 171 819 6
a 172 612 10
a 173 221 6
a 174 290 8
a 174 861 4
a 175 63 8
a 176 263 8
a 176 533 6
a 177 888 1
a 178 607 9
a 179 12 9
a 180 806 10
a 181 38 1
a 181 73 10
a 181 302 3
a 182 465 6
a 183 267 10
a 183 278 6
a 183 438 7
a 184 217 7
a 184 437 8
a 185 87 2
a 185 379 3
a 185 578 8
a 186 12 10
a 186 304 10
a 186 548 2
a 187 214 2
a 187 337 5
a 187 650 5
a 188 358 1
a 188 507 7
a 189 356 4
a 190 20 3
a 190 803 5
a 191 477 7
a 191 692 10
a 192 85 10
a 193 360 10
a 193 682 7
a 194 230 6
a 195 311 5
a 195 845 3
a 196 222 4
a 196 281 4
a 196 596 7
a 196 690 4
a 197 72 3
a 197 486 10
a 197 815 6
a 198 213 3
a 198 792 8
a 199 21 3
a 199 648 1
a 199 709 3
a 200 557 7
a 201 286 4
a 202 187 9
a 203 403 6
a 203 625 4
a 203 695 10
a 204 52 6
a 204 684 6
a 205 625 7
a 206 443 7
a 207 765 7
a 207 858 9
a 208 196 2
a 209 22 6
a 209 867 6
a 210 15 9
a 210 178 4
a 210 181 6
a 211 289 8
a 212 37 5
a 212 426 4
a 212 493 1
a 212 629 9
a 212 818 4
a 213 393 4
a 213 597 10
a 213 600 7
a 213 789 7
a 214 73 3
a 215 161 2
a 215 900 9
a 216 172 1
a 216 279 4
a 217 704 4
a 218 817 5
a 219 632 3
a 220 229 1
a 220 247 2
a 221 832 7
a 222 734 3
a 223 36 1
a 223 647 7
a 224 436 3
a 225 272 2
a 225 685 9
a 226 247 2
a 227 799 3
a 228 58 1
a 228 317 6
a 229 560 4
a 230 8 1
a 230 357 2
a 231 205 9
a 231 702 3
a 232 358 6
a 232 485 6
a 233 46 8
a 233 305 2
a 233 495 8
a 234 683 10
a 234 748 5
a 235 689 8
a 235 838 10
a 236 390 8
a 237 285 2
a 237 529 8
a 237 725 10
a 238 364 7
a 239 547 10
a 239 825 5
a 240 151 2
a 240 298 6
a 241 178 9
a 241 544 5
a 241 746 8
a 242 711 1
a 242 813 1
a 243 799 2
a 243 864 7
a 244 382 5
a 245 315 9
a 245 899 4
a 246 65 10
a 246 286 6
a 246 735 8
a 246 745 4
a 247 60 3
a 247 184 3
a 247 409 5
a 247 654 3
a 248 780 1
a 249 256 3
a 249 607 8
a 250 318 9
a 250 355 9
a 250 846 8
a 250 860 6
a 251 165 6
a 251 575 1
a 251 714 5
a 251 782 10
a 252 348 3
a 252 422 6
a 252 666 1
a 252 788 2
a 253 604 6
a 254 752 8
a 255 146 4
a 255 799 8
a 255 891 6
a 256 420 8
a 256 549 8
a 256 602 3
a 257 141 9
a 257 442 10
a 257 726 1
a 257 812 6
a 257 900 8
a 258 260 1
a 258 737 4
a 259 227 6
a 259 328 1
a 259 855 4
a 260 583 2
a 260 730 2
a 261 542 9
a 261 682 4
a 261 710 1
a 262 452 5
a 262 816 8
a 263 98 8
a 263 847 1
a 264 496 1
a 264 557 3
a 265 112 9
a 265 215 4
a 266 321 7
a 266 567 10
a 267 407 7
a 268 280 3
a 269 342 4
a 270 366 4
a 270 561 10
a 271 292 7
a 272 82 1
a 272 544 3
a 273 591 7
a 273 699 1
a 274 202 4
a 274 366 1
a 275 379 5
a 275 881 10
a 276 10 1
a 276 111 10
a 277 573 8
a 277 586 7
a 278 702 6
a 279 435 1
a 280 535 7
a 281 136 2
a 281 750 3
a 281 873 8
a 282 492 6
a 283 323 1
a 283 885 9
a 284 591 4
a 284 688 6
a 284 844 5
a 285 470 7
a 285 688 2
a 286 3 6
a 286 737 5
a 287 32 3
a 287 826 3
a 287 869 3
a 288 622 6
a 288 771 2
a 289 664 3
a 290 709 4
a 291 198 4
a 291 522 8
a 291 554 1
a 291 747 2
a 292 377 4
a 292 592 8
a 292 641 10
a 293 191 4
a 294 899 7
a 295 677 5
a 295 765 8
a 295 852 4
a 296 659 4
a 297 699 8
a 298 104 6
a 298 358 6
a 299 87 1
a 300 12 10
a 300 837 7
a 301 764 7
a 302 219 8
a 302 453 8
a 302 767 9
a 303 438 6
a 304 41 4
a 304 261 4
a 305 828 7
a 306 712 3
a 307 217 3
a 307 317 7
a 307 693 2
a 307 859 6
a 307 865 6
a 308 581 3
a 308 709 8
a 309 3 4
a 309 92 8
a 310 113 9
a 310 312 10
a 310 555 6
a 311 33 1
a 312 297 8
a 312 562 4
a 312 610 8
a 313 787 7
a 313 895 5
a 314 269 5
a 314 725 2
a 315 795 3
a 316 21 7
a 316 687 5
a 317 259 2
a 318 80 1
a 318 367 4
a 318 433 2
a 318 587 10
a 318 624 5
a 319 295 9
a 319 479 9
a 320 240 7
a 320 300 6
a 320 342 6
a 321 149 5
a 321 315 7
a 321 582 7
a 322 682 2
a 323 516 2
a 323 893 5
a 324 41 7
a 324 103 6
a 325 2 7
a 325 39 8
a 325 712 4
a 326 418 4
a 326 837 10
a 327 86 6
a 327 633 10
a 327 756 7
a 328 529 8
a 329 19 2
a 329 758 8
a 330 371 9
a 330 775 10
a 330 848 9
a 331 246 10
a 331 577 3
a 331 664 10
a 332 427 7
a 333 122 4
a 333 578 2
a 334 24 1
a 334 884 1
a 335 445 1
a 335 534 1
a 335 609 8
a 335 708 7
a 335 866 8
a 336 116 6
a 336 420 3
a 336 839 9
a 336 876 1
a 337 176 2
a 337 477 7
a 338 554 4
a 339 299 5
a 340 674 5
a 341 483 3
a 342 117 3
a 343 746 8
a 344 210 6
a 344 857 4
a 344 888 4
a 345 164 3
a 345 521 8
a 345 602 5
a 346 103 3
a 347 95 2
a 347 256 1
a 347 662 1
a 347 810 5
a 348 839 5
a 349 154 2
a 349 321 9
a 349 404 6
a 349 435 6
a 349 560 3
a 350 492 9
a 351 436 1
a 351 878 7
a 352 96 6
a 352 313 3
a 352 653 4
a 353 127 3
a 354 528 3
a 354 564 2
a 354 695 1
a 355 120 4
a 355 316 2
a 355 526 4
a 356 376 10
a 356 388 6
a 356 573 2
a 357 329 6
a 358 272 5
a 358 456 1
a 358 472 6
a 358 774 10
a 359 305 1
a 359 443 7
a 359 710 2
a 360 720 10
a 361 104 7
a 361 757 6
a 362 240 2
a 362 345 3
a 362 448 1
a 362 874 8
a 363 488 3
a 364 325 2
a 365 451 4
a 365 671 2
a 366 201 3
a 367 476 1
a 367 851 9
a 368 834 5
a 369 410 2
a 369 514 8
a 369 587 2
a 369 850 3
a 370 126 7
a 371 540 4
a 371 856 10
a 372 874 4
a 373 262 6
a 374 306 4
a 374 343 6
a 374 765 4
a 375 117 5
a 375 867 8
a 376 288 1
a 376 582 10
a 377 298 7
a 378 699 9
a 379 489 7
a 380 725 9
a 381 144 4
a 381 760 7
a 382 254 2
a 383 876 3
a 384 84 7
a 384 527 6
a 385 276 1
a 385 548 9
a 386 787 1
a 386 827 1
a 387 52 2
a 387 428 10
a 388 872 2
a 389 28 4
a 389 224 8
a 389 622 2
a 390 700 10
a 391 363 10
a 392 875 3
a 393 483 3
a 393 721 9
a 394 785 4
a 394 808 7
a 395 75 2
a 396 859 10
a 397 880 3
a 398 703 3
a 399 121 1
a 399 612 9
a 400 326 4
a 400 370 1
a 401 899 4
a 402 680 7
a 402 684 4
a 403 401 8
a 403 554 7
a 403 879 3
a 404 178 9
a 404 828 2
a 405 593 7
a 406 121 5
a 406 386 9
a 406 614 5
a 406 660 1
a 407 212 3
a 407 747 8
a 407 794 9
a 408 6 2
a 408 438 9
a 409 630 1
a 410 571 8
a 411 321 3
a 411 763 1
a 412 363 9
a 412 384 6
a 412 825 3
a 413 767 10
a 414 28 9
a 415 357 7
a 415 652 7
a 416 429 9
a 416 508 8
a 416 625 2
a 417 634 8
a 418 864 1
a 419 168 5
a 419 213 7
a 420 579 9
a 421 296 8
a 422 595 5
a 422 836 4
a 423 301 1
a 423 378 9
a 423 698 6
a 423 873 6
a 424 29 2
a 425 471 5
a 425 503 5
a 425 690 10
a 426 524 7
a 427 138 10
a 427 152 7
a 427 233 5
a 428 339 2
a 428 636 8
a 429 559 1
a 429 826 3
a 429 832 4
a 430 426 7
a 430 608 10
a 430 880 2
a 431 230 5
a 431 551 2
a 432 218 6
a 432 659 9
a 432 684 10
a 433 133 3
a 434 53 9
a 434 281 1
a 434 653 2
a 434 843 3
a 435 799 5
a 436 513 10
a 436 555 1
a 436 875 8
a 437 344 8
a 438 226 6
a 438 359 7
a 438 830 9
a 439 547 10
a 440 482 4
a 441 310 3
a 441 839 9
a 442 36 5
a 443 97 9
a 443 148 10
a 444 520 8
a 444 649 1
a 445 9 3
a 445 258 7
a 446 130 10
a 447 160 10
a 448 257 3
a 449 863 7
a 450 283 8
a 450 647 9
a 450 823 1
a 451 364 4
a 451 722 9
a 451 831 10
a 452 221 4
a 452 664 1
a 453 284 6
a 454 247 5
a 455 259 1
a 455 384 10
a 456 114 10
a 456 887 10
a 457 341 2
a 457 649 2
a 458 128 4
a 458 650 8
a 459 70 3
a 459 157 4
a 459 320 1
a 460 550 6
a 460 778 4
a 461 473 8
a 461 512 5
a 461 631 5
a 462 143 7
a 462 488 4
a 463 256 7
a 464 786 4
a 465 179 7
a 465 409 2
a 466 613 10
a 467 175 7
a 467 588 9
a 467 650 7
a 468 473 1
a 469 340 8
a 469 590 7
a 470 137 6
a 470 778 2
a 471 494 3
a 472 100 6
a 472 660 10
a 472 743 8
a 472 820 1
a 473 93 2
a 473 455 8
a 474 236 1
a 474 669 4
a 475 244 6
a 475 670 1
a 476 101 10
a 476 124 7
a 476 482 9
a 477 621 6
a 477 744 10
a 478 182 1
a 479 387 8
a 479 636 6
a 479 752 6
a 480 30 7
a 480 53 7
a 480 356 9
a 481 593 9
a 482 277 9
a 482 879 2
a 482 886 1
a 483 273 4
a 483 350 3
a 483 793 7
a 484 269 10
a 485 159 2
a 485 561 7
a 486 54 4
a 486 213 5
a 486 740 8
a 487 131 3
a 488 700 3
a 489 242 9
a 489 876 3
a 490 504 1
a 490 509 6
a 491 338 9
a 492 111 9
a 492 474 5
a 493 45 1
a 493 797 9
a 494 84 7
a 494 232 4
a 494 645 10
a 495 548 5
a 496 170 6
a 496 326 1
a 496 807 3
a 497 13 8
a 497 579 5
a 497 580 8
a 498 826 7
a 499 284 7
a 500 268 1
a 500 499 9
a 501 806 4
a 502 368 7
a 502 648 1
a 503 464 8
a 503 681 3
a 504 469 6
a 505 192 10
a 505 432 6
a 505 517 2
a 506 113 5
a 506 180 1
a 507 24 10
a 507 225 1
a 507 768 7
a 507 796 4
a 508 145 3
a 508 272 2
a 508 276 9
a 508 381 9
a 508 783 9
a 509 685 1
a 509 817 10
a 510 50 4
a 510 107 3
a 510 552 6
a 511 107 7
a 512 273 2
a 512 848 8
a 513 264 10
a 513 446 5
a 514 662 7
a 515 336 2
a 516 16 7
a 516 566 4
a 516 829 4
a 517 211 4
a 517 597 7
a 518 178 1
a 519 393 6
a 520 332 3
a 521 204 5
a 521 448 6
a 521 701 1
a 522 408 7
a 522 841 7
a 523 275 9
a 523 632 6
a 524 42 7
a 524 531 8
a 525 150 2
a 525 392 6
a 526 383 6
a 526 816 3
a 527 520 2
a 528 202 1
a 528 439 8
a 528 588 1
a 528 634 10
a 528 699 3
a 529 45 3
a 530 292 6
a 531 23 9
a 532 150 2
a 532 655 6
a 533 44 8
a 534 71 1
a 534 449 4
a 534 745 4
a 535 694 3
a 536 343 3
a 536 613 7
a 537 135 3
a 537 656 8
a 538 766 6
a 538 787 6
a 539 165 7
a 539 166 4
a 539 842 9
a 540 801 5
a 541 184 3
a 541 848 1
a 541 898 7
a 542 458 3
a 543 185 8
a 544 689 5
a 545 801 10
a 546 879 3
a 547 74 2
a 547 90 2
a 547 165 9
a 548 239 7
a 549 350 4
a 549 674 6
a 550 535 6
a 551 42 7
a 551 156 8
a 552 118 10
a 552 187 3
a 552 816 9
a 553 173 6
a 553 650 7
a 554 442 9
a 555 280 3
a 556 73 4
a 556 728 5
a 556 899 5
a 557 293 10
a 557 676 1
a 558 133 6
a 558 433 5
a 558 527 10
a 558 530 6
a 558 801 4
a 559 305 9
a 560 251 10
a 560 568 9
a 560 667 3
a 560 782 6
a 560 808 4
a 560 849 7
a 561 17 4
a 562 266 4
a 562 424 9
a 562 791 2
a 563 18 3
a 563 276 2
a 563 546 4
a 564 67 9
a 564 717 4
a 565 451 3
a 565 610 6
a 566 159 9
a 567 44 2
a 567 62 4
a 567 402 9
a 567 585 9
a 568 9 1
a 568 245 10
a 568 340 3
a 569 139 7
a 569 661 4
a 570 495 6
a 571 129 4
a 571 191 10
a 572 154 7
a 573 771 6
a 574 475 7
a 574 808 3
a 575 231 3
a 575 871 8
a 576 283 5
a 576 738 5
a 577 94 3
a 577 370 4
a 577 409 3
a 578 450 7
a 578 456 7
a 578 571 3
a 579 195 1
a 580 490 5
a 580 521 6
a 580 854 6
a 581 521 7
a 581 883 2
a 582 282 1
a 582 510 8
a 583 35 3
a 583 579 3
a 584 265 4
a 584 290 10
a 584 689 4
a 585 235 5
a 585 327 2
a 585 475 4
a 586 42 6
a 586 134 5
a 586 576 2
a 586 732 8
a 587 312 4
a 587 417 9
a 587 489 5
a 587 565 7
a 588 8 1
a 588 123 1
a 588 271 3
a 588 646 4
a 588 821 1
a 589 161 8
a 589 436 6
a 589 708 6
a 590 177 10
a 590 465 7
a 590 881 8
a 591 220 10
a 591 236 8
a 592 570 3
a 593 819 7
a 594 341 9
a 595 777 7
a 596 38 1
a 596 431 5
a 596 470 7
a 597 43 10
a 597 491 3
a 597 498 10
a 597 729 10
a 598 878 7
a 599 425 10
a 599 577 1
a 600 501 8
a 600 577 7
a 601 242 10
a 602 275 3
a 602 351 3
a 602 678 10
a 603 119 8
a 603 439 6
a 603 444 10
a 604 134 2
a 605 103 5
a 605 473 6
a 606 469 5
a 606 672 1
a 607 85 9
a 608 272 8
a 609 88 2
a 609 325 8
a 609 874 2
a 610 162 4
a 610 558 2
a 611 69 3
a 611 785 6
a 612 87 9
a 612 872 9
a 613 261 8
a 613 612 8
a 614 602 4
a 615 333 6
a 616 383 1
a 617 138 4
a 617 767 4
a 618 406 4
a 619 38 8
a 620 14 5
a 620 644 4
a 621 464 7
a 621 482 3
a 622 194 3
a 622 636 5
a 623 143 7
a 624 83 7
a 624 605 2
a 624 748 2
a 624 890 2
a 625 114 9
a 625 618 2
a 626 575 6
a 627 814 3
a 628 664 8
a 629 761 1
a 629 762 10
a 630 249 9
a 630 361 8
a 630 575 8
a 631 839 8
a 632 506 10
a 632 667 6
a 633 16 5
a 633 394 1
a 633 595 9
a 634 245 8
a 634 374 8
a 635 31 4
a 635 371 10
a 636 671 3
a 637 358 9
a 638 739 7
a 639 717 7
a 640 622 7
a 641 670 5
a 642 132 10
a 642 607 2
a 642 745 4
a 643 801 9
a 644 174 9
a 644 671 6
a 645 62 9
a 645 572 7
a 646 429 2
a 646 765 6
a 647 62 10
a 647 694 2
a 648 238 4
a 648 342 8
a 649 476 2
a 650 366 8
a 650 536 7
a 651 77 6
a 651 314 3
a 652 697 8
a 653 332 6
a 653 401 4
a 654 120 1
a 655 419 2
a 655 483 2
a 656 873 2
a 657 194 10
a 658 11 5
a 659 105 6
a 659 570 5
a 660 545 6
a 660 628 2
a 660 644 3
a 661 210 5
a 661 658 6
a 661 805 4
a 661 862 1
a 662 33 9
a 662 81 8
a 662 319 8
a 663 373 10
a 663 455 7
a 663 603 10
a 664 179 5
a 664 234 6
a 664 754 4
a 665 442 1
a 666 69 7
a 666 719 8
a 667 59 9
a 667 89 5
a 667 192 6
a 667 242 10
a 668 291 5
a 669 285 5
a 669 331 2
a 669 639 10
a 670 551 10
a 670 662 6
a 670 668 10
a 671 689 2
a 671 704 10
a 672 363 6
a 673 51 9
a 673 424 6
a 673 644 4
a 674 254 9
a 674 375 7
a 674 700 9
a 674 830 1
a 675 794 7
a 675 855 10
a 676 568 10
a 677 381 3
a 677 727 7
a 678 99 3
a 678 452 10
a 679 160 1
a 680 137 8
a 680 182 9
a 680 190 5
a 681 160 7
a 682 103 6
a 682 492 4
a 683 54 3
a 684 814 3
a 685 582 6
a 686 667 2
a 687 744 2
a 688 321 1
a 689 3 6
a 690 13 3
a 691 619 1
a 692 440 6
a 692 441 4
a 692 777 1
a 693 160 9
a 693 402 2
a 694 7 7
a 694 150 6
a 694 230 10
a 694 618 7
a 694 786 6
a 695 411 4
a 695 627 7
a 696 139 10
a 696 273 7
a 697 228 6
a 697 429 7
a 697 518 9
a 697 692 9
a 697 723 3
a 698 308 1
a 699 186 1
a 699 551 1
a 699 781 2
a 699 877 7
a 700 399 5
a 701 360 7
a 702 410 5
a 703 171 5
a 704 129 3
a 704 515 6
a 705 838 5
a 706 19 6
a 706 849 6
a 707 31 10
a 707 398 6
a 708 135 1
a 709 188 10
a 709 255 5
a 709 657 10
a 709 884 7
a 710 850 10
a 710 889 9
a 711 37 10
a 712 206 6
a 712 324 1
a 712 721 3
a 713 208 1
a 713 897 10
a 714 87 2
a 714 343 10
a 714 628 9
a 715 757 3
a 716 419 10
a 716 440 6
a 717 133 6
a 717 718 10
a 717 795 5
a 718 723 1
a 719 580 1
a 720 126 7
a 720 140 6
a 720 335 10
a 720 461 1
a 721 147 5
a 721 411 5
a 721 869 1
a 722 38 9
a 722 48 1
a 723 195 7
a 723 393 8
a 724 568 8
a 725 676 3
a 726 40 7
a 726 777 7
a 727 25 8
a 727 63 5
a 728 345 5
a 729 45 3
a 729 125 4
a 729 336 4
a 729 611 2
a 729 640 9
a 729 716 7
a 729 779 2
a 730 170 2
a 730 538 9
a 731 94 3
a 731 346 10
a 731 855 1
a 732 363 7
a 733 853 6
a 733 866 10
a 734 237 5
a 734 294 4
a 734 399 5
a 735 179 2
a 736 359 2
a 736 393 2
a 737 554 10
a 738 350 2
a 738 824 4
a 738 889 1
a 739 289 7
a 739 736 5
a 739 784 8
a 740 750 6
a 741 404 7
a 742 160 6
a 742 287 6
a 743 283 1
a 743 381 9
a 743 639 2
a 744 829 7
a 745 190 4
a 745 221 3
a 746 143 5
a 746 248 4
a 747 81 9
a 747 796 3
a 748 447 6
a 748 741 5
a 748 775 8
a 749 549 5
a 750 62 5
a 751 246 2
a 752 515 7
a 752 592 7
a 752 760 3
a 753 745 8
a 754 11 1
a 754 860 8
a 755 454 4
a 756 223 4
a 756 547 1
a 757 320 7
a 758 598 5
a 758 615 2
a 759 36 9
a 759 270 8
a 760 202 2
a 760 604 5
a 761 32 8
a 761 91 9
a 761 338 4
a 762 97 10
a 762 209 5
a 762 210 9
a 763 154 4
a 763 284 10
a 763 872 10
a 764 230 4
a 765 109 3
a 765 131 6
a 765 174 5
a 765 863 7
a 766 377 5
a 766 389 6
a 767 4 6
a 767 399 3
a 767 634 4
a 768 222 3
a 768 569 8
a 769 37 6
a 769 744 10
a 770 676 7
a 771 330 7
a 771 746 9
a 772 140 9
a 772 749 7
a 773 115 10
a 773 541 5
a 773 647 1
a 774 94 3
a 774 217 5
a 774 500 6
a 775 50 4
a 775 537 4
a 776 642 8
a 777 20 9
a 777 167 10
a 778 404 5
a 778 514 4
a 779 414 10
a 779 862 7
a 780 591 9
a 781 426 7
a 781 478 4
a 781 527 2
a 782 873 3
a 783 630 1
a 783 696 2
a 783 844 2
a 784 352 1
a 784 606 5
a 784 620 1
a 785 54 6
a 785 384 5
a 786 408 5
a 787 67 6
a 787 68 6
a 787 185 6
a 787 673 9
a 788 267 3
a 788 422 3
a 789 262 8
a 789 347 9
a 789 535 6
a 789 569 4
a 789 637 6
a 789 697 10
a 790 140 10
a 791 788 1
a 792 264 7
a 792 395 2
a 792 684 8
a 793 473 7
a 794 253 8
a 795 814 8
a 796 197 6
a 796 273 4
a 797 427 8
a 797 808 10
a 798 204 2
a 799 93 8
a 799 250 5
a 799 777 9
a 800 827 6
a 801 484 8
a 801 607 1
a 802 26 2
a 802 215 6
a 802 709 2
a 803 799 5
a 803 825 3
a 804 521 3
a 804 640 7
a 805 585 3
a 806 770 6
a 807 492 8
a 808 457 4
a 808 861 5
a 808 877 5
a 809 66 4
a 809 808 3
a 810 487 5
a 810 599 5
a 810 669 4
a 811 68 6
a 811 295 4
a 811 778 7
a 812 91 7
a 812 845 10
a 813 94 2
a 813 323 7
a 814 109 2
a 814 531 2
a 815 272 2
a 815 589 2
a 816 307 8
a 817 414 6
a 818 209 8
a 819 230 6
a 819 353 1
a 820 751 3
a 821 2 1
a 821 413 6
a 821 617 4
a 821 831 7
a 822 100 7
a 823 105 10
a 823 207 2
a 823 813 8
a 824 408 8
a 824 715 2
a 825 836 8
a 826 249 7
a 827 130 9
a 827 132 7
a 827 430 8
a 828 641 1
a 829 2 2
a 829 141 1
a 829 171 1
a 830 80 9
a 830 203 3
a 831 575 6
a 831 772 6
a 832 323 6
a 833 815 2
a 834 111 10
a 835 162 4
a 835 259 7
a 835 400 3
a 835 469 2
a 836 161 4
a 836 188 1
a 836 802 7
a 837 347 5
a 837 720 9
a 838 343 3
a 839 470 5
a 839 809 9
a 839 826 1
a 840 303 10
a 840 689 4
a 841 288 5
a 841 291 10
a 841 293 6
a 842 221 6
a 842 822 5
a 843 124 7
a 843 764 7
a 844 458 4
a 844 540 9
a 844 856 3
a 845 49 10
a 845 769 7
a 845 782 2
a 846 372 6
a 846 698 2
a 847 257 3
a 847 433 1
a 847 798 9
a 848 208 4
a 848 595 4
a 849 238 6
a 850 679 8
a 851 540 9
a 851 773 7
a 852 380 1
a 852 564 8
a 852 590 8
a 853 556 10
a 853 563 4
a 854 235 7
a 854 896 1
a 855 201 6
a 855 212 5
a 856 316 7
a 856 470 6
a 856 642 8
a 856 715 9
a 856 787 2
a 857 321 8
a 858 438 2
a 859 183 3
a 859 266 9
a 859 691 10
a 859 732 4
a 860 611 3
a 860 806 6
a 861 462 3
a 861 499 6
a 862 90 4
a 862 770 8
a 863 382 1
a 863 713 9
a 864 196 4
a 864 764 4
a 865 43 5
a 865 708 10
a 865 834 7
a 866 583 8
a 866 882 10
a 867 619 10
a 867 636 1
a 868 706 5
a 868 722 4
a 869 737 6
a 869 814 1
a 870 802 10
a 871 216 4
a 871 393 10
a 872 550 5
a 873 602 3
a 874 701 8
a 875 492 5
a 876 17 3
a 876 82 5
a 876 434 4
a 876 623 8
a 877 117 1
a 877 649 8
a 877 816 6
a 878 55 6
a 878 236 2
a 878 253 4
a 878 678 9
a 879 158 8
a 879 657 3
a 880 277 6
a 881 90 10
a 881 785 8
a 881 810 10
a 882 594 1
a 882 776 10
a 882 784 1
a 882 823 3
a 882 894 8
a 883 440 6
a 883 532 6
a 884 85 8
a 884 163 10
a 884 786 4
a 885 52 5
a 885 92 2
a 885 292 5
a 885 830 10
a 886 340 8
a 886 873 1
a 887 864 8
a 888 322 9
a 888 697 7
a 889 352 5
a 889 415 7
a 889 602 7
a 889 692 10
a 889 800 2
a 890 492 10
a 890 598 3
a 890 629 6
a 891 240 1
a 892 142 6
a 892 205 5
a 892 729 4
a 893 816 6
a 893 835 2
a 894 30 2
a 895 625 5
a 896 686 6
a 896 804 7
a 897 153 7
a 897 188 4
a 897 382 7
a 897 421 2
a 897 619 4
a 897 686 2
a 898 241 5
a 898 416 6
a 898 723 6
a 899 75 2
a 899 888 4
