p max 900 1800
n 1 s
n 900 t
a 1 413 1
a 1 665 1
a 2 123 10
a 2 787 5
a 3 73 1
a 3 377 6
a 3 592 4
a 3 830 4
a 4 389 9
a 5 323 4
a 6 428 1
a 6 462 9
a 7 519 3
a 8 151 8
a 9 614 8
a 9 677 7
a 9 813 3
a 9 823 1
a 10 24 4
a 10 398 3
a 11 674 6
a 12 762 1
a 13 126 5
a 13 219 5
a 13 451 4
a 13 613 3
a 14 500 8
a 14 540 10
a 15 772 3
a 16 221 4
a 16 418 8
a 17 3 2
a 17 550 8
a 17 569 8
a 18 311 10
a 18 720 2
a 18 876 4
a 19 400 6
a 19 856 4
a 20 803 8
a 21 730 5
a 21 825 4
a 22 623 1
a 23 2 5
a 23 502 6
a 23 668 3
a 24 78 6
a 24 569 8
a 25 153 4
a 25 665 6
a 26 626 8
a 27 86 1
a 27 190 6
a 27 808 4
a 28 127 7
a 28 242 2
a 28 249 3
a 29 81 3
a 29 230 1
a 29 272 4
a 29 637 8
a 30 425 6
a 31 295 2
a 31 660 4
a 31 749 7
a 32 24 2
a 33 759 8
a 34 13 1
a 34 30 5
a 34 57 2
a 34 733 1
a 35 51 5
a 35 843 3
a 36 318 4
a 36 602 2
a 37 117 3
a 37 792 9
a 38 162 7
a 38 443 4
a 38 470 6
a 38 511 9
a 38 853 10
a 38 892 6
a 39 788 9
a 40 320 3
a 40 363 8
a 40 659 9
a 40 746 7
a 41 658 9
a 42 28 3
a 42 241 3
a 43 334 7
a 43 499 7
a 44 731 7
a 45 793 2
a 46 423 5
a 46 524 6
a 46 586 5
a 47 61 6
a 47 62 4
a 47 549 7
a 48 806 2
a 49 217 8
a 49 371 6
a 50 171 10
a 51 228 3
a 51 308 3
a 52 83 10
a 52 373 8
a 52 445 8
a 52 714 5
a 53 223 4
a 54 577 6
a 55 407 5
a 55 810 10
a 56 269 10
a 56 270 5
a 56 338 1
a 56 551 1
a 57 110 8
a 57 434 7
a 57 617 3
a 58 747 1
a 58 794 8
a 59 571 8
a 59 605 7
a 59 858 8
a 60 501 2
a 61 389 7
a 61 458 8
a 61 860 5
a 62 209 1
a 62 493 8
a 63 552 10
a 64 278 8
a 64 536 8
a 64 567 3
a 65 365 4
a 66 812 3
a 66 899 4
a 67 564 4
a 68 869 6
a 69 32 6
a 70 13 3
a 70 636 2
a 71 52 3
a 72 99 1
a 72 554 4
a 72 643 10
a 73 786 3
a 74 648 9
a 75 453 9
a 75 738 4
a 76 463 7
a 76 574 9
a 77 25 1
a 78 21 9
a 78 102 2
a 79 139 1
a 79 480 3
a 79 593 1
a 79 680 6
a 80 76 5
a 80 736 3
a 80 760 1
a 80 778 3
a 81 12 9
a 81 193 8
a 82 19 7
a 82 56 6
a 82 176 6
a 83 16 10
a 83 50 1
a 84 215 3
a 84 733 4
a 85 262 4
a 86 412 1
a 86 830 6
a 86 875 1
a 87 678 4
a 87 743 10
a 88 84 8
a 89 15 8
a 89 271 1
a 89 637 7
a 90 455 5
a 90 803 5
a 91 208 5
a 91 517 8
a 92 266 6
a 92 384 9
a 93 749 3
a 94 242 6
a 95 191 5
a 95 322 2
a 95 670 4
a 96 783 1
a 97 260 6
a 97 623 8
a 97 728 5
a 97 814 9
a 98 201 3
a 99 18 2
a 100 775 1
a 100 785 9
a 101 138 8
a 101 358 5
a 101 526 8
a 102 55 9
a 102 472 3
a 102 575 3
a 102 819 10
a 103 553 4
a 103 827 5
a 104 44 3
a 104 63 7
a 104 322 7
a 104 468 3
a 104 805 8
a 105 855 3
a 106 114 1
a 106 253 3
a 107 124 5
a 107 807 7
a 107 893 9
a 108 64 6
a 109 152 1
a 109 159 7
a 109 303 8
a 109 495 7
a 110 652 8
a 111 286 10
a 111 561 3
a 111 665 3
a 112 379 10
a 112 827 8
a 112 856 2
a 113 391 10
a 114 71 4
a 114 351 1
a 114 572 2
a 115 91 9
a 116 652 6
a 117 676 1
a 117 779 4
a 118 7 9
a 118 589 3
a 118 657 1
a 119 266 5
a 119 875 1
a 120 538 4
a 120 758 5
a 121 327 6
a 121 485 9
a 121 831 1
a 122 573 1
a 123 9 9
a 123 877 4
a 124 6 5
a 124 236 7
a 124 739 9
a 124 782 3
a 125 72 6
a 125 582 8
a 125 805 4
a 126 598 4
a 127 393 1
a 128 118 2
a 128 252 8
a 128 277 9
a 129 417 4
a 130 74 1
a 130 424 4
a 130 691 10
a 131 42 9
a 132 29 10
a 132 134 1
a 132 545 1
a 133 98 9
a 133 501 6
a 133 598 7
a 134 259 2
a 134 273 8
a 135 324 3
a 135 411 3
a 135 628 10
a 136 491 5
a 137 75 4
a 138 394 2
a 138 528 10
a 138 588 10
a 138 709 5
a 139 534 9
a 140 134 7
a 141 89 2
a 142 258 2
a 142 353 4
a 143 195 4
a 143 369 6
a 144 103 7
a 145 806 9
a 146 321 7
a 147 296 7
a 147 812 3
a 148 318 6
a 149 864 6
a 149 888 4
a 150 471 5
a 150 808 5
a 151 493 8
a 152 106 8
a 152 698 4
a 153 146 3
a 153 861 4
a 154 233 2
a 154 450 3
a 155 573 10
a 155 730 8
a 156 378 3
a 156 520 6
a 157 200 2
a 158 420 5
a 158 597 2
a 158 770 9
a 158 774 2
a 159 420 3
a 160 770 2
a 161 419 7
a 162 105 4
a 162 198 7
a 162 345 4
a 163 325 4
a 163 807 10
a 164 116 5
a 164 564 2
a 164 658 4
a 164 809 8
a 165 233 4
a 165 877 10
a 166 196 1
a 167 316 8
a 168 49 4
a 168 59 4
a 168 699 4
a 169 346 10
a 169 559 2
a 170 211 1
a 170 311 7
a 171 108 4
a 171 115 1
a 171 348 6
a 172 39 10
a 172 587 10
a 173 237 8
a 174 346 2
a 174 649 1
a 175 712 5
a 176 32 9
a 176 38 8
a 176 146 9
a 176 318 7
a 176 854 2
a 177 641 4
a 177 718 5
a 178 871 10
a 179 484 2
a 180 42 9
a 180 449 3
a 181 75 9
a 181 866 4
a 182 123 8
a 182 539 1
a 183 665 6
a 184 68 3
a 184 217 6
a 184 274 7
a 184 656 10
a 184 784 2
a 184 868 2
a 185 104 6
a 186 122 5
a 186 453 5
a 187 135 6
a 187 880 9
a 188 41 5
a 188 265 1
a 188 532 1
a 189 97 8
a 189 240 3
a 189 512 3
a 190 321 2
a 191 503 10
a 192 349 9
a 192 584 6
a 192 786 5
a 193 708 6
a 193 802 5
a 194 285 10
a 194 581 10
a 195 179 6
a 195 675 2
a 195 870 9
a 196 280 5
a 196 725 3
a 197 386 4
a 197 451 1
a 197 857 2
a 198 22 2
a 198 131 6
a 198 406 5
a 198 832 4
a 199 188 4
a 199 783 4
a 199 790 3
a 199 826 10
a 200 183 8
a 200 350 6
a 200 391 9
a 201 475 9
a 202 44 3
a 202 388 2
a 203 867 6
a 204 695 9
a 205 278 6
a 205 446 9
a 206 335 3
a 207 722 4
a 208 597 2
a 209 157 7
a 210 734 3
a 211 213 3
a 211 791 5
a 211 859 2
a 212 654 1
a 212 680 10
a 213 284 5
a 213 638 3
a 214 872 10
a 215 400 5
a 215 833 8
a 216 533 3
a 217 71 7
a 217 144 10
a 218 544 7
a 219 829 4
a 220 23 8
a 220 323 10
a 220 491 4
a 221 627 5
a 221 898 5
a 222 546 8
a 222 622 3
a 223 671 6
a 224 383 2
a 224 846 10
a 224 894 6
a 225 47 7
a 225 317 9
a 225 515 9
a 226 122 3
a 226 402 7
a 226 500 2
a 226 834 5
a 227 471 10
a 228 430 3
a 229 75 8
a 229 113 1
a 230 195 2
a 230 513 7
a 231 545 9
a 232 88 7
a 232 844 6
a 233 740 6
a 233 824 2
a 234 165 2
a 234 591 4
a 234 769 2
a 234 880 8
a 235 689 10
a 236 177 9
a 236 457 3
a 237 76 5
a 237 586 5
a 238 3 7
a 238 519 8
a 238 871 9
a 239 314 6
a 239 498 6
a 240 124 4
a 240 229 2
a 240 672 8
a 241 625 8
a 241 768 9
a 242 553 2
a 243 544 4
a 244 616 7
a 244 639 2
a 245 153 4
a 245 617 1
a 245 703 2
a 246 501 9
a 247 723 9
a 248 642 9
a 249 294 6
a 249 465 2
a 249 821 10
a 250 296 7
a 250 307 5
a 251 237 7
a 251 329 3
a 252 331 4
a 253 330 5
a 253 554 4
a 254 145 1
a 254 234 8
a 255 321 7
a 256 659 7
a 257 315 2
a 257 716 5
a 258 356 7
a 258 751 8
a 259 175 9
a 259 594 9
a 259 806 10
a 260 871 6
a 261 389 1
a 262 890 5
a 263 385 4
a 263 767 5
a 263 823 1
a 264 900 3
a 265 706 7
a 266 240 5
a 266 335 4
a 267 167 7
a 267 715 8
a 268 385 9
a 268 719 6
a 269 425 3
a 269 531 1
a 269 651 2
a 270 257 3
a 270 344 5
a 270 451 3
a 271 172 7
a 271 599 9
a 272 37 2
a 272 713 5
a 273 530 10
a 274 70 4
a 274 292 10
a 274 560 9
a 274 691 4
a 275 23 10
a 275 149 4
a 275 577 3
a 275 629 10
a 276 627 7
a 277 139 8
a 278 158 4
a 278 693 5
a 279 252 10
a 280 676 4
a 280 847 3
a 281 301 10
a 282 82 1
a 282 218 7
a 282 735 8
a 283 387 3
a 284 385 2
a 285 4 3
a 285 475 9
a 285 549 3
a 286 269 10
a 286 665 7
a 287 291 7
a 288 340 8
a 289 220 6
a 289 432 5
a 289 836 3
a 290 425 5
a 290 772 5
a 291 224 7
a 292 182 9
a 293 891 6
a 294 253 5
a 295 232 5
a 295 427 5
a 295 518 1
a 295 802 2
a 296 277 6
a 297 275 3
a 297 482 5
a 298 844 3
a 299 399 2
a 299 486 1
a 300 42 3
a 300 172 2
a 300 479 7
a 301 227 3
a 301 467 10
a 302 183 4
a 302 186 7
a 302 415 10
a 302 667 2
a 302 709 8
a 302 900 4
a 303 584 8
a 303 875 9
a 304 329 2
a 304 336 5
a 304 346 3
a 305 45 1
a 305 293 6
a 305 348 5
a 305 527 5
a 305 860 5
a 306 80 8
a 306 313 7
a 307 58 5
a 308 33 2
a 308 40 8
a 308 756 5
a 309 319 7
a 309 661 5
a 309 801 1
a 310 38 6
a 310 612 9
a 311 5 7
a 311 405 10
a 312 128 10
a 312 477 8
a 313 143 2
a 313 673 7
a 314 92 7
a 314 102 8
a 315 110 4
a 316 109 5
a 317 342 10
a 317 512 10
a 317 523 10
a 318 288 9
a 318 427 4
a 318 886 5
a 319 384 2
a 320 218 2
a 321 741 1
a 322 43 4
a 322 132 9
a 323 290 8
a 323 490 5
a 324 762 2
a 325 188 6
a 326 38 5
a 327 170 3
a 327 453 5
a 328 463 3
a 329 24 4
a 329 89 1
a 329 582 9
a 330 797 2
a 330 811 2
a 331 235 7
a 332 240 2
a 333 871 3
a 334 447 5
a 334 683 5
a 335 653 10
a 335 865 2
a 336 28 7
a 336 278 3
a 336 725 9
a 337 163 10
a 337 395 7
a 337 754 4
a 337 773 6
a 338 177 10
a 339 565 8
a 339 729 8
a 340 360 3
a 340 469 6
a 341 53 8
a 341 243 7
a 341 718 10
a 342 101 10
a 342 497 6
a 343 239 7
a 343 623 2
a 343 701 9
a 344 169 5
a 344 256 3
a 345 408 1
a 345 519 2
a 346 154 6
a 347 8 10
a 347 262 2
a 347 361 6
a 347 762 6
a 347 855 2
a 348 847 2
a 349 354 2
a 349 696 10
a 349 755 8
a 350 231 5
a 350 373 3
a 350 717 1
a 351 460 4
a 351 761 5
a 351 893 4
a 352 398 3
a 352 838 8
a 353 194 9
a 354 6 6
a 355 69 6
a 355 673 1
a 356 567 9
a 356 700 10
a 357 192 5
a 357 391 7
a 357 648 4
a 357 737 4
a 358 279 4
a 359 134 7
a 360 202 10
a 360 774 3
a 361 11 2
a 361 707 6
a 362 38 7
a 362 467 1
a 362 633 8
a 363 483 8
a 363 670 8
a 364 310 9
a 364 347 5
a 364 829 4
a 365 198 10
a 365 442 10
a 365 646 1
a 365 864 4
a 366 175 8
a 367 224 7
a 367 314 2
a 367 447 4
a 368 65 1
a 368 243 5
a 368 275 3
a 368 734 4
a 368 869 8
a 369 455 3
a 370 347 5
a 370 417 5
a 371 605 8
a 372 201 10
a 372 788 2
a 373 391 3
a 373 409 8
a 373 506 10
a 374 146 7
a 375 130 6
a 375 312 7
a 375 562 3
a 375 745 7
a 376 880 2
a 377 58 2
a 378 171 4
a 378 217 8
a 378 343 9
a 379 165 1
a 379 283 8
a 380 362 10
a 380 496 5
a 381 818 8
a 382 733 1
a 383 129 8
a 383 321 10
a 384 213 5
a 384 485 3
a 385 30 2
a 385 206 4
a 385 248 6
a 385 337 9
a 385 371 2
a 385 749 6
a 386 291 2
a 386 353 10
a 386 698 9
a 386 728 9
a 387 255 5
a 387 606 2
a 388 364 3
a 388 558 3
a 388 695 4
a 389 168 7
a 389 879 2
a 390 207 5
a 391 499 3
a 391 647 8
a 391 816 2
a 392 429 1
a 393 86 1
a 394 111 3
a 394 433 2
a 394 578 3
a 395 250 4
a 395 820 5
a 396 118 8
a 397 305 4
a 397 636 9
a 398 331 3
a 398 340 5
a 398 474 10
a 398 719 9
a 399 714 2
a 399 845 3
a 400 495 6
a 400 800 6
a 401 58 10
a 401 674 9
a 402 250 10
a 403 267 9
a 403 737 1
a 404 296 5
a 404 743 7
a 405 216 2
a 405 288 5
a 405 455 10
a 405 706 8
a 406 736 2
a 407 246 6
a 407 496 1
a 408 268 4
a 408 852 7
a 409 205 8
a 409 210 6
a 409 491 5
a 409 558 3
a 410 819 3
a 410 832 2
a 411 257 4
a 412 337 9
a 413 281 9
a 413 664 1
a 414 168 4
a 415 96 9
a 415 167 3
a 415 810 7
a 416 100 1
a 416 289 8
a 417 142 8
a 417 530 8
a 418 196 9
a 418 408 7
a 418 640 7
a 419 778 3
a 419 896 6
a 420 246 1
a 420 333 7
a 421 237 1
a 422 649 10
a 423 160 7
a 423 166 7
a 423 593 10
a 423 615 7
a 424 159 7
a 425 207 2
a 425 283 5
a 425 289 4
a 425 370 5
a 425 845 9
a 426 10 1
a 426 669 3
a 427 278 3
a 428 112 4
a 428 204 5
a 428 544 7
a 429 454 4
a 429 685 7
a 430 182 6
a 430 203 8
a 431 811 5
a 432 666 9
a 433 595 1
a 434 497 8
a 434 531 9
a 435 344 3
a 436 578 8
a 437 407 10
a 437 484 3
a 438 7 3
a 438 317 7
a 438 548 8
a 439 534 5
a 440 218 8
a 440 282 8
a 440 381 2
a 440 841 4
a 441 516 9
a 441 817 6
a 442 414 1
a 443 70 2
a 443 452 7
a 443 777 6
a 443 817 2
a 444 407 4
a 445 263 7
a 445 328 9
a 445 446 3
a 446 158 7
a 447 263 6
a 448 99 9
a 448 478 4
a 448 555 4
a 449 238 9
a 450 243 6
a 451 123 8
a 451 328 4
a 452 211 7
a 453 224 1
a 454 689 5
a 454 757 7
a 455 247 10
a 456 367 9
a 456 712 2
a 456 760 1
a 457 125 5
a 458 212 9
a 458 746 4
a 459 565 3
a 459 872 8
a 460 854 6
a 461 372 8
a 461 547 3
a 462 303 2
a 462 897 6
a 463 87 1
a 463 387 4
a 464 380 10
a 464 655 2
a 465 714 2
a 466 18 8
a 467 39 7
a 467 159 7
a 467 309 6
a 467 454 4
a 468 380 6
a 469 211 5
a 469 305 8
a 470 91 7
a 470 374 6
a 470 463 1
a 470 471 4
a 470 686 9
a 471 5 5
a 471 308 1
a 472 32 6
a 472 541 1
a 473 390 2
a 474 433 9
a 474 642 8
a 475 115 4
a 475 533 6
a 475 609 6
a 475 639 8
a 476 382 5
a 476 780 6
a 477 826 8
a 478 238 2
a 478 301 8
a 478 748 4
a 478 772 3
a 478 895 1
a 479 10 2
a 479 547 6
a 480 383 6
a 480 518 3
a 480 849 5
a 481 550 9
a 482 554 2
a 482 782 7
a 483 235 10
a 483 254 7
a 483 414 8
a 483 834 2
a 484 416 1
a 484 487 9
a 484 796 5
a 485 19 3
a 485 675 1
a 486 894 2
a 487 872 1
a 488 195 6
a 489 224 8
a 489 375 9
a 490 11 8
a 490 607 10
a 491 261 6
a 491 490 6
a 492 94 4
a 492 186 1
a 492 341 1
a 492 520 8
a 493 276 5
a 493 884 5
a 494 729 5
a 495 583 4
a 495 662 4
a 495 764 2
a 496 230 3
a 496 499 3
a 497 194 6
a 498 241 5
a 499 151 3
a 499 387 10
a 499 503 9
a 499 563 4
a 500 564 4
a 500 618 3
a 500 872 7
a 501 107 9
a 501 209 10
a 502 322 7
a 502 368 1
a 502 600 4
a 502 749 5
a 503 77 5
a 503 576 10
a 503 708 7
a 504 509 9
a 505 449 5
a 505 620 2
a 506 46 2
a 506 607 6
a 506 752 3
a 507 409 6
a 508 339 8
a 508 495 8
a 508 614 1
a 509 181 5
a 509 581 7
a 510 90 1
a 510 580 8
a 510 718 5
a 511 278 5
a 511 464 10
a 511 891 7
a 512 545 4
a 512 765 7
a 512 881 9
a 513 642 8
a 513 896 3
a 514 158 8
a 514 229 6
a 514 573 6
a 514 869 5
a 515 726 8
a 516 121 4
a 516 439 4
a 517 144 4
a 518 668 6
a 518 675 6
a 519 665 8
a 520 207 7
a 520 472 7
a 520 535 9
a 521 116 3
a 521 218 1
a 521 829 10
a 522 869 3
a 523 128 1
a 523 454 4
a 524 365 5
a 524 679 4
a 524 683 7
a 525 437 3
a 525 771 3
a 526 155 9
a 526 762 9
a 527 123 2
a 528 8 9
a 528 710 10
a 529 123 2
a 529 299 3
a 530 173 9
a 530 659 1
a 530 750 9
a 530 770 7
a 531 119 3
a 531 125 8
a 531 650 2
a 532 36 8
a 532 422 8
a 533 269 6
a 534 61 1
a 534 514 8
a 535 403 4
a 535 761 2
a 536 62 6
a 536 272 9
a 536 448 7
a 536 632 10
a 536 663 2
a 537 335 2
a 538 469 4
a 539 412 7
a 540 162 4
a 540 879 2
a 541 23 4
a 542 519 6
a 543 792 4
a 543 822 7
a 543 848 3
a 544 163 10
a 545 317 10
a 545 704 3
a 546 383 6
a 547 30 3
a 548 808 8
a 549 834 2
a 550 828 10
a 551 150 7
a 551 238 7
a 552 117 6
a 552 624 7
a 552 700 8
a 553 833 10
a 554 413 10
a 555 599 7
a 556 31 4
a 556 319 6
a 556 669 9
a 557 875 4
a 558 815 1
a 558 883 4
a 559 429 3
a 559 474 2
a 559 503 5
a 560 242 9
a 560 805 10
a 561 308 1
a 562 530 10
a 562 669 10
a 562 771 3
a 563 584 4
a 563 628 8
a 564 401 8
a 564 766 2
a 565 253 8
a 565 428 5
a 566 376 3
a 567 578 9
a 567 643 2
a 567 688 10
a 568 110 4
a 568 419 1
a 569 512 9
a 569 595 1
a 570 590 10
a 571 763 3
a 572 280 7
a 572 512 4
a 573 104 9
a 573 528 10
a 573 684 10
a 574 444 7
a 574 498 10
a 574 556 7
a 575 221 6
a 575 744 10
a 576 208 5
a 576 583 2
a 577 270 10
a 578 155 10
a 578 557 7
a 578 741 2
a 579 459 6
a 579 653 7
a 579 785 1
a 580 193 2
a 581 7 4
a 581 281 7
a 582 180 1
a 582 839 3
a 583 81 8
a 583 571 2
a 584 579 8
a 584 699 3
a 585 559 9
a 586 645 9
a 587 882 2
a 588 109 8
a 589 52 4
a 589 121 7
a 590 698 1
a 591 150 10
a 591 161 3
a 592 203 3
a 592 590 1
a 592 641 4
a 592 684 6
a 593 399 1
a 593 856 10
a 594 21 10
a 594 225 3
a 594 709 6
a 595 855 5
a 596 35 7
a 596 628 9
a 597 276 6
a 597 399 8
a 598 484 6
a 599 341 5
a 599 430 6
a 599 492 2
a 600 239 9
a 600 448 2
a 601 9 2
a 601 731 5
a 601 757 5
a 602 562 8
a 603 463 7
a 604 288 8
a 605 471 4
a 605 759 6
a 606 522 6
a 606 593 9
a 606 779 6
a 607 237 2
a 608 118 7
a 608 493 7
a 608 855 5
a 609 827 5
a 610 269 2
a 610 337 8
a 611 3 3
a 611 84 3
a 612 223 2
a 612 250 2
a 613 103 10
a 613 298 3
a 614 328 2
a 614 537 10
a 615 550 6
a 616 365 7
a 616 410 9
a 617 741 7
a 618 231 8
a 619 113 3
a 619 252 1
a 620 357 9
a 620 418 6
a 620 891 3
a 621 584 1
a 621 726 8
a 622 30 6
a 622 297 3
a 623 376 3
a 623 519 2
a 624 52 1
a 624 489 4
a 625 766 2
a 626 564 10
a 627 129 4
a 628 120 7
a 629 164 5
a 630 540 7
a 630 694 8
a 631 137 2
a 631 270 2
a 632 154 10
a 632 900 4
a 633 18 8
a 633 887 3
a 634 658 7
a 635 507 10
a 635 775 3
a 636 118 9
a 637 170 10
a 637 396 1
a 637 631 6
a 637 682 9
a 638 17 8
a 638 428 10
a 639 148 1
a 639 172 8
a 639 395 3
a 639 799 9
a 640 546 10
a 640 713 5
a 641 334 1
a 641 394 10
a 641 404 7
a 642 297 5
a 642 810 7
a 643 392 8
a 643 854 5
a 644 103 1
a 644 429 5
a 644 747 3
a 644 776 9
a 645 459 7
a 645 604 4
a 645 817 7
a 646 475 9
a 646 494 7
a 646 652 7
a 646 862 8
a 647 405 4
a 648 891 6
a 649 270 2
a 649 754 1
a 650 48 3
a 650 520 4
a 650 811 5
a 651 374 10
a 652 419 7
a 653 899 8
a 654 41 7
a 654 461 2
a 655 811 2
a 656 154 9
a 656 387 5
a 656 664 4
a 656 850 2
a 657 25 3
a 657 566 6
a 657 755 7
a 658 210 3
a 659 731 7
a 660 612 2
a 660 899 6
a 661 696 3
a 662 103 3
a 662 222 7
a 663 643 3
a 664 380 1
a 664 751 6
a 665 19 10
a 666 143 2
a 666 627 5
a 666 687 8
a 667 64 7
a 667 127 3
a 668 500 5
a 669 517 8
a 670 436 2
a 671 255 7
a 671 850 4
a 672 493 4
a 673 188 1
a 674 763 5
a 674 898 9
a 675 142 8
a 675 435 10
a 676 627 2
a 677 79 1
a 677 205 7
a 677 686 2
a 678 501 2
a 678 639 4
a 679 326 1
a 679 380 7
a 679 727 3
a 680 34 10
a 680 807 8
a 680 889 1
a 681 262 6
a 681 303 5
a 681 697 6
a 682 104 10
a 682 863 4
a 683 883 4
a 684 66 2
a 684 294 6
a 684 543 8
a 685 70 8
a 685 678 3
a 686 619 1
a 687 186 9
a 688 26 2
a 688 136 7
a 688 528 5
a 688 722 7
a 689 664 8
a 690 16 7
a 690 228 6
a 690 845 10
a 690 874 8
a 691 95 7
a 691 268 7
a 691 671 9
a 692 204 5
a 692 287 10
a 692 716 5
a 692 806 3
a 693 220 9
a 693 246 1
a 694 18 1
a 694 304 2
a 694 692 3
a 695 626 3
a 695 651 5
a 696 244 8
a 696 579 4
a 696 611 8
a 696 835 1
a 697 741 8
a 698 772 5
a 698 882 3
a 699 207 7
a 699 556 7
a 699 851 4
a 700 353 9
a 701 194 5
a 701 264 8
a 701 663 5
a 701 742 4
a 702 669 4
a 702 783 8
a 702 785 1
a 702 837 10
a 703 39 7
a 703 510 8
a 704 727 5
a 704 850 3
a 705 416 2
a 706 357 1
a 707 203 3
a 707 529 7
a 708 368 8
a 709 133 9
a 709 509 9
a 710 596 10
a 710 842 3
a 710 843 5
a 711 276 3
a 711 393 7
a 712 689 8
a 712 755 7
a 713 127 4
a 714 49 5
a 714 245 5
a 714 666 8
a 714 711 10
a 715 197 7
a 715 854 2
a 716 183 2
a 716 521 3
a 716 798 5
a 717 317 2
a 718 397 8
a 718 825 9
a 719 285 8
a 719 774 6
a 720 224 7
a 720 461 6
a 721 60 8
a 722 569 6
a 722 824 8
a 723 27 6
a 723 640 9
a 724 100 6
a 725 12 2
a 725 334 2
a 726 828 5
a 727 140 10
a 727 585 10
a 727 857 5
a 728 521 6
a 728 753 5
a 729 541 1
a 730 164 3
a 730 212 7
a 730 596 3
a 731 300 6
a 732 300 4
a 733 278 4
a 733 832 3
a 734 644 1
a 735 297 6
a 735 867 8
a 736 302 7
a 736 610 9
a 736 787 1
a 737 321 2
a 737 519 10
a 738 50 1
a 738 399 5
a 738 816 6
a 739 431 10
a 739 543 3
a 739 674 4
a 740 67 8
a 740 564 6
a 741 222 7
a 742 52 9
a 743 165 8
a 743 200 3
a 743 456 9
a 744 147 5
a 744 156 10
a 744 768 2
a 745 501 5
a 745 895 8
a 746 114 1
a 746 234 8
a 747 260 6
a 748 305 6
a 749 54 8
a 749 87 7
a 749 366 3
a 749 504 5
a 749 582 3
a 749 780 4
a 750 508 5
a 750 607 8
a 751 79 2
a 751 777 1
a 752 227 9
a 752 804 1
a 753 227 9
a 754 747 10
a 755 463 1
a 755 634 5
a 755 890 9
a 756 810 4
a 757 419 7
a 757 721 5
a 757 847 5
a 758 400 7
a 759 415 6
a 760 162 2
a 760 320 7
a 760 803 3
a 761 91 8
a 761 174 4
a 761 251 7
a 761 360 7
a 762 483 10
a 763 36 10
a 763 263 2
a 764 661 1
a 764 682 1
a 765 590 4
a 766 147 4
a 767 511 9
a 768 60 4
a 768 632 3
a 769 27 5
a 769 398 3
a 769 501 5
a 769 724 3
a 770 488 5
a 770 517 4
a 771 871 3
a 772 377 6
a 772 411 2
a 772 765 7
a 772 818 2
a 773 463 9
a 774 276 7
a 774 839 6
a 775 106 7
a 775 451 4
a 775 542 1
a 776 81 9
a 776 481 6
a 777 84 6
a 778 199 8
a 778 592 1
a 779 259 5
a 779 435 4
a 779 828 9
a 780 175 10
a 780 351 6
a 780 478 2
a 781 109 9
a 781 306 6
a 782 247 6
a 782 275 2
a 783 441 2
a 783 765 6
a 784 20 4
a 784 40 3
a 784 714 6
a 785 509 3
a 785 873 3
a 786 180 3
a 786 366 8
a 787 781 3
a 787 843 9
a 788 145 9
a 788 396 3
a 789 330 10
a 789 358 4
a 790 363 4
a 790 568 5
a 791 681 10
a 791 719 2
a 792 316 2
a 792 608 10
a 792 810 10
a 793 109 7
a 793 244 3
a 793 534 10
a 794 218 1
a 794 256 7
a 794 513 6
a 795 193 7
a 795 214 3
a 795 327 1
a 795 426 10
a 795 723 2
a 796 619 4
a 796 671 2
a 797 636 5
a 798 169 2
a 798 226 9
a 798 359 10
a 798 833 2
a 799 332 3
a 799 819 3
a 800 627 10
a 801 97 8
a 802 184 8
a 802 583 9
a 803 451 9
a 804 390 4
a 804 866 3
a 805 350 8
a 806 643 5
a 807 189 9
a 807 841 2
a 808 315 10
a 809 300 7
a 809 824 4
a 810 798 6
a 811 295 8
a 812 345 4
a 813 426 1
a 814 468 6
a 814 702 9
a 815 352 8
a 815 618 1
a 816 881 2
a 817 267 5
a 817 840 10
a 817 885 9
a 818 257 1
a 819 445 1
a 820 412 5
a 820 829 2
a 821 274 1
a 822 187 5
a 822 569 5
a 823 818 3
a 824 157 6
a 824 490 2
a 824 643 1
a 825 71 3
a 826 216 6
a 827 177 10
a 827 340 2
a 828 279 7
a 828 558 4
a 828 644 8
a 829 297 3
a 829 525 2
a 830 386 5
a 831 310 5
a 831 601 8
a 831 621 8
a 832 481 4
a 833 496 8
a 833 713 7
a 834 178 5
a 835 630 9
a 835 770 3
a 836 439 10
a 837 645 6
a 837 803 5
a 838 254 4
a 839 130 10
a 839 883 7
a 840 396 3
a 841 489 4
a 841 752 6
a 841 828 10
a 842 391 5
a 842 421 1
a 842 505 1
a 843 692 5
a 844 80 8
a 844 656 2
a 844 795 6
a 845 141 6
a 845 754 10
a 846 683 2
a 847 516 1
a 847 603 2
a 848 58 9
a 849 441 3
a 849 696 3
a 850 587 3
a 851 53 7
a 852 69 2
a 852 641 9
a 853 120 10
a 853 178 4
a 853 650 4
a 854 604 9
a 854 766 6
a 855 176 7
a 855 438 9
a 855 449 8
a 855 748 4
a 856 173 4
a 856 201 1
a 856 570 4
a 857 43 10
a 857 774 3
a 858 441 4
a 858 635 6
a 858 745 8
a 859 18 1
a 859 336 9
a 859 473 4
a 859 820 8
a 859 878 5
a 860 355 5
a 860 554 4
a 861 794 1
a 861 873 9
a 862 577 10
a 863 455 3
a 863 789 2
a 864 309 9
a 865 375 5
a 865 690 6
a 866 735 9
a 866 852 1
a 867 260 2
a 868 146 3
a 869 218 7
a 869 476 4
a 870 145 6
a 870 682 5
a 871 157 5
a 871 672 9
a 872 319 6
a 873 686 4
a 873 705 9
a 874 208 2
a 874 303 4
a 875 504 7
a 876 638 10
a 876 751 5
a 877 245 1
a 877 436 4
a 877 572 3
a 878 377 1
a 878 440 6
a 879 52 9
a 880 281 5
a 880 538 8
a 881 85 2
a 881 793 2
a 881 884 9
a 882 93 3
a 882 435 5
a 882 887 6
a 883 449 3
a 884 94 8
a 885 44 3
a 886 136 4
a 887 269 2
a 888 465 7
a 888 568 1
a 889 594 2
a 889 732 2
a 890 129 2
a 890 646 10
a 891 499 2
a 891 861 10
a 892 256 8
a 893 537 4
a 893 622 5
a 894 234 1
a 895 651 2
a 896 152 5
a 897 14 10
a 897 185 9
a 897 278 4
a 897 796 10
a 897 844 10
a 898 417 10
a 898 552 2
a 898 650 7
a 899 156 4
a 899 315 10
a 899 466 1
