p max 900 1800
n 1 s
n 900 t
a 1 165 4
a 1 400 1
a 1 485 1
a 2 426 1
a 2 500 10
a 2 528 2
a 3 87 9
a 3 188 8
a 4 667 4
a 5 149 7
a 6 52 7
a 6 140 8
a 7 50 1
a 8 38 2
a 8 128 5
a 8 808 8
a 9 144 1
a 9 399 10
a 9 451 9
a 9 594 2
a 10 138 5
a 10 157 4
a 10 807 3
a 10 891 1
a 11 43 9
a 11 410 9
a 12 28 5
a 12 77 3
a 12 484 7
a 13 112 6
a 14 352 9
a 15 286 5
a 15 849 2
a 16 293 9
a 17 163 8
a 17 186 4
a 17 404 9
a 18 11 1
a 18 82 3
a 19 56 3
a 19 768 6
a 20 188 5
a 20 402 5
a 20 413 7
a 20 504 8
a 20 505 2
a 21 70 8
a 22 381 9
a 22 798 7
a 23 219 8
a 23 720 10
a 24 513 8
a 24 539 1
a 25 670 2
a 26 462 4
a 26 608 10
a 27 300 1
a 28 290 9
a 28 811 8
a 29 444 9
a 29 757 3
a 30 781 3
a 30 798 7
a 31 370 9
a 32 22 2
a 32 50 7
a 33 339 4
a 34 78 3
a 34 210 3
a 34 490 3
a 34 670 3
a 34 850 2
a 35 839 7
a 36 777 7
a 37 72 9
a 37 526 5
a 37 575 8
a 38 162 9
a 38 222 6
a 38 366 3
a 38 874 8
a 39 318 4
a 39 356 7
a 39 749 5
a 40 386 4
a 41 837 4
a 42 111 2
a 42 181 1
a 43 273 6
a 43 417 2
a 43 885 10
a 44 460 1
a 44 613 7
a 45 230 8
a 45 771 4
a 46 682 1
a 47 587 8
a 47 619 1
a 48 252 3
a 48 317 10
a 49 642 8
a 50 138 9
a 50 293 3
a 50 448 10
a 50 648 6
a 51 197 4
a 51 225 6
a 51 416 7
a 51 868 9
a 52 80 1
a 53 108 4
a 53 274 9
a 54 296 7
a 54 733 9
a 55 614 7
a 56 184 9
a 56 296 9
a 56 347 7
a 56 679 10
a 57 338 6
a 58 676 1
a 59 350 9
a 59 680 10
a 59 847 3
a 60 394 8
a 60 619 5
a 60 713 7
a 61 722 5
a 62 91 10
a 62 369 1
a 62 397 6
a 63 524 1
a 63 802 9
a 63 843 9
a 64 689 3
a 64 874 9
a 65 139 10
a 65 169 3
a 65 590 6
a 66 511 7
a 67 55 9
a 67 153 5
a 68 131 7
a 68 535 4
a 69 256 1
a 69 355 10
a 69 777 5
a 70 763 1
a 71 104 7
a 72 69 8
a 72 310 9
a 72 373 3
a 73 37 10
a 74 353 2
a 74 609 2
a 74 666 5
a 75 27 3
a 76 403 9
a 77 61 1
a 78 117 8
a 79 628 8
a 79 775 6
a 80 186 5
a 81 764 7
a 81 829 1
a 82 602 3
a 82 614 5
a 83 50 7
a 84 593 9
a 85 343 2
a 86 205 1
a 86 680 8
a 87 53 6
a 87 208 8
a 87 308 10
a 88 303 2
a 89 35 3
a 89 191 3
a 89 609 10
a 90 133 10
a 90 472 10
a 91 124 9
a 92 419 6
a 92 700 10
a 93 287 8
a 93 683 8
a 94 99 2
a 94 518 2
a 94 788 9
a 94 795 7
a 94 806 4
a 95 158 3
a 95 333 4
a 96 226 5
a 96 692 8
a 96 827 10
a 96 831 8
a 97 106 4
a 97 219 2
a 97 739 4
a 98 155 2
a 98 328 3
a 99 136 7
a 99 228 5
a 99 581 4
a 99 866 10
a 100 164 4
a 101 247 8
a 102 443 1
a 102 673 10
a 103 96 5
a 103 438 8
a 103 752 10
a 104 79 7
a 104 677 5
a 105 262 1
a 105 641 10
a 106 658 7
a 107 2 3
a 107 149 7
a 108 321 1
a 108 591 2
a 109 209 8
a 109 250 10
a 110 247 5
a 110 647 3
a 111 102 6
a 111 704 7
a 112 459 1
a 112 828 10
a 113 215 5
a 113 319 10
a 114 818 8
a 115 383 3
a 116 155 2
a 116 178 2
a 116 316 6
a 117 14 3
a 117 24 2
a 118 619 4
a 118 782 8
a 119 88 9
a 120 416 1
a 121 7 2
a 121 600 9
a 122 130 7
a 122 370 4
a 123 582 2
a 124 684 6
a 124 791 6
a 125 292 4
a 125 562 7
a 125 614 4
a 125 899 1
a 126 788 3
a 127 198 9
a 128 219 8
a 129 189 8
a 129 262 8
a 129 437 8
a 129 787 4
a 130 68 3
a 130 452 9
a 130 499 5
a 130 551 6
a 131 89 8
a 131 264 8
a 131 729 1
a 132 44 5
a 132 391 2
a 132 477 10
a 133 696 7
a 134 568 9
a 135 323 10
a 135 492 2
a 135 504 1
a 135 790 9
a 136 883 4
a 137 248 7
a 137 529 9
a 138 263 1
a 139 115 2
a 140 323 3
a 141 214 4
a 141 246 1
a 141 755 10
a 142 634 4
a 143 4 10
a 143 321 10
a 144 630 3
a 144 794 2
a 145 835 10
a 146 45 4
a 147 287 10
a 147 897 1
a 148 210 10
a 149 51 10
a 150 390 4
a 150 565 1
a 150 577 7
a 151 436 10
a 152 15 10
a 153 102 6
a 154 858 6
a 155 535 3
a 155 645 9
a 156 550 2
a 156 599 4
a 156 780 9
a 157 62 1
a 157 348 4
a 157 854 5
a 158 230 5
a 158 321 2
a 158 450 9
a 158 716 2
a 159 277 9
a 159 313 8
a 159 512 8
a 160 115 9
a 161 674 5
a 161 778 7
a 162 237 5
a 162 743 7
a 162 813 7
a 163 874 7
a 164 40 4
a 165 220 7
a 165 402 4
a 166 858 2
a 167 61 7
a 167 436 4
a 167 682 8
a 168 664 8
a 168 682 4
a 169 202 4
a 169 289 8
a 169 890 2
a 170 198 9
a 170 240 4
a 170 397 8
a 171 17 4
a 172 494 7
a 172 542 5
a 172 746 8
a 172 800 4
a 173 307 9
a 173 366 8
a 174 871 1
a 175 5 4
a 175 646 8
a 176 550 4
a 177 482 7
a 177 722 9
a 178 242 10
a 178 650 9
a 179 24 5
a 179 433 7
a 179 659 3
a 180 10 5
a 180 456 3
a 181 425 7
a 181 692 9
a 182 88 3
a 182 457 5
a 183 255 5
a 184 628 1
a 185 2 10
a 185 501 10
a 186 140 7
a 186 187 5
a 187 450 3
a 188 122 8
a 188 274 4
a 188 707 5
a 189 809 5
a 189 847 3
a 190 244 2
a 190 312 7
a 190 430 7
a 190 657 1
a 190 761 2
a 191 595 1
a 192 529 7
a 193 652 7
a 194 29 4
a 194 358 7
a 194 523 4
a 194 687 6
a 195 69 8
a 196 256 10
a 196 276 2
a 196 387 8
a 197 643 8
a 198 334 4
a 199 221 3
a 200 371 10
a 200 534 6
a 201 155 10
a 201 718 1
a 202 404 8
a 203 543 10
a 203 811 4
a 204 548 8
a 204 756 6
a 205 36 9
a 205 48 5
a 206 50 9
a 206 626 2
a 207 123 10
a 207 539 1
a 207 794 3
a 208 19 9
a 208 743 5
a 209 56 5
a 209 637 9
a 210 482 7
a 211 15 1
a 211 413 2
a 212 872 8
a 213 597 3
a 213 893 4
a 213 896 7
a 214 471 2
a 214 799 9
a 214 819 8
a 215 159 6
a 215 825 5
a 216 149 7
a 217 720 4
a 217 730 10
a 218 84 8
a 218 839 8
a 219 278 9
a 219 533 9
a 220 78 8
a 220 550 5
a 221 592 7
a 221 698 9
a 222 93 8
a 222 560 3
a 223 260 3
a 223 638 5
a 224 702 9
a 225 9 7
a 225 161 5
a 225 724 7
a 225 819 10
a 226 279 9
a 226 878 5
a 227 680 8
a 228 167 2
a 228 516 8
a 228 822 2
a 229 861 7
a 230 99 4
a 230 129 10
a 231 64 8
a 231 71 1
a 232 311 8
a 232 541 7
a 233 626 5
a 234 16 8
a 234 697 3
a 234 702 8
a 235 879 1
a 236 757 3
a 237 151 5
a 237 172 3
a 237 292 8
a 238 804 2
a 239 356 6
a 239 375 8
a 240 78 2
a 240 331 3
a 240 859 7
a 241 416 2
a 242 771 10
a 243 98 4
a 243 169 9
a 243 374 7
a 244 232 7
a 244 807 1
a 245 388 8
a 246 703 10
a 247 372 9
a 247 637 8
a 247 768 3
a 248 594 8
a 249 254 10
a 250 471 4
a 251 407 10
a 251 425 2
a 252 86 3
a 252 112 8
a 252 375 2
a 252 748 9
a 253 88 1
a 254 90 2
a 254 462 10
a 254 607 1
a 255 47 7
a 255 212 2
a 255 766 8
a 256 294 8
a 256 648 3
a 257 514 10
a 258 812 10
a 259 198 7
a 260 465 4
a 261 76 8
a 261 458 10
a 261 538 2
a 261 885 8
a 262 255 9
a 262 328 2
a 262 729 8
a 263 278 10
a 263 707 1
a 263 758 3
a 264 485 7
a 265 127 2
a 265 765 5
a 266 23 8
a 266 254 10
a 266 768 5
a 267 81 5
a 267 164 10
a 267 208 8
a 267 815 5
a 268 670 5
a 269 75 3
a 269 247 1
a 269 395 10
a 270 42 5
a 270 794 1
a 270 829 4
a 271 414 5
a 271 415 1
a 271 736 10
a 272 131 8
a 272 186 7
a 272 557 1
a 273 72 6
a 274 331 8
a 274 333 2
a 274 888 7
a 275 739 7
a 275 805 4
a 276 244 3
a 276 251 10
a 276 434 7
a 276 830 6
a 277 259 8
a 277 435 2
a 277 439 6
a 278 517 5
a 278 717 5
a 279 495 9
a 279 562 7
a 280 463 2
a 281 474 10
a 282 736 7
a 283 813 4
a 283 833 4
a 284 700 1
a 284 877 8
a 285 155 5
a 285 406 10
a 286 632 2
a 286 644 7
a 287 405 3
a 287 667 5
a 288 54 5
a 288 378 9
a 288 495 6
a 289 681 8
a 289 801 10
a 290 91 8
a 291 190 3
a 291 485 8
a 291 537 7
a 292 703 5
a 293 371 5
a 293 641 2
a 294 198 6
a 294 841 1
a 295 887 3
a 296 201 7
a 296 269 6
a 296 717 5
a 296 767 7
a 297 229 1
a 297 470 7
a 298 467 10
a 299 111 6
a 300 654 8
a 301 544 6
a 302 522 2
a 302 561 4
a 303 467 8
a 303 750 4
a 303 886 3
a 304 827 1
a 305 449 7
a 305 548 3
a 306 661 10
a 306 676 2
a 307 498 8
a 308 590 8
a 308 663 8
a 309 119 4
a 310 213 7
a 310 584 2
a 310 711 2
a 310 852 8
a 311 147 6
a 311 333 9
a 311 393 10
a 312 725 10
a 313 519 1
a 313 526 10
a 314 170 4
a 314 597 1
a 315 7 1
a 315 859 7
a 316 98 5
a 316 404 3
a 316 824 6
a 316 855 4
a 317 888 4
a 318 117 10
a 318 469 7
a 318 766 4
a 319 112 4
a 319 448 9
a 319 869 6
a 320 425 5
a 320 455 3
a 321 249 10
a 322 204 4
a 322 421 8
a 323 37 8
a 323 468 10
a 324 58 10
a 324 63 8
a 325 33 8
a 326 698 8
a 326 839 9
a 327 541 10
a 327 661 8
a 328 368 8
a 328 490 4
a 329 697 8
a 330 100 8
a 330 300 10
a 330 737 10
a 331 572 9
a 332 52 10
a 333 107 9
a 333 703 6
a 334 243 2
a 334 291 8
a 334 833 3
a 335 566 2
a 335 589 7
a 336 376 3
a 336 465 7
a 336 592 8
a 337 694 3
a 337 803 6
a 338 411 5
a 338 486 3
a 339 266 5
a 339 391 1
a 339 691 8
a 340 156 4
a 340 238 3
a 340 359 7
a 341 12 10
a 341 760 10
a 342 16 3
a 342 386 5
a 342 643 7
a 343 579 4
a 343 782 7
a 344 39 1
a 344 549 10
a 345 825 5
a 346 60 5
a 346 117 6
a 346 169 5
a 347 513 6
a 347 877 2
a 348 702 5
a 349 781 6
a 350 341 7
a 350 880 9
a 350 881 10
a 351 15 9
a 352 79 4
a 352 183 10
a 353 75 1
a 353 214 1
a 353 543 4
a 354 381 7
a 354 723 6
a 354 728 6
a 354 782 1
a 355 486 10
a 356 245 8
a 356 286 8
a 357 277 2
a 358 10 6
a 358 804 8
a 359 203 2
a 359 472 7
a 359 598 4
a 359 767 9
a 360 88 1
a 360 227 7
a 361 824 10
a 362 283 3
a 363 358 5
a 363 457 3
a 364 158 4
a 365 679 1
a 366 145 9
a 366 478 2
a 366 521 10
a 367 63 5
a 368 558 2
a 368 634 1
a 369 545 5
a 369 754 7
a 370 3 1
a 370 179 10
a 370 754 9
a 371 488 5
a 371 826 9
a 372 175 5
a 372 858 2
a 373 118 4
a 373 415 2
a 374 348 7
a 375 62 6
a 375 635 3
a 376 26 5
a 377 617 3
a 377 798 1
a 378 74 6
a 378 649 4
a 379 771 9
a 380 211 10
a 380 760 9
a 381 288 4
a 381 490 4
a 382 444 4
a 383 307 7
a 384 814 6
a 385 546 9
a 385 589 6
a 385 649 9
a 386 160 8
a 386 233 1
a 387 235 3
a 387 838 6
a 388 337 5
a 389 326 1
a 390 44 2
a 390 667 8
a 391 710 7
a 392 503 6
a 392 619 5
a 392 895 7
a 393 21 7
a 393 496 6
a 394 166 4
a 394 209 4
a 395 461 10
a 395 486 7
a 395 622 10
a 396 883 9
a 397 114 5
a 397 262 10
a 398 250 3
a 399 95 9
a 399 422 1
a 399 864 6
a 400 604 8
a 400 733 9
a 401 189 9
a 402 860 2
a 402 899 1
a 403 343 4
a 403 688 10
a 404 134 7
a 404 834 3
a 405 636 6
a 406 149 8
a 406 382 4
a 407 583 8
a 407 709 8
a 408 63 9
a 409 74 6
a 409 263 6
a 409 565 1
a 410 752 9
a 411 428 6
a 411 473 7
a 412 24 1
a 412 398 7
a 413 806 4
a 413 832 9
a 414 305 5
a 414 377 3
a 414 565 6
a 415 304 1
a 415 897 2
a 416 473 8
a 417 237 3
a 417 340 7
a 418 282 5
a 418 325 3
a 418 370 9
a 418 460 2
a 418 826 10
a 419 627 5
a 420 100 3
a 420 698 2
a 420 825 6
a 421 341 6
a 422 283 1
a 422 557 10
a 423 121 9
a 423 436 3
a 424 50 6
a 424 625 5
a 425 820 4
a 426 115 1
a 426 542 10
a 427 320 7
a 427 660 10
a 428 88 9
a 428 296 7
a 429 718 9
a 430 142 2
a 430 269 1
a 431 812 9
a 432 120 2
a 432 556 6
a 433 67 4
a 434 44 10
a 434 467 6
a 434 719 5
a 435 324 1
a 435 721 2
a 436 49 7
a 436 179 2
a 437 804 7
a 438 395 10
a 439 867 1
a 440 532 7
a 441 255 9
a 441 464 9
a 442 334 7
a 443 491 6
a 444 57 3
a 445 826 3
a 446 155 9
a 446 411 10
a 447 137 8
a 447 180 1
a 448 297 6
a 449 776 10
a 449 858 1
a 450 174 1
a 450 782 2
a 451 615 6
a 452 83 2
a 452 695 9
a 453 167 5
a 453 683 6
a 454 33 7
a 454 60 2
a 455 489 4
a 455 505 5
a 455 779 2
a 456 600 8
a 457 264 7
a 457 428 8
a 458 686 1
a 459 173 4
a 459 448 1
a 459 652 2
a 460 16 6
a 461 280 3
a 461 678 9
a 462 563 6
a 463 176 6
a 463 653 2
a 463 839 4
a 464 568 2
a 464 840 9
a 465 249 10
a 466 685 8
a 466 735 1
a 466 857 10
a 467 178 9
a 467 195 5
a 467 256 6
a 467 705 8
a 468 12 8
a 468 408 3
a 469 69 6
a 469 357 5
a 469 769 1
a 470 63 6
a 470 388 1
a 470 536 5
a 471 109 2
a 471 453 10
a 472 111 7
a 472 572 6
a 472 634 5
a 472 823 4
a 473 361 9
a 473 562 5
a 474 470 6
a 475 274 3
a 476 14 10
a 476 168 1
a 477 39 4
a 477 50 5
a 477 481 1
a 477 857 4
a 478 658 5
a 478 723 5
a 479 265 9
a 479 798 3
a 479 842 8
a 480 790 9
a 481 485 3
a 481 862 2
a 482 359 7
a 482 727 8
a 482 768 7
a 483 65 6
a 483 352 7
a 483 424 8
a 484 450 9
a 485 141 1
a 485 453 1
a 485 533 10
a 486 883 10
a 487 517 10
a 487 585 9
a 487 789 2
a 487 886 8
a 488 5 4
a 489 496 2
a 490 701 3
a 490 799 5
a 491 540 7
a 491 651 10
a 491 777 4
a 492 472 1
a 492 573 4
a 493 171 8
a 493 822 1
a 494 668 9
a 494 778 9
a 495 438 10
a 495 441 5
a 495 574 7
a 495 608 6
a 496 494 4
a 496 797 9
a 497 617 7
a 498 484 3
a 499 74 1
a 499 194 2
a 499 736 9
a 499 876 4
a 500 23 9
a 500 313 9
a 501 289 3
a 501 863 8
a 502 5 4
a 502 623 10
a 503 265 1
a 504 297 3
a 504 340 1
a 505 34 10
a 505 324 5
a 505 440 10
a 505 595 4
a 506 792 8
a 507 337 5
a 507 373 5
a 507 498 3
a 508 844 3
a 509 192 6
a 509 644 9
a 510 650 5
a 510 772 9
a 511 807 7
a 512 127 1
a 513 96 2
a 513 569 7
a 514 227 10
a 515 366 8
a 515 818 2
a 516 267 5
a 516 844 10
a 517 97 1
a 517 389 1
a 517 485 10
a 518 465 2
a 518 466 7
a 518 578 2
a 519 301 3
a 519 307 7
a 519 858 9
a 520 432 3
a 520 610 4
a 520 640 9
a 521 332 3
a 521 348 10
a 521 564 8
a 522 444 3
a 523 634 2
a 523 738 4
a 524 40 10
a 524 385 9
a 524 399 3
a 524 431 6
a 525 624 4
a 526 495 3
a 526 884 9
a 527 315 6
a 528 6 7
a 528 82 10
a 528 442 2
a 528 871 4
a 529 207 7
a 529 511 10
a 530 188 2
a 530 710 8
a 531 514 1
a 531 746 5
a 532 625 7
a 533 120 4
a 533 863 1
a 534 8 8
a 534 586 4
a 535 798 8
a 536 518 6
a 536 782 6
a 536 784 8
a 537 127 9
a 537 275 2
a 537 302 7
a 538 759 2
a 539 140 9
a 539 506 6
a 540 276 10
a 541 396 3
a 541 470 1
a 541 651 10
a 542 228 1
a 542 593 1
a 542 708 5
a 543 173 1
a 543 612 3
a 544 120 6
a 544 195 7
a 544 412 6
a 545 52 3
a 545 816 7
a 546 533 4
a 546 879 8
a 547 4 6
a 547 502 8
a 548 7 2
a 548 360 1
a 549 66 9
a 549 838 8
a 550 107 4
a 551 433 1
a 552 267 3
a 552 358 10
a 553 422 1
a 554 83 5
a 554 733 1
a 555 85 8
a 555 643 9
a 556 144 7
a 556 821 5
a 557 270 6
a 557 621 3
a 558 365 9
a 559 164 7
a 559 424 8
a 559 872 4
a 560 387 1
a 561 242 2
a 562 265 7
a 562 836 9
a 563 172 6
a 563 216 8
a 563 621 3
a 563 677 1
a 563 871 2
a 564 338 2
a 564 452 6
a 565 737 2
a 565 794 7
a 566 55 3
a 566 554 2
a 566 802 7
a 567 698 1
a 568 448 7
a 568 837 7
a 569 516 4
a 570 543 2
a 570 759 2
a 571 856 5
a 571 876 7
a 572 754 3
a 573 42 10
a 573 293 3
a 573 377 1
a 574 584 8
a 575 161 2
a 575 883 5
a 576 12 5
a 576 407 5
a 576 618 8
a 577 113 9
a 577 401 1
a 578 35 4
a 579 236 3
a 579 690 6
a 579 720 8
a 579 783 5
a 580 235 7
a 580 651 10
a 580 812 4
a 581 490 6
a 581 753 2
a 582 522 1
a 582 570 6
a 583 43 1
a 583 700 9
a 584 811 7
a 585 70 7
a 585 662 8
a 586 260 9
a 587 13 8
a 587 21 3
a 587 127 2
a 588 59 5
a 588 86 6
a 589 238 1
a 589 580 2
a 590 575 3
a 591 794 8
a 592 110 8
a 592 344 8
a 592 418 8
a 593 46 4
a 593 94 6
a 593 576 7
a 594 483 6
a 594 753 8
a 595 334 6
a 595 458 2
a 595 640 1
a 595 869 2
a 596 748 9
a 596 900 6
a 597 556 7
a 597 875 1
a 598 303 8
a 598 544 5
a 599 84 8
a 600 399 2
a 600 475 3
a 601 16 10
a 601 423 7
a 602 34 5
a 603 571 9
a 603 721 8
a 603 774 2
a 604 385 2
a 604 582 2
a 604 775 6
a 605 66 8
a 605 672 6
a 605 740 1
a 605 861 5
a 606 106 8
a 607 31 10
a 607 69 5
a 607 196 4
a 607 521 8
a 608 52 9
a 608 845 6
a 609 139 9
a 610 26 3
a 610 382 2
a 610 447 4
a 611 39 2
a 611 767 3
a 611 808 6
a 612 652 7
a 613 245 6
a 613 409 8
a 613 850 5
a 614 203 4
a 615 613 7
a 616 456 5
a 616 541 6
a 617 150 8
a 617 570 5
a 618 16 1
a 618 233 10
a 619 12 3
a 619 163 6
a 619 625 10
a 620 547 1
a 620 788 5
a 621 169 7
a 622 101 8
a 622 671 4
a 622 693 6
a 623 3 2
a 623 774 6
a 624 706 2
a 625 281 6
a 625 548 8
a 626 259 3
a 626 898 9
a 627 132 6
a 627 317 3
a 628 114 9
a 628 116 1
a 628 786 7
a 629 215 5
a 629 314 2
a 629 519 5
a 630 413 5
a 631 669 8
a 631 852 1
a 632 434 4
a 633 261 5
a 633 605 6
a 633 843 7
a 634 84 7
a 634 501 4
a 634 631 1
a 634 741 7
a 634 882 6
a 635 148 8
a 635 174 2
a 636 109 2
a 636 146 6
a 636 835 5
a 637 873 10
a 638 881 4
a 639 252 5
a 639 367 2
a 639 388 1
a 640 556 9
a 640 732 6
a 641 581 1
a 642 674 9
a 643 143 6
a 643 332 3
a 644 126 4
a 644 206 7
a 645 313 5
a 645 384 10
a 645 530 7
a 645 660 2
a 646 497 8
a 646 617 3
a 646 684 5
a 647 469 5
a 647 520 3
a 647 865 8
a 648 135 4
a 648 471 2
a 649 176 5
a 650 530 4
a 651 14 2
a 651 641 3
a 652 611 3
a 652 879 5
a 653 25 3
a 653 401 4
a 653 605 2
a 653 696 9
a 654 250 4
a 654 364 3
a 655 270 8
a 656 392 1
a 656 892 7
a 657 723 7
a 657 833 5
a 658 144 4
a 658 342 6
a 658 709 9
a 659 234 8
a 659 290 6
a 660 51 9
a 660 841 7
a 661 441 8
a 661 866 3
a 662 234 8
a 662 796 4
a 663 407 9
a 664 590 6
a 665 390 9
a 666 156 10
a 666 351 9
a 667 551 3
a 668 743 5
a 669 73 3
a 669 105 3
a 670 152 6
a 670 198 3
a 671 285 10
a 671 695 8
a 671 884 8
a 672 52 6
a 672 555 9
a 673 45 10
a 673 885 7
a 674 123 1
a 674 166 5
a 674 425 10
a 675 591 7
a 676 403 9
a 676 718 7
a 677 481 10
a 678 751 5
a 678 798 3
a 678 860 10
a 679 722 1
a 679 810 3
a 679 830 3
a 680 22 9
a 681 413 8
a 681 638 6
a 682 869 5
a 683 529 5
a 683 559 6
a 684 385 6
a 684 444 8
a 684 739 1
a 684 756 3
a 685 17 4
a 685 57 10
a 685 716 4
a 686 231 4
a 686 429 5
a 686 639 7
a 686 665 3
a 686 731 1
a 687 97 6
a 687 337 7
a 688 620 8
a 688 627 8
a 689 606 9
a 689 613 7
a 689 627 8
a 690 327 8
a 690 713 9
a 691 337 8
a 692 784 9
a 693 60 6
a 693 224 4
a 694 366 8
a 694 887 3
a 695 321 6
a 695 712 10
a 696 319 2
a 696 490 9
a 696 864 4
a 697 228 4
a 697 564 3
a 697 633 7
a 697 814 10
a 698 719 3
a 699 700 7
a 700 2 5
a 701 200 10
a 701 335 3
a 701 344 4
a 702 96 4
a 703 104 2
a 703 567 2
a 703 739 8
a 704 207 9
a 704 486 4
a 704 629 9
a 705 196 2
a 705 596 3
a 706 537 3
a 706 747 10
a 707 370 3
a 708 409 8
a 708 493 7
a 708 840 10
a 709 193 2
a 709 792 2
a 710 336 1
a 711 82 8
a 712 187 3
a 712 330 1
a 712 367 7
a 712 686 5
a 713 701 10
a 714 715 10
a 714 744 8
a 715 153 4
a 715 793 5
a 716 134 5
a 716 804 8
a 716 873 1
a 717 604 4
a 717 706 4
a 718 526 5
a 719 585 6
a 720 881 8
a 720 883 4
a 721 309 6
a 721 820 1
a 722 437 3
a 723 497 6
a 723 632 1
a 723 773 10
a 723 857 3
a 724 422 1
a 725 345 9
a 725 549 1
a 725 845 1
a 726 318 7
a 726 383 6
a 726 515 8
a 727 224 10
a 728 360 5
a 729 635 9
a 729 763 9
a 730 500 9
a 731 862 3
a 732 616 1
a 732 878 8
a 733 154 6
a 733 185 1
a 733 474 2
a 733 748 2
a 734 435 8
a 734 523 2
a 735 527 1
a 735 573 10
a 736 50 4
a 736 553 9
a 737 167 1
a 738 608 6
a 739 219 10
a 740 267 5
a 740 671 1
a 741 160 6
a 741 421 8
a 741 771 4
a 742 40 8
a 742 322 4
a 743 101 4
a 744 363 5
a 744 733 7
a 745 221 2
a 745 815 1
a 746 683 8
a 746 745 6
a 747 885 1
a 748 323 1
a 748 561 10
a 748 734 8
a 749 53 8
a 749 519 8
a 750 43 5
a 751 315 9
a 751 454 6
a 751 643 4
a 751 680 8
a 752 298 3
a 752 358 10
a 752 894 8
a 753 38 1
a 754 388 2
a 755 199 5
a 755 280 9
a 755 516 2
a 755 867 7
a 756 229 8
a 756 479 4
a 757 508 1
a 758 379 2
a 758 797 2
a 759 185 2
a 760 578 9
a 761 650 9
a 762 177 2
a 762 183 6
a 762 299 6
a 763 210 3
a 763 258 8
a 764 324 1
a 765 306 3
a 765 631 6
a 765 662 6
a 765 861 5
a 766 868 6
a 767 703 10
a 767 850 9
a 768 694 2
a 769 257 8
a 769 271 4
a 769 330 1
a 769 731 7
a 770 362 8
a 770 672 1
a 770 889 3
a 771 279 7
a 771 487 4
a 771 587 4
a 771 835 7
a 771 852 10
a 772 340 1
a 772 380 7
a 773 753 1
a 774 205 10
a 775 608 2
a 776 803 4
a 777 83 3
a 778 627 9
a 778 754 5
a 779 145 9
a 780 646 8
a 781 365 8
a 781 588 4
a 782 442 8
a 783 434 5
a 783 509 1
a 783 807 8
a 784 248 6
a 784 694 7
a 785 270 4
a 785 586 2
a 786 18 8
a 786 747 2
a 787 200 6
a 787 399 6
a 788 368 6
a 788 647 6
a 788 799 1
a 789 467 2
a 790 641 2
a 791 35 5
a 792 374 6
a 792 525 4
a 793 620 6
a 794 378 8
a 795 165 10
a 795 239 8
a 795 476 9
a 796 851 6
a 797 341 10
a 797 853 6
a 797 900 2
a 798 249 5
a 798 404 6
a 798 446 1
a 799 122 7
a 799 560 7
a 799 642 6
a 800 135 1
a 800 673 8
a 800 819 4
a 801 241 1
a 801 247 6
a 802 73 10
a 802 140 8
a 802 553 4
a 803 36 6
a 803 301 8
a 804 846 6
a 804 851 6
a 805 312 6
a 805 699 1
a 806 273 1
a 807 125 6
a 807 496 1
a 807 510 10
a 808 445 7
a 808 666 3
a 808 803 9
a 809 563 7
a 809 834 10
a 810 39 4
a 810 870 5
a 811 20 4
a 811 124 5
a 811 293 1
a 812 217 8
a 812 455 4
a 813 333 4
a 814 41 8
a 814 427 2
a 814 659 5
a 814 851 2
a 815 86 3
a 815 508 3
a 815 533 9
a 816 867 9
a 817 8 7
a 817 491 4
a 818 71 7
a 818 326 9
a 818 556 2
a 818 824 5
a 819 749 1
a 820 180 2
a 820 185 10
a 820 603 9
a 821 569 9
a 822 331 6
a 823 584 10
a 823 693 8
a 824 342 9
a 824 636 1
a 825 209 3
a 826 349 3
a 826 596 2
a 827 468 8
a 827 545 9
a 828 693 3
a 829 34 3
a 830 484 5
a 830 893 1
a 831 48 5
a 832 411 1
a 833 15 7
a 833 573 5
a 834 309 5
a 834 896 6
a 835 354 4
a 835 463 8
a 835 553 3
a 836 338 9
a 837 253 9
a 837 674 2
a 838 620 5
a 839 624 10
a 840 624 10
a 840 631 5
a 840 817 9
a 841 588 10
a 841 794 3
a 842 768 7
a 843 421 2
a 843 704 3
a 844 162 9
a 845 632 5
a 846 510 1
a 846 785 1
a 847 166 9
a 848 146 5
a 848 272 9
a 848 873 5
a 849 289 10
a 850 197 10
a 851 182 9
a 851 337 5
a 851 654 10
a 851 774 3
a 852 30 3
a 852 890 9
a 853 711 5
a 854 339 9
a 854 424 2
a 855 284 6
a 856 105 6
a 856 346 8
a 856 646 2
a 856 793 5
a 857 32 1
a 857 509 1
a 857 511 6
a 858 207 7
a 859 223 1
a 859 368 9
a 859 714 3
a 860 150 9
a 861 92 5
a 861 601 4
a 861 604 10
a 861 762 10
a 862 488 3
a 862 704 9
a 863 507 7
a 863 730 6
a 864 254 6
a 864 770 1
a 865 37 4
a 865 119 5
a 866 878 5
a 867 432 1
a 867 576 4
a 867 822 8
a 868 581 3
a 868 848 9
a 869 379 9
a 869 888 9
a 870 80 2
a 870 197 2
a 870 315 8
a 871 35 6
a 872 163 4
a 872 218 5
a 872 532 3
a 872 674 9
a 873 2 5
a 873 343 3
a 873 480 9
a 874 87 7
a 875 462 9
a 875 552 6
a 875 840 9
a 876 822 1
a 877 48 2
a 877 544 3
a 878 172 4
a 879 187 1
a 880 426 3
a 880 882 9
a 881 102 6
a 881 172 7
a 881 675 6
a 881 681 3
a 882 248 2
a 883 127 1
a 883 154 10
a 883 615 7
a 883 715 9
a 884 79 1
a 884 126 5
a 884 284 7
a 885 329 1
a 885 392 8
a 885 474 10
a 885 597 5
a 885 725 3
a 886 531 10
a 886 556 6
a 886 709 9
a 886 841 3
a 887 103 1
a 887 420 5
a 887 456 4
a 888 703 2
a 889 659 5
a 890 728 4
a 891 280 4
a 891 424 6
a 892 536 3
a 892 792 7
a 893 35 2
a 893 415 9
a 894 389 4
a 894 656 2
a 895 125 10
a 895 499 8
a 895 655 6
a 895 797 4
a 896 45 10
a 896 459 5
a 896 558 5
a 896 726 5
a 897 242 6
a 897 784 5
a 898 24 9
a 898 268 10
a 898 547 5
a 898 742 7
a 899 236 1
a 899 295 2
