p max 900 1800
n 1 s
n 900 t
a 1 580 3
a 2 24 7
a 2 187 3
a 2 453 8
a 3 747 9
a 4 131 4
a 4 214 3
a 4 491 10
a 5 133 7
a 5 490 2
a 5 837 8
a 6 180 2
a 6 282 1
a 7 303 10
a 7 418 10
a 7 660 1
a 7 757 5
a 8 6 6
a 9 12 9
a 9 629 5
a 9 765 9
a 9 810 10
a 10 305 1
a 10 357 9
a 10 699 6
a 11 122 8
a 12 276 4
a 12 308 1
a 12 704 2
a 12 739 3
a 13 515 2
a 14 393 3
a 15 574 1
a 16 229 9
a 17 85 10
a 17 361 9
a 17 468 4
a 17 688 7
a 17 794 10
a 18 94 10
a 18 373 2
a 19 72 2
a 19 204 3
a 19 271 10
a 19 411 10
a 19 715 9
a 20 113 3
a 20 576 4
a 21 674 8
a 22 91 4
a 22 518 5
a 23 93 5
a 23 492 5
a 23 815 4
a 24 416 3
a 24 515 10
a 25 67 2
a 26 636 3
a 27 109 9
a 27 505 10
a 27 561 10
a 27 823 8
a 28 392 9
a 29 27 7
a 29 279 4
a 29 359 3
a 30 129 7
a 30 346 10
a 30 443 4
a 30 605 6
a 30 632 3
a 31 330 3
a 32 284 6
a 33 844 5
a 34 238 3
a 35 45 9
a 35 710 2
a 36 111 10
a 36 216 1
a 36 552 3
a 37 102 6
a 37 783 6
a 37 868 4
a 38 739 4
a 39 615 5
a 40 289 3
a 41 557 5
a 41 875 3
a 42 190 5
a 42 521 7
a 43 305 1
a 43 888 8
a 44 211 1
a 44 234 8
a 44 303 9
a 45 178 6
a 45 183 6
a 46 504 2
a 46 617 9
a 46 644 2
a 47 110 2
a 47 715 5
a 48 777 5
a 49 413 6
a 50 407 5
a 51 61 4
a 52 717 2
a 52 845 2
a 53 70 8
a 53 75 5
a 53 509 9
a 54 334 1
a 55 96 1
a 55 191 4
a 55 317 2
a 55 379 8
a 55 822 9
a 56 163 10
a 56 333 7
a 56 407 3
a 56 824 9
a 56 885 4
a 57 749 2
a 57 863 10
a 58 22 10
a 59 49 9
a 59 796 7
a 60 149 10
a 60 246 2
a 60 593 9
a 61 73 5
a 61 833 5
a 62 5 5
a 63 161 10
a 64 128 2
a 64 154 4
a 64 491 8
a 65 617 4
a 66 815 1
a 67 884 9
a 68 158 3
a 69 254 2
a 69 461 1
a 70 327 6
a 71 331 8
a 71 582 4
a 71 693 4
a 72 532 4
a 72 661 2
a 73 336 8
a 73 897 9
a 74 121 2
a 74 198 9
a 75 415 10
a 76 41 7
a 76 82 1
a 76 392 6
a 76 393 7
a 77 393 6
a 77 845 2
a 78 79 3
a 78 369 7
a 79 21 8
a 79 175 3
a 79 252 10
a 79 328 5
a 79 423 1
a 80 4 2
a 80 817 4
a 81 370 5
a 81 516 10
a 82 296 8
a 82 670 8
a 83 100 4
a 83 152 1
a 83 176 1
a 83 222 9
a 84 450 6
a 84 885 2
a 85 655 8
a 86 366 1
a 86 515 8
a 87 463 6
a 87 466 1
a 88 250 8
a 89 138 2
a 89 624 9
a 89 894 6
a 90 114 5
a 90 836 10
a 91 421 10
a 91 654 3
a 91 808 7
a 92 206 2
a 92 728 1
a 92 835 8
a 93 238 4
a 93 811 4
a 94 196 4
a 94 583 5
a 95 380 6
a 96 784 3
a 96 799 1
a 96 846 3
a 97 24 3
a 98 22 7
a 99 243 1
a 99 896 10
a 100 144 7
a 100 505 7
a 100 867 3
a 101 692 1
a 101 878 2
a 102 151 7
a 102 559 3
a 102 859 8
a 103 488 5
a 104 63 9
a 104 776 8
a 104 809 8
a 105 20 7
a 105 228 7
a 106 534 3
a 106 597 9
a 106 854 5
a 107 89 7
a 107 179 1
a 107 210 6
a 107 285 6
a 108 366 3
a 108 408 4
a 109 52 6
a 109 349 6
a 109 598 10
a 110 747 10
a 110 785 9
a 111 406 6
a 112 312 1
a 112 637 2
a 113 797 4
a 113 867 1
a 114 103 5
a 114 208 4
a 114 899 3
a 115 492 7
a 116 686 8
a 117 244 8
a 117 820 9
a 118 594 7
a 118 763 7
a 119 100 3
a 119 758 6
a 119 839 10
a 120 179 5
a 121 230 8
a 122 183 8
a 122 599 6
a 122 862 2
a 123 527 4
a 124 680 5
a 125 40 7
a 125 743 8
a 125 881 5
a 126 546 5
a 127 83 2
a 127 589 5
a 128 743 3
a 129 347 10
a 129 501 7
a 130 723 3
a 130 725 5
a 131 372 8
a 131 855 8
a 132 291 7
a 132 757 2
a 133 802 3
a 134 291 9
a 134 522 5
a 135 326 8
a 135 806 3
a 135 825 8
a 136 168 9
a 137 120 6
a 137 353 4
a 137 611 4
a 138 129 2
a 138 532 7
a 139 296 10
a 139 372 2
a 140 549 5
a 140 719 10
a 141 3 3
a 141 524 6
a 142 413 9
a 143 9 4
a 144 50 8
a 144 576 8
a 145 25 5
a 145 513 8
a 145 724 9
a 146 221 7
a 146 228 2
a 147 394 10
a 148 72 5
a 149 258 1
a 149 413 6
a 150 791 4
a 151 738 3
a 151 892 8
a 152 481 1
a 152 887 10
a 153 489 8
a 154 15 8
a 154 174 5
a 154 566 9
a 155 437 1
a 155 477 2
a 155 673 10
a 156 820 5
a 157 329 4
a 158 563 9
a 158 574 5
a 159 297 6
a 160 336 1
a 160 567 6
a 161 522 8
a 161 882 8
a 162 304 2
a 162 396 5
a 163 26 2
a 163 255 6
a 163 467 1
a 163 762 8
a 164 344 4
a 164 530 8
a 165 274 2
a 165 323 10
a 165 726 4
a 166 192 8
a 166 834 3
a 167 56 3
a 167 546 9
a 167 871 8
a 168 287 1
a 168 602 3
a 168 781 5
a 169 16 5
a 169 145 3
a 169 168 3
a 170 249 3
a 171 307 10
a 172 238 9
a 173 96 5
a 173 461 9
a 174 68 10
a 174 696 2
a 175 105 6
a 175 332 3
a 176 127 10
a 176 841 4
a 177 95 1
a 177 842 4
a 178 709 1
a 179 767 1
a 179 814 6
a 180 485 5
a 180 800 3
a 181 369 7
a 181 391 5
a 181 698 9
a 182 367 5
a 182 803 1
a 183 125 3
a 183 265 4
a 183 297 8
a 183 849 2
a 184 166 5
a 184 348 2
a 185 47 1
a 185 584 4
a 186 763 10
a 187 207 5
a 188 178 7
a 188 477 7
a 188 522 7
a 189 77 4
a 189 472 6
a 190 352 3
a 190 586 7
a 190 886 8
a 191 10 6
a 191 249 3
a 191 610 1
a 192 29 1
a 192 575 9
a 193 884 3
a 194 55 6
a 194 88 5
a 194 746 8
a 195 411 7
a 196 147 4
a 196 383 6
a 196 398 10
a 196 773 8
a 197 779 8
a 197 891 4
a 198 229 1
a 198 529 1
a 198 643 2
a 198 645 9
a 198 731 8
a 199 471 9
a 200 162 3
a 200 625 1
a 200 837 4
a 201 379 7
a 201 538 8
a 202 62 4
a 202 262 8
a 202 277 4
a 202 426 1
a 202 745 3
a 203 333 3
a 203 759 3
a 204 54 5
a 204 435 2
a 204 653 6
a 205 132 2
a 206 459 3
a 207 50 9
a 207 838 6
a 208 192 7
a 208 198 2
a 209 528 4
a 210 385 7
a 211 287 7
a 212 387 5
a 212 600 1
a 213 56 8
a 213 132 7
a 213 804 9
a 214 57 5
a 215 539 5
a 216 117 7
a 217 575 7
a 218 264 7
a 218 294 10
a 218 828 5
a 219 710 10
a 220 354 3
a 220 647 8
a 221 481 4
a 222 516 4
a 222 722 7
a 223 115 2
a 223 633 2
a 224 832 1
a 225 29 9
a 225 507 7
a 226 125 3
a 226 158 4
a 227 328 2
a 227 387 3
a 228 45 8
a 229 5 10
a 229 484 8
a 229 533 5
a 229 887 5
a 230 130 6
a 231 137 3
a 231 394 9
a 232 836 7
a 233 9 9
a 234 582 5
a 235 480 6
a 236 35 8
a 236 325 6
a 236 495 10
a 237 542 7
a 238 137 1
a 239 87 4
a 240 799 8
a 241 850 1
a 242 798 10
a 243 152 10
a 243 304 10
a 244 216 4
a 245 300 9
a 245 514 6
a 245 804 6
a 246 577 4
a 247 768 3
a 248 556 3
a 249 338 10
a 249 459 3
a 250 69 8
a 250 280 3
a 251 315 7
a 251 461 5
a 252 457 10
a 253 274 6
a 254 70 1
a 254 542 8
a 255 86 1
a 256 227 10
a 256 593 7
a 256 596 6
a 257 71 2
a 257 486 10
a 257 515 5
a 258 502 2
a 258 737 9
a 259 352 10
a 260 303 1
a 261 544 3
a 261 771 1
a 262 768 7
a 262 780 10
a 263 267 8
a 263 568 2
a 263 859 1
a 264 666 4
a 265 38 9
a 266 449 6
a 266 578 2
a 267 35 7
a 268 203 5
a 268 220 1
a 268 465 5
a 269 466 10
a 269 798 9
a 270 146 7
a 270 569 8
a 270 743 1
a 271 193 2
a 271 293 5
a 271 429 10
a 271 644 7
a 271 772 9
a 272 270 6
a 273 794 1
a 274 111 4
a 274 616 7
a 274 647 2
a 274 684 5
a 275 596 5
a 275 634 8
a 276 123 8
a 276 780 4
a 277 33 10
a 277 510 3
a 278 614 3
a 279 560 6
a 279 727 4
a 280 15 3
a 280 687 3
a 281 728 3
a 282 627 4
a 282 658 2
a 283 353 5
a 283 411 6
a 284 288 10
a 284 542 10
a 284 843 9
a 285 166 1
a 286 552 5
a 287 36 7
a 287 328 6
a 287 364 6
a 288 203 3
a 288 684 2
a 289 859 4
a 290 101 10
a 290 792 10
a 291 246 3
a 292 417 6
a 292 651 6
a 292 900 10
a 293 27 3
a 293 685 5
a 294 566 9
a 294 718 3
a 295 256 9
a 295 327 3
a 295 618 10
a 295 830 10
a 296 675 4
a 296 729 5
a 296 752 1
a 297 63 8
a 297 813 4
a 298 885 2
a 299 665 1
a 299 721 8
a 300 133 5
a 301 362 8
a 301 573 8
a 302 237 6
a 302 348 8
a 302 764 1
a 303 460 5
a 303 790 4
a 304 17 1
a 304 706 10
a 305 422 6
a 306 275 3
a 307 104 9
a 307 363 1
a 308 3 6
a 308 525 3
a 309 446 2
a 309 570 7
a 309 890 9
a 310 7 2
a 310 42 7
a 310 155 2
a 311 351 6
a 311 452 5
a 311 609 10
a 311 753 8
a 312 43 3
a 312 118 5
a 312 835 2
a 313 239 7
a 313 470 4
a 313 482 6
a 314 513 1
a 315 507 7
a 315 565 1
a 316 359 9
a 317 166 7
a 318 61 5
a 318 495 5
a 319 31 2
a 320 609 7
a 320 856 10
a 321 221 7
a 322 309 4
a 322 712 4
a 323 293 7
a 323 597 6
a 323 780 9
a 324 205 1
a 324 541 9
a 325 84 1
a 325 321 5
a 325 810 9
a 326 552 6
a 327 25 8
a 327 837 1
a 328 481 1
a 328 525 7
a 329 239 10
a 329 464 4
a 329 483 4
a 329 671 1
a 330 268 3
a 330 531 10
a 330 555 1
a 331 743 1
a 332 414 9
a 332 516 1
a 333 134 5
a 334 100 8
a 335 14 8
a 335 464 6
a 336 247 1
a 336 434 4
a 336 751 8
a 337 453 6
a 337 474 7
a 337 475 9
a 338 595 4
a 338 798 3
a 338 847 8
a 339 358 2
a 339 405 7
a 340 500 8
a 341 10 8
a 342 585 1
a 343 37 9
a 344 833 2
a 345 67 4
a 345 101 10
a 345 677 5
a 346 456 3
a 346 550 1
a 346 560 7
a 346 663 10
a 347 780 5
a 348 729 3
a 349 136 6
a 350 8 8
a 350 81 5
a 350 207 3
a 351 391 9
a 351 540 2
a 351 671 6
a 352 293 9
a 353 890 3
a 354 54 4
a 354 436 9
a 354 637 6
a 355 118 4
a 355 544 2
a 356 147 1
a 357 442 6
a 358 233 1
a 359 327 4
a 359 458 10
a 359 799 3
a 360 169 9
a 360 700 4
a 361 475 10
a 362 384 8
a 362 540 6
a 362 580 5
a 362 735 6
a 363 708 5
a 364 46 7
a 364 341 10
a 364 421 1
a 365 53 6
a 365 656 7
a 366 73 10
a 366 307 3
a 367 399 4
a 368 261 2
a 369 219 2
a 369 367 9
a 369 440 7
a 370 15 8
a 370 95 8
a 371 703 6
a 372 36 8
a 373 699 7
a 374 448 3
a 374 604 7
a 375 52 7
a 375 137 8
a 376 783 8
a 377 153 6
a 377 621 8
a 377 676 10
a 378 617 5
a 379 249 9
a 379 264 8
a 379 321 1
a 380 45 5
a 380 567 4
a 381 64 9
a 381 430 2
a 381 733 10
a 382 385 5
a 382 545 9
a 382 599 5
a 383 248 3
a 384 571 2
a 384 898 8
a 385 258 2
a 386 91 8
a 386 114 10
a 386 620 6
a 387 236 1
a 388 38 3
a 388 233 1
a 388 477 10
a 389 814 9
a 390 721 2
a 391 897 2
a 392 849 1
a 393 707 3
a 394 156 6
a 395 594 8
a 395 711 5
a 396 594 7
a 396 745 7
a 396 795 2
a 397 691 7
a 397 813 3
a 398 368 9
a 398 684 3
a 398 850 9
a 399 600 8
a 399 782 6
a 400 59 4
a 400 436 6
a 401 27 4
a 401 512 9
a 401 778 2
a 402 7 1
a 402 523 10
a 403 25 4
a 403 730 9
a 404 217 8
a 404 280 2
a 404 471 8
a 404 514 2
a 405 351 7
a 406 310 1
a 406 363 2
a 406 530 5
a 406 577 8
a 407 853 10
a 408 434 6
a 408 450 7
a 409 21 7
a 409 189 10
a 409 438 4
a 410 582 3
a 410 621 10
a 411 63 2
a 411 286 1
a 411 362 5
a 411 366 1
a 412 440 5
a 412 754 7
a 413 281 1
a 413 511 10
a 414 703 7
a 415 68 8
a 416 114 4
a 416 263 7
a 417 323 3
a 418 88 7
a 419 153 10
a 419 447 8
a 420 888 5
a 421 157 8
a 421 497 9
a 421 508 7
a 421 696 5
a 422 122 10
a 423 92 3
a 423 189 4
a 423 553 4
a 424 641 9
a 425 101 4
a 426 715 3
a 427 788 6
a 427 852 8
a 428 19 1
a 428 154 6
a 428 421 10
a 428 636 2
a 429 245 1
a 429 778 6
a 430 614 1
a 430 632 10
a 431 488 9
a 431 667 9
a 432 66 7
a 432 593 7
a 433 402 1
a 433 510 3
a 434 51 2
a 434 85 7
a 434 251 3
a 434 454 7
a 434 556 5
a 435 156 10
a 435 318 6
a 435 746 9
a 436 424 1
a 437 599 3
a 437 860 3
a 438 187 7
a 439 879 6
a 440 135 3
a 440 253 10
a 440 386 4
a 441 287 10
a 441 686 2
a 441 816 8
a 442 488 8
a 443 829 10
a 444 420 9
a 444 700 8
a 445 184 5
a 445 212 10
a 445 718 2
a 446 4 5
a 446 190 7
a 446 329 9
a 446 581 10
a 446 667 4
a 446 705 7
a 447 207 10
a 447 479 2
a 448 215 10
a 448 830 10
a 449 704 5
a 449 787 1
a 450 167 1
a 450 364 10
a 450 547 2
a 450 731 2
a 451 256 1
a 452 14 3
a 452 337 1
a 453 343 3
a 453 752 8
a 454 101 10
a 454 498 7
a 454 753 6
a 455 177 1
a 455 270 9
a 455 353 1
a 456 274 8
a 456 848 4
a 457 215 8
a 457 506 9
a 458 613 7
a 459 297 9
a 460 6 7
a 460 680 7
a 461 306 7
a 461 706 3
a 462 309 3
a 462 798 7
a 463 66 9
a 463 861 5
a 464 778 7
a 465 276 4
a 466 713 5
a 466 760 2
a 466 763 6
a 467 105 4
a 468 587 3
a 469 200 8
a 469 401 3
a 469 613 5
a 469 676 4
a 469 833 3
a 469 900 4
a 470 841 3
a 471 207 4
a 471 284 9
a 471 321 9
a 471 678 10
a 471 714 6
a 471 733 10
a 472 500 10
a 473 214 5
a 474 116 1
a 474 373 5
a 475 279 4
a 475 701 4
a 476 517 9
a 476 683 4
a 477 223 10
a 477 634 8
a 478 160 1
a 478 248 8
a 479 130 4
a 480 168 1
a 481 548 2
a 481 659 5
a 481 754 9
a 482 309 10
a 483 892 5
a 484 208 10
a 485 106 4
a 485 853 8
a 486 611 1
a 487 185 1
a 487 653 5
a 487 860 6
a 488 272 10
a 489 117 3
a 489 507 8
a 489 617 10
a 490 373 7
a 491 366 5
a 491 488 10
a 492 331 10
a 493 503 9
a 493 658 10
a 493 790 4
a 493 807 1
a 494 414 5
a 494 679 8
a 494 734 4
a 495 131 7
a 496 134 6
a 497 91 10
a 497 590 2
a 498 345 5
a 499 429 6
a 500 264 8
a 500 873 9
a 501 188 5
a 501 489 7
a 502 311 10
a 503 576 6
a 503 870 6
a 504 404 4
a 504 426 7
a 504 845 2
a 505 402 3
a 505 641 7
a 505 779 1
a 506 44 3
a 506 141 7
a 506 324 3
a 506 378 6
a 506 819 2
a 507 242 7
a 507 857 6
a 508 463 5
a 508 550 5
a 509 460 4
a 510 239 1
a 511 549 9
a 511 742 7
a 512 698 6
a 513 220 2
a 513 720 8
a 513 872 4
a 514 851 1
a 515 139 9
a 515 356 2
a 515 623 10
a 515 662 1
a 516 161 3
a 516 443 2
a 517 457 9
a 517 861 6
a 517 899 9
a 518 375 2
a 518 385 10
a 518 650 4
a 519 54 5
a 520 315 3
a 521 16 7
a 522 831 10
a 523 225 10
a 524 549 6
a 525 278 10
a 525 344 9
a 526 872 2
a 527 43 6
a 527 267 10
a 527 626 2
a 527 681 6
a 528 185 4
a 528 490 2
a 529 148 8
a 529 620 7
a 529 649 9
a 530 272 9
a 530 608 6
a 531 527 10
a 531 628 5
a 532 16 7
a 532 382 8
a 533 648 3
a 533 777 8
a 534 235 4
a 535 97 10
a 535 114 8
a 536 225 4
a 536 338 1
a 536 451 4
a 536 821 5
a 537 7 1
a 538 19 10
a 539 22 5
a 539 338 6
a 539 846 9
a 540 236 4
a 540 240 4
a 540 339 4
a 541 459 4
a 541 592 5
a 541 607 3
a 541 886 3
a 542 658 3
a 543 83 4
a 543 444 10
a 543 478 1
a 543 769 4
a 544 549 9
a 544 747 1
a 545 357 1
a 546 172 3
a 547 697 9
a 547 756 8
a 547 851 9
a 548 126 2
a 548 555 2
a 549 269 7
a 549 568 3
a 550 196 1
a 550 439 1
a 550 674 1
a 550 864 3
a 551 499 5
a 551 604 3
a 551 874 3
a 552 159 10
a 552 381 7
a 553 115 6
a 553 518 10
a 553 657 3
a 554 106 3
a 555 716 9
a 555 822 3
a 556 367 9
a 556 622 9
a 557 283 9
a 557 518 4
a 558 12 2
a 558 257 7
a 558 311 6
a 559 16 6
a 559 155 9
a 560 651 2
a 560 693 4
a 561 366 3
a 562 139 2
a 562 740 4
a 562 861 1
a 563 461 2
a 564 261 2
a 564 432 4
a 565 404 10
a 565 446 10
a 565 473 4
a 566 301 7
a 566 619 2
a 567 563 3
a 568 469 4
a 568 580 3
a 569 90 9
a 569 877 2
a 570 140 1
a 570 568 10
a 570 723 9
a 571 229 6
a 572 101 2
a 572 849 3
a 573 607 4
a 573 766 7
a 574 334 4
a 574 584 5
a 574 691 9
a 575 557 1
a 575 734 5
a 575 840 7
a 576 842 1
a 576 852 9
a 577 478 9
a 578 549 5
a 579 272 4
a 579 748 4
a 580 88 5
a 581 556 10
a 582 706 1
a 583 160 7
a 583 182 5
a 583 817 8
a 584 232 4
a 584 425 4
a 584 608 2
a 584 615 9
a 584 854 2
a 584 896 6
a 585 648 8
a 586 194 1
a 587 166 9
a 587 330 8
a 588 88 9
a 588 355 7
a 588 638 4
a 588 708 8
a 588 738 2
a 589 115 9
a 589 137 5
a 590 336 3
a 590 857 2
a 591 454 9
a 592 328 1
a 592 893 10
a 593 150 7
a 593 863 6
a 594 100 8
a 594 250 9
a 594 689 6
a 594 709 4
a 595 45 10
a 595 575 3
a 596 413 6
a 596 856 6
a 597 26 3
a 597 741 4
a 598 298 4
a 599 733 2
a 600 107 9
a 600 223 10
a 600 680 3
a 600 818 10
a 601 49 4
a 601 403 5
a 601 666 4
a 602 569 6
a 602 624 1
a 603 194 9
a 604 572 8
a 605 694 9
a 605 697 8
a 605 767 9
a 606 278 5
a 607 7 9
a 607 260 4
a 608 389 3
a 608 828 8
a 609 350 6
a 609 517 8
a 610 48 4
a 611 593 5
a 611 801 8
a 612 23 3
a 612 622 6
a 613 296 3
a 613 729 7
a 614 20 10
a 614 48 3
a 615 444 8
a 615 445 1
a 615 702 10
a 615 782 1
a 616 895 1
a 617 501 5
a 618 136 2
a 619 80 2
a 619 168 4
a 620 188 10
a 620 410 6
a 620 527 6
a 620 726 1
a 621 289 4
a 621 369 6
a 621 793 5
a 622 2 8
a 622 427 5
a 622 889 9
a 623 228 8
a 623 648 1
a 623 783 10
a 623 812 5
a 624 533 2
a 625 73 7
a 625 260 6
a 625 736 9
a 626 668 1
a 627 46 9
a 627 181 2
a 627 325 7
a 628 225 6
a 628 699 9
a 629 568 2
a 629 775 1
a 630 222 6
a 630 365 9
a 630 399 4
a 630 739 8
a 631 108 7
a 631 535 1
a 631 791 7
a 632 195 10
a 633 398 3
a 633 441 10
a 633 727 3
a 634 390 6
a 634 849 6
a 635 671 8
a 635 769 2
a 635 879 4
a 636 415 6
a 636 500 3
a 637 688 4
a 637 863 10
a 638 367 4
a 638 461 3
a 639 461 9
a 640 549 4
a 641 26 9
a 642 620 10
a 642 791 6
a 643 37 10
a 644 493 1
a 644 878 8
a 645 197 6
a 645 655 2
a 645 656 10
a 646 499 1
a 647 59 3
a 647 409 1
a 648 9 1
a 648 165 3
a 648 259 1
a 649 170 10
a 650 28 7
a 650 34 9
a 650 585 9
a 650 639 1
a 651 459 1
a 651 793 9
a 652 350 6
a 652 649 4
a 653 35 5
a 653 539 9
a 654 84 1
a 654 198 8
a 655 301 7
a 655 311 10
a 656 39 8
a 656 86 1
a 656 876 10
a 657 518 9
a 658 183 1
a 658 320 5
a 658 476 10
a 658 513 10
a 659 876 4
a 660 273 3
a 660 856 9
a 661 278 3
a 661 815 1
a 662 57 3
a 662 291 2
a 663 166 6
a 663 588 5
a 663 826 7
a 664 182 8
a 664 395 10
a 664 820 7
a 665 119 10
a 665 373 10
a 665 729 3
a 666 63 6
a 666 232 8
a 666 381 7
a 667 741 10
a 668 764 10
a 669 451 2
a 670 39 6
a 670 377 9
a 670 734 5
a 670 778 6
a 671 298 7
a 671 768 10
a 672 130 9
a 672 322 3
a 672 744 8
a 673 499 8
a 674 124 8
a 674 386 2
a 674 448 1
a 674 526 8
a 674 858 6
a 675 577 2
a 676 225 9
a 677 45 2
a 677 830 10
a 678 281 3
a 679 173 4
a 679 335 5
a 679 656 3
a 680 333 5
a 681 237 8
a 681 250 4
a 682 113 4
a 682 225 1
a 683 285 5
a 683 833 6
a 684 49 2
a 684 517 3
a 684 848 9
a 684 859 6
a 685 36 6
a 685 380 4
a 685 554 9
a 685 654 8
a 686 142 4
a 686 442 9
a 687 295 7
a 687 407 4
a 687 602 5
a 688 11 4
a 689 231 3
a 689 798 1
a 690 537 5
a 691 112 1
a 692 99 7
a 692 235 6
a 692 313 3
a 693 39 2
a 693 347 10
a 693 705 3
a 694 122 7
a 694 419 7
a 695 106 5
a 695 613 6
a 696 224 3
a 696 877 6
a 697 691 4
a 698 258 6
a 699 602 4
a 700 270 1
a 701 601 10
a 701 740 9
a 702 126 1
a 702 236 10
a 702 342 6
a 703 632 5
a 704 381 7
a 704 880 8
a 705 141 10
a 706 344 7
a 706 510 3
a 707 579 10
a 708 327 3
a 709 212 7
a 709 640 6
a 710 13 8
a 710 606 4
a 711 60 3
a 711 485 1
a 712 814 5
a 713 313 3
a 714 64 1
a 715 94 6
a 715 770 5
a 716 376 8
a 716 652 6
a 717 28 10
a 717 721 6
a 718 528 3
a 718 542 9
a 719 797 1
a 720 826 7
a 721 697 9
a 722 197 8
a 722 453 8
a 722 669 4
a 723 182 7
a 724 559 9
a 724 572 4
a 725 17 1
a 725 397 8
a 726 249 1
a 727 263 6
a 728 433 6
a 728 863 6
a 729 201 8
a 729 847 7
a 730 631 5
a 731 155 10
a 731 309 4
a 731 536 4
a 732 503 7
a 733 178 8
a 733 253 5
a 733 850 7
a 734 748 1
a 735 339 1
a 736 333 2
a 736 442 4
a 737 643 4
a 738 172 3
a 738 861 3
a 739 717 2
a 739 812 7
a 740 112 10
a 740 231 8
a 740 324 10
a 740 591 4
a 741 547 3
a 741 663 3
a 741 832 9
a 741 873 2
a 742 51 1
a 743 204 7
a 743 541 8
a 743 746 6
a 744 263 3
a 744 396 10
a 745 553 1
a 746 307 3
a 746 642 7
a 746 884 7
a 747 327 5
a 748 151 4
a 748 259 5
a 749 222 9
a 749 226 10
a 750 218 4
a 750 509 5
a 750 797 10
a 751 709 6
a 752 387 10
a 753 598 2
a 754 292 10
a 755 406 8
a 755 552 7
a 756 462 3
a 756 657 8
a 756 883 5
a 757 386 10
a 757 562 9
a 758 781 1
a 759 267 5
a 759 519 7
a 760 292 8
a 760 387 6
a 761 458 6
a 762 164 4
a 762 413 4
a 763 664 3
a 763 670 2
a 763 785 6
a 764 345 4
a 764 658 3
a 764 730 3
a 765 88 6
a 765 579 2
a 766 16 10
a 766 528 3
a 767 521 9
a 768 428 10
a 768 652 5
a 768 805 6
a 768 849 1
a 769 76 5
a 769 360 9
a 769 753 2
a 769 827 4
a 770 224 5
a 770 368 2
a 771 328 4
a 771 500 4
a 772 494 4
a 772 558 10
a 773 301 6
a 774 699 4
a 775 424 6
a 775 519 3
a 775 682 2
a 775 752 5
a 776 117 8
a 777 378 1
a 778 314 5
a 778 502 4
a 778 806 2
a 779 74 10
a 779 84 2
a 780 173 5
a 780 695 10
a 780 707 9
a 781 87 6
a 781 264 1
a 781 786 1
a 782 136 1
a 782 270 7
a 782 731 1
a 783 165 4
a 783 496 6
a 783 613 8
a 784 198 6
a 784 388 8
a 785 26 9
a 786 218 2
a 786 275 5
a 786 661 7
a 787 73 4
a 787 420 7
a 788 133 2
a 788 551 7
a 789 564 9
a 789 883 6
a 790 563 10
a 790 571 6
a 790 825 7
a 790 883 3
a 791 13 1
a 791 353 5
a 792 627 9
a 792 665 6
a 793 340 8
a 793 365 3
a 794 477 6
a 794 831 8
a 794 866 9
a 795 17 5
a 795 37 7
a 795 862 8
a 796 319 5
a 796 869 8
a 797 30 1
a 797 603 5
a 797 692 5
a 797 838 10
a 798 748 4
a 799 516 6
a 799 630 5
a 800 214 6
a 801 293 3
a 801 471 10
a 801 844 8
a 802 330 8
a 802 696 1
a 803 431 1
a 803 480 6
a 803 829 3
a 803 872 10
a 804 612 2
a 805 612 4
a 805 818 8
a 806 188 6
a 807 98 7
a 807 122 10
a 808 97 9
a 808 261 3
a 808 268 8
a 809 322 10
a 810 609 5
a 810 889 8
a 811 60 8
a 811 228 7
a 811 895 10
a 812 556 3
a 813 281 4
a 813 761 6
a 813 869 9
a 814 221 2
a 814 583 6
a 814 788 9
a 815 429 9
a 815 732 6
a 816 498 5
a 816 690 9
a 817 134 5
a 817 170 5
a 817 275 5
a 817 646 3
a 818 790 2
a 819 49 10
a 819 703 4
a 820 826 5
a 821 18 7
a 821 522 5
a 822 422 10
a 822 554 2
a 822 624 9
a 823 495 5
a 824 520 10
a 824 528 10
a 825 724 10
a 826 860 7
a 827 171 6
a 827 778 9
a 828 271 7
a 828 332 4
a 829 31 8
a 829 359 4
a 829 526 1
a 830 587 8
a 830 829 5
a 831 640 6
a 831 755 4
a 832 65 2
a 832 213 6
a 832 574 1
a 833 198 8
a 834 223 8
a 835 104 10
a 835 209 1
a 836 739 5
a 837 8 3
a 838 149 2
a 838 760 9
a 839 74 5
a 839 419 9
a 840 651 5
a 841 186 9
a 841 275 4
a 842 469 9
a 843 99 1
a 843 815 6
a 844 442 2
a 844 498 9
a 844 558 7
a 845 224 7
a 846 461 6
a 846 864 1
a 847 423 8
a 848 63 8
a 848 199 5
a 849 488 10
a 850 705 2
a 851 793 9
a 852 694 1
a 852 799 2
a 853 163 3
a 853 202 1
a 853 455 5
a 853 476 7
a 853 487 1
a 853 631 4
a 854 575 10
a 855 418 6
a 856 139 4
a 856 750 5
a 857 442 6
a 858 367 2
a 859 107 2
a 860 284 2
a 860 302 5
a 860 322 8
a 861 681 6
a 862 400 2
a 862 524 8
a 862 780 4
a 862 865 4
a 863 776 5
a 864 485 5
a 865 195 7
a 865 405 9
a 865 698 1
a 865 789 3
a 866 487 5
a 866 802 2
a 867 316 10
a 867 672 1
a 867 846 3
a 868 50 5
a 868 194 5
a 869 266 5
a 869 431 4
a 870 319 3
a 870 537 9
a 871 143 4
a 871 635 8
a 871 846 6
a 872 241 7
a 872 278 3
a 872 599 7
a 872 668 5
a 872 761 3
a 873 410 6
a 874 469 10
a 875 282 9
a 875 300 10
a 875 371 3
a 875 412 5
a 876 290 3
a 876 472 3
a 876 596 4
a 877 392 6
a 877 589 6
a 877 774 9
a 878 371 4
a 878 467 9
a 879 865 6
a 880 127 10
a 880 248 2
a 880 811 2
a 881 92 2
a 882 177 5
a 882 299 8
a 883 9 7
a 884 374 10
a 884 389 3
a 884 453 8
a 885 415 10
a 886 602 8
a 887 755 1
a 888 58 3
a 888 225 3
a 889 543 7
a 889 822 2
a 890 772 3
a 891 586 6
a 891 809 6
a 892 32 5
a 892 142 9
a 892 578 10
a 892 584 3
a 893 358 2
a 894 11 4
a 894 730 4
a 895 768 8
a 895 863 9
a 896 78 9
a 896 467 10
a 897 101 3
a 898 150 8
a 899 293 3
