p max 900 1800
n 1 s
n 900 t
a 1 167 9
a 1 757 1
a 2 623 9
a 2 641 2
a 3 117 6
a 3 415 5
a 4 245 10
a 4 353 8
a 4 567 10
a 4 715 3
a 5 426 7
a 6 295 8
a 7 295 2
a 7 812 8
a 8 269 4
a 8 743 2
a 9 292 6
a 9 874 9
a 10 223 8
a 10 489 7
a 11 79 5
a 11 150 4
a 11 672 3
a 12 135 9
a 12 141 1
a 12 661 3
a 12 729 4
a 13 179 9
a 14 239 10
a 14 390 1
a 14 873 4
a 15 686 4
a 15 794 5
a 16 234 8
a 16 616 8
a 17 649 5
a 17 775 1
a 18 792 4
a 18 797 2
a 19 234 4
a 20 264 4
a 20 370 4
a 20 400 6
a 21 44 1
a 21 94 9
a 21 106 2
a 21 424 6
a 22 220 7
a 22 397 10
a 22 437 3
a 23 327 8
a 23 551 9
a 24 71 2
a 24 493 3
a 24 772 1
a 25 420 3
a 26 301 9
a 26 478 1
a 27 103 9
a 27 158 7
a 28 426 10
a 28 646 2
a 28 739 6
a 29 30 4
a 29 701 5
a 29 809 1
a 29 864 9
a 30 820 3
a 31 235 5
a 31 348 7
a 31 703 5
a 31 791 2
a 32 738 10
a 33 332 4
a 33 864 7
a 34 804 9
a 35 403 8
a 35 722 4
a 35 771 2
a 36 54 1
a 36 85 3
a 36 180 6
a 37 99 10
a 37 568 3
a 38 122 3
a 38 256 1
a 38 615 10
a 38 658 2
a 39 664 6
a 39 685 8
a 40 656 4
a 40 886 1
a 41 900 3
a 42 465 7
a 43 130 8
a 43 630 2
a 44 483 2
a 45 532 10
a 46 125 9
a 46 645 6
a 47 373 2
a 48 93 8
a 48 113 7
a 48 287 1
a 48 337 7
a 49 645 5
a 50 270 10
a 51 414 3
a 51 819 1
a 52 173 4
a 53 161 4
a 53 405 7
a 53 707 8
a 53 855 1
a 54 700 3
a 55 508 3
a 55 641 5
a 56 205 5
a 57 133 10
a 57 465 2
a 57 550 5
a 57 581 6
a 57 789 7
a 58 245 1
a 59 807 2
a 60 768 2
a 61 75 8
a 61 409 5
a 61 600 4
a 62 226 10
a 63 579 7
a 63 750 2
a 63 893 2
a 64 297 2
a 64 529 10
a 65 584 1
a 66 446 3
a 67 229 8
a 68 193 2
a 68 438 10
a 68 848 6
a 69 26 2
a 70 76 6
a 70 165 9
a 70 208 2
a 70 424 9
a 70 564 6
a 71 21 4
a 71 745 5
a 72 309 9
a 72 526 6
a 72 540 4
a 73 627 7
a 73 794 6
a 74 219 9
a 74 556 10
a 75 812 3
a 76 148 6
a 76 834 7
a 77 573 2
a 78 612 3
a 78 821 2
a 79 692 3
a 80 312 1
a 81 672 9
a 82 225 10
a 82 506 5
a 83 144 7
a 83 690 10
a 83 730 10
a 84 2 5
a 84 207 10
a 85 28 3
a 86 15 8
a 86 201 3
a 86 290 10
a 87 229 10
a 87 632 1
a 88 127 8
a 88 418 2
a 89 119 10
a 89 619 8
a 90 215 4
a 90 383 6
a 90 473 9
a 90 720 2
a 91 324 2
a 91 837 7
a 92 32 4
a 93 559 8
a 93 821 10
a 94 23 8
a 94 470 6
a 94 552 2
a 94 684 1
a 95 145 5
a 95 740 4
a 96 193 8
a 97 479 1
a 97 751 5
a 97 892 3
a 98 59 2
a 99 132 10
a 99 681 1
a 99 690 2
a 100 466 1
a 100 507 8
a 100 523 1
a 100 836 8
a 101 386 4
a 102 783 7
a 103 236 5
a 103 287 5
a 103 482 10
a 104 86 2
a 104 558 4
a 104 563 2
a 104 759 6
a 105 891 2
a 105 898 2
a 106 45 9
a 106 765 9
a 107 19 1
a 108 70 1
a 108 347 9
a 109 727 2
a 110 519 9
a 111 330 2
a 111 474 2
a 112 82 8
a 113 70 3
a 113 253 2
a 114 795 3
a 114 838 7
a 115 385 10
a 115 883 10
a 116 498 7
a 116 803 10
a 116 885 3
a 116 892 1
a 117 324 6
a 118 817 6
a 119 147 10
a 119 388 10
a 119 458 4
a 119 464 6
a 119 739 5
a 120 102 5
a 121 99 1
a 122 109 7
a 123 233 4
a 123 813 8
a 124 78 10
a 124 430 1
a 124 676 9
a 125 350 1
a 125 695 8
a 126 338 6
a 127 483 8
a 127 548 4
a 128 319 4
a 129 219 2
a 129 396 5
a 129 421 10
a 130 55 7
a 130 484 1
a 131 481 3
a 131 509 7
a 131 668 3
a 132 551 1
a 132 835 5
a 133 81 7
a 133 151 1
a 133 476 1
a 133 560 9
a 134 440 5
a 134 811 1
a 135 94 5
a 135 736 5
a 136 214 4
a 136 781 1
a 137 71 2
a 137 393 9
a 138 637 4
a 139 200 5
a 139 281 9
a 139 894 5
a 140 420 8
a 141 446 1
a 142 723 10
a 142 765 10
a 143 194 5
a 143 527 5
a 144 427 8
a 144 436 7
a 145 151 6
a 145 677 8
a 145 779 9
a 146 321 7
a 147 525 3
a 147 797 1
a 148 811 6
a 149 369 1
a 150 451 3
a 151 318 10
a 151 791 3
a 152 650 10
a 152 793 1
a 153 634 5
a 153 694 10
a 154 450 5
a 154 740 1
a 155 37 1
a 155 669 1
a 156 291 9
a 157 614 9
a 158 121 7
a 158 470 6
a 159 36 5
a 159 681 7
a 160 409 8
a 161 48 3
a 161 493 9
a 162 301 6
a 162 602 8
a 163 113 6
a 163 488 10
a 163 616 1
a 163 738 2
a 164 451 10
a 164 578 5
a 165 77 4
a 165 190 3
a 165 665 4
a 166 260 9
a 166 828 7
a 166 842 10
a 167 832 3
a 168 749 3
a 169 172 3
a 169 304 10
a 169 436 4
a 169 475 6
a 169 833 5
a 170 184 6
a 171 823 1
a 172 294 8
a 172 516 2
a 172 802 8
a 172 866 9
a 173 244 6
a 173 709 9
a 174 91 2
a 174 749 4
a 174 894 1
a 175 517 4
a 175 805 7
a 176 674 8
a 176 839 8
a 177 440 1
a 177 566 8
a 178 614 1
a 179 827 3
a 180 26 4
a 180 35 10
a 180 59 9
a 180 171 10
a 180 624 9
a 180 707 3
a 180 806 6
a 181 441 6
a 182 195 9
a 183 68 5
a 183 845 7
a 183 898 1
a 184 806 5
a 185 748 4
a 185 897 3
a 186 154 9
a 186 254 1
a 186 618 7
a 187 393 9
a 188 571 1
a 188 755 5
a 188 795 5
a 189 96 5
a 189 275 2
a 189 508 9
a 190 125 6
a 190 219 6
a 191 514 5
a 192 364 2
a 192 368 9
a 192 800 4
a 193 411 2
a 194 257 2
a 195 116 1
a 195 502 9
a 195 823 2
a 196 294 2
a 197 142 10
a 197 690 5
a 198 97 4
a 198 419 4
a 199 760 8
a 199 820 3
a 200 77 9
a 201 579 6
a 202 57 3
a 203 204 10
a 204 303 8
a 204 455 1
a 205 818 2
a 206 240 5
a 206 629 8
a 207 872 2
a 208 574 1
a 209 100 4
a 210 344 10
a 210 459 3
a 211 115 8
a 212 136 6
a 212 554 8
a 212 799 2
a 213 858 1
a 214 593 5
a 214 640 9
a 215 80 10
a 215 305 9
a 215 648 2
a 215 678 5
a 216 212 2
a 216 581 6
a 217 84 4
a 218 242 10
a 218 359 5
a 218 851 1
a 219 344 2
a 219 447 4
a 220 514 6
a 220 533 6
a 221 747 6
a 222 243 4
a 222 248 7
a 222 379 8
a 223 120 6
a 223 549 7
a 224 144 10
a 225 324 1
a 226 260 5
a 226 410 9
a 227 320 2
a 228 338 1
a 228 661 10
a 228 870 10
a 229 495 8
a 229 596 9
a 229 896 2
a 230 310 2
a 230 331 7
a 231 249 9
a 231 278 5
a 232 17 5
a 232 699 4
a 232 700 6
a 233 495 2
a 234 581 9
a 234 586 6
a 234 790 6
a 235 228 7
a 236 539 1
a 236 600 10
a 237 547 4
a 237 680 2
a 237 728 9
a 238 74 7
a 238 120 2
a 238 166 7
a 238 277 8
a 239 296 8
a 239 369 6
a 239 405 6
a 240 32 4
a 240 691 3
a 240 889 8
a 241 796 7
a 242 75 7
a 243 140 3
a 243 153 10
a 244 21 10
a 244 194 10
a 245 333 6
a 245 585 1
a 246 325 5
a 246 746 6
a 247 363 6
a 247 693 5
a 248 224 10
a 248 814 8
a 249 130 4
a 249 190 7
a 249 449 9
a 250 357 10
a 250 733 1
a 251 726 4
a 251 840 6
a 252 638 8
a 253 356 3
a 253 609 5
a 254 500 9
a 254 574 5
a 255 85 2
a 255 717 7
a 256 430 2
a 256 733 1
a 257 741 6
a 257 776 10
a 258 269 6
a 259 652 9
a 259 733 4
a 260 282 4
a 260 590 2
a 260 614 5
a 261 824 8
a 262 115 1
a 262 824 5
a 262 843 3
a 263 232 2
a 264 67 5
a 264 206 4
a 264 541 10
a 265 551 2
a 265 660 3
a 266 104 7
a 266 449 3
a 267 640 1
a 268 395 4
a 268 439 1
a 268 468 9
a 269 66 3
a 269 762 9
a 269 891 4
a 270 269 9
a 271 272 9
a 271 508 8
a 272 258 1
a 272 744 6
a 273 293 10
a 273 491 3
a 274 516 10
a 274 562 8
a 275 101 7
a 276 109 2
a 277 442 5
a 277 610 1
a 278 81 3
a 279 349 3
a 279 574 5
a 279 742 3
a 280 439 3
a 281 59 3
a 282 797 10
a 283 9 9
a 283 140 1
a 283 339 4
a 284 237 10
a 284 385 9
a 284 735 1
a 285 372 1
a 285 483 10
a 286 530 5
a 286 540 6
a 287 26 5
a 287 485 9
a 288 707 2
a 289 816 5
a 290 619 1
a 290 694 1
a 291 163 3
a 291 502 5
a 292 247 10
a 292 261 10
a 292 533 8
a 292 751 5
a 292 897 8
a 293 26 10
a 294 84 3
a 294 142 3
a 294 216 10
a 294 300 3
a 295 761 1
a 295 848 3
a 296 609 6
a 296 633 5
a 297 28 5
a 297 321 4
a 297 622 4
a 297 768 1
a 297 879 5
a 298 83 5
a 298 721 4
a 299 152 4
a 299 751 9
a 300 214 9
a 300 469 8
a 301 717 8
a 302 236 2
a 303 76 7
a 304 68 3
a 304 131 1
a 304 158 4
a 304 244 8
a 305 209 6
a 305 583 8
a 305 613 9
a 306 266 3
a 307 713 5
a 308 593 7
a 308 852 9
a 309 528 10
a 309 854 10
a 310 827 1
a 311 513 4
a 311 607 2
a 311 721 8
a 311 895 2
a 312 801 3
a 312 900 3
a 313 281 1
a 314 151 7
a 314 562 10
a 315 562 6
a 315 585 5
a 316 123 1
a 316 328 1
a 317 801 10
a 318 95 4
a 318 216 8
a 319 46 4
a 319 154 2
a 319 420 9
a 319 608 10
a 320 401 8
a 320 453 3
a 320 774 4
a 321 662 1
a 321 718 2
a 322 129 8
a 322 509 1
a 323 849 5
a 324 650 4
a 325 263 6
a 325 352 9
a 325 384 2
a 326 45 1
a 326 342 9
a 326 358 7
a 326 603 10
a 327 12 8
a 327 866 5
a 328 38 7
a 329 386 7
a 329 813 10
a 330 733 1
a 331 21 2
a 331 271 3
a 332 354 3
a 333 313 8
a 333 450 10
a 333 477 3
a 333 822 6
a 334 14 5
a 334 306 9
a 335 164 1
a 335 194 9
a 335 285 7
a 336 10 7
a 336 418 8
a 337 77 6
a 337 611 3
a 338 244 6
a 339 556 9
a 339 659 4
a 340 321 9
a 340 471 8
a 341 320 3
a 341 408 9
a 342 468 5
a 343 72 5
a 343 594 2
a 344 20 8
a 344 60 5
a 344 186 9
a 344 863 2
a 345 573 7
a 345 725 8
a 345 804 1
a 345 839 7
a 346 195 8
a 346 626 1
a 346 776 3
a 347 16 6
a 347 317 9
a 347 377 2
a 347 520 1
a 348 282 3
a 348 326 6
a 348 522 2
a 349 652 4
a 349 854 2
a 350 203 4
a 350 470 7
a 351 99 10
a 351 367 3
a 351 607 8
a 352 169 6
a 353 634 6
a 354 727 5
a 355 166 5
a 355 826 7
a 356 587 8
a 356 898 1
a 357 138 8
a 357 311 9
a 357 387 5
a 357 517 9
a 357 548 10
a 357 860 4
a 358 589 8
a 359 43 1
a 359 88 9
a 359 613 10
a 360 111 5
a 360 131 1
a 361 183 10
a 362 49 7
a 362 100 1
a 362 279 8
a 362 799 6
a 363 30 3
a 364 390 3
a 365 37 7
a 365 159 7
a 366 572 1
a 366 752 3
a 367 38 8
a 367 101 4
a 367 231 1
a 367 287 7
a 368 118 9
a 368 530 3
a 368 680 5
a 369 35 10
a 369 672 9
a 370 102 4
a 370 701 5
a 370 785 9
a 371 599 7
a 372 228 5
a 373 565 8
a 374 233 1
a 374 540 5
a 374 670 7
a 375 180 6
a 375 342 7
a 376 825 9
a 377 5 9
a 377 179 5
a 377 346 1
a 377 782 8
a 378 427 3
a 379 15 6
a 380 60 5
a 380 428 2
a 380 452 5
a 381 149 6
a 381 160 4
a 382 226 6
a 382 433 8
a 383 583 8
a 384 22 3
a 384 114 10
a 384 673 10
a 385 33 10
a 385 73 8
a 385 178 3
a 386 524 7
a 386 685 7
a 387 120 7
a 387 376 9
a 387 398 9
a 387 480 3
a 388 157 3
a 388 354 6
a 388 552 10
a 388 797 8
a 388 817 10
a 389 587 5
a 390 867 3
a 391 155 9
a 391 228 10
a 391 255 2
a 391 463 2
a 391 501 5
a 391 593 1
a 391 644 9
a 392 32 7
a 392 679 3
a 393 682 1
a 394 65 2
a 394 71 9
a 394 217 9
a 395 186 6
a 395 584 10
a 396 394 5
a 396 783 3
a 396 884 8
a 397 438 4
a 398 288 1
a 398 553 10
a 399 352 8
a 400 156 5
a 400 724 10
a 401 47 7
a 401 543 5
a 402 186 10
a 403 723 3
a 403 849 4
a 404 614 6
a 405 67 10
a 405 816 8
a 406 500 6
a 407 571 3
a 407 591 3
a 408 117 8
a 408 521 3
a 408 711 2
a 409 488 7
a 410 680 7
a 411 131 6
a 411 230 1
a 411 582 9
a 411 674 6
a 411 767 1
a 412 651 7
a 412 718 9
a 413 689 4
a 413 880 5
a 414 189 9
a 414 326 1
a 414 551 1
a 415 309 4
a 415 637 5
a 416 156 10
a 416 340 7
a 417 215 1
a 417 246 3
a 417 571 1
a 418 167 10
a 419 743 1
a 420 730 6
a 421 126 5
a 421 308 6
a 422 178 3
a 422 446 1
a 422 702 3
a 423 710 6
a 423 896 9
a 424 82 1
a 424 727 3
a 425 489 2
a 426 211 10
a 426 267 3
a 426 343 6
a 426 494 8
a 426 496 3
a 426 511 5
a 427 288 5
a 427 569 8
a 427 889 2
a 428 197 10
a 428 233 2
a 428 655 3
a 428 671 3
a 429 854 6
a 430 209 5
a 430 577 5
a 430 771 2
a 431 14 9
a 432 176 8
a 432 184 7
a 433 666 7
a 433 832 10
a 434 4 1
a 434 606 1
a 434 850 6
a 435 76 9
a 435 621 7
a 436 58 1
a 436 279 6
a 437 744 3
a 438 256 2
a 438 306 6
a 439 106 5
a 439 210 8
a 439 445 10
a 440 460 3
a 440 492 10
a 440 587 10
a 440 861 10
a 441 355 9
a 441 462 10
a 442 234 2
a 443 98 4
a 443 599 10
a 443 680 5
a 444 312 2
a 444 438 5
a 444 831 5
a 445 404 10
a 445 721 1
a 446 36 3
a 446 512 7
a 447 18 1
a 447 727 4
a 448 177 7
a 448 286 9
a 448 469 5
a 449 312 1
a 450 375 5
a 450 500 4
a 450 702 1
a 451 716 6
a 451 824 3
a 452 124 8
a 453 789 1
a 454 834 8
a 455 807 2
a 456 32 9
a 456 37 6
a 456 575 3
a 457 817 4
a 458 874 1
a 459 561 1
a 460 17 4
a 460 205 4
a 460 489 7
a 461 650 5
a 462 149 10
a 462 698 1
a 463 283 6
a 463 688 1
a 463 882 5
a 464 170 6
a 464 191 5
a 464 628 5
a 465 631 9
a 466 685 2
a 467 494 3
a 467 787 4
a 468 519 8
a 468 892 3
a 469 322 2
a 469 768 6
a 470 226 6
a 470 255 8
a 471 444 2
a 472 27 6
a 472 504 7
a 472 714 7
a 473 274 3
a 473 891 6
a 474 324 5
a 474 325 2
a 475 323 5
a 476 442 5
a 476 755 4
a 477 892 3
a 478 568 5
a 479 139 9
a 479 329 8
a 479 413 1
a 480 879 9
a 481 313 5
a 482 61 1
a 482 146 1
a 483 30 4
a 483 354 10
a 484 583 7
a 485 302 7
a 485 787 6
a 486 157 2
a 487 635 7
a 487 680 4
a 488 6 6
a 488 746 6
a 489 678 5
a 489 838 2
a 490 59 3
a 491 616 3
a 492 128 3
a 492 625 8
a 493 887 5
a 494 24 9
a 494 107 7
a 494 316 10
a 494 317 9
a 494 422 8
a 494 780 10
a 495 63 8
a 495 605 6
a 496 154 2
a 496 181 1
a 496 740 8
a 496 755 5
a 497 489 5
a 497 810 4
a 498 143 8
a 498 329 1
a 498 373 2
a 499 83 5
a 499 250 10
a 499 638 7
a 500 232 1
a 501 15 6
a 501 518 5
a 501 706 9
a 501 729 2
a 501 786 8
a 502 134 7
a 502 424 7
a 502 683 3
a 502 774 7
a 502 775 8
a 503 291 8
a 504 218 3
a 504 380 1
a 504 500 7
a 505 367 1
a 505 753 9
a 505 773 3
a 506 447 4
a 506 732 8
a 507 18 8
a 508 137 2
a 509 260 9
a 509 596 4
a 510 80 10
a 510 199 8
a 511 486 2
a 511 733 1
a 512 843 8
a 513 361 2
a 513 592 4
a 513 783 5
a 514 222 10
a 514 506 4
a 515 784 10
a 515 848 8
a 516 428 5
a 516 469 7
a 517 174 9
a 517 782 1
a 518 269 10
a 518 336 10
a 518 878 7
a 519 62 5
a 519 175 4
a 519 546 6
a 519 597 10
a 519 815 3
a 520 797 3
a 521 31 10
a 521 503 10
a 521 509 2
a 521 808 5
a 522 210 7
a 523 64 5
a 523 643 1
a 524 678 9
a 525 269 3
a 526 104 5
a 526 700 3
a 527 360 4
a 528 221 9
a 529 62 2
a 529 735 4
a 530 719 10
a 531 158 3
a 532 670 7
a 532 698 5
a 533 75 2
a 533 532 1
a 534 419 1
a 535 325 3
a 535 371 7
a 535 851 3
a 536 59 9
a 536 284 6
a 536 336 4
a 536 353 2
a 536 506 5
a 536 844 8
a 537 878 9
a 538 40 4
a 538 74 5
a 539 699 4
a 540 40 2
a 540 631 4
a 541 586 8
a 541 627 1
a 542 10 8
a 542 304 9
a 543 728 10
a 543 888 3
a 544 43 6
a 545 128 10
a 545 341 7
a 545 686 6
a 546 104 7
a 547 609 10
a 548 11 3
a 548 70 7
a 548 869 8
a 549 298 6
a 549 621 6
a 550 15 1
a 550 554 6
a 550 693 1
a 551 24 8
a 551 64 4
a 551 734 4
a 552 17 7
a 552 407 1
a 553 153 10
a 554 232 6
a 555 248 9
a 556 81 5
a 557 611 5
a 558 182 6
a 558 243 5
a 558 830 5
a 558 856 5
a 559 215 1
a 560 565 6
a 560 592 4
a 560 654 2
a 561 5 10
a 561 249 5
a 561 777 9
a 561 807 1
a 561 865 6
a 562 227 9
a 562 490 10
a 562 842 9
a 563 52 8
a 563 96 4
a 563 213 10
a 563 853 9
a 564 125 1
a 564 378 6
a 564 663 8
a 565 686 4
a 565 758 5
a 566 56 7
a 566 330 10
a 566 624 2
a 566 754 6
a 567 284 7
a 567 542 5
a 568 321 10
a 568 588 7
a 569 271 10
a 570 275 2
a 570 487 1
a 570 557 8
a 570 857 10
a 571 888 5
a 572 252 9
a 572 411 4
a 573 379 7
a 574 12 3
a 575 395 3
a 575 628 7
a 576 372 7
a 576 786 8
a 577 838 7
a 578 7 7
a 578 15 2
a 578 99 10
a 578 202 8
a 579 441 6
a 580 308 5
a 580 875 8
a 581 744 3
a 582 720 9
a 583 154 9
a 583 266 5
a 583 631 4
a 584 156 10
a 584 198 9
a 585 57 4
a 585 356 3
a 585 534 1
a 586 114 4
a 586 168 5
a 587 426 8
a 587 445 7
a 588 326 6
a 589 571 4
a 590 179 8
a 590 390 5
a 591 328 9
a 592 281 2
a 593 883 1
a 594 234 7
a 594 632 9
a 595 601 3
a 596 365 6
a 596 380 8
a 597 204 6
a 597 776 10
a 597 864 8
a 598 178 8
a 598 499 6
a 599 382 10
a 599 619 4
a 599 796 10
a 600 124 4
a 600 268 7
a 600 658 6
a 601 411 1
a 601 467 3
a 601 629 10
a 602 179 4
a 602 871 5
a 603 432 3
a 603 475 2
a 604 147 3
a 604 801 6
a 605 278 5
a 606 432 2
a 607 152 5
a 608 3 10
a 608 189 6
a 608 303 1
a 608 389 10
a 608 545 5
a 609 844 7
a 610 265 2
a 610 666 5
a 610 768 9
a 610 811 2
a 611 578 6
a 611 821 1
a 612 298 9
a 613 831 7
a 613 843 5
a 614 313 8
a 615 395 7
a 616 527 8
a 616 744 6
a 616 749 3
a 616 876 5
a 617 560 10
a 617 759 3
a 617 872 2
a 618 21 4
a 619 484 8
a 619 614 10
a 619 704 6
a 620 526 9
a 621 307 10
a 621 790 10
a 621 888 1
a 622 307 2
a 622 392 3
a 622 747 2
a 623 688 3
a 624 25 10
a 624 481 5
a 625 221 5
a 625 285 3
a 626 423 6
a 626 722 10
a 627 429 2
a 627 448 6
a 628 792 10
a 629 617 4
a 629 788 2
a 630 364 2
a 631 685 5
a 632 657 2
a 632 773 7
a 633 134 1
a 633 600 3
a 633 760 2
a 633 875 5
a 634 391 1
a 634 465 3
a 634 752 4
a 635 426 1
a 636 242 10
a 637 96 1
a 637 261 3
a 638 231 7
a 639 169 2
a 640 51 7
a 640 394 3
a 641 323 8
a 641 803 9
a 642 148 6
a 642 390 2
a 642 515 6
a 643 90 9
a 643 651 8
a 643 740 9
a 644 667 1
a 645 31 1
a 645 262 10
a 645 582 2
a 646 598 4
a 646 764 6
a 647 513 5
a 648 104 5
a 648 536 4
a 649 95 7
a 649 416 4
a 650 455 6
a 651 585 8
a 651 692 3
a 652 895 3
a 653 417 10
a 653 884 9
a 654 435 10
a 654 804 5
a 654 827 9
a 655 310 3
a 655 846 7
a 656 670 6
a 656 719 8
a 656 799 3
a 657 291 8
a 657 647 9
a 658 191 9
a 658 770 2
a 659 406 4
a 659 531 3
a 659 885 7
a 660 29 4
a 660 778 9
a 661 452 5
a 661 598 7
a 662 53 8
a 662 202 4
a 663 92 3
a 663 377 10
a 664 192 1
a 664 358 7
a 664 656 9
a 665 822 8
a 666 518 6
a 667 366 1
a 667 591 6
a 668 797 7
a 669 799 2
a 670 188 10
a 670 613 3
a 671 847 3
a 672 292 6
a 672 613 9
a 673 314 2
a 674 883 9
a 675 119 5
a 675 169 5
a 675 245 3
a 676 108 10
a 676 251 2
a 676 433 5
a 677 207 4
a 677 434 5
a 677 491 4
a 677 713 7
a 678 20 3
a 679 51 7
a 680 688 8
a 680 735 1
a 681 397 3
a 682 252 3
a 682 314 10
a 682 503 6
a 683 564 3
a 684 351 3
a 684 782 8
a 685 780 6
a 686 894 8
a 687 416 9
a 688 257 1
a 688 737 4
a 688 803 3
a 689 732 4
a 690 30 3
a 690 97 10
a 690 425 6
a 690 812 10
a 691 107 5
a 691 885 6
a 692 319 7
a 693 282 2
a 694 176 2
a 694 335 7
a 694 666 10
a 695 463 7
a 695 664 7
a 696 503 3
a 697 19 4
a 697 344 2
a 697 477 2
a 698 492 7
a 699 407 5
a 699 642 2
a 700 187 2
a 700 472 5
a 701 245 2
a 701 881 6
a 702 763 6
a 702 857 7
a 703 142 8
a 703 219 7
a 704 877 10
a 705 676 7
a 705 703 8
a 706 418 7
a 707 241 4
a 707 524 6
a 708 33 9
a 709 57 4
a 709 824 9
a 710 217 5
a 710 544 3
a 710 667 7
a 711 427 9
a 711 887 5
a 712 250 3
a 712 451 1
a 712 843 1
a 713 37 8
a 713 238 3
a 713 270 8
a 713 673 2
a 714 236 4
a 714 364 3
a 715 42 7
a 715 301 3
a 715 697 3
a 716 443 3
a 716 467 7
a 717 167 9
a 718 8 8
a 718 769 10
a 719 301 1
a 719 565 7
a 720 393 7
a 721 151 9
a 721 576 3
a 721 850 1
a 722 185 8
a 723 133 9
a 723 504 4
a 723 675 1
a 724 9 8
a 724 259 10
a 724 624 9
a 725 141 7
a 725 507 3
a 726 374 2
a 726 681 9
a 727 801 8
a 728 315 10
a 728 597 4
a 729 824 7
a 730 39 2
a 730 159 4
a 730 571 6
a 731 264 8
a 732 522 6
a 732 692 2
a 733 245 8
a 734 433 7
a 734 829 2
a 735 479 3
a 735 778 3
a 736 212 3
a 736 483 10
a 736 604 8
a 736 847 6
a 737 401 7
a 738 288 7
a 739 41 6
a 739 50 2
a 739 51 6
a 739 593 4
a 739 612 6
a 740 101 2
a 740 319 8
a 740 595 5
a 741 25 6
a 742 107 7
a 742 894 6
a 743 232 2
a 743 454 2
a 743 617 8
a 743 825 10
a 743 858 7
a 744 418 3
a 745 47 1
a 745 559 9
a 746 320 3
a 746 839 1
a 747 360 8
a 747 821 4
a 748 419 3
a 748 538 2
a 749 581 5
a 749 696 9
a 749 883 9
a 750 183 7
a 750 331 5
a 750 890 1
a 751 9 4
a 751 187 2
a 752 384 1
a 752 724 1
a 752 821 5
a 753 470 4
a 754 241 5
a 755 15 8
a 755 224 7
a 756 328 6
a 756 605 6
a 756 868 6
a 757 441 5
a 758 276 8
a 758 659 6
a 759 838 1
a 760 431 8
a 760 529 10
a 760 537 8
a 761 16 5
a 761 412 9
a 762 505 1
a 762 821 4
a 763 274 2
a 763 586 9
a 764 480 3
a 764 837 4
a 765 456 7
a 765 769 4
a 766 32 2
a 767 670 8
a 768 18 3
a 768 555 7
a 769 186 3
a 769 444 1
a 770 389 9
a 770 841 10
a 770 849 3
a 771 167 10
a 771 476 1
a 771 859 1
a 772 199 10
a 773 463 4
a 773 566 7
a 773 727 8
a 774 503 5
a 775 535 9
a 776 287 6
a 777 497 4
a 777 780 4
a 778 360 6
a 779 362 6
a 779 818 5
a 780 133 4
a 781 772 10
a 782 494 7
a 782 502 8
a 783 368 4
a 783 607 3
a 784 758 8
a 784 900 3
a 785 432 5
a 785 653 9
a 786 343 8
a 786 689 6
a 787 139 3
a 788 413 10
a 789 208 10
a 789 273 4
a 789 452 9
a 790 769 10
a 791 567 2
a 792 510 6
a 792 635 10
a 792 712 4
a 793 76 5
a 793 636 6
a 794 213 4
a 794 708 9
a 795 300 5
a 796 763 7
a 797 50 7
a 797 299 1
a 798 396 6
a 799 463 7
a 800 216 3
a 801 235 9
a 801 456 9
a 802 843 2
a 803 328 10
a 803 413 7
a 803 451 6
a 804 359 6
a 805 161 1
a 805 833 5
a 806 298 5
a 806 437 1
a 807 622 2
a 808 122 1
a 808 580 9
a 808 635 8
a 809 239 6
a 809 893 8
a 810 481 2
a 811 13 4
a 811 26 5
a 811 239 1
a 812 384 1
a 812 441 5
a 813 574 8
a 814 280 7
a 814 609 6
a 815 461 8
a 815 768 9
a 816 397 7
a 817 70 7
a 817 685 7
a 818 408 9
a 819 109 2
a 819 164 6
a 820 427 5
a 821 80 7
a 821 302 10
a 822 137 8
a 822 345 3
a 822 394 9
a 823 118 5
a 824 350 2
a 824 381 8
a 824 617 10
a 824 875 9
a 825 814 7
a 826 69 1
a 826 72 8
a 826 267 10
a 827 66 1
a 828 34 10
a 828 203 1
a 829 338 10
a 830 427 8
a 831 821 9
a 832 416 1
a 832 651 1
a 832 819 3
a 833 6 8
a 834 579 1
a 835 664 9
a 836 504 7
a 837 92 1
a 838 92 4
a 838 628 7
a 839 40 6
a 839 756 1
a 840 185 7
a 840 711 1
a 840 802 2
a 841 673 9
a 841 808 1
a 842 491 4
a 842 577 2
a 843 544 6
a 843 639 8
a 844 499 8
a 845 342 5
a 845 713 2
a 846 89 9
a 846 243 6
a 846 410 3
a 846 731 10
a 847 111 7
a 848 112 7
a 848 526 3
a 848 899 3
a 849 127 9
a 849 589 10
a 849 601 8
a 849 844 5
a 849 862 9
a 850 344 9
a 850 795 5
a 851 620 9
a 851 723 9
a 852 117 1
a 853 127 7
a 853 642 3
a 854 756 1
a 855 354 4
a 855 399 5
a 855 457 1
a 855 771 10
a 856 529 3
a 856 753 1
a 857 254 1
a 858 93 3
a 858 162 6
a 859 87 8
a 859 513 5
a 860 455 2
a 861 188 9
a 861 840 8
a 862 281 5
a 862 687 6
a 863 267 6
a 864 110 6
a 864 369 5
a 865 781 5
a 866 570 7
a 867 420 4
a 868 777 7
a 869 551 1
a 870 448 4
a 870 880 7
a 871 469 8
a 872 472 5
a 873 362 6
a 873 557 3
a 873 596 6
a 874 61 9
a 874 487 9
a 874 757 7
a 875 400 1
a 875 435 1
a 876 332 10
a 877 342 3
a 878 783 2
a 879 54 10
a 879 291 8
a 879 737 7
a 879 867 10
a 880 334 9
a 880 761 1
a 881 206 2
a 881 389 6
a 882 76 5
a 883 289 9
a 883 316 2
a 883 462 8
a 883 561 4
a 884 507 9
a 885 158 5
a 886 543 6
a 886 650 6
a 886 766 8
a 887 310 6
a 887 402 9
a 888 569 2
a 888 840 5
a 888 877 5
a 889 168 9
a 889 173 1
a 889 798 5
a 890 227 3
a 890 723 1
a 891 636 8
a 892 8 10
a 892 875 9
a 893 58 7
a 894 251 2
a 894 402 6
a 894 570 6
a 895 470 7
a 896 778 1
a 897 105 3
a 897 154 9
a 897 535 7
a 897 682 1
a 897 705 8
a 898 196 5
a 898 208 10
a 899 610 1
a 899 772 7
