p max 900 1800
n 1 s
n 900 t
a 1 714 10
a 1 837 8
a 1 838 5
a 1 839 6
a 2 548 5
a 2 551 1
a 3 150 2
a 3 505 4
a 4 490 9
a 4 669 8
a 5 558 3
a 6 672 4
a 7 226 5
a 8 620 2
a 9 463 9
a 10 745 5
a 11 202 2
a 11 792 1
a 11 813 1
a 12 649 4
a 12 856 1
a 13 101 5
a 13 638 8
a 13 758 2
a 13 842 1
a 14 398 5
a 14 631 4
a 14 887 2
a 15 104 1
a 15 380 8
a 16 581 7
a 16 634 3
a 16 727 1
a 17 828 9
a 18 681 5
a 19 61 2
a 19 435 5
a 19 545 2
a 20 634 1
a 21 301 2
a 21 394 4
a 21 422 4
a 22 268 2
a 23 874 10
a 23 878 4
a 24 33 9
a 24 855 10
a 25 690 2
a 26 240 8
a 26 574 10
a 26 701 7
a 27 273 1
a 27 321 3
a 27 610 10
a 28 115 8
a 28 599 8
a 29 173 4
a 29 617 3
a 29 872 7
a 30 185 5
a 31 188 9
a 31 599 3
a 32 355 9
a 32 665 9
a 33 434 7
a 34 332 6
a 34 392 5
a 35 600 3
a 35 849 7
a 36 152 1
a 36 319 9
a 36 452 2
a 36 494 4
a 37 173 9
a 37 831 7
a 38 119 1
a 38 233 7
a 39 804 6
a 40 23 2
a 40 372 9
a 41 176 8
a 41 356 4
a 41 819 3
a 42 501 3
a 43 84 9
a 44 625 7
a 45 418 1
a 45 609 1
a 45 643 6
a 46 670 4
a 47 736 10
a 47 840 3
a 48 325 2
a 49 64 10
a 49 79 5
a 49 679 5
a 50 577 3
a 51 494 6
a 52 245 6
a 52 542 3
a 52 668 1
a 53 34 8
a 53 556 3
a 53 636 3
a 54 687 6
a 55 46 10
a 55 142 1
a 55 447 4
a 55 817 7
a 56 304 4
a 56 764 1
a 57 735 4
a 58 202 10
a 59 477 1
a 59 600 2
a 60 720 7
a 61 4 9
a 61 439 9
a 62 66 3
a 62 465 6
a 62 695 7
a 62 802 8
a 63 207 5
a 63 466 2
a 63 809 7
a 64 401 10
a 65 51 7
a 65 400 1
a 65 421 6
a 66 290 5
a 66 500 1
a 66 558 2
a 67 715 4
a 67 864 2
a 67 868 2
a 68 282 7
a 68 722 10
a 69 113 7
a 69 444 1
a 70 365 1
a 70 577 9
a 71 82 2
a 72 430 7
a 72 838 5
a 73 152 7
a 74 505 6
a 74 562 6
a 74 778 10
a 75 58 5
a 75 550 3
a 75 641 6
a 76 402 7
a 76 720 1
a 77 547 1
a 77 786 10
a 78 37 8
a 78 245 8
a 79 45 10
a 79 617 6
a 79 658 7
a 80 611 1
a 80 693 3
a 80 891 5
a 81 571 6
a 81 632 3
a 81 735 9
a 81 766 10
a 82 100 2
a 83 511 9
a 83 657 4
a 84 116 7
a 85 31 6
a 85 32 5
a 85 861 3
a 86 369 7
a 86 798 9
a 87 447 10
a 88 486 9
a 89 294 2
a 90 436 9
a 90 647 6
a 91 282 1
a 91 552 9
a 92 258 5
a 92 359 5
a 92 592 8
a 92 758 10
a 93 306 3
a 93 517 8
a 93 591 9
a 94 709 6
a 94 793 10
a 95 781 6
a 96 867 9
a 97 56 2
a 98 15 3
a 98 664 8
a 99 30 4
a 99 388 3
a 99 774 10
a 100 807 9
a 101 180 7
a 101 478 9
a 102 501 6
a 103 47 9
a 104 111 7
a 105 427 5
a 106 379 6
a 107 124 2
a 107 877 3
a 108 55 10
a 108 706 1
a 108 751 10
a 109 17 2
a 110 249 5
a 110 382 7
a 110 508 1
a 110 756 10
a 111 435 2
a 112 426 5
a 112 730 5
a 113 512 6
a 114 186 1
a 114 501 4
a 115 493 6
a 115 858 4
a 116 56 10
a 116 305 2
a 116 747 10
a 117 227 7
a 117 503 5
a 117 593 8
a 117 686 8
a 118 297 8
a 118 397 1
a 119 271 4
a 120 133 3
a 120 274 5
a 120 841 8
a 121 524 3
a 122 428 5
a 122 501 4
a 123 133 4
a 123 619 4
a 124 662 10
a 125 327 1
a 126 194 10
a 126 268 3
a 126 796 1
a 127 699 9
a 128 84 9
a 128 292 4
a 128 737 5
a 129 66 1
a 130 219 1
a 130 526 4
a 130 869 6
a 131 248 9
a 131 536 3
a 131 575 9
a 132 166 10
a 132 224 10
a 132 618 2
a 133 523 5
a 134 300 5
a 135 721 2
a 135 799 10
a 136 230 9
a 136 595 8
a 137 173 9
a 138 401 3
a 139 636 4
a 140 290 2
a 141 712 5
a 141 723 7
a 142 845 9
a 143 85 10
a 144 189 4
a 144 740 6
a 145 320 10
a 146 593 3
a 147 311 5
a 148 423 8
a 149 454 5
a 149 502 4
a 149 515 7
a 150 790 8
a 151 44 3
a 152 118 3
a 152 205 7
a 152 783 8
a 152 810 10
a 153 195 10
a 153 357 6
a 154 645 10
a 155 384 1
a 156 581 8
a 157 648 2
a 157 692 8
a 157 874 5
a 158 640 7
a 158 713 4
a 159 796 8
a 159 852 10
a 160 66 7
a 161 205 10
a 162 95 9
a 163 401 5
a 163 650 9
a 163 678 1
a 164 329 8
a 164 899 5
a 165 318 7
a 165 354 2
a 166 616 4
a 167 10 9
a 167 429 7
a 168 128 6
a 168 265 2
a 168 291 3
a 168 836 9
a 169 447 7
a 170 143 4
a 170 453 6
a 170 559 7
a 170 577 6
a 171 149 3
a 171 187 3
a 171 255 6
a 171 512 9
a 172 139 4
a 172 234 7
a 172 278 1
a 172 302 8
a 172 483 9
a 172 861 3
a 173 252 6
a 173 301 10
a 174 48 3
a 174 256 4
a 174 399 6
a 174 587 9
a 174 667 2
a 175 100 1
a 175 146 9
a 175 641 9
a 175 767 8
a 176 54 6
a 176 789 8
a 177 214 3
a 177 529 10
a 177 535 8
a 178 437 1
a 179 157 4
a 180 129 4
a 180 165 4
a 180 412 3
a 180 734 10
a 181 130 10
a 181 758 7
a 182 544 8
a 182 889 9
a 183 78 10
a 183 361 3
a 183 375 10
a 183 387 9
a 183 605 1
a 184 221 2
a 184 254 3
a 184 660 7
a 185 573 2
a 186 140 3
a 186 719 10
a 187 258 5
a 187 461 7
a 188 231 3
a 188 408 10
a 188 828 1
a 189 480 1
a 189 896 9
a 190 441 6
a 190 657 5
a 191 7 8
a 191 601 1
a 192 54 6
a 193 210 1
a 193 729 10
a 194 43 10
a 194 60 1
a 194 145 3
a 195 115 1
a 196 307 9
a 196 320 2
a 196 370 9
a 197 779 6
a 198 401 3
a 199 314 2
a 199 585 3
a 199 850 2
a 200 633 7
a 200 785 1
a 201 626 3
a 201 857 1
a 202 839 6
a 203 599 7
a 204 436 8
a 205 350 4
a 205 460 9
a 205 692 6
a 206 93 4
a 207 39 6
a 207 737 4
a 208 199 1
a 208 846 4
a 209 168 10
a 209 293 10
a 209 799 1
a 210 839 5
a 211 81 10
a 211 162 6
a 211 888 4
a 212 16 1
a 212 31 6
a 213 496 5
a 213 630 9
a 213 747 10
a 214 308 8
a 215 39 2
a 216 293 8
a 217 393 5
a 217 865 5
a 218 731 8
a 219 779 6
a 220 782 2
a 221 389 5
a 221 437 9
a 222 440 7
a 223 31 2
a 223 848 1
a 224 333 6
a 225 555 1
a 226 337 6
a 226 896 4
a 227 99 9
a 227 257 4
a 228 898 8
a 229 227 4
a 229 702 1
a 230 630 7
a 231 298 8
a 232 4 4
a 232 640 6
a 233 170 4
a 234 343 5
a 235 449 3
a 235 470 3
a 236 364 1
a 236 434 4
a 236 733 7
a 237 184 8
a 238 50 7
a 238 787 1
a 239 15 10
a 239 451 5
a 240 586 9
a 241 539 8
a 242 103 10
a 243 85 10
a 243 125 8
a 243 737 8
a 243 833 9
a 244 446 6
a 245 367 2
a 246 336 8
a 246 425 6
a 247 749 2
a 248 471 2
a 248 653 7
a 248 729 7
a 248 894 1
a 249 630 10
a 249 843 3
a 249 864 9
a 250 285 9
a 250 386 7
a 251 111 1
a 251 571 10
a 252 54 4
a 252 603 4
a 252 642 10
a 253 402 4
a 253 557 1
a 253 608 2
a 253 895 8
a 254 174 10
a 254 181 4
a 254 339 5
a 254 510 7
a 255 300 4
a 255 489 1
a 255 639 4
a 255 867 4
a 256 187 9
a 256 574 1
a 256 649 6
a 257 576 1
a 257 615 10
a 257 622 9
a 258 91 6
a 259 208 6
a 259 578 8
a 260 523 3
a 260 683 5
a 261 746 9
a 262 8 4
a 262 315 7
a 263 12 1
a 263 672 10
a 264 474 1
a 264 497 3
a 265 27 6
a 265 886 4
a 266 466 8
a 266 883 6
a 267 340 2
a 267 547 3
a 267 892 1
a 268 165 7
a 269 153 10
a 269 358 5
a 269 654 8
a 270 293 9
a 270 677 6
a 271 335 1
a 272 219 1
a 273 440 7
a 273 453 3
a 273 809 7
a 274 451 4
a 274 752 10
a 275 66 3
a 276 33 10
a 276 900 9
a 277 140 10
a 278 89 6
a 278 712 9
a 279 629 2
a 279 716 2
a 279 852 7
a 280 403 8
a 280 589 7
a 281 442 4
a 282 112 5
a 282 270 6
a 282 368 5
a 282 458 10
a 282 462 7
a 282 597 1
a 282 755 1
a 282 814 8
a 283 305 7
a 284 88 8
a 284 760 7
a 285 632 5
a 286 320 3
a 286 738 10
a 287 123 5
a 287 400 10
a 288 65 9
a 289 508 10
a 290 447 2
a 291 35 10
a 291 110 6
a 292 865 8
a 293 309 1
a 293 468 3
a 293 779 5
a 294 117 5
a 294 392 1
a 294 757 3
a 295 218 4
a 296 629 1
a 297 56 7
a 297 126 2
a 297 294 7
a 297 325 7
a 298 283 1
a 299 446 3
a 299 624 2
a 300 75 5
a 300 678 3
a 301 18 5
a 301 433 9
a 301 716 2
a 302 224 7
a 302 776 7
a 303 313 2
a 303 400 2
a 304 441 2
a 304 516 4
a 305 825 10
a 306 240 1
a 306 551 10
a 307 154 6
a 307 259 2
a 308 404 6
a 308 489 10
a 309 345 8
a 310 196 3
a 310 552 3
a 310 781 1
a 311 167 9
a 311 239 3
a 311 530 7
a 312 378 4
a 313 682 8
a 314 74 10
a 314 491 6
a 314 780 8
a 315 579 1
a 316 53 8
a 316 299 3
a 317 151 3
a 318 282 10
a 318 495 7
a 319 298 4
a 320 251 3
a 321 167 7
a 321 405 2
a 321 504 3
a 322 80 3
a 322 848 2
a 323 81 7
a 323 409 1
a 323 560 5
a 324 637 3
a 324 802 6
a 325 109 4
a 326 472 3
a 326 582 8
a 326 762 2
a 327 105 5
a 327 424 1
a 327 608 5
a 327 777 7
a 328 87 10
a 328 191 7
a 329 427 5
a 329 682 9
a 330 775 7
a 331 218 8
a 332 217 5
a 332 501 9
a 333 571 10
a 334 777 10
a 335 5 3
a 335 22 8
a 335 211 6
a 335 377 5
a 335 754 10
a 335 822 5
a 335 883 7
a 336 330 9
a 336 526 1
a 336 747 2
a 336 870 4
a 337 460 4
a 338 657 10
a 339 506 10
a 339 678 2
a 339 691 5
a 340 235 1
a 341 783 4
a 342 596 3
a 343 359 7
a 344 38 9
a 344 541 8
a 345 93 5
a 345 111 4
a 346 171 5
a 347 436 6
a 347 522 6
a 348 606 2
a 348 895 9
a 349 329 10
a 349 612 3
a 349 801 6
a 349 846 4
a 350 561 5
a 350 579 1
a 351 707 3
a 351 727 10
a 352 255 6
a 353 736 7
a 354 178 3
a 355 24 1
a 355 119 2
a 355 588 9
a 355 661 2
a 355 685 8
a 356 184 7
a 356 724 6
a 357 3 9
a 357 577 8
a 357 892 5
a 358 197 1
a 358 734 9
a 359 44 4
a 359 308 4
a 359 334 6
a 359 866 4
a 360 353 1
a 360 429 1
a 361 318 10
a 361 352 2
a 362 750 9
a 363 369 2
a 364 501 10
a 364 585 4
a 365 232 6
a 365 347 9
a 366 245 6
a 366 893 8
a 367 452 2
a 367 679 3
a 368 253 10
a 369 64 2
a 369 246 2
a 369 248 3
a 370 385 8
a 370 865 10
a 371 387 4
a 371 482 5
a 371 824 7
a 372 872 10
a 373 140 6
a 373 875 10
a 374 712 8
a 375 206 6
a 375 701 2
a 376 335 5
a 376 725 4
a 377 666 7
a 378 476 8
a 378 638 7
a 379 29 7
a 379 95 5
a 379 407 1
a 379 410 6
a 380 104 7
a 380 339 1
a 381 48 3
a 381 743 9
a 382 301 3
a 382 595 10
a 382 823 9
a 383 374 3
a 383 430 5
a 383 788 7
a 383 840 7
a 384 102 5
a 384 492 1
a 385 25 4
a 385 446 9
a 386 740 10
a 386 804 4
a 387 666 8
a 387 799 7
a 388 134 1
a 388 523 1
a 388 806 9
a 389 174 9
a 390 651 9
a 391 328 9
a 391 791 2
a 392 17 9
a 392 127 3
a 393 68 10
a 394 379 1
a 394 719 9
a 395 399 8
a 395 409 7
a 395 832 8
a 396 271 7
a 396 513 5
a 396 746 7
a 396 771 9
a 397 24 8
a 397 481 3
a 398 665 2
a 399 351 2
a 400 93 5
a 400 236 6
a 400 620 9
a 401 185 9
a 401 418 4
a 402 195 9
a 403 255 9
a 404 372 10
a 404 408 8
a 404 432 1
a 405 50 7
a 405 845 5
a 406 412 3
a 407 615 3
a 408 272 3
a 408 863 8
a 409 127 7
a 409 659 2
a 409 880 9
a 410 705 10
a 411 121 6
a 411 782 3
a 412 24 9
a 412 193 5
a 412 348 10
a 413 8 6
a 413 51 2
a 414 475 1
a 414 505 9
a 414 796 2
a 415 673 8
a 415 687 9
a 415 853 5
a 416 347 6
a 416 629 1
a 416 869 2
a 417 680 3
a 418 334 1
a 418 537 6
a 418 800 2
a 419 21 9
a 419 568 3
a 419 769 5
a 420 533 1
a 420 873 4
a 420 899 2
a 421 385 8
a 422 190 7
a 422 384 7
a 422 732 9
a 422 803 4
a 423 159 6
a 423 485 7
a 424 883 8
a 425 290 9
a 425 417 6
a 426 10 8
a 426 438 2
a 427 298 2
a 427 557 3
a 427 855 8
a 428 183 10
a 428 559 3
a 429 178 4
a 429 259 4
a 429 378 6
a 430 757 2
a 431 13 4
a 431 543 10
a 431 745 1
a 432 97 7
a 432 694 7
a 433 177 3
a 433 570 6
a 433 832 4
a 434 446 5
a 435 250 9
a 435 752 1
a 435 820 3
a 436 184 10
a 436 519 9
a 437 573 7
a 438 238 10
a 438 491 2
a 438 539 7
a 439 391 2
a 439 742 3
a 440 619 5
a 440 860 10
a 441 160 2
a 442 211 4
a 442 395 8
a 442 597 5
a 443 379 10
a 444 446 7
a 444 675 7
a 444 818 10
a 445 555 2
a 446 690 3
a 447 365 9
a 448 150 1
a 448 789 6
a 449 575 2
a 449 835 9
a 450 90 8
a 450 136 4
a 450 223 8
a 450 817 8
a 451 78 6
a 451 352 9
a 452 194 2
a 452 751 3
a 453 272 4
a 453 443 5
a 453 700 4
a 453 862 2
a 454 110 8
a 455 459 2
a 455 529 5
a 456 296 9
a 456 682 9
a 456 707 1
a 457 589 8
a 457 600 4
a 458 652 6
a 458 854 9
a 459 135 2
a 459 623 7
a 459 876 7
a 460 185 10
a 461 566 9
a 461 862 1
a 462 750 8
a 463 103 4
a 463 346 1
a 463 436 3
a 463 726 5
a 464 337 6
a 464 443 8
a 465 397 5
a 465 540 2
a 465 748 1
a 466 116 6
a 466 341 4
a 466 437 3
a 467 259 9
a 467 623 8
a 468 213 10
a 468 353 7
a 468 759 6
a 469 220 7
a 469 277 5
a 470 413 4
a 471 618 1
a 471 741 1
a 472 34 2
a 472 269 4
a 472 441 10
a 473 332 7
a 473 829 7
a 474 553 1
a 475 598 5
a 475 834 3
a 476 344 10
a 476 582 2
a 476 847 2
a 477 613 5
a 477 887 10
a 478 154 3
a 478 299 6
a 479 132 10
a 479 316 5
a 479 632 1
a 480 221 6
a 480 322 9
a 480 658 7
a 481 80 4
a 481 175 10
a 481 429 1
a 481 562 4
a 482 259 2
a 482 784 6
a 483 13 6
a 484 159 5
a 484 727 8
a 485 876 4
a 486 512 3
a 487 212 9
a 487 770 7
a 488 145 7
a 488 854 1
a 489 281 2
a 489 752 8
a 490 352 9
a 490 609 9
a 490 764 1
a 491 292 3
a 491 617 5
a 492 228 6
a 492 753 2
a 493 83 6
a 494 202 7
a 494 235 4
a 495 648 2
a 496 59 2
a 496 65 2
a 496 848 3
a 496 890 1
a 497 648 8
a 498 275 10
a 498 615 5
a 499 663 2
a 499 664 10
a 500 95 8
a 500 96 9
a 501 425 3
a 501 567 3
a 501 781 9
a 502 62 7
a 502 300 8
a 503 525 10
a 503 652 2
a 504 642 1
a 505 94 1
a 505 309 9
a 505 690 6
a 506 120 1
a 506 343 10
a 507 617 10
a 508 879 2
a 509 471 2
a 509 586 10
a 510 23 5
a 510 154 8
a 510 731 1
a 511 254 5
a 512 54 8
a 512 215 6
a 513 328 4
a 513 565 5
a 514 182 7
a 514 471 5
a 515 144 8
a 515 157 7
a 515 195 7
a 516 782 10
a 517 549 6
a 517 555 5
a 518 456 7
a 518 850 9
a 519 347 3
a 520 383 10
a 521 87 8
a 521 743 2
a 522 535 2
a 523 19 8
a 523 719 10
a 524 20 5
a 524 70 6
a 524 492 8
a 525 681 1
a 525 741 6
a 526 848 6
a 527 41 6
a 527 808 7
a 528 494 5
a 528 705 10
a 529 701 3
a 530 92 1
a 530 233 4
a 530 645 4
a 531 558 3
a 531 569 3
a 532 785 1
a 533 627 5
a 534 342 2
a 534 795 5
a 534 882 6
a 535 251 6
a 535 879 2
a 536 333 7
a 536 390 8
a 536 710 4
a 537 643 1
a 538 585 2
a 538 721 1
a 539 229 1
a 539 768 10
a 539 851 5
a 540 696 8
a 540 898 5
a 541 713 8
a 541 739 1
a 542 142 1
a 542 216 9
a 542 553 8
a 543 680 3
a 544 15 10
a 544 277 1
a 545 14 6
a 546 7 7
a 546 64 2
a 546 820 4
a 547 137 10
a 547 862 1
a 548 300 6
a 548 428 7
a 549 271 6
a 550 413 4
a 551 519 5
a 552 742 7
a 553 651 7
a 554 324 10
a 554 797 9
a 555 884 5
a 555 891 9
a 556 209 3
a 556 488 1
a 556 512 9
a 557 249 9
a 557 284 9
a 557 541 6
a 558 538 9
a 558 807 10
a 559 444 4
a 559 598 2
a 560 14 1
a 560 179 6
a 560 286 5
a 560 590 8
a 561 408 5
a 562 99 5
a 563 54 7
a 563 57 10
a 564 62 4
a 564 316 7
a 564 900 3
a 565 411 1
a 565 669 2
a 566 110 5
a 566 711 1
a 566 728 4
a 567 402 7
a 568 214 7
a 568 750 4
a 569 2 8
a 569 809 10
a 570 885 2
a 571 161 7
a 571 348 2
a 572 896 6
a 573 861 2
a 574 753 2
a 575 42 10
a 575 106 6
a 575 397 5
a 576 442 6
a 576 635 3
a 576 797 2
a 576 841 7
a 577 188 1
a 578 793 2
a 579 284 4
a 579 507 2
a 580 280 6
a 580 573 1
a 581 257 3
a 581 741 10
a 582 74 9
a 582 631 8
a 583 569 3
a 584 388 7
a 585 17 3
a 586 371 6
a 586 600 1
a 586 763 9
a 586 898 8
a 587 167 2
a 587 859 4
a 587 897 5
a 588 39 3
a 589 367 6
a 590 97 3
a 590 360 8
a 590 448 9
a 591 757 3
a 592 91 1
a 592 215 4
a 592 544 6
a 593 196 7
a 593 357 3
a 594 81 3
a 594 112 5
a 595 362 5
a 595 708 7
a 596 50 6
a 596 614 1
a 597 256 10
a 598 753 2
a 599 101 2
a 599 881 8
a 600 850 8
a 601 662 3
a 601 689 3
a 601 797 6
a 602 83 3
a 602 898 1
a 603 395 2
a 604 527 5
a 604 854 1
a 605 147 4
a 605 386 2
a 605 892 7
a 606 131 2
a 606 692 8
a 607 768 4
a 607 787 8
a 608 11 7
a 608 186 1
a 609 508 9
a 609 670 4
a 609 672 4
a 609 753 8
a 609 873 8
a 610 432 8
a 610 600 10
a 610 853 10
a 611 106 1
a 612 661 7
a 612 743 4
a 613 159 5
a 614 417 3
a 614 782 10
a 615 326 9
a 616 109 10
a 616 136 3
a 617 532 8
a 617 704 5
a 618 91 7
a 618 108 6
a 618 602 8
a 619 138 1
a 619 164 3
a 620 783 1
a 621 654 2
a 622 381 2
a 623 583 9
a 623 801 3
a 624 590 6
a 625 102 5
a 625 200 1
a 625 659 8
a 626 188 4
a 626 261 5
a 626 549 6
a 627 404 10
a 628 264 1
a 628 542 8
a 628 655 3
a 629 363 8
a 630 34 10
a 631 611 8
a 632 586 2
a 633 425 5
a 634 173 1
a 634 738 10
a 635 605 6
a 635 671 5
a 636 114 4
a 636 192 3
a 636 802 10
a 637 531 3
a 637 646 10
a 637 815 6
a 638 209 1
a 638 494 9
a 638 514 7
a 639 535 7
a 640 424 10
a 641 733 10
a 642 466 6
a 643 591 9
a 644 761 7
a 645 161 4
a 645 431 2
a 645 484 6
a 646 192 5
a 647 521 7
a 647 892 10
a 648 360 1
a 649 122 2
a 649 416 3
a 650 626 5
a 651 68 10
a 651 75 6
a 651 76 6
a 651 235 3
a 652 757 2
a 653 26 3
a 653 160 9
a 653 813 3
a 654 77 7
a 654 390 9
a 654 651 1
a 655 355 10
a 655 681 6
a 655 697 6
a 655 725 7
a 656 141 8
a 656 499 10
a 657 236 2
a 658 138 4
a 658 140 8
a 659 166 1
a 659 170 3
a 659 401 8
a 660 327 8
a 660 425 7
a 661 569 6
a 661 830 5
a 662 674 7
a 662 676 2
a 662 825 4
a 663 343 5
a 664 297 8
a 664 859 1
a 665 173 3
a 665 732 4
a 665 761 9
a 665 884 10
a 666 490 3
a 666 834 10
a 667 868 1
a 668 283 3
a 668 740 3
a 669 100 4
a 669 684 1
a 670 599 4
a 671 343 10
a 672 763 6
a 672 826 6
a 672 871 8
a 673 118 2
a 673 178 5
a 673 267 2
a 673 825 9
a 674 147 9
a 674 417 4
a 674 445 5
a 674 594 10
a 674 627 8
a 675 519 7
a 675 673 7
a 676 50 3
a 676 279 7
a 676 758 4
a 677 237 6
a 677 742 1
a 678 127 8
a 678 169 6
a 678 705 5
a 678 793 3
a 678 808 3
a 679 582 6
a 679 718 8
a 680 262 6
a 680 622 5
a 680 684 5
a 681 49 10
a 681 71 3
a 681 212 6
a 681 281 5
a 682 9 7
a 682 69 2
a 682 140 3
a 682 602 6
a 683 51 9
a 683 218 1
a 683 344 2
a 684 702 3
a 685 282 10
a 686 391 1
a 686 557 9
a 687 67 8
a 687 377 1
a 688 241 8
a 688 251 7
a 689 171 9
a 689 419 5
a 689 667 4
a 690 112 10
a 690 187 6
a 690 457 8
a 690 546 8
a 691 172 2
a 691 278 1
a 692 232 6
a 692 243 7
a 692 310 9
a 693 52 5
a 693 328 2
a 693 553 10
a 694 428 10
a 695 248 4
a 696 326 7
a 696 389 8
a 696 547 6
a 696 698 7
a 697 558 3
a 697 827 6
a 698 74 10
a 698 566 10
a 698 612 5
a 698 858 5
a 699 203 9
a 699 288 3
a 699 331 10
a 699 556 6
a 700 474 4
a 701 622 10
a 702 491 9
a 703 49 1
a 703 790 9
a 703 844 6
a 704 148 5
a 704 420 6
a 704 490 1
a 704 658 2
a 704 865 8
a 705 684 2
a 706 678 4
a 707 360 9
a 707 381 2
a 707 708 2
a 707 710 6
a 708 116 3
a 709 30 5
a 709 157 2
a 710 170 9
a 710 805 2
a 711 345 9
a 712 145 1
a 712 837 10
a 713 225 4
a 713 266 1
a 714 169 2
a 715 899 4
a 716 296 5
a 716 502 8
a 717 675 1
a 717 729 8
a 718 200 4
a 719 498 5
a 719 616 8
a 720 44 10
a 720 421 4
a 720 568 7
a 721 184 8
a 721 369 10
a 722 152 2
a 723 519 3
a 724 171 8
a 725 28 4
a 725 94 9
a 725 260 4
a 726 701 2
a 727 100 7
a 727 746 3
a 728 863 9
a 729 27 6
a 729 392 1
a 729 498 10
a 730 464 9
a 730 497 1
a 730 545 7
a 731 351 1
a 731 765 8
a 732 672 5
a 732 750 4
a 733 72 2
a 733 342 7
a 733 729 4
a 734 406 8
a 734 452 7
a 734 625 4
a 735 566 8
a 736 448 10
a 736 524 2
a 736 597 8
a 736 607 2
a 737 614 9
a 738 620 7
a 739 617 8
a 740 369 10
a 741 141 8
a 741 226 10
a 741 758 5
a 742 78 2
a 743 376 6
a 743 494 2
a 744 302 2
a 744 449 3
a 745 683 2
a 745 741 4
a 746 291 10
a 746 604 4
a 746 690 8
a 747 774 5
a 747 794 2
a 747 821 5
a 748 158 9
a 748 430 5
a 748 473 9
a 748 816 6
a 749 58 8
a 749 730 9
a 749 886 8
a 750 296 3
a 750 717 5
a 751 717 6
a 752 129 4
a 753 186 1
a 754 441 3
a 755 854 4
a 756 139 3
a 756 415 7
a 756 788 10
a 757 98 5
a 757 139 6
a 757 266 10
a 758 166 5
a 759 321 1
a 759 579 5
a 759 620 7
a 760 328 5
a 760 797 7
a 761 367 10
a 761 785 2
a 761 878 4
a 762 73 2
a 762 715 3
a 763 411 7
a 764 343 9
a 764 596 2
a 764 814 3
a 765 346 3
a 766 96 4
a 766 361 3
a 766 380 3
a 766 416 10
a 766 487 10
a 766 578 9
a 766 602 10
a 767 419 2
a 767 509 4
a 767 723 6
a 768 183 3
a 769 249 8
a 770 345 10
a 770 834 6
a 771 602 1
a 772 205 6
a 772 749 7
a 773 208 1
a 774 755 4
a 775 236 1
a 776 504 1
a 776 668 4
a 777 764 7
a 777 772 7
a 778 263 5
a 779 701 9
a 780 654 6
a 780 783 6
a 781 101 3
a 781 176 7
a 781 263 4
a 782 201 4
a 782 773 10
a 782 781 7
a 783 478 7
a 783 576 3
a 784 695 1
a 785 115 9
a 785 318 10
a 786 144 10
a 786 287 3
a 786 780 2
a 787 620 4
a 787 745 8
a 788 887 9
a 789 92 3
a 790 16 4
a 791 751 6
a 792 881 4
a 793 466 3
a 794 94 8
a 794 124 6
a 794 227 7
a 795 245 3
a 795 767 8
a 796 247 7
a 796 443 4
a 797 802 4
a 798 381 5
a 799 197 6
a 799 373 3
a 799 469 6
a 800 538 5
a 800 656 10
a 800 790 1
a 801 130 7
a 801 285 9
a 801 744 2
a 802 554 1
a 802 858 4
a 803 798 9
a 804 613 5
a 805 242 3
a 805 622 4
a 805 751 3
a 806 334 6
a 807 312 3
a 807 317 8
a 807 792 5
a 808 189 1
a 808 413 9
a 808 630 6
a 809 246 6
a 809 458 8
a 809 573 3
a 809 580 4
a 809 775 6
a 810 158 4
a 810 486 1
a 810 626 3
a 811 90 10
a 812 144 7
a 813 381 8
a 814 35 3
a 814 253 3
a 815 837 6
a 816 423 3
a 816 607 6
a 817 361 10
a 818 50 1
a 818 520 8
a 819 583 7
a 819 703 1
a 819 765 7
a 820 409 8
a 821 83 9
a 821 558 7
a 821 735 5
a 822 92 5
a 823 327 10
a 823 564 3
a 823 811 4
a 823 815 1
a 824 63 1
a 824 451 4
a 825 6 5
a 825 626 10
a 826 132 7
a 827 244 7
a 827 328 6
a 828 838 4
a 829 603 4
a 830 204 10
a 830 467 3
a 830 833 2
a 831 107 8
a 831 532 9
a 831 621 4
a 831 699 4
a 832 511 2
a 833 13 10
a 833 655 9
a 834 91 9
a 834 311 10
a 834 463 3
a 835 402 7
a 835 474 3
a 836 779 7
a 837 69 5
a 838 649 5
a 838 699 9
a 839 793 8
a 840 234 5
a 840 385 9
a 841 252 7
a 842 541 1
a 842 695 10
a 843 381 10
a 844 182 9
a 844 198 5
a 844 572 4
a 844 879 2
a 845 54 8
a 845 323 3
a 845 518 10
a 845 528 3
a 846 305 4
a 846 886 6
a 847 636 4
a 848 835 3
a 849 37 10
a 849 688 3
a 850 653 6
a 851 563 4
a 851 729 5
a 851 803 7
a 852 851 1
a 853 42 6
a 854 554 9
a 855 303 10
a 855 737 5
a 856 295 1
a 856 410 10
a 857 68 5
a 858 746 2
a 859 707 6
a 859 760 5
a 860 128 2
a 860 455 5
a 860 631 8
a 861 47 2
a 861 276 10
a 861 288 1
a 861 545 3
a 861 734 3
a 862 728 8
a 862 751 8
a 863 86 4
a 863 320 6
a 863 366 4
a 863 534 9
a 864 383 7
a 864 842 8
a 865 490 5
a 865 552 9
a 866 408 10
a 867 434 1
a 867 573 10
a 867 884 8
a 868 349 1
a 868 487 7
a 868 689 4
a 869 633 6
a 870 877 10
a 871 286 10
a 871 333 4
a 872 41 7
a 873 240 4
a 874 218 3
a 874 450 1
a 874 628 2
a 875 436 9
a 875 467 8
a 876 404 5
a 877 251 10
a 878 400 3
a 878 857 7
a 879 156 9
a 879 517 8
a 879 699 3
a 880 583 5
a 880 640 8
a 880 644 4
a 881 514 9
a 882 36 1
a 882 314 4
a 883 40 8
a 883 151 9
a 883 163 7
a 883 363 2
a 883 396 8
a 883 888 6
a 884 882 4
a 885 692 10
a 885 859 2
a 886 385 2
a 887 222 6
a 887 298 4
a 887 518 8
a 888 339 3
a 888 479 5
a 889 176 3
a 889 885 6
a 890 414 2
a 890 416 10
a 891 257 5
a 891 280 8
a 892 191 8
a 893 36 10
a 893 338 10
a 894 289 5
a 894 563 1
a 895 676 9
a 895 812 5
a 895 823 4
a 896 155 7
a 896 805 5
a 897 857 5
a 898 314 5
a 898 680 2
a 899 82 1
a 899 584 2
a 899 866 8
