p max 900 1800
n 1 s
n 900 t
a 1 170 8
a 1 218 8
a 1 703 5
a 1 845 6
a 2 69 7
a 2 398 4
a 3 599 10
a 4 334 5
a 4 645 10
a 5 15 7
a 6 284 4
a 6 369 8
a 6 841 7
a 7 718 6
a 8 75 6
a 8 260 7
a 9 326 4
a 10 149 8
a 10 640 4
a 11 288 9
a 11 426 9
a 12 94 2
a 13 190 7
a 14 588 9
a 15 247 9
a 15 747 4
a 16 281 5
a 17 12 6
a 17 296 1
a 18 822 6
a 19 841 5
a 20 701 7
a 21 802 10
a 22 160 4
a 22 226 9
a 22 736 2
a 23 245 6
a 24 487 10
a 25 748 7
a 26 385 10
a 27 254 9
a 27 506 1
a 28 86 10
a 28 152 2
a 28 168 3
a 28 815 2
a 29 384 10
a 29 792 5
a 30 143 1
a 30 363 1
a 30 419 3
a 31 234 10
a 32 35 10
a 32 103 5
a 32 115 9
a 32 134 5
a 32 585 2
a 32 708 10
a 33 4 6
a 33 271 10
a 33 309 10
a 34 634 3
a 35 577 6
a 36 555 10
a 37 475 1
a 38 382 5
a 38 440 5
a 38 636 7
a 39 240 7
a 39 581 8
a 40 7 8
a 40 540 2
a 40 654 6
a 40 791 7
a 41 92 8
a 42 881 7
a 43 419 4
a 44 764 10
a 45 313 8
a 46 130 1
a 47 10 8
a 47 605 10
a 48 306 6
a 48 319 10
a 49 236 1
a 50 8 3
a 50 505 4
a 50 617 8
a 50 658 10
a 51 97 1
a 51 354 10
a 51 799 3
a 51 846 1
a 52 182 6
a 52 269 4
a 53 28 5
a 54 376 5
a 54 549 9
a 54 670 8
a 55 495 8
a 56 312 4
a 56 427 7
a 57 45 8
a 58 721 10
a 58 831 6
a 59 706 5
a 59 766 2
a 59 837 1
a 60 594 10
a 60 730 5
a 61 137 8
a 62 842 9
a 63 335 7
a 63 762 4
a 64 805 1
a 64 846 8
a 65 257 10
a 65 671 6
a 66 135 6
a 66 387 9
a 67 98 10
a 67 359 4
a 67 641 4
a 67 673 7
a 68 659 9
a 69 377 7
a 70 214 6
a 70 539 10
a 71 383 5
a 71 575 10
a 71 856 4
a 72 322 7
a 72 385 6
a 72 662 8
a 73 179 10
a 73 290 5
a 74 691 5
a 74 863 3
a 75 478 6
a 75 515 4
a 75 750 9
a 75 863 4
a 75 867 8
a 76 49 3
a 76 731 7
a 77 256 4
a 77 355 1
a 77 606 7
a 78 110 2
a 79 207 6
a 79 292 5
a 79 323 5
a 80 851 5
a 81 250 3
a 81 485 7
a 82 623 3
a 82 647 1
a 82 764 3
a 83 550 9
a 84 523 6
a 84 833 5
a 84 851 6
a 85 48 1
a 85 586 8
a 86 115 3
a 87 383 7
a 88 23 8
a 88 530 4
a 89 273 4
a 90 473 10
a 91 5 1
a 91 534 1
a 91 587 8
a 92 508 3
a 92 846 10
a 93 407 10
a 94 180 8
a 94 480 9
a 94 598 8
a 94 878 6
a 95 181 7
a 95 438 6
a 95 787 10
a 96 345 10
a 96 469 10
a 97 248 10
a 97 647 2
a 98 23 9
a 98 405 4
a 99 171 10
a 99 602 4
a 100 202 2
a 100 294 10
a 100 412 4
a 100 881 5
a 101 109 9
a 101 492 6
a 102 52 5
a 102 159 8
a 102 635 5
a 103 616 8
a 104 734 8
a 105 9 4
a 106 265 7
a 106 293 8
a 106 346 7
a 106 773 10
a 107 34 9
a 107 743 5
a 107 835 1
a 107 887 7
a 107 898 6
a 108 693 9
a 109 275 9
a 109 636 8
a 109 822 1
a 110 535 8
a 110 852 10
a 111 227 3
a 111 615 3
a 111 758 9
a 112 861 5
a 113 158 9
a 113 504 2
a 114 50 9
a 114 332 1
a 114 496 3
a 114 848 2
a 115 202 8
a 116 89 10
a 116 251 6
a 116 665 3
a 116 875 6
a 117 333 1
a 118 320 2
a 119 485 2
a 120 15 10
a 120 69 3
a 120 99 1
a 120 227 7
a 121 87 5
a 122 636 2
a 122 850 2
a 123 644 6
a 124 35 7
a 124 614 10
a 125 100 4
a 125 245 8
a 125 368 7
a 125 469 9
a 125 889 8
a 126 541 9
a 127 710 3
a 128 681 4
a 129 481 2
a 129 505 7
a 130 54 9
a 130 176 6
a 131 212 6
a 132 449 3
a 132 475 1
a 132 812 9
a 133 215 4
a 133 234 10
a 133 574 1
a 133 724 1
a 134 548 9
a 135 92 5
a 135 621 7
a 136 261 6
a 137 68 5
a 137 480 10
a 137 796 2
a 138 136 6
a 138 547 3
a 138 885 6
a 139 314 3
a 139 455 9
a 140 313 6
a 140 395 6
a 140 689 1
a 141 112 9
a 142 59 2
a 142 281 3
a 142 756 6
a 143 107 3
a 143 557 10
a 144 81 3
a 144 120 1
a 145 298 1
a 146 512 2
a 146 517 9
a 146 579 2
a 147 697 10
a 147 894 8
a 148 389 6
a 149 882 5
a 150 784 8
a 151 836 8
a 151 844 2
a 152 454 3
a 152 552 6
a 152 886 8
a 153 303 1
a 153 638 9
a 154 220 5
a 154 318 9
a 155 604 6
a 156 689 2
a 156 748 8
a 156 820 8
a 157 104 4
a 157 768 8
a 157 839 2
a 158 360 4
a 159 656 9
a 160 158 1
a 160 290 9
a 160 299 6
a 161 152 6
a 161 726 6
a 161 829 8
a 162 112 5
a 162 461 7
a 162 582 8
a 163 56 7
a 163 57 5
a 163 585 8
a 164 26 5
a 164 474 9
a 165 448 1
a 166 165 9
a 166 204 1
a 166 368 8
a 167 587 7
a 167 861 10
a 168 71 5
a 168 72 10
a 168 533 2
a 169 804 1
a 170 80 7
a 170 239 1
a 170 709 6
a 171 164 3
a 171 274 8
a 171 372 6
a 171 775 3
a 172 380 8
a 173 171 9
a 174 576 7
a 174 820 9
a 175 297 1
a 176 720 1
a 177 144 9
a 177 218 9
a 177 516 2
a 177 648 10
a 178 239 5
a 178 874 5
a 179 554 5
a 179 618 4
a 180 640 9
a 181 501 6
a 181 710 4
a 182 329 6
a 183 294 8
a 184 466 6
a 184 700 10
a 185 92 5
a 186 117 5
a 186 419 7
a 186 712 10
a 187 571 2
a 188 169 6
a 189 87 8
a 189 532 7
a 189 793 1
a 190 434 3
a 191 484 8
a 192 196 6
a 192 375 10
a 192 401 7
a 192 429 5
a 193 253 2
a 194 677 3
a 194 764 2
a 194 900 9
a 195 17 7
a 195 166 10
a 195 340 7
a 196 140 7
a 196 219 6
a 197 146 5
a 197 322 4
a 198 433 4
a 198 565 2
a 198 842 6
a 199 817 9
a 200 410 5
a 201 58 10
a 202 643 9
a 202 739 2
a 203 297 6
a 203 549 2
a 204 404 2
a 204 467 9
a 204 520 1
a 205 574 5
a 206 294 10
a 207 48 5
a 207 413 7
a 207 751 5
a 208 47 4
a 208 318 9
a 208 564 7
a 208 580 1
a 209 66 10
a 210 281 2
a 210 444 10
a 210 527 8
a 210 715 9
a 211 804 7
a 211 896 7
a 212 835 5
a 213 209 9
a 214 276 3
a 215 593 9
a 216 167 10
a 216 566 3
a 217 177 6
a 217 251 1
a 217 370 9
a 218 141 8
a 218 145 6
a 218 453 9
a 218 561 9
a 218 824 5
a 219 236 3
a 219 899 7
a 220 733 2
a 221 392 10
a 221 629 8
a 222 448 6
a 223 299 3
a 223 550 10
a 224 9 8
a 224 241 2
a 224 672 9
a 224 813 2
a 225 23 7
a 225 570 7
a 226 217 10
a 226 390 2
a 226 528 8
a 227 468 3
a 228 501 5
a 229 11 8
a 229 37 3
a 230 564 8
a 231 666 8
a 231 749 2
a 231 778 3
a 232 242 2
a 232 402 8
a 232 560 8
a 232 840 9
a 233 3 9
a 233 686 6
a 233 728 1
a 233 775 10
a 234 295 2
a 234 571 6
a 234 610 8
a 235 297 8
a 236 584 1
a 236 740 2
a 236 762 5
a 237 116 2
a 237 879 7
a 238 37 8
a 238 435 2
a 238 509 8
a 239 134 4
a 239 212 10
a 240 103 10
a 240 130 4
a 240 302 10
a 241 128 5
a 242 211 1
a 243 572 7
a 244 8 1
a 244 673 1
a 245 101 10
a 245 431 8
a 245 700 3
a 245 855 9
a 246 479 8
a 246 802 9
a 247 786 4
a 247 895 1
a 248 281 6
a 248 441 1
a 248 886 1
a 249 271 8
a 250 173 2
a 250 186 6
a 250 696 3
a 250 825 8
a 251 123 7
a 251 451 1
a 251 551 10
a 252 485 3
a 253 289 2
a 253 489 5
a 253 713 8
a 254 756 4
a 255 713 5
a 256 132 6
a 256 245 7
a 256 869 10
a 257 143 7
a 257 704 7
a 257 837 6
a 258 525 4
a 258 675 3
a 259 33 4
a 259 63 9
a 259 672 10
a 259 772 5
a 259 861 5
a 260 113 7
a 260 116 2
a 261 192 1
a 261 284 7
a 261 631 5
a 262 291 6
a 263 227 2
a 263 738 7
a 264 414 1
a 265 772 10
a 266 763 5
a 267 517 9
a 268 300 2
a 269 810 10
a 270 208 9
a 271 263 10
a 271 741 4
a 272 191 1
a 273 425 9
a 274 414 5
a 274 515 4
a 275 459 10
a 275 680 2
a 276 497 9
a 277 547 7
a 277 563 5
a 278 217 2
a 278 303 2
a 278 506 1
a 278 862 10
a 279 562 10
a 280 417 2
a 280 893 7
a 281 122 5
a 281 232 4
a 281 297 9
a 282 445 9
a 283 506 9
a 284 109 4
a 284 619 3
a 285 317 4
a 285 667 2
a 285 818 3
a 286 446 10
a 287 125 6
a 287 176 3
a 288 294 10
a 289 418 3
a 290 82 7
a 290 106 5
a 291 6 5
a 291 473 2
a 291 493 2
a 292 311 1
a 292 476 10
a 293 204 5
a 293 378 6
a 293 382 10
a 293 892 9
a 294 119 6
a 294 726 10
a 295 147 1
a 295 797 4
a 296 76 6
a 296 515 10
a 297 900 6
a 298 468 1
a 299 591 2
a 299 813 4
a 300 460 7
a 300 690 3
a 301 647 3
a 301 693 4
a 302 865 2
a 303 382 6
a 304 318 10
a 304 326 7
a 304 583 9
a 304 599 7
a 304 615 4
a 304 757 10
a 305 271 1
a 306 428 4
a 307 225 1
a 307 502 9
a 307 661 5
a 307 751 6
a 308 44 7
a 308 116 2
a 308 714 7
a 309 60 10
a 309 249 6
a 310 355 6
a 311 48 2
a 312 87 2
a 312 377 7
a 312 388 10
a 313 736 6
a 314 870 7
a 315 686 4
a 315 847 6
a 316 16 1
a 317 668 6
a 318 102 6
a 318 409 2
a 318 628 3
a 319 170 5
a 319 231 8
a 320 62 4
a 320 467 9
a 320 698 10
a 320 856 7
a 321 261 5
a 322 585 9
a 323 829 2
a 324 105 5
a 324 137 2
a 324 362 8
a 325 387 4
a 325 428 9
a 326 243 1
a 326 671 4
a 327 2 10
a 327 85 2
a 327 270 6
a 327 435 4
a 328 507 6
a 328 621 1
a 328 741 3
a 328 835 4
a 329 21 1
a 329 743 1
a 330 275 9
a 330 816 9
a 331 559 1
a 331 788 2
a 332 510 10
a 332 630 2
a 333 22 5
a 333 116 6
a 334 569 4
a 335 793 9
a 336 895 9
a 337 33 6
a 338 36 7
a 338 219 2
a 338 273 6
a 338 735 7
a 339 17 3
a 339 470 6
a 339 493 8
a 339 660 7
a 339 753 7
a 340 34 7
a 341 32 2
a 341 388 6
a 341 471 10
a 342 190 5
a 343 267 8
a 343 506 7
a 344 63 9
a 344 539 8
a 345 847 2
a 346 420 2
a 347 94 7
a 348 197 3
a 349 172 10
a 349 616 9
a 349 822 7
a 350 742 6
a 351 512 8
a 352 30 1
a 352 488 6
a 352 639 2
a 353 311 9
a 353 789 7
a 354 284 5
a 354 884 9
a 355 14 2
a 355 556 10
a 355 732 7
a 356 24 3
a 356 64 9
a 356 424 3
a 357 542 8
a 357 871 7
a 358 201 2
a 358 209 1
a 358 404 1
a 358 572 9
a 358 897 5
a 359 105 4
a 359 416 10
a 359 562 10
a 359 752 2
a 360 390 4
a 361 127 4
a 361 305 9
a 362 352 8
a 363 334 9
a 364 689 4
a 365 306 1
a 366 356 4
a 366 594 9
a 366 673 5
a 367 472 1
a 367 684 6
a 368 47 7
a 368 183 6
a 369 5 7
a 369 31 9
a 369 682 6
a 369 830 7
a 370 73 7
a 370 361 9
a 370 447 7
a 371 319 7
a 371 637 4
a 372 41 3
a 372 186 10
a 372 543 5
a 373 114 3
a 373 556 8
a 374 195 5
a 375 175 2
a 375 595 2
a 376 369 8
a 377 203 5
a 378 12 6
a 378 160 8
a 379 356 9
a 380 202 6
a 381 102 10
a 382 96 6
a 383 124 2
a 383 298 2
a 383 449 5
a 384 435 5
a 384 566 6
a 385 573 9
a 386 66 3
a 386 77 2
a 386 590 4
a 387 57 8
a 387 298 9
a 387 343 1
a 387 756 4
a 388 5 8
a 388 460 10
a 389 421 2
a 389 543 5
a 389 681 10
a 390 10 2
a 390 252 2
a 390 547 2
a 391 25 9
a 391 407 4
a 391 484 10
a 391 536 4
a 392 184 2
a 393 585 9
a 393 745 1
a 394 579 3
a 395 313 3
a 395 551 6
a 395 604 10
a 396 227 2
a 397 153 3
a 397 355 6
a 398 195 6
a 398 517 5
a 398 800 4
a 399 469 7
a 400 285 2
a 400 561 10
a 400 632 4
a 401 20 7
a 401 307 1
a 401 668 8
a 402 704 4
a 403 65 2
a 404 420 5
a 404 639 5
a 405 419 5
a 406 143 10
a 407 184 1
a 407 868 5
a 407 873 7
a 408 846 8
a 409 531 1
a 409 645 10
a 410 770 5
a 410 819 5
a 410 839 6
a 411 466 2
a 412 91 4
a 412 705 6
a 412 729 7
a 412 809 4
a 413 422 3
a 413 496 9
a 414 744 6
a 415 157 6
a 415 403 1
a 416 40 9
a 416 176 10
a 417 352 6
a 417 735 7
a 418 120 6
a 418 365 9
a 418 366 10
a 419 511 9
a 420 116 5
a 420 629 9
a 421 162 2
a 421 588 8
a 421 765 9
a 422 678 3
a 422 745 9
a 423 122 3
a 423 155 7
a 423 259 2
a 423 620 5
a 423 826 8
a 424 224 10
a 424 529 3
a 424 892 4
a 425 547 9
a 426 268 8
a 426 648 7
a 427 470 8
a 427 664 2
a 428 405 6
a 429 605 5
a 429 857 7
a 430 589 6
a 430 757 2
a 431 301 9
a 431 329 2
a 432 275 9
a 432 404 6
a 433 243 3
a 433 338 4
a 433 567 2
a 434 127 6
a 434 150 3
a 435 351 2
a 435 482 3
a 435 606 2
a 436 178 10
a 437 156 1
a 437 400 2
a 437 642 8
a 437 703 5
a 437 854 10
a 438 45 7
a 438 238 4
a 438 827 10
a 439 328 3
a 439 865 2
a 440 191 3
a 441 178 5
a 441 278 4
a 441 799 6
a 442 819 4
a 443 197 3
a 443 459 10
a 443 503 4
a 443 766 6
a 444 199 7
a 445 53 6
a 445 175 9
a 445 625 8
a 445 760 1
a 446 140 2
a 447 309 6
a 447 814 4
a 447 875 10
a 448 87 10
a 448 522 5
a 449 776 10
a 450 554 10
a 451 141 5
a 451 386 10
a 452 579 5
a 453 393 10
a 453 499 2
a 453 554 9
a 453 600 7
a 454 749 3
a 455 674 3
a 455 826 1
a 456 169 5
a 456 525 4
a 457 204 6
a 458 276 9
a 458 519 1
a 459 73 1
a 459 256 10
a 460 41 7
a 460 615 8
a 461 487 7
a 461 500 1
a 461 884 6
a 462 334 9
a 462 458 7
a 462 493 9
a 462 883 2
a 463 272 7
a 463 369 2
a 463 442 8
a 463 865 1
a 464 840 9
a 465 320 3
a 466 442 5
a 467 160 10
a 467 542 3
a 468 91 5
a 468 701 7
a 469 230 2
a 469 781 5
a 470 111 1
a 470 674 1
a 470 679 10
a 471 553 8
a 471 677 10
a 471 750 1
a 472 648 1
a 473 266 7
a 473 276 8
a 473 601 7
a 474 317 10
a 474 373 8
a 474 815 4
a 475 483 4
a 475 568 3
a 476 235 2
a 476 462 2
a 476 633 10
a 477 781 5
a 477 800 10
a 478 858 7
a 479 54 9
a 480 479 6
a 480 893 2
a 481 795 10
a 481 880 4
a 482 777 5
a 482 839 7
a 483 547 8
a 484 769 10
a 485 277 5
a 485 438 9
a 485 537 9
a 486 485 4
a 486 573 10
a 486 581 6
a 486 888 9
a 487 176 1
a 487 463 4
a 487 828 9
a 488 843 1
a 489 433 10
a 489 707 3
a 490 138 3
a 491 146 6
a 491 384 3
a 492 196 2
a 492 380 7
a 492 634 1
a 492 702 8
a 493 517 6
a 494 489 7
a 495 294 5
a 496 361 1
a 496 769 5
a 497 169 5
a 497 798 2
a 498 139 8
a 498 486 7
a 498 727 10
a 499 3 1
a 500 441 10
a 501 761 10
a 502 429 6
a 502 811 8
a 503 231 9
a 503 286 4
a 503 859 1
a 504 655 9
a 505 131 10
a 505 494 6
a 505 843 4
a 505 894 10
a 506 749 1
a 506 780 8
a 506 832 6
a 507 524 1
a 507 606 3
a 508 65 3
a 508 351 4
a 509 479 8
a 509 693 9
a 510 62 1
a 511 194 2
a 512 561 1
a 513 402 10
a 513 541 8
a 513 577 6
a 513 877 4
a 514 353 7
a 514 882 10
a 515 772 2
a 515 779 4
a 516 44 8
a 517 707 3
a 518 200 8
a 518 377 3
a 518 811 7
a 519 582 5
a 519 767 3
a 520 255 6
a 520 325 2
a 520 773 8
a 521 760 7
a 522 613 5
a 522 810 10
a 523 525 7
a 523 633 3
a 524 335 7
a 524 733 7
a 525 694 1
a 525 711 9
a 525 730 9
a 526 455 8
a 526 897 2
a 527 12 5
a 527 79 8
a 528 163 7
a 528 629 7
a 528 649 6
a 529 302 9
a 530 306 4
a 531 106 3
a 531 337 9
a 531 772 8
a 532 22 9
a 533 592 3
a 533 734 6
a 533 772 2
a 534 2 5
a 534 185 9
a 534 876 7
a 535 768 2
a 536 569 9
a 536 623 4
a 537 865 4
a 538 176 6
a 539 451 3
a 539 707 1
a 540 411 9
a 541 516 4
a 542 167 1
a 542 288 9
a 542 498 3
a 543 66 1
a 543 157 9
a 544 545 10
a 544 627 4
a 544 858 10
a 545 489 8
a 545 849 7
a 546 783 8
a 547 86 6
a 547 895 10
a 548 145 8
a 548 336 8
a 548 792 2
a 549 577 9
a 550 151 10
a 550 474 9
a 550 509 5
a 551 397 7
a 551 548 9
a 551 554 10
a 552 324 2
a 552 688 7
a 553 94 8
a 553 114 7
a 554 201 7
a 554 496 5
a 555 232 2
a 555 853 8
a 556 148 2
a 556 443 6
a 556 831 8
a 557 213 8
a 557 264 9
a 557 369 6
a 557 488 7
a 558 666 5
a 559 494 10
a 559 687 6
a 559 773 7
a 560 585 10
a 561 417 7
a 561 776 1
a 562 559 5
a 562 624 8
a 562 755 1
a 562 801 1
a 563 285 10
a 564 220 5
a 565 406 1
a 565 597 3
a 566 247 1
a 566 821 7
a 567 574 1
a 568 196 7
a 568 780 7
a 569 541 6
a 569 612 1
a 570 198 5
a 570 273 5
a 570 825 6
a 571 350 8
a 571 580 1
a 572 49 8
a 572 71 4
a 572 695 8
a 572 713 6
a 572 900 3
a 573 532 8
a 574 238 5
a 574 338 6
a 575 157 7
a 575 727 4
a 576 57 6
a 576 508 7
a 577 189 6
a 577 319 8
a 578 408 9
a 578 722 2
a 578 865 10
a 578 891 8
a 579 46 7
a 579 206 2
a 580 29 2
a 580 281 3
a 580 838 8
a 581 376 9
a 582 209 2
a 583 213 6
a 584 447 4
a 585 58 2
a 585 263 2
a 586 394 2
a 586 804 10
a 587 61 2
a 587 300 2
a 587 360 10
a 588 315 5
a 589 532 5
a 590 459 6
a 591 482 7
a 591 728 7
a 592 547 1
a 592 601 1
a 592 763 7
a 593 469 3
a 593 794 2
a 594 19 7
a 594 391 1
a 595 65 3
a 595 342 9
a 595 546 4
a 596 527 10
a 597 223 7
a 598 89 9
a 599 316 8
a 599 707 10
a 600 146 1
a 600 440 3
a 601 219 10
a 602 266 8
a 603 46 6
a 603 445 6
a 603 450 8
a 604 533 1
a 604 737 3
a 605 202 6
a 605 652 1
a 606 2 2
a 606 323 6
a 607 141 8
a 608 614 8
a 609 181 2
a 610 501 7
a 610 589 10
a 611 80 5
a 611 405 10
a 611 669 5
a 611 845 6
a 612 27 7
a 612 276 1
a 612 807 6
a 613 269 1
a 613 434 4
a 613 470 10
a 614 671 4
a 615 36 6
a 615 437 6
a 615 723 6
a 616 598 7
a 617 210 4
a 617 300 5
a 617 461 7
a 618 303 6
a 618 423 10
a 619 327 10
a 620 18 4
a 620 515 10
a 621 597 4
a 622 758 6
a 623 578 6
a 623 820 1
a 624 703 6
a 625 18 4
a 625 89 4
a 626 110 8
a 626 573 7
a 626 685 6
a 627 225 2
a 627 389 8
a 628 651 7
a 628 884 9
a 629 623 3
a 629 791 1
a 630 164 6
a 631 746 3
a 632 33 8
a 632 432 1
a 632 790 1
a 633 765 7
a 634 203 8
a 634 233 7
a 634 718 5
a 635 292 3
a 635 360 2
a 635 653 2
a 636 359 3
a 636 683 2
a 637 537 8
a 637 752 3
a 638 279 7
a 638 288 8
a 639 530 8
a 639 663 6
a 640 102 5
a 641 161 3
a 641 335 1
a 641 608 4
a 642 315 8
a 643 790 1
a 644 28 10
a 644 395 2
a 645 414 6
a 645 513 2
a 646 13 2
a 646 761 1
a 646 771 7
a 647 652 1
a 647 664 1
a 648 109 5
a 649 293 2
a 650 42 3
a 650 221 3
a 650 639 3
a 651 724 1
a 651 864 5
a 652 51 10
a 652 104 9
a 652 803 3
a 653 846 4
a 654 21 6
a 654 726 5
a 655 776 3
a 656 203 10
a 656 464 1
a 657 145 7
a 657 618 3
a 658 324 6
a 658 431 1
a 659 75 1
a 659 790 4
a 660 438 7
a 660 751 9
a 661 211 1
a 662 232 9
a 663 139 8
a 663 194 7
a 663 271 4
a 663 448 5
a 664 515 6
a 665 16 1
a 665 530 9
a 665 568 1
a 666 364 5
a 667 36 9
a 668 621 2
a 669 108 5
a 670 686 6
a 670 874 10
a 671 23 9
a 671 72 1
a 671 357 2
a 672 262 3
a 672 427 4
a 673 270 10
a 674 838 1
a 675 610 6
a 676 129 9
a 676 506 10
a 676 518 2
a 677 269 10
a 678 7 8
a 679 728 3
a 680 511 9
a 680 518 7
a 681 205 7
a 681 411 5
a 681 694 5
a 682 860 10
a 683 84 10
a 683 766 8
a 684 688 10
a 684 816 3
a 685 327 5
a 685 900 3
a 686 321 10
a 686 430 5
a 686 881 5
a 687 465 4
a 687 516 3
a 688 491 9
a 688 703 4
a 689 497 7
a 689 705 1
a 690 520 4
a 691 38 3
a 691 340 6
a 691 646 5
a 692 70 3
a 692 796 1
a 693 88 6
a 693 211 2
a 693 253 8
a 693 288 5
a 694 144 2
a 694 607 9
a 695 364 5
a 695 445 2
a 695 446 5
a 695 742 9
a 695 780 10
a 696 274 9
a 697 108 5
a 697 811 2
a 698 690 6
a 699 847 4
a 700 321 6
a 701 754 3
a 701 895 7
a 702 33 5
a 703 24 2
a 703 43 2
a 703 282 10
a 703 761 7
a 703 784 2
a 704 378 10
a 705 113 7
a 705 785 4
a 705 882 7
a 706 692 9
a 706 854 8
a 707 536 2
a 707 595 2
a 708 231 3
a 709 43 4
a 709 379 7
a 709 521 9
a 710 558 7
a 710 598 5
a 711 184 8
a 711 189 9
a 711 550 8
a 712 291 10
a 712 380 1
a 713 330 9
a 713 849 6
a 714 452 5
a 714 782 8
a 715 480 3
a 716 161 2
a 716 358 5
a 716 626 5
a 717 627 1
a 718 365 8
a 719 452 5
a 719 655 10
a 720 17 2
a 721 430 8
a 721 894 2
a 722 9 2
a 723 9 6
a 723 261 8
a 723 565 4
a 724 200 8
a 725 95 9
a 725 329 10
a 725 788 6
a 726 628 4
a 726 886 1
a 727 188 9
a 727 581 10
a 728 829 3
a 729 202 10
a 729 610 6
a 729 799 5
a 730 262 9
a 730 439 5
a 731 126 4
a 731 367 5
a 731 593 10
a 732 287 5
a 732 422 10
a 733 247 5
a 734 39 1
a 734 57 7
a 735 495 5
a 735 695 6
a 736 310 3
a 736 660 2
a 737 787 6
a 737 819 8
a 738 402 5
a 739 415 7
a 739 689 3
a 739 801 9
a 740 32 4
a 741 339 8
a 741 748 5
a 742 512 1
a 743 213 4
a 744 748 8
a 745 115 2
a 745 381 6
a 745 555 8
a 745 603 5
a 746 461 6
a 746 717 1
a 746 870 9
a 747 174 8
a 747 871 6
a 748 452 1
a 749 90 3
a 749 623 2
a 749 890 5
a 750 759 6
a 750 831 6
a 750 861 10
a 751 436 7
a 752 859 4
a 753 721 9
a 754 160 2
a 755 425 5
a 755 521 3
a 756 412 10
a 757 863 1
a 758 70 9
a 758 187 8
a 758 866 5
a 759 369 5
a 760 605 10
a 761 580 3
a 762 439 6
a 763 12 3
a 763 237 3
a 763 596 4
a 764 78 3
a 764 142 4
a 764 305 7
a 765 4 5
a 766 128 3
a 766 685 7
a 767 272 5
a 767 797 8
a 768 191 5
a 768 823 8
a 769 741 3
a 770 114 3
a 770 181 4
a 770 514 10
a 771 154 7
a 771 456 7
a 771 507 7
a 772 229 2
a 772 244 1
a 772 278 7
a 773 655 6
a 773 862 3
a 774 490 5
a 774 497 9
a 774 888 3
a 775 442 7
a 775 806 10
a 776 548 3
a 777 390 10
a 777 436 2
a 777 627 10
a 778 744 10
a 778 803 3
a 779 110 4
a 779 280 8
a 780 308 6
a 780 349 10
a 780 602 3
a 780 650 9
a 781 162 2
a 781 203 5
a 781 635 9
a 782 126 1
a 782 720 10
a 782 894 8
a 783 639 8
a 783 872 2
a 784 246 3
a 784 365 5
a 784 628 5
a 785 83 2
a 785 159 4
a 786 54 2
a 786 328 5
a 786 611 4
a 787 242 3
a 788 682 10
a 789 457 6
a 789 879 9
a 790 776 5
a 791 67 7
a 791 138 3
a 791 492 8
a 791 606 3
a 791 844 10
a 792 736 4
a 793 740 6
a 794 207 4
a 795 548 8
a 796 583 5
a 797 788 7
a 798 96 4
a 798 341 10
a 798 604 4
a 799 234 10
a 799 497 3
a 799 671 5
a 799 823 1
a 800 854 10
a 801 734 1
a 802 633 2
a 803 193 1
a 803 507 5
a 804 861 2
a 805 216 10
a 806 204 3
a 806 804 6
a 807 199 9
a 807 455 9
a 808 814 5
a 809 47 8
a 809 402 1
a 809 406 10
a 809 510 8
a 810 201 2
a 810 258 3
a 811 91 7
a 811 452 7
a 811 511 4
a 812 22 5
a 812 766 5
a 813 208 7
a 813 596 7
a 814 288 7
a 815 565 5
a 815 725 5
a 816 190 4
a 816 364 8
a 817 795 10
a 818 121 3
a 818 617 6
a 818 622 5
a 819 519 7
a 820 739 5
a 821 523 1
a 821 593 9
a 822 61 7
a 823 440 4
a 823 640 7
a 824 857 1
a 825 74 8
a 825 544 3
a 825 648 3
a 826 222 8
a 826 227 8
a 827 40 8
a 828 329 5
a 828 358 1
a 829 218 3
a 830 470 10
a 830 535 10
a 830 538 5
a 830 899 2
a 831 88 4
a 831 647 4
a 832 459 8
a 833 481 6
a 833 504 3
a 834 180 8
a 834 368 6
a 835 143 4
a 835 355 6
a 836 766 5
a 837 676 10
a 837 843 9
a 838 55 5
a 838 534 5
a 838 613 7
a 838 719 1
a 839 294 2
a 839 374 9
a 839 476 5
a 839 833 8
a 840 142 5
a 840 751 7
a 840 877 4
a 841 586 3
a 842 609 9
a 842 821 2
a 842 834 4
a 843 107 10
a 843 185 7
a 844 602 2
a 845 510 3
a 846 308 4
a 846 344 2
a 846 643 10
a 846 644 1
a 847 105 9
a 847 320 10
a 847 385 2
a 848 281 3
a 848 645 4
a 849 216 10
a 849 527 3
a 850 126 10
a 851 135 9
a 851 855 4
a 852 657 7
a 852 716 5
a 852 789 4
a 852 860 6
a 853 354 9
a 853 696 8
a 854 439 9
a 854 773 3
a 855 154 3
a 855 166 9
a 856 89 1
a 856 376 6
a 856 396 9
a 857 93 1
a 857 240 3
a 858 223 1
a 858 281 9
a 859 349 2
a 860 522 10
a 861 363 10
a 861 425 2
a 861 762 4
a 862 9 9
a 862 61 5
a 863 885 6
a 864 271 1
a 864 746 4
a 865 455 4
a 866 801 1
a 867 38 10
a 867 371 1
a 868 320 3
a 868 684 9
a 868 783 3
a 869 249 6
a 869 347 2
a 869 370 6
a 869 656 3
a 869 834 7
a 870 798 3
a 870 892 4
a 871 547 9
a 871 677 5
a 871 795 10
a 872 410 2
a 872 832 7
a 873 149 3
a 873 526 8
a 874 65 9
a 874 175 2
a 875 495 6
a 875 871 8
a 876 659 7
a 876 795 5
a 877 304 2
a 877 635 3
a 878 117 7
a 878 148 10
a 878 517 9
a 879 133 10
a 879 333 10
a 879 348 1
a 880 373 9
a 880 477 7
a 881 333 4
a 881 483 8
a 882 283 5
a 882 652 9
a 883 3 1
a 884 20 3
a 885 777 1
a 886 118 10
a 886 361 9
a 886 399 8
a 886 418 4
a 887 123 3
a 887 594 10
a 887 808 5
a 888 156 5
a 888 668 5
a 889 159 9
a 889 341 4
a 890 659 8
a 891 401 5
a 892 315 8
a 892 468 2
a 892 475 1
a 892 699 8
a 893 331 8
a 893 398 5
a 894 305 9
a 894 774 1
a 895 785 8
a 896 339 5
a 896 388 4
a 896 815 5
a 897 107 2
a 897 308 3
a 897 391 10
a 898 228 3
a 898 750 10
a 899 176 2
a 899 646 1
