p max 900 1800
n 1 s
n 900 t
a 1 30 10
a 1 50 9
a 2 356 2
a 2 442 9
a 2 673 8
a 3 286 3
a 3 413 5
a 3 742 8
a 4 310 7
a 4 454 2
a 4 592 10
a 5 155 9
a 5 594 10
a 6 57 3
a 7 214 10
a 7 277 7
a 7 808 3
a 8 253 8
a 9 364 9
a 10 520 10
a 11 657 9
a 11 869 6
a 11 888 8
a 12 413 3
a 12 439 4
a 12 603 10
a 13 599 7
a 13 654 7
a 14 646 8
a 15 76 5
a 15 124 6
a 15 536 9
a 15 728 6
a 16 804 10
a 17 258 5
a 18 757 2
a 18 862 5
a 19 668 5
a 20 152 6
a 20 338 8
a 20 410 10
a 20 429 2
a 21 138 6
a 21 552 3
a 22 121 8
a 22 220 9
a 23 19 7
a 23 213 2
a 24 399 5
a 25 159 5
a 25 688 3
a 26 301 10
a 26 555 8
a 26 560 1
a 26 701 10
a 27 620 6
a 28 375 7
a 28 556 4
a 28 782 5
a 29 383 2
a 30 364 2
a 31 44 6
a 31 73 8
a 31 89 6
a 31 563 4
a 31 812 10
a 32 754 7
a 33 103 10
a 33 213 9
a 33 825 2
a 34 151 1
a 34 239 8
a 34 870 8
a 35 99 2
a 36 10 10
a 36 209 9
a 36 479 1
a 36 775 9
a 36 833 6
a 37 626 1
a 38 268 7
a 39 407 8
a 39 624 6
a 40 46 6
a 40 295 2
a 41 204 3
a 41 642 7
a 42 10 6
a 42 218 5
a 43 334 5
a 43 804 2
a 44 158 9
a 44 227 8
a 44 344 8
a 45 524 4
a 45 653 3
a 46 330 1
a 46 633 7
a 47 71 1
a 47 99 10
a 48 229 2
a 48 319 1
a 48 435 1
a 48 608 2
a 49 13 3
a 49 25 10
a 49 187 3
a 49 387 5
a 49 546 7
a 50 500 2
a 50 737 2
a 51 191 7
a 52 193 8
a 52 323 7
a 53 238 7
a 53 349 1
a 54 22 7
a 55 167 8
a 55 260 2
a 55 645 10
a 56 20 8
a 56 26 2
a 57 55 9
a 57 552 5
a 57 803 2
a 58 825 3
a 58 838 8
a 59 53 2
a 59 329 8
a 59 506 4
a 60 693 8
a 61 785 3
a 62 186 8
a 62 284 10
a 63 405 4
a 64 143 10
a 64 762 7
a 64 815 5
a 65 194 10
a 65 509 3
a 66 244 10
a 66 258 10
a 66 604 7
a 66 612 1
a 67 816 10
a 68 306 6
a 68 433 7
a 69 804 4
a 69 887 10
a 70 247 3
a 71 78 7
a 71 90 1
a 71 138 7
a 72 373 5
a 73 100 4
a 73 316 1
a 74 516 3
a 75 74 7
a 75 77 1
a 76 96 8
a 76 434 2
a 77 632 1
a 78 219 10
a 79 406 7
a 79 518 5
a 80 147 9
a 81 203 2
a 81 434 7
a 81 762 4
a 82 71 1
a 82 446 9
a 83 811 1
a 84 704 2
a 84 717 2
a 85 453 4
a 85 465 4
a 86 491 4
a 86 685 8
a 86 781 4
a 86 815 2
a 87 27 6
a 87 545 8
a 88 531 3
a 89 197 4
a 89 768 8
a 90 150 7
a 90 351 5
a 90 567 10
a 91 725 7
a 92 293 6
a 92 296 5
a 92 543 9
a 93 697 2
a 94 252 9
a 94 385 2
a 95 259 4
a 95 626 4
a 96 109 3
a 96 761 4
a 97 208 8
a 97 214 4
a 97 233 3
a 97 358 8
a 97 865 10
a 98 178 1
a 98 320 9
a 98 451 3
a 99 3 10
a 99 479 4
a 99 801 1
a 100 8 10
a 100 461 4
a 101 187 5
a 102 146 4
a 102 638 8
a 102 655 10
a 102 817 8
a 103 450 9
a 103 687 8
a 103 703 4
a 104 91 2
a 104 737 4
a 105 136 10
a 105 440 10
a 106 84 7
a 106 773 1
a 107 209 8
a 108 74 3
a 108 553 2
a 109 664 2
a 110 235 8
a 110 579 1
a 111 120 5
a 111 686 10
a 112 387 2
a 113 218 7
a 114 35 8
a 114 188 3
a 114 835 7
a 115 194 8
a 116 659 5
a 117 256 1
a 117 806 10
a 118 219 4
a 118 881 9
a 119 824 9
a 120 91 5
a 121 39 2
a 122 308 8
a 123 272 5
a 123 699 2
a 123 807 1
a 124 39 6
a 125 277 2
a 125 345 8
a 125 844 1
a 126 55 9
a 126 69 4
a 126 527 10
a 127 109 8
a 128 238 8
a 128 495 3
a 128 590 10
a 129 19 6
a 129 32 7
a 129 729 1
a 130 285 4
a 130 433 2
a 130 667 3
a 131 354 5
a 131 497 2
a 132 827 8
a 133 225 7
a 134 338 2
a 134 765 3
a 135 427 8
a 135 519 7
a 135 739 4
a 136 278 9
a 137 90 9
a 137 717 3
a 137 732 6
a 138 646 7
a 139 564 8
a 139 669 9
a 140 202 3
a 140 287 8
a 140 739 8
a 141 532 5
a 141 792 3
a 142 130 5
a 142 303 1
a 142 456 7
a 142 488 8
a 142 533 2
a 142 900 8
a 143 631 4
a 143 789 10
a 144 140 4
a 144 319 6
a 144 530 3
a 144 832 5
a 145 478 1
a 146 304 4
a 147 362 10
a 147 511 7
a 148 59 6
a 149 206 7
a 149 542 6
a 150 421 7
a 151 81 9
a 151 772 7
a 151 891 5
a 152 45 6
a 152 809 2
a 153 742 3
a 154 212 4
a 154 305 9
a 155 33 10
a 156 270 1
a 156 512 7
a 156 553 4
a 156 605 6
a 156 760 10
a 157 317 5
a 157 690 8
a 157 810 8
a 157 821 2
a 158 5 1
a 158 502 10
a 159 112 9
a 160 12 9
a 161 240 9
a 162 561 5
a 163 349 10
a 164 204 2
a 164 410 2
a 165 94 6
a 165 668 2
a 165 748 2
a 166 241 3
a 166 253 5
a 166 350 10
a 167 48 5
a 167 60 7
a 167 224 2
a 168 621 8
a 169 323 8
a 170 235 5
a 171 142 7
a 171 149 1
a 172 447 6
a 172 697 3
a 173 352 1
a 173 396 9
a 174 508 7
a 175 356 1
a 176 58 9
a 176 417 4
a 176 443 5
a 177 502 8
a 177 557 7
a 177 747 10
a 178 376 3
a 179 243 6
a 179 267 9
a 180 178 9
a 180 402 9
a 181 339 8
a 181 690 1
a 182 300 2
a 182 318 3
a 182 518 10
a 183 492 7
a 183 644 9
a 184 55 7
a 184 595 8
a 185 14 9
a 185 326 7
a 185 504 6
a 186 156 10
a 186 567 4
a 187 273 1
a 187 462 9
a 187 519 6
a 188 569 8
a 188 619 3
a 189 114 9
a 189 272 6
a 189 314 1
a 190 10 3
a 190 74 4
a 191 376 8
a 191 756 8
a 192 678 7
a 192 820 3
a 193 604 10
a 194 343 7
a 194 415 1
a 195 179 9
a 195 650 5
a 196 54 1
a 196 390 8
a 196 895 7
a 197 501 5
a 198 92 2
a 198 230 3
a 198 644 1
a 199 320 5
a 199 418 6
a 200 7 7
a 200 47 8
a 201 392 2
a 201 615 9
a 201 875 10
a 202 617 6
a 203 405 1
a 203 662 8
a 204 64 5
a 204 346 3
a 204 683 5
a 204 686 9
a 204 706 5
a 204 736 1
a 205 16 4
a 205 101 7
a 205 363 5
a 205 836 2
a 206 359 2
a 206 551 8
a 206 676 3
a 206 678 10
a 206 808 3
a 206 839 5
a 207 448 9
a 208 386 1
a 208 478 1
a 209 302 10
a 209 757 4
a 210 211 6
a 211 214 5
a 211 795 6
a 212 176 3
a 212 816 6
a 213 155 5
a 213 383 9
a 214 105 5
a 214 455 6
a 214 490 1
a 214 733 2
a 215 735 7
a 216 688 8
a 217 467 8
a 217 842 9
a 217 877 4
a 218 347 5
a 219 64 3
a 220 195 6
a 220 422 2
a 221 161 3
a 221 623 8
a 222 634 6
a 223 75 4
a 223 436 5
a 223 493 2
a 224 255 8
a 225 333 6
a 225 889 8
a 226 669 6
a 226 692 1
a 227 325 6
a 227 494 8
a 228 484 6
a 228 900 2
a 229 27 2
a 230 103 6
a 230 280 1
a 231 6 3
a 231 251 7
a 231 710 8
a 232 23 9
a 232 245 4
a 232 458 10
a 233 383 2
a 233 647 7
a 234 244 2
a 235 231 6
a 235 249 8
a 235 291 9
a 235 410 10
a 235 625 6
a 236 847 2
a 237 627 7
a 237 766 2
a 238 337 10
a 239 652 4
a 239 749 10
a 240 23 3
a 241 511 1
a 242 157 2
a 242 870 10
a 243 61 8
a 243 137 10
a 243 782 3
a 244 313 6
a 244 357 5
a 245 225 1
a 245 695 9
a 246 408 10
a 247 49 3
a 247 93 7
a 247 516 6
a 248 271 6
a 248 421 1
a 248 889 6
a 249 21 4
a 249 70 4
a 250 99 5
a 250 356 4
a 250 648 10
a 251 828 1
a 252 237 1
a 252 245 7
a 253 189 7
a 253 688 7
a 253 759 1
a 254 772 8
a 254 856 6
a 255 116 6
a 255 252 6
a 256 735 5
a 256 740 7
a 257 84 9
a 257 539 1
a 258 31 2
a 259 438 2
a 259 899 10
a 260 406 3
a 261 387 8
a 261 482 1
a 261 673 8
a 262 86 1
a 262 354 6
a 262 377 7
a 262 517 1
a 263 299 5
a 263 447 10
a 263 616 10
a 263 774 9
a 264 18 1
a 264 601 5
a 265 122 1
a 265 251 5
a 265 321 9
a 266 830 4
a 267 240 7
a 268 285 5
a 268 294 6
a 269 633 7
a 269 753 2
a 270 226 6
a 270 315 3
a 271 319 7
a 271 498 6
a 272 313 2
a 273 19 8
a 273 734 2
a 274 489 4
a 274 778 3
a 275 525 2
a 275 576 7
a 276 32 9
a 276 283 1
a 277 802 4
a 277 843 9
a 278 592 2
a 278 796 6
a 279 609 7
a 280 491 8
a 280 859 4
a 280 876 7
a 281 544 8
a 282 316 3
a 282 575 7
a 283 605 5
a 283 693 5
a 284 351 5
a 284 650 7
a 285 328 5
a 285 431 8
a 285 507 6
a 285 564 6
a 286 310 4
a 287 240 2
a 287 730 3
a 288 289 4
a 288 775 1
a 289 405 3
a 289 496 4
a 290 536 7
a 291 111 8
a 291 883 10
a 292 386 7
a 292 449 3
a 293 393 9
a 293 738 1
a 294 15 6
a 294 263 2
a 294 363 4
a 294 852 7
a 295 474 6
a 295 867 2
a 296 719 2
a 297 530 6
a 297 629 9
a 298 485 9
a 298 578 6
a 299 309 1
a 300 458 6
a 301 368 4
a 302 596 1
a 303 292 9
a 303 340 4
a 303 699 7
a 304 48 8
a 304 580 5
a 305 32 7
a 306 554 4
a 306 609 5
a 307 48 9
a 307 372 7
a 307 381 1
a 308 362 1
a 308 559 4
a 308 591 9
a 309 20 6
a 309 253 2
a 309 505 5
a 310 410 7
a 311 51 1
a 311 74 1
a 312 403 1
a 312 460 4
a 313 686 2
a 314 315 9
a 314 322 2
a 314 689 3
a 315 507 3
a 315 634 3
a 316 644 4
a 317 660 1
a 318 262 8
a 319 121 5
a 319 845 1
a 320 31 10
a 320 414 2
a 320 874 10
a 321 8 7
a 321 591 6
a 322 110 5
a 322 305 4
a 323 466 4
a 324 125 8
a 325 824 9
a 326 268 3
a 327 246 8
a 327 559 9
a 328 411 4
a 328 702 3
a 328 738 6
a 329 298 7
a 329 795 3
a 329 894 1
a 330 237 7
a 330 743 10
a 331 826 9
a 332 153 8
a 332 794 4
a 333 799 3
a 334 633 10
a 334 696 1
a 334 822 7
a 335 502 10
a 335 882 6
a 336 609 9
a 337 591 4
a 338 545 5
a 338 654 6
a 338 787 6
a 339 614 2
a 340 664 3
a 340 770 4
a 341 17 1
a 342 294 8
a 343 98 2
a 343 890 5
a 344 93 5
a 344 681 9
a 344 713 3
a 345 544 9
a 346 235 7
a 346 721 5
a 346 764 9
a 347 192 9
a 348 200 2
a 348 720 10
a 348 824 9
a 349 453 6
a 349 631 8
a 350 427 3
a 351 337 3
a 351 595 2
a 352 166 10
a 353 142 5
a 353 831 6
a 354 516 4
a 355 21 5
a 355 59 9
a 355 177 2
a 355 263 1
a 356 639 8
a 356 736 9
a 357 394 9
a 357 793 1
a 358 196 6
a 358 545 9
a 358 854 5
a 359 148 3
a 359 439 5
a 359 522 2
a 359 813 3
a 360 256 3
a 360 687 5
a 361 271 8
a 361 491 9
a 361 534 8
a 362 242 4
a 362 352 7
a 363 71 9
a 363 411 3
a 364 535 9
a 365 87 5
a 365 355 6
a 366 661 5
a 366 818 1
a 366 828 6
a 367 609 7
a 368 665 9
a 368 707 10
a 369 757 4
a 370 517 5
a 370 570 6
a 371 824 5
a 372 416 10
a 372 492 6
a 373 172 2
a 374 199 8
a 374 366 4
a 375 210 4
a 375 632 4
a 376 201 6
a 376 638 1
a 376 868 9
a 377 743 1
a 378 606 8
a 378 651 8
a 379 186 1
a 379 679 6
a 380 445 8
a 380 492 10
a 380 771 10
a 380 821 4
a 381 80 7
a 381 325 6
a 381 377 7
a 381 809 8
a 381 827 1
a 382 188 9
a 382 484 8
a 383 125 7
a 383 708 10
a 384 53 8
a 384 401 6
a 385 115 8
a 386 48 2
a 387 309 7
a 387 779 3
a 387 861 8
a 388 438 1
a 389 265 1
a 389 289 9
a 389 503 8
a 390 422 10
a 391 386 3
a 391 529 6
a 391 823 4
a 392 529 8
a 393 29 6
a 393 282 8
a 393 633 9
a 393 878 9
a 394 243 7
a 395 95 3
a 395 870 10
a 396 109 4
a 396 170 6
a 397 215 8
a 397 383 3
a 398 539 2
a 399 221 7
a 400 306 3
a 400 380 6
a 401 53 7
a 401 373 10
a 402 201 6
a 403 251 6
a 404 180 6
a 404 584 3
a 405 364 3
a 405 469 9
a 405 529 6
a 406 428 10
a 407 54 10
a 407 782 6
a 408 423 2
a 408 660 3
a 408 807 7
a 408 864 6
a 409 152 5
a 409 544 3
a 410 119 6
a 410 162 3
a 410 348 10
a 411 313 5
a 411 471 9
a 412 432 10
a 412 520 6
a 412 750 2
a 413 552 8
a 414 655 7
a 414 753 8
a 415 369 6
a 415 602 4
a 416 763 7
a 417 357 7
a 417 371 9
a 418 43 2
a 418 134 10
a 418 266 4
a 418 815 9
a 419 23 1
a 420 169 10
a 420 442 2
a 421 582 8
a 422 16 4
a 423 424 2
a 424 232 5
a 425 192 2
a 425 320 10
a 425 663 8
a 426 895 9
a 427 439 2
a 428 206 7
a 429 121 10
a 429 698 1
a 430 800 6
a 431 617 7
a 431 747 6
a 432 803 3
a 433 384 3
a 433 555 6
a 433 661 9
a 434 462 2
a 435 42 1
a 435 212 1
a 436 168 7
a 436 183 8
a 436 567 1
a 437 65 4
a 437 135 10
a 437 243 2
a 437 856 1
a 438 583 7
a 439 395 5
a 440 117 8
a 440 524 6
a 440 643 5
a 441 433 3
a 441 477 6
a 442 236 8
a 442 493 8
a 443 185 5
a 443 299 1
a 443 638 7
a 444 152 3
a 445 115 7
a 445 228 5
a 445 600 4
a 446 42 10
a 447 180 10
a 447 535 1
a 447 636 7
a 448 286 1
a 448 457 1
a 449 736 8
a 449 769 7
a 450 588 7
a 451 24 1
a 451 617 1
a 452 113 6
a 452 387 3
a 452 588 4
a 453 285 10
a 454 768 5
a 454 798 1
a 454 872 5
a 455 435 6
a 456 150 4
a 457 294 5
a 457 885 10
a 458 56 6
a 458 288 10
a 459 291 2
a 459 481 10
a 459 520 8
a 460 838 7
a 461 463 5
a 461 587 3
a 462 451 8
a 462 486 10
a 463 29 7
a 464 795 1
a 465 538 5
a 465 645 6
a 466 722 5
a 466 739 7
a 467 717 1
a 467 785 8
a 467 855 9
a 468 34 5
a 468 659 4
a 468 754 7
a 468 840 1
a 469 141 7
a 469 743 10
a 469 835 5
a 470 367 5
a 470 750 9
a 471 79 9
a 471 173 8
a 471 614 4
a 472 87 9
a 472 721 1
a 473 124 8
a 473 144 10
a 473 499 8
a 473 547 3
a 474 18 4
a 474 509 4
a 474 594 8
a 475 435 7
a 475 801 8
a 476 667 7
a 477 111 1
a 477 679 2
a 477 743 10
a 478 109 4
a 478 525 2
a 478 899 5
a 479 533 7
a 480 39 4
a 480 225 7
a 481 28 9
a 481 723 10
a 481 818 6
a 482 398 7
a 482 666 9
a 483 361 4
a 483 693 5
a 484 479 3
a 485 573 8
a 485 668 7
a 485 819 9
a 486 677 4
a 486 799 6
a 487 687 6
a 487 688 8
a 488 450 10
a 488 521 8
a 488 628 8
a 488 705 6
a 489 387 5
a 489 694 1
a 490 324 6
a 490 548 4
a 491 412 1
a 491 887 2
a 492 103 10
a 492 495 7
a 492 853 6
a 493 759 2
a 493 843 3
a 494 773 9
a 495 14 7
a 495 60 3
a 496 82 8
a 496 606 9
a 496 718 2
a 497 84 2
a 497 577 7
a 497 661 8
a 497 866 4
a 498 351 4
a 498 762 10
a 499 447 9
a 499 719 1
a 499 878 10
a 500 277 7
a 501 170 4
a 501 566 6
a 501 682 6
a 502 161 1
a 502 234 2
a 502 368 10
a 502 887 3
a 503 891 5
a 504 378 6
a 504 797 4
a 505 418 1
a 506 25 2
a 507 70 10
a 507 342 8
a 507 875 4
a 508 619 9
a 509 297 2
a 509 665 8
a 509 728 4
a 510 52 6
a 510 473 5
a 511 563 7
a 512 69 4
a 512 179 5
a 512 290 3
a 512 846 2
a 513 789 7
a 513 838 6
a 514 547 1
a 515 112 2
a 515 406 10
a 515 510 1
a 516 868 6
a 517 108 10
a 517 788 2
a 517 816 6
a 518 62 2
a 518 67 6
a 518 114 6
a 518 127 6
a 518 589 3
a 518 593 8
a 519 156 9
a 519 508 2
a 519 513 2
a 519 716 6
a 520 888 5
a 521 261 6
a 522 221 10
a 522 334 1
a 522 850 9
a 523 225 7
a 523 791 9
a 524 59 8
a 525 45 6
a 526 404 7
a 526 542 3
a 527 762 8
a 528 11 5
a 528 27 5
a 529 9 3
a 529 181 6
a 529 741 5
a 530 42 4
a 530 250 5
a 530 308 4
a 530 851 1
a 531 715 9
a 532 172 4
a 533 88 5
a 534 46 2
a 534 744 10
a 535 449 3
a 535 558 7
a 535 732 1
a 536 632 9
a 537 195 5
a 537 244 1
a 537 700 7
a 538 248 1
a 538 278 1
a 538 279 6
a 538 596 10
a 539 296 2
a 540 196 3
a 541 493 9
a 541 869 7
a 542 123 2
a 542 126 7
a 542 882 7
a 543 106 10
a 543 503 8
a 544 303 7
a 544 614 5
a 545 835 7
a 546 350 7
a 546 441 4
a 547 501 7
a 548 585 5
a 549 321 1
a 550 818 8
a 551 523 10
a 552 751 5
a 552 886 10
a 553 724 3
a 553 734 8
a 554 116 2
a 554 392 3
a 554 461 1
a 555 174 7
a 555 363 10
a 556 147 1
a 557 274 1
a 557 587 10
a 558 748 10
a 559 790 6
a 560 673 4
a 561 736 7
a 562 147 8
a 562 165 3
a 562 175 2
a 562 440 9
a 563 641 1
a 563 646 8
a 564 4 5
a 564 259 2
a 564 503 1
a 564 670 7
a 565 360 3
a 565 869 9
a 566 652 3
a 567 153 4
a 567 258 5
a 568 600 7
a 569 388 1
a 569 586 4
a 569 745 1
a 570 714 8
a 571 287 5
a 571 316 9
a 571 475 10
a 572 6 10
a 572 726 7
a 573 428 4
a 573 893 10
a 574 316 5
a 575 701 7
a 576 44 9
a 576 500 8
a 577 289 6
a 578 841 10
a 579 676 9
a 580 215 8
a 580 619 2
a 580 745 4
a 581 164 2
a 581 281 8
a 581 426 3
a 582 242 6
a 583 91 4
a 583 204 9
a 583 310 8
a 583 714 9
a 584 224 7
a 584 649 9
a 585 386 3
a 586 142 9
a 587 712 10
a 588 26 4
a 588 261 6
a 588 390 4
a 589 438 4
a 589 573 3
a 589 658 4
a 590 633 4
a 591 399 10
a 591 629 9
a 592 351 3
a 592 641 1
a 592 770 6
a 593 290 10
a 594 849 8
a 595 481 8
a 596 769 1
a 597 371 5
a 597 635 1
a 597 715 1
a 598 295 1
a 599 166 5
a 600 515 7
a 600 543 1
a 600 678 6
a 601 343 10
a 601 596 6
a 602 32 6
a 603 2 1
a 603 211 10
a 603 460 8
a 603 703 4
a 604 811 6
a 604 886 4
a 605 480 7
a 605 484 6
a 605 764 2
a 606 72 1
a 606 154 6
a 606 274 6
a 607 97 10
a 607 541 3
a 608 63 7
a 608 763 9
a 609 791 10
a 610 186 3
a 610 574 9
a 611 391 2
a 611 395 1
a 611 561 2
a 611 862 10
a 612 47 5
a 612 125 9
a 612 274 8
a 612 562 8
a 613 323 9
a 613 337 2
a 614 48 8
a 614 57 9
a 614 200 2
a 615 560 10
a 616 167 2
a 616 232 3
a 616 476 1
a 616 666 5
a 617 417 2
a 618 602 2
a 619 712 9
a 620 598 8
a 620 710 7
a 620 718 10
a 621 175 6
a 621 870 6
a 622 169 10
a 622 618 10
a 622 671 7
a 622 680 4
a 623 383 4
a 624 275 7
a 624 822 9
a 625 862 7
a 626 156 3
a 626 468 4
a 627 248 5
a 628 556 7
a 629 191 4
a 630 162 4
a 630 780 6
a 631 592 3
a 632 676 6
a 633 345 2
a 634 67 10
a 634 668 10
a 635 218 9
a 636 27 10
a 636 41 5
a 636 772 1
a 637 164 6
a 638 280 4
a 638 836 4
a 639 731 4
a 640 250 1
a 641 203 2
a 642 132 6
a 642 728 10
a 643 223 9
a 643 408 2
a 643 725 10
a 644 795 10
a 645 131 1
a 645 461 1
a 645 621 4
a 645 689 1
a 646 352 10
a 646 877 5
a 647 314 10
a 647 568 10
a 647 594 5
a 648 860 8
a 649 379 7
a 649 659 8
a 649 690 8
a 649 739 7
a 650 527 3
a 650 581 9
a 651 152 7
a 651 223 10
a 651 336 5
a 652 260 10
a 652 394 3
a 652 582 1
a 653 112 8
a 653 139 7
a 653 740 2
a 654 31 7
a 654 506 7
a 654 684 9
a 655 153 3
a 655 540 10
a 656 149 3
a 656 767 9
a 656 778 3
a 657 53 2
a 658 135 5
a 658 172 2
a 659 371 9
a 659 622 7
a 660 50 4
a 660 366 2
a 660 679 5
a 661 238 1
a 661 376 9
a 662 420 3
a 662 880 1
a 663 107 4
a 663 819 4
a 664 345 8
a 665 574 6
a 665 627 7
a 666 511 2
a 667 380 4
a 667 582 5
a 667 678 10
a 667 731 3
a 667 884 2
a 668 181 6
a 668 728 3
a 669 469 8
a 669 873 10
a 670 111 7
a 670 206 6
a 670 308 8
a 671 845 3
a 672 736 3
a 673 138 2
a 674 361 6
a 675 240 5
a 676 304 1
a 677 786 2
a 677 890 9
a 678 15 2
a 678 321 1
a 679 424 5
a 680 148 5
a 680 571 2
a 681 420 3
a 681 466 8
a 681 676 3
a 682 42 7
a 683 598 7
a 684 110 1
a 684 672 2
a 685 17 9
a 685 287 9
a 686 875 7
a 687 618 1
a 688 428 1
a 689 246 2
a 690 78 9
a 691 900 9
a 692 452 2
a 693 205 6
a 694 282 6
a 695 885 7
a 696 365 1
a 696 472 9
a 696 738 2
a 697 515 7
a 697 783 1
a 697 814 4
a 698 832 7
a 699 141 3
a 700 304 3
a 700 558 5
a 701 460 7
a 701 470 9
a 701 883 4
a 702 196 5
a 703 444 7
a 704 296 8
a 704 674 5
a 705 414 8
a 705 629 10
a 706 798 3
a 707 157 10
a 707 293 4
a 708 381 10
a 708 425 4
a 709 690 9
a 710 343 2
a 711 128 3
a 711 320 6
a 711 374 4
a 711 383 2
a 712 71 7
a 713 33 10
a 713 38 9
a 713 216 5
a 714 96 10
a 715 74 9
a 715 143 9
a 715 459 6
a 716 133 6
a 716 817 1
a 717 237 1
a 717 254 9
a 717 311 6
a 717 509 6
a 718 740 5
a 718 746 7
a 719 163 6
a 719 569 1
a 720 614 6
a 721 204 6
a 722 257 1
a 722 557 3
a 722 795 1
a 723 689 6
a 723 746 6
a 723 777 6
a 723 834 4
a 724 483 5
a 724 487 10
a 724 710 3
a 725 88 7
a 725 251 1
a 725 698 6
a 726 816 3
a 727 382 4
a 727 748 6
a 728 38 2
a 728 119 5
a 729 238 6
a 729 278 8
a 729 639 5
a 729 755 1
a 729 786 7
a 730 327 5
a 730 329 7
a 730 426 10
a 731 501 4
a 732 572 9
a 733 42 9
a 733 409 8
a 733 600 6
a 733 871 7
a 734 649 8
a 735 302 4
a 735 474 8
a 736 244 7
a 736 255 8
a 737 172 9
a 738 609 8
a 738 797 9
a 739 593 1
a 740 335 5
a 740 813 6
a 741 66 9
a 741 400 4
a 742 639 2
a 743 808 7
a 744 45 1
a 744 198 4
a 744 209 1
a 745 424 4
a 746 264 1
a 746 357 1
a 747 658 1
a 748 11 9
a 748 712 4
a 749 351 1
a 749 430 9
a 749 514 7
a 749 797 10
a 749 857 10
a 750 800 1
a 750 867 7
a 750 887 10
a 750 898 10
a 751 732 1
a 752 12 2
a 752 624 6
a 752 730 5
a 753 367 3
a 753 677 3
a 753 848 7
a 754 87 1
a 754 160 10
a 754 162 9
a 754 537 8
a 755 563 3
a 755 640 2
a 755 790 7
a 756 706 3
a 757 583 9
a 758 505 7
a 759 68 7
a 759 219 3
a 759 570 5
a 759 776 3
a 760 900 5
a 761 536 7
a 762 230 2
a 763 333 2
a 764 637 3
a 764 767 10
a 764 846 2
a 765 723 1
a 766 171 4
a 766 397 6
a 766 768 2
a 766 855 7
a 767 57 10
a 767 652 2
a 768 626 1
a 769 118 1
a 769 177 2
a 769 532 7
a 769 725 9
a 770 347 7
a 771 475 3
a 771 804 3
a 772 390 2
a 773 545 2
a 774 393 9
a 775 63 5
a 775 441 4
a 776 228 4
a 776 507 6
a 776 779 10
a 777 886 7
a 777 889 6
a 778 40 2
a 778 312 2
a 778 353 8
a 779 729 6
a 780 131 6
a 781 268 10
a 781 681 2
a 782 194 7
a 783 313 2
a 783 597 4
a 784 140 7
a 785 148 6
a 785 464 1
a 786 427 5
a 787 105 4
a 787 531 6
a 787 858 5
a 788 424 5
a 788 549 8
a 788 806 4
a 789 211 1
a 790 481 2
a 791 678 1
a 791 758 4
a 791 863 6
a 792 97 7
a 792 565 5
a 792 585 5
a 792 587 5
a 793 626 3
a 793 674 6
a 794 616 5
a 795 71 7
a 795 557 6
a 796 180 7
a 797 49 9
a 797 262 8
a 798 330 6
a 798 465 2
a 799 210 8
a 799 900 9
a 800 607 4
a 800 745 5
a 801 24 8
a 801 268 8
a 801 897 3
a 802 639 10
a 802 847 5
a 803 784 9
a 804 180 1
a 804 245 7
a 804 418 2
a 805 603 10
a 805 610 3
a 805 613 8
a 806 370 9
a 806 578 2
a 806 825 8
a 806 896 8
a 807 20 10
a 807 66 3
a 808 227 10
a 808 730 3
a 809 275 8
a 810 236 9
a 810 789 8
a 810 841 10
a 811 102 7
a 811 386 7
a 811 709 6
a 812 60 7
a 812 452 2
a 812 797 1
a 813 319 9
a 813 417 4
a 814 129 2
a 814 312 1
a 814 346 3
a 815 46 5
a 815 173 4
a 815 677 1
a 815 876 4
a 816 344 5
a 817 37 7
a 817 229 1
a 817 548 1
a 818 151 1
a 818 350 1
a 818 448 5
a 819 323 8
a 820 532 10
a 821 265 1
a 822 428 2
a 822 748 7
a 823 568 5
a 824 559 1
a 825 10 2
a 825 22 6
a 826 184 1
a 826 242 3
a 826 274 10
a 827 643 1
a 827 839 1
a 828 36 10
a 828 59 4
a 829 618 1
a 829 691 10
a 830 525 1
a 830 784 3
a 831 390 10
a 831 700 6
a 832 83 8
a 832 609 4
a 832 630 4
a 833 526 5
a 834 430 10
a 835 52 3
a 835 81 8
a 835 709 9
a 835 860 9
a 836 786 6
a 836 826 4
a 837 148 10
a 838 442 4
a 839 744 5
a 839 752 4
a 839 830 8
a 840 182 10
a 840 727 2
a 840 889 9
a 841 192 3
a 842 258 9
a 842 602 9
a 843 51 2
a 843 307 1
a 844 214 7
a 844 445 3
a 844 523 7
a 844 733 7
a 845 190 5
a 845 207 5
a 845 620 7
a 845 656 9
a 845 880 8
a 846 285 3
a 847 121 6
a 848 222 7
a 848 451 4
a 849 324 5
a 850 64 2
a 850 332 3
a 851 711 7
a 851 895 7
a 852 282 3
a 852 419 4
a 852 649 4
a 853 104 3
a 853 238 7
a 853 437 8
a 854 76 10
a 855 500 7
a 856 489 3
a 856 805 7
a 857 95 7
a 857 665 6
a 858 191 10
a 858 745 2
a 859 623 9
a 860 262 5
a 861 898 3
a 862 3 10
a 862 550 9
a 863 389 8
a 863 446 7
a 864 411 7
a 865 401 2
a 866 32 4
a 866 331 8
a 867 310 9
a 867 347 2
a 867 892 8
a 868 802 6
a 868 837 10
a 869 407 5
a 869 875 1
a 870 85 6
a 870 145 7
a 870 276 10
a 870 518 4
a 870 877 8
a 871 48 6
a 872 589 4
a 873 231 1
a 874 146 5
a 874 675 9
a 875 427 9
a 875 654 4
a 876 108 6
a 876 565 6
a 876 715 1
a 877 177 7
a 878 130 8
a 878 341 2
a 878 695 8
a 879 577 4
a 880 636 7
a 881 56 2
a 881 203 5
a 881 742 2
a 881 849 9
a 882 405 5
a 882 490 4
a 883 526 2
a 883 574 3
a 884 839 3
a 885 728 3
a 886 160 7
a 887 239 10
a 888 269 9
a 888 360 5
a 889 217 8
a 889 554 7
a 889 829 4
a 890 528 4
a 890 662 5
a 891 402 1
a 892 28 6
a 892 444 1
a 892 797 1
a 893 493 6
a 893 879 9
a 894 133 8
a 895 247 8
a 895 636 2
a 896 205 10
a 896 611 6
a 896 838 7
a 897 166 5
a 897 342 10
a 898 138 6
a 898 583 1
a 899 501 7
a 899 868 3
