p max 900 1800
n 1 s
n 900 t
a 1 194 8
a 1 511 5
a 2 421 4
a 3 14 7
a 3 501 1
a 4 406 1
a 4 778 6
a 5 150 1
a 5 754 6
a 6 630 8
a 6 839 1
a 7 161 8
a 8 788 7
a 9 41 4
a 10 299 8
a 10 497 7
a 10 846 5
a 11 683 5
a 11 855 9
a 12 4 10
a 13 236 8
a 13 294 2
a 13 302 1
a 13 528 5
a 14 321 3
a 14 650 4
a 14 678 5
a 15 143 10
a 16 825 1
a 16 895 8
a 17 740 3
a 18 5 2
a 18 54 9
a 18 569 3
a 18 657 6
a 19 29 6
a 19 287 9
a 20 483 4
a 20 664 5
a 21 325 2
a 21 797 3
a 22 672 2
a 23 142 7
a 23 677 2
a 24 406 2
a 25 49 6
a 25 52 3
a 26 6 10
a 26 245 10
a 27 717 10
a 27 863 8
a 28 14 3
a 28 517 4
a 28 899 8
a 29 446 6
a 29 487 3
a 30 106 4
a 30 185 3
a 30 769 9
a 30 870 8
a 31 246 3
a 32 812 9
a 33 553 7
a 33 564 2
a 34 105 3
a 34 791 10
a 35 890 4
a 36 142 5
a 36 338 2
a 36 522 5
a 37 513 5
a 38 530 7
a 39 101 9
a 39 316 10
a 40 700 7
a 41 118 3
a 41 238 3
a 42 50 5
a 42 130 1
a 42 169 7
a 43 644 1
a 44 13 9
a 44 205 9
a 44 222 7
a 45 228 1
a 45 432 6
a 46 37 5
a 46 219 1
a 47 346 3
a 47 406 5
a 48 170 7
a 48 648 10
a 49 145 7
a 49 321 9
a 50 503 5
a 51 675 6
a 52 109 8
a 52 400 3
a 52 872 5
a 53 833 8
a 54 302 4
a 54 799 9
a 55 359 4
a 56 280 5
a 56 542 7
a 57 233 9
a 57 681 5
a 58 36 1
a 58 626 4
a 59 24 3
a 59 816 5
a 60 123 7
a 60 475 4
a 61 406 1
a 61 498 9
a 61 524 7
a 61 591 3
a 62 256 5
a 62 587 10
a 62 609 10
a 63 272 1
a 63 311 9
a 64 26 2
a 65 264 10
a 66 304 3
a 67 147 8
a 67 248 3
a 68 640 7
a 68 796 8
a 69 116 5
a 69 378 5
a 70 657 10
a 71 613 10
a 72 333 6
a 72 394 10
a 73 376 4
a 73 444 6
a 74 669 10
a 75 236 9
a 75 358 2
a 75 637 9
a 76 585 2
a 77 684 10
a 77 691 5
a 78 29 8
a 78 719 4
a 79 763 2
a 80 371 9
a 80 718 7
a 81 285 6
a 81 690 3
a 82 23 5
a 83 198 2
a 83 398 1
a 83 873 4
a 84 351 5
a 84 542 1
a 84 672 9
a 85 461 1
a 85 540 3
a 86 698 3
a 86 808 6
a 87 169 8
a 87 456 8
a 87 467 3
a 88 829 6
a 89 149 5
a 89 516 1
a 89 546 8
a 90 499 10
a 90 846 5
a 90 879 7
a 91 211 1
a 91 305 1
a 91 323 5
a 91 853 9
a 92 421 10
a 92 664 2
a 93 40 1
a 93 240 3
a 93 612 5
a 94 411 4
a 94 496 6
a 95 240 2
a 96 160 10
a 96 805 10
a 97 58 9
a 97 237 7
a 97 384 3
a 98 141 5
a 98 409 1
a 98 617 10
a 98 715 2
a 99 799 10
a 100 445 1
a 100 783 9
a 100 880 1
a 101 344 7
a 101 889 3
a 102 241 3
a 102 333 1
a 102 858 7
a 103 241 1
a 103 541 9
a 103 567 3
a 104 533 6
a 104 568 7
a 105 35 5
a 106 92 2
a 106 357 4
a 106 616 5
a 107 537 5
a 108 110 8
a 108 317 9
a 108 457 8
a 109 419 9
a 109 831 3
a 110 198 8
a 111 438 8
a 111 837 1
a 112 176 5
a 113 365 10
a 114 440 7
a 115 55 5
a 115 608 3
a 116 36 1
a 116 85 1
a 116 369 2
a 116 422 5
a 116 587 7
a 117 92 1
a 117 315 6
a 117 442 7
a 117 678 6
a 117 867 7
a 118 845 1
a 118 855 7
a 119 623 7
a 119 656 4
a 120 777 2
a 121 574 10
a 122 253 8
a 122 681 2
a 122 682 2
a 123 71 8
a 123 492 3
a 124 345 6
a 124 598 6
a 125 342 5
a 126 15 10
a 126 351 6
a 127 662 3
a 128 93 10
a 128 860 10
a 129 82 10
a 129 403 6
a 130 625 4
a 130 768 1
a 131 551 10
a 131 576 6
a 132 212 4
a 132 438 6
a 133 359 1
a 133 758 5
a 134 330 1
a 134 374 4
a 134 537 10
a 135 283 1
a 135 493 5
a 135 749 3
a 136 15 9
a 136 22 10
a 137 30 1
a 137 669 9
a 138 95 1
a 139 714 5
a 140 311 7
a 140 376 9
a 140 450 8
a 141 484 10
a 142 230 7
a 143 290 8
a 143 384 7
a 144 827 6
a 145 379 1
a 146 851 4
a 146 869 8
a 147 850 6
a 148 427 9
a 148 501 7
a 149 384 7
a 150 512 8
a 150 527 6
a 150 639 5
a 150 838 7
a 151 173 4
a 151 371 4
a 152 28 10
a 152 790 6
a 153 391 2
a 154 865 7
a 155 120 1
a 155 539 10
a 155 845 8
a 156 110 7
a 156 763 4
a 157 543 1
a 158 730 8
a 159 278 3
a 159 635 9
a 160 155 2
a 160 373 4
a 161 477 9
a 162 590 6
a 163 439 3
a 164 794 6
a 165 449 5
a 166 535 2
a 167 442 8
a 168 197 3
a 168 200 1
a 168 873 5
a 169 426 5
a 169 658 10
a 169 793 4
a 170 161 3
a 171 628 3
a 172 155 5
a 172 348 4
a 173 813 3
a 174 129 9
a 174 531 2
a 175 209 4
a 175 320 3
a 175 429 1
a 175 550 9
a 175 636 9
a 176 679 4
a 176 877 6
a 177 461 8
a 178 92 6
a 179 223 3
a 179 589 6
a 180 396 2
a 180 614 6
a 180 728 7
a 181 277 5
a 181 547 2
a 182 167 8
a 183 443 1
a 183 723 9
a 184 162 9
a 185 82 5
a 185 763 6
a 186 500 7
a 186 738 4
a 186 805 4
a 187 515 7
a 187 628 10
a 188 439 3
a 188 451 10
a 189 321 9
a 189 418 4
a 190 255 8
a 190 559 2
a 191 117 1
a 192 731 7
a 192 834 5
a 193 408 1
a 194 308 6
a 194 489 3
a 194 540 8
a 195 192 3
a 195 553 7
a 195 703 6
a 196 518 4
a 196 638 2
a 197 800 1
a 198 837 3
a 199 48 7
a 199 109 2
a 199 341 2
a 200 162 7
a 200 761 9
a 200 771 7
a 201 4 3
a 201 108 3
a 202 31 2
a 203 33 6
a 204 187 6
a 204 769 6
a 205 89 5
a 205 236 9
a 205 554 8
a 206 92 4
a 207 799 3
a 208 32 4
a 209 148 3
a 209 570 6
a 210 229 5
a 210 664 2
a 211 372 5
a 211 801 10
a 212 248 2
a 213 7 5
a 213 701 5
a 214 440 7
a 215 6 3
a 216 218 8
a 216 292 7
a 216 588 1
a 216 836 9
a 217 427 8
a 218 66 9
a 218 157 7
a 218 812 3
a 219 116 9
a 219 467 10
a 219 873 7
a 220 548 9
a 221 171 1
a 221 495 7
a 222 257 9
a 222 291 8
a 222 435 9
a 223 199 9
a 223 500 3
a 223 534 1
a 224 439 7
a 224 491 4
a 224 585 8
a 225 447 5
a 225 594 2
a 225 884 7
a 226 559 6
a 227 386 4
a 228 433 7
a 229 883 9
a 230 107 6
a 230 642 10
a 231 99 2
a 232 517 1
a 232 862 10
a 233 339 1
a 233 512 4
a 234 372 5
a 234 777 2
a 235 161 2
a 236 303 10
a 237 476 6
a 237 552 1
a 237 841 4
a 238 235 4
a 238 481 7
a 238 525 2
a 239 279 9
a 239 859 5
a 240 574 8
a 241 16 10
a 241 863 9
a 242 246 1
a 242 631 4
a 243 552 8
a 244 321 1
a 245 224 4
a 245 366 6
a 245 696 8
a 246 430 10
a 246 805 2
a 247 433 2
a 247 514 1
a 248 328 10
a 248 673 1
a 249 234 1
a 249 405 5
a 249 818 8
a 250 215 3
a 250 744 6
a 251 341 4
a 251 379 4
a 251 536 7
a 252 101 8
a 252 380 9
a 252 417 9
a 253 179 1
a 253 263 7
a 254 520 1
a 255 125 1
a 255 724 3
a 256 596 8
a 256 658 6
a 257 184 4
a 258 568 3
a 258 687 3
a 258 821 2
a 259 426 2
a 260 375 9
a 261 866 8
a 262 56 10
a 262 107 9
a 262 822 8
a 263 232 5
a 263 241 3
a 264 339 10
a 265 586 3
a 265 668 5
a 266 849 5
a 267 210 5
a 267 654 10
a 268 351 7
a 269 348 9
a 269 362 7
a 269 407 5
a 270 81 10
a 270 580 2
a 271 139 4
a 272 645 5
a 272 845 2
a 273 594 4
a 273 710 5
a 274 39 6
a 274 480 7
a 274 834 3
a 275 137 9
a 275 350 5
a 276 491 3
a 277 37 4
a 277 661 10
a 278 249 6
a 279 195 7
a 279 375 7
a 280 24 6
a 280 501 1
a 281 270 7
a 281 849 9
a 282 344 9
a 283 134 3
a 284 253 9
a 285 785 10
a 285 866 10
a 286 788 6
a 287 47 10
a 287 96 5
a 288 618 7
a 289 763 8
a 290 118 9
a 290 213 8
a 290 579 3
a 290 754 7
a 291 253 2
a 291 558 1
a 292 475 2
a 293 543 4
a 293 630 7
a 294 415 9
a 295 113 8
a 295 334 9
a 295 811 7
a 296 106 2
a 296 195 8
a 296 526 8
a 297 292 1
a 297 365 8
a 297 789 5
a 298 576 5
a 299 174 5
a 299 851 1
a 300 11 5
a 300 833 2
a 301 94 2
a 301 457 3
a 301 470 4
a 302 233 4
a 302 439 4
a 302 522 2
a 303 552 10
a 303 653 4
a 304 136 6
a 304 464 3
a 304 797 8
a 305 643 7
a 306 259 8
a 306 590 8
a 306 671 7
a 307 385 1
a 307 490 7
a 308 27 4
a 308 725 2
a 309 123 3
a 309 625 9
a 310 93 7
a 310 177 5
a 311 694 5
a 311 765 1
a 312 363 6
a 312 612 2
a 313 175 4
a 313 221 3
a 313 706 2
a 314 244 2
a 314 452 9
a 314 453 7
a 315 19 9
a 315 641 8
a 315 756 2
a 316 623 9
a 316 758 10
a 317 243 3
a 317 623 8
a 317 670 8
a 318 446 8
a 318 630 6
a 318 704 2
a 319 740 6
a 319 810 2
a 320 497 8
a 321 135 5
a 321 485 9
a 322 109 5
a 323 49 6
a 323 546 8
a 324 153 7
a 324 353 10
a 324 898 1
a 325 181 5
a 325 282 7
a 325 545 5
a 326 321 8
a 327 676 9
a 327 765 6
a 328 592 7
a 328 673 2
a 329 112 3
a 329 113 10
a 329 400 1
a 330 34 2
a 330 281 1
a 330 396 8
a 330 545 5
a 331 614 1
a 331 651 9
a 332 650 6
a 333 853 10
a 334 826 9
a 335 417 8
a 335 802 7
a 336 188 9
a 336 220 10
a 336 251 10
a 336 875 10
a 337 126 3
a 337 271 4
a 337 601 5
a 338 129 1
a 338 702 1
a 338 830 9
a 339 59 3
a 339 295 2
a 339 391 6
a 340 101 3
a 341 895 7
a 341 899 5
a 342 811 4
a 343 756 10
a 343 888 5
a 344 859 2
a 345 42 2
a 346 485 8
a 346 643 9
a 347 481 2
a 348 62 5
a 348 458 7
a 349 161 7
a 349 823 4
a 350 485 2
a 351 68 4
a 351 387 10
a 351 574 4
a 351 847 5
a 352 686 6
a 353 230 4
a 354 56 5
a 354 177 1
a 354 894 2
a 355 158 9
a 355 568 8
a 356 252 7
a 356 298 3
a 357 685 8
a 357 885 4
a 358 340 2
a 358 389 9
a 358 411 1
a 358 535 2
a 359 136 4
a 360 574 8
a 360 613 10
a 360 655 5
a 360 777 4
a 360 859 8
a 361 108 8
a 361 890 8
a 362 94 8
a 362 717 8
a 362 796 4
a 363 830 1
a 363 840 5
a 364 418 6
a 364 634 10
a 365 343 5
a 366 626 8
a 366 666 8
a 367 591 10
a 367 692 8
a 368 217 5
a 368 348 4
a 368 534 7
a 368 559 8
a 369 355 1
a 369 772 4
a 370 81 5
a 370 508 10
a 371 408 3
a 371 814 6
a 372 324 5
a 372 507 3
a 373 55 5
a 373 716 5
a 374 741 2
a 375 582 1
a 375 881 5
a 376 181 5
a 376 307 8
a 377 58 2
a 377 667 8
a 377 829 6
a 378 90 9
a 378 112 10
a 378 406 10
a 379 479 10
a 380 559 9
a 380 813 8
a 381 751 8
a 381 806 5
a 382 21 2
a 383 83 7
a 383 261 2
a 384 536 10
a 385 60 4
a 385 273 9
a 385 706 8
a 386 187 9
a 386 202 2
a 386 249 10
a 386 390 10
a 387 262 2
a 388 72 5
a 388 583 1
a 389 148 6
a 389 787 10
a 390 613 3
a 390 660 10
a 390 874 5
a 391 553 4
a 392 828 4
a 393 86 9
a 393 807 1
a 394 420 9
a 394 725 2
a 395 790 7
a 396 123 9
a 396 474 1
a 396 595 9
a 397 183 2
a 397 655 3
a 398 2 7
a 398 507 4
a 398 528 5
a 398 671 9
a 399 267 9
a 399 477 4
a 400 15 1
a 400 154 2
a 401 783 9
a 402 339 9
a 403 719 6
a 404 410 3
a 404 459 8
a 404 713 1
a 405 272 9
a 405 430 7
a 406 189 6
a 406 675 10
a 407 25 2
a 408 184 6
a 409 520 7
a 409 708 7
a 410 94 2
a 410 361 7
a 410 646 8
a 411 720 5
a 412 97 2
a 412 114 10
a 413 589 4
a 413 734 6
a 414 69 1
a 415 554 7
a 415 663 8
a 415 761 9
a 416 757 1
a 416 818 8
a 417 67 7
a 417 331 8
a 417 436 6
a 417 647 10
a 418 29 9
a 418 206 7
a 418 541 8
a 419 462 10
a 419 838 1
a 420 83 2
a 420 520 6
a 421 61 1
a 421 337 8
a 421 350 1
a 421 864 4
a 422 504 8
a 422 563 2
a 422 620 9
a 423 7 3
a 423 330 9
a 423 392 7
a 423 606 6
a 423 839 2
a 424 752 6
a 425 63 10
a 425 688 5
a 425 885 6
a 426 69 4
a 426 122 6
a 426 471 5
a 426 750 9
a 427 238 10
a 427 815 5
a 428 26 7
a 428 178 10
a 428 354 4
a 429 661 3
a 430 184 5
a 431 153 4
a 431 224 5
a 431 305 2
a 431 417 5
a 431 555 4
a 431 604 7
a 431 796 3
a 432 98 9
a 433 49 2
a 433 98 3
a 433 418 6
a 433 700 10
a 434 12 7
a 434 240 2
a 434 566 3
a 435 497 5
a 435 750 5
a 436 594 6
a 437 65 6
a 437 488 7
a 437 707 7
a 438 727 8
a 438 798 4
a 438 896 3
a 439 172 7
a 439 782 10
a 440 155 6
a 440 622 7
a 441 461 5
a 442 306 5
a 442 720 3
a 442 855 7
a 443 84 1
a 443 573 8
a 443 755 1
a 444 156 6
a 444 481 4
a 445 335 4
a 445 349 3
a 445 415 2
a 446 38 7
a 447 774 2
a 448 86 9
a 449 880 9
a 450 133 5
a 450 374 10
a 450 532 1
a 451 462 6
a 451 602 8
a 452 24 7
a 452 253 3
a 452 350 6
a 453 304 4
a 453 499 2
a 454 35 4
a 454 215 3
a 454 303 5
a 454 509 8
a 454 732 8
a 455 152 7
a 455 575 8
a 456 458 9
a 457 93 7
a 457 242 3
a 457 636 7
a 458 99 4
a 458 712 6
a 458 848 10
a 459 128 4
a 459 488 5
a 460 463 7
a 460 872 8
a 461 378 3
a 462 123 5
a 462 609 6
a 462 776 4
a 463 182 7
a 463 350 1
a 464 479 5
a 464 590 10
a 464 780 7
a 464 794 9
a 465 23 1
a 465 87 3
a 465 201 9
a 465 407 10
a 466 665 1
a 467 450 2
a 468 2 10
a 469 428 4
a 470 254 6
a 471 194 9
a 472 203 8
a 473 644 3
a 474 502 2
a 475 165 2
a 476 190 3
a 476 321 5
a 477 514 4
a 477 766 7
a 477 848 1
a 478 506 3
a 478 857 4
a 479 654 7
a 480 228 4
a 481 599 9
a 482 8 5
a 482 241 3
a 483 846 5
a 483 897 7
a 484 289 10
a 484 563 5
a 485 41 5
a 485 75 7
a 485 345 9
a 485 622 1
a 486 326 4
a 486 441 3
a 487 188 5
a 488 45 2
a 488 484 7
a 488 764 6
a 488 820 7
a 488 856 7
a 489 12 2
a 490 207 6
a 490 553 2
a 491 401 5
a 492 688 4
a 493 163 10
a 493 263 1
a 493 500 3
a 494 182 9
a 494 884 9
a 495 567 8
a 496 179 8
a 496 577 10
a 497 53 10
a 497 136 1
a 497 735 9
a 498 484 5
a 498 549 3
a 498 770 4
a 498 779 7
a 499 30 10
a 499 496 10
a 500 692 3
a 500 861 1
a 501 424 4
a 501 812 7
a 502 43 7
a 502 431 2
a 503 579 2
a 503 800 2
a 504 253 5
a 504 726 3
a 505 116 10
a 505 763 2
a 505 871 1
a 506 239 6
a 507 77 1
a 508 803 2
a 509 93 10
a 510 633 7
a 511 233 5
a 512 254 10
a 513 62 4
a 513 738 8
a 514 160 3
a 514 838 2
a 515 388 5
a 515 536 2
a 515 784 9
a 516 49 1
a 517 347 4
a 517 730 2
a 518 171 8
a 518 240 8
a 518 250 7
a 519 8 6
a 519 165 6
a 520 367 9
a 520 612 5
a 521 168 2
a 521 551 10
a 521 874 8
a 522 581 2
a 522 638 7
a 523 393 4
a 523 414 7
a 524 216 7
a 524 434 6
a 524 626 10
a 525 50 7
a 526 223 7
a 526 386 1
a 527 225 2
a 527 238 1
a 528 132 10
a 528 275 3
a 528 399 7
a 528 900 5
a 529 329 6
a 529 511 6
a 529 736 4
a 530 312 10
a 531 520 1
a 531 738 9
a 531 853 1
a 532 726 10
a 533 161 10
a 533 203 8
a 533 816 3
a 534 171 8
a 535 738 1
a 536 155 6
a 537 241 3
a 538 643 8
a 538 648 5
a 539 699 7
a 540 441 3
a 540 458 2
a 541 17 3
a 541 42 6
a 541 313 7
a 541 465 1
a 542 71 8
a 542 189 10
a 543 314 8
a 543 849 5
a 544 414 9
a 544 592 3
a 544 705 4
a 544 793 3
a 545 76 3
a 545 321 9
a 545 704 9
a 545 742 7
a 546 392 5
a 546 460 10
a 546 670 3
a 546 852 7
a 547 230 8
a 548 44 3
a 548 245 5
a 548 438 10
a 548 876 6
a 549 266 10
a 549 628 3
a 549 895 8
a 550 428 5
a 550 689 3
a 551 393 10
a 552 138 10
a 552 725 5
a 553 456 8
a 553 743 6
a 554 63 7
a 554 305 10
a 555 134 3
a 555 159 2
a 555 324 6
a 556 97 6
a 556 577 8
a 556 792 4
a 557 4 2
a 557 727 4
a 558 370 1
a 558 822 8
a 559 220 1
a 559 728 9
a 559 795 1
a 559 844 2
a 560 896 5
a 561 17 4
a 561 394 9
a 562 322 6
a 562 336 10
a 562 659 9
a 563 593 7
a 564 37 5
a 564 225 6
a 565 79 8
a 565 705 6
a 565 707 8
a 566 418 1
a 567 762 3
a 568 684 1
a 569 49 3
a 570 373 2
a 571 101 8
a 572 706 4
a 572 852 9
a 573 190 7
a 573 244 7
a 573 530 5
a 574 445 2
a 574 731 4
a 575 752 8
a 576 31 10
a 576 132 2
a 576 502 3
a 577 698 4
a 578 560 10
a 578 724 6
a 579 25 10
a 579 536 2
a 580 275 9
a 580 652 5
a 581 51 2
a 581 411 5
a 581 447 9
a 581 900 8
a 582 188 6
a 582 191 5
a 583 73 7
a 584 818 8
a 585 353 9
a 585 358 8
a 586 307 4
a 586 622 6
a 586 809 4
a 587 428 8
a 588 314 7
a 588 437 6
a 588 633 1
a 589 11 5
a 589 844 6
a 589 878 2
a 590 685 10
a 590 880 4
a 591 164 2
a 592 616 1
a 593 405 1
a 593 503 8
a 593 560 4
a 593 806 2
a 594 209 6
a 594 748 6
a 595 420 3
a 595 843 4
a 596 312 5
a 596 412 9
a 596 513 2
a 596 746 3
a 597 570 8
a 597 610 1
a 597 848 6
a 598 633 3
a 599 81 4
a 599 525 4
a 600 662 6
a 601 86 1
a 601 262 6
a 601 402 2
a 601 695 8
a 602 119 2
a 602 643 10
a 602 773 1
a 603 49 6
a 604 102 5
a 604 571 10
a 605 176 10
a 605 519 9
a 605 752 8
a 605 863 2
a 606 375 7
a 606 555 1
a 607 100 8
a 607 117 6
a 607 381 4
a 608 586 4
a 609 124 2
a 609 293 10
a 609 478 2
a 610 875 8
a 611 141 9
a 611 364 4
a 612 244 2
a 612 425 9
a 612 822 3
a 613 366 9
a 614 205 7
a 614 559 9
a 614 802 9
a 615 80 2
a 615 86 1
a 615 694 4
a 616 60 6
a 617 699 10
a 617 742 2
a 618 186 5
a 619 389 8
a 619 662 3
a 620 65 10
a 620 891 1
a 621 304 2
a 621 651 3
a 621 722 3
a 622 524 4
a 623 95 9
a 623 486 6
a 623 533 5
a 623 605 8
a 624 405 7
a 624 440 1
a 625 258 6
a 625 377 2
a 625 839 4
a 626 140 5
a 626 571 8
a 627 345 1
a 628 157 5
a 628 270 1
a 628 347 4
a 628 887 4
a 629 286 5
a 629 300 4
a 629 441 6
a 629 829 5
a 630 511 3
a 631 600 5
a 631 867 8
a 632 88 8
a 632 797 10
a 633 84 1
a 634 192 3
a 634 295 6
a 635 112 3
a 635 204 8
a 636 829 5
a 637 160 10
a 638 2 2
a 638 455 9
a 639 356 7
a 639 505 1
a 639 710 10
a 640 535 10
a 641 96 8
a 641 335 1
a 641 674 8
a 641 732 5
a 642 866 8
a 643 782 6
a 643 814 7
a 644 182 9
a 644 289 9
a 645 12 9
a 645 218 8
a 646 840 10
a 646 882 6
a 647 130 8
a 648 57 6
a 648 70 10
a 648 627 7
a 649 298 4
a 649 332 7
a 649 644 5
a 650 70 2
a 650 196 6
a 651 189 3
a 652 104 5
a 652 443 8
a 653 389 8
a 653 733 8
a 654 217 5
a 654 523 9
a 654 835 2
a 655 10 1
a 655 46 6
a 656 229 1
a 656 554 6
a 656 766 7
a 656 886 3
a 657 842 6
a 658 778 10
a 659 702 2
a 660 899 5
a 661 131 7
a 661 749 4
a 661 781 3
a 662 205 4
a 662 877 10
a 663 77 8
a 663 267 1
a 663 709 5
a 664 257 5
a 664 695 9
a 665 771 1
a 665 791 6
a 666 705 2
a 666 711 6
a 666 776 2
a 667 671 1
a 668 382 7
a 668 700 2
a 668 826 7
a 669 464 3
a 669 493 4
a 669 675 1
a 670 282 2
a 671 64 7
a 671 368 8
a 672 724 10
a 673 170 5
a 674 871 6
a 675 111 8
a 675 803 2
a 676 184 3
a 677 615 8
a 678 629 1
a 678 655 9
a 679 887 2
a 680 368 5
a 681 400 9
a 682 32 10
a 682 536 10
a 682 635 10
a 683 48 10
a 683 216 6
a 683 745 5
a 684 125 1
a 684 342 10
a 684 561 8
a 684 706 9
a 685 603 10
a 685 725 8
a 686 399 6
a 686 494 1
a 687 747 9
a 687 756 7
a 688 34 1
a 689 329 6
a 689 536 3
a 689 665 3
a 690 121 9
a 690 180 6
a 691 47 8
a 691 762 2
a 692 152 4
a 692 238 1
a 692 478 8
a 693 538 6
a 693 736 6
a 694 186 9
a 694 385 10
a 695 278 10
a 696 159 4
a 697 767 9
a 697 772 5
a 698 660 6
a 699 142 9
a 700 124 2
a 700 248 3
a 700 676 7
a 701 560 1
a 702 682 2
a 703 319 2
a 703 611 7
a 703 759 1
a 704 18 2
a 704 358 9
a 704 582 5
a 705 664 7
a 705 755 4
a 706 195 8
a 706 619 9
a 707 35 6
a 707 167 8
a 707 649 5
a 707 891 5
a 708 326 8
a 708 803 10
a 708 824 4
a 709 261 9
a 709 395 6
a 709 615 7
a 710 158 7
a 711 73 9
a 711 336 7
a 712 534 9
a 712 631 9
a 712 741 8
a 713 477 1
a 714 404 6
a 714 603 10
a 714 618 3
a 715 82 5
a 715 91 10
a 715 274 2
a 716 833 8
a 717 53 5
a 717 309 7
a 717 440 5
a 717 788 2
a 718 184 5
a 718 243 10
a 718 268 2
a 719 870 4
a 720 54 2
a 720 115 5
a 720 557 4
a 721 145 6
a 721 716 9
a 722 212 7
a 722 419 6
a 723 678 5
a 724 138 1
a 724 276 4
a 725 486 1
a 725 865 6
a 726 74 9
a 726 230 9
a 726 271 3
a 726 774 9
a 727 576 1
a 728 3 7
a 728 542 9
a 729 416 3
a 729 429 10
a 729 747 4
a 730 594 6
a 731 13 5
a 731 327 5
a 731 890 7
a 732 371 1
a 732 694 3
a 732 825 4
a 733 120 10
a 733 651 5
a 734 28 6
a 734 235 6
a 734 611 7
a 734 767 9
a 735 225 4
a 736 578 3
a 736 680 10
a 737 689 9
a 737 721 1
a 738 471 6
a 739 521 10
a 740 77 2
a 741 589 9
a 741 714 4
a 742 353 1
a 743 134 7
a 744 131 5
a 744 383 2
a 744 412 7
a 745 767 5
a 746 458 1
a 746 472 3
a 746 548 8
a 746 854 6
a 747 616 5
a 748 111 7
a 748 331 10
a 749 210 4
a 749 717 10
a 749 814 7
a 750 753 3
a 750 846 4
a 751 152 8
a 751 593 4
a 751 828 6
a 752 79 2
a 753 232 4
a 753 297 3
a 753 553 7
a 753 584 6
a 754 449 6
a 754 632 1
a 754 760 2
a 755 413 2
a 755 492 1
a 755 866 2
a 756 210 6
a 756 468 7
a 757 454 6
a 757 753 6
a 758 686 8
a 758 709 7
a 759 70 7
a 759 193 1
a 759 837 4
a 759 883 5
a 760 130 1
a 761 261 9
a 762 10 9
a 762 231 10
a 762 661 8
a 763 784 8
a 764 238 4
a 765 826 9
a 766 647 7
a 767 140 5
a 767 301 5
a 767 893 8
a 768 144 7
a 768 770 5
a 768 841 1
a 769 151 6
a 769 208 10
a 769 225 3
a 769 459 4
a 770 397 8
a 770 741 8
a 771 117 6
a 771 318 9
a 772 787 8
a 773 206 10
a 774 191 2
a 774 288 1
a 774 827 8
a 775 466 8
a 775 624 5
a 776 72 2
a 776 529 10
a 776 556 2
a 777 254 3
a 777 723 9
a 777 832 9
a 778 30 4
a 778 697 1
a 779 889 3
a 780 262 6
a 780 556 10
a 780 693 6
a 781 82 2
a 781 449 6
a 781 621 7
a 782 143 6
a 782 614 8
a 783 334 6
a 783 900 2
a 784 498 1
a 784 700 10
a 785 563 8
a 786 387 9
a 786 624 5
a 787 269 9
a 787 784 4
a 788 276 8
a 788 871 8
a 789 842 2
a 789 871 10
a 790 506 10
a 791 450 2
a 792 354 1
a 792 567 5
a 793 192 7
a 794 572 2
a 794 749 2
a 794 840 1
a 795 660 7
a 796 78 10
a 796 868 6
a 797 848 3
a 798 635 10
a 799 778 2
a 800 356 7
a 800 850 3
a 801 371 2
a 801 739 3
a 801 817 1
a 802 139 8
a 802 453 10
a 802 521 1
a 803 15 8
a 803 566 9
a 803 869 2
a 804 212 5
a 805 394 5
a 805 789 3
a 806 196 1
a 806 326 1
a 806 401 1
a 807 73 8
a 807 239 1
a 807 264 9
a 807 664 4
a 808 44 10
a 808 146 6
a 808 690 4
a 809 431 10
a 809 494 3
a 810 127 10
a 810 455 8
a 810 684 3
a 811 692 5
a 812 306 1
a 812 607 6
a 813 265 6
a 813 349 7
a 813 568 5
a 814 536 7
a 815 16 9
a 815 819 8
a 816 729 6
a 817 721 9
a 817 839 5
a 818 325 7
a 819 588 5
a 820 397 4
a 821 341 3
a 822 296 1
a 822 401 3
a 823 63 3
a 824 20 4
a 824 503 3
a 825 677 5
a 826 591 7
a 827 576 9
a 828 9 9
a 829 437 4
a 830 485 9
a 831 544 5
a 831 576 9
a 832 774 5
a 833 497 5
a 834 33 1
a 834 725 9
a 834 808 2
a 835 619 4
a 836 469 4
a 836 714 3
a 836 807 8
a 837 59 4
a 837 364 2
a 837 599 4
a 838 352 2
a 839 38 5
a 839 214 8
a 839 443 4
a 839 717 10
a 839 805 8
a 840 66 2
a 840 507 3
a 841 312 4
a 842 737 1
a 842 804 7
a 843 9 6
a 843 203 2
a 844 843 1
a 845 260 3
a 845 439 6
a 846 138 4
a 846 170 6
a 847 164 6
a 847 562 9
a 847 829 6
a 848 667 6
a 849 374 1
a 849 841 5
a 850 121 7
a 850 625 7
a 851 370 7
a 851 423 8
a 852 487 5
a 853 458 10
a 854 506 3
a 854 531 3
a 855 103 6
a 855 426 9
a 856 518 3
a 856 817 8
a 857 473 6
a 857 707 3
a 857 893 3
a 858 471 3
a 858 601 9
a 858 786 2
a 859 597 5
a 859 825 3
a 860 166 4
a 861 457 8
a 861 729 9
a 862 197 5
a 862 361 2
a 863 151 6
a 863 510 7
a 864 21 3
a 864 747 5
a 865 574 9
a 865 874 1
a 866 644 9
a 867 73 10
a 868 680 6
a 868 768 7
a 869 228 5
a 869 744 5
a 870 97 4
a 870 804 4
a 870 889 8
a 871 512 7
a 872 538 7
a 873 226 10
a 873 588 5
a 874 78 6
a 874 277 4
a 874 469 7
a 875 47 5
a 875 360 4
a 876 154 1
a 876 448 2
a 876 588 2
a 877 770 3
a 878 108 7
a 878 533 9
a 879 245 5
a 879 490 10
a 880 243 10
a 880 435 9
a 881 71 1
a 881 227 8
a 882 310 3
a 882 381 8
a 882 563 7
a 883 150 1
a 883 540 9
a 884 343 7
a 884 477 2
a 884 569 9
a 885 382 9
a 886 166 4
a 886 404 5
a 886 892 9
a 887 127 9
a 887 284 4
a 888 746 9
a 888 810 9
a 889 126 8
a 889 482 8
a 890 332 10
a 890 429 8
a 891 65 2
a 891 247 3
a 891 352 7
a 892 399 2
a 892 565 10
a 893 153 6
a 894 3 8
a 895 368 7
a 895 737 2
a 896 364 5
a 897 172 2
a 898 218 5
a 898 775 8
a 899 46 10
a 899 586 2
a 899 657 7
