p max 900 1800
n 1 s
n 900 t
a 1 854 9
a 2 881 10
a 3 56 6
a 4 683 5
a 5 215 8
a 5 899 3
a 6 720 9
a 7 490 7
a 7 825 9
a 8 766 1
a 9 253 5
a 9 500 8
a 10 282 4
a 10 298 5
a 10 354 6
a 11 45 10
a 11 796 8
a 12 92 5
a 12 453 4
a 12 758 5
a 13 9 10
a 13 361 1
a 14 876 10
a 15 26 2
a 16 105 2
a 16 521 8
a 16 553 6
a 16 644 6
a 16 731 10
a 17 91 8
a 17 139 1
a 17 256 7
a 18 179 10
a 18 852 3
a 19 90 9
a 20 247 9
a 20 526 4
a 21 233 4
a 21 751 8
a 21 797 9
a 22 38 9
a 23 231 5
a 23 252 1
a 23 670 9
a 24 772 4
a 24 844 1
a 25 17 1
a 25 375 6
a 25 842 4
a 26 302 5
a 26 463 3
a 27 358 9
a 27 763 3
a 28 198 3
a 29 317 7
a 29 360 10
a 29 442 5
a 29 770 4
a 29 782 8
a 30 84 6
a 30 303 8
a 30 582 7
a 30 834 2
a 31 513 9
a 31 575 8
a 31 795 6
a 32 347 9
a 33 96 6
a 33 570 3
a 34 441 6
a 34 613 5
a 35 424 10
a 36 488 2
a 36 837 5
a 37 150 5
a 37 407 9
a 37 459 1
a 38 514 2
a 39 232 10
a 39 601 7
a 40 559 3
a 40 565 2
a 41 62 7
a 41 206 8
a 42 822 10
a 43 728 2
a 44 173 3
a 44 657 5
a 44 859 7
a 45 162 1
a 45 762 10
a 46 267 1
a 46 512 5
a 47 130 3
a 47 290 8
a 47 352 10
a 47 835 2
a 48 250 1
a 49 150 9
a 49 345 2
a 50 157 6
a 50 885 3
a 51 122 4
a 52 148 4
a 52 646 5
a 52 754 1
a 53 149 10
a 53 786 2
a 54 287 10
a 54 673 3
a 55 264 2
a 55 894 1
a 56 18 2
a 56 189 4
a 56 517 7
a 57 884 8
a 58 30 8
a 58 63 10
a 58 451 3
a 59 711 3
a 59 816 7
a 59 824 5
a 60 44 6
a 61 20 4
a 62 461 7
a 62 569 6
a 63 328 5
a 63 821 3
a 64 451 1
a 64 574 1
a 64 610 7
a 65 44 8
a 65 189 6
a 65 492 10
a 65 819 8
a 66 260 1
a 66 662 5
a 67 472 1
a 68 55 7
a 68 686 4
a 69 294 3
a 69 745 9
a 70 175 8
a 70 693 10
a 71 731 3
a 72 677 3
a 72 900 8
a 73 346 10
a 74 459 2
a 75 64 4
a 76 83 10
a 77 126 7
a 78 460 8
a 79 350 4
a 79 674 4
a 80 412 9
a 80 652 8
a 80 834 8
a 81 135 7
a 81 369 3
a 81 604 1
a 82 634 8
a 83 331 1
a 83 659 8
a 84 119 9
a 85 59 3
a 85 607 4
a 86 71 1
a 87 591 8
a 87 615 2
a 88 184 9
a 88 623 8
a 89 353 9
a 89 458 2
a 90 117 3
a 90 120 5
a 91 408 7
a 91 548 4
a 91 839 4
a 92 863 9
a 93 170 5
a 93 428 9
a 93 730 2
a 94 310 9
a 94 703 4
a 95 528 4
a 95 626 1
a 96 847 6
a 97 94 1
a 98 257 3
a 98 444 6
a 99 520 3
a 100 342 3
a 100 804 1
a 101 599 8
a 101 706 7
a 101 815 9
a 102 340 6
a 102 469 7
a 103 267 1
a 103 373 8
a 104 151 3
a 104 226 10
a 104 327 9
a 104 853 4
a 105 509 9
a 105 881 8
a 106 320 9
a 106 785 3
a 107 174 3
a 107 470 7
a 108 513 3
a 108 715 2
a 109 161 4
a 109 299 9
a 109 712 1
a 110 228 6
a 111 675 3
a 112 272 4
a 112 883 9
a 113 398 6
a 114 109 4
a 114 741 7
a 114 888 7
a 115 98 1
a 115 590 2
a 116 104 5
a 116 149 2
a 116 744 5
a 117 458 9
a 117 622 1
a 118 600 4
a 118 800 5
a 118 828 3
a 119 707 3
a 120 488 5
a 120 732 8
a 121 382 8
a 121 499 4
a 121 597 6
a 121 653 2
a 121 698 9
a 122 523 5
a 122 689 2
a 122 788 9
a 123 47 6
a 123 466 2
a 123 601 5
a 123 865 1
a 124 282 9
a 125 226 4
a 125 368 7
a 126 173 8
a 127 20 9
a 128 488 6
a 129 16 10
a 129 290 2
a 130 224 8
a 130 803 8
a 131 15 7
a 131 771 3
a 132 305 9
a 133 545 3
a 133 768 8
a 134 111 5
a 134 319 4
a 134 357 8
a 135 548 5
a 136 287 1
a 136 444 3
a 136 724 1
a 137 294 8
a 137 648 8
a 138 11 4
a 138 464 8
a 138 639 8
a 139 362 5
a 140 360 4
a 141 237 2
a 142 46 7
a 142 97 5
a 142 275 3
a 142 351 3
a 142 443 3
a 142 647 9
a 143 881 5
a 144 90 7
a 144 138 1
a 144 583 3
a 144 830 1
a 145 270 2
a 146 889 7
a 147 21 9
a 147 95 8
a 148 414 10
a 149 13 1
a 149 166 9
a 149 874 9
a 150 191 8
a 150 499 8
a 151 653 10
a 152 200 8
a 153 65 2
a 153 550 4
a 154 249 10
a 154 348 3
a 155 335 5
a 155 636 10
a 155 725 2
a 155 898 9
a 156 96 9
a 157 687 9
a 158 414 9
a 159 202 1
a 159 633 2
a 160 358 5
a 160 748 2
a 161 125 7
a 162 48 5
a 162 794 3
a 163 448 7
a 164 37 6
a 164 177 1
a 164 661 9
a 165 289 1
a 166 349 4
a 166 425 9
a 167 248 7
a 167 505 8
a 168 574 4
a 168 835 8
a 169 58 8
a 169 842 7
a 169 870 1
a 170 177 9
a 170 388 3
a 170 702 5
a 171 64 9
a 171 400 5
a 171 485 4
a 172 372 9
a 172 506 8
a 172 800 2
a 173 50 2
a 173 423 10
a 173 651 6
a 174 776 2
a 175 63 8
a 175 326 7
a 176 496 7
a 176 649 10
a 177 213 1
a 177 427 7
a 178 153 2
a 178 530 1
a 178 695 5
a 179 818 8
a 180 242 4
a 180 253 7
a 180 419 4
a 181 82 9
a 182 247 8
a 182 530 5
a 182 830 8
a 183 78 1
a 183 317 5
a 183 585 1
a 183 681 8
a 184 507 1
a 185 226 2
a 186 831 6
a 187 40 8
a 187 790 10
a 188 74 3
a 188 489 9
a 188 498 2
a 189 17 8
a 189 696 9
a 190 179 5
a 190 356 4
a 191 86 2
a 191 227 2
a 191 456 1
a 191 577 10
a 191 750 10
a 191 789 9
a 192 131 8
a 192 291 1
a 193 315 5
a 194 92 3
a 194 538 8
a 194 660 7
a 195 78 6
a 195 315 10
a 196 66 5
a 196 67 4
a 196 110 9
a 196 355 2
a 197 321 9
a 198 324 10
a 198 685 2
a 199 72 1
a 199 573 2
a 199 841 2
a 200 361 3
a 200 422 2
a 200 510 3
a 201 531 8
a 202 799 3
a 203 610 2
a 204 59 3
a 205 749 8
a 205 882 4
a 206 264 1
a 206 349 8
a 207 341 10
a 208 491 2
a 208 706 6
a 209 71 7
a 209 90 3
a 209 549 7
a 209 664 3
a 210 246 4
a 210 350 4
a 210 536 4
a 210 632 9
a 211 603 4
a 211 780 2
a 212 5 7
a 212 214 3
a 213 688 8
a 214 220 1
a 214 671 10
a 215 200 9
a 216 115 6
a 216 313 7
a 216 409 4
a 217 296 6
a 217 418 6
a 217 447 2
a 218 682 1
a 219 17 10
a 219 752 3
a 220 40 3
a 220 199 10
a 221 345 9
a 221 740 9
a 222 212 8
a 223 13 2
a 223 253 4
a 223 701 1
a 224 87 4
a 224 707 5
a 225 248 6
a 225 631 7
a 226 408 8
a 227 688 1
a 227 900 6
a 228 172 7
a 228 460 4
a 228 555 3
a 229 56 3
a 229 620 5
a 229 692 3
a 230 397 10
a 231 790 1
a 231 799 2
a 232 32 1
a 233 314 4
a 233 865 7
a 234 132 5
a 234 467 3
a 235 150 5
a 235 286 2
a 235 330 3
a 235 710 5
a 235 865 4
a 236 154 8
a 236 194 7
a 237 145 2
a 238 807 7
a 238 836 9
a 238 854 8
a 239 106 3
a 240 116 10
a 240 213 3
a 240 279 4
a 240 358 4
a 241 878 9
a 242 321 10
a 242 525 2
a 242 706 7
a 243 397 7
a 244 410 6
a 244 772 5
a 245 347 3
a 245 447 6
a 246 53 6
a 246 263 9
a 247 31 1
a 247 451 2
a 248 316 4
a 248 707 1
a 249 238 2
a 249 733 2
a 250 713 8
a 250 736 7
a 251 147 4
a 251 263 5
a 251 778 6
a 252 242 8
a 252 274 10
a 253 197 9
a 253 221 3
a 253 366 7
a 253 452 6
a 254 516 7
a 254 822 2
a 255 20 2
a 255 147 8
a 256 93 9
a 256 113 6
a 257 342 7
a 257 576 1
a 257 669 8
a 257 732 1
a 258 848 1
a 259 202 4
a 259 322 3
a 259 404 9
a 260 584 4
a 261 469 5
a 261 568 9
a 261 733 2
a 262 696 7
a 263 175 4
a 264 268 1
a 264 345 5
a 265 638 5
a 265 730 6
a 266 10 10
a 267 356 8
a 267 369 8
a 267 654 1
a 268 469 5
a 268 607 1
a 269 307 1
a 269 489 10
a 269 570 3
a 269 849 5
a 270 195 8
a 270 218 8
a 271 40 3
a 272 220 8
a 273 356 8
a 273 733 6
a 274 896 5
a 275 158 3
a 275 167 3
a 275 776 5
a 276 140 5
a 277 449 5
a 278 344 9
a 278 520 5
a 278 717 8
a 278 878 8
a 279 671 7
a 280 539 1
a 281 3 10
a 281 324 6
a 281 531 7
a 282 467 8
a 282 714 7
a 283 26 5
a 283 706 2
a 284 121 1
a 284 235 6
a 284 339 5
a 285 483 5
a 285 535 6
a 286 140 7
a 286 474 3
a 287 133 9
a 287 326 2
a 288 273 6
a 289 271 6
a 289 782 1
a 290 230 5
a 290 334 9
a 291 332 9
a 292 766 6
a 293 359 6
a 294 425 10
a 294 457 10
a 294 754 9
a 295 471 10
a 295 894 8
a 296 643 10
a 297 357 2
a 298 383 6
a 298 415 6
a 298 833 9
a 299 417 7
a 299 634 8
a 300 25 8
a 300 828 3
a 301 556 10
a 302 818 8
a 303 102 7
a 303 157 5
a 303 681 10
a 304 253 7
a 304 272 2
a 304 367 8
a 305 153 3
a 305 624 1
a 306 395 8
a 306 795 7
a 307 331 2
a 307 611 3
a 307 855 10
a 308 609 6
a 308 681 4
a 309 155 8
a 309 619 3
a 310 192 2
a 311 615 2
a 312 30 8
a 313 208 8
a 313 693 7
a 314 167 5
a 314 752 10
a 315 397 8
a 316 75 1
a 316 88 3
a 317 137 1
a 318 745 4
a 319 813 2
a 319 845 3
a 319 851 2
a 320 696 5
a 320 811 8
a 321 275 9
a 321 341 9
a 322 217 4
a 322 579 8
a 322 693 8
a 322 769 3
a 323 211 10
a 323 670 5
a 323 798 1
a 324 302 1
a 324 501 3
a 324 562 8
a 325 470 10
a 325 838 2
a 326 738 2
a 327 380 8
a 328 502 5
a 328 674 8
a 328 683 9
a 329 123 1
a 329 753 5
a 329 845 2
a 330 838 2
a 331 82 4
a 332 176 4
a 332 528 2
a 333 128 7
a 333 171 5
a 333 714 4
a 334 472 4
a 334 891 7
a 335 296 3
a 335 700 3
a 336 100 10
a 336 507 6
a 337 443 8
a 338 807 9
a 339 385 3
a 340 112 7
a 340 794 8
a 341 45 6
a 342 378 4
a 342 386 6
a 342 453 6
a 342 841 7
a 343 234 5
a 343 687 8
a 343 881 9
a 344 734 5
a 345 412 5
a 346 351 8
a 346 365 10
a 346 414 9
a 346 598 7
a 346 779 7
a 347 199 7
a 347 556 7
a 348 877 7
a 349 358 7
a 349 621 9
a 350 216 6
a 350 240 4
a 351 185 10
a 352 5 2
a 352 216 8
a 352 220 4
a 352 588 8
a 353 256 8
a 353 491 4
a 354 384 5
a 354 616 9
a 354 691 1
a 355 642 10
a 356 287 8
a 356 426 4
a 356 596 3
a 357 181 2
a 358 447 10
a 358 481 2
a 358 873 7
a 358 889 1
a 359 606 4
a 360 220 9
a 361 84 9
a 361 897 7
a 362 831 9
a 363 401 1
a 363 683 4
a 364 144 6
a 364 688 3
a 364 784 4
a 365 560 3
a 365 796 8
a 365 830 3
a 366 28 7
a 367 580 3
a 368 761 7
a 369 167 2
a 370 118 8
a 370 626 2
a 371 120 7
a 371 465 2
a 371 880 6
a 372 671 5
a 372 887 5
a 373 719 6
a 374 19 6
a 375 675 8
a 375 801 1
a 376 203 3
a 376 759 8
a 376 874 1
a 377 337 5
a 377 551 8
a 378 383 4
a 379 892 5
a 380 540 10
a 380 893 2
a 381 658 4
a 381 754 4
a 381 843 1
a 382 248 8
a 382 511 7
a 382 529 8
a 382 569 10
a 382 812 6
a 382 862 10
a 383 870 1
a 384 554 10
a 384 820 7
a 385 234 9
a 385 761 1
a 386 106 1
a 386 647 6
a 387 32 2
a 387 630 1
a 388 632 5
a 389 14 3
a 389 137 6
a 390 21 3
a 391 267 4
a 392 418 9
a 393 210 1
a 394 260 3
a 395 515 10
a 395 712 6
a 395 839 5
a 396 363 1
a 396 620 8
a 396 722 9
a 397 511 8
a 398 318 9
a 398 630 5
a 399 637 3
a 399 699 5
a 400 399 8
a 400 437 10
a 401 640 1
a 401 839 1
a 402 234 1
a 402 860 3
a 403 318 5
a 404 275 4
a 405 119 4
a 405 635 10
a 406 144 5
a 406 888 6
a 407 363 4
a 407 393 1
a 408 436 9
a 408 605 5
a 409 781 1
a 410 145 1
a 410 252 10
a 411 472 9
a 411 635 1
a 411 643 4
a 412 177 8
a 412 572 10
a 413 117 10
a 413 174 9
a 414 826 10
a 414 847 10
a 415 36 8
a 415 632 10
a 416 493 7
a 416 699 10
a 417 66 3
a 418 254 3
a 419 87 4
a 419 376 8
a 420 450 8
a 421 651 10
a 422 482 9
a 423 108 2
a 423 342 3
a 423 374 6
a 424 324 2
a 425 52 9
a 425 60 9
a 425 156 5
a 425 182 6
a 425 532 3
a 426 596 7
a 426 841 7
a 427 791 2
a 427 861 6
a 428 77 6
a 429 85 7
a 429 755 6
a 430 850 4
a 431 471 4
a 432 558 9
a 433 151 3
a 434 79 1
a 434 365 2
a 435 96 5
a 436 351 5
a 437 165 8
a 437 191 7
a 437 398 7
a 437 497 6
a 438 198 8
a 439 759 4
a 440 244 3
a 440 310 10
a 440 414 3
a 440 566 2
a 441 168 7
a 441 540 8
a 441 590 8
a 441 818 8
a 442 824 9
a 443 22 2
a 443 871 2
a 444 308 7
a 444 864 6
a 445 128 8
a 446 382 6
a 447 403 2
a 448 224 4
a 449 316 8
a 449 552 7
a 450 127 6
a 450 615 2
a 451 387 9
a 451 727 2
a 452 69 7
a 453 433 5
a 454 54 5
a 454 97 5
a 454 810 5
a 455 8 3
a 455 257 4
a 456 642 5
a 456 718 4
a 456 806 9
a 457 175 1
a 458 295 4
a 458 717 8
a 459 378 8
a 460 754 1
a 461 256 9
a 461 278 4
a 461 578 5
a 461 882 10
a 462 35 4
a 462 892 10
a 463 889 9
a 464 28 5
a 464 186 1
a 464 589 5
a 464 864 4
a 465 238 9
a 465 665 6
a 466 164 5
a 466 309 5
a 466 357 2
a 467 599 3
a 468 100 5
a 468 895 10
a 469 618 3
a 469 742 4
a 470 318 6
a 471 12 6
a 471 380 7
a 472 259 9
a 472 325 10
a 472 343 8
a 472 692 8
a 473 14 10
a 474 330 5
a 474 346 7
a 474 756 5
a 475 279 5
a 475 432 5
a 476 50 9
a 476 682 3
a 476 874 6
a 477 704 4
a 477 805 7
a 478 537 9
a 478 768 10
a 479 131 7
a 479 678 4
a 480 293 10
a 480 594 7
a 481 225 1
a 481 331 3
a 481 386 7
a 482 167 5
a 482 173 5
a 482 750 4
a 483 850 7
a 484 300 6
a 484 744 10
a 485 827 4
a 486 69 2
a 487 392 4
a 488 35 8
a 488 122 10
a 489 495 3
a 490 329 1
a 491 419 7
a 491 449 9
a 492 55 10
a 492 69 10
a 492 126 8
a 492 154 10
a 492 190 3
a 493 773 9
a 494 198 1
a 494 285 1
a 494 541 10
a 494 547 9
a 495 320 2
a 495 527 8
a 496 247 10
a 497 23 6
a 497 550 8
a 498 75 4
a 498 391 1
a 499 297 9
a 499 746 5
a 499 879 1
a 500 10 8
a 500 62 10
a 500 772 5
a 501 41 6
a 501 96 4
a 501 333 7
a 501 734 9
a 502 452 10
a 502 477 3
a 503 371 9
a 503 613 4
a 504 117 6
a 504 159 10
a 504 446 2
a 504 555 7
a 504 605 8
a 504 609 1
a 504 847 5
a 505 538 1
a 506 320 8
a 506 382 10
a 507 299 7
a 507 685 10
a 508 169 9
a 508 890 2
a 509 306 6
a 509 406 8
a 509 416 4
a 509 470 5
a 510 537 2
a 511 152 4
a 511 283 1
a 511 345 8
a 511 480 2
a 512 569 8
a 513 96 1
a 514 251 2
a 514 486 8
a 514 793 4
a 515 222 7
a 516 65 1
a 516 399 8
a 516 784 8
a 517 341 10
a 518 258 2
a 518 856 1
a 519 99 3
a 520 330 1
a 520 812 9
a 521 299 10
a 521 634 7
a 522 312 3
a 522 392 3
a 523 49 4
a 523 143 10
a 523 298 9
a 523 364 9
a 523 644 4
a 524 595 1
a 525 464 3
a 525 808 8
a 526 180 3
a 526 448 7
a 526 748 10
a 527 213 8
a 528 31 4
a 528 502 4
a 529 479 7
a 529 642 5
a 529 675 8
a 530 742 4
a 531 255 4
a 532 290 10
a 532 433 3
a 532 798 6
a 533 450 10
a 533 578 8
a 534 120 7
a 534 479 4
a 535 588 2
a 536 639 4
a 537 39 6
a 538 370 8
a 538 869 9
a 539 202 9
a 539 326 4
a 539 545 7
a 539 738 2
a 540 60 8
a 540 64 4
a 541 383 6
a 541 592 10
a 541 755 8
a 542 198 10
a 542 593 5
a 543 229 5
a 543 504 10
a 543 770 6
a 544 24 10
a 544 435 7
a 544 652 9
a 545 224 4
a 545 827 7
a 546 302 4
a 546 715 6
a 547 33 8
a 547 254 9
a 547 348 1
a 547 359 5
a 548 230 2
a 548 681 4
a 549 299 6
a 550 34 6
a 550 568 1
a 551 329 2
a 551 616 8
a 551 751 3
a 552 321 5
a 553 494 1
a 553 501 6
a 553 629 5
a 554 618 7
a 554 793 7
a 555 131 4
a 555 303 4
a 555 617 6
a 555 676 10
a 556 855 4
a 557 241 9
a 557 592 1
a 557 867 9
a 558 94 6
a 558 643 6
a 558 812 8
a 559 160 4
a 559 183 7
a 559 386 3
a 560 52 2
a 560 89 5
a 560 273 6
a 560 628 9
a 561 202 9
a 562 218 9
a 562 417 1
a 562 739 5
a 563 693 4
a 563 858 4
a 564 835 1
a 565 724 2
a 566 360 9
a 566 385 6
a 567 657 1
a 568 113 7
a 568 328 6
a 568 383 7
a 568 818 2
a 569 160 9
a 570 384 4
a 571 577 9
a 571 690 8
a 572 188 7
a 572 269 7
a 572 736 5
a 573 475 5
a 573 623 10
a 574 435 6
a 574 503 1
a 574 658 4
a 574 727 3
a 575 61 9
a 575 88 1
a 575 125 1
a 575 848 10
a 576 119 10
a 576 284 1
a 577 355 5
a 577 420 6
a 577 567 4
a 578 709 10
a 579 736 4
a 580 579 3
a 581 533 9
a 581 542 3
a 582 786 3
a 583 245 7
a 583 814 2
a 583 868 5
a 584 596 7
a 585 158 8
a 585 181 2
a 586 519 4
a 587 649 3
a 587 824 8
a 588 434 5
a 589 476 6
a 589 541 9
a 590 290 9
a 590 304 2
a 591 399 5
a 591 534 7
a 592 778 8
a 593 874 5
a 594 337 3
a 595 242 10
a 595 721 4
a 596 297 9
a 597 149 2
a 598 673 8
a 598 764 8
a 599 462 6
a 599 840 1
a 600 641 6
a 601 255 2
a 602 118 4
a 603 387 8
a 604 70 8
a 604 428 2
a 605 27 4
a 606 303 10
a 606 827 8
a 607 22 9
a 608 377 2
a 608 578 10
a 608 872 4
a 609 14 1
a 609 242 10
a 609 524 9
a 610 238 5
a 610 353 4
a 610 440 8
a 611 663 5
a 612 302 3
a 612 757 3
a 613 386 8
a 614 43 8
a 614 187 8
a 614 319 9
a 615 875 8
a 616 436 6
a 617 124 8
a 618 490 5
a 619 228 10
a 619 316 9
a 619 446 5
a 619 788 2
a 620 334 3
a 620 431 1
a 621 196 5
a 621 301 7
a 621 608 1
a 621 751 4
a 622 173 9
a 622 447 8
a 622 672 8
a 623 281 5
a 623 574 4
a 624 730 4
a 625 497 8
a 625 836 1
a 626 674 9
a 627 721 3
a 628 762 9
a 629 715 10
a 630 859 7
a 631 500 4
a 631 679 10
a 632 656 9
a 632 698 4
a 633 430 2
a 633 787 7
a 633 799 8
a 634 200 1
a 634 750 3
a 635 205 5
a 635 248 2
a 636 4 3
a 636 426 6
a 637 565 9
a 637 635 1
a 638 147 2
a 639 83 8
a 639 121 2
a 639 193 10
a 639 204 1
a 639 228 5
a 639 257 6
a 640 509 1
a 641 223 10
a 641 840 9
a 642 155 2
a 642 627 2
a 643 875 7
a 644 663 10
a 645 703 4
a 645 805 8
a 645 817 5
a 646 605 6
a 647 178 9
a 647 478 7
a 648 591 10
a 649 546 1
a 649 768 9
a 650 10 9
a 650 696 4
a 651 476 6
a 652 66 4
a 652 270 3
a 652 468 8
a 652 737 8
a 653 279 3
a 654 28 1
a 654 141 8
a 655 51 8
a 655 837 9
a 656 381 2
a 656 508 1
a 656 530 4
a 656 540 8
a 657 73 10
a 657 328 9
a 658 679 7
a 658 802 6
a 659 166 6
a 660 305 3
a 661 59 10
a 661 163 10
a 661 484 7
a 662 352 6
a 663 457 10
a 663 514 10
a 663 518 2
a 663 777 8
a 664 3 1
a 665 359 2
a 666 136 8
a 666 232 4
a 666 773 1
a 666 774 5
a 666 899 8
a 667 387 8
a 668 488 5
a 669 710 8
a 670 268 6
a 670 280 8
a 670 603 3
a 670 796 8
a 671 424 10
a 671 539 9
a 672 371 8
a 672 780 2
a 673 99 8
a 673 106 4
a 673 884 2
a 674 185 7
a 675 837 10
a 675 886 3
a 676 6 7
a 676 718 3
a 677 490 8
a 677 781 6
a 677 805 4
a 678 697 7
a 679 124 6
a 679 411 3
a 680 781 5
a 681 195 2
a 682 316 9
a 682 717 5
a 682 824 3
a 683 76 4
a 683 433 3
a 684 490 6
a 684 747 10
a 684 835 7
a 685 310 4
a 686 210 6
a 686 743 5
a 686 817 4
a 687 631 6
a 688 715 1
a 689 43 3
a 689 124 7
a 689 421 1
a 690 169 5
a 690 410 2
a 690 716 7
a 691 74 9
a 691 632 4
a 692 84 5
a 693 348 10
a 694 424 10
a 694 746 7
a 695 288 3
a 695 859 10
a 696 244 3
a 696 413 9
a 697 107 5
a 697 838 5
a 698 487 4
a 699 396 9
a 699 575 10
a 700 501 3
a 700 611 9
a 701 323 8
a 701 351 6
a 701 694 7
a 702 272 6
a 702 637 7
a 703 51 5
a 703 861 1
a 704 513 10
a 705 858 7
a 706 513 10
a 707 44 7
a 707 80 5
a 707 142 4
a 707 482 7
a 708 633 9
a 709 39 10
a 710 440 5
a 710 519 8
a 711 19 3
a 711 351 3
a 712 615 5
a 713 71 7
a 713 600 10
a 714 411 3
a 714 517 10
a 714 875 3
a 715 40 5
a 716 395 1
a 716 554 8
a 717 212 2
a 717 226 5
a 717 500 6
a 717 809 2
a 718 397 3
a 718 615 8
a 718 723 2
a 719 51 6
a 720 344 10
a 720 495 4
a 721 378 9
a 721 455 10
a 721 829 10
a 722 369 4
a 722 513 6
a 722 657 3
a 722 664 10
a 722 666 9
a 722 792 3
a 722 863 6
a 723 137 6
a 723 176 10
a 723 322 4
a 724 216 3
a 725 700 7
a 726 266 8
a 727 456 2
a 727 765 9
a 727 871 3
a 728 460 2
a 728 851 10
a 729 11 4
a 729 612 4
a 729 798 9
a 730 438 7
a 730 455 5
a 731 861 4
a 732 389 1
a 732 826 5
a 732 850 1
a 733 128 5
a 733 235 6
a 734 315 5
a 734 655 2
a 735 564 7
a 735 788 6
a 736 724 6
a 737 480 6
a 738 67 6
a 739 7 4
a 739 259 2
a 739 465 5
a 739 512 9
a 740 57 8
a 740 625 4
a 740 814 1
a 741 39 8
a 741 345 3
a 742 399 4
a 742 580 8
a 742 705 4
a 743 149 8
a 744 494 4
a 744 571 2
a 744 856 4
a 745 42 7
a 745 313 8
a 745 486 7
a 746 207 10
a 746 224 2
a 747 6 10
a 748 17 1
a 748 709 9
a 749 473 6
a 749 856 3
a 750 289 8
a 750 897 9
a 751 17 8
a 752 318 1
a 752 342 3
a 752 595 9
a 753 790 8
a 754 174 10
a 755 104 10
a 755 581 2
a 756 533 8
a 756 567 5
a 757 366 7
a 757 740 8
a 758 48 8
a 759 668 5
a 759 726 1
a 759 817 6
a 760 299 6
a 760 310 7
a 760 680 4
a 761 68 6
a 761 262 7
a 761 872 10
a 762 403 3
a 762 896 6
a 763 129 7
a 763 291 7
a 763 725 1
a 763 790 10
a 764 198 8
a 764 476 6
a 765 379 10
a 765 447 1
a 766 515 3
a 767 388 3
a 767 445 1
a 767 602 1
a 768 48 9
a 768 337 2
a 768 483 1
a 768 625 7
a 768 866 1
a 769 187 5
a 769 237 4
a 769 741 3
a 770 261 2
a 770 438 5
a 770 735 6
a 771 471 6
a 772 231 1
a 773 28 8
a 774 316 3
a 774 745 3
a 775 149 1
a 775 563 2
a 775 807 3
a 776 148 4
a 776 250 4
a 777 558 4
a 777 719 2
a 777 813 5
a 778 785 1
a 779 77 7
a 779 271 2
a 780 474 8
a 780 497 10
a 780 662 7
a 780 797 3
a 781 212 7
a 781 561 10
a 781 881 10
a 782 269 7
a 782 417 6
a 782 448 2
a 783 21 1
a 783 377 4
a 783 650 8
a 784 28 6
a 784 255 6
a 784 392 9
a 784 420 3
a 784 772 1
a 785 92 5
a 785 900 10
a 786 840 7
a 787 64 10
a 787 82 6
a 787 723 3
a 788 24 5
a 788 27 5
a 788 101 3
a 788 402 5
a 789 2 9
a 789 653 4
a 790 169 6
a 791 255 4
a 791 362 1
a 791 543 7
a 792 621 3
a 793 236 2
a 793 757 2
a 794 12 8
a 794 341 10
a 795 103 7
a 795 317 7
a 796 303 7
a 797 219 9
a 797 316 3
a 797 544 1
a 797 766 10
a 798 153 10
a 799 55 2
a 799 265 5
a 800 160 1
a 800 576 7
a 801 684 8
a 802 100 5
a 802 778 7
a 803 299 5
a 803 667 8
a 804 295 10
a 804 332 1
a 805 383 5
a 806 51 1
a 806 283 10
a 807 38 8
a 807 454 2
a 807 879 4
a 808 728 2
a 808 783 7
a 808 823 9
a 808 867 10
a 809 826 3
a 810 245 3
a 811 301 2
a 811 522 1
a 811 874 1
a 812 37 5
a 812 226 5
a 813 74 3
a 813 645 8
a 813 832 9
a 814 292 9
a 814 478 4
a 815 686 2
a 816 57 4
a 816 141 4
a 816 320 6
a 816 619 6
a 817 277 8
a 817 677 6
a 818 297 1
a 818 699 6
a 819 188 3
a 820 134 6
a 820 487 7
a 820 812 4
a 821 764 5
a 822 502 9
a 822 623 6
a 823 310 5
a 824 594 7
a 824 617 10
a 825 252 3
a 826 243 10
a 826 898 8
a 827 788 4
a 827 840 5
a 828 133 6
a 828 641 8
a 829 201 5
a 829 434 6
a 829 452 7
a 829 587 2
a 829 767 10
a 830 361 1
a 831 153 5
a 832 42 3
a 832 193 4
a 833 95 8
a 833 220 5
a 833 507 1
a 834 144 5
a 835 518 5
a 836 639 8
a 837 139 5
a 837 327 10
a 837 606 10
a 838 355 6
a 839 394 2
a 839 443 4
a 840 93 7
a 841 530 4
a 842 495 6
a 843 9 2
a 843 102 6
a 844 635 4
a 845 370 3
a 845 697 10
a 845 714 1
a 846 29 6
a 847 729 9
a 848 146 8
a 848 164 4
a 849 173 3
a 850 710 7
a 850 876 7
a 851 241 3
a 851 403 2
a 852 35 4
a 852 383 9
a 853 390 7
a 853 489 3
a 854 391 10
a 854 516 5
a 855 4 2
a 855 614 5
a 856 199 2
a 856 264 2
a 856 729 10
a 857 429 1
a 857 508 8
a 857 762 6
a 858 70 2
a 858 425 9
a 858 553 7
a 859 775 6
a 859 855 8
a 860 184 6
a 860 185 7
a 861 27 9
a 861 311 4
a 862 611 6
a 863 360 2
a 863 684 4
a 864 276 1
a 864 663 8
a 864 810 6
a 865 15 10
a 865 667 1
a 866 339 3
a 867 405 2
a 867 513 5
a 868 209 8
a 868 350 4
a 868 877 6
a 869 126 4
a 869 239 10
a 869 292 6
a 869 586 1
a 869 810 8
a 869 831 1
a 870 336 7
a 870 871 9
a 871 114 8
a 872 52 10
a 872 317 7
a 872 693 9
a 873 760 9
a 873 761 9
a 874 222 9
a 874 584 7
a 874 881 1
a 875 336 4
a 876 361 5
a 877 36 3
a 877 266 10
a 878 524 5
a 879 81 2
a 879 483 10
a 880 405 4
a 881 353 10
a 882 194 10
a 883 694 10
a 884 518 1
a 884 708 3
a 885 323 1
a 885 439 10
a 886 801 4
a 886 851 3
a 887 663 4
a 888 380 3
a 889 409 1
a 890 599 6
a 890 748 8
a 890 846 2
a 891 172 9
a 891 338 1
a 891 348 1
a 892 133 5
a 892 534 10
a 892 641 9
a 893 114 8
a 893 580 9
a 894 191 4
a 894 857 8
a 895 29 2
a 895 305 3
a 895 557 5
a 895 820 10
a 896 755 10
a 897 125 10
a 897 228 6
a 898 390 3
a 899 485 4
