p max 900 1800
n 1 s
n 900 t
a 1 109 5
a 2 57 4
a 2 519 9
a 2 546 2
a 3 327 2
a 3 368 7
a 3 478 2
a 4 210 3
a 4 508 10
a 4 774 8
a 5 60 5
a 5 70 5
a 5 806 6
a 6 69 10
a 6 172 1
a 6 769 6
a 7 219 6
a 7 473 1
a 8 771 4
a 9 273 2
a 10 146 8
a 11 575 7
a 12 406 9
a 12 482 7
a 13 380 8
a 13 422 4
a 14 364 5
a 14 389 9
a 15 777 1
a 16 137 4
a 16 765 2
a 17 19 7
a 17 713 5
a 17 737 1
a 17 881 3
a 18 93 10
a 18 229 5
a 19 462 4
a 20 487 1
a 21 502 9
a 21 709 7
a 22 482 5
a 22 690 10
a 22 828 4
a 23 428 10
a 23 710 1
a 23 755 2
a 24 641 5
a 24 703 4
a 25 508 8
a 26 545 7
a 26 594 5
a 27 235 2
a 27 245 9
a 27 789 6
a 28 306 5
a 28 675 10
a 28 761 9
a 29 128 1
a 29 425 10
a 29 853 4
a 30 269 3
a 30 766 1
a 31 248 8
a 31 541 8
a 32 337 9
a 32 388 1
a 32 407 4
a 33 538 8
a 33 798 3
a 33 900 4
a 34 680 1
a 35 395 6
a 35 720 4
a 36 440 1
a 36 721 10
a 37 593 2
a 38 183 8
a 38 839 9
a 38 873 8
a 39 806 7
a 40 762 4
a 41 579 10
a 41 605 9
a 41 714 5
a 42 817 1
a 43 407 3
a 44 234 3
a 45 100 8
a 46 37 2
a 46 474 2
a 47 5 4
a 47 409 9
a 47 419 5
a 47 437 10
a 48 689 8
a 49 376 8
a 50 217 9
a 50 281 1
a 50 289 2
a 50 790 4
a 51 6 2
a 51 359 7
a 52 621 2
a 52 739 7
a 53 107 10
a 53 449 4
a 53 887 7
a 54 307 6
a 54 851 8
a 55 130 8
a 55 274 6
a 56 259 6
a 56 384 6
a 56 509 4
a 57 158 6
a 57 479 6
a 57 868 1
a 58 371 4
a 59 770 4
a 60 65 2
a 60 84 10
a 60 514 4
a 61 397 9
a 61 415 5
a 62 870 1
a 63 532 8
a 63 774 7
a 64 471 2
a 65 188 5
a 65 220 5
a 65 321 5
a 65 750 6
a 66 11 3
a 66 338 2
a 66 587 2
a 67 271 8
a 68 607 5
a 68 827 1
a 69 206 8
a 70 84 9
a 71 273 6
a 71 447 3
a 72 613 8
a 72 884 6
a 73 207 2
a 74 63 1
a 74 544 10
a 75 70 5
a 76 848 1
a 77 78 9
a 77 115 1
a 77 159 10
a 77 271 3
a 77 382 3
a 78 594 10
a 79 139 8
a 79 603 7
a 80 8 3
a 80 207 5
a 80 289 4
a 80 399 2
a 80 459 2
a 81 87 8
a 81 321 10
a 81 784 8
a 81 879 10
a 82 360 9
a 82 677 5
a 83 156 5
a 83 222 1
a 83 670 9
a 84 27 9
a 84 567 8
a 85 556 5
a 86 119 2
a 87 236 8
a 87 499 7
a 88 44 10
a 88 203 2
a 88 635 2
a 89 116 10
a 89 440 5
a 90 365 1
a 90 699 7
a 91 58 6
a 91 248 6
a 91 566 7
a 92 87 10
a 92 205 3
a 92 300 9
a 92 510 5
a 93 125 3
a 93 420 4
a 94 878 4
a 95 62 10
a 95 274 3
a 96 306 6
a 96 357 9
a 97 268 6
a 97 368 8
a 97 655 7
a 98 665 6
a 98 880 8
a 99 70 7
a 99 95 1
a 99 129 4
a 100 143 5
a 100 353 9
a 101 120 4
a 101 153 8
a 102 58 5
a 102 283 7
a 102 433 4
a 102 859 7
a 103 249 9
a 104 513 3
a 104 724 5
a 105 109 3
a 105 831 8
a 106 397 3
a 106 486 3
a 106 651 10
a 107 817 7
a 108 206 4
a 108 232 6
a 108 654 10
a 108 858 2
a 109 611 5
a 109 624 4
a 109 870 4
a 110 186 8
a 110 375 9
a 110 389 9
a 110 712 7
a 111 397 7
a 112 663 7
a 113 59 6
a 113 581 8
a 114 649 5
a 115 153 9
a 115 491 6
a 115 842 7
a 115 899 6
a 116 468 5
a 116 535 8
a 116 568 9
a 116 767 5
a 117 13 10
a 117 30 5
a 117 82 5
a 117 122 1
a 118 445 3
a 118 642 3
a 119 253 5
a 120 607 7
a 121 458 6
a 121 757 10
a 122 144 6
a 122 367 4
a 122 504 3
a 123 496 1
a 124 47 2
a 124 574 8
a 125 466 3
a 126 767 7
a 127 353 4
a 127 472 8
a 127 589 6
a 127 719 1
a 127 768 1
a 128 339 5
a 129 58 7
a 130 549 7
a 131 86 4
a 131 698 10
a 132 397 5
a 133 171 3
a 133 767 1
a 134 228 10
a 134 689 8
a 135 149 10
a 136 202 3
a 137 267 5
a 137 288 3
a 137 699 8
a 138 185 9
a 138 320 10
a 138 715 4
a 138 763 7
a 139 265 4
a 140 71 10
a 141 856 10
a 142 875 8
a 143 600 2
a 143 673 5
a 143 717 4
a 144 676 5
a 144 758 3
a 145 528 1
a 146 181 6
a 147 305 5
a 147 733 10
a 147 846 7
a 148 503 2
a 149 87 1
a 149 520 1
a 150 462 6
a 151 740 7
a 152 117 2
a 152 119 6
a 152 174 9
a 152 376 9
a 152 527 6
a 152 713 2
a 153 12 6
a 153 849 4
a 154 791 9
a 155 76 10
a 155 159 5
a 155 660 8
a 156 160 7
a 157 289 9
a 157 549 7
a 158 664 2
a 159 89 5
a 159 310 7
a 159 620 1
a 160 667 7
a 161 157 8
a 161 258 8
a 162 102 10
a 162 325 2
a 163 369 1
a 163 443 2
a 163 715 7
a 164 39 3
a 164 398 8
a 164 865 1
a 165 201 2
a 166 262 2
a 166 648 1
a 166 728 3
a 166 808 1
a 167 775 6
a 168 154 3
a 169 348 5
a 170 677 1
a 170 705 3
a 171 288 9
a 171 323 4
a 172 280 2
a 172 653 2
a 173 12 10
a 173 304 4
a 173 707 10
a 173 764 6
a 174 290 2
a 174 615 9
a 174 888 2
a 175 225 5
a 175 545 8
a 176 542 8
a 176 764 5
a 177 235 9
a 178 207 1
a 179 299 5
a 180 254 8
a 180 657 4
a 180 889 4
a 181 141 1
a 182 73 8
a 182 587 1
a 183 598 9
a 184 749 1
a 185 53 3
a 185 405 5
a 186 665 9
a 187 833 7
a 188 304 5
a 188 780 9
a 189 414 3
a 189 640 10
a 189 738 4
a 190 241 5
a 190 264 3
a 191 580 3
a 192 488 8
a 193 283 4
a 193 426 8
a 194 31 1
a 194 156 3
a 195 302 2
a 196 820 10
a 196 837 10
a 197 648 4
a 197 650 2
a 198 515 1
a 198 822 3
a 199 204 3
a 200 62 7
a 200 406 10
a 200 611 1
a 200 612 7
a 201 610 10
a 202 294 9
a 202 674 8
a 203 180 4
a 203 628 10
a 204 445 6
a 205 309 4
a 205 469 9
a 206 45 2
a 206 536 1
a 206 847 2
a 207 138 5
a 207 694 10
a 208 667 10
a 208 811 5
a 209 398 1
a 209 493 9
a 209 570 1
a 209 874 4
a 210 448 8
a 210 630 3
a 210 658 3
a 211 583 3
a 211 767 9
a 212 52 4
a 212 641 4
a 212 835 8
a 213 494 8
a 214 159 6
a 214 453 4
a 214 551 3
a 215 403 6
a 215 683 2
a 215 744 7
a 216 166 2
a 217 42 4
a 217 717 4
a 217 814 6
a 218 548 8
a 218 691 9
a 219 449 8
a 220 9 8
a 220 83 4
a 221 283 2
a 221 301 10
a 221 807 5
a 222 121 2
a 222 436 6
a 223 470 9
a 223 787 8
a 224 237 10
a 224 560 10
a 224 572 9
a 224 711 3
a 225 524 1
a 225 566 1
a 226 615 4
a 226 649 3
a 227 539 2
a 227 894 2
a 228 102 9
a 229 206 5
a 229 313 1
a 229 518 3
a 230 141 9
a 230 203 10
a 230 234 3
a 230 260 3
a 231 701 10
a 232 652 4
a 232 748 5
a 233 272 4
a 233 574 5
a 234 261 9
a 235 753 1
a 235 829 9
a 236 372 8
a 237 352 6
a 237 355 10
a 237 696 4
a 238 342 5
a 238 683 1
a 239 311 2
a 240 529 9
a 240 731 8
a 241 8 10
a 241 87 4
a 241 555 4
a 241 876 6
a 242 494 5
a 242 836 8
a 243 80 2
a 243 383 9
a 244 509 7
a 245 100 4
a 245 196 8
a 245 856 4
a 246 429 1
a 247 246 8
a 247 493 2
a 247 850 10
a 248 135 1
a 248 320 10
a 248 331 3
a 248 524 10
a 249 98 9
a 249 554 1
a 250 525 5
a 250 674 6
a 250 789 1
a 251 502 10
a 252 396 6
a 253 533 10
a 253 832 10
a 254 530 3
a 255 718 8
a 256 455 1
a 256 688 2
a 257 544 6
a 258 699 10
a 258 804 9
a 259 10 1
a 259 751 7
a 260 27 1
a 260 111 7
a 260 420 9
a 260 890 9
a 261 783 7
a 262 516 10
a 262 547 1
a 263 56 8
a 263 200 5
a 263 506 4
a 263 632 2
a 264 209 6
a 264 229 3
a 265 458 5
a 265 683 5
a 266 564 3
a 266 714 3
a 267 291 8
a 267 469 9
a 268 132 1
a 269 416 4
a 270 150 6
a 271 211 4
a 272 346 1
a 272 421 9
a 272 742 6
a 273 230 5
a 274 201 1
a 274 343 10
a 274 404 2
a 274 432 1
a 274 831 3
a 275 270 8
a 275 755 1
a 276 855 6
a 277 75 1
a 277 204 2
a 278 198 9
a 279 299 9
a 279 324 4
a 280 29 3
a 281 362 4
a 281 609 1
a 282 79 6
a 282 451 4
a 282 871 1
a 282 897 4
a 283 43 9
a 283 61 9
a 283 821 3
a 284 638 9
a 284 764 3
a 285 339 9
a 285 419 10
a 286 68 3
a 286 377 7
a 287 760 2
a 287 819 5
a 288 213 2
a 288 525 6
a 288 759 8
a 289 761 1
a 290 704 8
a 290 729 1
a 290 742 2
a 291 767 3
a 292 257 1
a 292 533 7
a 292 676 3
a 292 682 5
a 292 805 8
a 293 105 5
a 293 195 8
a 293 425 3
a 293 434 5
a 293 731 9
a 294 174 3
a 294 656 3
a 295 455 3
a 296 561 10
a 296 615 1
a 297 277 10
a 297 325 6
a 297 633 3
a 298 231 9
a 298 760 3
a 298 869 5
a 299 275 3
a 299 727 5
a 300 372 5
a 300 541 1
a 301 190 8
a 301 619 1
a 301 665 6
a 301 765 2
a 302 385 6
a 302 585 5
a 303 258 3
a 304 568 7
a 304 772 9
a 304 892 8
a 305 154 9
a 305 432 7
a 306 41 3
a 306 410 9
a 306 480 2
a 306 523 8
a 306 544 6
a 307 303 7
a 307 485 10
a 308 85 9
a 308 369 5
a 308 730 9
a 309 142 9
a 309 578 3
a 309 651 5
a 310 816 7
a 311 36 5
a 311 133 8
a 311 528 5
a 312 339 2
a 313 152 4
a 314 331 1
a 314 647 3
a 315 564 4
a 316 681 4
a 317 447 9
a 317 696 8
a 318 210 1
a 318 341 3
a 318 579 6
a 319 463 2
a 319 493 10
a 319 502 9
a 320 181 10
a 320 483 3
a 320 669 8
a 320 694 2
a 321 315 2
a 321 562 6
a 322 40 10
a 322 344 6
a 322 704 9
a 323 194 5
a 324 507 4
a 325 446 4
a 325 679 7
a 326 456 4
a 326 575 8
a 326 822 1
a 327 314 10
a 327 341 5
a 327 488 10
a 328 617 10
a 328 718 8
a 328 888 3
a 329 201 6
a 330 253 10
a 330 898 1
a 331 81 7
a 331 167 1
a 331 820 7
a 332 391 6
a 332 500 4
a 332 888 2
a 333 810 7
a 334 672 9
a 334 693 8
a 335 44 9
a 335 132 3
a 335 306 7
a 335 484 2
a 335 628 10
a 336 822 9
a 337 209 4
a 337 607 8
a 337 728 8
a 338 33 5
a 339 35 2
a 339 351 1
a 339 600 6
a 339 678 6
a 340 815 8
a 341 498 6
a 341 681 10
a 341 693 2
a 342 461 3
a 342 557 7
a 343 765 4
a 344 312 10
a 344 772 6
a 345 734 1
a 345 796 1
a 345 826 1
a 346 30 1
a 347 502 9
a 347 558 8
a 348 110 6
a 348 256 10
a 349 535 7
a 350 17 8
a 350 855 6
a 351 165 7
a 351 586 9
a 352 221 5
a 352 770 4
a 352 872 6
a 353 91 4
a 353 415 7
a 353 623 2
a 354 150 6
a 354 621 9
a 355 215 9
a 355 416 10
a 355 618 8
a 355 800 3
a 355 816 6
a 356 564 7
a 357 563 6
a 357 733 3
a 357 877 5
a 358 162 10
a 358 192 10
a 358 345 3
a 359 104 8
a 359 664 6
a 360 248 6
a 361 124 8
a 361 450 6
a 361 710 3
a 362 252 6
a 362 471 2
a 362 571 9
a 362 831 5
a 363 113 9
a 364 297 9
a 365 387 1
a 365 794 7
a 366 152 3
a 366 779 1
a 367 521 4
a 367 595 9
a 368 90 10
a 369 110 2
a 370 367 6
a 370 714 3
a 371 634 1
a 372 470 9
a 372 584 3
a 373 417 4
a 374 363 1
a 375 456 6
a 375 532 4
a 376 797 9
a 377 346 5
a 378 394 4
a 378 704 5
a 378 838 8
a 379 169 2
a 379 813 5
a 380 195 6
a 380 540 4
a 381 263 9
a 382 361 9
a 383 597 7
a 384 108 3
a 384 336 5
a 385 389 3
a 385 408 3
a 386 666 4
a 386 708 10
a 386 735 10
a 387 848 1
a 388 723 8
a 389 400 2
a 389 511 7
a 390 622 6
a 390 857 9
a 390 890 8
a 391 437 4
a 392 254 1
a 393 138 1
a 393 266 9
a 393 455 2
a 394 563 2
a 395 284 2
a 395 501 7
a 395 663 6
a 396 27 8
a 397 861 3
a 398 846 9
a 399 405 1
a 399 567 8
a 399 837 8
a 400 517 6
a 400 563 9
a 401 22 1
a 401 197 2
a 402 218 6
a 402 537 4
a 403 86 6
a 403 480 10
a 404 177 2
a 404 793 5
a 404 826 4
a 405 577 1
a 405 706 7
a 406 782 3
a 406 840 10
a 407 376 5
a 408 81 10
a 408 690 10
a 408 734 9
a 409 485 4
a 409 753 9
a 410 646 7
a 410 667 1
a 410 752 4
a 410 807 9
a 411 895 10
a 412 95 5
a 412 660 8
a 413 228 2
a 414 888 8
a 415 96 10
a 416 118 8
a 417 10 2
a 417 671 7
a 418 497 3
a 418 515 4
a 419 460 10
a 419 637 10
a 420 164 5
a 420 496 3
a 420 559 4
a 421 81 3
a 421 825 1
a 422 446 6
a 422 770 7
a 423 2 10
a 423 717 8
a 423 899 5
a 424 269 6
a 425 118 10
a 425 789 1
a 425 836 8
a 426 314 4
a 427 57 10
a 428 766 3
a 429 344 9
a 429 596 2
a 429 746 2
a 430 53 5
a 431 71 7
a 431 261 5
a 431 861 2
a 432 212 8
a 433 59 4
a 433 804 1
a 434 138 6
a 434 151 1
a 434 233 3
a 435 771 8
a 436 256 6
a 437 692 6
a 438 297 1
a 438 513 8
a 439 90 4
a 439 276 2
a 439 441 2
a 440 182 10
a 440 435 4
a 440 481 9
a 440 585 6
a 440 875 5
a 441 285 3
a 441 723 5
a 442 535 2
a 442 548 2
a 443 513 9
a 443 584 7
a 444 46 6
a 444 654 1
a 444 743 3
a 445 266 4
a 445 606 4
a 446 891 9
a 447 783 7
a 447 823 2
a 448 229 9
a 448 887 7
a 449 47 8
a 449 442 7
a 449 778 5
a 450 578 8
a 451 454 1
a 452 607 5
a 453 601 8
a 454 489 6
a 455 360 2
a 455 742 10
a 456 363 4
a 456 412 9
a 456 671 2
a 457 439 3
a 457 461 8
a 457 771 6
a 458 567 5
a 459 83 9
a 459 387 8
a 459 542 1
a 459 543 4
a 460 140 1
a 461 321 3
a 461 534 1
a 462 414 7
a 462 882 6
a 463 92 9
a 463 279 3
a 463 656 5
a 464 588 7
a 464 590 4
a 464 827 4
a 465 231 7
a 466 593 8
a 466 724 10
a 467 503 3
a 467 625 10
a 468 890 8
a 469 233 5
a 469 531 7
a 469 707 2
a 470 378 1
a 470 440 8
a 471 57 7
a 471 112 9
a 471 250 2
a 472 579 2
a 473 535 9
a 474 22 4
a 474 495 10
a 475 441 8
a 475 644 5
a 476 265 10
a 477 415 7
a 477 556 6
a 477 616 3
a 478 325 3
a 479 43 2
a 479 553 5
a 480 604 5
a 480 617 3
a 480 692 7
a 481 117 9
a 482 146 4
a 482 269 8
a 483 436 1
a 484 462 5
a 484 563 6
a 485 520 9
a 485 766 1
a 486 643 5
a 487 534 4
a 487 853 6
a 487 888 10
a 488 718 2
a 489 99 3
a 489 196 10
a 489 517 9
a 489 735 7
a 490 833 10
a 491 344 4
a 492 147 6
a 493 346 7
a 493 373 9
a 494 92 10
a 494 192 2
a 494 253 1
a 494 645 5
a 495 808 8
a 496 147 10
a 496 250 3
a 496 659 7
a 496 819 1
a 496 882 9
a 497 448 3
a 498 333 1
a 498 594 4
a 499 788 10
a 500 29 6
a 500 602 6
a 501 166 5
a 501 368 4
a 501 526 10
a 502 695 7
a 503 38 9
a 503 801 7
a 504 341 3
a 505 694 2
a 506 643 3
a 507 209 8
a 507 255 7
a 508 502 1
a 508 539 7
a 508 795 9
a 509 658 8
a 510 308 8
a 510 792 10
a 511 834 7
a 512 632 9
a 512 788 8
a 512 864 4
a 513 110 1
a 513 588 5
a 513 781 4
a 514 831 4
a 515 364 1
a 515 638 5
a 516 278 7
a 516 891 3
a 517 144 4
a 518 194 2
a 518 664 10
a 519 481 6
a 520 415 6
a 521 281 9
a 522 24 8
a 522 199 8
a 522 767 4
a 523 889 6
a 524 277 4
a 524 361 8
a 524 527 10
a 524 639 7
a 524 895 8
a 525 309 9
a 526 507 4
a 526 590 1
a 527 155 6
a 527 521 9
a 528 140 1
a 528 488 4
a 528 578 6
a 529 550 7
a 529 652 9
a 530 465 10
a 531 506 10
a 531 769 2
a 531 856 1
a 532 168 3
a 532 488 4
a 532 700 2
a 532 782 2
a 533 94 5
a 533 512 8
a 533 665 8
a 533 784 1
a 534 55 9
a 534 329 9
a 535 26 10
a 536 263 3
a 537 55 4
a 537 303 9
a 538 36 2
a 538 438 1
a 538 473 4
a 539 375 10
a 539 565 6
a 539 863 9
a 540 801 7
a 541 20 9
a 541 342 8
a 541 617 2
a 541 848 4
a 542 25 9
a 543 683 3
a 544 71 3
a 545 645 2
a 545 662 7
a 546 211 7
a 546 489 9
a 547 10 6
a 547 257 6
a 547 270 10
a 548 504 4
a 548 754 10
a 548 771 4
a 549 280 9
a 550 766 10
a 550 866 7
a 551 409 6
a 552 74 6
a 552 635 5
a 553 160 3
a 553 491 5
a 554 211 8
a 554 669 8
a 554 867 6
a 555 349 6
a 556 121 8
a 557 7 10
a 557 701 5
a 557 854 8
a 558 247 8
a 558 821 5
a 559 885 7
a 560 540 7
a 561 885 8
a 562 142 9
a 562 824 1
a 563 624 7
a 564 177 9
a 564 476 9
a 564 600 6
a 565 246 2
a 565 818 5
a 566 689 6
a 567 120 10
a 567 193 7
a 568 141 2
a 568 427 2
a 568 883 7
a 569 72 8
a 569 293 3
a 569 438 7
a 570 298 4
a 570 791 6
a 571 438 4
a 572 810 2
a 573 52 5
a 573 191 7
a 574 570 2
a 575 31 10
a 575 208 8
a 575 732 9
a 576 288 7
a 576 720 1
a 577 237 3
a 578 851 7
a 579 334 9
a 579 577 7
a 580 239 8
a 580 652 9
a 581 230 10
a 581 775 5
a 582 428 3
a 582 431 6
a 583 388 5
a 583 722 6
a 584 370 10
a 584 457 9
a 584 550 1
a 585 145 9
a 585 386 6
a 585 678 2
a 586 173 3
a 586 249 4
a 586 522 10
a 586 576 7
a 587 49 4
a 587 306 3
a 588 141 7
a 588 202 1
a 588 396 4
a 589 361 4
a 589 787 1
a 590 335 9
a 590 705 3
a 591 20 1
a 591 179 5
a 592 4 4
a 592 15 3
a 592 118 8
a 592 544 5
a 593 779 2
a 593 823 8
a 594 264 10
a 594 359 2
a 595 16 5
a 595 538 1
a 596 16 2
a 596 51 6
a 596 710 7
a 597 799 5
a 598 51 6
a 598 779 6
a 599 771 7
a 600 314 5
a 600 777 9
a 601 793 6
a 602 18 8
a 602 149 1
a 602 238 2
a 602 316 2
a 603 227 3
a 603 473 10
a 604 274 10
a 604 702 6
a 605 50 3
a 606 223 3
a 606 726 4
a 607 77 6
a 607 104 5
a 607 322 3
a 607 741 1
a 607 815 4
a 608 106 9
a 608 785 2
a 609 277 1
a 610 101 7
a 610 189 4
a 610 306 7
a 610 817 9
a 611 259 7
a 611 641 7
a 612 14 8
a 612 26 3
a 613 296 7
a 614 438 10
a 614 747 9
a 614 748 1
a 615 213 6
a 615 230 10
a 616 208 7
a 616 225 3
a 616 717 2
a 617 240 1
a 617 595 4
a 618 290 5
a 618 402 6
a 618 465 10
a 618 810 1
a 619 236 9
a 619 669 5
a 620 786 2
a 620 854 10
a 621 97 10
a 621 740 4
a 622 33 9
a 622 170 3
a 622 783 8
a 623 485 9
a 623 604 5
a 624 482 4
a 624 627 9
a 625 484 2
a 625 511 9
a 626 32 8
a 626 243 9
a 626 438 9
a 627 323 7
a 628 173 2
a 629 379 9
a 629 505 1
a 630 709 9
a 631 417 5
a 631 503 4
a 632 501 9
a 632 664 5
a 633 308 4
a 633 449 7
a 634 67 6
a 634 134 9
a 634 633 8
a 635 182 5
a 635 496 9
a 636 378 9
a 637 50 5
a 637 756 7
a 638 350 2
a 638 772 10
a 639 23 5
a 639 417 10
a 639 737 4
a 640 546 10
a 641 111 2
a 641 695 3
a 642 302 4
a 642 603 9
a 642 803 6
a 643 281 10
a 644 738 10
a 645 104 2
a 646 786 7
a 646 801 3
a 647 348 9
a 647 356 5
a 647 633 1
a 648 324 10
a 648 412 5
a 648 636 8
a 648 776 1
a 649 38 9
a 649 527 4
a 650 205 1
a 650 799 3
a 651 454 8
a 651 681 2
a 652 116 5
a 653 249 9
a 653 280 6
a 653 407 9
a 654 630 10
a 654 844 9
a 655 204 4
a 655 232 3
a 655 681 6
a 656 231 5
a 656 278 6
a 656 813 7
a 657 796 8
a 658 308 1
a 658 424 5
a 659 126 3
a 659 216 7
a 659 357 2
a 660 317 4
a 660 501 9
a 660 563 8
a 661 436 10
a 661 642 7
a 662 68 6
a 662 602 9
a 663 676 2
a 664 876 10
a 665 340 10
a 665 395 4
a 666 382 1
a 667 508 2
a 668 330 10
a 669 188 9
a 669 661 6
a 670 360 7
a 670 774 2
a 671 795 2
a 672 589 10
a 672 801 8
a 673 75 3
a 673 295 6
a 673 556 3
a 674 646 3
a 674 737 4
a 675 105 4
a 675 381 10
a 676 171 3
a 677 178 8
a 677 605 3
a 677 659 1
a 678 10 1
a 678 103 7
a 679 82 6
a 679 487 6
a 679 844 4
a 680 161 7
a 680 654 4
a 680 884 10
a 681 745 10
a 682 183 2
a 682 338 9
a 683 857 2
a 684 815 8
a 685 343 4
a 686 775 6
a 687 148 9
a 687 275 5
a 688 258 9
a 688 834 6
a 689 698 4
a 690 199 1
a 690 401 5
a 690 855 6
a 691 270 7
a 692 479 5
a 692 765 1
a 693 174 2
a 694 368 4
a 695 155 3
a 696 302 1
a 696 781 7
a 696 785 2
a 696 893 1
a 697 127 6
a 697 212 4
a 697 736 10
a 698 34 2
a 698 284 10
a 699 711 9
a 699 724 1
a 699 845 4
a 700 721 5
a 701 267 2
a 701 521 10
a 701 638 7
a 702 242 2
a 702 861 8
a 703 441 3
a 703 444 7
a 704 836 3
a 705 280 5
a 706 286 8
a 707 13 6
a 707 552 2
a 708 34 2
a 708 569 7
a 708 833 8
a 709 113 3
a 710 123 1
a 710 588 8
a 711 21 4
a 711 694 6
a 712 480 2
a 713 466 3
a 714 353 8
a 715 90 1
a 716 657 8
a 716 722 5
a 717 470 6
a 718 231 2
a 718 723 8
a 719 614 2
a 719 749 10
a 720 534 6
a 721 238 2
a 722 18 7
a 723 862 1
a 723 885 2
a 723 886 7
a 724 31 10
a 724 830 2
a 725 441 2
a 725 466 2
a 726 108 1
a 726 707 6
a 727 353 1
a 727 580 9
a 728 326 10
a 728 603 8
a 729 525 9
a 730 195 3
a 731 242 2
a 731 310 10
a 732 144 3
a 733 673 6
a 734 224 2
a 735 829 9
a 736 77 3
a 736 131 4
a 736 458 1
a 737 432 7
a 737 574 3
a 737 628 2
a 738 292 7
a 738 449 7
a 738 514 5
a 739 265 2
a 739 504 9
a 740 135 5
a 740 464 9
a 741 50 7
a 741 166 5
a 741 609 1
a 742 263 10
a 743 210 3
a 743 330 3
a 744 307 5
a 744 505 7
a 744 637 8
a 745 756 6
a 746 543 9
a 746 809 7
a 747 813 4
a 748 114 4
a 748 241 2
a 748 444 6
a 748 610 8
a 749 892 8
a 750 853 4
a 751 187 4
a 751 767 10
a 752 40 7
a 752 804 10
a 753 556 8
a 753 684 9
a 753 852 8
a 754 737 3
a 755 127 7
a 755 489 1
a 756 143 8
a 756 166 1
a 756 390 7
a 757 547 8
a 757 632 8
a 758 87 9
a 758 263 10
a 758 795 7
a 759 228 6
a 759 773 2
a 760 56 6
a 760 573 5
a 760 597 5
a 761 222 8
a 761 716 2
a 762 239 4
a 762 668 8
a 763 226 7
a 764 95 4
a 764 226 5
a 765 136 6
a 765 423 3
a 765 768 4
a 766 562 4
a 766 567 9
a 767 803 8
a 768 511 3
a 769 347 7
a 770 322 5
a 771 358 1
a 772 113 10
a 772 846 8
a 773 343 9
a 774 48 7
a 774 118 2
a 775 199 5
a 776 232 9
a 776 247 1
a 776 286 9
a 777 66 5
a 777 599 5
a 778 115 1
a 779 175 3
a 779 599 7
a 779 721 5
a 780 214 5
a 780 349 10
a 781 608 5
a 782 379 2
a 782 740 5
a 783 64 3
a 783 291 8
a 783 379 4
a 783 631 9
a 784 10 10
a 784 767 10
a 785 210 9
a 786 410 3
a 786 626 10
a 787 338 10
a 787 746 7
a 788 124 2
a 788 851 10
a 789 393 2
a 789 490 10
a 789 745 5
a 790 4 4
a 790 862 10
a 791 429 7
a 791 493 10
a 792 147 5
a 792 377 1
a 792 890 9
a 793 115 9
a 793 592 9
a 794 154 5
a 795 586 5
a 795 726 7
a 796 531 8
a 797 242 5
a 797 445 1
a 797 477 5
a 798 701 10
a 799 584 8
a 800 335 1
a 801 8 3
a 801 311 7
a 801 413 4
a 801 773 9
a 802 467 6
a 802 680 7
a 802 786 4
a 803 593 5
a 803 876 1
a 804 54 2
a 804 430 1
a 804 880 1
a 805 251 10
a 805 392 3
a 805 582 8
a 806 233 2
a 806 358 9
a 807 592 10
a 808 356 7
a 809 248 10
a 810 31 6
a 811 140 4
a 811 686 10
a 812 248 8
a 813 228 8
a 813 608 1
a 813 900 5
a 814 591 1
a 814 843 5
a 815 747 2
a 816 159 6
a 816 197 4
a 816 478 1
a 817 93 10
a 817 697 5
a 818 347 4
a 819 25 5
a 819 115 8
a 820 224 5
a 820 408 1
a 820 549 9
a 821 318 9
a 821 762 2
a 822 181 8
a 823 203 4
a 823 347 1
a 823 834 7
a 824 62 3
a 824 685 6
a 825 21 2
a 825 28 5
a 826 475 9
a 826 619 7
a 826 687 3
a 827 673 8
a 828 813 7
a 829 256 6
a 829 298 1
a 829 492 9
a 829 838 2
a 830 115 3
a 830 536 2
a 830 556 6
a 831 88 7
a 831 106 6
a 831 601 2
a 831 657 8
a 832 205 2
a 833 339 2
a 833 378 3
a 834 82 8
a 834 282 5
a 834 319 8
a 834 745 6
a 834 896 5
a 835 550 1
a 836 494 5
a 837 489 10
a 838 184 2
a 838 676 1
a 839 159 6
a 839 198 3
a 840 316 4
a 840 474 9
a 840 855 3
a 841 597 7
a 841 797 7
a 842 353 8
a 842 452 7
a 843 441 9
a 844 271 4
a 844 418 9
a 845 40 8
a 846 372 1
a 847 592 3
a 848 727 6
a 848 863 3
a 849 334 8
a 849 799 1
a 850 256 1
a 850 451 4
a 850 878 3
a 851 279 4
a 852 332 1
a 852 598 10
a 853 501 2
a 854 26 4
a 854 101 8
a 854 554 5
a 855 24 9
a 855 812 2
a 856 328 7
a 856 413 4
a 856 599 6
a 857 539 3
a 857 552 6
a 858 524 5
a 859 158 6
a 860 552 6
a 861 273 7
a 861 820 8
a 862 602 9
a 863 577 6
a 864 621 6
a 864 751 4
a 865 3 5
a 865 509 2
a 866 139 1
a 866 762 10
a 867 261 6
a 867 287 3
a 867 354 2
a 868 492 4
a 868 598 7
a 869 264 2
a 869 900 5
a 870 7 8
a 870 155 3
a 870 629 2
a 871 614 7
a 871 691 6
a 872 274 2
a 873 96 5
a 873 267 1
a 873 371 2
a 874 366 4
a 875 176 2
a 875 349 7
a 875 567 6
a 875 843 10
a 876 97 4
a 877 437 8
a 878 95 6
a 878 374 1
a 879 620 9
a 880 251 7
a 880 298 1
a 881 41 9
a 881 327 8
a 881 474 3
a 881 861 6
a 882 707 6
a 883 640 4
a 884 63 1
a 884 530 5
a 885 383 5
a 885 446 7
a 885 655 3
a 886 3 4
a 886 244 9
a 886 409 8
a 886 841 2
a 887 163 9
a 887 298 4
a 888 698 4
a 889 414 5
a 890 507 6
a 891 127 5
a 891 537 1
a 892 511 3
a 892 635 5
a 892 725 3
a 893 328 8
a 893 875 5
a 894 535 6
a 895 368 10
a 895 802 6
a 895 816 3
a 896 556 2
a 896 586 9
a 896 860 9
a 897 84 2
a 897 366 4
a 897 634 2
a 898 243 3
a 898 296 8
a 898 411 8
a 898 422 6
a 898 838 10
a 899 643 6
a 899 656 8
