p max 900 1800
n 1 s
n 900 t
a 1 171 8
a 1 731 3
a 1 796 7
a 2 283 4
a 2 375 6
a 3 110 1
a 4 692 9
a 4 778 1
a 5 779 5
a 6 870 4
a 7 783 7
a 8 216 4
a 9 3 3
a 9 317 10
a 9 616 1
a 10 380 10
a 11 627 1
a 11 714 1
a 12 538 9
a 13 368 8
a 14 77 5
a 14 324 4
a 15 552 8
a 16 62 2
a 16 595 3
a 17 716 5
a 18 471 2
a 19 108 3
a 19 269 6
a 20 463 6
a 20 607 10
a 20 683 7
a 21 475 1
a 21 538 5
a 22 137 2
a 22 286 10
a 22 469 2
a 23 571 3
a 24 358 7
a 24 726 7
a 25 6 6
a 25 27 4
a 25 712 9
a 25 886 4
a 26 485 9
a 26 537 9
a 26 553 8
a 26 751 8
a 27 203 3
a 27 379 4
a 27 722 3
a 28 664 1
a 28 816 2
a 28 862 9
a 29 6 5
a 30 300 6
a 30 518 3
a 30 879 4
a 31 380 4
a 31 586 4
a 31 833 4
a 32 209 2
a 32 511 10
a 33 700 8
a 34 529 5
a 34 695 1
a 35 118 1
a 35 804 7
a 35 829 3
a 35 836 7
a 36 25 2
a 36 178 5
a 36 663 10
a 37 324 5
a 38 307 4
a 39 312 9
a 39 667 7
a 40 65 3
a 40 166 2
a 41 303 9
a 41 828 5
a 42 254 3
a 42 582 8
a 42 686 1
a 43 214 10
a 43 555 2
a 43 597 4
a 43 836 9
a 44 648 9
a 44 745 5
a 44 877 5
a 45 403 7
a 46 164 9
a 47 534 3
a 48 67 3
a 48 800 3
a 49 158 3
a 49 600 7
a 50 189 10
a 50 719 7
a 51 624 2
a 51 630 4
a 52 432 8
a 52 870 1
a 52 897 9
a 53 167 1
a 53 720 8
a 54 384 10
a 54 483 2
a 55 43 6
a 55 87 9
a 56 79 4
a 56 372 6
a 57 34 6
a 57 131 1
a 57 284 9
a 58 429 5
a 58 442 1
a 59 618 5
a 60 160 10
a 61 803 2
a 62 19 5
a 63 206 9
a 63 787 3
a 64 53 9
a 64 471 1
a 65 316 1
a 66 193 6
a 67 363 3
a 67 628 5
a 67 666 3
a 68 55 6
a 68 269 6
a 68 381 6
a 68 455 2
a 68 457 5
a 68 853 5
a 69 158 5
a 69 659 5
a 69 897 10
a 70 118 9
a 70 605 1
a 70 779 10
a 70 890 3
a 71 406 9
a 72 326 9
a 72 392 4
a 72 581 8
a 73 550 8
a 73 607 9
a 74 440 8
a 75 284 6
a 75 531 7
a 75 723 7
a 76 310 9
a 76 523 8
a 77 35 4
a 77 389 3
a 78 22 6
a 78 323 9
a 78 793 10
a 78 794 7
a 79 290 1
a 80 777 6
a 81 178 4
a 82 584 10
a 83 322 6
a 84 892 1
a 85 32 5
a 85 391 9
a 85 425 2
a 85 431 8
a 86 409 8
a 87 356 10
a 87 411 10
a 87 674 7
a 88 407 1
a 88 761 3
a 89 67 1
a 89 737 2
a 90 742 1
a 91 664 8
a 91 707 1
a 92 208 7
a 92 251 8
a 93 445 5
a 94 442 1
a 95 30 3
a 95 222 10
a 96 234 10
a 96 549 2
a 97 43 5
a 97 72 1
a 98 14 2
a 98 321 5
a 98 337 1
a 99 165 4
a 100 469 1
a 100 667 10
a 101 717 5
a 102 199 10
a 102 275 10
a 102 494 4
a 102 787 8
a 103 154 9
a 103 288 10
a 104 249 1
a 105 771 10
a 106 250 8
a 106 419 5
a 106 632 2
a 107 200 8
a 107 236 5
a 108 126 7
a 108 413 10
a 108 684 3
a 108 754 5
a 109 61 10
a 110 432 9
a 111 63 9
a 111 139 3
a 111 242 6
a 111 893 6
a 112 721 6
a 112 830 8
a 113 54 8
a 113 423 1
a 113 575 6
a 114 411 2
a 114 658 1
a 115 858 4
a 116 390 7
a 116 466 1
a 116 772 3
a 116 794 5
a 117 249 10
a 117 561 8
a 117 799 5
a 117 895 3
a 118 140 6
a 118 263 3
a 118 585 1
a 119 434 4
a 119 670 1
a 120 487 2
a 120 502 7
a 121 188 5
a 122 216 3
a 122 369 6
a 123 182 1
a 124 355 4
a 124 604 5
a 124 658 3
a 125 520 7
a 125 589 1
a 125 729 6
a 126 37 3
a 126 297 1
a 126 514 3
a 127 625 5
a 127 653 8
a 127 819 7
a 128 25 8
a 128 885 10
a 129 578 8
a 130 242 7
a 131 68 3
a 131 144 8
a 132 107 6
a 133 72 3
a 133 376 4
a 134 500 5
a 134 669 1
a 134 757 3
a 135 278 1
a 135 437 6
a 136 24 8
a 136 837 7
a 137 247 7
a 137 329 8
a 137 570 9
a 138 409 1
a 138 601 7
a 138 856 10
a 139 592 6
a 140 197 9
a 140 299 6
a 140 517 6
a 141 695 5
a 142 33 5
a 142 419 4
a 142 746 6
a 143 276 7
a 143 347 1
a 144 470 10
a 145 340 3
a 145 712 4
a 146 150 1
a 146 589 8
a 147 95 9
a 147 421 7
a 148 305 3
a 148 555 10
a 149 146 1
a 149 258 5
a 149 274 8
a 150 37 4
a 150 188 10
a 150 373 1
a 150 608 3
a 151 474 3
a 152 706 8
a 152 708 1
a 152 826 5
a 153 534 4
a 153 607 4
a 154 737 10
a 154 807 2
a 155 883 4
a 156 220 2
a 157 398 8
a 157 712 3
a 158 77 10
a 158 391 9
a 158 807 7
a 159 694 8
a 160 186 5
a 161 231 8
a 161 506 4
a 161 675 6
a 161 771 5
a 162 592 1
a 163 800 3
a 164 533 5
a 165 158 7
a 165 509 1
a 166 311 10
a 166 892 4
a 167 278 5
a 168 30 5
a 168 348 10
a 169 606 5
a 170 69 1
a 170 610 10
a 171 456 6
a 171 653 5
a 172 306 3
a 172 896 5
a 173 135 6
a 173 710 8
a 174 60 8
a 174 242 4
a 175 894 1
a 176 183 6
a 176 245 9
a 176 327 8
a 177 470 8
a 178 163 10
a 179 2 1
a 179 564 7
a 180 86 5
a 180 99 4
a 180 132 5
a 180 606 10
a 181 66 7
a 181 678 5
a 181 854 5
a 182 852 3
a 183 892 4
a 184 738 1
a 185 112 6
a 185 426 4
a 185 446 8
a 185 470 4
a 185 596 2
a 185 611 5
a 186 805 9
a 186 834 5
a 186 848 4
a 187 82 3
a 187 415 1
a 188 660 4
a 188 876 7
a 189 302 10
a 189 526 3
a 189 724 2
a 189 741 7
a 190 159 5
a 190 433 8
a 190 851 4
a 191 858 2
a 192 384 3
a 192 434 2
a 192 682 7
a 193 147 1
a 193 443 9
a 193 748 10
a 194 368 6
a 194 573 3
a 195 125 7
a 195 201 1
a 195 635 8
a 196 777 10
a 197 257 3
a 198 189 4
a 198 408 5
a 199 411 8
a 199 866 6
a 200 218 10
a 200 420 9
a 201 637 3
a 202 510 9
a 202 644 6
a 203 55 9
a 203 188 8
a 204 403 3
a 205 16 9
a 205 673 5
a 206 263 4
a 206 327 5
a 207 674 8
a 208 450 6
a 208 540 3
a 208 721 4
a 209 847 8
a 210 71 9
a 210 716 2
a 211 815 3
a 212 153 9
a 212 737 6
a 213 492 10
a 213 891 10
a 214 52 9
a 214 134 7
a 214 396 7
a 214 424 2
a 214 492 7
a 214 837 4
a 215 33 5
a 216 805 9
a 217 662 2
a 218 193 9
a 218 462 4
a 218 532 9
a 218 591 8
a 219 436 9
a 220 11 9
a 220 103 7
a 221 326 2
a 221 558 9
a 221 887 9
a 222 489 4
a 222 815 8
a 223 313 2
a 223 652 5
a 224 210 6
a 225 654 7
a 226 327 7
a 226 654 1
a 227 823 3
a 228 837 5
a 228 883 6
a 229 273 10
a 229 370 2
a 230 38 1
a 230 43 4
a 230 141 10
a 230 657 2
a 231 727 6
a 232 26 3
a 232 219 6
a 232 698 7
a 233 309 7
a 233 718 3
a 233 845 5
a 234 622 7
a 234 889 10
a 235 38 2
a 235 116 8
a 235 560 6
a 235 796 3
a 236 66 1
a 236 758 4
a 237 467 10
a 237 596 2
a 238 548 8
a 238 740 8
a 239 648 5
a 240 783 2
a 241 221 6
a 241 658 6
a 242 48 10
a 242 127 4
a 243 62 3
a 244 866 5
a 245 164 3
a 246 226 9
a 246 285 4
a 247 610 1
a 247 771 1
a 248 185 5
a 248 741 8
a 249 279 9
a 249 801 10
a 250 190 1
a 250 408 3
a 250 440 1
a 251 673 6
a 252 257 4
a 252 337 10
a 252 614 7
a 252 852 10
a 253 525 4
a 254 19 8
a 254 879 9
a 255 418 2
a 255 736 8
a 256 14 2
a 256 90 9
a 256 406 2
a 256 654 10
a 257 229 10
a 257 687 8
a 258 332 3
a 258 662 1
a 258 668 10
a 259 398 9
a 260 342 8
a 260 468 8
a 261 474 3
a 261 592 2
a 262 411 10
a 262 550 9
a 263 414 8
a 263 751 9
a 264 171 7
a 264 394 1
a 265 310 1
a 265 319 7
a 266 797 8
a 267 381 3
a 267 879 7
a 268 325 2
a 269 165 2
a 269 166 1
a 269 484 2
a 270 719 8
a 271 174 3
a 271 636 9
a 272 631 6
a 272 890 1
a 273 399 6
a 273 437 4
a 274 98 10
a 274 251 10
a 274 449 5
a 275 584 6
a 276 287 2
a 276 306 1
a 277 395 8
a 277 436 8
a 278 523 2
a 278 639 6
a 279 127 5
a 279 546 2
a 279 696 3
a 279 728 7
a 280 444 9
a 280 582 3
a 281 117 4
a 281 568 2
a 281 701 8
a 282 354 2
a 282 365 5
a 282 536 1
a 283 244 10
a 283 329 8
a 284 7 7
a 284 651 10
a 285 405 7
a 285 516 3
a 286 65 3
a 286 127 7
a 286 165 7
a 287 57 8
a 287 752 4
a 287 753 2
a 288 264 2
a 288 322 6
a 288 481 4
a 289 227 5
a 289 296 2
a 290 391 2
a 291 544 3
a 292 83 9
a 292 898 8
a 293 633 9
a 294 226 10
a 294 795 3
a 295 767 10
a 296 521 4
a 296 654 7
a 297 768 4
a 297 834 7
a 298 533 5
a 298 737 9
a 299 511 8
a 300 470 4
a 301 440 4
a 302 117 4
a 302 307 2
a 302 326 5
a 302 374 5
a 302 458 5
a 303 78 10
a 304 382 5
a 304 602 2
a 305 359 3
a 305 769 3
a 306 640 1
a 307 330 3
a 307 763 8
a 308 777 4
a 309 569 8
a 310 374 7
a 311 52 10
a 311 501 6
a 311 681 7
a 311 715 5
a 312 210 7
a 312 334 8
a 312 649 3
a 313 217 9
a 313 312 6
a 314 123 2
a 314 637 10
a 314 727 1
a 315 645 6
a 315 875 6
a 316 616 7
a 317 92 2
a 317 822 9
a 318 105 10
a 318 858 9
a 319 497 10
a 319 526 3
a 320 40 4
a 320 557 9
a 320 855 5
a 321 593 1
a 322 475 6
a 323 257 8
a 323 286 1
a 324 298 7
a 325 318 1
a 325 505 10
a 325 683 5
a 325 859 4
a 325 900 3
a 326 162 9
a 327 223 8
a 327 309 9
a 328 513 8
a 329 569 2
a 330 141 6
a 330 774 6
a 331 102 8
a 331 584 3
a 331 749 6
a 331 819 1
a 331 885 3
a 332 130 5
a 332 430 9
a 333 518 1
a 334 100 6
a 334 490 4
a 334 547 10
a 335 96 10
a 335 140 10
a 335 238 2
a 335 633 4
a 336 230 7
a 336 388 8
a 336 715 4
a 337 93 6
a 338 883 7
a 339 153 2
a 340 280 6
a 340 860 7
a 341 206 5
a 342 352 3
a 343 163 1
a 343 293 9
a 344 300 1
a 345 209 4
a 345 420 7
a 346 256 5
a 346 377 7
a 346 407 4
a 346 640 7
a 347 108 1
a 347 152 1
a 347 220 1
a 347 898 8
a 348 53 2
a 348 709 8
a 349 523 7
a 350 19 3
a 350 478 10
a 351 535 8
a 351 750 10
a 352 432 3
a 352 455 9
a 352 740 7
a 352 806 7
a 353 584 9
a 353 871 10
a 354 672 9
a 355 121 1
a 355 813 9
a 356 563 6
a 357 200 6
a 357 412 5
a 357 502 2
a 358 189 2
a 358 272 4
a 358 298 9
a 358 621 6
a 358 841 1
a 359 118 3
a 359 603 6
a 359 790 5
a 359 899 8
a 360 113 3
a 360 515 8
a 360 786 7
a 361 635 1
a 361 680 2
a 362 111 9
a 362 301 9
a 363 600 4
a 364 218 1
a 365 35 2
a 365 422 9
a 366 108 6
a 367 98 8
a 368 44 5
a 368 817 2
a 369 612 2
a 369 877 6
a 370 565 6
a 371 82 6
a 371 361 2
a 372 115 4
a 373 629 8
a 374 170 7
a 375 710 8
a 376 9 4
a 377 56 3
a 377 513 7
a 378 325 6
a 378 328 9
a 378 490 6
a 379 64 9
a 379 390 7
a 379 844 2
a 380 131 3
a 381 136 3
a 381 162 1
a 381 522 8
a 381 776 2
a 382 315 1
a 382 556 1
a 382 770 6
a 383 105 6
a 383 678 1
a 384 177 9
a 384 358 6
a 384 848 6
a 385 176 5
a 385 420 9
a 386 344 6
a 386 374 6
a 387 520 1
a 387 867 1
a 388 379 6
a 388 584 2
a 389 858 10
a 390 121 9
a 390 535 2
a 390 711 9
a 391 180 7
a 392 203 8
a 392 832 5
a 393 752 8
a 394 19 1
a 394 430 9
a 395 9 8
a 395 149 6
a 395 655 1
a 395 851 3
a 396 28 4
a 396 364 1
a 397 395 4
a 398 232 7
a 398 834 4
a 399 151 1
a 399 580 9
a 400 123 9
a 400 548 7
a 401 143 1
a 401 174 9
a 401 345 7
a 401 835 9
a 402 126 10
a 402 486 5
a 402 561 7
a 402 777 9
a 403 274 9
a 403 292 5
a 404 525 4
a 404 722 10
a 405 94 2
a 405 272 7
a 405 378 4
a 405 570 4
a 406 506 5
a 406 508 3
a 406 578 4
a 406 692 1
a 407 487 3
a 408 59 10
a 408 820 4
a 409 132 9
a 409 460 6
a 409 552 3
a 410 205 1
a 411 550 6
a 412 316 10
a 413 81 3
a 413 468 5
a 413 729 1
a 414 80 8
a 414 101 3
a 414 642 3
a 414 822 5
a 415 128 3
a 415 439 3
a 416 21 9
a 416 496 8
a 417 329 6
a 417 366 7
a 417 650 5
a 418 455 6
a 419 448 3
a 420 399 4
a 420 791 3
a 421 416 5
a 421 846 5
a 422 175 9
a 423 745 6
a 423 857 1
a 423 875 6
a 424 387 8
a 424 686 2
a 425 76 10
a 425 272 10
a 426 688 8
a 426 762 6
a 427 757 6
a 427 845 1
a 428 2 9
a 429 293 3
a 430 56 1
a 430 127 3
a 431 315 6
a 432 769 4
a 433 21 1
a 433 240 1
a 433 301 7
a 434 87 1
a 434 281 9
a 435 120 9
a 435 679 6
a 436 403 3
a 437 51 7
a 437 130 9
a 437 471 5
a 438 66 2
a 438 672 8
a 439 219 6
a 439 341 6
a 440 460 1
a 440 865 3
a 441 289 10
a 442 172 4
a 442 820 2
a 443 402 5
a 443 572 6
a 443 609 2
a 444 44 8
a 444 265 9
a 445 234 9
a 445 471 7
a 446 181 3
a 447 123 2
a 448 25 4
a 449 566 9
a 449 677 2
a 450 63 4
a 450 430 3
a 450 738 1
a 451 429 8
a 451 434 1
a 452 10 8
a 452 385 8
a 453 484 7
a 454 396 10
a 454 574 10
a 455 473 9
a 455 661 1
a 456 125 6
a 456 392 8
a 457 78 7
a 457 223 10
a 458 766 1
a 458 832 5
a 458 884 5
a 459 612 7
a 460 806 9
a 461 59 1
a 461 566 4
a 462 95 3
a 462 447 1
a 462 500 9
a 463 306 2
a 464 92 10
a 465 351 3
a 465 743 8
a 465 894 10
a 466 397 4
a 466 451 6
a 467 17 3
a 467 59 7
a 467 798 9
a 468 687 6
a 469 275 5
a 469 393 1
a 469 455 2
a 470 560 9
a 471 3 1
a 471 515 5
a 472 161 9
a 472 220 7
a 472 430 1
a 473 234 5
a 474 41 3
a 475 183 4
a 475 249 7
a 476 45 3
a 476 604 10
a 477 863 6
a 478 604 2
a 479 225 4
a 480 382 4
a 480 767 5
a 481 241 8
a 481 460 5
a 481 749 8
a 482 148 9
a 483 336 10
a 484 649 6
a 485 126 4
a 486 290 3
a 486 823 6
a 487 69 1
a 487 75 9
a 487 583 6
a 487 699 8
a 488 803 6
a 488 839 1
a 489 77 9
a 489 295 8
a 489 435 3
a 490 723 10
a 491 102 9
a 491 357 6
a 492 602 3
a 493 48 6
a 493 689 6
a 494 511 5
a 495 386 3
a 495 639 6
a 495 780 2
a 495 893 7
a 496 135 2
a 496 296 2
a 497 653 3
a 498 294 6
a 499 806 5
a 500 250 4
a 500 495 5
a 500 843 6
a 501 227 2
a 501 335 7
a 501 488 5
a 501 627 5
a 502 87 10
a 503 626 2
a 504 720 3
a 504 771 9
a 505 624 2
a 506 59 5
a 506 755 3
a 507 41 6
a 507 151 4
a 507 349 1
a 507 452 3
a 508 97 3
a 508 448 5
a 508 579 9
a 508 882 1
a 509 88 10
a 509 852 8
a 510 128 10
a 510 724 4
a 511 20 2
a 511 216 6
a 511 493 2
a 512 169 1
a 512 473 1
a 512 538 7
a 513 698 9
a 514 611 5
a 514 752 8
a 515 348 7
a 516 581 6
a 517 410 3
a 518 512 6
a 518 588 8
a 519 667 6
a 520 336 6
a 520 822 8
a 521 398 4
a 521 590 6
a 521 603 8
a 522 451 3
a 522 802 6
a 523 270 9
a 523 566 9
a 523 834 6
a 524 203 10
a 524 256 10
a 524 812 7
a 524 890 2
a 525 615 7
a 526 855 7
a 527 427 1
a 528 44 2
a 528 79 3
a 528 283 8
a 528 413 9
a 529 515 10
a 529 807 2
a 530 222 8
a 530 371 7
a 530 829 4
a 531 20 2
a 532 277 5
a 533 259 9
a 533 379 9
a 534 99 3
a 535 555 9
a 536 79 5
a 536 811 1
a 537 756 1
a 538 607 5
a 539 632 10
a 540 86 2
a 540 452 9
a 541 74 3
a 541 525 9
a 542 47 8
a 542 516 8
a 543 184 8
a 543 202 3
a 543 653 10
a 544 88 5
a 544 285 6
a 545 693 8
a 546 181 9
a 546 788 2
a 547 142 3
a 547 542 6
a 548 543 8
a 548 623 6
a 548 638 10
a 549 435 5
a 550 118 1
a 550 233 6
a 550 742 8
a 551 343 10
a 551 422 10
a 552 322 9
a 552 565 9
a 553 535 6
a 554 766 4
a 555 301 1
a 556 151 6
a 556 400 8
a 557 437 3
a 557 675 9
a 557 697 10
a 557 733 8
a 558 204 1
a 558 428 7
a 558 676 2
a 559 103 7
a 559 205 3
a 559 562 8
a 560 634 5
a 560 679 10
a 561 4 9
a 561 170 4
a 561 664 7
a 561 743 10
a 562 455 9
a 562 557 5
a 563 605 3
a 564 741 3
a 564 760 10
a 565 331 2
a 565 361 2
a 566 871 3
a 567 761 1
a 568 235 2
a 568 658 7
a 569 457 3
a 570 103 2
a 570 292 1
a 571 96 8
a 572 105 8
a 572 482 8
a 573 558 7
a 574 18 9
a 574 191 1
a 574 261 3
a 574 308 10
a 574 588 5
a 575 149 9
a 575 196 6
a 575 747 6
a 576 353 9
a 577 182 6
a 577 498 1
a 577 684 7
a 578 322 9
a 579 215 10
a 579 402 6
a 580 128 4
a 581 427 8
a 581 633 6
a 582 789 5
a 582 885 2
a 583 37 10
a 583 503 3
a 583 808 5
a 584 678 9
a 585 16 7
a 585 894 2
a 586 587 9
a 587 338 1
a 587 350 9
a 587 440 6
a 588 325 1
a 589 493 8
a 590 192 1
a 590 417 4
a 591 194 3
a 591 214 10
a 592 216 5
a 592 388 9
a 593 618 5
a 593 702 1
a 593 781 7
a 593 868 2
a 594 433 2
a 595 157 8
a 595 262 8
a 595 360 10
a 595 582 10
a 595 646 4
a 595 658 2
a 596 138 4
a 596 170 10
a 596 567 4
a 597 90 8
a 597 626 6
a 598 449 6
a 598 828 7
a 599 660 10
a 599 874 9
a 600 650 7
a 601 36 4
a 601 154 2
a 601 765 3
a 602 784 10
a 602 798 8
a 603 252 7
a 603 795 6
a 603 810 8
a 603 850 8
a 604 82 8
a 604 355 3
a 605 276 4
a 606 235 8
a 607 283 1
a 607 616 9
a 608 93 8
a 609 129 8
a 609 146 2
a 610 347 10
a 611 100 10
a 611 403 6
a 611 591 8
a 612 46 4
a 612 103 10
a 612 152 1
a 613 175 10
a 613 243 8
a 613 454 4
a 613 481 5
a 613 838 7
a 614 699 8
a 614 759 2
a 615 7 9
a 615 122 10
a 616 262 6
a 617 21 6
a 618 198 1
a 619 54 8
a 620 441 7
a 620 474 5
a 620 885 3
a 621 438 5
a 621 624 3
a 621 881 7
a 622 211 4
a 622 459 4
a 622 632 6
a 622 788 4
a 623 598 5
a 624 603 1
a 625 606 8
a 626 228 4
a 626 319 7
a 627 198 3
a 627 512 8
a 628 181 8
a 628 222 3
a 628 801 7
a 629 37 9
a 630 28 5
a 630 704 3
a 631 668 7
a 632 225 5
a 632 363 7
a 633 41 7
a 633 818 9
a 634 613 8
a 635 769 1
a 636 370 9
a 636 630 5
a 636 824 8
a 637 123 2
a 637 315 3
a 638 236 3
a 639 629 9
a 640 366 5
a 641 900 8
a 642 38 3
a 643 443 7
a 643 476 10
a 643 615 5
a 643 809 7
a 644 26 3
a 644 564 1
a 645 249 10
a 646 422 2
a 646 545 7
a 646 892 3
a 647 844 8
a 648 469 1
a 649 879 5
a 650 242 10
a 650 339 4
a 650 465 3
a 651 530 10
a 651 725 9
a 652 91 3
a 652 157 7
a 652 367 3
a 653 39 10
a 653 271 8
a 654 433 5
a 654 783 7
a 655 457 1
a 656 522 2
a 657 371 4
a 657 599 3
a 657 704 2
a 658 58 4
a 658 194 10
a 659 192 5
a 659 268 6
a 659 282 10
a 659 576 10
a 660 598 2
a 660 873 4
a 661 173 4
a 661 212 9
a 661 574 5
a 662 160 3
a 662 467 10
a 663 74 5
a 664 456 4
a 665 543 3
a 666 57 8
a 666 223 3
a 667 530 5
a 667 754 4
a 668 541 3
a 668 576 2
a 668 700 6
a 669 520 5
a 669 813 2
a 670 204 6
a 671 177 6
a 671 705 7
a 672 23 6
a 672 575 5
a 672 674 3
a 672 900 3
a 673 207 9
a 673 328 9
a 674 145 2
a 674 748 7
a 675 500 6
a 676 337 10
a 676 825 2
a 677 401 9
a 677 702 9
a 678 327 4
a 678 717 8
a 679 101 9
a 679 116 5
a 679 324 3
a 680 402 7
a 680 469 6
a 681 366 2
a 682 148 4
a 682 759 3
a 683 700 3
a 684 536 1
a 685 311 5
a 685 445 2
a 685 628 1
a 685 840 1
a 686 8 2
a 686 255 6
a 686 375 2
a 687 683 4
a 687 765 6
a 688 157 1
a 689 611 3
a 689 681 2
a 689 747 1
a 690 495 3
a 691 414 2
a 691 564 10
a 692 732 1
a 693 789 3
a 694 18 6
a 694 756 7
a 694 861 1
a 695 41 3
a 695 89 1
a 696 200 4
a 696 623 3
a 696 689 4
a 697 7 2
a 697 828 7
a 698 159 1
a 698 660 3
a 698 694 10
a 699 667 5
a 700 201 8
a 700 428 1
a 700 827 3
a 701 193 9
a 701 368 7
a 701 773 10
a 702 813 5
a 703 104 2
a 703 620 4
a 704 212 1
a 704 225 1
a 704 542 2
a 705 654 4
a 706 632 1
a 707 642 3
a 707 676 5
a 708 429 4
a 708 864 5
a 709 272 8
a 709 630 6
a 709 864 6
a 710 187 4
a 710 344 6
a 711 50 4
a 711 410 10
a 712 15 6
a 712 866 5
a 713 295 1
a 713 489 7
a 714 253 2
a 714 708 4
a 715 194 1
a 715 224 4
a 716 284 2
a 716 872 1
a 717 569 5
a 717 602 7
a 717 714 5
a 718 56 8
a 718 133 4
a 719 4 4
a 720 864 8
a 721 18 8
a 721 527 7
a 722 239 1
a 722 867 8
a 723 504 7
a 723 629 7
a 724 93 3
a 724 545 7
a 725 464 3
a 725 613 7
a 726 352 8
a 726 703 10
a 726 714 5
a 727 100 10
a 727 846 2
a 727 869 1
a 728 528 4
a 728 554 4
a 728 756 3
a 729 779 5
a 730 124 1
a 730 385 4
a 730 443 2
a 731 805 2
a 731 814 8
a 731 833 2
a 732 344 2
a 732 758 7
a 733 895 6
a 734 271 3
a 735 170 2
a 735 472 6
a 736 22 10
a 736 448 10
a 736 554 10
a 736 559 1
a 737 643 1
a 737 730 7
a 738 455 7
a 738 690 7
a 739 73 7
a 739 362 3
a 739 849 3
a 740 790 7
a 741 446 7
a 741 671 8
a 742 395 6
a 743 61 9
a 743 281 4
a 743 725 7
a 744 72 9
a 744 156 5
a 745 780 8
a 745 888 9
a 746 401 2
a 746 842 6
a 747 193 10
a 747 418 10
a 747 716 3
a 747 735 5
a 748 289 1
a 748 728 10
a 749 849 4
a 750 106 6
a 750 119 6
a 750 504 8
a 750 669 1
a 751 213 4
a 751 336 4
a 752 365 7
a 752 438 6
a 753 12 2
a 753 163 9
a 753 248 6
a 753 359 2
a 753 647 3
a 754 145 5
a 755 402 10
a 756 237 4
a 756 328 7
a 757 531 5
a 757 641 2
a 757 644 10
a 758 470 3
a 759 480 4
a 759 612 4
a 760 293 7
a 761 392 5
a 762 331 5
a 762 444 9
a 762 453 5
a 763 203 10
a 763 563 2
a 764 395 5
a 764 666 9
a 765 785 7
a 766 655 7
a 766 762 3
a 767 85 8
a 767 435 9
a 767 491 4
a 768 180 8
a 768 254 2
a 768 499 1
a 768 577 8
a 768 691 4
a 769 110 10
a 769 732 3
a 769 803 8
a 769 873 9
a 770 324 5
a 771 168 7
a 771 896 10
a 772 358 10
a 773 293 8
a 773 352 3
a 773 730 5
a 774 645 2
a 774 854 8
a 775 381 2
a 775 382 6
a 775 739 10
a 775 744 7
a 776 203 7
a 776 733 10
a 777 5 1
a 778 551 10
a 779 6 1
a 779 333 3
a 780 269 3
a 780 507 5
a 781 82 3
a 782 504 9
a 782 723 3
a 783 197 8
a 783 622 9
a 784 144 8
a 784 726 10
a 784 775 3
a 785 104 4
a 785 182 4
a 785 186 3
a 786 151 8
a 786 797 4
a 787 665 8
a 787 850 9
a 788 419 8
a 789 56 5
a 789 613 9
a 790 41 10
a 791 11 1
a 792 109 6
a 792 399 4
a 793 342 1
a 793 595 10
a 794 332 3
a 794 526 9
a 794 552 4
a 795 68 10
a 795 200 4
a 796 107 1
a 797 330 10
a 797 558 2
a 798 354 9
a 798 802 9
a 799 83 6
a 799 267 7
a 800 635 7
a 801 125 2
a 802 477 1
a 803 301 9
a 803 320 5
a 803 792 4
a 803 865 4
a 804 628 2
a 804 713 5
a 804 821 5
a 804 823 7
a 805 567 9
a 806 770 6
a 807 9 4
a 808 190 1
a 809 168 7
a 809 685 8
a 809 766 3
a 810 419 2
a 810 847 8
a 811 29 1
a 811 124 8
a 811 838 2
a 812 115 6
a 812 484 9
a 812 649 3
a 813 255 1
a 814 130 9
a 815 407 6
a 816 627 6
a 817 587 5
a 817 667 5
a 818 576 1
a 818 713 9
a 819 434 5
a 819 447 4
a 819 601 3
a 820 897 10
a 821 352 5
a 822 84 8
a 822 404 6
a 822 684 4
a 823 462 6
a 824 55 3
a 824 98 1
a 825 13 8
a 825 837 4
a 826 38 9
a 826 524 9
a 827 82 6
a 828 456 4
a 828 678 3
a 829 31 5
a 829 341 10
a 829 591 7
a 830 114 9
a 830 670 3
a 830 831 4
a 831 288 9
a 832 640 1
a 833 118 4
a 834 738 7
a 835 520 4
a 835 860 3
a 836 477 10
a 836 541 5
a 837 192 6
a 837 383 5
a 837 878 4
a 838 593 6
a 838 667 7
a 839 12 2
a 840 292 8
a 840 304 9
a 841 35 9
a 842 790 2
a 843 244 3
a 843 314 4
a 843 480 9
a 844 277 3
a 844 376 2
a 844 571 1
a 845 807 5
a 846 149 8
a 846 656 3
a 846 785 1
a 847 294 7
a 847 345 3
a 847 607 8
a 848 291 6
a 848 539 5
a 849 668 8
a 850 240 2
a 850 461 7
a 851 664 5
a 852 246 8
a 852 410 9
a 852 608 6
a 853 316 4
a 853 641 7
a 854 604 6
a 855 751 9
a 856 321 6
a 856 403 9
a 857 334 1
a 858 199 5
a 859 15 6
a 859 107 7
a 860 47 3
a 860 472 4
a 860 880 2
a 861 579 7
a 861 652 5
a 861 839 7
a 862 641 2
a 863 155 3
a 863 205 9
a 863 634 2
a 864 276 3
a 864 685 5
a 864 693 6
a 865 5 9
a 865 450 4
a 865 856 3
a 866 179 1
a 866 842 2
a 866 850 4
a 867 788 2
a 868 544 6
a 868 890 6
a 869 197 4
a 870 386 10
a 871 130 9
a 871 539 10
a 871 551 6
a 872 300 1
a 872 849 10
a 873 63 7
a 873 164 5
a 874 253 9
a 874 376 7
a 875 468 2
a 875 617 10
a 876 437 2
a 877 49 4
a 877 163 10
a 877 320 9
a 877 862 5
a 878 211 1
a 879 668 6
a 880 229 8
a 880 282 9
a 880 299 6
a 881 520 4
a 881 734 4
a 881 763 2
a 882 346 10
a 882 533 6
a 883 70 4
a 883 790 1
a 884 577 3
a 885 29 7
a 885 522 7
a 885 529 9
a 886 42 1
a 886 189 7
a 886 260 9
a 887 130 6
a 887 519 1
a 888 158 1
a 889 290 7
a 890 76 6
a 890 266 9
a 891 358 2
a 891 619 7
a 892 473 7
a 892 859 8
a 893 110 1
a 893 479 3
a 893 681 8
a 893 863 10
a 894 39 9
a 894 118 10
a 895 124 10
a 895 764 1
a 895 835 10
a 896 760 7
a 897 25 6
a 897 195 5
a 897 209 3
a 898 72 10
a 898 353 8
a 899 257 8
a 899 594 10
a 899 782 8
