p max 900 1800
n 1 s
n 900 t
a 1 33 5
a 1 125 3
a 1 654 6
a 2 111 8
a 2 573 6
a 3 235 10
a 3 292 9
a 3 791 9
a 4 818 6
a 5 152 4
a 6 379 1
a 7 546 8
a 7 660 4
a 8 167 3
a 8 509 10
a 8 615 8
a 9 422 8
a 9 864 3
a 9 899 5
a 10 15 8
a 10 145 6
a 11 158 9
a 11 328 2
a 12 81 5
a 12 885 5
a 13 802 10
a 14 242 7
a 14 507 10
a 14 691 1
a 15 796 6
a 16 373 3
a 17 396 8
a 18 233 9
a 18 811 5
a 18 888 4
a 19 43 5
a 19 682 10
a 19 727 7
a 19 759 3
a 20 104 7
a 20 240 4
a 20 541 1
a 20 562 3
a 21 386 10
a 22 673 3
a 23 141 3
a 23 228 4
a 24 532 4
a 24 656 4
a 24 856 5
a 25 73 3
a 26 19 10
a 26 247 3
a 27 170 1
a 27 640 5
a 28 736 10
a 29 210 2
a 29 277 7
a 30 99 7
a 30 321 1
a 30 818 4
a 31 629 3
a 32 382 5
a 32 601 7
a 32 735 3
a 32 825 10
a 33 813 2
a 34 546 1
a 34 547 6
a 35 364 1
a 36 120 6
a 36 296 6
a 36 502 8
a 36 782 6
a 37 136 7
a 38 323 5
a 39 384 8
a 40 181 4
a 40 249 7
a 41 139 4
a 41 185 10
a 41 492 1
a 42 198 4
a 42 303 4
a 42 512 7
a 43 442 5
a 44 25 2
a 44 524 10
a 45 627 9
a 45 803 10
a 46 156 4
a 47 211 10
a 47 473 10
a 48 445 3
a 48 577 2
a 49 257 1
a 50 322 1
a 51 559 8
a 51 739 9
a 52 867 10
a 53 34 10
a 53 366 5
a 53 446 5
a 54 703 1
a 55 124 5
a 55 305 7
a 55 449 7
a 56 154 8
a 56 249 8
a 56 487 6
a 57 375 3
a 57 866 5
a 58 112 8
a 58 569 4
a 58 599 3
a 59 289 6
a 59 472 9
a 59 624 1
a 60 153 5
a 61 11 6
a 61 493 7
a 62 120 5
a 62 200 1
a 63 823 6
a 64 38 3
a 64 678 9
a 65 34 2
a 65 191 4
a 66 117 4
a 67 331 3
a 68 42 5
a 68 227 10
a 68 665 7
a 68 781 3
a 69 492 6
a 69 592 8
a 69 845 6
a 70 50 4
a 70 186 1
a 70 639 4
a 70 799 8
a 71 634 6
a 72 729 5
a 72 752 7
a 73 356 6
a 73 647 9
a 74 846 3
a 75 415 3
a 75 735 9
a 76 429 3
a 77 823 8
a 77 828 10
a 78 433 10
a 79 516 5
a 80 73 9
a 80 283 6
a 81 373 6
a 81 857 5
a 82 898 10
a 83 249 3
a 84 197 2
a 85 180 7
a 85 623 2
a 86 774 2
a 87 548 6
a 87 655 7
a 87 766 2
a 88 645 10
a 89 27 8
a 89 485 10
a 89 766 7
a 89 768 6
a 90 68 4
a 90 231 8
a 91 517 8
a 92 17 10
a 92 356 2
a 93 643 10
a 94 75 1
a 94 362 10
a 94 377 5
a 94 490 5
a 95 92 4
a 95 691 1
a 96 835 5
a 97 447 4
a 97 586 10
a 98 562 2
a 98 680 2
a 98 824 2
a 99 437 1
a 99 497 9
a 99 517 2
a 100 193 2
a 101 334 8
a 102 77 2
a 102 101 10
a 102 278 8
a 103 887 4
a 104 341 8
a 105 200 5
a 106 101 10
a 106 361 5
a 107 13 8
a 107 106 4
a 107 379 8
a 108 288 7
a 108 513 8
a 109 158 9
a 110 211 4
a 110 256 7
a 110 711 4
a 111 47 1
a 111 307 1
a 111 606 4
a 111 708 8
a 112 362 2
a 113 509 2
a 113 627 5
a 114 397 5
a 114 560 6
a 114 872 1
a 115 83 1
a 115 453 1
a 115 460 6
a 115 614 1
a 116 125 10
a 116 404 10
a 117 43 5
a 117 389 9
a 118 467 9
a 118 482 7
a 118 862 9
a 119 608 3
a 119 633 9
a 119 733 5
a 120 189 4
a 121 471 7
a 121 839 5
a 121 893 7
a 122 188 3
a 123 60 6
a 123 279 8
a 123 876 10
a 124 22 8
a 124 146 10
a 124 386 4
a 124 786 5
a 125 895 10
a 126 300 7
a 126 865 8
a 127 359 9
a 127 568 9
a 128 64 3
a 128 366 6
a 128 545 3
a 128 777 5
a 129 335 10
a 129 631 2
a 130 78 10
a 130 449 6
a 131 664 9
a 131 832 6
a 132 250 7
a 133 32 2
a 133 645 4
a 134 449 6
a 135 246 7
a 135 511 10
a 135 717 6
a 136 882 10
a 137 536 9
a 138 768 2
a 139 524 2
a 139 805 6
a 140 128 7
a 140 252 3
a 140 589 10
a 141 354 9
a 141 610 7
a 141 861 5
a 142 489 6
a 143 555 1
a 143 560 8
a 144 322 6
a 144 327 5
a 145 260 10
a 145 432 4
a 145 440 3
a 145 692 9
a 146 388 8
a 147 312 2
a 147 333 8
a 147 634 7
a 148 558 7
a 148 629 9
a 149 187 7
a 149 321 6
a 149 411 7
a 149 695 2
a 150 228 9
a 151 451 5
a 152 853 5
a 153 779 5
a 153 891 10
a 154 139 8
a 154 395 7
a 154 708 3
a 155 531 1
a 155 887 3
a 156 900 3
a 157 36 3
a 157 180 5
a 157 746 9
a 157 751 1
a 158 161 9
a 159 270 8
a 160 18 4
a 160 329 4
a 161 604 3
a 161 692 10
a 162 54 5
a 162 372 3
a 163 80 3
a 163 676 9
a 164 244 10
a 164 336 9
a 164 537 8
a 165 234 2
a 165 734 6
a 166 22 1
a 166 719 1
a 167 777 3
a 168 178 10
a 168 616 10
a 169 144 9
a 169 789 8
a 169 838 1
a 170 498 7
a 171 493 7
a 171 707 8
a 172 183 8
a 172 516 3
a 172 548 3
a 172 767 3
a 172 865 4
a 173 340 2
a 174 229 4
a 174 789 10
a 175 417 8
a 176 97 6
a 176 346 7
a 177 496 10
a 178 75 6
a 178 115 5
a 178 153 4
a 179 387 6
a 179 619 8
a 180 40 4
a 180 352 8
a 180 587 5
a 180 797 9
a 181 645 2
a 181 677 7
a 182 447 9
a 182 628 7
a 183 409 10
a 184 44 4
a 184 332 1
a 184 355 6
a 185 545 3
a 185 880 2
a 186 657 1
a 186 835 3
a 187 167 4
a 187 169 2
a 187 584 8
a 188 709 2
a 189 165 1
a 189 268 9
a 189 576 4
a 190 41 10
a 190 717 7
a 191 360 4
a 191 822 3
a 192 444 5
a 193 135 6
a 193 297 7
a 193 710 2
a 194 418 10
a 195 191 7
a 196 112 6
a 196 430 5
a 196 756 6
a 196 773 9
a 196 835 3
a 196 876 4
a 197 119 8
a 197 609 9
a 198 716 10
a 198 827 4
a 199 98 8
a 199 595 3
a 200 697 4
a 201 703 4
a 202 270 2
a 202 389 9
a 203 751 2
a 204 394 2
a 205 120 10
a 206 270 6
a 207 384 10
a 207 436 5
a 208 285 4
a 209 636 10
a 209 800 4
a 210 25 3
a 211 472 5
a 212 295 1
a 213 54 8
a 213 716 6
a 214 486 9
a 214 502 4
a 214 549 6
a 215 419 5
a 215 721 2
a 216 53 6
a 216 141 8
a 216 371 9
a 217 52 7
a 217 635 1
a 218 121 1
a 219 64 4
a 219 147 8
a 219 590 4
a 220 599 7
a 221 669 3
a 222 732 3
a 222 848 7
a 223 273 9
a 223 414 9
a 224 218 4
a 224 715 10
a 224 829 2
a 225 471 6
a 226 392 2
a 226 580 2
a 227 579 7
a 227 691 5
a 228 780 4
a 228 819 1
a 229 13 3
a 229 61 8
a 229 377 1
a 229 557 5
a 230 358 4
a 231 311 3
a 231 535 1
a 231 807 1
a 232 37 9
a 232 578 3
a 232 632 7
a 232 810 6
a 233 572 1
a 233 773 8
a 234 488 9
a 235 118 9
a 235 311 3
a 235 354 9
a 236 4 8
a 236 252 5
a 237 301 4
a 237 522 9
a 238 325 1
a 238 481 3
a 239 574 1
a 240 632 10
a 241 544 4
a 242 206 9
a 242 521 6
a 242 741 9
a 243 716 10
a 244 663 6
a 245 567 5
a 245 711 9
a 246 44 8
a 246 225 4
a 246 658 6
a 246 661 3
a 246 742 2
a 247 814 4
a 248 41 7
a 248 239 6
a 248 625 5
a 249 242 4
a 249 466 10
a 249 537 2
a 250 393 6
a 250 626 6
a 251 305 1
a 252 157 3
a 252 235 10
a 252 769 3
a 253 264 3
a 253 556 5
a 254 700 4
a 255 771 4
a 255 870 7
a 256 582 1
a 256 626 10
a 257 262 5
a 257 535 5
a 258 636 3
a 259 242 9
a 260 426 10
a 260 810 10
a 261 55 10
a 261 268 4
a 261 685 4
a 261 900 1
a 262 37 6
a 263 79 1
a 263 189 6
a 264 452 10
a 265 311 9
a 266 559 9
a 266 569 6
a 267 526 7
a 267 538 2
a 268 90 4
a 268 521 6
a 269 193 1
a 269 455 6
a 270 138 3
a 270 544 6
a 271 155 4
a 271 177 7
a 272 533 2
a 272 766 6
a 273 97 1
a 273 670 7
a 274 164 5
a 275 533 10
a 275 584 9
a 276 347 8
a 277 116 2
a 277 198 6
a 278 403 4
a 278 709 2
a 279 47 4
a 279 698 10
a 280 55 8
a 280 204 7
a 281 651 9
a 281 664 8
a 281 702 6
a 282 33 1
a 282 179 9
a 283 9 2
a 284 8 6
a 284 346 4
a 285 122 9
a 285 814 2
a 286 288 1
a 286 658 8
a 287 85 8
a 287 185 4
a 287 460 5
a 287 834 8
a 288 601 8
a 288 667 8
a 289 354 9
a 289 398 2
a 290 394 2
a 290 681 5
a 291 111 4
a 291 292 1
a 292 299 6
a 293 449 9
a 294 270 1
a 295 674 3
a 296 416 2
a 296 519 4
a 296 847 8
a 297 448 9
a 297 722 9
a 298 345 4
a 298 738 4
a 299 290 6
a 299 544 5
a 299 793 1
a 300 129 10
a 300 476 4
a 301 202 10
a 301 238 10
a 301 540 2
a 301 616 8
a 301 687 6
a 302 467 5
a 303 72 7
a 303 103 10
a 303 335 3
a 304 527 9
a 304 652 2
a 305 707 8
a 306 73 6
a 306 866 2
a 307 703 5
a 307 787 10
a 308 208 8
a 308 420 7
a 309 109 6
a 309 244 5
a 309 417 7
a 309 421 6
a 310 530 2
a 311 363 10
a 311 790 4
a 312 503 5
a 312 586 7
a 313 16 4
a 313 660 6
a 314 164 7
a 314 195 4
a 315 472 4
a 316 344 9
a 317 674 6
a 318 414 6
a 319 505 9
a 320 214 6
a 320 387 5
a 320 412 9
a 321 150 7
a 321 233 5
a 322 260 1
a 322 328 4
a 323 237 4
a 323 874 9
a 324 290 6
a 325 316 2
a 326 817 9
a 327 828 10
a 327 853 7
a 328 49 4
a 329 120 9
a 330 184 10
a 330 651 6
a 331 412 2
a 331 889 8
a 332 318 5
a 333 328 1
a 334 373 4
a 335 414 10
a 335 743 10
a 335 809 4
a 336 30 10
a 336 90 6
a 337 41 8
a 337 313 10
a 338 477 4
a 338 818 5
a 339 23 7
a 339 431 8
a 340 378 5
a 341 55 10
a 341 195 7
a 342 37 4
a 342 234 1
a 342 438 4
a 343 19 5
a 343 390 3
a 343 414 6
a 344 671 6
a 344 784 4
a 344 871 8
a 345 409 1
a 346 368 8
a 347 140 10
a 348 333 1
a 348 564 7
a 348 820 9
a 349 65 9
a 349 308 8
a 350 577 2
a 351 800 10
a 352 110 5
a 352 650 10
a 353 57 4
a 354 699 2
a 355 63 6
a 355 84 9
a 355 732 8
a 356 314 5
a 357 201 8
a 357 378 3
a 357 495 4
a 357 870 1
a 358 295 9
a 359 48 3
a 359 143 10
a 359 391 4
a 360 87 2
a 360 864 9
a 361 98 7
a 362 121 1
a 362 155 8
a 362 822 4
a 363 467 4
a 363 851 4
a 364 393 2
a 364 498 5
a 365 100 4
a 365 355 9
a 366 346 2
a 367 7 3
a 367 760 3
a 368 39 7
a 368 65 2
a 368 163 8
a 368 291 5
a 368 490 3
a 368 566 2
a 368 859 4
a 368 898 1
a 369 466 7
a 370 274 2
a 371 707 9
a 372 38 5
a 372 286 5
a 372 634 9
a 373 667 10
a 374 275 9
a 374 360 7
a 375 530 6
a 375 706 4
a 376 26 10
a 376 302 2
a 376 594 6
a 376 814 1
a 377 820 9
a 378 72 3
a 379 39 8
a 380 132 3
a 380 817 7
a 381 280 5
a 381 388 3
a 381 795 7
a 382 108 10
a 382 689 3
a 383 195 2
a 384 432 2
a 385 673 1
a 386 275 6
a 387 480 7
a 387 618 9
a 388 18 3
a 389 217 9
a 389 746 7
a 389 845 1
a 390 114 9
a 390 497 3
a 390 570 6
a 391 66 6
a 392 418 9
a 392 489 9
a 393 416 5
a 393 849 4
a 394 172 3
a 394 221 2
a 395 140 3
a 395 326 1
a 395 366 10
a 396 198 8
a 396 419 7
a 397 46 6
a 397 638 7
a 397 659 7
a 397 803 6
a 398 235 2
a 398 265 4
a 399 43 5
a 399 195 8
a 400 577 6
a 401 108 2
a 401 282 4
a 402 407 4
a 402 470 3
a 403 327 4
a 403 341 7
a 403 729 2
a 404 85 9
a 404 607 3
a 405 704 4
a 406 887 2
a 407 282 7
a 407 403 7
a 408 280 2
a 409 28 10
a 409 829 3
a 410 159 2
a 410 824 10
a 411 254 9
a 411 280 1
a 411 324 2
a 412 406 9
a 412 514 5
a 412 600 9
a 413 483 9
a 413 689 1
a 414 63 6
a 414 679 8
a 414 871 9
a 415 792 3
a 416 411 5
a 417 78 2
a 418 315 1
a 418 525 3
a 418 858 5
a 419 20 6
a 419 137 2
a 420 478 2
a 420 524 10
a 420 748 10
a 421 137 4
a 421 334 5
a 421 617 4
a 422 336 10
a 423 212 7
a 423 223 1
a 423 598 1
a 424 357 1
a 425 370 1
a 425 684 9
a 425 855 1
a 426 114 3
a 427 653 6
a 428 123 1
a 428 393 5
a 428 448 1
a 429 216 5
a 429 601 7
a 430 639 6
a 431 62 7
a 431 297 6
a 432 847 6
a 433 240 10
a 433 736 7
a 433 768 6
a 434 30 2
a 434 143 8
a 434 648 7
a 435 596 9
a 436 76 4
a 436 259 7
a 437 209 5
a 437 629 1
a 438 718 10
a 438 740 3
a 439 595 5
a 440 553 9
a 441 264 7
a 441 396 1
a 441 505 6
a 442 548 9
a 442 693 8
a 442 710 3
a 443 115 3
a 444 568 8
a 444 574 6
a 444 624 5
a 444 672 9
a 445 15 9
a 445 643 7
a 445 720 1
a 446 133 10
a 446 468 9
a 446 596 4
a 446 711 4
a 446 806 9
a 447 663 1
a 447 802 1
a 448 519 7
a 449 368 9
a 450 125 7
a 450 699 6
a 451 559 3
a 452 35 4
a 452 224 5
a 452 309 1
a 452 817 6
a 453 856 9
a 454 457 8
a 455 45 9
a 455 152 6
a 455 506 1
a 455 722 2
a 455 785 2
a 456 261 10
a 456 385 3
a 456 464 7
a 456 801 5
a 456 827 7
a 457 56 9
a 457 130 3
a 457 396 1
a 457 553 3
a 458 81 3
a 459 835 1
a 460 364 6
a 460 704 7
a 461 374 6
a 461 787 6
a 462 134 8
a 463 60 8
a 464 390 7
a 465 203 5
a 465 393 2
a 465 892 7
a 466 499 9
a 467 93 5
a 467 292 10
a 467 524 5
a 468 239 3
a 469 652 6
a 470 806 4
a 471 310 7
a 471 672 10
a 471 804 9
a 472 618 9
a 473 189 6
a 473 397 6
a 474 56 10
a 474 258 1
a 474 316 9
a 475 276 4
a 475 535 9
a 475 869 4
a 476 554 10
a 476 620 4
a 477 396 6
a 478 168 2
a 478 715 1
a 478 879 4
a 479 78 6
a 480 29 3
a 480 783 8
a 481 335 9
a 482 252 7
a 482 295 2
a 482 741 8
a 483 559 7
a 484 212 10
a 484 299 7
a 484 796 2
a 485 505 9
a 485 543 5
a 486 487 5
a 486 842 8
a 487 67 9
a 487 181 1
a 487 494 8
a 488 117 10
a 488 481 2
a 488 761 7
a 488 769 9
a 489 323 1
a 489 400 8
a 489 669 10
a 489 774 4
a 489 796 4
a 490 220 9
a 490 321 5
a 490 351 1
a 490 580 5
a 491 407 4
a 492 612 2
a 493 182 4
a 493 445 3
a 493 591 9
a 494 342 8
a 495 131 2
a 495 139 2
a 496 111 2
a 496 656 9
a 497 435 7
a 497 884 4
a 498 29 9
a 498 637 6
a 498 857 9
a 499 612 8
a 499 630 1
a 500 201 9
a 501 630 2
a 502 456 1
a 503 340 4
a 503 696 3
a 504 103 4
a 504 166 10
a 504 317 7
a 505 616 9
a 506 196 8
a 506 424 8
a 507 173 6
a 508 687 1
a 508 897 3
a 509 166 2
a 509 348 2
a 509 441 5
a 509 863 2
a 510 115 4
a 511 207 1
a 512 258 2
a 512 867 4
a 513 14 9
a 513 309 6
a 513 550 9
a 513 685 4
a 514 575 10
a 514 839 6
a 515 117 10
a 516 178 8
a 516 831 10
a 517 76 6
a 518 705 3
a 518 731 3
a 518 821 10
a 518 850 1
a 518 894 8
a 519 690 4
a 519 776 6
a 520 316 3
a 520 474 2
a 521 115 1
a 521 349 1
a 522 93 3
a 523 428 3
a 523 876 4
a 524 887 10
a 525 753 10
a 525 826 10
a 526 277 10
a 526 632 6
a 527 319 8
a 527 724 2
a 527 846 9
a 528 543 7
a 529 189 2
a 530 291 5
a 531 309 6
a 531 373 1
a 531 775 7
a 531 782 7
a 532 209 8
a 533 471 9
a 533 512 8
a 533 632 5
a 534 628 7
a 535 408 4
a 535 666 10
a 535 690 5
a 536 131 6
a 537 385 3
a 537 726 10
a 538 229 3
a 538 561 5
a 539 405 4
a 539 897 8
a 540 361 5
a 540 770 5
a 541 341 10
a 541 501 6
a 542 339 4
a 542 543 2
a 543 243 7
a 543 253 4
a 543 343 6
a 544 653 2
a 544 769 3
a 545 726 4
a 545 830 2
a 546 66 8
a 546 802 7
a 547 249 10
a 547 456 8
a 548 473 3
a 548 489 10
a 548 789 6
a 549 338 3
a 549 538 7
a 549 712 4
a 549 787 10
a 550 76 5
a 550 439 10
a 550 465 3
a 550 499 6
a 550 602 4
a 551 581 4
a 552 152 5
a 552 331 9
a 552 622 3
a 553 723 2
a 554 664 1
a 555 531 4
a 556 546 6
a 557 661 10
a 558 30 4
a 559 892 1
a 560 271 5
a 560 306 1
a 560 402 1
a 560 754 6
a 561 404 9
a 561 512 5
a 561 836 4
a 562 672 6
a 563 371 5
a 563 881 5
a 564 123 6
a 564 255 1
a 564 281 9
a 565 29 8
a 565 885 7
a 566 377 7
a 566 444 1
a 567 140 9
a 567 186 4
a 567 713 2
a 568 367 9
a 568 698 1
a 569 215 7
a 569 749 2
a 570 342 2
a 571 49 10
a 571 826 9
a 572 3 4
a 572 378 2
a 572 504 1
a 572 588 6
a 573 519 6
a 573 660 2
a 574 583 2
a 574 895 4
a 575 630 1
a 575 819 6
a 576 489 8
a 577 380 10
a 577 849 6
a 578 884 2
a 579 205 5
a 579 516 6
a 579 530 10
a 580 23 4
a 580 757 7
a 581 725 9
a 582 2 9
a 582 833 1
a 583 812 9
a 583 879 10
a 584 313 9
a 585 117 10
a 586 462 9
a 586 828 2
a 587 475 6
a 587 605 3
a 588 119 8
a 588 469 9
a 589 723 3
a 590 11 9
a 590 640 6
a 591 54 3
a 591 95 8
a 591 381 10
a 592 862 5
a 593 161 7
a 593 570 4
a 593 701 2
a 594 600 7
a 595 251 5
a 595 782 6
a 596 440 3
a 597 131 10
a 597 484 10
a 598 314 1
a 599 267 9
a 599 740 8
a 600 301 4
a 600 497 6
a 600 646 4
a 601 203 2
a 602 221 10
a 602 843 2
a 603 19 8
a 604 59 3
a 604 65 7
a 604 69 1
a 604 149 1
a 605 338 3
a 605 344 1
a 606 349 4
a 607 57 1
a 607 383 9
a 607 515 2
a 607 841 9
a 608 194 4
a 608 869 9
a 609 824 6
a 610 394 7
a 610 624 3
a 610 664 1
a 610 755 9
a 611 300 7
a 611 769 7
a 612 16 6
a 612 520 6
a 613 438 3
a 614 68 2
a 614 612 7
a 614 750 3
a 614 778 6
a 615 758 9
a 615 852 1
a 616 275 6
a 616 350 8
a 616 833 1
a 617 602 5
a 618 554 4
a 619 51 8
a 619 434 9
a 619 626 1
a 619 712 2
a 620 185 9
a 620 322 9
a 620 432 5
a 621 381 2
a 621 547 1
a 621 551 3
a 621 873 3
a 622 247 7
a 622 611 7
a 622 737 5
a 623 179 2
a 624 611 10
a 624 723 4
a 625 26 5
a 626 86 7
a 626 119 4
a 626 358 10
a 627 12 1
a 627 83 3
a 628 52 8
a 628 222 6
a 628 463 5
a 628 510 1
a 628 855 9
a 629 86 8
a 629 285 3
a 629 290 4
a 629 565 2
a 629 846 5
a 630 270 5
a 630 407 8
a 631 37 4
a 632 633 3
a 632 792 9
a 633 281 4
a 634 156 4
a 634 617 2
a 635 514 7
a 635 830 7
a 636 156 9
a 636 274 1
a 636 718 9
a 636 854 1
a 637 22 3
a 638 625 4
a 639 174 1
a 639 384 4
a 639 527 8
a 640 94 1
a 640 313 4
a 641 527 8
a 641 749 6
a 642 588 5
a 643 105 9
a 643 859 7
a 644 837 5
a 644 840 3
a 645 170 1
a 645 539 9
a 646 171 5
a 646 198 10
a 646 613 8
a 647 142 3
a 647 513 8
a 648 377 3
a 649 284 10
a 650 241 10
a 650 290 9
a 651 222 10
a 651 405 6
a 652 236 6
a 652 351 4
a 653 21 6
a 653 279 3
a 654 267 9
a 655 503 10
a 656 92 8
a 656 273 6
a 657 110 8
a 657 319 2
a 658 156 4
a 658 642 6
a 659 447 5
a 659 666 3
a 660 303 8
a 660 811 4
a 661 395 3
a 661 667 3
a 661 795 6
a 662 856 5
a 663 31 5
a 663 392 2
a 663 420 9
a 663 487 4
a 664 294 4
a 665 542 2
a 665 736 5
a 666 3 5
a 666 129 3
a 667 59 6
a 667 318 2
a 668 812 1
a 669 300 3
a 670 142 8
a 670 248 1
a 670 900 10
a 671 281 1
a 671 815 7
a 672 320 2
a 672 774 3
a 672 875 6
a 673 889 6
a 674 578 5
a 675 496 1
a 675 694 1
a 676 430 1
a 676 696 8
a 677 584 7
a 678 342 4
a 678 354 2
a 678 577 8
a 678 745 5
a 679 459 7
a 679 499 5
a 679 531 10
a 679 638 6
a 680 24 3
a 680 151 1
a 680 847 2
a 681 357 5
a 681 705 4
a 681 821 10
a 682 37 1
a 683 423 5
a 683 458 9
a 683 836 7
a 684 9 3
a 684 462 8
a 684 581 9
a 685 6 2
a 685 162 8
a 685 180 2
a 685 413 2
a 686 849 8
a 686 883 6
a 686 889 5
a 686 896 6
a 687 74 7
a 688 107 5
a 688 337 4
a 688 356 4
a 688 719 7
a 689 269 1
a 689 369 7
a 690 160 8
a 690 432 4
a 690 445 10
a 691 484 9
a 692 528 7
a 692 676 8
a 693 3 10
a 694 42 8
a 694 714 5
a 695 113 8
a 695 176 5
a 696 136 6
a 696 221 1
a 696 314 1
a 696 411 5
a 697 71 10
a 697 305 1
a 697 356 9
a 698 725 4
a 699 31 8
a 699 175 2
a 700 299 4
a 700 330 2
a 700 747 3
a 701 365 5
a 701 779 9
a 702 77 6
a 702 245 5
a 702 429 1
a 703 102 1
a 703 412 10
a 704 897 1
a 705 200 1
a 706 696 9
a 707 373 1
a 708 535 1
a 709 221 4
a 710 72 1
a 710 451 8
a 710 536 5
a 711 560 9
a 711 781 2
a 712 161 10
a 712 642 5
a 712 808 9
a 713 606 6
a 714 88 4
a 714 112 1
a 714 293 6
a 714 780 8
a 714 886 7
a 715 733 1
a 716 300 7
a 717 245 9
a 717 327 2
a 718 55 8
a 719 352 10
a 719 527 4
a 720 18 10
a 720 547 10
a 720 794 4
a 721 102 4
a 721 837 8
a 722 134 8
a 722 206 1
a 723 855 6
a 724 12 4
a 724 173 8
a 724 609 6
a 725 390 8
a 726 66 8
a 726 349 7
a 727 508 2
a 727 631 4
a 728 416 7
a 728 641 6
a 729 84 8
a 729 890 3
a 730 597 2
a 730 676 6
a 731 70 10
a 731 803 10
a 732 195 2
a 733 5 4
a 733 625 2
a 734 483 3
a 735 603 3
a 735 861 9
a 736 243 1
a 736 368 5
a 736 425 10
a 736 891 2
a 737 644 1
a 738 68 2
a 738 89 10
a 739 872 7
a 740 399 8
a 740 476 2
a 741 497 9
a 742 496 6
a 742 561 1
a 743 7 7
a 744 838 1
a 745 427 4
a 745 635 4
a 745 829 9
a 746 534 2
a 746 579 8
a 747 520 1
a 748 74 2
a 748 87 10
a 748 452 2
a 748 461 7
a 748 762 7
a 749 494 1
a 750 365 9
a 750 518 3
a 750 636 1
a 751 22 8
a 751 421 9
a 752 91 1
a 752 331 6
a 753 251 2
a 753 868 3
a 754 281 8
a 754 369 8
a 754 898 7
a 755 230 4
a 755 563 1
a 756 15 6
a 756 401 6
a 756 631 5
a 757 240 7
a 757 500 10
a 757 581 9
a 757 860 5
a 758 900 1
a 759 272 8
a 759 289 2
a 759 673 2
a 760 125 1
a 761 113 1
a 761 124 8
a 761 191 6
a 762 66 5
a 762 226 4
a 762 490 6
a 763 80 3
a 763 198 7
a 763 895 10
a 764 307 7
a 765 263 2
a 765 409 9
a 765 457 6
a 765 728 3
a 765 862 6
a 765 867 8
a 765 898 1
a 766 501 9
a 767 191 8
a 767 196 5
a 767 588 3
a 767 621 2
a 768 83 8
a 768 298 1
a 769 393 1
a 769 700 10
a 770 450 3
a 770 709 9
a 770 878 10
a 771 23 8
a 771 178 8
a 771 562 4
a 771 697 2
a 772 634 1
a 772 703 4
a 772 877 1
a 773 622 2
a 774 474 10
a 774 763 9
a 775 53 1
a 776 602 4
a 777 798 4
a 777 852 4
a 778 538 6
a 779 199 9
a 779 816 5
a 780 319 6
a 780 454 8
a 781 735 4
a 782 551 2
a 783 491 4
a 783 723 9
a 784 241 6
a 785 492 3
a 786 590 3
a 786 714 3
a 787 328 3
a 787 523 8
a 788 406 9
a 788 649 5
a 788 730 3
a 788 764 5
a 789 436 3
a 789 650 2
a 789 662 5
a 789 818 6
a 790 430 4
a 790 788 1
a 790 845 8
a 790 882 4
a 791 63 7
a 791 140 4
a 792 541 10
a 793 82 3
a 793 377 2
a 794 199 2
a 794 845 9
a 795 113 6
a 796 355 2
a 796 425 1
a 796 512 7
a 797 488 10
a 797 628 2
a 797 772 10
a 798 32 3
a 798 852 8
a 799 641 7
a 799 675 3
a 800 491 9
a 801 688 8
a 801 810 10
a 802 356 9
a 803 317 4
a 804 32 7
a 805 793 8
a 806 593 1
a 806 722 1
a 807 833 4
a 808 400 5
a 808 686 8
a 809 190 7
a 809 192 1
a 809 665 7
a 810 644 7
a 810 676 7
a 811 257 10
a 811 364 2
a 811 791 4
a 812 207 6
a 812 380 10
a 812 605 1
a 813 96 7
a 813 580 1
a 814 353 6
a 814 516 2
a 815 229 2
a 816 159 2
a 817 588 1
a 818 140 2
a 818 375 6
a 819 6 8
a 820 578 1
a 821 113 3
a 821 790 4
a 822 304 7
a 822 900 5
a 823 691 6
a 824 640 4
a 824 844 9
a 825 379 9
a 825 672 7
a 826 406 1
a 826 492 1
a 826 608 1
a 827 776 9
a 828 897 6
a 829 505 5
a 830 184 4
a 831 745 9
a 832 366 8
a 832 624 6
a 832 776 6
a 833 250 7
a 833 482 7
a 834 53 2
a 834 334 10
a 834 744 6
a 835 133 3
a 836 72 6
a 836 371 10
a 836 435 8
a 837 881 8
a 838 2 5
a 838 346 3
a 838 469 6
a 839 349 1
a 839 402 7
a 840 190 1
a 841 280 2
a 841 284 1
a 842 386 7
a 842 552 4
a 843 560 1
a 844 224 8
a 844 266 6
a 844 410 3
a 844 814 6
a 845 6 7
a 845 230 3
a 845 433 5
a 846 237 2
a 846 552 6
a 847 497 4
a 848 174 3
a 849 10 2
a 849 788 3
a 850 7 4
a 850 58 4
a 850 347 7
a 850 725 1
a 850 792 1
a 851 159 8
a 852 140 3
a 852 227 5
a 852 294 7
a 852 869 8
a 853 188 6
a 853 455 3
a 854 104 2
a 855 343 4
a 856 32 3
a 856 114 6
a 856 127 8
a 856 470 10
a 857 188 2
a 858 20 7
a 859 391 8
a 860 85 5
a 861 401 7
a 861 620 7
a 861 683 9
a 862 493 10
a 862 827 6
a 863 593 9
a 864 391 7
a 865 20 2
a 865 487 3
a 865 558 2
a 865 571 4
a 866 98 4
a 866 197 7
a 866 651 2
a 866 813 8
a 867 117 2
a 868 831 6
a 869 585 3
a 869 833 10
a 870 41 4
a 870 385 1
a 870 483 7
a 871 515 5
a 871 872 2
a 872 337 7
a 872 738 1
a 872 899 8
a 873 466 1
a 874 343 5
a 875 262 6
a 875 826 7
a 876 748 2
a 877 175 5
a 878 568 6
a 879 781 8
a 880 736 4
a 881 116 5
a 881 838 9
a 882 532 2
a 883 128 8
a 883 609 1
a 883 765 1
a 883 858 8
a 884 383 1
a 885 126 6
a 885 166 5
a 885 668 3
a 886 148 3
a 886 654 5
a 887 310 1
a 888 287 7
a 888 436 4
a 889 221 4
a 889 774 2
a 890 674 7
a 890 889 6
a 891 399 10
a 891 479 2
a 891 887 9
a 892 232 10
a 892 342 10
a 892 442 1
a 892 618 9
a 892 837 5
a 893 213 3
a 893 219 10
a 893 385 7
a 894 817 8
a 895 454 4
a 896 443 5
a 896 592 2
a 897 122 1
a 897 188 4
a 897 376 10
a 897 529 4
a 898 839 6
a 899 475 3
