p max 900 1800
n 1 s
n 900 t
a 1 320 7
a 1 516 5
a 1 655 6
a 2 733 5
a 3 12 6
a 3 56 3
a 3 464 2
a 4 308 2
a 4 892 4
a 5 415 8
a 6 150 8
a 6 529 10
a 6 710 1
a 7 474 2
a 8 540 3
a 8 899 4
a 9 626 5
a 10 613 1
a 10 797 2
a 11 161 7
a 11 209 9
a 11 433 7
a 11 470 9
a 11 514 9
a 12 597 2
a 12 784 5
a 13 10 10
a 13 581 9
a 14 191 6
a 14 300 5
a 14 442 1
a 15 483 3
a 15 746 5
a 16 30 9
a 16 455 10
a 16 674 8
a 17 239 3
a 18 214 6
a 18 548 5
a 19 206 8
a 19 458 1
a 20 304 8
a 21 192 4
a 21 609 6
a 21 634 1
a 22 782 5
a 23 228 4
a 23 819 7
a 24 430 1
a 25 185 6
a 26 42 1
a 27 583 6
a 27 889 9
a 28 18 1
a 28 472 6
a 29 69 9
a 29 80 9
a 29 657 4
a 30 495 4
a 30 575 3
a 30 762 7
a 30 863 8
a 31 229 4
a 31 343 2
a 31 412 9
a 31 520 4
a 31 659 8
a 31 873 8
a 32 530 3
a 33 264 9
a 34 712 3
a 34 853 8
a 35 111 7
a 35 858 1
a 36 524 3
a 36 660 10
a 36 881 10
a 37 53 2
a 37 73 2
a 37 401 6
a 38 124 3
a 38 283 4
a 38 438 4
a 39 737 4
a 40 482 10
a 40 688 7
a 41 363 3
a 41 858 8
a 42 342 10
a 42 433 2
a 43 193 5
a 44 246 3
a 44 847 4
a 45 252 2
a 46 59 10
a 46 705 9
a 47 335 7
a 47 797 8
a 48 302 9
a 48 349 1
a 48 499 10
a 48 729 10
a 48 732 10
a 49 458 7
a 50 165 1
a 50 834 6
a 51 802 3
a 52 106 6
a 53 14 7
a 53 73 10
a 54 478 6
a 54 793 4
a 55 571 3
a 56 300 9
a 57 795 3
a 58 692 4
a 59 78 8
a 59 545 10
a 60 766 10
a 61 140 9
a 61 359 10
a 61 876 3
a 62 682 4
a 63 109 1
a 63 135 5
a 63 411 2
a 64 342 3
a 65 488 9
a 66 138 3
a 66 156 3
a 67 438 1
a 67 737 9
a 68 139 2
a 68 487 6
a 69 237 5
a 69 571 5
a 69 592 3
a 70 122 5
a 70 712 2
a 71 55 1
a 72 582 10
a 73 406 1
a 73 453 5
a 73 566 7
a 74 3 5
a 75 38 6
a 75 139 10
a 75 503 4
a 76 417 4
a 76 813 7
a 77 174 4
a 77 300 2
a 77 755 8
a 78 445 3
a 79 270 9
a 79 338 5
a 80 410 10
a 81 310 8
a 81 431 8
a 81 545 6
a 82 761 8
a 83 65 2
a 84 149 10
a 84 315 9
a 85 74 7
a 85 75 8
a 85 380 8
a 86 108 2
a 87 770 4
a 88 775 4
a 89 275 8
a 90 770 1
a 91 72 10
a 91 221 3
a 91 887 6
a 92 233 10
a 93 223 1
a 93 877 5
a 94 134 4
a 94 603 2
a 94 795 4
a 95 17 3
a 95 522 9
a 95 589 1
a 95 801 7
a 96 763 5
a 97 475 8
a 97 860 2
a 98 769 5
a 99 148 9
a 99 777 7
a 100 794 7
a 100 813 4
a 101 125 1
a 101 336 9
a 101 609 2
a 102 348 5
a 103 403 8
a 103 686 4
a 104 741 10
a 105 244 2
a 105 890 10
a 106 896 6
a 107 862 4
a 108 828 7
a 109 294 9
a 109 295 10
a 110 620 7
a 110 705 6
a 110 734 3
a 111 214 10
a 111 656 1
a 112 209 3
a 112 576 7
a 113 19 9
a 113 698 7
a 114 218 8
a 115 486 4
a 116 105 9
a 116 206 5
a 117 513 8
a 117 793 6
a 117 854 10
a 118 380 9
a 119 476 9
a 119 768 9
a 120 478 3
a 120 527 8
a 120 803 10
a 120 861 10
a 121 414 5
a 121 481 9
a 121 570 9
a 121 587 10
a 121 724 4
a 122 80 5
a 123 773 4
a 124 371 6
a 124 445 6
a 124 564 2
a 125 195 2
a 126 138 3
a 126 622 5
a 127 97 4
a 127 207 4
a 128 88 7
a 128 491 8
a 129 865 2
a 130 15 8
a 130 581 8
a 131 121 3
a 131 230 2
a 131 420 2
a 132 361 9
a 132 656 2
a 133 272 1
a 133 788 6
a 134 572 5
a 135 845 1
a 136 149 5
a 137 205 5
a 137 306 6
a 138 759 3
a 138 852 3
a 139 463 2
a 139 814 8
a 140 333 5
a 140 355 2
a 140 677 10
a 141 159 7
a 142 152 8
a 142 455 4
a 143 209 10
a 143 586 10
a 144 279 6
a 144 457 8
a 145 385 8
a 145 823 10
a 146 834 4
a 147 175 8
a 147 829 7
a 147 831 6
a 148 8 7
a 148 722 6
a 148 783 10
a 149 308 10
a 149 490 3
a 150 317 5
a 150 542 3
a 150 751 9
a 151 628 1
a 151 756 1
a 151 850 5
a 152 330 9
a 152 593 2
a 153 899 7
a 154 6 10
a 154 86 2
a 154 861 6
a 155 89 2
a 155 237 8
a 155 324 9
a 155 483 3
a 155 893 4
a 156 702 3
a 156 791 1
a 157 712 3
a 158 544 9
a 159 540 1
a 159 611 4
a 160 79 4
a 160 591 10
a 161 246 1
a 162 8 3
a 162 432 8
a 162 572 3
a 163 97 8
a 163 268 1
a 163 864 4
a 164 13 1
a 164 267 6
a 164 415 5
a 165 21 4
a 165 43 5
a 165 643 4
a 166 157 5
a 166 676 8
a 167 9 2
a 167 132 7
a 167 139 1
a 167 600 1
a 167 843 10
a 168 672 2
a 169 772 2
a 169 888 4
a 170 296 5
a 170 342 6
a 171 542 5
a 171 666 1
a 171 880 8
a 172 100 4
a 172 195 7
a 172 484 1
a 173 222 2
a 173 418 7
a 173 863 8
a 174 522 10
a 175 134 10
a 175 396 6
a 176 533 7
a 176 855 6
a 177 492 7
a 178 7 7
a 179 47 5
a 179 555 2
a 180 70 3
a 181 333 4
a 182 430 7
a 182 791 10
a 183 49 1
a 184 49 8
a 185 411 5
a 185 657 7
a 186 20 6
a 186 752 3
a 187 581 1
a 188 113 5
a 188 554 3
a 188 869 6
a 189 212 1
a 189 602 4
a 189 761 4
a 190 220 4
a 190 439 4
a 191 51 10
a 191 71 2
a 191 195 4
a 191 241 8
a 192 398 8
a 192 515 3
a 192 669 8
a 192 845 1
a 192 849 8
a 193 406 3
a 193 639 4
a 194 143 5
a 195 77 2
a 195 402 8
a 195 518 1
a 195 753 3
a 195 815 7
a 196 60 6
a 196 182 5
a 196 819 2
a 197 222 2
a 198 180 7
a 198 247 6
a 199 755 3
a 200 394 6
a 200 514 9
a 200 767 4
a 201 602 9
a 202 482 7
a 203 132 7
a 203 180 10
a 204 788 5
a 205 327 3
a 205 626 5
a 206 126 4
a 206 227 10
a 206 713 7
a 207 194 7
a 207 280 9
a 208 891 1
a 209 824 4
a 209 836 2
a 210 461 9
a 211 827 6
a 212 555 4
a 212 731 1
a 213 262 6
a 213 381 4
a 214 31 5
a 214 130 1
a 215 801 4
a 216 646 6
a 217 732 4
a 218 143 6
a 218 646 4
a 219 368 5
a 219 694 8
a 220 77 1
a 220 530 8
a 220 817 10
a 221 120 5
a 221 321 8
a 221 646 3
a 221 673 3
a 222 720 7
a 223 288 4
a 223 314 2
a 224 284 6
a 225 129 3
a 225 168 2
a 225 631 10
a 226 398 8
a 226 613 7
a 227 670 8
a 228 455 7
a 228 522 8
a 228 868 2
a 229 50 5
a 229 238 2
a 229 388 7
a 229 391 9
a 229 577 7
a 230 215 9
a 230 895 10
a 231 361 7
a 231 576 5
a 231 838 8
a 232 109 10
a 232 511 4
a 232 598 10
a 233 662 3
a 234 769 9
a 235 877 7
a 236 266 2
a 237 502 8
a 238 422 3
a 238 446 2
a 238 562 5
a 239 98 5
a 239 288 4
a 239 556 9
a 239 684 10
a 239 872 4
a 240 4 7
a 240 26 1
a 240 58 3
a 240 653 7
a 241 306 8
a 241 893 5
a 242 259 8
a 243 445 2
a 243 610 1
a 244 762 1
a 245 358 7
a 245 744 3
a 246 67 6
a 246 510 9
a 247 379 1
a 247 490 8
a 247 750 1
a 248 126 10
a 249 122 5
a 250 40 2
a 250 809 2
a 251 490 5
a 251 619 8
a 252 523 6
a 253 350 1
a 253 608 2
a 253 757 6
a 254 124 1
a 255 252 8
a 255 376 10
a 255 531 6
a 256 317 3
a 256 436 7
a 257 147 3
a 257 399 5
a 258 382 4
a 258 764 2
a 258 878 1
a 259 54 4
a 259 107 9
a 260 595 8
a 261 251 2
a 261 320 8
a 261 332 7
a 262 151 8
a 262 412 4
a 262 836 7
a 263 523 8
a 264 269 9
a 264 544 9
a 265 536 6
a 265 700 2
a 266 73 3
a 266 76 3
a 267 18 10
a 267 78 10
a 267 584 6
a 267 796 7
a 268 249 6
a 268 433 6
a 269 635 7
a 269 809 8
a 270 201 3
a 270 824 2
a 271 623 4
a 271 799 9
a 272 521 1
a 272 709 7
a 273 232 8
a 273 443 8
a 274 23 1
a 274 378 4
a 274 827 2
a 275 224 3
a 275 733 8
a 275 811 10
a 276 35 3
a 276 751 4
a 277 723 2
a 278 688 8
a 279 5 3
a 280 857 2
a 281 464 9
a 281 837 4
a 282 376 8
a 282 434 7
a 282 525 1
a 283 599 1
a 284 114 7
a 284 177 3
a 285 660 4
a 286 237 4
a 287 225 3
a 287 808 6
a 288 742 6
a 289 3 9
a 289 91 6
a 289 509 7
a 289 557 9
a 289 693 2
a 290 101 8
a 291 266 3
a 291 284 6
a 292 818 7
a 293 173 7
a 293 191 1
a 293 545 10
a 293 616 8
a 294 445 9
a 295 131 8
a 296 204 4
a 296 474 7
a 296 630 1
a 297 722 8
a 297 862 7
a 298 195 6
a 299 184 9
a 299 378 1
a 300 72 7
a 300 887 3
a 301 539 2
a 302 87 7
a 302 538 6
a 303 644 5
a 303 786 8
a 304 383 3
a 304 447 2
a 304 827 9
a 305 329 3
a 305 883 9
a 306 679 2
a 307 94 2
a 308 99 6
a 308 456 1
a 308 751 7
a 309 379 8
a 310 73 10
a 311 190 9
a 311 506 3
a 312 99 1
a 312 488 3
a 313 714 6
a 314 29 8
a 314 507 2
a 315 271 3
a 316 91 10
a 316 179 5
a 317 482 1
a 317 741 10
a 318 171 2
a 319 305 4
a 319 559 1
a 319 609 4
a 319 629 1
a 319 875 2
a 320 496 5
a 320 648 8
a 320 813 3
a 321 211 10
a 321 305 3
a 322 480 9
a 323 377 9
a 323 875 4
a 324 52 8
a 324 128 2
a 324 525 7
a 324 553 8
a 324 879 1
a 325 858 6
a 326 126 7
a 326 748 9
a 327 851 1
a 328 426 1
a 328 576 3
a 329 53 6
a 329 687 9
a 330 712 2
a 330 730 8
a 331 162 7
a 331 397 10
a 331 818 4
a 332 2 2
a 332 889 1
a 333 132 8
a 333 762 10
a 334 338 2
a 335 536 7
a 335 880 8
a 336 839 9
a 336 883 1
a 337 159 9
a 337 808 9
a 338 510 4
a 338 551 7
a 338 740 3
a 339 231 4
a 339 568 1
a 339 690 3
a 340 35 5
a 340 61 6
a 340 882 7
a 341 896 10
a 342 143 8
a 342 196 5
a 342 286 9
a 343 115 5
a 343 563 4
a 344 30 8
a 345 244 9
a 346 65 1
a 347 250 2
a 347 482 8
a 347 517 10
a 348 153 10
a 348 276 1
a 348 535 3
a 349 199 5
a 349 373 7
a 349 627 6
a 349 699 9
a 350 538 8
a 350 637 9
a 350 680 2
a 351 860 4
a 352 595 3
a 353 344 10
a 353 522 1
a 354 651 1
a 355 466 3
a 356 481 9
a 356 493 9
a 357 115 5
a 357 498 4
a 357 670 3
a 358 129 10
a 359 142 3
a 359 416 5
a 359 580 10
a 359 720 6
a 360 876 7
a 361 366 6
a 361 429 10
a 361 462 7
a 361 671 7
a 362 238 2
a 362 832 1
a 362 846 6
a 363 573 9
a 363 579 5
a 363 760 7
a 364 506 2
a 365 390 3
a 365 505 6
a 365 675 1
a 366 124 4
a 366 500 6
a 367 387 5
a 367 411 9
a 368 458 7
a 369 240 10
a 369 508 2
a 369 647 1
a 370 148 1
a 370 252 8
a 370 511 1
a 371 682 10
a 372 202 10
a 373 321 3
a 374 160 4
a 374 367 8
a 374 482 3
a 375 561 4
a 376 594 10
a 376 781 10
a 377 415 1
a 377 460 4
a 378 406 4
a 378 469 3
a 379 420 6
a 380 551 7
a 381 435 6
a 382 200 4
a 382 257 7
a 382 468 10
a 382 494 8
a 382 833 8
a 383 135 3
a 383 264 7
a 383 358 5
a 383 632 10
a 384 354 8
a 385 261 1
a 385 738 6
a 385 841 5
a 386 647 3
a 386 725 8
a 387 76 9
a 387 341 4
a 388 409 2
a 388 818 8
a 389 371 10
a 389 790 10
a 390 660 5
a 391 324 4
a 392 460 3
a 392 479 10
a 392 663 7
a 392 710 4
a 393 609 2
a 394 786 4
a 395 84 7
a 395 354 2
a 396 96 7
a 396 129 7
a 396 425 2
a 396 585 7
a 397 270 5
a 397 826 9
a 398 541 2
a 399 391 3
a 399 450 8
a 400 698 5
a 400 754 2
a 400 810 9
a 401 748 9
a 401 807 6
a 402 351 1
a 402 812 2
a 403 545 7
a 404 141 1
a 404 406 3
a 404 802 6
a 405 164 7
a 406 820 6
a 407 164 6
a 407 756 2
a 408 295 2
a 408 738 1
a 409 74 3
a 410 202 7
a 410 215 6
a 410 253 3
a 410 271 10
a 411 297 1
a 411 667 4
a 412 287 7
a 413 356 1
a 414 188 3
a 414 853 7
a 415 83 9
a 415 262 8
a 416 325 2
a 417 92 6
a 417 749 6
a 418 525 6
a 418 825 4
a 419 547 9
a 419 869 5
a 420 76 10
a 420 570 1
a 421 92 9
a 421 246 4
a 422 168 8
a 423 251 7
a 424 769 1
a 425 137 5
a 426 79 2
a 426 342 3
a 427 312 6
a 427 641 10
a 427 855 9
a 428 24 7
a 428 743 9
a 428 765 7
a 428 773 10
a 429 457 8
a 429 761 9
a 430 624 6
a 431 64 6
a 431 608 3
a 432 253 5
a 433 270 8
a 434 385 3
a 434 719 2
a 435 163 5
a 435 408 1
a 435 556 8
a 436 44 4
a 436 149 7
a 437 585 3
a 438 36 4
a 438 644 1
a 439 324 9
a 439 565 10
a 439 758 6
a 440 320 8
a 440 423 10
a 440 856 4
a 441 155 9
a 441 634 9
a 441 847 4
a 442 410 9
a 443 590 3
a 444 193 3
a 444 285 9
a 445 679 8
a 446 27 3
a 447 333 7
a 447 658 1
a 448 343 10
a 448 444 3
a 449 22 8
a 450 393 6
a 451 171 6
a 451 271 1
a 452 436 4
a 453 277 5
a 453 610 6
a 454 453 8
a 455 125 8
a 455 148 3
a 456 867 10
a 457 28 10
a 457 364 10
a 458 370 9
a 458 722 6
a 459 57 9
a 459 254 5
a 459 749 5
a 460 708 1
a 461 213 6
a 461 483 2
a 462 457 9
a 463 688 10
a 463 781 6
a 464 193 5
a 464 256 10
a 464 299 4
a 464 835 6
a 465 779 8
a 466 5 1
a 467 135 9
a 467 255 9
a 468 119 1
a 468 263 6
a 468 466 2
a 468 532 6
a 468 799 8
a 469 168 8
a 469 294 1
a 469 329 1
a 470 26 3
a 470 463 3
a 471 636 6
a 471 865 3
a 472 102 10
a 472 779 9
a 473 32 9
a 473 735 2
a 474 725 9
a 475 579 6
a 476 140 6
a 477 864 4
a 478 873 1
a 478 895 1
a 479 80 7
a 480 537 4
a 480 624 1
a 480 708 1
a 480 736 6
a 481 5 4
a 481 365 9
a 481 453 10
a 481 672 1
a 482 106 1
a 482 756 5
a 483 715 9
a 484 698 6
a 485 177 7
a 485 244 7
a 485 292 9
a 485 780 2
a 486 181 1
a 486 418 8
a 486 420 8
a 487 142 4
a 487 778 4
a 487 853 6
a 488 347 1
a 488 665 1
a 488 711 3
a 489 60 6
a 489 65 3
a 489 718 6
a 490 22 7
a 491 138 2
a 492 334 6
a 492 859 4
a 493 282 9
a 493 504 2
a 493 518 5
a 493 550 9
a 494 125 9
a 495 175 7
a 495 748 6
a 496 199 2
a 496 442 8
a 496 735 10
a 497 218 1
a 497 451 2
a 498 369 5
a 498 532 6
a 498 651 9
a 498 898 9
a 499 118 2
a 499 603 8
a 500 147 10
a 500 769 5
a 501 299 3
a 501 393 5
a 501 403 8
a 502 353 9
a 502 444 9
a 503 46 4
a 503 82 5
a 504 555 4
a 504 633 8
a 505 866 10
a 506 766 3
a 506 853 6
a 507 103 3
a 507 560 10
a 507 729 10
a 508 180 4
a 508 374 10
a 509 857 6
a 510 751 4
a 511 104 6
a 511 657 10
a 511 787 1
a 512 530 6
a 512 675 8
a 512 866 7
a 513 310 8
a 514 108 2
a 514 215 8
a 515 755 6
a 516 324 4
a 516 684 9
a 517 70 10
a 517 351 1
a 517 404 10
a 518 296 10
a 519 557 2
a 520 201 2
a 521 745 8
a 522 41 4
a 522 758 9
a 523 567 8
a 523 569 10
a 524 90 6
a 525 678 7
a 525 869 4
a 526 764 2
a 527 304 2
a 527 784 9
a 528 200 4
a 528 512 9
a 528 713 9
a 529 217 10
a 529 431 8
a 529 881 8
a 530 194 4
a 530 339 7
a 530 420 4
a 531 164 9
a 531 451 9
a 532 506 4
a 533 549 6
a 534 135 6
a 534 743 7
a 535 31 7
a 535 550 3
a 536 480 10
a 536 697 9
a 537 275 7
a 538 474 10
a 539 119 9
a 539 569 5
a 540 104 4
a 540 715 4
a 541 138 8
a 541 581 7
a 542 738 6
a 543 663 3
a 544 443 6
a 545 197 10
a 545 767 10
a 546 154 2
a 546 404 9
a 546 821 1
a 547 298 6
a 547 612 9
a 548 844 2
a 548 879 10
a 549 160 5
a 550 230 1
a 550 328 5
a 550 716 3
a 551 506 10
a 551 725 6
a 552 42 7
a 552 122 10
a 552 858 7
a 553 503 1
a 554 607 1
a 554 755 2
a 555 66 2
a 555 257 3
a 555 691 2
a 556 207 6
a 556 757 1
a 557 572 1
a 558 633 6
a 559 13 1
a 559 658 4
a 559 884 2
a 560 407 9
a 560 579 4
a 560 581 1
a 561 87 6
a 561 158 9
a 561 242 2
a 562 452 8
a 562 629 7
a 563 486 5
a 563 744 10
a 564 116 5
a 565 441 1
a 565 631 6
a 566 733 7
a 567 507 9
a 567 569 1
a 568 195 9
a 568 528 1
a 569 540 8
a 569 651 2
a 570 855 7
a 571 341 3
a 571 770 4
a 572 266 7
a 573 405 2
a 573 666 9
a 574 107 7
a 574 127 5
a 574 213 7
a 574 219 4
a 574 326 8
a 574 782 5
a 575 157 5
a 575 543 3
a 576 842 9
a 576 885 2
a 577 701 2
a 577 740 9
a 578 855 3
a 579 297 9
a 579 573 10
a 579 767 4
a 579 900 10
a 580 384 10
a 580 780 7
a 581 825 5
a 582 60 2
a 582 313 10
a 582 444 8
a 583 203 4
a 583 376 6
a 584 360 4
a 584 865 6
a 585 208 5
a 585 442 7
a 586 275 2
a 586 706 9
a 587 97 10
a 587 900 5
a 588 15 8
a 588 704 4
a 588 776 3
a 589 172 4
a 589 250 1
a 589 544 4
a 589 806 3
a 590 813 10
a 591 602 6
a 592 231 3
a 593 493 7
a 594 761 8
a 594 830 5
a 595 108 4
a 596 221 5
a 596 267 9
a 596 370 3
a 596 789 3
a 596 889 1
a 597 236 3
a 598 419 2
a 598 534 6
a 598 700 10
a 599 726 6
a 600 33 9
a 600 185 2
a 601 166 2
a 601 807 7
a 601 835 5
a 602 103 6
a 603 243 1
a 603 497 1
a 603 619 1
a 604 16 9
a 605 763 2
a 606 862 8
a 607 325 7
a 607 367 9
a 607 574 7
a 608 277 7
a 608 888 4
a 609 139 3
a 610 188 8
a 611 123 4
a 611 136 3
a 611 645 2
a 612 403 2
a 612 709 5
a 612 714 4
a 613 327 4
a 613 792 1
a 614 563 9
a 615 156 1
a 615 477 2
a 615 596 2
a 616 321 4
a 616 461 1
a 616 690 3
a 616 769 1
a 616 892 8
a 617 786 8
a 618 68 10
a 618 689 10
a 618 867 6
a 619 362 8
a 619 371 7
a 620 490 5
a 621 322 8
a 621 601 2
a 621 609 10
a 622 216 8
a 622 828 9
a 622 831 10
a 622 897 7
a 623 356 5
a 623 599 9
a 623 852 1
a 624 6 4
a 624 804 1
a 625 279 4
a 626 427 6
a 626 735 6
a 627 300 5
a 628 417 8
a 629 63 2
a 629 202 10
a 629 220 3
a 629 549 2
a 630 185 4
a 630 502 9
a 630 775 5
a 631 427 3
a 632 591 5
a 632 722 2
a 633 199 10
a 634 614 9
a 634 618 6
a 634 857 8
a 635 890 10
a 636 419 8
a 637 16 4
a 637 278 3
a 637 323 5
a 637 683 1
a 638 449 2
a 638 670 3
a 639 198 10
a 639 433 8
a 639 652 2
a 640 803 4
a 641 90 5
a 641 178 7
a 641 236 6
a 642 454 1
a 642 604 3
a 642 683 2
a 642 708 3
a 643 403 5
a 644 355 3
a 645 334 8
a 645 741 4
a 646 394 5
a 647 81 8
a 647 206 10
a 647 318 6
a 647 375 5
a 648 425 3
a 649 22 10
a 649 110 9
a 650 158 6
a 650 498 2
a 651 292 6
a 652 273 1
a 652 290 5
a 653 318 9
a 654 357 10
a 654 517 5
a 654 621 3
a 655 459 1
a 655 647 5
a 656 45 3
a 656 670 3
a 656 764 4
a 657 282 10
a 658 193 8
a 659 291 9
a 659 526 4
a 659 739 5
a 659 805 3
a 659 824 6
a 660 206 4
a 660 644 9
a 660 655 10
a 661 458 5
a 661 888 5
a 662 410 3
a 662 869 7
a 663 270 5
a 663 491 10
a 663 582 3
a 664 443 8
a 665 301 3
a 665 521 5
a 665 695 3
a 666 134 7
a 666 293 3
a 666 465 3
a 667 515 4
a 668 41 8
a 669 164 4
a 669 523 5
a 670 346 3
a 670 790 7
a 671 137 5
a 671 749 10
a 672 491 10
a 672 492 1
a 673 30 3
a 674 156 3
a 674 612 2
a 675 7 7
a 675 687 8
a 676 234 2
a 676 321 6
a 676 728 9
a 677 84 4
a 678 56 10
a 678 385 10
a 678 448 6
a 678 676 1
a 678 680 7
a 679 79 2
a 679 541 6
a 680 383 3
a 680 774 4
a 681 302 8
a 681 329 6
a 681 505 8
a 682 410 4
a 682 769 3
a 682 837 5
a 683 260 1
a 684 593 10
a 685 815 5
a 686 472 6
a 687 627 1
a 687 726 10
a 688 259 8
a 688 413 4
a 688 885 6
a 689 771 2
a 689 787 6
a 690 165 4
a 690 723 3
a 690 894 1
a 691 372 7
a 691 727 3
a 692 11 8
a 692 20 9
a 693 95 3
a 693 107 6
a 694 525 3
a 695 238 2
a 696 38 5
a 696 303 1
a 696 337 5
a 696 438 3
a 696 473 2
a 696 571 1
a 697 472 6
a 698 259 1
a 699 99 3
a 699 233 10
a 700 582 10
a 700 679 8
a 701 496 2
a 702 338 3
a 702 871 8
a 703 220 9
a 703 558 8
a 703 649 2
a 704 767 10
a 705 147 2
a 705 340 6
a 706 29 6
a 706 62 1
a 707 593 5
a 707 615 9
a 707 834 6
a 708 510 2
a 708 752 5
a 708 802 6
a 709 694 1
a 710 93 8
a 710 118 7
a 710 814 2
a 711 439 5
a 712 655 8
a 713 654 5
a 713 747 7
a 713 775 5
a 714 10 2
a 714 681 5
a 715 727 10
a 716 239 1
a 716 311 3
a 716 394 6
a 717 788 3
a 718 708 7
a 718 816 10
a 719 82 8
a 719 754 8
a 720 511 3
a 721 674 6
a 722 753 8
a 723 99 1
a 723 605 4
a 724 133 1
a 724 378 4
a 725 844 2
a 726 245 1
a 727 154 10
a 727 236 7
a 727 685 9
a 728 340 2
a 728 430 2
a 729 331 5
a 729 412 7
a 729 717 7
a 730 369 8
a 731 732 7
a 732 49 9
a 732 173 5
a 733 71 5
a 733 795 9
a 734 435 5
a 734 623 8
a 735 663 10
a 736 259 1
a 736 281 10
a 737 429 9
a 738 847 10
a 739 235 6
a 739 352 1
a 739 549 10
a 739 809 7
a 740 592 8
a 740 595 3
a 741 27 8
a 741 276 1
a 742 231 7
a 742 476 7
a 743 248 8
a 743 274 6
a 743 605 4
a 743 644 3
a 744 319 2
a 744 366 10
a 745 67 9
a 745 74 10
a 745 669 7
a 746 152 3
a 747 309 8
a 748 434 1
a 749 356 5
a 750 590 4
a 750 604 7
a 751 339 5
a 751 588 6
a 752 34 6
a 752 239 10
a 752 616 3
a 753 440 5
a 753 789 3
a 753 798 3
a 753 811 3
a 754 345 3
a 754 533 4
a 755 17 6
a 756 448 5
a 756 651 8
a 756 668 8
a 756 832 2
a 757 857 7
a 758 155 6
a 758 266 2
a 758 724 5
a 758 877 7
a 759 421 3
a 759 493 8
a 760 47 4
a 760 637 1
a 760 784 3
a 761 697 10
a 762 51 8
a 762 874 8
a 763 54 7
a 763 316 7
a 763 539 2
a 764 631 4
a 765 767 6
a 766 97 7
a 766 189 4
a 766 640 7
a 766 870 5
a 767 6 5
a 767 101 2
a 767 364 7
a 767 885 4
a 768 781 8
a 769 692 5
a 770 176 3
a 770 290 5
a 770 389 1
a 770 636 3
a 770 702 1
a 771 810 2
a 772 167 7
a 773 250 8
a 774 94 8
a 774 260 7
a 775 468 8
a 775 616 9
a 775 707 1
a 775 855 10
a 776 546 10
a 776 574 10
a 776 638 10
a 776 671 4
a 776 694 5
a 777 543 7
a 777 617 8
a 778 427 3
a 779 201 9
a 779 650 6
a 780 517 9
a 781 519 10
a 781 884 2
a 782 63 3
a 782 822 6
a 783 154 10
a 783 625 2
a 783 745 7
a 783 774 8
a 784 180 7
a 784 356 1
a 784 813 7
a 785 54 2
a 785 348 3
a 786 628 4
a 786 701 4
a 786 820 1
a 787 664 4
a 787 836 10
a 788 787 8
a 789 784 1
a 790 705 10
a 791 372 7
a 791 848 1
a 792 152 7
a 792 386 6
a 793 515 4
a 794 363 9
a 794 818 6
a 795 356 6
a 795 467 1
a 796 34 10
a 796 721 6
a 797 754 2
a 797 763 9
a 798 81 8
a 799 91 9
a 799 485 3
a 799 788 4
a 800 226 7
a 800 315 7
a 800 422 9
a 800 469 4
a 801 476 7
a 802 528 2
a 802 559 6
a 802 891 5
a 803 64 3
a 803 116 6
a 804 33 7
a 804 279 9
a 805 656 7
a 806 306 2
a 807 33 7
a 808 432 4
a 809 899 5
a 810 646 9
a 811 491 4
a 812 3 7
a 812 205 6
a 812 424 6
a 813 112 8
a 813 185 9
a 813 746 5
a 814 37 9
a 814 642 7
a 815 127 7
a 815 643 7
a 816 877 6
a 817 409 5
a 818 187 2
a 818 392 1
a 818 671 1
a 819 567 6
a 819 645 4
a 820 251 4
a 821 702 1
a 821 797 5
a 822 648 2
a 823 703 5
a 823 809 10
a 824 204 5
a 825 232 6
a 825 705 8
a 826 258 7
a 826 363 9
a 826 623 2
a 827 146 3
a 827 626 8
a 828 132 5
a 828 860 6
a 829 68 7
a 829 89 5
a 829 428 6
a 830 37 5
a 830 218 8
a 830 260 8
a 830 560 10
a 830 662 10
a 831 400 1
a 831 537 6
a 831 897 8
a 832 530 10
a 833 329 6
a 833 490 10
a 833 552 8
a 833 578 1
a 833 587 1
a 834 265 7
a 834 524 2
a 834 742 9
a 835 351 10
a 835 661 3
a 836 333 9
a 837 397 6
a 838 169 9
a 838 183 10
a 838 614 8
a 838 690 3
a 839 457 4
a 839 868 8
a 840 192 10
a 841 171 8
a 841 245 7
a 842 99 5
a 842 133 10
a 842 214 10
a 842 785 2
a 843 9 8
a 843 48 6
a 843 289 2
a 843 763 1
a 844 783 7
a 845 245 3
a 845 251 4
a 846 862 3
a 847 117 4
a 847 316 5
a 847 851 7
a 848 144 5
a 848 283 1
a 849 395 10
a 849 452 8
a 850 170 3
a 850 751 4
a 851 303 1
a 851 661 3
a 852 609 6
a 853 332 9
a 853 682 7
a 854 276 6
a 854 666 2
a 854 859 10
a 855 18 9
a 856 189 1
a 856 292 8
a 856 727 6
a 856 841 8
a 857 110 8
a 857 197 4
a 857 626 2
a 858 475 4
a 858 702 6
a 859 563 2
a 860 145 4
a 860 167 4
a 860 210 6
a 860 309 8
a 860 872 6
a 861 88 3
a 861 165 4
a 861 636 10
a 861 692 6
a 862 561 3
a 862 829 5
a 863 265 2
a 864 422 10
a 864 840 9
a 865 85 7
a 865 184 8
a 865 697 8
a 866 715 8
a 867 186 6
a 867 359 1
a 867 443 9
a 868 240 5
a 868 381 4
a 868 520 3
a 869 859 6
a 870 35 2
a 870 347 2
a 871 51 7
a 871 354 9
a 872 587 5
a 873 333 2
a 874 885 1
a 875 706 10
a 875 857 10
a 876 307 8
a 876 382 4
a 877 698 3
a 878 557 5
a 879 96 3
a 880 215 2
a 881 366 8
a 882 800 6
a 882 878 3
a 883 53 2
a 883 437 5
a 884 255 4
a 885 131 10
a 885 679 3
a 886 372 1
a 886 606 4
a 887 133 9
a 888 25 6
a 888 463 1
a 889 235 5
a 889 287 5
a 890 56 2
a 891 168 5
a 891 758 9
a 892 9 3
a 892 474 6
a 893 268 5
a 893 471 5
a 894 793 4
a 894 891 3
a 895 245 2
a 896 39 1
a 896 126 8
a 896 696 5
a 897 306 9
a 898 55 1
a 898 102 5
a 898 489 9
a 898 501 10
a 898 657 3
a 898 808 6
a 898 880 3
a 898 886 4
a 899 646 4
