p max 900 1800
n 1 s
n 900 t
a 1 269 5
a 1 862 2
a 2 411 5
a 3 530 3
a 4 289 10
a 4 722 3
a 5 126 9
a 5 241 8
a 5 424 4
a 5 643 1
a 5 737 10
a 6 770 7
a 7 479 3
a 8 149 2
a 8 252 7
a 9 858 7
a 10 329 6
a 11 311 2
a 11 470 3
a 11 514 1
a 12 474 4
a 12 596 6
a 13 323 5
a 14 242 3
a 14 302 9
a 14 317 2
a 15 402 8
a 15 489 3
a 15 573 1
a 16 113 9
a 16 261 2
a 16 468 2
a 17 93 6
a 17 129 3
a 17 405 2
a 17 450 8
a 17 889 3
a 18 322 7
a 18 758 8
a 19 5 9
a 19 600 8
a 20 534 2
a 20 554 6
a 20 555 4
a 21 751 7
a 22 508 7
a 23 192 4
a 23 218 9
a 23 276 2
a 23 309 8
a 23 596 5
a 24 567 8
a 25 891 5
a 26 783 9
a 26 805 9
a 27 297 7
a 27 303 4
a 28 145 3
a 29 267 9
a 29 413 9
a 29 704 9
a 30 94 2
a 30 334 4
a 31 295 3
a 31 842 5
a 32 178 5
a 32 369 3
a 33 47 9
a 33 723 8
a 34 20 1
a 34 165 5
a 35 8 8
a 35 769 6
a 36 509 7
a 36 867 3
a 37 432 6
a 37 900 9
a 38 614 10
a 39 437 1
a 40 263 3
a 40 283 7
a 40 545 3
a 41 772 6
a 42 251 9
a 42 371 4
a 42 547 8
a 42 813 1
a 43 302 7
a 44 598 2
a 44 720 2
a 45 206 4
a 45 854 2
a 46 290 1
a 46 809 9
a 47 259 9
a 47 554 6
a 48 547 5
a 49 229 4
a 49 410 2
a 50 367 6
a 50 489 3
a 50 740 6
a 51 73 6
a 51 202 7
a 51 433 3
a 51 562 7
a 51 836 3
a 52 305 9
a 52 832 4
a 53 245 3
a 53 390 1
a 53 478 7
a 53 893 3
a 54 356 8
a 54 683 4
a 54 749 6
a 55 592 3
a 56 127 9
a 56 644 8
a 56 689 8
a 57 513 9
a 57 589 4
a 58 221 4
a 59 473 4
a 60 442 8
a 60 705 1
a 60 818 2
a 61 829 1
a 62 339 7
a 62 428 8
a 63 549 4
a 63 631 2
a 64 560 5
a 64 574 3
a 64 657 3
a 65 55 9
a 65 195 3
a 66 591 2
a 66 734 7
a 67 195 8
a 68 288 7
a 69 571 6
a 70 469 7
a 71 130 5
a 71 773 3
a 72 409 7
a 73 309 2
a 74 24 9
a 74 215 8
a 74 483 6
a 75 243 3
a 76 659 3
a 76 795 9
a 77 314 1
a 77 372 8
a 77 730 4
a 78 83 7
a 78 194 10
a 78 600 9
a 79 659 2
a 80 622 4
a 80 749 8
a 81 34 4
a 81 455 4
a 81 881 1
a 82 270 4
a 82 299 10
a 83 12 8
a 83 537 7
a 84 477 9
a 84 811 7
a 84 832 2
a 85 187 9
a 85 483 6
a 86 456 6
a 86 471 8
a 86 671 1
a 87 401 2
a 87 756 3
a 88 232 7
a 89 282 2
a 89 524 9
a 89 557 8
a 90 365 6
a 91 827 9
a 92 198 10
a 92 232 5
a 92 785 9
a 93 354 8
a 94 43 6
a 94 676 6
a 95 37 5
a 96 828 5
a 97 741 2
a 97 833 8
a 97 892 9
a 98 501 1
a 98 577 6
a 99 196 3
a 99 890 1
a 100 93 8
a 100 871 3
a 101 563 4
a 101 772 6
a 102 202 7
a 103 437 9
a 103 511 4
a 104 50 2
a 105 407 1
a 106 215 10
a 107 696 2
a 108 411 2
a 108 434 3
a 108 437 1
a 109 115 4
a 110 892 9
a 111 226 5
a 111 726 5
a 111 767 1
a 112 743 1
a 113 607 3
a 114 172 7
a 114 322 2
a 115 533 8
a 116 582 6
a 117 608 7
a 118 831 6
a 119 355 10
a 119 576 6
a 120 452 6
a 120 563 9
a 120 712 4
a 121 286 2
a 121 639 6
a 122 53 1
a 123 167 7
a 123 204 10
a 123 526 4
a 123 711 8
a 124 397 9
a 124 617 7
a 125 622 5
a 125 693 2
a 126 349 7
a 127 73 3
a 127 199 8
a 127 504 8
a 127 523 7
a 128 344 6
a 128 801 7
a 129 494 2
a 130 4 2
a 130 98 9
a 130 227 6
a 131 613 4
a 131 810 6
a 132 420 10
a 132 531 8
a 133 348 7
a 133 464 5
a 133 477 3
a 134 254 2
a 135 200 10
a 135 633 9
a 135 866 3
a 136 481 6
a 137 731 5
a 138 113 3
a 139 867 9
a 140 764 8
a 141 543 6
a 142 4 2
a 142 850 6
a 143 274 5
a 143 323 10
a 144 422 5
a 144 838 1
a 145 698 4
a 145 723 5
a 146 898 5
a 147 44 7
a 147 487 4
a 148 757 4
a 149 559 10
a 149 884 4
a 150 561 6
a 151 52 9
a 151 616 6
a 151 620 8
a 151 788 4
a 151 804 8
a 152 415 8
a 153 64 7
a 153 841 9
a 154 778 7
a 155 132 7
a 156 578 8
a 157 273 3
a 157 346 5
a 158 537 2
a 158 586 6
a 159 85 8
a 159 323 5
a 160 316 5
a 161 134 7
a 161 201 9
a 161 885 3
a 162 302 10
a 163 781 3
a 163 822 1
a 164 41 6
a 164 272 9
a 165 343 7
a 165 520 5
a 165 567 8
a 166 268 3
a 166 270 7
a 166 387 2
a 166 720 6
a 167 176 4
a 168 24 1
a 168 170 1
a 168 540 5
a 169 47 3
a 169 454 9
a 170 173 6
a 170 468 7
a 170 740 8
a 171 98 9
a 172 235 2
a 173 610 3
a 174 171 3
a 175 637 7
a 176 892 6
a 177 2 3
a 177 713 2
a 178 282 9
a 179 54 4
a 179 220 6
a 180 782 9
a 181 684 4
a 182 210 4
a 182 884 4
a 183 280 1
a 183 634 10
a 183 782 1
a 183 813 1
a 184 485 10
a 185 243 6
a 185 858 1
a 186 110 2
a 187 247 8
a 187 698 7
a 187 806 3
a 188 278 4
a 189 556 2
a 190 153 9
a 190 204 7
a 191 771 8
a 192 496 8
a 192 721 10
a 193 707 8
a 194 370 2
a 194 552 10
a 195 3 3
a 195 254 7
a 196 679 4
a 196 705 5
a 197 319 4
a 197 570 6
a 197 663 8
a 198 121 7
a 198 717 8
a 199 702 3
a 199 777 10
a 199 789 9
a 200 174 9
a 200 771 7
a 201 656 3
a 201 875 9
a 202 154 10
a 202 881 2
a 203 271 2
a 203 496 9
a 203 651 9
a 204 221 3
a 204 717 9
a 205 694 1
a 205 811 10
a 205 861 9
a 206 171 1
a 206 419 3
a 207 300 3
a 207 336 4
a 208 31 10
a 208 538 7
a 209 500 1
a 209 774 7
a 210 478 4
a 210 527 6
a 211 376 6
a 211 466 6
a 212 556 5
a 212 888 1
a 213 110 6
a 213 184 3
a 213 348 1
a 213 349 6
a 213 710 7
a 214 16 9
a 214 350 5
a 214 704 10
a 215 899 6
a 216 313 8
a 216 440 8
a 216 900 8
a 217 282 6
a 217 407 6
a 218 828 7
a 219 517 1
a 219 737 7
a 220 359 9
a 220 369 10
a 220 697 8
a 221 484 5
a 221 615 7
a 222 77 1
a 222 103 10
a 223 29 8
a 223 306 1
a 224 146 2
a 225 243 9
a 225 308 10
a 226 41 5
a 226 178 9
a 226 701 5
a 227 276 4
a 228 211 2
a 228 393 4
a 229 194 10
a 230 315 10
a 230 436 7
a 230 645 7
a 231 68 3
a 231 480 3
a 231 533 1
a 232 38 6
a 232 69 8
a 232 166 5
a 232 187 4
a 232 208 7
a 232 822 3
a 233 415 5
a 233 497 8
a 233 808 4
a 234 687 8
a 235 274 4
a 235 500 9
a 236 131 9
a 237 18 2
a 237 554 7
a 237 840 8
a 238 886 1
a 238 893 1
a 239 423 10
a 239 506 2
a 240 14 4
a 240 18 1
a 240 786 1
a 241 421 7
a 241 575 8
a 242 632 2
a 242 642 7
a 243 26 7
a 243 325 7
a 244 380 10
a 244 675 1
a 245 310 8
a 245 375 9
a 245 630 9
a 246 399 9
a 247 285 5
a 248 770 3
a 249 181 8
a 249 742 4
a 250 534 6
a 251 237 6
a 251 564 2
a 251 655 6
a 251 851 5
a 252 102 1
a 252 746 9
a 253 152 3
a 253 426 4
a 253 622 4
a 253 768 2
a 253 797 7
a 254 217 7
a 255 304 3
a 256 424 6
a 256 637 3
a 257 820 3
a 258 411 5
a 259 516 1
a 260 888 9
a 261 38 8
a 262 373 6
a 263 326 4
a 263 842 3
a 264 31 3
a 264 80 6
a 264 463 5
a 264 519 2
a 264 648 7
a 264 708 6
a 265 721 8
a 266 23 5
a 266 730 8
a 267 181 7
a 267 308 5
a 268 124 1
a 269 476 5
a 269 741 9
a 269 755 5
a 270 428 1
a 270 429 5
a 271 357 8
a 272 487 4
a 272 585 2
a 272 792 6
a 273 35 2
a 273 45 10
a 273 425 10
a 273 741 2
a 274 881 1
a 275 29 5
a 275 841 6
a 276 428 5
a 276 623 2
a 277 345 6
a 277 422 1
a 277 679 8
a 278 10 10
a 278 476 2
a 278 516 4
a 278 602 8
a 279 46 5
a 279 678 8
a 279 892 3
a 280 862 5
a 281 138 3
a 281 659 2
a 282 766 7
a 283 373 10
a 283 695 1
a 284 530 5
a 284 823 5
a 284 846 5
a 285 120 4
a 285 503 3
a 286 543 8
a 287 431 6
a 287 512 10
a 288 389 3
a 289 117 3
a 290 301 3
a 290 470 8
a 291 250 6
a 291 761 7
a 292 90 4
a 292 656 5
a 293 35 7
a 294 512 1
a 294 878 6
a 295 140 4
a 295 831 10
a 296 67 6
a 296 246 2
a 296 521 7
a 297 220 5
a 297 769 1
a 298 133 1
a 298 291 3
a 299 100 4
a 299 352 8
a 299 829 1
a 300 637 1
a 300 860 7
a 301 201 6
a 301 281 10
a 301 365 7
a 302 104 1
a 302 826 7
a 302 854 4
a 303 733 9
a 303 746 10
a 304 182 10
a 304 353 10
a 304 531 9
a 305 303 3
a 305 638 10
a 306 37 7
a 306 351 6
a 306 372 6
a 307 39 2
a 307 266 3
a 307 673 2
a 308 145 3
a 308 729 9
a 308 765 3
a 308 878 1
a 309 13 5
a 310 514 8
a 311 4 4
a 312 439 8
a 312 485 2
a 313 290 1
a 314 818 6
a 315 50 6
a 315 550 2
a 316 80 6
a 316 177 2
a 316 821 1
a 316 895 8
a 317 368 5
a 317 416 6
a 318 684 7
a 319 416 6
a 320 99 1
a 320 388 2
a 321 140 3
a 321 900 8
a 322 228 9
a 322 599 10
a 322 692 7
a 322 721 7
a 322 839 7
a 323 115 9
a 323 340 9
a 323 561 1
a 324 499 9
a 324 604 9
a 324 879 6
a 325 108 3
a 325 819 4
a 326 397 5
a 326 451 1
a 327 36 3
a 327 852 1
a 328 771 10
a 328 825 6
a 329 191 7
a 329 678 4
a 330 519 4
a 330 702 1
a 331 55 3
a 332 71 8
a 332 171 10
a 332 234 10
a 332 673 1
a 333 857 2
a 334 259 7
a 334 542 7
a 335 361 6
a 335 473 10
a 336 498 10
a 336 601 7
a 336 863 6
a 337 417 7
a 338 19 6
a 338 764 2
a 338 766 10
a 338 873 8
a 339 786 3
a 340 284 9
a 340 851 3
a 341 216 7
a 342 443 9
a 342 525 10
a 343 819 7
a 344 577 5
a 344 685 10
a 345 338 9
a 345 628 8
a 346 189 2
a 346 256 9
a 346 403 3
a 346 772 2
a 347 687 1
a 348 5 10
a 349 46 8
a 350 879 3
a 351 469 1
a 351 479 8
a 352 186 8
a 352 432 6
a 353 543 10
a 353 648 6
a 354 9 3
a 354 114 9
a 354 845 3
a 355 79 5
a 355 190 8
a 355 617 8
a 356 99 6
a 357 144 2
a 357 336 6
a 358 118 5
a 358 704 5
a 359 360 4
a 359 649 4
a 359 859 1
a 360 754 6
a 360 899 4
a 361 423 9
a 361 776 9
a 362 28 3
a 362 841 7
a 363 68 2
a 363 664 5
a 364 160 4
a 365 625 10
a 366 72 2
a 367 234 7
a 368 376 2
a 368 651 2
a 369 156 10
a 369 257 8
a 370 143 5
a 370 486 1
a 370 502 6
a 371 125 10
a 371 549 4
a 372 176 10
a 373 354 1
a 373 362 5
a 373 603 4
a 374 696 3
a 375 219 7
a 375 277 6
a 376 146 2
a 376 201 8
a 376 373 8
a 376 421 8
a 376 494 5
a 377 684 7
a 378 239 8
a 378 296 4
a 378 386 2
a 378 718 7
a 379 96 9
a 379 751 2
a 380 385 6
a 380 709 4
a 380 897 5
a 381 294 7
a 381 482 2
a 382 501 4
a 383 329 3
a 383 586 10
a 384 234 7
a 384 310 3
a 384 325 6
a 385 734 6
a 386 214 8
a 386 867 6
a 387 142 6
a 388 654 1
a 389 119 7
a 389 128 1
a 389 620 10
a 389 725 7
a 390 491 8
a 390 595 4
a 390 604 2
a 390 779 3
a 390 858 4
a 391 573 10
a 391 687 2
a 392 13 4
a 392 62 1
a 392 553 9
a 393 303 9
a 393 617 4
a 394 322 7
a 395 793 1
a 396 85 4
a 397 163 9
a 398 57 6
a 398 76 10
a 398 611 4
a 399 710 9
a 399 753 9
a 399 883 7
a 400 288 7
a 400 666 10
a 401 74 1
a 402 371 8
a 403 324 5
a 404 523 2
a 405 825 8
a 406 855 2
a 407 814 4
a 408 608 4
a 409 512 5
a 409 807 1
a 410 558 4
a 411 398 2
a 411 574 7
a 412 732 8
a 413 442 10
a 413 465 10
a 413 631 4
a 413 867 7
a 414 446 9
a 414 481 8
a 414 518 4
a 415 120 1
a 415 458 8
a 416 218 8
a 417 584 3
a 418 253 2
a 418 286 6
a 419 487 4
a 420 666 3
a 421 686 2
a 422 631 2
a 423 123 10
a 423 536 4
a 424 151 4
a 424 372 8
a 424 646 10
a 425 156 8
a 425 727 9
a 426 37 3
a 426 366 4
a 427 142 4
a 427 246 1
a 427 554 4
a 428 37 5
a 428 546 7
a 428 558 10
a 428 628 10
a 428 764 2
a 429 240 7
a 430 211 5
a 431 97 1
a 431 806 3
a 432 577 4
a 432 595 2
a 433 106 2
a 433 432 2
a 433 870 8
a 434 53 1
a 434 443 7
a 434 884 10
a 435 67 2
a 436 156 4
a 436 752 3
a 436 769 8
a 437 180 7
a 437 613 8
a 437 648 5
a 438 112 1
a 438 158 4
a 438 494 5
a 439 298 4
a 439 835 1
a 439 848 7
a 440 155 2
a 440 536 6
a 440 606 6
a 440 688 3
a 441 459 8
a 442 126 9
a 443 313 9
a 443 539 4
a 444 474 7
a 445 215 9
a 446 264 9
a 447 101 4
a 447 703 7
a 448 273 8
a 448 290 5
a 448 599 4
a 449 307 8
a 449 476 6
a 449 672 8
a 450 252 1
a 450 469 6
a 450 614 10
a 451 205 9
a 451 417 8
a 452 40 10
a 452 645 1
a 453 260 10
a 453 571 4
a 453 786 2
a 454 594 9
a 455 417 6
a 455 707 8
a 456 179 7
a 456 396 6
a 456 448 7
a 456 802 10
a 457 79 7
a 457 340 9
a 458 836 2
a 459 121 9
a 459 150 7
a 460 652 2
a 460 736 7
a 461 408 5
a 461 565 9
a 462 238 5
a 462 352 2
a 463 609 1
a 463 742 10
a 463 800 8
a 464 104 5
a 465 75 1
a 466 738 5
a 466 829 5
a 466 844 7
a 467 780 10
a 467 874 7
a 468 68 8
a 469 63 1
a 470 835 2
a 471 185 7
a 472 159 7
a 472 366 5
a 473 344 7
a 473 616 7
a 474 447 7
a 474 459 4
a 474 696 5
a 475 337 3
a 475 649 8
a 476 323 7
a 477 30 3
a 477 32 7
a 477 250 9
a 477 648 1
a 477 654 6
a 478 321 7
a 478 887 6
a 479 131 5
a 479 357 6
a 479 361 1
a 480 209 9
a 480 216 1
a 480 581 4
a 481 62 3
a 482 383 4
a 482 709 5
a 483 3 6
a 483 394 1
a 483 604 1
a 484 461 1
a 484 579 5
a 484 744 5
a 485 77 3
a 485 561 3
a 486 38 1
a 486 816 5
a 487 222 5
a 487 760 1
a 487 841 7
a 488 60 1
a 488 372 10
a 488 709 2
a 488 770 1
a 489 611 8
a 489 834 4
a 490 733 2
a 491 185 7
a 492 41 9
a 493 263 8
a 493 630 3
a 494 51 1
a 494 619 10
a 494 686 10
a 495 231 5
a 496 296 6
a 496 565 5
a 496 789 3
a 496 888 1
a 497 768 1
a 498 90 10
a 499 72 5
a 499 557 9
a 499 782 8
a 500 878 3
a 501 35 3
a 502 676 3
a 502 713 2
a 502 829 10
a 503 155 4
a 503 510 3
a 504 515 6
a 504 661 1
a 505 590 4
a 506 148 8
a 506 838 7
a 507 327 6
a 507 637 1
a 508 65 9
a 508 164 6
a 508 505 5
a 508 625 4
a 509 179 10
a 509 671 5
a 510 175 3
a 510 637 5
a 510 894 10
a 511 63 10
a 511 365 8
a 512 199 2
a 512 803 4
a 513 566 2
a 513 790 5
a 513 818 3
a 514 70 1
a 514 179 10
a 514 229 4
a 515 499 5
a 516 94 10
a 516 399 1
a 517 693 6
a 518 98 10
a 518 380 5
a 519 819 9
a 520 630 4
a 521 469 7
a 522 6 9
a 522 147 1
a 522 226 9
a 523 165 6
a 523 482 7
a 523 532 3
a 523 551 10
a 524 757 8
a 525 304 8
a 526 688 10
a 526 732 3
a 527 58 6
a 527 748 3
a 527 896 3
a 528 61 4
a 528 798 3
a 529 71 7
a 530 264 7
a 530 416 7
a 531 101 9
a 532 463 3
a 533 105 2
a 533 255 1
a 534 795 2
a 535 681 10
a 535 699 10
a 535 882 8
a 536 414 4
a 537 198 4
a 537 773 5
a 538 101 6
a 538 808 8
a 539 440 4
a 539 853 1
a 540 561 2
a 540 831 2
a 540 882 10
a 541 277 9
a 541 342 1
a 541 589 5
a 542 511 9
a 542 614 1
a 543 618 2
a 543 899 10
a 544 603 1
a 544 761 3
a 545 575 9
a 546 747 3
a 546 784 8
a 547 209 10
a 547 526 1
a 547 664 7
a 548 108 2
a 548 253 7
a 548 294 2
a 548 650 1
a 549 97 1
a 549 847 5
a 550 86 9
a 550 441 5
a 550 531 6
a 551 715 7
a 552 709 6
a 553 139 7
a 553 246 5
a 553 627 7
a 554 660 8
a 555 493 8
a 555 595 2
a 556 315 5
a 556 462 2
a 556 731 8
a 557 12 1
a 557 495 9
a 557 605 7
a 558 23 7
a 559 238 7
a 559 522 10
a 560 440 6
a 560 468 2
a 561 161 7
a 562 492 2
a 562 667 7
a 563 161 1
a 563 576 2
a 563 862 2
a 564 666 2
a 565 34 3
a 565 90 10
a 565 514 8
a 565 626 5
a 566 610 5
a 567 33 8
a 567 684 2
a 568 367 10
a 568 815 6
a 569 42 1
a 569 195 5
a 569 204 6
a 569 581 1
a 570 496 3
a 571 378 1
a 571 460 8
a 572 496 6
a 573 188 2
a 573 580 6
a 573 897 1
a 574 238 5
a 574 448 9
a 575 898 7
a 576 385 5
a 577 474 5
a 578 212 4
a 578 302 2
a 579 102 7
a 580 59 5
a 580 137 2
a 580 535 1
a 581 633 6
a 582 640 5
a 583 4 5
a 583 383 4
a 584 590 1
a 584 874 10
a 585 618 1
a 586 32 3
a 587 128 3
a 587 172 7
a 588 642 1
a 589 111 1
a 590 159 9
a 590 607 6
a 590 629 8
a 591 594 4
a 591 829 3
a 592 181 5
a 592 384 6
a 592 445 5
a 593 435 8
a 593 704 3
a 594 791 9
a 594 825 4
a 595 699 3
a 596 797 1
a 597 382 5
a 597 846 5
a 598 488 9
a 598 857 1
a 599 351 1
a 599 444 1
a 600 27 4
a 600 102 7
a 601 117 4
a 601 527 3
a 601 828 3
a 602 662 2
a 602 726 10
a 603 511 2
a 604 249 3
a 605 550 1
a 605 672 3
a 606 2 2
a 606 35 9
a 607 398 8
a 607 639 3
a 608 153 5
a 608 826 1
a 609 304 3
a 610 132 8
a 610 389 9
a 610 604 2
a 611 374 5
a 611 409 7
a 611 488 8
a 612 114 5
a 612 217 5
a 613 129 1
a 614 741 7
a 614 757 4
a 615 123 7
a 615 364 3
a 615 640 1
a 615 662 9
a 616 492 8
a 616 622 1
a 617 807 6
a 618 657 6
a 619 399 3
a 619 531 6
a 619 817 1
a 620 221 9
a 620 716 1
a 620 783 7
a 620 787 5
a 621 319 8
a 621 888 7
a 622 501 6
a 622 714 8
a 622 796 3
a 623 62 7
a 623 257 8
a 623 618 2
a 623 700 1
a 624 530 7
a 625 88 9
a 625 265 1
a 625 584 5
a 625 898 2
a 626 289 9
a 626 493 2
a 626 752 5
a 627 386 10
a 627 405 7
a 627 578 6
a 628 158 5
a 629 7 10
a 629 215 5
a 629 415 2
a 629 669 2
a 630 622 8
a 630 747 6
a 631 323 6
a 631 430 5
a 631 743 3
a 632 287 2
a 632 466 10
a 632 842 1
a 633 510 10
a 634 187 9
a 635 8 7
a 636 14 2
a 636 230 10
a 637 318 6
a 637 366 1
a 638 160 8
a 638 587 3
a 639 104 7
a 640 107 4
a 640 231 1
a 641 377 2
a 642 348 7
a 642 357 1
a 642 567 2
a 643 256 6
a 643 865 10
a 644 453 7
a 644 537 10
a 645 337 3
a 646 21 3
a 646 289 1
a 647 361 4
a 648 49 1
a 648 221 4
a 648 395 9
a 649 94 5
a 649 136 7
a 650 331 9
a 650 860 4
a 651 302 2
a 651 519 7
a 652 198 2
a 652 614 7
a 652 739 9
a 653 48 5
a 653 66 5
a 653 544 10
a 653 665 7
a 654 22 10
a 654 548 8
a 654 640 4
a 655 697 4
a 656 312 7
a 656 636 5
a 656 877 5
a 657 259 5
a 657 381 9
a 658 130 3
a 659 190 9
a 659 280 2
a 659 677 6
a 660 571 10
a 660 805 7
a 661 345 3
a 662 171 5
a 662 469 8
a 662 852 4
a 663 200 8
a 663 264 10
a 663 467 9
a 664 25 9
a 664 637 1
a 665 438 10
a 665 743 8
a 666 2 10
a 666 574 5
a 667 585 9
a 668 706 8
a 668 794 10
a 669 285 7
a 669 409 8
a 670 223 5
a 670 520 9
a 670 762 5
a 670 830 6
a 671 193 6
a 671 780 3
a 672 157 10
a 673 619 1
a 673 833 7
a 674 661 5
a 674 677 10
a 674 891 4
a 675 149 1
a 675 197 6
a 676 136 2
a 676 164 3
a 677 7 10
a 678 824 3
a 678 833 4
a 679 157 10
a 679 163 6
a 680 92 8
a 680 347 3
a 680 352 1
a 680 449 8
a 681 89 3
a 681 224 4
a 681 660 7
a 682 482 10
a 682 837 7
a 683 676 9
a 684 814 1
a 684 887 5
a 685 213 2
a 685 363 6
a 685 583 1
a 685 618 5
a 686 67 10
a 686 693 6
a 687 263 8
a 688 113 2
a 688 293 8
a 689 79 6
a 690 11 1
a 690 732 7
a 691 204 8
a 692 840 9
a 692 874 7
a 693 96 8
a 693 545 4
a 693 610 4
a 694 423 7
a 694 569 7
a 695 9 6
a 695 798 5
a 696 358 10
a 696 497 6
a 696 591 1
a 697 284 5
a 697 588 1
a 698 101 3
a 699 633 2
a 700 213 1
a 700 475 8
a 701 248 7
a 701 632 3
a 702 222 8
a 703 228 7
a 704 893 3
a 705 758 8
a 706 208 7
a 706 719 1
a 707 119 8
a 708 411 7
a 708 784 10
a 709 612 8
a 710 346 4
a 711 190 8
a 711 362 4
a 711 799 1
a 712 288 1
a 712 532 3
a 713 300 9
a 713 696 4
a 713 781 3
a 714 174 9
a 714 529 8
a 715 612 9
a 716 176 8
a 716 249 1
a 716 399 10
a 717 76 3
a 717 270 8
a 717 382 4
a 717 457 2
a 718 66 3
a 718 684 5
a 718 756 5
a 718 815 10
a 719 162 7
a 719 479 2
a 720 270 9
a 720 497 10
a 720 869 4
a 721 328 3
a 722 759 2
a 723 109 2
a 723 216 10
a 724 342 6
a 725 551 2
a 725 736 5
a 726 484 10
a 726 518 10
a 727 378 6
a 727 723 9
a 728 201 10
a 728 588 4
a 729 618 1
a 730 624 4
a 730 625 6
a 730 753 7
a 730 791 10
a 731 82 3
a 731 145 3
a 731 173 1
a 731 435 2
a 731 593 5
a 732 185 9
a 732 484 10
a 732 691 1
a 733 305 4
a 733 735 10
a 734 307 4
a 735 608 5
a 735 647 3
a 735 791 10
a 736 384 5
a 736 690 2
a 736 890 7
a 737 164 5
a 738 30 2
a 738 490 4
a 739 414 5
a 740 498 4
a 740 790 5
a 740 882 10
a 741 793 7
a 741 868 10
a 742 180 6
a 742 369 8
a 743 160 4
a 743 268 5
a 743 704 6
a 744 91 5
a 744 116 5
a 745 97 6
a 745 345 2
a 746 239 6
a 746 412 6
a 747 279 6
a 748 404 2
a 749 646 9
a 749 668 1
a 749 670 9
a 750 692 10
a 751 517 1
a 752 508 7
a 752 587 7
a 753 657 1
a 754 712 4
a 755 582 6
a 755 728 6
a 756 759 3
a 756 847 3
a 756 872 8
a 757 46 10
a 757 236 10
a 757 775 9
a 758 102 9
a 758 653 3
a 759 275 6
a 759 885 1
a 760 607 9
a 760 855 6
a 761 207 9
a 762 241 4
a 762 592 8
a 763 592 10
a 764 166 7
a 764 312 6
a 764 406 1
a 765 5 9
a 765 29 10
a 765 203 1
a 766 390 6
a 766 876 10
a 767 646 1
a 768 344 9
a 769 11 6
a 769 278 10
a 770 107 3
a 770 279 6
a 770 537 3
a 770 717 3
a 771 614 8
a 772 586 7
a 773 510 1
a 774 409 4
a 775 403 7
a 776 181 8
a 776 244 2
a 776 843 5
a 777 180 10
a 777 235 9
a 778 615 7
a 778 798 7
a 779 328 2
a 779 666 3
a 780 32 9
a 781 728 6
a 781 810 2
a 782 312 10
a 782 324 4
a 782 724 6
a 783 67 4
a 783 623 5
a 783 682 6
a 784 438 10
a 784 706 3
a 785 304 5
a 785 489 3
a 786 560 3
a 786 730 5
a 787 195 5
a 787 291 5
a 788 167 5
a 788 793 6
a 789 209 7
a 789 262 7
a 789 332 6
a 790 458 10
a 790 727 6
a 791 423 8
a 792 143 10
a 792 160 4
a 792 635 7
a 792 812 6
a 793 264 8
a 793 586 8
a 794 75 9
a 794 320 10
a 794 351 9
a 795 122 9
a 795 349 7
a 796 123 8
a 796 292 4
a 796 771 10
a 797 429 10
a 798 285 6
a 799 207 8
a 799 364 7
a 799 391 3
a 800 477 3
a 801 265 7
a 801 443 3
a 801 520 5
a 802 759 3
a 802 767 9
a 802 801 5
a 803 736 8
a 804 321 2
a 804 442 8
a 805 81 6
a 805 646 3
a 806 337 5
a 806 341 8
a 806 377 1
a 806 416 1
a 806 507 9
a 807 15 4
a 807 168 7
a 807 240 10
a 807 425 5
a 807 641 3
a 808 305 2
a 809 892 10
a 810 135 2
a 810 279 4
a 810 637 1
a 811 409 3
a 811 868 7
a 812 536 9
a 812 680 2
a 813 93 1
a 814 900 3
a 815 130 7
a 816 70 6
a 816 87 6
a 816 417 10
a 817 124 6
a 817 452 6
a 818 17 10
a 818 183 1
a 818 418 8
a 819 568 10
a 819 860 10
a 820 316 8
a 820 506 10
a 820 795 6
a 821 215 7
a 822 89 2
a 822 585 6
a 823 206 1
a 823 848 3
a 824 235 1
a 825 124 2
a 825 269 8
a 825 535 7
a 825 587 3
a 826 379 3
a 826 473 5
a 826 718 4
a 826 851 4
a 826 856 10
a 827 345 2
a 828 225 10
a 828 276 6
a 829 141 3
a 829 791 10
a 830 97 8
a 830 674 7
a 831 654 3
a 832 538 1
a 832 849 1
a 833 115 10
a 834 689 10
a 834 844 9
a 835 258 10
a 835 380 4
a 836 133 1
a 837 169 3
a 837 247 4
a 837 368 4
a 837 731 2
a 838 100 4
a 839 56 8
a 839 517 5
a 840 564 1
a 841 739 10
a 842 34 10
a 842 519 10
a 843 133 7
a 844 143 10
a 844 820 6
a 845 314 2
a 846 107 10
a 846 157 8
a 847 91 8
a 847 117 3
a 847 579 4
a 847 632 10
a 847 776 9
a 848 181 10
a 848 333 6
a 849 49 1
a 849 287 1
a 849 827 1
a 850 53 4
a 850 330 7
a 851 113 4
a 851 745 4
a 852 555 4
a 853 62 6
a 854 27 10
a 855 68 10
a 855 600 10
a 856 58 9
a 856 111 5
a 856 302 5
a 856 836 6
a 857 328 1
a 857 750 3
a 857 809 7
a 858 17 8
a 858 826 8
a 858 880 1
a 859 619 7
a 860 812 5
a 861 688 10
a 862 78 3
a 862 477 4
a 863 203 2
a 863 243 1
a 863 763 9
a 864 146 6
a 864 392 6
a 865 167 2
a 865 211 3
a 865 404 8
a 866 236 6
a 866 597 7
a 867 319 4
a 867 485 3
a 867 541 8
a 868 826 5
a 869 314 3
a 870 233 9
a 870 776 7
a 871 552 2
a 871 572 8
a 872 552 8
a 872 793 5
a 873 528 8
a 873 700 7
a 873 715 9
a 874 543 8
a 875 817 5
a 876 99 3
a 876 225 4
a 876 260 4
a 877 84 5
a 877 135 6
a 877 159 3
a 877 423 5
a 878 414 4
a 878 489 2
a 879 769 4
a 879 778 8
a 880 78 9
a 881 308 5
a 881 427 9
a 881 518 3
a 882 660 1
a 882 735 10
a 883 606 9
a 884 104 1
a 885 135 5
a 886 375 5
a 887 400 1
a 887 726 3
a 888 472 4
a 888 786 7
a 888 864 4
a 889 93 2
a 890 74 5
a 890 214 6
a 890 255 9
a 890 481 6
a 891 521 4
a 891 747 9
a 892 610 8
a 892 612 6
a 893 763 9
a 894 323 4
a 894 335 7
a 894 339 8
a 895 621 5
a 895 700 8
a 896 525 1
a 896 746 10
a 897 165 10
a 898 95 2
a 898 274 2
a 899 309 10
a 899 658 3
