p max 900 1800
n 1 s
n 900 t
a 1 313 5
a 1 324 7
a 1 732 1
a 2 578 6
a 3 160 10
a 3 276 1
a 4 130 2
a 4 705 7
a 5 50 8
a 5 387 8
a 6 38 4
a 6 155 2
a 6 306 10
a 7 378 4
a 8 196 3
a 8 580 5
a 8 704 4
a 8 873 3
a 9 181 4
a 10 48 10
a 10 745 9
a 11 117 3
a 11 820 7
a 12 65 4
a 12 663 2
a 13 578 4
a 13 787 5
a 14 275 7
a 15 62 8
a 15 753 6
a 16 66 8
a 16 404 10
a 17 363 2
a 17 609 6
a 18 322 9
a 19 323 3
a 19 532 4
a 20 315 10
a 20 460 5
a 20 527 1
a 20 699 1
a 21 58 9
a 21 636 4
a 22 380 9
a 23 40 3
a 23 278 8
a 23 312 8
a 24 721 4
a 24 742 6
a 25 558 1
a 25 675 7
a 26 110 8
a 26 221 2
a 26 375 9
a 27 238 9
a 27 543 2
a 28 132 4
a 29 292 10
a 29 384 4
a 29 459 7
a 29 576 4
a 30 499 1
a 30 740 8
a 31 129 6
a 31 454 5
a 32 643 8
a 33 559 6
a 34 77 6
a 34 135 7
a 34 256 10
a 35 142 7
a 36 756 7
a 36 875 8
a 37 4 3
a 38 472 3
a 39 491 5
a 39 833 1
a 40 566 5
a 41 454 4
a 41 796 1
a 42 405 7
a 43 791 4
a 43 857 10
a 44 720 1
a 45 192 5
a 45 316 9
a 45 749 10
a 46 74 7
a 46 94 5
a 46 397 2
a 47 860 3
a 48 508 8
a 49 638 1
a 50 382 7
a 50 521 3
a 51 669 9
a 52 141 10
a 52 153 8
a 52 284 4
a 53 105 8
a 53 214 6
a 54 381 7
a 54 665 4
a 55 539 9
a 56 378 5
a 57 46 4
a 57 780 2
a 58 162 5
a 58 244 9
a 59 134 1
a 60 225 3
a 60 277 10
a 60 686 7
a 61 684 3
a 62 345 8
a 62 704 7
a 63 255 1
a 63 514 2
a 64 591 8
a 65 159 5
a 65 209 4
a 65 598 7
a 65 601 8
a 66 485 9
a 66 827 5
a 67 599 10
a 68 383 7
a 68 645 7
a 69 158 5
a 69 743 2
a 70 365 5
a 70 750 10
a 71 218 5
a 71 785 3
a 71 821 10
a 72 376 4
a 73 48 7
a 73 500 9
a 73 710 2
a 73 888 10
a 74 32 1
a 74 60 5
a 74 570 6
a 75 6 8
a 75 309 7
a 75 693 6
a 76 579 7
a 76 773 10
a 77 304 8
a 78 195 10
a 78 836 5
a 79 25 5
a 80 359 1
a 81 770 1
a 82 636 9
a 83 326 6
a 83 772 5
a 84 253 2
a 84 681 2
a 84 793 9
a 85 337 6
a 85 583 6
a 85 794 7
a 86 576 7
a 87 602 4
a 87 783 9
a 88 193 10
a 88 361 4
a 89 728 6
a 89 766 5
a 90 572 10
a 91 472 1
a 91 729 7
a 91 779 7
a 92 376 4
a 92 395 5
a 92 589 5
a 92 652 10
a 93 83 10
a 93 107 5
a 93 304 6
a 93 342 5
a 94 442 9
a 95 13 3
a 96 604 8
a 97 76 4
a 97 329 5
a 98 481 4
a 98 529 3
a 99 647 7
a 99 650 6
a 100 70 9
a 100 857 5
a 101 414 2
a 101 814 6
a 102 684 6
a 102 705 1
a 102 722 6
a 102 851 5
a 102 852 3
a 103 102 10
a 103 418 9
a 104 493 7
a 104 871 1
a 105 345 6
a 105 808 9
a 106 73 6
a 106 563 6
a 106 898 4
a 107 472 8
a 107 752 5
a 108 346 7
a 108 502 8
a 109 258 8
a 109 361 5
a 109 577 7
a 110 7 1
a 110 319 8
a 110 421 1
a 110 698 5
a 111 93 9
a 111 415 10
a 112 88 5
a 113 814 10
a 114 526 4
a 114 560 7
a 115 661 2
a 116 551 3
a 117 57 2
a 117 467 2
a 117 552 2
a 118 7 10
a 118 760 4
a 119 108 3
a 119 555 9
a 120 42 9
a 120 234 1
a 120 725 2
a 121 442 5
a 121 843 5
a 122 90 2
a 122 450 5
a 123 539 2
a 123 556 2
a 124 37 6
a 124 51 6
a 124 173 6
a 124 563 10
a 124 568 7
a 124 784 6
a 125 692 8
a 126 852 10
a 127 701 5
a 127 835 5
a 128 324 1
a 128 335 7
a 129 119 8
a 129 297 8
a 129 385 6
a 130 475 2
a 131 354 7
a 131 864 4
a 132 255 3
a 133 317 5
a 133 887 4
a 134 37 7
a 134 373 8
a 135 435 6
a 136 211 5
a 136 607 10
a 137 887 7
a 138 154 6
a 138 471 7
a 138 666 5
a 139 339 7
a 139 810 3
a 140 470 7
a 140 712 8
a 141 59 10
a 142 385 8
a 142 518 10
a 143 202 7
a 144 236 9
a 144 326 4
a 144 469 1
a 144 616 4
a 144 677 8
a 145 599 8
a 145 735 10
a 146 517 6
a 146 873 1
a 147 690 7
a 147 859 3
a 148 651 4
a 149 175 3
a 150 389 3
a 150 659 1
a 151 68 3
a 151 321 10
a 152 103 3
a 153 111 10
a 153 266 6
a 153 449 7
a 154 852 2
a 155 301 2
a 155 874 8
a 156 590 8
a 157 674 8
a 158 104 5
a 158 429 2
a 159 46 4
a 159 174 2
a 160 893 4
a 161 79 3
a 161 372 6
a 161 726 1
a 161 786 10
a 162 241 1
a 162 310 7
a 162 761 6
a 163 886 1
a 164 205 4
a 165 781 2
a 165 844 3
a 166 136 2
a 166 392 1
a 166 685 10
a 166 731 6
a 167 225 5
a 168 409 1
a 168 645 9
a 169 207 4
a 169 790 4
a 170 735 3
a 171 661 5
a 171 831 10
a 172 50 1
a 172 765 6
a 173 290 9
a 174 258 7
a 174 750 1
a 175 52 10
a 175 463 4
a 176 22 8
a 176 237 9
a 176 872 5
a 177 266 2
a 178 438 1
a 178 564 2
a 179 330 7
a 180 206 1
a 180 487 4
a 180 573 1
a 181 591 7
a 181 631 9
a 181 656 6
a 182 164 8
a 183 268 6
a 183 288 10
a 183 519 3
a 184 449 3
a 185 20 3
a 185 502 2
a 185 546 6
a 186 36 6
a 186 474 7
a 187 476 8
a 187 778 1
a 188 408 3
a 188 516 5
a 189 163 5
a 189 866 8
a 190 168 2
a 190 456 1
a 191 236 2
a 191 757 10
a 191 813 2
a 192 467 6
a 192 761 7
a 193 87 9
a 193 541 1
a 193 854 6
a 194 390 8
a 194 717 2
a 195 15 7
a 195 184 8
a 196 441 3
a 197 123 8
a 197 205 4
a 198 488 2
a 198 663 4
a 199 201 3
a 200 711 8
a 201 296 6
a 201 452 7
a 202 9 3
a 202 562 9
a 202 596 7
a 203 715 6
a 203 809 1
a 204 291 6
a 204 851 1
a 205 500 1
a 206 89 7
a 206 354 8
a 206 723 6
a 207 268 9
a 207 380 1
a 208 620 6
a 208 692 6
a 209 670 6
a 210 293 3
a 210 730 8
a 210 815 8
a 211 528 7
a 211 694 4
a 212 211 4
a 213 285 4
a 213 695 3
a 214 496 8
a 215 80 7
a 215 165 5
a 215 656 1
a 216 165 7
a 217 115 5
a 217 874 5
a 218 608 1
a 218 748 7
a 219 171 6
a 220 202 10
a 220 743 4
a 221 239 3
a 221 849 9
a 222 512 10
a 223 504 9
a 224 302 3
a 224 765 1
a 225 19 1
a 226 355 6
a 226 361 7
a 227 436 1
a 228 654 5
a 228 888 10
a 229 317 7
a 229 468 6
a 230 434 6
a 230 597 2
a 231 26 6
a 231 378 9
a 231 846 7
a 232 11 6
a 232 330 10
a 232 352 2
a 232 606 10
a 233 810 5
a 233 893 5
a 234 572 10
a 235 217 1
a 235 618 5
a 236 309 2
a 236 444 9
a 236 529 7
a 236 892 2
a 237 665 5
a 238 229 7
a 238 403 6
a 239 286 9
a 239 582 6
a 239 636 7
a 239 729 3
a 240 724 9
a 241 172 7
a 241 218 10
a 241 367 5
a 242 82 3
a 242 158 2
a 242 362 4
a 242 650 2
a 243 26 6
a 243 572 8
a 243 795 8
a 244 167 9
a 245 400 9
a 245 678 10
a 246 295 6
a 247 102 3
a 247 588 4
a 248 312 7
a 248 868 3
a 249 752 5
a 250 32 2
a 250 171 2
a 250 475 8
a 251 225 9
a 251 651 4
a 251 782 3
a 252 743 10
a 253 208 3
a 253 602 3
a 254 176 5
a 254 393 2
a 254 829 1
a 255 570 5
a 255 844 2
a 256 130 1
a 257 758 6
a 258 120 6
a 259 706 1
a 259 775 3
a 260 91 4
a 260 843 2
a 261 223 8
a 262 289 5
a 262 495 4
a 263 690 8
a 264 38 5
a 264 436 10
a 264 520 10
a 264 584 10
a 264 694 3
a 265 28 9
a 265 86 8
a 265 327 8
a 266 641 4
a 267 241 7
a 268 20 4
a 268 389 8
a 268 412 7
a 268 577 6
a 269 594 8
a 270 191 2
a 270 453 8
a 271 248 4
a 271 543 2
a 272 123 2
a 272 235 1
a 273 630 6
a 273 663 3
a 274 190 7
a 274 632 6
a 275 141 9
a 276 559 5
a 276 741 7
a 277 12 3
a 277 308 7
a 277 850 5
a 277 879 6
a 278 795 6
a 279 405 9
a 279 418 2
a 280 645 7
a 280 783 3
a 281 424 10
a 281 512 6
a 282 25 10
a 282 550 8
a 282 783 8
a 283 417 8
a 283 697 8
a 284 151 10
a 284 671 2
a 285 88 9
a 285 462 7
a 285 525 9
a 286 61 8
a 287 175 3
a 287 281 2
a 287 290 8
a 288 98 5
a 289 296 9
a 289 433 7
a 289 492 7
a 289 583 7
a 289 702 1
a 289 718 8
a 290 387 1
a 290 442 1
a 291 470 3
a 291 662 1
a 292 263 10
a 293 87 1
a 293 318 3
a 293 391 9
a 293 434 3
a 294 548 8
a 294 891 4
a 295 9 5
a 295 122 3
a 295 615 7
a 296 177 7
a 297 571 6
a 298 121 2
a 299 245 3
a 299 350 4
a 299 353 3
a 299 885 6
a 300 767 5
a 300 866 5
a 301 443 9
a 301 483 6
a 302 166 6
a 302 516 10
a 303 682 10
a 304 19 9
a 304 453 7
a 304 717 2
a 305 637 4
a 305 698 1
a 306 687 9
a 307 213 3
a 307 461 6
a 307 606 8
a 308 619 2
a 308 800 3
a 309 595 10
a 310 39 6
a 310 571 8
a 311 160 4
a 311 661 4
a 312 164 2
a 312 737 4
a 313 518 5
a 313 620 5
a 314 75 8
a 314 198 4
a 314 260 6
a 314 553 9
a 314 713 5
a 315 578 10
a 316 83 3
a 317 92 7
a 317 300 3
a 317 599 1
a 318 507 10
a 318 764 7
a 318 870 1
a 319 652 4
a 319 771 1
a 320 166 2
a 321 9 8
a 321 784 8
a 321 798 3
a 322 100 5
a 322 271 5
a 322 571 5
a 323 291 4
a 323 295 5
a 323 864 9
a 324 267 4
a 324 796 10
a 324 820 6
a 325 199 7
a 325 424 1
a 325 477 5
a 326 544 5
a 326 577 3
a 327 201 4
a 327 284 2
a 328 121 4
a 328 351 7
a 328 676 3
a 328 823 3
a 329 210 4
a 330 737 3
a 331 220 9
a 331 368 8
a 332 457 3
a 332 841 5
a 332 845 9
a 333 116 4
a 333 128 9
a 333 158 7
a 334 189 8
a 335 367 4
a 335 396 4
a 335 406 3
a 336 133 2
a 336 447 10
a 336 657 7
a 336 671 5
a 337 235 4
a 337 513 8
a 337 664 5
a 338 78 6
a 338 134 9
a 338 321 8
a 338 763 9
a 339 777 4
a 339 860 1
a 340 429 3
a 340 673 6
a 341 269 2
a 341 780 7
a 342 352 7
a 343 570 5
a 344 44 3
a 344 579 4
a 344 618 5
a 345 185 5
a 346 127 9
a 346 237 9
a 347 129 5
a 347 340 8
a 348 435 2
a 349 159 10
a 349 386 2
a 349 648 8
a 350 167 3
a 351 590 2
a 352 303 6
a 352 459 3
a 353 413 1
a 353 646 3
a 354 432 9
a 354 701 1
a 355 349 10
a 355 379 2
a 355 632 8
a 355 726 1
a 356 333 10
a 357 489 6
a 357 763 6
a 357 806 9
a 358 224 1
a 358 364 6
a 359 420 4
a 360 772 8
a 361 888 9
a 362 477 10
a 362 889 4
a 363 135 9
a 364 57 10
a 364 492 1
a 364 758 9
a 365 715 10
a 365 874 2
a 366 139 5
a 366 451 2
a 366 480 9
a 366 639 8
a 367 133 2
a 367 605 7
a 368 420 4
a 368 508 8
a 369 122 3
a 369 157 2
a 369 542 10
a 370 820 5
a 371 62 10
a 371 874 9
a 372 537 2
a 372 548 4
a 373 112 3
a 374 15 8
a 375 304 10
a 376 61 6
a 376 628 9
a 377 120 5
a 377 725 9
a 378 273 9
a 378 668 7
a 379 561 6
a 380 85 9
a 381 126 5
a 382 276 9
a 382 803 7
a 382 814 6
a 382 819 5
a 383 459 5
a 384 681 7
a 385 33 7
a 385 328 6
a 386 350 4
a 386 532 8
a 386 698 8
a 387 341 1
a 387 357 5
a 388 681 2
a 389 192 4
a 389 890 5
a 390 752 10
a 391 783 3
a 392 596 1
a 393 448 7
a 393 537 1
a 394 181 10
a 394 669 7
a 395 798 8
a 396 85 7
a 396 400 5
a 396 740 8
a 396 866 2
a 397 53 1
a 397 474 2
a 398 264 5
a 399 840 10
a 400 588 7
a 401 435 4
a 402 669 7
a 402 877 3
a 403 481 4
a 404 428 8
a 405 261 2
a 405 634 2
a 405 847 9
a 406 574 3
a 407 273 3
a 407 646 2
a 408 294 5
a 408 868 9
a 409 739 9
a 410 106 9
a 411 678 1
a 412 697 4
a 412 733 3
a 413 83 3
a 413 156 9
a 413 537 8
a 413 720 1
a 414 235 4
a 414 306 1
a 415 118 9
a 415 122 3
a 416 186 4
a 416 208 3
a 417 644 3
a 418 81 2
a 418 132 6
a 418 387 6
a 418 603 10
a 418 812 4
a 419 489 1
a 420 146 8
a 420 338 9
a 420 466 2
a 420 640 7
a 421 172 1
a 422 97 5
a 422 476 9
a 422 886 8
a 423 73 9
a 423 682 2
a 424 815 9
a 425 103 5
a 425 575 10
a 426 600 6
a 426 603 1
a 427 780 9
a 428 789 5
a 429 99 3
a 429 524 5
a 429 638 9
a 429 766 9
a 430 50 8
a 431 18 5
a 431 110 2
a 431 366 10
a 432 515 5
a 433 223 1
a 433 517 9
a 433 820 5
a 433 883 6
a 434 487 6
a 435 678 5
a 435 776 7
a 436 282 9
a 437 295 10
a 437 369 9
a 438 466 2
a 438 592 8
a 438 863 1
a 439 78 1
a 439 250 5
a 440 218 8
a 440 525 9
a 441 547 3
a 441 776 4
a 442 186 7
a 443 161 2
a 443 403 10
a 443 531 8
a 443 538 2
a 444 328 10
a 444 494 8
a 444 506 3
a 444 711 9
a 445 298 1
a 445 524 7
a 446 664 7
a 446 841 2
a 447 863 8
a 447 900 2
a 448 536 7
a 448 897 1
a 449 66 3
a 449 148 4
a 449 420 6
a 450 371 8
a 450 751 7
a 451 270 4
a 451 841 4
a 452 112 7
a 452 770 6
a 453 114 9
a 454 298 3
a 454 688 9
a 455 137 2
a 455 556 2
a 456 297 6
a 456 392 10
a 457 166 3
a 458 56 2
a 458 744 10
a 458 816 8
a 459 404 1
a 459 857 9
a 459 895 7
a 460 448 3
a 460 586 1
a 460 757 8
a 461 42 7
a 462 164 8
a 462 727 5
a 463 363 2
a 463 466 2
a 464 274 5
a 464 765 6
a 465 4 7
a 465 106 4
a 465 347 6
a 466 227 6
a 467 177 6
a 467 332 8
a 467 623 3
a 468 320 7
a 468 413 5
a 469 48 7
a 469 217 1
a 469 237 6
a 470 344 5
a 470 514 8
a 470 825 10
a 471 340 5
a 472 187 3
a 472 681 2
a 472 797 4
a 473 282 5
a 473 620 4
a 473 724 6
a 474 844 7
a 475 516 4
a 475 761 3
a 476 75 6
a 476 108 4
a 476 604 8
a 477 210 9
a 477 637 1
a 478 358 9
a 478 565 7
a 479 157 6
a 479 194 4
a 479 535 4
a 479 633 10
a 479 681 6
a 480 134 10
a 480 352 3
a 481 12 2
a 481 96 10
a 481 884 7
a 482 68 10
a 482 778 6
a 483 819 8
a 484 323 7
a 484 759 5
a 485 755 5
a 486 429 5
a 486 526 4
a 487 276 2
a 487 833 10
a 488 356 6
a 488 497 4
a 488 670 10
a 489 4 10
a 489 790 1
a 490 46 2
a 491 232 2
a 492 498 5
a 492 660 8
a 493 489 7
a 493 566 9
a 494 748 2
a 495 687 9
a 495 848 8
a 496 228 9
a 496 279 6
a 497 356 7
a 498 653 2
a 499 569 3
a 500 236 9
a 500 495 4
a 501 24 4
a 501 244 10
a 501 644 7
a 502 742 5
a 502 801 1
a 503 707 7
a 504 256 7
a 505 54 3
a 505 111 9
a 505 113 8
a 505 603 1
a 506 711 3
a 507 304 1
a 508 67 9
a 508 609 9
a 509 410 2
a 510 888 3
a 511 864 3
a 512 98 9
a 512 265 7
a 512 606 1
a 513 170 6
a 513 464 7
a 513 674 6
a 514 16 7
a 514 143 5
a 515 342 3
a 516 220 2
a 516 826 7
a 517 675 2
a 518 100 10
a 519 214 2
a 519 329 4
a 519 416 10
a 519 593 2
a 520 695 6
a 520 863 9
a 521 110 1
a 521 275 7
a 521 341 3
a 522 417 9
a 522 543 3
a 523 5 1
a 524 486 4
a 525 867 10
a 526 55 10
a 526 663 6
a 526 716 1
a 526 721 10
a 527 219 1
a 527 410 10
a 528 844 8
a 529 41 10
a 529 586 8
a 530 35 4
a 530 197 2
a 531 406 7
a 531 590 7
a 532 203 5
a 533 23 10
a 533 146 2
a 534 411 2
a 535 813 8
a 535 837 2
a 536 415 2
a 537 147 2
a 538 738 6
a 538 784 8
a 538 869 6
a 539 687 9
a 540 40 2
a 541 55 7
a 542 635 5
a 543 422 5
a 544 366 8
a 544 646 10
a 544 700 6
a 544 746 1
a 545 194 4
a 545 652 2
a 546 256 6
a 547 100 8
a 547 488 6
a 547 829 3
a 548 196 8
a 549 4 10
a 550 84 3
a 550 511 1
a 550 632 9
a 551 534 4
a 552 431 3
a 552 477 5
a 552 676 6
a 553 398 7
a 554 315 2
a 554 504 3
a 555 129 3
a 555 689 10
a 556 34 9
a 557 661 1
a 558 114 1
a 558 426 8
a 559 821 8
a 560 230 4
a 560 898 8
a 561 570 8
a 561 662 8
a 562 873 6
a 563 414 9
a 564 18 4
a 564 590 1
a 565 810 2
a 566 657 8
a 566 658 8
a 567 99 2
a 568 356 5
a 568 494 8
a 569 143 5
a 570 34 9
a 570 626 6
a 571 54 3
a 572 536 1
a 573 40 7
a 573 249 5
a 574 13 3
a 574 769 1
a 575 584 2
a 576 114 9
a 576 766 3
a 577 102 6
a 577 168 10
a 577 900 10
a 578 116 9
a 578 886 7
a 579 85 1
a 579 348 9
a 580 233 1
a 580 686 6
a 580 699 6
a 581 246 3
a 581 532 10
a 582 206 1
a 582 696 4
a 582 861 6
a 583 430 3
a 584 660 6
a 584 688 3
a 585 477 5
a 586 649 10
a 586 777 5
a 587 640 2
a 588 627 5
a 588 856 3
a 589 113 10
a 590 144 3
a 590 286 1
a 590 581 8
a 590 692 3
a 591 18 10
a 592 621 1
a 592 668 8
a 593 234 5
a 594 690 2
a 595 49 7
a 595 89 9
a 596 178 7
a 596 289 3
a 597 64 5
a 597 545 8
a 597 651 5
a 598 188 4
a 598 243 1
a 599 47 6
a 599 75 7
a 599 807 7
a 600 480 1
a 601 640 3
a 601 752 5
a 601 826 7
a 602 453 3
a 602 769 6
a 603 302 5
a 603 437 3
a 603 719 7
a 604 167 8
a 604 492 9
a 604 565 7
a 605 227 7
a 605 483 2
a 606 411 8
a 606 676 5
a 607 513 8
a 608 497 7
a 609 198 6
a 609 463 5
a 609 607 10
a 610 63 2
a 610 699 1
a 611 76 7
a 611 446 9
a 611 454 6
a 612 452 9
a 613 71 2
a 613 92 6
a 614 101 1
a 614 635 3
a 615 401 5
a 615 730 4
a 615 783 6
a 615 894 5
a 616 366 6
a 616 839 10
a 617 386 4
a 617 708 6
a 618 276 8
a 619 436 6
a 619 592 7
a 620 333 9
a 621 249 5
a 621 830 2
a 621 835 10
a 622 455 2
a 622 819 4
a 622 867 4
a 623 833 9
a 624 632 10
a 625 314 1
a 625 635 9
a 625 775 1
a 625 825 7
a 625 882 10
a 626 793 6
a 627 708 6
a 628 26 7
a 628 72 8
a 628 212 10
a 628 452 2
a 629 112 3
a 629 719 7
a 630 116 8
a 630 690 8
a 631 647 4
a 631 789 3
a 632 893 7
a 633 241 2
a 634 697 2
a 634 897 3
a 635 252 7
a 635 397 9
a 635 574 6
a 636 110 8
a 636 762 1
a 637 45 7
a 637 142 10
a 638 24 8
a 638 69 6
a 638 290 5
a 638 322 4
a 638 734 8
a 639 441 1
a 639 458 8
a 639 596 2
a 640 165 4
a 640 838 3
a 640 842 8
a 641 642 4
a 641 802 8
a 642 127 8
a 642 295 3
a 642 737 1
a 643 646 9
a 644 700 9
a 645 731 2
a 646 514 9
a 646 829 9
a 647 46 1
a 647 349 7
a 648 107 7
a 649 823 3
a 650 104 8
a 651 305 1
a 651 811 5
a 652 483 1
a 652 540 9
a 653 254 1
a 653 427 6
a 653 490 2
a 653 503 3
a 653 650 7
a 654 263 9
a 654 334 9
a 655 231 8
a 655 410 10
a 656 430 7
a 657 501 6
a 657 646 10
a 658 353 9
a 658 551 7
a 658 756 7
a 658 768 10
a 659 138 3
a 659 370 10
a 659 465 6
a 659 879 8
a 660 33 8
a 660 628 7
a 660 844 4
a 661 371 1
a 662 340 8
a 662 403 3
a 663 821 3
a 663 874 9
a 663 876 10
a 664 169 8
a 664 194 8
a 664 287 6
a 665 21 10
a 665 622 3
a 665 742 5
a 666 617 5
a 667 7 2
a 667 439 1
a 667 805 5
a 668 275 5
a 669 14 5
a 669 175 3
a 669 490 1
a 669 836 8
a 670 597 6
a 671 29 8
a 671 459 10
a 672 86 2
a 672 401 10
a 672 561 4
a 673 482 2
a 673 621 3
a 674 108 5
a 674 804 2
a 675 696 2
a 676 120 4
a 676 585 2
a 677 53 2
a 677 288 8
a 677 691 10
a 678 197 4
a 678 295 9
a 678 348 1
a 679 880 9
a 679 899 3
a 680 158 3
a 680 761 8
a 681 262 2
a 681 357 6
a 681 773 9
a 682 21 1
a 682 672 4
a 682 754 5
a 683 197 1
a 683 256 5
a 683 459 4
a 684 496 3
a 684 606 6
a 684 653 1
a 684 799 9
a 685 222 2
a 685 388 4
a 685 558 5
a 686 717 8
a 687 112 4
a 687 585 2
a 688 791 5
a 689 69 3
a 689 589 6
a 690 527 7
a 691 151 9
a 691 257 5
a 691 594 2
a 691 811 8
a 692 5 7
a 692 380 6
a 692 683 7
a 693 530 1
a 693 721 6
a 694 81 3
a 695 151 10
a 695 781 6
a 695 862 6
a 696 404 10
a 696 534 9
a 697 63 5
a 697 739 5
a 697 777 8
a 698 616 7
a 699 683 8
a 699 819 5
a 700 622 7
a 701 514 6
a 702 365 4
a 702 761 4
a 703 299 10
a 704 6 10
a 704 147 6
a 704 399 4
a 704 619 5
a 705 764 9
a 706 136 5
a 707 311 7
a 707 507 9
a 707 611 6
a 708 84 1
a 708 137 3
a 708 614 7
a 709 74 4
a 709 440 7
a 710 184 7
a 711 885 4
a 712 182 7
a 712 364 6
a 712 592 2
a 712 601 8
a 713 864 9
a 714 600 8
a 715 643 3
a 716 287 6
a 716 514 3
a 716 660 10
a 717 763 10
a 718 90 6
a 719 10 4
a 719 627 4
a 720 329 9
a 720 343 8
a 720 878 7
a 720 897 5
a 721 242 1
a 721 497 2
a 722 389 1
a 722 828 7
a 723 317 10
a 723 558 5
a 724 228 6
a 725 283 7
a 725 774 1
a 726 531 6
a 727 214 1
a 728 469 5
a 728 573 2
a 729 845 8
a 730 367 5
a 730 508 8
a 730 629 9
a 731 226 3
a 732 189 7
a 732 438 7
a 733 27 6
a 733 250 10
a 733 428 10
a 734 552 8
a 735 366 6
a 735 479 6
a 735 549 3
a 736 183 9
a 736 895 7
a 737 515 2
a 737 867 4
a 738 31 1
a 738 100 9
a 739 15 7
a 739 866 7
a 740 104 8
a 740 691 10
a 741 553 2
a 741 755 6
a 742 366 1
a 743 336 4
a 743 505 4
a 743 558 10
a 743 602 3
a 743 803 6
a 744 150 2
a 744 707 2
a 744 880 9
a 745 34 2
a 745 298 10
a 745 567 10
a 745 726 5
a 746 431 9
a 746 572 3
a 747 889 9
a 748 572 3
a 749 587 4
a 749 863 8
a 750 100 10
a 750 177 9
a 750 189 4
a 750 307 5
a 750 402 3
a 750 670 5
a 750 686 6
a 751 145 6
a 751 339 6
a 752 143 8
a 753 206 6
a 753 617 10
a 754 203 10
a 754 559 10
a 755 49 2
a 755 703 1
a 755 828 9
a 756 195 4
a 756 471 8
a 757 864 5
a 758 768 2
a 759 794 2
a 760 20 3
a 761 864 8
a 762 346 5
a 762 432 4
a 763 797 8
a 764 611 2
a 764 632 1
a 765 616 9
a 765 858 3
a 766 30 7
a 766 773 2
a 767 748 1
a 767 804 4
a 768 537 1
a 769 851 7
a 770 264 7
a 770 315 8
a 770 435 4
a 771 331 1
a 771 533 2
a 772 735 10
a 772 768 2
a 772 810 6
a 772 838 9
a 773 240 2
a 773 308 10
a 773 636 4
a 773 822 8
a 774 292 6
a 775 8 1
a 775 43 5
a 775 655 10
a 776 19 8
a 776 200 3
a 776 346 8
a 776 714 5
a 777 695 5
a 778 411 6
a 779 143 7
a 780 215 4
a 780 554 10
a 780 819 10
a 781 182 6
a 781 484 9
a 782 131 1
a 782 212 1
a 782 523 6
a 783 430 5
a 783 736 3
a 783 866 1
a 784 370 7
a 784 374 10
a 785 756 8
a 786 17 1
a 786 125 3
a 786 183 3
a 787 124 10
a 787 743 4
a 788 10 8
a 788 831 10
a 789 805 9
a 790 232 4
a 790 701 6
a 791 93 2
a 791 351 2
a 792 17 2
a 792 149 9
a 792 669 6
a 793 192 5
a 793 418 1
a 793 450 3
a 794 359 5
a 794 854 6
a 795 808 1
a 796 826 3
a 797 272 3
a 797 557 10
a 797 633 4
a 798 466 9
a 799 743 9
a 800 423 8
a 800 494 7
a 801 398 9
a 801 751 9
a 801 831 8
a 802 204 7
a 802 642 3
a 803 258 2
a 803 331 1
a 804 680 5
a 804 863 5
a 804 887 4
a 805 141 7
a 805 480 6
a 806 620 3
a 807 806 4
a 808 527 1
a 808 787 6
a 809 487 1
a 810 550 9
a 810 865 10
a 811 584 10
a 812 140 5
a 812 641 9
a 813 776 10
a 813 818 10
a 814 283 3
a 814 334 4
a 814 513 5
a 815 47 7
a 815 708 2
a 815 855 10
a 816 3 6
a 816 70 1
a 817 294 2
a 818 569 7
a 819 179 5
a 819 219 10
a 819 394 8
a 820 445 2
a 820 819 4
a 821 105 10
a 822 816 4
a 823 126 10
a 823 295 7
a 823 709 2
a 824 339 8
a 824 340 4
a 825 109 6
a 825 325 6
a 825 713 5
a 826 244 8
a 827 196 7
a 827 732 3
a 827 792 2
a 828 12 10
a 829 5 9
a 830 367 4
a 831 490 6
a 831 824 3
a 832 569 3
a 832 615 5
a 833 432 7
a 833 802 5
a 834 251 4
a 834 817 8
a 834 863 8
a 835 653 10
a 836 555 8
a 836 834 7
a 837 117 3
a 838 696 8
a 839 61 4
a 839 103 6
a 839 152 2
a 839 857 7
a 840 450 3
a 841 228 7
a 841 499 3
a 841 853 1
a 842 91 8
a 842 239 9
a 842 592 4
a 843 299 5
a 843 760 3
a 844 142 10
a 844 768 7
a 845 97 7
a 845 625 1
a 845 747 1
a 846 604 6
a 847 16 2
a 847 170 8
a 847 310 6
a 848 728 7
a 849 223 5
a 850 95 9
a 850 624 4
a 850 778 8
a 851 478 9
a 851 608 6
a 851 610 2
a 851 641 5
a 851 712 7
a 852 259 8
a 852 538 4
a 852 560 9
a 853 509 8
a 853 765 5
a 854 185 4
a 854 592 10
a 855 247 8
a 855 473 6
a 855 595 8
a 855 800 3
a 855 896 1
a 856 797 7
a 856 881 6
a 857 351 2
a 857 522 2
a 858 723 4
a 859 407 10
a 859 741 4
a 859 768 4
a 860 519 2
a 860 816 9
a 861 485 2
a 861 617 1
a 861 691 3
a 862 480 9
a 862 606 1
a 862 790 5
a 862 848 9
a 863 218 1
a 863 832 6
a 864 405 6
a 865 408 2
a 866 360 3
a 866 427 6
a 867 59 3
a 867 227 1
a 867 457 8
a 868 500 10
a 869 280 3
a 869 419 3
a 869 543 8
a 869 900 7
a 870 74 8
a 870 427 4
a 871 571 9
a 872 699 9
a 873 665 7
a 873 717 1
a 873 871 7
a 874 146 2
a 874 612 10
a 874 613 9
a 875 677 5
a 876 678 9
a 877 821 7
a 878 846 4
a 879 216 2
a 879 835 6
a 880 578 8
a 881 28 1
a 881 382 9
a 882 226 2
a 882 359 1
a 882 455 8
a 883 737 4
a 884 117 6
a 884 377 1
a 885 561 9
a 886 647 1
a 887 800 3
a 888 180 6
a 888 394 4
a 888 500 9
a 888 667 9
a 889 333 7
a 889 468 9
a 889 486 3
a 889 679 6
a 890 225 3
a 890 425 7
a 890 643 6
a 891 422 3
a 891 510 1
a 891 816 3
a 892 742 10
a 892 788 8
a 893 374 6
a 893 899 3
a 894 601 9
a 894 634 7
a 895 43 3
a 895 270 9
a 895 768 2
a 896 2 5
a 896 6 8
a 896 26 1
a 897 123 7
a 897 243 1
a 898 304 6
a 899 354 1
a 899 840 8
