p max 900 1800
n 1 s
n 900 t
a 1 61 10
a 1 673 9
a 2 810 2
a 2 870 8
a 3 75 3
a 4 863 10
a 5 55 5
a 5 167 4
a 5 440 1
a 6 42 8
a 7 686 9
a 8 71 5
a 8 241 3
a 8 526 4
a 9 393 10
a 9 441 2
a 10 866 6
a 11 419 6
a 11 748 9
a 12 897 3
a 13 530 5
a 14 862 1
a 15 293 3
a 16 464 6
a 16 722 6
a 17 277 7
a 17 300 2
a 17 426 7
a 18 158 9
a 18 491 8
a 19 309 3
a 19 756 9
a 19 860 2
a 20 516 7
a 20 585 1
a 20 649 8
a 21 181 3
a 22 27 5
a 22 226 7
a 23 564 10
a 24 95 3
a 24 434 2
a 25 622 1
a 26 32 5
a 27 4 6
a 27 161 5
a 27 193 1
a 27 552 9
a 28 881 5
a 29 592 6
a 29 682 8
a 29 867 7
a 30 466 6
a 31 238 9
a 31 643 1
a 32 548 10
a 32 838 5
a 33 136 10
a 33 536 5
a 34 214 1
a 34 255 2
a 34 685 2
a 35 284 5
a 36 370 6
a 37 247 2
a 37 365 7
a 38 292 3
a 39 429 8
a 39 498 6
a 39 796 5
a 40 218 2
a 40 542 6
a 40 548 7
a 41 344 8
a 41 669 3
a 42 363 3
a 43 189 4
a 44 355 1
a 45 603 1
a 46 738 2
a 47 309 2
a 47 535 1
a 48 318 5
a 48 458 4
a 49 537 1
a 49 538 4
a 49 855 3
a 50 432 5
a 50 779 2
a 51 559 10
a 51 689 7
a 52 397 10
a 52 807 3
a 53 575 5
a 54 192 10
a 55 109 8
a 55 128 5
a 55 495 6
a 56 527 1
a 56 840 5
a 57 53 9
a 57 479 1
a 58 195 6
a 59 206 3
a 59 420 4
a 60 660 3
a 61 74 3
a 61 164 9
a 62 401 3
a 62 447 10
a 63 599 3
a 63 654 4
a 64 212 2
a 64 740 4
a 65 615 10
a 66 266 8
a 66 599 5
a 66 622 10
a 66 873 10
a 67 605 5
a 68 60 4
a 68 146 3
a 68 571 4
a 68 637 2
a 69 766 2
a 70 576 8
a 70 886 4
a 71 97 5
a 72 138 3
a 72 820 10
a 73 115 4
a 73 283 1
a 73 674 10
a 74 107 6
a 75 818 10
a 76 782 3
a 77 319 6
a 78 65 4
a 78 377 7
a 78 416 2
a 79 492 7
a 79 852 9
a 80 489 5
a 81 202 1
a 82 275 2
a 83 49 5
a 83 240 1
a 83 281 9
a 84 680 7
a 84 701 1
a 85 42 8
a 85 56 9
a 85 691 9
a 86 98 2
a 86 166 2
a 86 488 8
a 86 561 6
a 86 601 3
a 87 624 10
a 88 70 5
a 88 156 7
a 88 373 10
a 88 519 4
a 88 563 9
a 89 77 6
a 89 309 5
a 90 117 3
a 91 107 8
a 92 219 7
a 93 111 5
a 93 529 7
a 94 102 1
a 94 719 4
a 95 348 7
a 96 21 8
a 96 276 9
a 96 761 3
a 97 539 9
a 97 589 3
a 97 770 7
a 98 477 1
a 98 509 4
a 98 759 1
a 99 93 8
a 99 161 2
a 100 810 7
a 101 513 6
a 101 575 6
a 102 671 1
a 103 292 6
a 104 516 4
a 105 374 4
a 106 25 1
a 107 462 3
a 108 258 6
a 108 419 9
a 109 134 4
a 109 343 6
a 109 739 7
a 110 8 7
a 111 321 7
a 111 398 3
a 111 646 5
a 111 827 1
a 112 195 1
a 112 839 9
a 113 883 5
a 114 555 5
a 115 408 2
a 116 516 6
a 116 756 5
a 117 535 5
a 118 572 7
a 118 893 9
a 119 678 8
a 119 880 2
a 120 131 3
a 120 333 6
a 120 458 5
a 121 387 1
a 121 746 8
a 122 604 10
a 123 604 8
a 124 627 4
a 125 645 2
a 125 857 1
a 126 17 4
a 126 202 5
a 127 23 1
a 127 243 6
a 127 487 5
a 127 698 3
a 128 274 10
a 128 420 5
a 128 802 6
a 129 273 7
a 129 629 3
a 129 854 8
a 130 94 9
a 131 284 7
a 131 575 8
a 131 679 6
a 131 884 2
a 132 829 3
a 133 743 5
a 134 414 1
a 135 110 7
a 135 149 3
a 135 404 1
a 135 573 7
a 136 187 5
a 136 472 7
a 136 653 9
a 137 221 5
a 138 421 9
a 138 743 7
a 139 2 3
a 139 794 4
a 140 289 6
a 140 361 2
a 141 381 6
a 141 455 3
a 141 687 3
a 141 830 8
a 142 455 5
a 143 79 10
a 143 391 8
a 143 723 2
a 143 815 1
a 144 652 6
a 144 707 4
a 145 152 7
a 146 270 4
a 147 53 6
a 147 570 7
a 147 726 10
a 148 10 8
a 148 489 8
a 148 530 1
a 149 273 7
a 149 737 4
a 150 49 10
a 150 61 9
a 150 148 3
a 150 631 4
a 150 767 5
a 151 301 7
a 151 733 6
a 152 674 3
a 153 456 6
a 154 223 3
a 155 382 7
a 155 656 3
a 156 871 1
a 157 94 1
a 157 216 4
a 157 249 10
a 158 93 8
a 158 118 7
a 159 224 4
a 159 407 5
a 159 552 5
a 160 345 8
a 160 498 2
a 161 614 2
a 162 789 10
a 163 135 6
a 163 348 3
a 163 594 7
a 164 62 3
a 164 323 7
a 164 544 8
a 165 263 5
a 165 508 5
a 165 531 9
a 165 848 2
a 166 719 7
a 167 59 2
a 168 33 6
a 168 769 2
a 168 797 1
a 169 438 3
a 169 614 3
a 170 111 7
a 170 355 4
a 170 512 1
a 170 827 4
a 171 754 5
a 172 831 5
a 173 396 8
a 173 616 5
a 173 630 3
a 174 26 2
a 175 342 4
a 175 363 8
a 176 90 4
a 176 589 10
a 177 3 5
a 178 278 9
a 178 470 3
a 179 634 5
a 179 701 8
a 179 863 5
a 180 122 7
a 180 794 3
a 181 864 6
a 182 316 4
a 183 608 3
a 183 800 4
a 184 11 1
a 184 412 9
a 185 56 10
a 185 583 10
a 186 239 4
a 187 5 6
a 187 522 1
a 187 716 2
a 188 816 2
a 189 173 4
a 189 841 8
a 189 862 8
a 190 244 2
a 191 176 5
a 191 231 9
a 191 793 5
a 192 269 5
a 192 305 2
a 193 15 5
a 193 107 4
a 193 737 7
a 194 554 7
a 195 609 7
a 196 298 8
a 196 433 4
a 196 481 8
a 196 641 3
a 197 217 8
a 197 322 7
a 197 505 8
a 197 892 2
a 198 209 2
a 198 346 4
a 198 494 1
a 198 610 1
a 198 871 8
a 199 130 7
a 200 265 10
a 200 534 4
a 201 193 10
a 202 74 5
a 203 69 2
a 203 476 8
a 204 468 6
a 204 669 10
a 204 790 8
a 205 64 9
a 205 463 4
a 206 28 4
a 206 769 5
a 207 271 2
a 207 459 8
a 208 83 5
a 208 698 8
a 209 153 3
a 210 266 5
a 211 76 3
a 211 108 5
a 211 372 7
a 211 664 4
a 212 364 5
a 212 780 1
a 213 547 6
a 213 598 6
a 214 19 10
a 215 592 6
a 216 42 6
a 217 523 4
a 217 600 6
a 217 723 10
a 218 385 1
a 218 854 3
a 219 52 10
a 219 344 10
a 220 559 3
a 220 567 3
a 221 662 7
a 222 118 4
a 222 221 1
a 222 603 4
a 223 546 10
a 224 84 6
a 224 180 7
a 224 388 7
a 224 840 7
a 225 101 2
a 225 490 9
a 225 784 2
a 226 146 10
a 227 288 2
a 227 877 9
a 228 245 10
a 228 515 10
a 228 552 9
a 228 639 9
a 229 351 5
a 229 436 1
a 229 492 7
a 230 660 6
a 230 671 10
a 231 634 8
a 231 695 9
a 232 277 10
a 233 261 5
a 234 35 10
a 234 523 6
a 234 782 8
a 235 695 9
a 236 96 3
a 236 106 3
a 237 524 1
a 238 610 1
a 239 214 1
a 239 789 2
a 240 708 10
a 240 740 8
a 241 165 8
a 241 168 3
a 241 324 4
a 241 560 1
a 242 362 8
a 243 230 9
a 243 324 2
a 243 375 2
a 244 39 6
a 244 234 7
a 244 369 7
a 244 591 7
a 245 280 2
a 246 137 2
a 246 630 8
a 247 167 7
a 248 341 2
a 248 531 10
a 248 836 8
a 249 313 2
a 249 626 2
a 250 50 2
a 251 331 7
a 252 255 2
a 252 780 7
a 253 272 1
a 253 304 9
a 253 693 10
a 254 326 4
a 254 374 10
a 255 455 6
a 256 200 10
a 256 551 5
a 257 438 1
a 257 620 1
a 257 751 1
a 258 246 6
a 258 551 4
a 258 785 4
a 259 358 6
a 260 251 3
a 260 335 10
a 260 471 2
a 261 175 10
a 261 565 4
a 262 251 7
a 263 133 4
a 264 52 10
a 265 373 8
a 265 466 6
a 266 665 1
a 267 8 7
a 267 91 1
a 267 729 7
a 268 316 8
a 269 140 10
a 269 466 8
a 269 693 3
a 270 2 5
a 270 788 3
a 271 528 6
a 271 669 10
a 271 705 4
a 272 107 8
a 272 191 10
a 272 254 8
a 273 442 3
a 274 804 2
a 275 36 3
a 275 213 7
a 276 488 9
a 277 604 9
a 278 450 5
a 278 865 5
a 279 249 7
a 279 302 2
a 279 517 7
a 280 81 10
a 280 181 8
a 280 498 4
a 281 326 5
a 281 665 1
a 281 779 5
a 282 813 8
a 283 711 6
a 284 390 1
a 284 428 2
a 284 430 2
a 284 506 2
a 284 875 8
a 285 611 9
a 286 725 7
a 287 155 9
a 287 482 1
a 287 675 10
a 288 19 6
a 288 93 5
a 288 298 4
a 288 400 3
a 288 426 9
a 288 569 2
a 289 757 5
a 290 163 10
a 291 115 8
a 291 449 10
a 292 259 5
a 292 454 2
a 292 804 2
a 293 18 8
a 293 179 10
a 293 722 9
a 294 338 2
a 294 662 7
a 295 638 10
a 295 812 1
a 296 373 4
a 296 577 6
a 297 137 7
a 298 28 4
a 298 311 4
a 298 567 4
a 298 842 9
a 299 37 4
a 299 222 2
a 300 798 3
a 300 895 10
a 301 239 2
a 301 665 8
a 302 408 4
a 302 431 2
a 303 418 9
a 303 661 8
a 304 249 7
a 304 319 6
a 304 477 4
a 305 384 8
a 306 237 8
a 306 511 9
a 307 17 7
a 307 766 1
a 308 34 2
a 308 126 9
a 308 794 10
a 309 484 8
a 309 568 4
a 310 512 9
a 311 46 6
a 311 175 4
a 311 813 1
a 312 80 7
a 312 413 8
a 313 407 5
a 313 900 5
a 314 114 4
a 314 489 10
a 315 169 3
a 315 361 2
a 316 191 5
a 317 452 3
a 318 75 4
a 318 176 8
a 319 382 8
a 319 417 1
a 320 360 1
a 320 615 4
a 321 286 10
a 321 489 9
a 321 536 8
a 321 572 5
a 321 588 8
a 322 644 10
a 323 339 6
a 324 274 6
a 325 666 7
a 325 861 3
a 326 699 3
a 326 837 5
a 327 707 2
a 328 659 5
a 329 244 8
a 329 308 9
a 329 781 3
a 330 16 3
a 330 553 3
a 330 652 10
a 331 65 6
a 331 219 10
a 331 277 4
a 331 314 8
a 332 219 3
a 332 467 6
a 332 545 10
a 333 212 8
a 333 450 1
a 334 306 8
a 334 384 1
a 335 385 2
a 336 488 9
a 337 69 3
a 338 190 5
a 339 561 5
a 340 175 1
a 340 325 9
a 340 829 2
a 341 164 1
a 342 158 8
a 342 238 4
a 343 320 10
a 343 359 6
a 344 634 4
a 345 473 8
a 345 562 1
a 345 609 4
a 346 119 7
a 346 452 7
a 346 772 6
a 347 491 8
a 347 896 8
a 348 40 3
a 349 443 5
a 349 493 4
a 350 117 9
a 350 451 3
a 350 751 2
a 351 212 6
a 351 386 8
a 352 96 7
a 352 593 2
a 353 113 10
a 354 188 6
a 355 182 6
a 355 831 3
a 356 194 3
a 356 700 9
a 357 103 5
a 357 339 5
a 357 345 9
a 357 650 5
a 358 78 8
a 358 102 2
a 358 720 3
a 359 171 6
a 360 848 6
a 361 211 7
a 361 338 10
a 362 214 7
a 363 550 9
a 364 197 2
a 364 742 4
a 365 160 10
a 365 462 6
a 365 597 7
a 366 258 6
a 366 405 4
a 366 872 3
a 367 188 10
a 367 865 1
a 368 44 5
a 368 580 7
a 368 638 4
a 368 657 6
a 369 444 10
a 369 816 6
a 370 550 4
a 371 253 8
a 371 650 2
a 372 334 9
a 372 402 3
a 372 720 8
a 373 16 7
a 373 891 6
a 374 271 2
a 375 710 4
a 375 814 8
a 376 93 10
a 376 165 7
a 377 431 10
a 378 29 8
a 378 831 3
a 379 276 5
a 380 18 3
a 380 26 7
a 380 507 6
a 380 607 5
a 380 799 7
a 381 123 9
a 382 88 7
a 382 352 1
a 383 275 6
a 384 651 5
a 384 766 4
a 385 183 2
a 386 352 7
a 387 116 7
a 387 252 1
a 387 808 6
a 388 89 6
a 388 765 3
a 389 473 10
a 389 514 1
a 390 90 2
a 390 556 10
a 391 505 7
a 392 422 5
a 392 872 6
a 393 737 10
a 394 654 1
a 395 127 4
a 396 301 5
a 397 143 6
a 397 476 4
a 398 141 3
a 398 236 9
a 398 558 9
a 399 674 5
a 400 13 3
a 400 459 9
a 400 854 5
a 401 757 10
a 402 241 7
a 402 852 8
a 403 322 5
a 404 80 10
a 405 73 7
a 406 666 4
a 407 72 6
a 407 771 1
a 408 635 5
a 409 332 10
a 409 340 9
a 410 169 4
a 410 551 3
a 410 556 3
a 411 189 6
a 411 753 10
a 411 764 9
a 412 163 9
a 413 20 3
a 413 329 3
a 413 746 10
a 414 105 6
a 414 370 3
a 415 174 2
a 415 257 10
a 416 441 1
a 416 649 8
a 416 821 6
a 417 33 2
a 418 73 6
a 418 327 2
a 419 656 8
a 420 68 4
a 420 139 2
a 420 456 4
a 421 808 8
a 421 846 9
a 422 856 5
a 423 577 1
a 424 521 5
a 424 636 5
a 425 577 9
a 425 578 10
a 426 467 8
a 426 564 2
a 426 806 4
a 427 9 4
a 427 232 7
a 427 469 4
a 428 535 1
a 429 721 2
a 430 203 3
a 430 478 7
a 430 825 4
a 431 311 6
a 431 496 4
a 432 163 8
a 432 585 2
a 433 104 7
a 433 178 7
a 433 647 2
a 433 779 8
a 434 160 4
a 434 259 7
a 435 18 2
a 436 660 7
a 436 833 9
a 437 92 10
a 437 625 7
a 437 798 9
a 438 310 9
a 438 383 1
a 439 667 4
a 439 782 8
a 440 165 9
a 441 282 4
a 441 342 7
a 442 822 5
a 443 242 3
a 443 301 2
a 443 403 8
a 443 630 1
a 444 745 5
a 445 523 1
a 445 844 5
a 446 453 3
a 446 703 7
a 447 728 7
a 447 786 7
a 448 15 4
a 449 130 9
a 449 196 10
a 450 192 3
a 450 234 10
a 450 814 9
a 451 653 9
a 451 843 4
a 452 227 7
a 452 371 6
a 453 7 6
a 453 63 9
a 453 267 1
a 454 813 5
a 455 185 6
a 455 501 3
a 455 599 8
a 456 139 1
a 456 406 4
a 457 848 1
a 458 21 7
a 458 162 5
a 458 697 9
a 459 561 2
a 460 603 5
a 460 808 3
a 461 586 6
a 461 748 9
a 461 826 6
a 462 93 10
a 462 325 5
a 462 659 9
a 462 668 8
a 462 858 8
a 463 312 2
a 464 753 3
a 465 285 3
a 465 732 1
a 466 24 6
a 466 822 1
a 467 421 2
a 468 84 5
a 468 185 9
a 469 248 4
a 469 596 4
a 469 792 4
a 470 167 6
a 470 374 6
a 470 482 1
a 471 186 5
a 471 336 5
a 471 719 4
a 472 184 1
a 472 810 5
a 473 431 10
a 473 627 3
a 473 816 8
a 474 233 7
a 474 597 8
a 475 275 10
a 475 521 4
a 475 573 8
a 475 588 4
a 475 677 9
a 475 713 4
a 475 721 6
a 476 666 10
a 477 150 8
a 478 140 9
a 479 401 3
a 479 716 5
a 480 155 10
a 481 35 7
a 481 297 9
a 481 727 6
a 482 228 2
a 482 555 2
a 482 805 4
a 482 825 1
a 482 848 4
a 483 142 7
a 483 564 2
a 483 742 6
a 484 442 3
a 484 549 8
a 485 8 6
a 486 225 4
a 486 307 4
a 486 347 3
a 486 437 6
a 486 474 3
a 486 590 4
a 486 725 3
a 486 728 10
a 487 392 9
a 487 678 1
a 488 629 5
a 489 609 1
a 490 50 7
a 490 399 7
a 490 764 5
a 491 420 2
a 491 746 5
a 492 505 5
a 492 518 1
a 493 291 10
a 494 699 10
a 494 782 8
a 495 42 3
a 495 791 2
a 496 619 9
a 497 205 5
a 498 484 2
a 498 820 2
a 499 503 7
a 499 705 1
a 500 376 8
a 500 418 10
a 500 463 10
a 501 87 10
a 501 313 6
a 502 124 1
a 502 632 2
a 503 688 8
a 503 875 6
a 503 876 9
a 504 203 1
a 504 279 5
a 505 59 8
a 506 155 8
a 506 692 5
a 507 36 9
a 507 358 6
a 508 317 8
a 508 428 10
a 509 48 2
a 509 82 5
a 509 120 2
a 509 878 8
a 510 109 2
a 510 613 2
a 510 739 7
a 511 121 10
a 511 226 10
a 512 248 5
a 512 630 8
a 513 106 6
a 513 767 6
a 514 210 7
a 514 541 4
a 514 900 3
a 515 380 5
a 515 504 6
a 515 744 2
a 516 586 7
a 516 604 8
a 516 807 5
a 517 579 3
a 518 491 6
a 519 385 5
a 520 382 6
a 520 437 9
a 521 208 4
a 521 544 4
a 521 641 8
a 521 817 6
a 522 320 7
a 522 577 4
a 522 771 7
a 523 69 10
a 524 385 7
a 524 633 3
a 525 899 7
a 526 732 6
a 526 879 7
a 527 217 8
a 528 260 10
a 528 287 2
a 528 366 10
a 528 484 2
a 528 500 10
a 528 800 7
a 529 200 10
a 529 485 6
a 529 831 2
a 530 237 5
a 531 202 6
a 531 464 10
a 532 461 5
a 532 548 8
a 532 554 2
a 533 67 6
a 534 86 2
a 535 757 3
a 535 887 10
a 536 435 7
a 537 154 7
a 537 608 1
a 538 618 3
a 538 881 5
a 539 239 4
a 539 894 1
a 540 67 4
a 540 605 8
a 540 619 10
a 541 123 4
a 541 424 6
a 541 696 6
a 542 254 10
a 542 520 8
a 543 555 1
a 543 883 10
a 544 129 2
a 544 339 10
a 545 658 4
a 546 295 5
a 547 168 1
a 547 743 3
a 548 265 8
a 549 260 2
a 549 291 3
a 549 333 5
a 550 226 6
a 550 621 5
a 551 772 3
a 551 884 6
a 552 641 1
a 553 132 3
a 553 379 5
a 553 835 7
a 554 853 3
a 555 550 6
a 555 675 1
a 556 835 9
a 557 229 4
a 558 249 3
a 558 879 4
a 559 422 6
a 559 598 6
a 560 574 9
a 560 772 1
a 561 163 2
a 562 361 7
a 563 542 10
a 563 709 7
a 564 451 7
a 565 648 3
a 566 149 1
a 566 868 4
a 567 63 10
a 567 115 2
a 567 425 8
a 567 443 3
a 568 32 9
a 568 41 9
a 568 765 10
a 569 533 3
a 569 890 3
a 570 709 4
a 571 73 2
a 571 393 4
a 572 150 7
a 572 368 9
a 573 385 5
a 574 83 9
a 574 212 9
a 574 264 5
a 575 720 1
a 576 94 8
a 577 280 3
a 578 53 6
a 578 303 3
a 578 308 7
a 578 465 2
a 579 153 4
a 579 778 8
a 579 808 1
a 580 296 9
a 580 423 2
a 580 452 3
a 581 178 6
a 581 712 4
a 582 459 6
a 582 683 8
a 583 830 9
a 584 647 1
a 584 706 5
a 585 287 5
a 585 690 10
a 586 151 3
a 586 480 6
a 586 559 5
a 587 714 6
a 588 510 6
a 588 532 3
a 588 869 1
a 589 15 8
a 590 185 2
a 591 47 1
a 591 247 10
a 591 685 7
a 592 722 7
a 593 99 5
a 593 549 6
a 594 710 10
a 595 490 1
a 595 743 4
a 596 375 2
a 596 402 7
a 596 847 6
a 597 669 7
a 597 730 7
a 598 31 10
a 598 482 8
a 598 672 7
a 599 502 3
a 599 576 7
a 600 215 2
a 600 651 6
a 601 689 2
a 602 457 4
a 603 150 8
a 603 250 10
a 603 417 7
a 604 159 2
a 604 824 8
a 604 880 4
a 605 58 2
a 605 217 4
a 606 172 1
a 606 597 2
a 607 492 2
a 607 789 4
a 608 51 4
a 608 352 2
a 609 38 10
a 609 492 9
a 610 388 5
a 611 38 8
a 611 299 10
a 612 237 10
a 612 497 2
a 613 223 3
a 613 262 1
a 613 449 2
a 613 724 8
a 614 367 8
a 614 641 2
a 615 898 3
a 616 354 4
a 616 866 9
a 617 30 7
a 618 321 7
a 618 337 9
a 618 364 3
a 619 154 5
a 620 159 5
a 620 176 10
a 621 113 1
a 621 487 1
a 621 511 10
a 622 123 8
a 622 614 6
a 623 414 2
a 623 634 8
a 624 573 4
a 625 74 2
a 625 224 5
a 625 762 1
a 626 170 8
a 627 178 3
a 627 617 10
a 628 306 10
a 628 427 5
a 628 502 10
a 629 717 4
a 629 741 1
a 629 798 6
a 630 779 4
a 631 846 8
a 632 703 1
a 633 826 3
a 634 101 3
a 635 105 4
a 635 130 5
a 635 895 8
a 636 754 9
a 636 850 2
a 637 627 10
a 638 232 8
a 638 470 4
a 638 747 9
a 638 833 1
a 639 3 7
a 639 105 8
a 639 606 9
a 640 225 7
a 640 294 9
a 640 533 7
a 640 869 5
a 641 426 4
a 642 819 6
a 643 42 7
a 643 750 7
a 644 174 8
a 645 46 4
a 646 179 5
a 646 655 7
a 647 518 9
a 647 566 6
a 648 468 8
a 649 183 8
a 649 209 7
a 649 350 7
a 649 704 5
a 650 439 7
a 650 499 8
a 650 540 5
a 650 755 3
a 651 207 1
a 651 619 4
a 652 257 3
a 652 354 7
a 652 360 5
a 653 11 2
a 653 190 9
a 653 430 1
a 654 66 3
a 654 476 10
a 655 300 6
a 655 445 4
a 655 623 7
a 656 769 2
a 657 12 1
a 657 278 2
a 657 828 10
a 658 680 2
a 658 794 7
a 659 268 3
a 659 765 3
a 660 173 7
a 660 867 3
a 661 77 4
a 662 200 7
a 662 312 7
a 663 47 4
a 663 834 1
a 664 480 9
a 665 409 2
a 666 8 9
a 666 344 5
a 666 383 9
a 666 720 5
a 667 134 9
a 668 12 2
a 669 827 5
a 670 91 10
a 671 498 10
a 672 54 10
a 672 400 6
a 673 481 6
a 674 278 5
a 674 615 4
a 675 601 1
a 675 847 9
a 676 839 1
a 677 68 5
a 677 198 3
a 677 641 4
a 677 832 6
a 678 85 3
a 678 311 4
a 678 361 10
a 678 595 5
a 678 619 10
a 679 133 8
a 679 403 3
a 680 379 2
a 680 849 3
a 680 895 9
a 681 2 4
a 681 389 3
a 681 472 6
a 681 495 2
a 681 734 6
a 682 694 2
a 683 655 5
a 683 711 2
a 684 41 5
a 684 893 5
a 684 896 4
a 685 139 8
a 685 731 7
a 686 633 5
a 687 66 3
a 687 96 10
a 687 712 3
a 688 288 7
a 688 537 9
a 688 611 4
a 688 667 2
a 688 714 1
a 689 803 7
a 690 67 5
a 691 21 2
a 691 330 1
a 692 559 2
a 692 841 6
a 693 192 8
a 693 199 1
a 693 580 5
a 694 97 5
a 694 657 9
a 694 684 1
a 695 201 2
a 695 256 7
a 695 429 7
a 696 809 10
a 696 865 2
a 697 18 10
a 697 776 9
a 698 374 4
a 699 179 3
a 700 717 2
a 701 356 1
a 701 536 9
a 702 232 2
a 703 177 6
a 704 347 5
a 704 823 8
a 704 830 8
a 705 510 3
a 705 773 2
a 706 415 5
a 706 451 5
a 707 648 10
a 707 859 10
a 708 115 5
a 708 457 9
a 708 642 2
a 709 239 3
a 710 220 8
a 710 879 10
a 711 616 2
a 711 897 7
a 712 13 5
a 712 328 2
a 712 540 8
a 712 803 1
a 713 112 10
a 713 734 6
a 714 87 5
a 714 132 10
a 714 355 2
a 715 177 3
a 715 527 4
a 715 822 5
a 716 827 7
a 717 812 10
a 718 676 7
a 718 783 3
a 719 780 8
a 720 326 7
a 720 357 9
a 721 261 5
a 721 766 1
a 722 250 3
a 723 181 6
a 723 449 2
a 724 127 4
a 724 348 4
a 724 367 1
a 725 743 10
a 726 83 10
a 726 853 8
a 727 253 9
a 727 752 2
a 728 395 5
a 729 728 8
a 729 889 7
a 730 316 7
a 730 655 6
a 730 745 10
a 730 795 3
a 731 117 8
a 731 157 8
a 731 504 10
a 732 116 2
a 733 280 9
a 734 493 8
a 734 663 10
a 735 81 10
a 735 845 10
a 736 506 5
a 736 628 5
a 737 371 2
a 737 739 9
a 737 768 3
a 738 94 7
a 739 145 8
a 739 358 7
a 739 787 8
a 740 229 9
a 740 265 4
a 740 413 7
a 741 153 4
a 742 297 6
a 742 635 10
a 743 180 9
a 743 266 10
a 743 274 5
a 743 430 2
a 743 581 5
a 744 322 1
a 744 460 10
a 745 144 10
a 745 464 5
a 746 355 2
a 747 378 8
a 747 395 4
a 748 508 1
a 749 801 1
a 750 579 10
a 750 843 4
a 751 331 6
a 751 736 3
a 751 869 7
a 752 522 4
a 752 877 9
a 753 385 6
a 753 856 6
a 754 119 10
a 755 22 2
a 755 666 8
a 756 515 1
a 757 425 1
a 757 557 4
a 758 406 8
a 759 293 3
a 759 398 6
a 760 774 5
a 760 798 4
a 761 422 5
a 761 598 7
a 762 229 7
a 763 204 4
a 763 480 5
a 764 70 2
a 764 602 1
a 765 651 1
a 766 6 5
a 766 699 8
a 767 747 10
a 768 306 6
a 768 362 5
a 768 666 5
a 769 315 5
a 769 322 5
a 770 153 7
a 770 270 5
a 770 640 10
a 770 715 8
a 771 534 8
a 771 707 8
a 771 724 4
a 771 824 8
a 771 882 4
a 772 120 1
a 772 289 8
a 773 718 9
a 773 769 4
a 774 569 4
a 775 125 7
a 775 264 8
a 775 290 6
a 776 578 4
a 776 612 6
a 777 191 6
a 777 847 9
a 777 857 6
a 778 423 9
a 778 817 5
a 778 865 7
a 779 37 10
a 779 73 5
a 779 349 4
a 779 475 5
a 780 27 7
a 780 332 10
a 781 394 1
a 781 446 4
a 781 469 1
a 781 816 7
a 781 881 7
a 782 40 5
a 782 247 8
a 782 738 3
a 783 648 4
a 783 777 9
a 783 818 9
a 783 897 8
a 784 193 6
a 785 638 10
a 786 397 1
a 786 898 7
a 787 148 4
a 787 328 2
a 787 658 10
a 788 515 2
a 789 154 6
a 789 292 3
a 790 57 6
a 790 349 5
a 790 730 2
a 791 400 3
a 791 746 8
a 791 763 4
a 791 801 8
a 792 244 6
a 792 737 10
a 793 343 5
a 794 512 3
a 794 687 1
a 795 11 9
a 796 130 1
a 797 56 3
a 798 162 8
a 798 280 10
a 799 82 7
a 800 59 9
a 800 184 3
a 800 671 1
a 801 125 1
a 801 775 3
a 801 864 6
a 802 205 8
a 802 302 4
a 802 448 2
a 802 582 7
a 802 599 4
a 803 294 7
a 803 815 1
a 804 702 2
a 804 896 1
a 805 891 9
a 806 277 9
a 806 295 9
a 806 867 4
a 807 147 4
a 807 451 2
a 808 127 9
a 808 195 8
a 809 60 5
a 809 184 4
a 809 471 3
a 810 306 6
a 810 473 6
a 811 204 10
a 812 489 9
a 812 691 10
a 812 888 6
a 813 352 6
a 813 701 4
a 814 857 2
a 815 9 8
a 815 95 10
a 816 17 6
a 817 691 8
a 817 885 2
a 818 41 8
a 818 99 1
a 818 152 4
a 818 305 6
a 819 37 5
a 820 569 8
a 820 758 8
a 821 381 6
a 821 787 3
a 822 253 3
a 822 899 1
a 823 501 3
a 824 493 9
a 825 56 4
a 825 686 3
a 825 749 8
a 826 523 8
a 827 237 2
a 827 322 4
a 828 735 5
a 828 753 2
a 829 484 9
a 830 535 10
a 831 321 9
a 831 483 10
a 831 611 9
a 831 644 5
a 831 760 9
a 832 15 3
a 832 900 1
a 833 706 8
a 834 98 8
a 835 128 4
a 835 435 5
a 835 664 9
a 836 700 8
a 837 133 10
a 837 618 6
a 838 142 7
a 838 486 2
a 839 599 4
a 840 30 5
a 840 262 6
a 841 353 9
a 841 378 3
a 841 762 1
a 842 92 7
a 842 624 10
a 843 190 3
a 843 681 2
a 844 277 7
a 845 823 9
a 846 193 3
a 846 887 3
a 847 768 7
a 847 783 2
a 848 66 6
a 848 694 7
a 849 43 8
a 849 477 1
a 850 384 9
a 851 15 4
a 851 147 8
a 852 345 9
a 852 576 6
a 852 662 7
a 853 528 9
a 854 80 7
a 854 555 10
a 854 811 10
a 855 10 2
a 855 410 5
a 856 25 3
a 856 477 3
a 857 338 5
a 857 477 1
a 858 78 7
a 858 415 10
a 859 100 1
a 859 316 3
a 859 660 4
a 860 893 6
a 861 390 6
a 861 411 4
a 861 525 8
a 862 346 1
a 862 753 3
a 863 161 6
a 864 814 10
a 865 466 6
a 865 587 6
a 866 138 6
a 866 171 2
a 867 816 5
a 868 235 5
a 868 314 1
a 869 308 5
a 870 56 4
a 871 143 7
a 871 376 3
a 871 524 1
a 872 14 1
a 872 533 8
a 873 290 1
a 873 588 7
a 874 50 6
a 874 543 7
a 874 623 8
a 874 761 7
a 875 86 8
a 875 553 5
a 876 771 2
a 876 819 1
a 876 850 10
a 877 80 9
a 877 670 2
a 878 348 7
a 879 671 6
a 879 865 5
a 880 409 7
a 880 445 1
a 881 828 2
a 882 143 5
a 883 4 10
a 884 269 1
a 884 804 7
a 885 665 1
a 886 237 4
a 886 632 3
a 887 236 3
a 887 279 7
a 888 156 5
a 888 346 9
a 889 824 1
a 890 332 5
a 890 461 2
a 890 700 3
a 890 873 2
a 891 703 6
a 891 779 2
a 891 851 9
a 892 338 1
a 892 363 5
a 892 546 5
a 893 641 10
a 894 450 1
a 894 768 6
a 895 45 10
a 895 80 7
a 896 82 9
a 896 234 10
a 897 484 3
a 897 843 1
a 898 420 1
a 898 584 7
a 899 170 1
a 899 429 2
a 899 874 4
