p max 900 1800
n 1 s
n 900 t
a 1 444 9
a 2 244 1
a 3 26 3
a 4 93 6
a 4 718 10
a 5 389 9
a 5 397 5
a 5 494 3
a 6 534 1
a 7 425 1
a 7 833 4
a 8 287 2
a 8 618 3
a 8 840 2
a 9 46 3
a 9 146 10
a 10 306 6
a 10 686 6
a 11 414 10
a 11 763 2
a 12 239 10
a 12 391 7
a 13 557 9
a 13 583 10
a 13 632 2
a 13 672 5
a 14 666 5
a 15 364 7
a 15 390 1
a 16 209 7
a 16 255 8
a 17 68 2
a 18 443 2
a 18 707 7
a 19 309 9
a 20 138 7
a 20 290 9
a 20 622 6
a 21 594 1
a 22 698 1
a 22 886 8
a 23 74 10
a 23 608 9
a 24 114 1
a 24 174 4
a 24 332 1
a 25 181 1
a 25 196 4
a 25 225 3
a 25 474 2
a 26 270 7
a 26 727 4
a 27 24 10
a 27 672 7
a 27 697 4
a 28 219 6
a 29 333 7
a 30 47 4
a 30 318 9
a 31 458 7
a 31 484 10
a 32 112 10
a 33 291 10
a 33 900 9
a 34 862 4
a 35 2 6
a 35 159 2
a 35 191 3
a 35 269 7
a 35 790 4
a 36 318 5
a 36 733 4
a 37 681 9
a 37 719 8
a 38 31 4
a 38 777 5
a 39 871 7
a 40 876 9
a 41 60 10
a 41 698 7
a 42 605 1
a 42 748 3
a 42 840 3
a 43 291 7
a 44 374 6
a 44 855 5
a 45 316 9
a 45 670 1
a 45 817 8
a 45 835 3
a 46 251 8
a 46 488 2
a 46 592 2
a 46 740 9
a 47 444 3
a 48 107 1
a 48 245 2
a 48 680 8
a 49 128 3
a 49 806 1
a 50 701 8
a 51 814 1
a 52 683 9
a 53 283 10
a 53 769 4
a 54 122 7
a 54 728 1
a 55 664 9
a 56 515 5
a 56 517 8
a 57 584 6
a 58 101 9
a 58 208 8
a 59 593 7
a 59 640 9
a 60 11 1
a 60 95 3
a 60 495 10
a 60 546 4
a 61 853 5
a 62 223 5
a 62 241 1
a 62 337 1
a 63 138 5
a 63 356 1
a 64 308 6
a 64 423 3
a 64 743 6
a 65 323 4
a 65 538 9
a 65 807 3
a 65 818 9
a 66 472 5
a 66 492 10
a 66 585 10
a 67 277 5
a 67 791 2
a 68 842 8
a 69 381 9
a 69 584 9
a 69 833 1
a 70 537 8
a 70 772 3
a 70 868 4
a 71 689 8
a 71 736 10
a 72 8 1
a 72 664 2
a 72 827 4
a 72 896 9
a 73 604 6
a 74 67 10
a 75 17 2
a 75 142 3
a 76 183 9
a 76 276 1
a 76 847 3
a 77 406 5
a 78 748 5
a 78 771 4
a 79 347 6
a 79 624 8
a 79 887 7
a 80 415 3
a 81 143 3
a 81 152 10
a 82 394 9
a 83 231 7
a 83 283 1
a 83 351 2
a 84 282 9
a 84 375 6
a 84 752 5
a 85 521 5
a 86 810 7
a 87 317 6
a 87 647 8
a 87 795 3
a 88 72 8
a 88 137 3
a 88 237 7
a 88 503 1
a 88 764 3
a 89 674 3
a 90 231 4
a 90 347 9
a 90 536 8
a 90 666 5
a 91 20 9
a 91 221 2
a 92 144 9
a 92 339 4
a 92 567 3
a 93 377 2
a 93 489 5
a 94 415 5
a 95 329 6
a 95 497 1
a 95 531 2
a 95 755 5
a 96 16 3
a 96 66 8
a 96 528 10
a 97 557 8
a 98 166 6
a 99 434 9
a 99 470 1
a 100 192 2
a 100 784 1
a 101 212 1
a 101 657 7
a 101 782 2
a 102 362 8
a 102 775 8
a 103 345 5
a 103 355 7
a 103 483 2
a 103 524 6
a 104 150 2
a 105 311 2
a 105 761 9
a 106 606 5
a 106 749 1
a 107 289 7
a 108 94 7
a 108 182 4
a 108 692 5
a 109 811 2
a 110 313 8
a 111 92 9
a 111 183 4
a 112 81 1
a 113 48 2
a 113 177 3
a 113 349 7
a 113 783 9
a 114 13 2
a 114 125 9
a 115 75 1
a 115 348 1
a 116 495 10
a 116 713 5
a 117 341 4
a 117 730 2
a 117 773 7
a 118 91 5
a 119 385 3
a 119 401 7
a 120 820 9
a 121 301 3
a 121 665 4
a 122 567 6
a 122 812 2
a 123 527 1
a 123 562 3
a 123 759 6
a 124 33 4
a 124 140 9
a 124 813 10
a 125 490 9
a 125 650 3
a 126 577 4
a 127 451 2
a 128 575 8
a 128 725 4
a 129 479 4
a 130 332 8
a 130 669 1
a 131 564 2
a 131 595 1
a 132 27 3
a 132 94 9
a 133 180 2
a 133 227 8
a 133 408 2
a 133 580 7
a 134 61 10
a 134 722 3
a 134 885 2
a 135 479 8
a 135 800 3
a 136 577 1
a 136 781 3
a 137 201 5
a 137 792 2
a 138 326 10
a 138 383 10
a 138 620 8
a 139 406 2
a 139 606 8
a 139 659 6
a 139 734 2
a 140 200 9
a 140 553 6
a 141 362 5
a 141 594 1
a 141 698 1
a 142 30 10
a 142 538 3
a 143 341 3
a 143 751 7
a 144 361 3
a 145 516 8
a 145 832 2
a 146 783 2
a 146 835 10
a 147 230 2
a 148 189 4
a 148 411 1
a 149 156 9
a 149 482 3
a 150 80 9
a 150 283 1
a 150 327 8
a 151 153 7
a 151 456 10
a 152 26 1
a 152 412 8
a 152 422 6
a 153 5 4
a 153 200 10
a 153 319 1
a 154 116 1
a 155 399 9
a 155 620 9
a 155 644 8
a 156 575 1
a 156 701 6
a 157 107 6
a 158 846 7
a 159 365 4
a 159 388 9
a 160 115 4
a 160 405 2
a 160 406 1
a 160 612 1
a 160 823 8
a 161 335 9
a 162 335 9
a 162 438 5
a 162 476 9
a 163 838 8
a 164 24 1
a 164 321 6
a 164 332 9
a 165 243 2
a 165 649 6
a 165 882 1
a 166 681 10
a 167 191 2
a 168 280 9
a 169 513 9
a 169 886 10
a 170 187 1
a 170 571 5
a 171 67 4
a 172 102 8
a 172 521 7
a 172 779 2
a 173 57 2
a 173 85 9
a 174 760 1
a 174 891 8
a 175 170 10
a 175 232 6
a 176 790 3
a 177 318 3
a 177 516 10
a 178 151 2
a 178 409 1
a 178 560 2
a 178 631 8
a 179 531 7
a 180 732 3
a 180 738 5
a 181 304 2
a 181 543 2
a 182 257 9
a 182 417 6
a 182 679 6
a 182 786 2
a 183 211 6
a 183 638 8
a 184 366 10
a 184 872 3
a 185 113 1
a 186 520 7
a 187 315 4
a 187 391 10
a 188 244 10
a 188 511 5
a 188 894 3
a 189 550 6
a 189 597 1
a 189 610 8
a 190 62 8
a 191 288 10
a 191 292 8
a 192 626 3
a 192 871 10
a 193 430 6
a 193 795 5
a 194 723 4
a 194 854 5
a 195 107 7
a 195 271 4
a 195 545 3
a 196 34 7
a 196 809 10
a 196 821 1
a 197 867 7
a 198 875 7
a 199 9 6
a 200 348 1
a 201 20 5
a 201 275 4
a 202 120 6
a 203 272 6
a 203 683 10
a 204 637 10
a 204 828 3
a 205 35 7
a 205 386 5
a 205 637 5
a 206 49 7
a 206 662 2
a 206 822 10
a 207 671 5
a 207 873 6
a 208 13 4
a 209 54 4
a 210 582 2
a 211 685 1
a 211 764 6
a 211 799 10
a 212 251 9
a 212 575 9
a 213 140 6
a 213 161 1
a 213 310 6
a 214 652 8
a 215 6 4
a 215 305 5
a 216 194 2
a 216 279 8
a 216 549 4
a 217 290 1
a 217 523 4
a 218 676 9
a 219 576 2
a 220 343 1
a 220 541 10
a 220 847 9
a 221 594 7
a 222 669 2
a 223 283 10
a 224 267 5
a 225 601 7
a 226 249 4
a 226 511 7
a 227 753 6
a 227 834 3
a 228 199 6
a 229 16 7
a 229 738 3
a 230 320 8
a 231 474 6
a 231 673 7
a 231 783 2
a 231 831 3
a 232 167 2
a 232 254 4
a 232 700 4
a 233 242 9
a 234 567 8
a 235 334 3
a 235 651 2
a 236 615 6
a 236 625 9
a 237 351 8
a 238 265 10
a 238 424 2
a 239 700 6
a 240 528 2
a 241 218 3
a 242 79 4
a 242 459 10
a 242 654 5
a 243 45 6
a 243 723 6
a 243 793 4
a 244 19 2
a 244 162 1
a 244 240 10
a 244 598 5
a 245 640 8
a 245 695 10
a 245 704 3
a 245 880 9
a 246 43 5
a 247 84 7
a 247 750 2
a 248 15 5
a 248 509 10
a 249 119 4
a 249 344 5
a 250 425 5
a 250 771 6
a 250 875 10
a 251 301 6
a 251 752 6
a 252 691 6
a 253 853 7
a 254 262 2
a 254 801 5
a 255 428 5
a 255 709 1
a 256 653 4
a 257 445 1
a 257 584 2
a 258 472 7
a 258 526 1
a 258 556 2
a 258 614 4
a 258 898 6
a 259 73 10
a 259 403 3
a 260 484 8
a 261 568 6
a 262 289 5
a 262 868 5
a 263 92 3
a 264 36 3
a 264 806 10
a 265 673 10
a 266 158 8
a 266 726 4
a 267 214 9
a 267 594 1
a 268 774 7
a 269 421 6
a 270 377 2
a 271 221 1
a 271 766 8
a 272 251 8
a 273 472 8
a 274 551 5
a 274 683 7
a 275 519 6
a 275 588 4
a 276 70 2
a 276 373 5
a 276 687 6
a 276 716 5
a 277 579 4
a 277 781 2
a 278 788 8
a 279 416 2
a 279 529 3
a 280 82 3
a 280 378 7
a 280 708 4
a 280 853 10
a 281 96 7
a 281 407 10
a 281 451 1
a 281 507 6
a 281 591 1
a 282 377 9
a 282 396 1
a 282 636 9
a 282 828 9
a 282 868 9
a 283 207 4
a 284 100 9
a 284 581 6
a 284 682 4
a 285 273 9
a 286 153 6
a 286 300 6
a 286 387 10
a 286 814 2
a 287 449 5
a 288 440 7
a 288 791 7
a 289 259 3
a 289 657 1
a 289 829 6
a 290 260 3
a 290 857 4
a 291 477 4
a 292 108 10
a 292 218 5
a 292 506 4
a 293 507 4
a 293 872 3
a 294 456 6
a 295 186 1
a 295 415 4
a 295 869 9
a 296 94 2
a 296 182 2
a 297 135 8
a 297 172 3
a 297 195 5
a 297 533 8
a 298 408 2
a 299 539 5
a 300 89 7
a 300 421 7
a 300 468 2
a 301 90 2
a 302 333 9
a 303 191 10
a 304 870 5
a 305 336 6
a 305 572 3
a 306 267 3
a 306 361 10
a 306 435 4
a 307 308 1
a 307 675 7
a 308 118 3
a 309 120 2
a 309 461 9
a 309 465 1
a 309 542 9
a 310 225 9
a 310 501 4
a 310 587 6
a 310 900 9
a 311 295 1
a 311 503 6
a 311 763 2
a 312 326 3
a 313 658 10
a 314 330 8
a 314 465 8
a 315 879 4
a 316 18 9
a 317 14 2
a 317 625 3
a 317 628 8
a 318 235 4
a 319 816 10
a 319 899 8
a 320 65 5
a 320 141 7
a 320 632 5
a 320 767 2
a 321 339 1
a 322 812 10
a 323 426 2
a 323 549 8
a 323 866 6
a 324 123 1
a 324 146 6
a 324 337 4
a 324 751 1
a 325 304 4
a 325 463 8
a 325 567 2
a 326 588 6
a 327 197 7
a 328 293 10
a 329 117 10
a 329 242 9
a 329 349 8
a 329 748 2
a 329 878 6
a 330 81 3
a 330 205 5
a 331 338 6
a 331 483 3
a 332 417 4
a 333 219 7
a 333 359 3
a 334 607 6
a 335 720 8
a 336 64 1
a 336 262 8
a 337 420 5
a 337 806 6
a 338 462 8
a 338 841 8
a 339 20 2
a 339 88 1
a 339 187 5
a 339 384 5
a 339 784 4
a 340 543 10
a 340 601 8
a 340 627 3
a 341 146 3
a 342 101 9
a 342 726 6
a 343 391 10
a 343 513 4
a 343 601 5
a 343 870 8
a 344 500 4
a 344 544 1
a 344 656 10
a 345 411 3
a 346 248 7
a 346 368 3
a 346 458 9
a 347 369 10
a 347 468 5
a 347 590 10
a 348 116 2
a 349 544 6
a 349 679 6
a 350 635 10
a 350 746 4
a 351 54 3
a 351 81 6
a 351 109 5
a 352 261 9
a 352 410 6
a 353 581 8
a 353 787 9
a 353 855 3
a 354 588 7
a 355 110 6
a 355 744 2
a 356 110 8
a 356 328 7
a 356 706 5
a 357 324 8
a 357 501 1
a 357 688 8
a 358 52 3
a 358 162 6
a 359 106 7
a 359 481 2
a 360 340 5
a 360 355 9
a 360 584 8
a 360 837 2
a 361 53 7
a 362 95 6
a 363 206 6
a 363 257 5
a 363 863 6
a 364 107 10
a 365 415 4
a 365 699 7
a 366 160 7
a 367 640 7
a 368 273 6
a 368 341 2
a 368 847 9
a 369 68 3
a 369 573 5
a 369 890 3
a 370 281 6
a 370 569 4
a 370 845 8
a 371 737 10
a 372 39 6
a 372 850 10
a 373 53 8
a 373 333 1
a 373 438 1
a 373 852 7
a 374 258 6
a 375 219 8
a 375 796 9
a 376 30 10
a 376 124 1
a 376 127 6
a 376 253 9
a 376 414 9
a 377 58 7
a 377 148 8
a 377 845 10
a 378 62 7
a 378 802 5
a 379 153 8
a 380 435 4
a 380 498 5
a 381 633 7
a 381 688 7
a 382 83 10
a 382 155 8
a 382 371 9
a 383 25 2
a 383 333 2
a 383 658 2
a 384 441 4
a 384 635 10
a 384 804 1
a 385 136 2
a 385 691 8
a 386 245 9
a 386 473 4
a 387 641 9
a 388 858 1
a 389 325 3
a 389 599 2
a 390 41 2
a 391 149 6
a 391 661 1
a 392 29 1
a 392 66 6
a 393 300 3
a 393 805 4
a 394 614 8
a 394 750 9
a 394 867 2
a 395 402 9
a 395 689 5
a 396 270 7
a 396 648 3
a 396 848 6
a 397 147 2
a 397 650 6
a 398 22 2
a 399 724 2
a 400 490 4
a 400 736 9
a 401 350 4
a 402 375 8
a 403 539 2
a 403 613 7
a 404 220 1
a 405 278 4
a 405 883 9
a 406 706 10
a 407 644 4
a 408 236 3
a 409 563 6
a 409 607 8
a 409 781 4
a 409 845 3
a 410 383 2
a 410 860 10
a 411 367 4
a 411 436 10
a 412 124 7
a 413 404 1
a 413 462 4
a 413 525 3
a 413 864 2
a 414 109 2
a 415 373 9
a 415 755 9
a 416 254 5
a 416 491 10
a 417 586 8
a 418 724 8
a 419 125 4
a 419 705 1
a 420 711 9
a 420 895 2
a 421 350 1
a 421 881 7
a 422 538 2
a 422 718 10
a 423 637 8
a 424 243 8
a 424 463 4
a 424 861 3
a 425 37 5
a 425 229 9
a 425 427 2
a 426 44 8
a 426 114 8
a 426 448 3
a 427 688 4
a 427 762 2
a 428 755 5
a 429 87 10
a 429 225 8
a 429 667 1
a 430 242 6
a 431 65 1
a 431 78 2
a 431 694 7
a 432 216 2
a 433 474 4
a 434 269 10
a 434 294 10
a 435 155 7
a 435 220 10
a 435 419 8
a 435 503 5
a 436 68 3
a 436 514 9
a 437 527 3
a 438 152 9
a 439 119 2
a 439 684 3
a 439 717 6
a 440 529 8
a 440 856 8
a 441 476 8
a 441 714 10
a 442 285 6
a 442 850 1
a 443 303 1
a 444 185 6
a 444 596 2
a 444 643 3
a 445 364 8
a 445 797 4
a 446 99 9
a 446 478 4
a 447 81 5
a 447 454 6
a 448 66 10
a 448 881 8
a 449 330 7
a 449 826 3
a 450 213 7
a 450 389 5
a 451 378 6
a 451 401 6
a 452 724 8
a 453 4 5
a 453 32 10
a 453 358 7
a 453 665 3
a 453 715 4
a 454 577 5
a 455 207 10
a 456 298 1
a 457 320 10
a 457 726 6
a 458 26 4
a 458 418 9
a 459 94 3
a 460 732 5
a 461 535 1
a 462 98 3
a 462 757 4
a 463 857 7
a 464 163 2
a 464 893 2
a 465 191 3
a 466 76 5
a 466 464 5
a 467 673 6
a 468 258 1
a 468 704 5
a 469 842 7
a 469 861 2
a 470 261 2
a 471 171 10
a 471 375 3
a 471 729 6
a 472 23 10
a 472 822 9
a 473 13 5
a 474 103 8
a 474 518 6
a 474 759 2
a 475 371 8
a 476 748 2
a 477 753 10
a 478 132 3
a 478 582 8
a 478 728 4
a 479 91 5
a 479 374 6
a 480 739 1
a 481 45 5
a 481 545 7
a 482 116 6
a 482 224 10
a 482 244 10
a 482 254 9
a 483 400 9
a 484 292 3
a 485 252 1
a 486 321 10
a 487 322 9
a 487 832 8
a 487 846 4
a 488 51 4
a 488 479 3
a 489 44 2
a 490 183 5
a 491 109 7
a 491 166 8
a 492 662 5
a 493 365 4
a 494 583 8
a 494 638 3
a 495 669 10
a 496 493 9
a 496 534 4
a 497 318 3
a 498 55 10
a 499 770 4
a 499 867 1
a 500 436 2
a 501 124 4
a 501 157 1
a 502 223 4
a 503 366 9
a 504 207 2
a 504 552 10
a 505 574 8
a 505 816 5
a 506 271 3
a 506 464 4
a 507 349 4
a 508 139 10
a 508 210 3
a 508 820 7
a 508 833 4
a 508 857 5
a 509 685 9
a 510 475 2
a 510 531 1
a 511 181 6
a 511 787 8
a 512 462 4
a 512 467 8
a 513 262 9
a 513 387 10
a 514 522 7
a 515 41 5
a 515 581 2
a 516 184 5
a 516 359 1
a 517 480 1
a 517 629 1
a 517 756 8
a 517 758 3
a 517 897 6
a 518 321 9
a 519 21 8
a 519 368 4
a 520 42 6
a 521 121 6
a 522 71 9
a 522 517 7
a 522 600 5
a 522 629 6
a 522 792 3
a 523 575 4
a 524 112 5
a 524 238 2
a 524 883 1
a 525 289 7
a 525 578 8
a 526 145 2
a 526 803 6
a 527 263 7
a 527 398 5
a 528 477 10
a 528 870 6
a 529 726 10
a 529 780 2
a 530 866 5
a 531 291 6
a 532 105 5
a 532 247 10
a 532 261 9
a 532 438 8
a 532 660 3
a 532 830 4
a 533 46 3
a 534 483 4
a 535 3 4
a 535 508 5
a 535 876 2
a 536 9 9
a 536 252 4
a 536 888 5
a 537 398 6
a 537 698 1
a 538 360 4
a 538 731 6
a 538 855 7
a 539 227 10
a 539 593 3
a 540 54 7
a 540 633 1
a 540 884 4
a 541 8 6
a 541 659 4
a 542 193 9
a 542 326 10
a 543 12 5
a 543 878 3
a 544 38 4
a 544 164 10
a 544 520 3
a 545 64 8
a 545 547 9
a 545 741 4
a 546 22 1
a 546 168 8
a 546 676 9
a 546 896 6
a 547 346 7
a 548 166 6
a 548 456 7
a 548 628 4
a 549 29 2
a 549 199 2
a 549 236 4
a 549 448 5
a 550 222 4
a 551 741 7
a 552 47 2
a 553 442 9
a 553 613 8
a 554 222 9
a 554 334 4
a 555 408 3
a 556 67 6
a 556 847 6
a 557 183 9
a 558 372 8
a 558 555 10
a 558 825 2
a 559 51 4
a 559 171 6
a 560 383 1
a 560 717 8
a 561 637 3
a 562 63 6
a 562 77 10
a 562 255 3
a 563 118 5
a 563 646 2
a 564 23 9
a 564 32 2
a 564 595 10
a 564 710 10
a 565 703 1
a 565 812 4
a 566 588 6
a 567 875 4
a 568 143 5
a 568 224 4
a 569 354 9
a 569 455 2
a 569 546 6
a 570 226 5
a 570 250 1
a 570 271 3
a 571 754 1
a 571 796 3
a 572 761 8
a 573 736 5
a 574 272 5
a 574 518 2
a 575 195 5
a 575 293 6
a 576 356 6
a 576 589 6
a 577 283 5
a 578 585 6
a 578 616 6
a 579 314 9
a 580 60 2
a 581 10 2
a 581 639 3
a 582 411 1
a 583 136 1
a 583 568 4
a 584 557 9
a 585 437 10
a 585 580 1
a 586 160 5
a 586 236 1
a 586 297 6
a 586 339 10
a 586 452 10
a 586 570 7
a 587 187 6
a 587 450 1
a 588 822 5
a 589 156 9
a 589 356 5
a 589 624 5
a 590 360 8
a 590 539 4
a 591 166 6
a 591 768 10
a 591 785 7
a 592 840 5
a 593 874 2
a 594 214 6
a 594 498 6
a 595 630 7
a 596 29 7
a 596 309 9
a 596 376 1
a 597 91 2
a 597 118 2
a 597 194 10
a 598 18 5
a 598 471 7
a 599 400 5
a 599 471 2
a 599 689 8
a 600 142 5
a 601 608 1
a 601 710 5
a 602 436 4
a 602 444 1
a 602 764 2
a 603 141 4
a 603 378 2
a 604 287 8
a 604 392 7
a 605 484 2
a 606 171 9
a 606 393 2
a 607 393 4
a 607 466 5
a 608 14 2
a 609 261 10
a 610 105 6
a 610 126 1
a 611 59 8
a 611 140 1
a 612 69 10
a 612 142 10
a 612 215 4
a 613 5 6
a 614 832 2
a 615 39 3
a 615 506 6
a 616 651 7
a 617 306 10
a 617 382 1
a 618 216 6
a 618 843 8
a 619 502 4
a 619 602 3
a 619 625 8
a 620 297 6
a 620 709 9
a 621 458 5
a 621 731 5
a 622 55 6
a 622 626 5
a 622 887 6
a 622 894 6
a 623 428 2
a 623 510 3
a 624 121 5
a 624 213 8
a 624 469 7
a 625 81 4
a 625 652 9
a 626 337 8
a 626 457 3
a 626 619 9
a 627 579 7
a 628 246 7
a 629 262 9
a 629 276 3
a 629 655 4
a 630 42 8
a 630 161 6
a 631 56 9
a 631 404 3
a 631 745 8
a 631 776 10
a 632 637 3
a 633 397 6
a 634 462 5
a 635 150 1
a 635 366 3
a 636 428 6
a 637 256 4
a 637 579 6
a 638 622 7
a 639 101 7
a 639 296 2
a 640 346 10
a 640 455 9
a 640 888 6
a 641 203 7
a 641 321 2
a 642 15 7
a 642 176 8
a 642 287 1
a 642 478 5
a 642 610 4
a 643 790 10
a 644 85 2
a 644 540 1
a 644 895 7
a 645 303 8
a 645 633 3
a 646 268 3
a 646 403 9
a 647 395 3
a 647 519 8
a 648 138 6
a 648 228 4
a 648 849 4
a 649 131 10
a 649 344 4
a 649 703 7
a 650 52 8
a 650 88 10
a 650 586 5
a 650 707 9
a 651 601 8
a 651 609 4
a 651 879 5
a 652 318 9
a 652 739 8
a 652 891 9
a 653 792 9
a 654 137 2
a 654 890 9
a 655 865 4
a 655 870 7
a 656 524 7
a 657 329 4
a 658 190 3
a 658 302 9
a 658 747 7
a 659 180 1
a 659 189 2
a 659 693 3
a 660 370 6
a 661 204 5
a 661 504 9
a 662 684 2
a 663 748 7
a 664 865 9
a 665 98 1
a 665 329 1
a 666 179 6
a 666 797 5
a 666 843 1
a 667 472 6
a 668 143 6
a 668 558 2
a 669 97 5
a 669 733 3
a 670 424 1
a 670 727 1
a 671 522 6
a 671 701 9
a 672 647 1
a 673 597 8
a 674 415 3
a 674 796 10
a 675 258 1
a 675 499 9
a 676 360 8
a 677 260 6
a 677 412 10
a 677 630 4
a 677 706 7
a 677 721 1
a 678 328 9
a 678 635 5
a 679 15 2
a 680 264 2
a 680 883 3
a 681 790 3
a 682 329 3
a 682 687 9
a 683 649 2
a 684 133 8
a 684 802 5
a 685 176 7
a 685 190 3
a 686 423 10
a 687 193 4
a 687 733 4
a 688 661 7
a 688 859 5
a 689 100 7
a 690 451 1
a 691 172 8
a 692 294 5
a 693 624 2
a 694 114 10
a 694 568 9
a 695 199 4
a 696 453 10
a 696 510 7
a 697 203 6
a 698 36 5
a 698 146 6
a 698 576 3
a 699 95 9
a 699 404 2
a 699 664 5
a 699 899 3
a 700 207 9
a 700 340 5
a 700 489 10
a 701 342 10
a 701 568 7
a 702 27 10
a 702 274 8
a 702 307 10
a 703 362 5
a 703 460 8
a 704 494 10
a 704 674 1
a 704 874 7
a 705 621 6
a 705 678 9
a 705 767 7
a 706 657 4
a 707 178 2
a 707 486 6
a 707 623 10
a 708 37 2
a 709 851 3
a 710 164 6
a 710 173 6
a 711 40 3
a 712 507 9
a 713 58 9
a 713 648 3
a 714 694 7
a 715 129 7
a 715 190 3
a 716 531 3
a 717 258 1
a 718 197 1
a 718 383 6
a 718 668 4
a 719 638 5
a 720 84 3
a 721 280 8
a 721 520 3
a 722 80 6
a 722 532 4
a 723 532 3
a 724 331 2
a 724 634 1
a 724 839 3
a 725 298 9
a 725 486 1
a 725 774 5
a 726 352 9
a 726 507 9
a 727 301 6
a 727 312 5
a 727 598 8
a 727 645 7
a 727 808 8
a 727 895 8
a 728 163 1
a 728 407 5
a 729 107 2
a 729 797 5
a 730 544 5
a 730 777 6
a 731 572 10
a 732 637 7
a 733 76 5
a 734 62 7
a 734 851 6
a 735 453 6
a 735 777 4
a 736 391 6
a 737 161 9
a 737 449 4
a 738 18 9
a 739 110 1
a 740 7 9
a 740 258 9
a 740 431 9
a 740 611 1
a 740 623 8
a 741 429 6
a 741 521 1
a 741 824 5
a 742 88 2
a 742 230 9
a 743 598 8
a 744 492 3
a 744 542 6
a 745 90 6
a 745 500 1
a 746 313 9
a 746 356 6
a 746 876 3
a 747 485 6
a 747 702 3
a 748 589 7
a 749 453 5
a 750 234 7
a 750 421 2
a 751 133 3
a 751 165 4
a 752 447 3
a 752 717 1
a 753 111 7
a 753 440 7
a 753 530 1
a 753 663 3
a 754 61 5
a 754 592 8
a 755 688 7
a 756 273 2
a 756 563 6
a 757 724 2
a 757 782 1
a 758 577 2
a 759 101 4
a 759 736 6
a 760 850 9
a 760 867 4
a 761 175 7
a 761 728 3
a 761 776 6
a 762 120 6
a 762 202 4
a 763 122 9
a 763 394 4
a 763 590 4
a 764 7 7
a 764 73 2
a 765 217 4
a 765 232 8
a 765 432 9
a 765 512 10
a 765 862 10
a 766 301 7
a 767 169 10
a 767 493 2
a 767 559 10
a 768 633 7
a 768 836 6
a 769 611 1
a 770 487 8
a 770 543 7
a 770 548 7
a 771 88 9
a 772 106 3
a 772 667 10
a 772 690 2
a 772 815 3
a 773 630 3
a 774 40 1
a 774 299 5
a 774 619 6
a 775 357 6
a 775 807 5
a 776 439 3
a 776 763 10
a 777 28 2
a 777 450 2
a 777 810 9
a 778 239 6
a 779 104 3
a 780 790 8
a 781 12 1
a 781 720 7
a 782 478 5
a 783 13 7
a 783 256 7
a 783 572 6
a 784 502 8
a 784 520 10
a 784 844 8
a 784 854 10
a 784 877 10
a 785 281 10
a 786 436 8
a 786 735 4
a 787 113 4
a 787 134 3
a 787 565 9
a 787 599 1
a 787 824 4
a 788 210 1
a 788 883 5
a 789 741 2
a 789 824 6
a 790 433 1
a 790 671 8
a 790 722 9
a 791 173 5
a 791 821 9
a 792 149 8
a 792 670 8
a 793 457 4
a 793 485 3
a 793 643 2
a 794 145 5
a 794 146 5
a 794 719 9
a 795 496 5
a 795 806 2
a 796 500 4
a 797 189 9
a 797 505 6
a 797 813 3
a 798 571 1
a 799 272 4
a 800 93 7
a 800 363 5
a 800 590 1
a 800 892 9
a 801 209 2
a 801 661 10
a 801 839 3
a 802 194 10
a 803 9 2
a 803 43 2
a 804 65 2
a 804 789 2
a 805 816 3
a 806 685 10
a 807 266 7
a 807 444 1
a 807 889 7
a 808 467 6
a 809 248 8
a 809 434 8
a 809 604 7
a 809 794 10
a 810 812 10
a 811 142 4
a 811 314 3
a 811 434 2
a 812 292 3
a 812 335 7
a 812 733 2
a 812 900 4
a 813 130 3
a 813 376 2
a 814 473 1
a 815 141 10
a 815 616 2
a 816 494 7
a 816 657 5
a 817 188 3
a 817 413 2
a 817 486 8
a 818 101 3
a 819 15 1
a 819 242 9
a 820 133 4
a 820 150 2
a 820 666 4
a 821 250 10
a 822 453 7
a 823 325 7
a 824 802 2
a 825 339 2
a 826 726 6
a 827 387 8
a 828 79 1
a 828 519 6
a 828 530 10
a 828 819 7
a 829 149 1
a 830 458 10
a 830 561 6
a 830 651 7
a 831 50 4
a 831 532 1
a 832 449 8
a 833 456 3
a 833 566 4
a 834 186 1
a 834 345 8
a 835 372 3
a 835 830 4
a 836 6 4
a 836 238 5
a 836 732 2
a 837 41 6
a 838 594 6
a 839 388 5
a 839 581 2
a 840 748 8
a 841 191 4
a 841 765 10
a 842 294 8
a 842 583 6
a 842 761 10
a 843 313 3
a 844 58 9
a 845 154 6
a 845 798 8
a 845 838 1
a 846 45 3
a 846 235 6
a 847 281 9
a 847 834 4
a 848 380 6
a 848 723 3
a 849 436 8
a 850 140 1
a 851 228 2
a 851 743 8
a 852 230 1
a 853 306 4
a 853 756 4
a 854 428 10
a 854 653 9
a 855 54 1
a 855 778 2
a 856 737 10
a 856 847 1
a 857 175 8
a 857 370 7
a 858 272 3
a 858 535 5
a 858 629 3
a 859 363 10
a 859 490 10
a 859 696 6
a 859 858 6
a 860 201 6
a 860 368 3
a 861 154 2
a 861 187 6
a 861 246 10
a 861 788 6
a 862 353 6
a 862 522 4
a 862 677 9
a 863 86 8
a 863 232 1
a 863 259 10
a 863 641 9
a 863 811 5
a 864 132 3
a 865 617 5
a 865 637 5
a 866 18 9
a 866 591 4
a 867 356 9
a 867 430 2
a 867 900 8
a 868 75 5
a 868 479 1
a 869 87 6
a 869 554 5
a 870 104 8
a 870 668 10
a 871 663 2
a 872 379 4
a 872 686 1
a 873 527 1
a 874 46 6
a 874 198 6
a 875 121 6
a 875 284 2
a 875 642 10
a 876 217 9
a 876 743 6
a 877 308 9
a 877 455 8
a 878 187 7
a 878 798 7
a 878 856 1
a 879 508 9
a 880 732 9
a 881 186 3
a 882 193 7
a 882 446 10
a 883 52 1
a 883 233 9
a 883 286 6
a 884 11 5
a 885 175 7
a 886 133 9
a 887 159 5
a 888 504 1
a 888 639 7
a 889 588 6
a 889 720 5
a 890 731 3
a 891 499 9
a 891 874 6
a 892 74 2
a 893 330 10
a 893 547 5
a 893 631 6
a 894 502 2
a 894 712 3
a 895 135 2
a 895 768 9
a 896 455 3
a 897 504 9
a 897 688 10
a 897 742 9
a 898 713 5
a 898 725 7
a 899 5 4
a 899 534 7
a 899 603 3
a 899 838 2
