p max 900 1800
n 1 s
n 900 t
a 1 604 2
a 2 702 4
a 3 643 8
a 4 464 5
a 4 657 1
a 5 253 7
a 5 870 9
a 6 71 10
a 6 344 8
a 6 412 2
a 6 443 2
a 6 705 1
a 6 710 4
a 6 768 3
a 7 26 7
a 7 740 9
a 8 210 6
a 8 352 9
a 8 743 5
a 9 54 8
a 10 279 4
a 10 568 5
a 10 670 2
a 10 805 7
a 11 435 10
a 11 816 9
a 12 380 6
a 13 886 3
a 14 9 8
a 15 538 8
a 15 653 4
a 15 766 4
a 16 191 2
a 16 434 5
a 16 587 7
a 17 824 2
a 18 166 3
a 19 316 4
a 20 248 2
a 20 366 4
a 20 462 9
a 21 158 6
a 21 473 8
a 22 114 7
a 22 220 3
a 22 557 8
a 23 897 10
a 24 508 6
a 25 225 2
a 25 449 8
a 25 570 4
a 26 372 1
a 27 5 1
a 27 393 6
a 28 77 8
a 28 591 8
a 29 625 3
a 30 287 5
a 31 697 10
a 32 9 10
a 32 139 5
a 32 420 6
a 32 651 3
a 32 833 3
a 33 523 9
a 33 857 5
a 34 59 7
a 34 554 1
a 35 559 6
a 36 49 8
a 37 334 6
a 38 118 2
a 38 410 9
a 39 233 7
a 39 288 6
a 39 831 8
a 39 858 6
a 40 489 1
a 41 38 7
a 41 303 3
a 41 615 5
a 41 640 10
a 42 124 1
a 42 239 9
a 43 310 6
a 44 185 4
a 44 683 9
a 44 823 1
a 45 473 4
a 46 102 9
a 46 148 1
a 46 480 2
a 46 696 6
a 46 750 10
a 47 4 10
a 47 552 5
a 48 540 6
a 48 690 5
a 48 874 2
a 49 291 1
a 49 863 6
a 50 334 3
a 50 718 6
a 50 842 5
a 51 712 5
a 51 760 10
a 52 631 8
a 52 853 9
a 53 115 7
a 53 249 5
a 53 505 10
a 53 625 7
a 53 771 5
a 54 635 10
a 55 414 6
a 56 223 5
a 56 484 1
a 56 587 1
a 56 740 1
a 57 630 3
a 57 694 3
a 58 316 4
a 58 707 4
a 59 296 3
a 59 632 7
a 60 164 4
a 60 417 6
a 60 539 3
a 61 212 8
a 62 40 2
a 62 106 3
a 63 62 10
a 63 161 3
a 63 869 8
a 64 662 5
a 64 714 7
a 65 830 6
a 66 717 2
a 67 788 10
a 68 104 7
a 68 211 8
a 68 217 8
a 68 664 8
a 69 445 4
a 69 654 9
a 69 682 4
a 70 119 4
a 70 142 7
a 71 785 3
a 72 351 10
a 72 781 10
a 73 17 7
a 73 449 3
a 73 767 6
a 74 371 8
a 74 567 9
a 75 140 3
a 76 48 8
a 76 772 8
a 77 407 7
a 77 822 5
a 78 58 2
a 78 293 2
a 78 751 7
a 79 232 9
a 79 339 5
a 79 599 1
a 79 727 8
a 80 375 3
a 80 626 8
a 80 749 8
a 81 846 3
a 82 30 8
a 82 836 4
a 82 894 9
a 83 307 5
a 83 668 4
a 84 93 6
a 84 133 8
a 84 346 6
a 85 9 1
a 86 368 4
a 86 757 4
a 87 414 6
a 88 234 9
a 88 453 10
a 88 817 7
a 89 113 6
a 89 162 7
a 89 784 2
a 89 810 6
a 90 343 6
a 91 481 10
a 92 251 7
a 93 643 1
a 94 227 5
a 94 453 3
a 95 595 2
a 96 858 8
a 97 20 9
a 97 481 5
a 97 623 5
a 98 84 4
a 98 658 6
a 98 672 1
a 98 707 9
a 99 268 10
a 100 222 5
a 101 293 2
a 101 329 7
a 102 678 2
a 102 792 6
a 103 384 6
a 104 223 5
a 104 391 10
a 104 428 5
a 105 607 2
a 105 824 10
a 105 829 4
a 106 214 7
a 107 303 3
a 107 536 6
a 108 196 10
a 109 229 10
a 109 897 4
a 110 158 7
a 111 64 5
a 111 112 7
a 111 873 3
a 112 51 9
a 113 66 1
a 114 722 1
a 114 799 5
a 115 704 10
a 115 781 3
a 115 866 6
a 116 460 6
a 116 585 9
a 117 365 3
a 117 796 10
a 118 174 9
a 118 447 2
a 119 200 2
a 120 186 8
a 120 209 2
a 120 900 10
a 121 242 4
a 121 585 8
a 121 760 9
a 122 46 7
a 122 480 3
a 122 579 6
a 123 540 3
a 123 802 3
a 124 399 3
a 125 173 8
a 125 809 8
a 126 235 3
a 126 542 10
a 127 6 3
a 127 123 6
a 127 726 6
a 128 321 7
a 128 671 6
a 129 16 1
a 129 577 9
a 130 34 6
a 130 53 4
a 130 111 7
a 130 594 2
a 131 649 2
a 132 558 1
a 133 324 10
a 133 569 1
a 133 658 4
a 134 715 5
a 135 76 4
a 135 812 7
a 136 401 3
a 136 584 9
a 136 630 7
a 136 670 9
a 137 96 10
a 137 182 1
a 138 728 3
a 139 146 8
a 139 589 4
a 140 641 5
a 140 892 8
a 141 560 6
a 141 875 3
a 142 776 1
a 143 274 7
a 143 278 3
a 144 78 3
a 144 701 10
a 145 493 6
a 146 103 6
a 146 179 4
a 147 84 9
a 147 650 4
a 148 426 7
a 148 455 7
a 149 151 2
a 149 209 6
a 150 497 6
a 151 434 1
a 151 744 7
a 151 747 10
a 152 159 9
a 153 20 8
a 153 477 1
a 154 770 9
a 155 513 1
a 155 708 1
a 155 843 4
a 156 311 9
a 156 460 9
a 157 793 3
a 158 667 2
a 159 301 7
a 159 328 1
a 160 642 1
a 161 236 6
a 162 202 5
a 162 240 1
a 162 798 6
a 163 107 6
a 163 164 4
a 164 18 1
a 164 682 3
a 165 460 2
a 166 39 7
a 166 91 2
a 166 203 8
a 167 202 5
a 168 286 7
a 168 424 6
a 169 332 1
a 170 514 1
a 170 897 6
a 171 43 5
a 171 752 3
a 171 811 3
a 172 454 5
a 172 719 6
a 173 11 4
a 173 281 5
a 173 773 1
a 174 424 9
a 175 117 3
a 176 285 7
a 177 725 6
a 178 92 6
a 178 180 8
a 178 258 10
a 179 112 7
a 180 397 5
a 180 569 7
a 181 898 7
a 182 25 3
a 182 109 2
a 182 285 7
a 182 326 6
a 183 39 9
a 183 784 7
a 183 899 1
a 184 76 9
a 184 359 9
a 184 456 6
a 184 467 2
a 184 579 5
a 185 850 2
a 186 300 4
a 186 483 3
a 186 685 6
a 186 729 3
a 187 430 9
a 187 546 2
a 188 51 10
a 188 187 1
a 189 3 5
a 190 239 1
a 190 497 9
a 191 832 10
a 192 98 3
a 193 760 5
a 194 756 8
a 195 146 4
a 195 388 3
a 196 441 8
a 197 377 4
a 198 197 8
a 198 498 3
a 199 851 9
a 200 7 7
a 200 336 6
a 200 381 2
a 201 621 1
a 202 800 10
a 203 438 1
a 204 23 7
a 204 80 6
a 205 275 3
a 205 525 8
a 206 878 8
a 207 57 8
a 208 634 1
a 209 461 1
a 209 481 1
a 209 681 4
a 210 302 2
a 210 480 10
a 210 705 7
a 211 26 10
a 212 248 7
a 212 474 1
a 212 582 3
a 212 648 2
a 212 739 4
a 212 785 3
a 213 274 5
a 213 576 1
a 214 231 8
a 214 780 3
a 215 550 10
a 215 588 1
a 216 51 2
a 216 290 5
a 217 900 5
a 218 145 9
a 218 492 9
a 219 35 2
a 219 572 7
a 220 658 9
a 221 350 2
a 222 369 9
a 223 330 8
a 224 625 7
a 225 475 6
a 225 558 5
a 225 566 6
a 225 600 5
a 226 635 9
a 226 722 7
a 226 880 9
a 227 87 8
a 227 482 3
a 228 107 8
a 228 285 4
a 229 686 3
a 230 326 5
a 230 798 9
a 231 44 8
a 231 67 4
a 231 151 8
a 231 439 8
a 231 586 9
a 232 30 4
a 233 50 7
a 233 165 6
a 233 208 9
a 233 256 1
a 234 55 1
a 234 610 2
a 234 631 7
a 235 561 9
a 236 33 5
a 237 334 10
a 237 659 9
a 238 219 9
a 238 358 4
a 238 883 2
a 239 470 4
a 240 216 9
a 240 429 3
a 241 75 10
a 241 326 3
a 241 591 6
a 242 515 2
a 242 574 9
a 243 258 3
a 243 821 7
a 244 28 3
a 245 261 5
a 245 360 1
a 245 444 7
a 246 115 8
a 247 283 5
a 247 673 3
a 247 786 5
a 248 582 6
a 248 597 2
a 249 149 1
a 249 378 8
a 249 822 8
a 250 583 6
a 251 81 1
a 251 469 9
a 252 13 9
a 253 335 8
a 253 402 4
a 253 656 6
a 254 49 7
a 254 100 7
a 254 222 3
a 254 430 2
a 255 497 3
a 256 69 9
a 256 215 4
a 257 43 6
a 257 438 5
a 258 64 10
a 258 398 9
a 259 197 10
a 259 717 4
a 260 28 1
a 261 739 5
a 261 764 7
a 262 96 3
a 262 331 3
a 263 174 4
a 263 622 3
a 263 761 8
a 264 592 1
a 264 731 7
a 264 838 5
a 265 293 7
a 266 601 5
a 267 678 8
a 268 687 4
a 269 197 8
a 269 638 9
a 270 294 7
a 270 617 10
a 271 661 10
a 272 591 1
a 273 148 8
a 274 637 3
a 275 208 8
a 275 245 1
a 275 718 5
a 276 345 3
a 276 662 6
a 276 693 8
a 277 60 7
a 277 484 9
a 278 626 6
a 278 780 5
a 279 206 2
a 279 313 5
a 279 605 8
a 280 145 2
a 280 813 9
a 281 400 1
a 281 581 5
a 282 721 10
a 282 767 2
a 282 782 5
a 283 389 4
a 283 559 9
a 284 395 4
a 284 551 4
a 285 341 10
a 285 673 8
a 286 199 4
a 286 537 6
a 286 596 7
a 286 648 5
a 286 779 1
a 287 198 1
a 288 260 10
a 288 331 7
a 288 603 7
a 289 755 4
a 290 55 10
a 291 519 5
a 291 793 10
a 292 756 7
a 293 235 5
a 294 108 8
a 294 327 2
a 294 807 10
a 295 27 2
a 296 255 9
a 296 440 2
a 296 587 5
a 297 507 6
a 298 184 9
a 298 307 4
a 299 95 8
a 299 680 9
a 300 344 4
a 300 730 4
a 301 138 4
a 302 442 5
a 302 493 2
a 302 851 5
a 303 564 10
a 303 832 9
a 303 892 9
a 304 40 1
a 305 116 4
a 305 164 10
a 305 306 8
a 305 702 9
a 305 734 8
a 306 681 4
a 307 380 10
a 307 659 3
a 308 370 1
a 308 529 3
a 309 432 2
a 309 511 2
a 309 644 6
a 310 585 3
a 311 289 1
a 311 405 5
a 312 266 6
a 313 87 3
a 314 251 6
a 314 840 7
a 315 636 10
a 315 878 9
a 316 183 6
a 316 209 10
a 316 692 2
a 316 731 1
a 317 886 8
a 318 698 2
a 319 404 4
a 319 468 3
a 319 838 4
a 320 386 7
a 320 562 4
a 321 327 4
a 322 709 3
a 323 372 4
a 323 551 5
a 323 762 10
a 324 327 2
a 324 627 4
a 324 704 8
a 325 227 1
a 325 577 10
a 325 842 2
a 326 495 10
a 326 685 10
a 327 90 2
a 327 723 5
a 327 849 5
a 328 416 8
a 328 813 7
a 329 82 10
a 329 436 2
a 329 499 3
a 330 98 2
a 330 350 7
a 330 663 2
a 330 720 10
a 330 721 4
a 331 859 4
a 332 283 4
a 332 426 3
a 333 871 7
a 334 291 1
a 335 212 3
a 335 413 4
a 336 266 3
a 336 617 9
a 337 117 3
a 337 507 3
a 338 134 10
a 338 522 5
a 338 769 2
a 339 629 1
a 340 151 8
a 341 538 7
a 341 800 1
a 342 687 6
a 343 181 9
a 343 338 6
a 344 894 9
a 345 726 2
a 346 93 1
a 346 470 8
a 346 777 4
a 347 120 6
a 347 872 10
a 348 378 1
a 348 560 1
a 349 28 5
a 350 256 8
a 351 22 7
a 352 297 10
a 352 786 6
a 353 168 5
a 353 252 8
a 353 502 6
a 353 740 6
a 354 321 9
a 354 677 6
a 355 281 8
a 355 622 1
a 355 763 3
a 356 872 1
a 357 463 2
a 357 670 7
a 358 93 4
a 358 635 8
a 359 526 8
a 360 162 1
a 361 605 6
a 361 853 4
a 362 197 4
a 362 465 10
a 362 636 8
a 362 787 2
a 362 827 9
a 363 246 10
a 363 264 3
a 363 745 7
a 364 219 7
a 364 861 5
a 365 79 1
a 365 342 10
a 365 772 9
a 366 70 3
a 366 691 6
a 366 749 10
a 367 291 2
a 367 561 4
a 367 685 5
a 368 655 10
a 369 247 10
a 369 461 5
a 369 658 3
a 370 52 7
a 370 693 7
a 371 485 2
a 371 661 9
a 372 393 10
a 372 459 1
a 372 466 10
a 372 765 3
a 373 127 1
a 373 646 3
a 374 250 4
a 375 19 1
a 375 66 8
a 375 170 6
a 375 742 1
a 376 390 4
a 376 675 7
a 376 706 7
a 377 208 3
a 377 716 10
a 378 63 1
a 378 70 6
a 379 411 6
a 379 590 7
a 380 99 6
a 380 224 6
a 381 279 8
a 381 643 3
a 382 774 10
a 382 868 5
a 383 649 7
a 384 258 4
a 384 575 6
a 385 516 8
a 385 820 2
a 386 560 4
a 387 697 2
a 387 858 6
a 388 171 3
a 388 483 6
a 389 323 2
a 389 852 4
a 389 895 3
a 390 39 6
a 390 190 3
a 390 228 5
a 390 422 3
a 391 898 10
a 392 734 8
a 393 367 8
a 394 56 6
a 394 541 6
a 394 724 6
a 395 309 3
a 395 756 6
a 396 166 7
a 396 224 6
a 396 423 3
a 397 879 3
a 398 309 9
a 398 512 8
a 399 188 1
a 399 340 2
a 399 448 4
a 400 216 4
a 400 261 5
a 400 629 6
a 401 615 6
a 401 694 10
a 401 864 7
a 402 380 7
a 402 818 1
a 403 66 4
a 403 176 9
a 403 535 8
a 404 632 7
a 405 258 3
a 405 519 6
a 406 224 4
a 406 892 4
a 406 895 1
a 407 11 6
a 407 419 4
a 407 472 9
a 407 891 4
a 408 359 10
a 409 159 1
a 409 406 1
a 409 634 3
a 410 254 7
a 410 857 7
a 411 195 4
a 411 506 6
a 411 662 10
a 411 708 8
a 412 511 2
a 412 635 8
a 413 374 4
a 413 699 8
a 414 128 1
a 414 658 2
a 415 645 3
a 416 379 8
a 416 642 1
a 416 863 10
a 417 674 5
a 418 43 5
a 419 153 4
a 419 414 2
a 420 213 1
a 420 302 5
a 421 35 6
a 421 324 9
a 421 534 4
a 422 172 4
a 422 690 7
a 423 169 6
a 423 201 9
a 423 487 4
a 423 543 4
a 423 758 8
a 424 869 7
a 425 15 2
a 425 402 2
a 425 409 7
a 425 850 10
a 425 886 10
a 426 30 10
a 427 305 9
a 427 445 2
a 428 33 10
a 429 645 10
a 429 814 10
a 430 30 7
a 430 275 8
a 431 73 8
a 431 308 1
a 431 563 6
a 432 613 7
a 432 625 5
a 432 863 3
a 433 513 4
a 434 510 6
a 435 152 2
a 435 454 10
a 435 538 10
a 435 573 2
a 435 655 10
a 436 325 9
a 436 662 9
a 437 276 4
a 437 362 4
a 437 660 6
a 438 234 9
a 438 592 10
a 439 196 1
a 439 277 9
a 440 439 6
a 441 379 1
a 441 549 9
a 442 220 8
a 443 236 10
a 444 10 9
a 444 24 9
a 444 524 10
a 444 624 2
a 445 388 1
a 446 214 2
a 446 697 3
a 447 281 7
a 448 711 9
a 449 827 5
a 449 846 6
a 450 101 9
a 450 304 7
a 450 427 5
a 450 897 2
a 451 121 2
a 451 284 7
a 451 295 5
a 452 154 1
a 452 299 10
a 452 565 5
a 453 166 3
a 453 657 2
a 454 22 3
a 454 215 9
a 454 783 2
a 455 527 2
a 456 678 7
a 456 688 9
a 457 407 6
a 458 131 5
a 458 241 6
a 459 246 2
a 459 736 5
a 459 769 3
a 460 21 6
a 460 405 1
a 461 673 7
a 462 105 5
a 462 775 9
a 463 122 6
a 463 292 10
a 463 382 5
a 463 442 5
a 464 72 10
a 464 470 1
a 465 674 5
a 465 713 4
a 466 658 7
a 466 847 8
a 467 42 3
a 467 160 8
a 467 823 6
a 468 177 1
a 468 517 3
a 468 518 6
a 469 800 3
a 470 555 1
a 470 855 4
a 471 676 8
a 472 95 2
a 472 290 3
a 472 385 9
a 473 293 1
a 473 363 8
a 474 702 9
a 475 65 3
a 475 343 3
a 475 576 8
a 476 13 2
a 476 333 6
a 476 387 3
a 476 517 8
a 477 417 6
a 478 134 7
a 478 865 8
a 479 253 8
a 479 267 1
a 479 275 8
a 479 392 9
a 479 673 10
a 479 857 8
a 480 760 8
a 480 812 7
a 481 612 2
a 482 49 2
a 483 214 1
a 484 496 6
a 484 700 9
a 485 285 3
a 486 498 6
a 486 612 1
a 487 491 10
a 488 147 9
a 488 747 10
a 488 835 6
a 489 59 5
a 489 307 9
a 490 93 1
a 491 141 10
a 491 377 8
a 491 652 8
a 491 795 7
a 492 132 3
a 492 636 6
a 493 218 6
a 493 758 2
a 494 245 4
a 495 402 6
a 496 266 8
a 496 450 2
a 496 628 2
a 497 138 1
a 497 277 10
a 498 157 3
a 498 344 6
a 498 454 7
a 499 655 2
a 499 854 2
a 500 17 4
a 500 215 7
a 500 250 2
a 500 840 3
a 501 205 2
a 501 276 10
a 502 438 2
a 503 490 6
a 504 193 6
a 505 262 1
a 505 632 2
a 506 296 5
a 507 520 5
a 507 578 9
a 507 735 10
a 508 861 10
a 509 53 10
a 509 62 4
a 509 403 6
a 510 297 1
a 511 675 4
a 512 373 8
a 513 481 8
a 514 269 4
a 514 550 6
a 515 8 1
a 515 209 3
a 516 14 8
a 516 171 9
a 517 361 4
a 517 718 8
a 518 446 2
a 518 724 3
a 519 533 10
a 519 882 8
a 520 301 10
a 520 421 5
a 521 149 4
a 521 694 7
a 522 240 3
a 522 829 1
a 523 230 6
a 524 412 10
a 525 381 2
a 525 806 9
a 526 182 9
a 527 348 1
a 527 868 6
a 528 135 7
a 528 821 6
a 529 264 10
a 529 452 7
a 529 630 6
a 530 10 8
a 530 418 9
a 531 542 7
a 531 544 10
a 531 803 6
a 531 879 7
a 532 122 5
a 532 424 10
a 532 746 3
a 533 126 6
a 533 154 4
a 534 761 2
a 535 139 8
a 536 318 9
a 536 374 10
a 536 771 6
a 537 897 1
a 538 614 10
a 538 882 8
a 539 71 1
a 539 135 6
a 539 553 5
a 540 284 1
a 540 425 5
a 540 471 7
a 541 272 7
a 542 143 1
a 543 36 4
a 543 200 2
a 543 884 8
a 544 794 3
a 545 207 7
a 545 752 3
a 546 483 1
a 546 620 3
a 547 486 9
a 547 737 1
a 547 877 6
a 548 332 9
a 549 191 4
a 550 58 7
a 550 778 4
a 551 476 3
a 551 593 4
a 551 867 9
a 551 890 8
a 552 185 1
a 552 744 7
a 553 267 7
a 553 271 4
a 554 745 9
a 555 144 2
a 555 347 4
a 555 520 2
a 556 324 2
a 557 196 1
a 557 209 10
a 558 310 1
a 558 406 10
a 558 598 8
a 559 689 4
a 560 259 8
a 560 390 8
a 560 813 8
a 561 354 7
a 561 645 7
a 562 244 9
a 563 171 9
a 564 514 5
a 565 645 2
a 566 83 9
a 566 452 9
a 566 527 3
a 567 471 7
a 568 336 10
a 569 724 5
a 569 808 8
a 570 706 4
a 571 56 4
a 571 384 4
a 571 486 1
a 572 599 7
a 573 845 5
a 574 609 4
a 574 639 10
a 574 734 10
a 575 119 4
a 575 353 7
a 576 77 9
a 576 236 10
a 576 608 3
a 577 380 3
a 578 60 5
a 578 733 5
a 578 847 1
a 579 76 10
a 580 460 5
a 581 80 5
a 581 136 9
a 582 97 2
a 582 149 5
a 583 241 10
a 583 500 7
a 583 529 4
a 583 629 6
a 584 528 10
a 584 534 6
a 584 748 7
a 584 788 9
a 585 547 6
a 586 153 4
a 586 532 6
a 587 497 5
a 587 547 6
a 588 82 10
a 588 163 9
a 588 211 8
a 589 847 7
a 590 2 7
a 590 827 8
a 591 896 6
a 592 257 4
a 592 437 9
a 593 44 7
a 594 364 3
a 595 11 10
a 595 101 6
a 595 646 4
a 596 780 9
a 597 854 3
a 598 36 1
a 598 267 2
a 599 754 3
a 600 604 3
a 600 844 5
a 600 896 4
a 601 41 7
a 601 747 3
a 602 350 7
a 602 479 8
a 602 826 4
a 603 205 8
a 603 268 1
a 604 193 10
a 605 53 3
a 605 367 6
a 605 804 3
a 605 819 9
a 606 104 5
a 606 583 9
a 606 753 5
a 607 48 8
a 607 70 3
a 607 150 5
a 608 129 3
a 608 443 6
a 608 548 10
a 609 117 9
a 609 155 5
a 610 140 6
a 610 359 1
a 610 373 8
a 611 119 4
a 611 900 4
a 612 771 3
a 613 32 9
a 613 573 4
a 613 860 7
a 614 323 4
a 615 127 3
a 615 204 2
a 615 856 3
a 616 790 8
a 617 181 2
a 617 628 6
a 618 143 1
a 618 846 8
a 619 170 7
a 620 88 3
a 621 343 5
a 621 422 6
a 621 725 2
a 622 159 5
a 622 802 3
a 623 185 5
a 623 485 8
a 624 705 3
a 625 728 8
a 625 805 8
a 626 898 10
a 627 321 7
a 627 739 10
a 628 248 5
a 629 348 1
a 630 433 7
a 630 894 9
a 631 379 10
a 631 519 9
a 631 581 2
a 631 602 7
a 632 609 10
a 632 637 10
a 633 286 3
a 633 315 4
a 633 889 5
a 634 238 7
a 634 677 6
a 634 755 6
a 635 647 10
a 635 724 8
a 635 859 10
a 636 293 5
a 636 669 8
a 637 673 2
a 638 496 7
a 638 557 2
a 639 159 2
a 639 169 4
a 640 78 3
a 640 272 5
a 641 498 2
a 642 451 5
a 643 100 9
a 643 759 4
a 644 345 6
a 644 811 8
a 644 841 6
a 645 217 5
a 646 333 1
a 647 12 9
a 647 597 3
a 648 765 6
a 649 745 3
a 650 130 9
a 650 137 4
a 651 599 3
a 652 363 1
a 652 605 9
a 652 816 3
a 653 394 10
a 653 414 6
a 653 459 9
a 654 225 7
a 654 265 6
a 655 189 7
a 655 233 10
a 655 335 7
a 656 255 1
a 657 14 8
a 657 94 5
a 657 167 3
a 658 307 3
a 659 366 3
a 659 618 9
a 659 665 2
a 660 757 5
a 661 444 10
a 661 703 4
a 662 271 4
a 663 333 3
a 663 555 7
a 664 731 6
a 665 57 10
a 665 252 10
a 666 723 10
a 666 790 4
a 667 202 3
a 667 381 1
a 667 877 1
a 668 500 4
a 668 684 9
a 669 28 1
a 669 675 5
a 669 834 7
a 670 533 10
a 670 885 6
a 671 198 2
a 671 571 3
a 671 611 1
a 671 652 7
a 671 674 6
a 672 367 6
a 672 507 10
a 672 550 1
a 673 171 4
a 674 69 9
a 674 355 7
a 675 778 6
a 675 850 8
a 676 143 6
a 676 524 5
a 677 348 7
a 677 431 3
a 678 211 5
a 678 288 7
a 678 349 9
a 678 531 10
a 678 695 8
a 679 689 3
a 679 851 1
a 680 133 7
a 680 633 3
a 681 501 5
a 681 504 9
a 681 642 8
a 682 257 10
a 682 373 4
a 683 759 4
a 683 872 4
a 684 718 8
a 685 199 1
a 686 208 6
a 686 468 10
a 686 848 6
a 687 142 5
a 687 192 3
a 687 226 3
a 687 711 5
a 688 751 3
a 689 87 5
a 689 513 8
a 690 131 1
a 691 145 10
a 691 329 4
a 692 612 7
a 693 667 7
a 693 748 3
a 694 519 6
a 695 860 9
a 696 328 7
a 697 655 8
a 698 627 8
a 698 787 10
a 699 226 4
a 699 716 1
a 700 130 6
a 700 478 5
a 700 678 9
a 701 312 9
a 701 322 4
a 701 497 4
a 702 23 4
a 702 603 9
a 703 58 2
a 704 310 2
a 705 4 2
a 705 759 1
a 706 111 3
a 706 563 6
a 707 834 7
a 708 59 8
a 708 194 9
a 708 715 7
a 709 26 8
a 709 494 2
a 709 660 7
a 709 845 9
a 710 350 9
a 710 498 7
a 711 672 3
a 711 727 7
a 711 789 5
a 712 706 4
a 712 894 6
a 713 27 4
a 713 175 5
a 713 602 9
a 714 225 5
a 714 330 6
a 715 344 10
a 715 383 7
a 716 442 6
a 717 857 3
a 718 31 1
a 718 424 9
a 718 619 9
a 719 229 9
a 719 743 10
a 720 573 7
a 721 780 5
a 722 634 10
a 723 669 2
a 723 876 5
a 724 679 1
a 725 627 1
a 726 451 7
a 726 810 1
a 726 837 3
a 727 425 2
a 727 791 4
a 728 111 4
a 728 871 8
a 729 498 4
a 730 21 10
a 730 145 10
a 730 148 3
a 731 840 9
a 732 366 3
a 732 408 9
a 732 677 10
a 732 687 7
a 733 491 6
a 733 580 10
a 734 260 7
a 735 192 3
a 736 37 7
a 736 484 2
a 736 515 5
a 737 73 10
a 737 86 7
a 738 273 4
a 738 509 5
a 738 691 4
a 739 494 9
a 740 552 6
a 741 79 3
a 742 716 3
a 743 7 5
a 744 68 9
a 744 188 8
a 745 141 2
a 746 246 10
a 747 616 5
a 748 646 1
a 749 625 8
a 750 341 2
a 751 61 4
a 751 112 9
a 751 263 7
a 751 753 2
a 752 411 6
a 753 649 10
a 754 125 7
a 754 513 4
a 755 738 8
a 756 622 8
a 757 558 2
a 758 315 9
a 758 658 1
a 758 885 8
a 759 410 10
a 760 122 6
a 760 371 4
a 761 411 5
a 761 628 10
a 762 39 10
a 763 399 6
a 763 539 5
a 764 602 2
a 765 81 4
a 765 179 6
a 765 270 2
a 765 632 3
a 765 679 7
a 766 332 10
a 766 571 4
a 766 704 5
a 767 402 8
a 767 757 3
a 768 78 9
a 768 89 7
a 768 287 8
a 768 621 9
a 768 884 4
a 769 305 6
a 769 306 8
a 770 259 5
a 771 456 5
a 771 825 5
a 772 303 5
a 773 525 3
a 774 60 3
a 775 847 2
a 775 889 10
a 776 216 9
a 776 888 7
a 777 54 2
a 777 221 7
a 778 221 2
a 778 343 7
a 778 676 2
a 779 714 5
a 780 855 3
a 781 300 4
a 781 319 5
a 781 633 8
a 781 862 8
a 782 110 1
a 782 301 6
a 782 540 3
a 783 74 10
a 783 423 9
a 783 875 3
a 784 231 10
a 785 142 4
a 785 801 8
a 786 606 9
a 786 647 8
a 787 317 9
a 787 580 8
a 787 726 5
a 788 90 7
a 788 754 8
a 788 898 10
a 789 144 7
a 790 348 4
a 791 390 4
a 791 546 4
a 791 729 10
a 792 29 9
a 792 180 8
a 793 334 10
a 793 376 9
a 793 510 1
a 793 828 7
a 794 218 8
a 795 297 4
a 796 88 8
a 796 282 8
a 796 519 9
a 796 698 9
a 797 721 1
a 798 72 2
a 798 314 9
a 799 793 2
a 799 844 3
a 800 402 4
a 801 105 1
a 801 544 1
a 801 885 2
a 802 109 7
a 802 898 9
a 803 215 6
a 804 174 6
a 804 335 7
a 805 602 5
a 806 408 2
a 806 868 3
a 807 94 6
a 807 403 3
a 807 441 9
a 807 595 10
a 807 686 6
a 807 815 9
a 808 713 10
a 809 168 9
a 809 666 5
a 809 679 2
a 810 758 1
a 811 868 5
a 812 524 8
a 813 709 9
a 814 815 6
a 815 581 9
a 816 88 1
a 817 162 1
a 817 396 3
a 818 341 3
a 819 47 4
a 819 247 6
a 819 295 4
a 820 504 9
a 821 678 8
a 822 3 4
a 822 103 10
a 822 741 6
a 823 356 4
a 823 357 7
a 823 828 5
a 824 458 9
a 824 530 6
a 824 562 10
a 824 674 3
a 825 204 7
a 825 245 2
a 825 881 10
a 826 844 1
a 827 237 8
a 827 255 5
a 827 411 7
a 828 373 6
a 828 796 5
a 829 364 7
a 829 516 4
a 829 772 9
a 830 243 1
a 830 556 4
a 830 754 4
a 831 568 7
a 832 473 1
a 832 788 8
a 833 190 6
a 833 279 5
a 833 887 9
a 834 545 6
a 834 891 1
a 835 193 6
a 836 600 7
a 836 770 4
a 837 220 1
a 838 248 3
a 839 219 4
a 839 327 7
a 839 794 10
a 840 320 10
a 840 781 4
a 841 109 7
a 841 178 1
a 841 600 6
a 841 732 4
a 842 260 7
a 842 280 6
a 843 845 1
a 844 678 8
a 845 537 9
a 845 678 2
a 846 635 10
a 847 664 2
a 848 177 4
a 848 185 2
a 848 728 7
a 849 230 1
a 849 457 1
a 849 762 4
a 850 556 6
a 851 33 1
a 851 85 4
a 851 377 7
a 851 488 8
a 852 306 10
a 852 593 6
a 852 898 8
a 853 427 4
a 853 489 2
a 854 309 10
a 854 751 3
a 855 133 2
a 855 187 4
a 855 298 2
a 855 491 10
a 855 503 8
a 856 133 10
a 856 578 1
a 856 601 5
a 857 261 1
a 857 421 5
a 858 227 10
a 858 280 9
a 858 668 10
a 859 173 8
a 859 273 4
a 860 45 2
a 860 770 3
a 860 839 4
a 861 526 4
a 861 599 3
a 861 738 5
a 862 415 4
a 862 450 4
a 862 490 4
a 862 709 10
a 862 820 9
a 863 730 8
a 863 776 1
a 864 201 5
a 864 788 1
a 865 723 2
a 866 360 1
a 866 559 1
a 867 38 4
a 867 612 2
a 868 797 5
a 868 866 5
a 869 628 6
a 870 31 7
a 870 68 7
a 870 508 4
a 871 167 5
a 872 553 5
a 873 652 8
a 873 830 8
a 874 427 3
a 875 337 8
a 875 845 3
a 876 756 5
a 877 420 4
a 877 521 2
a 878 754 2
a 879 140 7
a 879 547 10
a 879 742 7
a 880 369 6
a 880 852 8
a 881 407 8
a 881 420 2
a 882 426 1
a 882 893 7
a 883 645 9
a 883 694 2
a 884 788 2
a 885 447 8
a 886 217 8
a 886 700 8
a 887 303 3
a 887 413 1
a 888 96 2
a 888 106 8
a 889 118 7
a 889 556 1
a 890 559 1
a 891 229 6
a 892 107 6
a 893 193 8
a 893 265 10
a 894 519 8
a 895 477 8
a 896 282 1
a 896 372 2
a 897 546 3
a 897 616 2
a 898 126 4
a 898 146 9
a 898 147 5
a 898 153 2
a 898 244 1
a 898 649 2
a 899 7 7
a 899 156 3
a 899 752 8
