p max 900 1800
n 1 s
n 900 t
a 1 100 3
a 1 126 9
a 2 658 8
a 2 687 8
a 2 720 4
a 3 352 10
a 4 240 8
a 4 374 5
a 4 399 1
a 5 19 9
a 5 326 2
a 6 892 1
a 7 735 2
a 8 315 9
a 9 354 9
a 9 540 8
a 9 724 8
a 10 775 9
a 11 154 10
a 11 644 10
a 11 653 9
a 12 759 9
a 13 273 5
a 13 403 2
a 13 616 10
a 14 184 3
a 14 568 1
a 15 812 2
a 16 837 10
a 16 850 5
a 17 41 3
a 17 401 4
a 17 876 1
a 18 281 10
a 18 564 8
a 19 265 1
a 19 343 3
a 20 276 8
a 20 393 7
a 21 399 9
a 21 500 7
a 21 588 4
a 21 679 5
a 22 368 4
a 22 775 2
a 23 174 8
a 23 565 4
a 24 629 7
a 25 121 7
a 26 477 5
a 26 783 7
a 27 107 4
a 27 131 8
a 27 190 7
a 27 335 10
a 28 600 4
a 29 355 10
a 30 57 5
a 30 443 5
a 30 581 1
a 31 637 2
a 32 198 7
a 32 249 10
a 32 523 9
a 33 35 2
a 33 774 6
a 34 7 6
a 35 758 4
a 36 500 6
a 37 321 3
a 37 365 2
a 38 367 3
a 38 370 9
a 38 875 9
a 39 124 9
a 39 362 5
a 40 558 10
a 41 253 6
a 41 296 6
a 41 466 8
a 42 143 3
a 42 196 9
a 42 612 10
a 43 291 3
a 43 386 8
a 44 235 4
a 44 553 2
a 44 748 9
a 45 551 1
a 46 47 8
a 46 521 4
a 46 896 10
a 47 22 1
a 48 842 4
a 49 242 6
a 49 339 8
a 50 180 8
a 50 485 7
a 50 725 3
a 51 167 7
a 51 657 2
a 52 475 9
a 52 748 8
a 53 110 4
a 54 287 10
a 55 245 8
a 55 646 6
a 56 100 6
a 56 811 10
a 57 300 2
a 58 120 2
a 59 872 4
a 60 410 3
a 60 457 6
a 61 236 7
a 61 306 1
a 61 380 4
a 61 529 1
a 62 231 6
a 62 650 6
a 62 802 2
a 62 836 9
a 62 890 1
a 63 720 3
a 63 769 6
a 63 819 8
a 64 444 4
a 65 134 9
a 65 257 1
a 66 549 9
a 67 102 4
a 67 577 8
a 67 818 10
a 68 192 6
a 68 199 2
a 69 226 9
a 69 631 5
a 70 98 10
a 71 858 3
a 72 83 9
a 73 101 7
a 73 329 4
a 73 723 7
a 74 9 10
a 74 666 5
a 75 119 10
a 75 551 6
a 75 803 8
a 76 315 10
a 76 413 2
a 77 66 10
a 77 656 5
a 78 369 1
a 78 772 3
a 79 168 9
a 79 209 10
a 80 861 10
a 81 511 10
a 81 589 9
a 81 777 10
a 82 536 3
a 82 637 2
a 83 163 1
a 83 846 10
a 83 848 2
a 84 37 4
a 85 182 7
a 85 805 1
a 86 428 6
a 87 222 6
a 87 888 10
a 88 573 10
a 89 25 4
a 89 96 1
a 89 499 2
a 90 650 2
a 91 185 6
a 91 753 8
a 92 315 1
a 92 397 6
a 93 391 10
a 93 671 7
a 94 86 9
a 94 675 10
a 94 859 3
a 95 487 2
a 96 227 1
a 96 802 8
a 97 402 2
a 97 861 5
a 98 95 10
a 99 506 10
a 100 579 1
a 100 756 2
a 101 533 7
a 102 16 9
a 102 261 3
a 102 497 4
a 103 21 6
a 103 257 8
a 103 570 4
a 104 163 9
a 104 197 3
a 104 603 6
a 105 66 4
a 105 283 5
a 105 284 2
a 105 654 9
a 105 676 2
a 106 480 2
a 107 251 8
a 108 634 3
a 109 493 2
a 110 391 5
a 111 297 1
a 112 366 7
a 112 479 4
a 112 668 8
a 112 760 8
a 113 109 8
a 113 686 9
a 113 785 9
a 113 822 6
a 114 110 1
a 115 393 7
a 115 411 4
a 116 147 4
a 116 215 6
a 116 314 3
a 116 390 7
a 117 419 7
a 117 821 5
a 118 521 6
a 118 791 2
a 119 164 6
a 119 280 9
a 119 510 6
a 120 217 10
a 121 24 3
a 121 40 7
a 121 230 6
a 122 583 2
a 123 218 9
a 123 543 8
a 124 64 3
a 124 265 3
a 124 382 7
a 124 452 2
a 124 681 2
a 125 156 4
a 125 447 9
a 126 379 4
a 126 400 7
a 126 749 2
a 127 291 4
a 127 433 2
a 127 507 2
a 127 647 7
a 127 832 6
a 128 57 9
a 128 111 7
a 128 634 6
a 129 337 4
a 129 704 3
a 129 736 10
a 130 486 6
a 130 687 6
a 131 596 7
a 131 641 9
a 132 89 7
a 132 238 3
a 133 15 6
a 133 886 9
a 134 205 2
a 134 595 6
a 135 189 2
a 135 279 3
a 136 448 7
a 136 645 10
a 137 83 10
a 137 849 5
a 138 334 8
a 138 416 2
a 139 146 9
a 139 391 8
a 139 585 3
a 140 142 4
a 140 260 7
a 140 262 7
a 140 412 4
a 140 717 8
a 141 316 5
a 142 106 4
a 142 496 7
a 143 226 1
a 143 229 7
a 143 840 10
a 144 145 4
a 144 429 9
a 144 610 2
a 144 767 9
a 145 404 3
a 145 639 3
a 145 888 1
a 146 719 4
a 147 24 3
a 147 187 2
a 147 717 8
a 147 741 5
a 148 273 5
a 149 110 1
a 149 458 1
a 149 750 6
a 149 880 10
a 150 127 8
a 150 162 7
a 151 97 9
a 152 407 4
a 153 98 5
a 153 439 3
a 153 453 7
a 153 618 8
a 154 393 1
a 155 524 10
a 155 626 6
a 156 72 1
a 156 714 3
a 157 92 5
a 157 216 5
a 158 147 2
a 159 67 5
a 159 582 5
a 160 355 10
a 161 660 4
a 161 793 1
a 162 543 2
a 163 45 5
a 163 295 5
a 163 472 10
a 164 174 3
a 164 303 1
a 165 153 1
a 166 88 9
a 166 892 5
a 167 524 5
a 168 223 6
a 168 682 1
a 169 10 2
a 169 49 2
a 170 456 9
a 170 599 2
a 171 557 2
a 172 152 2
a 172 553 4
a 172 652 7
a 173 889 8
a 174 189 4
a 174 275 8
a 174 422 10
a 174 490 3
a 175 369 7
a 175 511 2
a 175 700 2
a 176 297 7
a 177 551 3
a 178 881 8
a 179 210 4
a 179 471 10
a 180 42 7
a 181 217 3
a 181 667 2
a 182 694 4
a 182 758 7
a 183 277 4
a 183 542 7
a 183 634 3
a 184 432 7
a 185 148 7
a 186 97 7
a 186 172 9
a 187 474 10
a 187 882 6
a 188 283 6
a 188 293 2
a 188 774 2
a 189 300 1
a 189 448 1
a 189 665 3
a 190 141 6
a 190 616 10
a 191 181 9
a 191 327 1
a 192 584 1
a 193 148 7
a 193 659 4
a 193 860 10
a 194 549 7
a 194 737 4
a 195 422 5
a 196 255 8
a 196 836 3
a 197 121 9
a 198 521 4
a 199 278 10
a 199 402 6
a 200 9 3
a 200 39 4
a 200 715 4
a 201 116 4
a 201 234 6
a 202 109 7
a 202 203 10
a 203 821 5
a 204 263 7
a 204 592 1
a 205 773 4
a 205 807 4
a 206 17 1
a 207 140 5
a 208 451 5
a 208 788 6
a 209 414 6
a 209 518 8
a 209 621 2
a 209 712 2
a 210 813 3
a 211 750 2
a 212 168 7
a 212 320 2
a 212 517 6
a 213 330 5
a 213 353 4
a 214 271 4
a 214 642 8
a 214 686 2
a 215 684 7
a 215 897 10
a 216 248 8
a 216 560 4
a 217 375 9
a 217 677 9
a 218 228 3
a 218 298 7
a 218 495 3
a 219 248 1
a 219 287 7
a 219 398 4
a 219 523 8
a 220 140 3
a 221 629 8
a 221 693 9
a 222 430 1
a 223 428 3
a 223 653 9
a 224 493 7
a 224 692 10
a 225 276 2
a 226 558 2
a 226 718 10
a 226 740 6
a 227 70 6
a 227 393 5
a 228 455 2
a 228 547 8
a 229 333 6
a 229 450 2
a 230 241 1
a 230 363 9
a 230 435 5
a 230 451 1
a 230 499 5
a 230 782 9
a 231 606 5
a 232 38 10
a 232 108 8
a 233 111 3
a 233 628 3
a 234 548 4
a 234 824 5
a 235 116 9
a 236 770 9
a 237 561 7
a 238 495 1
a 238 732 4
a 239 568 2
a 239 855 4
a 240 178 2
a 241 849 1
a 241 853 7
a 242 11 6
a 242 782 9
a 243 87 8
a 243 159 10
a 243 557 8
a 244 615 9
a 245 283 2
a 246 250 1
a 246 510 7
a 246 881 5
a 247 43 9
a 247 159 8
a 247 258 1
a 247 454 10
a 248 563 3
a 249 312 3
a 249 668 5
a 250 254 2
a 250 856 3
a 251 290 8
a 251 408 5
a 251 587 3
a 252 117 2
a 252 495 5
a 253 26 10
a 253 261 10
a 253 371 9
a 253 395 5
a 254 105 9
a 254 593 7
a 254 820 5
a 255 325 6
a 255 336 7
a 255 899 5
a 256 471 3
a 257 110 3
a 257 323 5
a 258 433 6
a 258 849 6
a 259 554 2
a 260 259 1
a 260 797 4
a 261 519 8
a 261 727 8
a 261 745 4
a 262 22 10
a 262 242 4
a 263 210 8
a 263 504 1
a 263 522 9
a 264 177 2
a 264 603 9
a 264 649 8
a 264 763 4
a 265 184 8
a 265 883 4
a 266 203 5
a 266 220 4
a 266 281 2
a 267 147 10
a 268 411 8
a 269 483 5
a 270 22 3
a 270 278 8
a 270 509 2
a 271 515 10
a 271 749 3
a 272 784 9
a 273 590 1
a 274 348 4
a 274 542 2
a 274 603 8
a 275 228 1
a 276 540 6
a 277 551 6
a 278 578 10
a 279 92 3
a 279 169 6
a 279 421 5
a 280 784 5
a 281 191 5
a 281 278 1
a 281 592 8
a 282 443 7
a 283 130 4
a 283 388 7
a 283 731 8
a 283 768 1
a 284 86 4
a 284 132 4
a 285 877 9
a 285 893 8
a 286 50 2
a 287 561 8
a 287 578 10
a 287 891 4
a 288 494 4
a 289 783 2
a 290 267 6
a 290 384 5
a 291 14 9
a 291 145 10
a 292 171 5
a 292 576 10
a 293 663 8
a 294 471 6
a 295 33 6
a 295 306 6
a 296 121 10
a 296 493 10
a 297 256 7
a 297 495 2
a 298 730 9
a 298 764 10
a 298 766 7
a 299 648 3
a 300 645 3
a 301 835 3
a 302 522 4
a 302 663 6
a 303 217 8
a 303 885 5
a 304 813 1
a 304 838 9
a 305 23 3
a 305 70 9
a 306 38 1
a 307 274 4
a 308 176 7
a 308 272 4
a 309 344 6
a 310 602 5
a 310 835 4
a 311 207 8
a 311 780 6
a 312 37 5
a 312 372 9
a 312 617 2
a 312 662 8
a 313 182 2
a 313 370 7
a 314 584 6
a 315 204 6
a 315 212 10
a 315 862 8
a 316 582 7
a 316 601 8
a 317 404 1
a 318 570 9
a 318 770 2
a 319 186 2
a 320 866 4
a 321 744 7
a 322 38 7
a 322 48 5
a 322 253 6
a 322 512 1
a 323 56 7
a 323 454 6
a 323 671 2
a 324 571 3
a 325 161 7
a 325 623 10
a 325 724 5
a 326 283 10
a 326 389 2
a 327 160 4
a 327 244 3
a 327 253 4
a 327 409 9
a 328 20 8
a 328 36 4
a 328 318 8
a 328 362 5
a 329 227 3
a 330 276 9
a 330 834 5
a 331 681 5
a 332 799 3
a 333 174 1
a 333 568 4
a 333 607 9
a 334 457 5
a 334 519 3
a 335 301 4
a 335 612 5
a 336 146 3
a 337 528 6
a 338 268 2
a 338 506 2
a 338 828 5
a 339 760 1
a 339 842 10
a 340 61 1
a 340 580 2
a 340 851 7
a 340 864 5
a 341 437 5
a 341 509 3
a 341 752 3
a 342 232 7
a 342 550 4
a 342 644 6
a 343 275 5
a 343 843 8
a 344 346 2
a 344 487 1
a 344 701 2
a 345 567 3
a 346 558 10
a 346 803 5
a 347 91 2
a 347 746 1
a 347 892 10
a 348 359 9
a 348 520 5
a 349 712 3
a 350 391 2
a 351 502 7
a 351 854 4
a 352 503 4
a 352 899 9
a 353 256 2
a 353 535 7
a 353 740 3
a 353 873 9
a 354 528 7
a 355 28 5
a 355 691 5
a 355 693 3
a 356 441 3
a 357 311 7
a 357 360 6
a 357 480 1
a 357 735 8
a 358 344 4
a 359 32 2
a 359 628 4
a 360 373 4
a 360 885 2
a 361 801 5
a 361 895 5
a 362 58 9
a 362 581 5
a 363 236 6
a 363 579 3
a 363 732 3
a 364 378 5
a 365 18 2
a 366 360 7
a 366 815 4
a 367 490 9
a 368 101 4
a 368 657 2
a 369 128 8
a 369 381 10
a 369 769 4
a 370 208 2
a 371 800 7
a 371 806 2
a 372 315 5
a 372 424 4
a 373 648 4
a 374 144 5
a 374 516 3
a 375 644 3
a 376 645 5
a 377 268 3
a 378 119 5
a 379 214 8
a 379 281 4
a 379 644 1
a 380 504 1
a 381 10 5
a 381 689 1
a 382 332 5
a 382 599 7
a 383 27 3
a 383 733 9
a 383 781 9
a 384 150 2
a 384 658 6
a 385 810 3
a 386 443 4
a 387 132 9
a 388 243 3
a 389 99 3
a 389 722 8
a 390 678 5
a 391 157 1
a 391 430 9
a 391 605 3
a 391 695 7
a 391 893 7
a 392 698 8
a 393 389 10
a 394 323 3
a 394 491 9
a 395 125 3
a 395 621 3
a 396 370 8
a 396 659 2
a 396 711 9
a 396 729 10
a 396 811 10
a 397 31 7
a 397 60 10
a 397 706 2
a 397 869 9
a 398 316 10
a 398 321 8
a 399 33 8
a 399 305 4
a 399 655 9
a 400 526 4
a 400 543 9
a 400 604 6
a 401 294 3
a 401 555 1
a 402 272 5
a 403 142 4
a 403 667 4
a 404 244 5
a 404 512 4
a 404 514 1
a 405 10 9
a 405 493 1
a 406 345 5
a 407 301 1
a 407 352 4
a 408 332 6
a 409 290 9
a 410 173 9
a 410 356 4
a 410 375 1
a 411 429 5
a 411 787 2
a 412 158 2
a 412 243 3
a 412 753 7
a 412 898 4
a 413 763 8
a 414 63 3
a 414 514 10
a 415 457 5
a 416 235 4
a 416 361 3
a 417 564 9
a 417 867 4
a 418 767 7
a 419 670 9
a 419 826 4
a 420 44 1
a 421 72 3
a 421 643 10
a 422 233 9
a 423 771 10
a 424 392 7
a 424 746 9
a 425 713 10
a 425 742 9
a 426 425 2
a 426 481 2
a 426 596 10
a 427 245 10
a 427 484 8
a 428 369 2
a 428 660 3
a 429 192 7
a 430 551 1
a 430 648 6
a 431 4 6
a 431 103 7
a 431 428 7
a 431 714 4
a 432 225 8
a 432 836 6
a 433 520 1
a 434 775 5
a 435 218 8
a 436 543 7
a 436 568 1
a 437 172 6
a 437 456 10
a 437 748 2
a 438 6 6
a 438 107 6
a 439 187 10
a 440 726 10
a 440 807 1
a 441 261 9
a 442 119 7
a 442 328 6
a 442 611 2
a 443 6 2
a 444 387 8
a 444 762 9
a 444 765 1
a 445 414 8
a 446 349 4
a 446 371 3
a 446 519 2
a 447 272 6
a 447 574 5
a 447 636 1
a 448 250 4
a 449 897 8
a 450 249 9
a 450 707 7
a 451 59 10
a 451 415 10
a 451 555 4
a 452 407 1
a 452 478 5
a 453 162 5
a 453 407 2
a 454 295 5
a 455 77 5
a 455 589 9
a 456 852 3
a 457 341 7
a 457 600 8
a 457 728 10
a 457 752 7
a 458 224 5
a 458 470 4
a 458 523 8
a 458 655 10
a 459 167 3
a 460 113 1
a 460 476 5
a 461 141 1
a 461 355 9
a 462 6 6
a 463 300 4
a 464 269 8
a 465 761 8
a 466 502 5
a 467 440 10
a 467 638 10
a 467 779 4
a 468 274 5
a 468 774 4
a 469 386 1
a 470 469 6
a 471 338 7
a 471 591 3
a 471 698 5
a 471 835 10
a 472 181 7
a 473 330 2
a 473 485 4
a 473 680 2
a 473 796 8
a 474 3 8
a 474 400 1
a 474 501 6
a 475 275 4
a 476 194 8
a 477 178 9
a 477 299 8
a 477 324 5
a 477 625 1
a 478 632 1
a 479 869 10
a 480 209 10
a 480 673 9
a 481 155 6
a 481 797 6
a 482 513 10
a 483 186 10
a 483 271 5
a 483 304 6
a 483 704 7
a 483 818 7
a 484 310 2
a 484 469 9
a 485 286 1
a 485 311 9
a 485 747 5
a 486 438 2
a 487 571 4
a 487 640 10
a 488 630 8
a 489 397 10
a 489 537 9
a 489 672 10
a 489 726 5
a 490 292 5
a 490 708 2
a 491 800 9
a 491 819 3
a 492 447 5
a 493 456 8
a 493 858 3
a 494 73 3
a 494 222 9
a 494 258 10
a 495 225 9
a 496 320 6
a 497 80 7
a 497 275 7
a 497 702 5
a 498 331 3
a 499 62 3
a 499 776 3
a 500 234 7
a 500 274 3
a 501 598 6
a 501 631 7
a 502 171 9
a 503 44 5
a 503 790 1
a 504 52 3
a 504 76 2
a 504 572 4
a 505 93 10
a 505 112 8
a 506 228 6
a 507 113 6
a 507 561 8
a 508 825 9
a 509 31 1
a 509 887 5
a 510 13 10
a 510 386 6
a 511 162 7
a 512 573 1
a 512 721 5
a 513 49 10
a 514 528 6
a 514 745 1
a 515 267 2
a 515 564 5
a 516 776 6
a 517 91 5
a 517 298 9
a 517 499 2
a 518 438 4
a 518 838 1
a 519 83 6
a 520 235 10
a 520 545 5
a 521 496 4
a 521 662 1
a 522 725 3
a 523 99 3
a 523 495 8
a 524 12 1
a 524 87 6
a 524 323 10
a 524 355 8
a 525 700 5
a 526 195 8
a 526 531 3
a 527 755 8
a 528 102 1
a 529 221 5
a 529 830 2
a 530 759 10
a 531 153 8
a 531 230 1
a 531 508 6
a 531 552 1
a 532 522 7
a 533 105 8
a 533 302 4
a 534 418 7
a 535 102 6
a 535 392 10
a 535 476 7
a 535 757 5
a 536 166 10
a 536 721 5
a 536 829 2
a 537 436 1
a 538 251 9
a 538 624 9
a 538 698 1
a 539 728 4
a 540 433 3
a 540 762 1
a 541 518 2
a 542 217 2
a 543 104 10
a 543 214 1
a 543 406 8
a 544 183 2
a 544 202 1
a 544 633 4
a 545 347 5
a 545 482 8
a 546 388 10
a 546 703 3
a 546 827 9
a 547 544 9
a 547 640 9
a 547 681 7
a 548 154 7
a 548 181 6
a 548 831 1
a 549 115 10
a 549 452 2
a 550 142 9
a 551 298 8
a 552 536 3
a 553 608 8
a 554 149 7
a 554 263 9
a 555 20 1
a 556 218 6
a 557 613 6
a 558 302 2
a 558 637 2
a 558 669 6
a 559 721 5
a 559 733 6
a 560 237 10
a 560 373 1
a 561 11 2
a 562 221 7
a 562 895 5
a 563 122 9
a 564 611 8
a 565 59 10
a 565 446 9
a 565 751 1
a 566 135 3
a 566 539 7
a 566 608 8
a 567 89 4
a 567 189 7
a 567 416 10
a 567 534 7
a 568 808 3
a 568 838 9
a 569 474 1
a 569 747 10
a 570 430 5
a 571 718 9
a 572 257 4
a 572 358 3
a 572 883 4
a 573 177 9
a 574 227 2
a 575 190 9
a 575 325 1
a 576 807 1
a 576 845 1
a 577 668 2
a 577 900 10
a 578 447 1
a 578 744 2
a 579 469 10
a 580 72 9
a 580 464 9
a 581 95 6
a 581 139 5
a 581 246 2
a 581 687 7
a 582 2 10
a 582 665 4
a 583 375 6
a 583 462 1
a 583 708 7
a 584 19 9
a 584 136 3
a 584 315 1
a 585 169 3
a 585 321 10
a 585 562 2
a 585 588 6
a 585 810 8
a 586 133 8
a 586 548 8
a 587 436 3
a 587 505 10
a 587 761 8
a 587 858 10
a 588 208 2
a 588 870 8
a 589 787 9
a 590 433 3
a 591 558 6
a 592 289 2
a 592 387 8
a 593 166 6
a 593 539 2
a 594 520 5
a 594 541 5
a 594 822 1
a 595 737 8
a 596 114 9
a 596 261 7
a 597 855 7
a 598 317 3
a 599 340 9
a 599 449 5
a 599 678 6
a 599 782 4
a 600 394 10
a 600 860 7
a 601 29 8
a 601 473 3
a 602 470 9
a 603 387 2
a 603 473 6
a 603 856 3
a 604 109 8
a 605 689 4
a 605 716 3
a 605 809 7
a 605 816 5
a 606 270 7
a 607 396 9
a 607 576 4
a 608 151 2
a 608 168 6
a 608 350 5
a 608 730 1
a 609 68 3
a 610 78 8
a 610 357 8
a 610 683 9
a 611 17 6
a 611 608 3
a 612 197 9
a 612 211 5
a 612 347 1
a 613 214 1
a 614 594 7
a 614 742 3
a 615 547 10
a 616 248 6
a 616 675 8
a 617 201 6
a 617 827 9
a 618 425 9
a 618 665 5
a 619 90 2
a 619 257 4
a 619 445 3
a 619 635 9
a 619 885 6
a 620 332 1
a 621 367 2
a 621 614 8
a 622 164 2
a 623 79 8
a 623 415 7
a 624 153 2
a 625 440 8
a 626 200 7
a 626 344 9
a 626 595 2
a 627 528 1
a 628 433 7
a 628 841 3
a 628 872 3
a 629 697 5
a 629 898 7
a 630 540 5
a 631 270 9
a 631 630 2
a 632 159 10
a 632 506 9
a 632 532 8
a 632 833 10
a 633 346 5
a 633 370 8
a 633 469 7
a 634 656 6
a 635 72 8
a 635 889 6
a 636 556 5
a 636 783 5
a 637 629 4
a 637 633 9
a 637 752 7
a 638 436 6
a 639 80 1
a 640 392 6
a 640 586 5
a 641 55 3
a 641 575 7
a 641 750 7
a 641 789 4
a 642 714 9
a 642 878 6
a 643 549 10
a 644 768 10
a 645 435 5
a 646 321 10
a 646 441 9
a 647 726 7
a 647 846 8
a 648 8 1
a 648 511 10
a 648 651 4
a 648 897 7
a 649 197 8
a 650 622 10
a 651 543 1
a 652 637 2
a 653 67 7
a 653 461 8
a 653 498 9
a 653 667 9
a 653 777 2
a 654 145 10
a 654 800 6
a 654 866 3
a 655 351 2
a 655 489 3
a 656 609 5
a 656 824 2
a 657 7 6
a 657 698 2
a 658 548 1
a 658 685 3
a 659 289 3
a 659 483 1
a 660 722 9
a 661 788 7
a 662 537 4
a 663 236 5
a 663 597 2
a 664 518 10
a 664 807 10
a 665 826 6
a 666 783 4
a 667 670 7
a 668 208 3
a 668 209 7
a 668 460 3
a 668 503 1
a 668 615 6
a 669 42 8
a 669 79 8
a 669 308 1
a 669 468 7
a 669 525 2
a 670 876 8
a 671 51 3
a 672 383 8
a 672 385 10
a 672 495 4
a 672 664 10
a 673 444 2
a 674 269 1
a 674 890 4
a 675 5 2
a 675 140 6
a 675 432 8
a 675 605 10
a 676 374 10
a 676 488 6
a 676 572 10
a 677 643 5
a 677 832 9
a 678 37 10
a 678 696 2
a 679 414 4
a 680 788 3
a 681 118 10
a 681 567 5
a 681 841 10
a 682 345 9
a 682 599 8
a 683 71 6
a 683 269 6
a 684 406 4
a 685 330 10
a 686 866 6
a 687 250 1
a 688 693 7
a 689 72 3
a 689 598 5
a 690 405 4
a 690 657 9
a 690 795 1
a 691 419 1
a 691 449 6
a 692 613 8
a 692 704 4
a 693 734 9
a 693 860 10
a 694 391 9
a 694 626 8
a 695 319 3
a 695 492 5
a 695 576 3
a 695 798 10
a 696 161 8
a 696 390 10
a 697 761 8
a 698 761 2
a 698 886 3
a 699 546 8
a 699 823 4
a 700 17 10
a 701 641 7
a 702 881 2
a 703 41 1
a 703 170 3
a 703 503 1
a 704 624 10
a 704 636 9
a 705 88 5
a 706 807 2
a 707 406 8
a 707 754 8
a 708 521 10
a 708 682 4
a 709 2 4
a 709 157 3
a 710 69 8
a 710 760 4
a 710 841 4
a 711 113 6
a 711 459 1
a 711 719 4
a 712 620 2
a 713 715 3
a 714 680 6
a 715 162 7
a 715 282 8
a 716 900 4
a 717 238 10
a 717 786 5
a 718 349 9
a 719 518 6
a 720 54 9
a 720 453 9
a 720 584 8
a 720 663 3
a 720 739 4
a 720 757 10
a 720 882 9
a 721 189 6
a 721 193 10
a 722 704 3
a 722 771 2
a 722 839 4
a 723 326 10
a 723 683 7
a 723 817 1
a 724 274 1
a 725 540 1
a 725 865 5
a 726 837 4
a 727 816 7
a 728 322 6
a 728 729 2
a 729 674 3
a 729 877 9
a 730 313 1
a 730 351 4
a 730 513 9
a 731 254 2
a 731 423 1
a 732 178 1
a 732 200 10
a 732 651 5
a 733 393 6
a 733 563 7
a 734 824 6
a 735 199 4
a 735 351 10
a 736 728 6
a 737 120 3
a 737 385 10
a 738 171 6
a 739 713 5
a 740 674 8
a 740 742 5
a 741 606 6
a 741 632 3
a 741 815 7
a 741 830 4
a 742 34 3
a 742 252 6
a 742 538 8
a 742 583 2
a 743 382 4
a 743 665 7
a 744 30 6
a 744 381 7
a 745 126 3
a 745 165 3
a 745 554 1
a 745 884 7
a 746 434 4
a 746 776 8
a 747 190 5
a 747 465 3
a 747 790 10
a 748 548 6
a 748 576 1
a 749 16 10
a 749 620 1
a 749 706 7
a 749 730 4
a 750 693 8
a 750 862 5
a 751 78 9
a 751 129 3
a 751 130 5
a 751 173 9
a 752 613 1
a 753 590 4
a 753 737 6
a 754 673 7
a 754 710 10
a 754 821 10
a 755 390 3
a 756 314 5
a 756 850 9
a 757 111 6
a 757 442 7
a 757 661 3
a 758 402 6
a 759 140 8
a 759 485 1
a 760 309 4
a 760 623 8
a 761 133 3
a 761 351 9
a 761 379 3
a 762 328 2
a 762 812 10
a 763 56 2
a 763 885 6
a 764 329 10
a 764 844 10
a 765 257 2
a 766 703 5
a 766 863 3
a 767 7 1
a 767 396 10
a 767 643 10
a 767 871 2
a 768 546 5
a 768 640 2
a 769 6 6
a 769 530 10
a 770 57 4
a 770 94 3
a 771 264 8
a 771 674 5
a 771 865 5
a 772 191 10
a 773 811 4
a 774 525 7
a 775 41 1
a 776 463 8
a 776 484 9
a 776 799 3
a 777 596 10
a 778 583 9
a 778 744 10
a 779 395 6
a 780 538 2
a 780 814 9
a 780 880 6
a 781 892 10
a 782 219 1
a 782 247 8
a 782 629 4
a 782 680 1
a 783 395 10
a 783 738 5
a 784 701 2
a 784 804 6
a 785 797 4
a 786 532 10
a 786 556 10
a 786 688 7
a 787 288 10
a 787 851 4
a 788 25 8
a 788 137 1
a 788 569 3
a 789 56 5
a 789 250 5
a 789 297 1
a 789 715 7
a 790 217 7
a 791 470 8
a 791 776 4
a 792 804 3
a 793 65 5
a 793 521 10
a 793 645 10
a 794 437 10
a 794 701 8
a 794 792 4
a 795 278 9
a 796 51 3
a 796 84 6
a 796 333 2
a 796 601 5
a 797 523 6
a 798 295 7
a 798 354 8
a 798 755 1
a 799 331 4
a 799 669 9
a 800 81 6
a 800 435 10
a 801 138 3
a 801 533 5
a 801 590 6
a 801 603 3
a 802 658 8
a 803 410 6
a 804 317 3
a 804 775 4
a 805 455 8
a 805 872 10
a 806 68 8
a 806 678 10
a 807 270 3
a 807 418 8
a 808 30 3
a 808 285 9
a 808 847 6
a 809 76 5
a 810 668 5
a 811 119 1
a 811 805 4
a 811 854 7
a 812 774 10
a 813 239 6
a 813 609 2
a 813 842 10
a 814 360 5
a 815 85 7
a 815 826 3
a 816 758 9
a 816 868 2
a 817 46 10
a 817 223 2
a 817 865 3
a 818 74 10
a 818 92 2
a 819 19 2
a 819 23 9
a 819 778 2
a 820 270 10
a 820 709 1
a 821 105 5
a 822 175 1
a 822 677 4
a 823 131 7
a 824 152 3
a 824 638 4
a 825 431 2
a 826 621 3
a 826 795 2
a 827 37 7
a 827 138 1
a 827 494 10
a 828 777 6
a 829 501 8
a 830 26 4
a 830 751 2
a 831 144 5
a 831 194 7
a 831 527 4
a 831 573 2
a 832 393 8
a 833 690 2
a 833 820 8
a 833 826 10
a 833 881 6
a 834 32 1
a 834 587 6
a 835 168 10
a 836 200 9
a 837 604 8
a 838 313 8
a 838 533 2
a 839 255 10
a 839 279 5
a 840 93 10
a 840 342 6
a 840 431 7
a 840 709 3
a 840 759 9
a 840 760 1
a 841 861 2
a 842 53 1
a 842 862 8
a 843 509 7
a 844 16 10
a 844 213 8
a 844 417 2
a 845 348 6
a 846 495 3
a 846 559 6
a 847 148 5
a 848 376 7
a 848 776 7
a 849 891 1
a 850 195 9
a 850 351 6
a 850 622 8
a 851 206 9
a 851 576 2
a 852 50 5
a 852 100 6
a 852 233 5
a 853 389 1
a 853 467 4
a 853 838 8
a 854 554 5
a 855 607 2
a 856 95 2
a 856 155 2
a 856 202 1
a 856 852 1
a 857 123 8
a 857 619 9
a 857 809 1
a 857 879 5
a 858 52 1
a 858 338 1
a 858 743 6
a 859 422 7
a 859 784 8
a 860 75 6
a 860 137 3
a 860 894 6
a 861 364 1
a 861 444 1
a 861 513 1
a 861 566 1
a 862 426 2
a 862 600 7
a 863 143 4
a 863 340 10
a 863 545 3
a 863 627 4
a 864 659 3
a 865 378 6
a 865 705 1
a 865 774 7
a 865 825 5
a 866 427 9
a 866 645 3
a 866 874 1
a 867 95 3
a 867 362 2
a 868 127 9
a 868 329 9
a 868 420 1
a 869 896 5
a 870 368 7
a 870 438 8
a 870 753 8
a 871 58 6
a 871 266 7
a 872 242 3
a 873 98 3
a 873 307 4
a 873 312 5
a 874 18 6
a 874 343 2
a 874 900 4
a 875 75 9
a 875 794 1
a 876 202 4
a 876 857 9
a 877 798 1
a 878 893 6
a 879 406 5
a 880 122 1
a 880 159 10
a 881 60 5
a 882 484 7
a 882 516 1
a 883 397 10
a 884 864 7
a 885 179 6
a 885 595 6
a 886 54 1
a 886 185 7
a 887 751 4
a 888 214 10
a 889 744 5
a 889 851 8
a 890 141 9
a 890 245 9
a 891 188 9
a 891 508 6
a 891 699 5
a 892 121 1
a 893 82 3
a 893 392 4
a 894 348 1
a 894 868 1
a 895 264 9
a 895 377 1
a 896 351 6
a 897 208 9
a 897 516 6
a 897 780 8
a 897 809 10
a 898 634 7
a 899 12 3
