p max 900 1800
n 1 s
n 900 t
a 1 569 6
a 1 882 7
a 2 109 6
a 2 366 5
a 3 149 10
a 3 743 5
a 3 760 10
a 3 762 8
a 4 171 4
a 5 414 10
a 5 663 2
a 6 546 8
a 7 63 10
a 7 350 8
a 7 417 9
a 8 24 8
a 9 172 4
a 9 206 3
a 9 795 10
a 10 568 2
a 10 764 7
a 11 431 8
a 12 670 3
a 12 891 5
a 13 247 3
a 13 318 6
a 14 104 10
a 14 382 4
a 15 254 9
a 15 389 1
a 16 746 10
a 17 102 10
a 17 708 10
a 18 166 10
a 18 611 8
a 19 705 10
a 19 843 7
a 19 850 3
a 20 192 8
a 20 285 9
a 20 569 3
a 21 173 7
a 21 635 8
a 22 279 8
a 23 110 1
a 24 562 3
a 24 741 4
a 25 573 5
a 26 23 9
a 26 185 4
a 26 428 2
a 26 543 5
a 26 653 8
a 27 132 2
a 27 763 8
a 28 89 10
a 28 454 8
a 28 558 6
a 29 49 4
a 29 231 7
a 29 668 8
a 29 741 10
a 30 269 6
a 30 345 7
a 31 607 2
a 31 781 7
a 32 69 7
a 32 239 6
a 33 137 7
a 33 398 10
a 34 533 5
a 35 99 4
a 36 840 4
a 37 26 10
a 37 594 7
a 38 762 7
a 38 862 8
a 39 28 7
a 39 360 1
a 40 91 2
a 40 530 6
a 40 647 9
a 41 400 5
a 41 604 9
a 41 664 6
a 42 99 1
a 42 324 9
a 42 343 6
a 42 878 10
a 43 751 10
a 44 423 4
a 44 766 10
a 44 859 9
a 45 758 8
a 46 150 8
a 46 579 3
a 46 810 9
a 47 120 7
a 47 432 8
a 47 564 7
a 48 49 10
a 48 739 8
a 49 544 8
a 50 514 6
a 51 456 2
a 51 488 1
a 52 108 4
a 52 312 6
a 53 441 8
a 54 743 3
a 55 170 3
a 56 110 1
a 56 277 8
a 56 406 5
a 56 473 9
a 57 721 2
a 58 591 3
a 58 794 8
a 59 710 10
a 59 724 5
a 59 753 3
a 60 691 2
a 61 684 7
a 62 548 4
a 62 607 3
a 63 326 2
a 63 364 1
a 64 612 4
a 64 649 7
a 65 22 10
a 65 768 10
a 65 895 5
a 66 178 7
a 66 492 2
a 67 408 6
a 67 462 1
a 68 605 5
a 69 692 1
a 70 131 6
a 70 333 2
a 70 367 3
a 71 137 7
a 72 620 1
a 72 702 6
a 73 207 1
a 73 896 9
a 74 75 6
a 75 263 10
a 75 701 3
a 76 145 4
a 76 410 4
a 77 309 10
a 77 847 4
a 78 152 4
a 78 677 9
a 79 511 8
a 80 43 4
a 80 837 5
a 81 26 2
a 81 38 5
a 81 75 9
a 81 598 6
a 82 315 2
a 82 351 3
a 82 355 10
a 82 362 7
a 83 93 9
a 84 315 3
a 84 645 6
a 84 803 10
a 85 405 4
a 86 18 9
a 86 176 4
a 86 536 10
a 87 92 10
a 87 763 7
a 88 23 2
a 88 835 6
a 89 47 1
a 89 610 4
a 89 762 1
a 90 114 4
a 91 459 7
a 91 872 2
a 92 531 6
a 92 555 4
a 92 893 9
a 93 56 4
a 93 723 9
a 94 677 1
a 95 754 8
a 96 771 10
a 96 802 5
a 96 828 3
a 96 837 1
a 97 88 10
a 97 143 10
a 97 796 9
a 98 68 7
a 99 164 1
a 99 201 6
a 100 399 4
a 100 790 7
a 101 228 4
a 101 593 3
a 101 676 9
a 102 51 4
a 102 443 1
a 102 578 6
a 103 33 1
a 103 224 4
a 103 442 10
a 103 869 1
a 104 486 3
a 104 756 2
a 105 2 9
a 105 336 7
a 106 33 6
a 107 576 7
a 108 425 9
a 108 502 8
a 109 782 9
a 110 382 3
a 110 815 4
a 110 863 7
a 111 76 3
a 111 335 3
a 112 338 7
a 112 346 10
a 113 85 1
a 113 365 8
a 113 412 1
a 113 818 1
a 113 889 8
a 114 226 3
a 114 643 10
a 115 522 4
a 116 344 4
a 116 836 3
a 117 560 8
a 118 501 1
a 118 619 7
a 118 688 8
a 119 108 2
a 119 886 1
a 120 307 5
a 120 675 7
a 121 204 10
a 121 245 5
a 121 251 4
a 121 515 9
a 122 403 2
a 122 617 3
a 123 114 2
a 123 681 5
a 124 329 5
a 125 414 3
a 126 385 1
a 126 743 5
a 126 899 7
a 127 117 2
a 127 566 10
a 128 283 5
a 129 167 6
a 129 447 4
a 130 95 8
a 130 843 3
a 131 572 7
a 132 638 1
a 133 608 8
a 134 391 2
a 134 795 10
a 134 809 6
a 135 63 4
a 136 102 1
a 136 674 7
a 136 857 10
a 137 64 2
a 137 417 10
a 137 786 10
a 138 19 7
a 138 299 6
a 138 489 1
a 139 184 2
a 139 455 1
a 139 548 2
a 140 340 5
a 140 508 9
a 140 813 1
a 140 814 1
a 141 213 3
a 141 586 3
a 141 602 4
a 142 413 4
a 143 456 6
a 143 550 8
a 144 149 5
a 145 371 10
a 145 376 1
a 146 543 8
a 147 236 2
a 148 303 9
a 148 738 7
a 149 681 7
a 150 506 1
a 150 791 4
a 151 490 5
a 152 223 7
a 152 365 1
a 153 414 2
a 153 748 6
a 154 862 2
a 155 120 7
a 155 697 9
a 156 88 3
a 156 765 4
a 157 173 10
a 157 374 5
a 157 445 10
a 157 595 9
a 158 524 4
a 159 148 4
a 159 424 4
a 159 480 7
a 160 483 2
a 161 521 5
a 162 445 10
a 163 694 1
a 164 371 4
a 165 136 4
a 166 778 10
a 166 861 5
a 167 461 9
a 167 521 9
a 168 439 2
a 169 194 8
a 169 754 4
a 170 368 3
a 170 823 4
a 171 7 9
a 171 498 1
a 171 717 5
a 171 757 9
a 172 306 8
a 173 225 3
a 173 793 6
a 174 207 4
a 174 549 3
a 175 25 9
a 175 436 6
a 175 474 5
a 176 171 6
a 176 439 5
a 176 499 3
a 176 601 6
a 177 98 4
a 178 394 2
a 179 866 5
a 180 286 5
a 180 775 3
a 181 144 6
a 181 260 2
a 181 634 6
a 181 668 7
a 182 10 8
a 183 748 9
a 184 48 2
a 184 146 3
a 184 381 3
a 184 545 8
a 184 702 7
a 184 737 5
a 185 377 4
a 186 401 7
a 186 502 8
a 186 894 8
a 187 13 4
a 187 381 2
a 187 867 2
a 188 554 6
a 188 615 7
a 189 68 8
a 189 570 2
a 189 583 6
a 189 608 6
a 189 767 8
a 190 618 5
a 190 650 6
a 191 473 3
a 191 718 1
a 191 884 1
a 192 103 7
a 192 372 1
a 192 747 8
a 193 795 5
a 194 523 4
a 194 772 2
a 194 873 10
a 195 269 8
a 195 360 2
a 195 408 4
a 196 212 5
a 197 50 5
a 197 169 3
a 197 458 3
a 197 800 7
a 198 550 10
a 199 897 6
a 200 70 3
a 200 804 4
a 201 317 10
a 201 422 7
a 201 468 6
a 202 844 2
a 203 784 7
a 204 209 10
a 204 316 3
a 204 899 10
a 205 196 3
a 205 704 9
a 206 53 2
a 207 465 6
a 207 642 8
a 208 274 10
a 208 574 7
a 208 833 1
a 209 331 1
a 209 695 3
a 210 76 3
a 210 735 6
a 210 792 4
a 211 26 6
a 212 46 5
a 212 138 1
a 212 380 5
a 213 138 2
a 214 664 10
a 215 517 7
a 215 539 1
a 216 520 5
a 217 500 10
a 217 790 4
a 218 52 2
a 219 108 7
a 220 573 1
a 220 769 2
a 221 18 2
a 221 402 10
a 222 363 6
a 222 393 7
a 223 242 7
a 223 270 1
a 223 493 6
a 223 720 9
a 224 621 3
a 225 93 6
a 225 392 5
a 225 759 10
a 226 163 8
a 227 61 9
a 227 629 6
a 228 305 9
a 229 187 9
a 229 426 9
a 230 510 3
a 230 700 6
a 230 890 8
a 231 296 4
a 231 863 1
a 232 160 7
a 232 317 2
a 233 259 6
a 234 285 4
a 235 52 10
a 235 664 5
a 235 823 9
a 236 21 6
a 236 333 7
a 236 512 1
a 236 699 6
a 237 62 1
a 237 222 9
a 237 389 7
a 238 37 10
a 238 847 1
a 238 883 6
a 239 176 6
a 239 819 1
a 240 474 5
a 240 687 2
a 241 419 5
a 242 90 7
a 242 287 8
a 243 437 9
a 244 720 4
a 245 19 2
a 245 420 1
a 245 731 2
a 246 588 4
a 246 632 3
a 246 666 1
a 247 521 10
a 247 581 9
a 247 631 2
a 248 207 4
a 249 526 3
a 250 273 8
a 251 72 8
a 251 655 4
a 252 473 4
a 253 322 1
a 253 413 9
a 254 252 1
a 255 42 8
a 255 511 3
a 256 610 10
a 257 103 9
a 257 359 7
a 258 228 5
a 258 810 2
a 259 862 8
a 260 119 8
a 260 571 5
a 260 711 7
a 261 202 2
a 261 390 9
a 261 686 10
a 262 304 6
a 263 687 4
a 263 871 2
a 264 344 3
a 264 825 3
a 265 189 6
a 265 418 6
a 266 116 2
a 266 203 5
a 266 461 10
a 267 236 1
a 268 179 10
a 268 211 4
a 268 345 2
a 268 370 3
a 268 604 6
a 268 847 3
a 269 140 1
a 269 857 8
a 270 264 4
a 270 509 8
a 271 530 8
a 271 603 1
a 271 765 2
a 271 768 6
a 272 724 8
a 273 459 8
a 273 740 10
a 274 118 9
a 274 671 1
a 275 218 7
a 275 356 5
a 275 402 9
a 275 650 2
a 275 706 10
a 275 798 8
a 276 391 9
a 276 503 4
a 276 888 1
a 277 547 4
a 277 586 9
a 278 351 7
a 278 575 10
a 278 881 8
a 279 476 2
a 279 504 10
a 279 898 10
a 280 556 1
a 280 696 10
a 281 645 10
a 282 490 1
a 282 511 2
a 283 660 8
a 284 585 1
a 284 652 10
a 285 449 2
a 286 479 3
a 286 758 10
a 287 293 8
a 287 370 3
a 288 240 10
a 288 749 10
a 289 129 6
a 289 464 5
a 290 40 10
a 290 100 7
a 290 826 9
a 291 178 6
a 291 674 3
a 291 754 9
a 292 368 8
a 293 107 7
a 294 235 4
a 295 43 6
a 295 255 9
a 296 122 10
a 297 94 3
a 297 258 2
a 298 311 8
a 298 604 7
a 299 31 2
a 299 225 8
a 299 677 9
a 300 40 8
a 300 678 9
a 300 698 10
a 301 130 1
a 301 660 5
a 302 292 8
a 302 437 10
a 302 444 3
a 302 485 7
a 303 195 2
a 303 358 2
a 303 524 2
a 304 30 6
a 304 425 5
a 305 48 1
a 305 220 6
a 306 577 5
a 307 288 4
a 307 373 7
a 307 837 7
a 308 648 3
a 308 727 3
a 308 751 2
a 308 854 8
a 309 11 7
a 309 521 9
a 309 535 6
a 310 810 2
a 311 457 3
a 311 898 3
a 312 40 9
a 313 408 1
a 313 733 8
a 313 840 9
a 313 889 6
a 314 122 2
a 314 254 4
a 315 193 7
a 315 519 3
a 316 648 4
a 317 79 3
a 317 467 4
a 317 498 2
a 317 672 1
a 318 746 2
a 319 215 7
a 319 475 1
a 320 229 9
a 320 256 8
a 320 453 10
a 320 684 3
a 321 144 9
a 322 295 1
a 322 897 8
a 323 834 4
a 323 864 7
a 324 46 5
a 325 17 10
a 325 170 5
a 325 387 6
a 326 24 5
a 326 122 8
a 326 606 9
a 326 749 9
a 327 719 3
a 327 799 10
a 328 213 9
a 329 872 2
a 329 897 5
a 330 337 10
a 330 700 7
a 331 56 4
a 332 746 9
a 333 262 3
a 333 387 10
a 333 574 6
a 334 828 7
a 334 841 6
a 335 735 7
a 336 828 10
a 337 293 10
a 337 848 8
a 338 695 2
a 338 766 3
a 338 851 7
a 339 851 1
a 340 354 2
a 340 846 3
a 341 454 7
a 342 647 1
a 343 184 3
a 343 208 8
a 343 632 2
a 344 422 6
a 345 60 10
a 345 614 6
a 346 146 9
a 346 292 8
a 346 858 3
a 347 101 2
a 347 780 9
a 348 776 9
a 349 26 6
a 350 8 3
a 350 97 7
a 350 672 7
a 350 868 8
a 351 701 5
a 352 579 8
a 353 537 1
a 353 794 7
a 354 90 10
a 354 846 8
a 355 180 4
a 355 679 9
a 355 896 6
a 356 835 10
a 356 845 10
a 357 437 5
a 358 145 4
a 358 836 1
a 359 36 3
a 359 546 8
a 360 558 10
a 360 628 7
a 361 531 6
a 361 637 1
a 361 736 4
a 362 508 9
a 363 113 5
a 363 466 2
a 364 64 5
a 365 105 2
a 366 477 6
a 366 562 5
a 367 106 9
a 367 236 3
a 367 799 1
a 368 462 1
a 369 31 10
a 369 83 9
a 369 449 9
a 370 420 2
a 370 638 4
a 371 180 6
a 372 156 3
a 372 525 5
a 373 28 2
a 373 259 3
a 373 553 10
a 374 297 4
a 375 612 5
a 376 183 5
a 376 207 3
a 376 361 3
a 377 797 8
a 378 271 7
a 378 384 6
a 378 771 5
a 379 772 8
a 380 214 5
a 381 21 7
a 382 717 9
a 382 725 1
a 383 734 10
a 383 866 5
a 384 657 3
a 384 704 1
a 385 506 6
a 385 877 1
a 386 318 7
a 387 272 6
a 387 411 1
a 388 716 3
a 389 685 1
a 389 860 6
a 390 747 4
a 391 484 5
a 391 700 7
a 392 40 6
a 392 726 7
a 393 794 4
a 394 501 6
a 394 587 3
a 395 370 1
a 395 779 10
a 396 204 3
a 397 658 10
a 398 84 6
a 398 721 7
a 398 881 10
a 399 686 7
a 400 468 6
a 401 398 2
a 402 365 7
a 403 113 6
a 404 864 4
a 405 352 8
a 405 863 6
a 406 609 8
a 406 702 2
a 407 859 9
a 408 394 4
a 408 624 4
a 408 642 4
a 408 692 1
a 409 425 10
a 409 727 2
a 410 4 6
a 411 416 2
a 411 838 3
a 412 128 4
a 412 728 9
a 413 138 1
a 413 151 2
a 413 434 7
a 413 768 2
a 413 851 7
a 414 819 4
a 415 374 3
a 416 450 1
a 416 701 1
a 417 509 3
a 418 636 1
a 418 814 7
a 419 258 3
a 419 491 9
a 420 465 3
a 420 623 10
a 421 365 2
a 422 188 4
a 422 495 9
a 423 362 5
a 423 541 9
a 424 91 9
a 424 268 9
a 424 505 6
a 425 238 8
a 425 852 8
a 426 6 3
a 426 701 7
a 426 747 6
a 427 625 10
a 428 224 4
a 428 553 3
a 429 274 6
a 429 495 7
a 429 540 4
a 430 676 1
a 431 32 8
a 431 613 7
a 431 812 7
a 432 234 2
a 432 554 7
a 432 869 8
a 433 88 7
a 434 53 9
a 434 74 3
a 434 190 7
a 434 548 7
a 434 662 5
a 435 888 1
a 436 43 7
a 437 578 8
a 438 176 8
a 438 307 2
a 439 606 10
a 439 792 1
a 440 212 6
a 440 448 5
a 440 714 2
a 441 726 1
a 441 839 3
a 442 57 7
a 442 129 1
a 443 390 9
a 443 469 2
a 444 284 10
a 444 333 7
a 445 518 7
a 445 605 7
a 445 676 5
a 446 328 8
a 447 73 10
a 447 264 6
a 447 410 5
a 448 553 8
a 449 192 9
a 450 647 8
a 450 801 2
a 451 219 7
a 451 644 3
a 451 855 3
a 452 10 9
a 452 769 3
a 452 811 3
a 453 644 2
a 453 753 1
a 453 773 5
a 454 868 10
a 455 556 8
a 455 654 9
a 456 192 9
a 456 494 4
a 457 11 4
a 458 196 7
a 459 516 4
a 460 286 3
a 460 431 4
a 461 221 6
a 462 16 5
a 462 376 4
a 462 898 4
a 463 616 3
a 464 136 2
a 465 89 5
a 465 746 9
a 466 137 4
a 466 487 9
a 467 78 10
a 467 250 8
a 467 379 9
a 468 145 2
a 468 742 1
a 469 195 9
a 469 363 4
a 469 456 3
a 469 892 6
a 470 845 3
a 471 750 7
a 471 838 4
a 472 378 1
a 472 828 9
a 473 123 1
a 474 125 7
a 474 673 9
a 474 691 2
a 474 816 7
a 474 885 7
a 475 251 1
a 475 369 10
a 476 180 10
a 477 438 6
a 477 726 6
a 478 407 4
a 478 491 7
a 479 174 4
a 479 291 6
a 479 568 6
a 479 716 10
a 480 225 7
a 480 481 5
a 480 785 8
a 481 23 9
a 482 799 4
a 483 245 10
a 483 289 7
a 483 471 2
a 484 30 4
a 484 422 6
a 485 172 1
a 485 257 8
a 486 357 8
a 487 84 3
a 487 337 1
a 487 562 6
a 488 155 5
a 488 246 9
a 489 39 7
a 489 582 2
a 489 627 4
a 490 71 1
a 490 567 6
a 491 42 9
a 491 334 6
a 492 86 3
a 492 460 6
a 493 90 1
a 493 576 4
a 493 616 1
a 494 686 2
a 495 273 2
a 495 435 6
a 495 560 3
a 495 667 8
a 495 689 5
a 496 175 9
a 496 598 4
a 496 837 1
a 497 117 3
a 497 444 3
a 498 103 5
a 498 323 5
a 499 87 5
a 499 181 8
a 499 186 7
a 499 556 5
a 499 772 9
a 500 12 3
a 500 121 9
a 500 413 1
a 500 808 7
a 501 420 10
a 502 217 7
a 502 338 10
a 502 586 6
a 503 41 10
a 503 426 6
a 504 386 3
a 504 430 3
a 504 439 3
a 505 617 1
a 506 98 9
a 506 401 4
a 506 838 9
a 507 248 3
a 507 814 10
a 508 882 10
a 509 714 1
a 510 89 6
a 510 613 3
a 511 245 2
a 511 262 8
a 512 638 5
a 513 597 9
a 513 659 5
a 513 782 5
a 514 770 10
a 514 793 9
a 515 144 4
a 516 27 7
a 516 448 4
a 516 752 9
a 517 639 7
a 518 33 2
a 519 568 5
a 520 678 2
a 520 732 1
a 521 438 10
a 521 551 6
a 521 863 6
a 522 432 5
a 523 94 3
a 523 457 6
a 524 369 6
a 525 231 2
a 525 283 2
a 525 386 4
a 525 641 1
a 526 15 2
a 526 319 9
a 526 635 6
a 526 736 5
a 527 94 7
a 527 730 2
a 528 677 4
a 529 188 8
a 529 561 1
a 530 38 9
a 530 789 1
a 531 584 7
a 531 759 6
a 532 78 4
a 532 96 6
a 533 4 8
a 534 610 3
a 534 821 7
a 535 820 9
a 536 286 4
a 537 293 6
a 538 302 8
a 538 320 5
a 539 593 3
a 540 349 5
a 540 630 3
a 541 6 4
a 542 364 2
a 542 513 10
a 543 592 5
a 544 796 6
a 545 771 8
a 546 755 1
a 546 831 9
a 547 550 7
a 548 339 10
a 548 418 4
a 549 390 2
a 550 404 4
a 551 542 2
a 552 249 3
a 552 573 5
a 553 766 4
a 553 774 7
a 554 196 3
a 555 2 6
a 555 749 10
a 555 874 4
a 556 603 10
a 557 328 5
a 557 463 8
a 558 49 4
a 559 33 1
a 560 148 1
a 560 602 6
a 561 781 2
a 562 142 3
a 562 399 3
a 563 835 5
a 564 20 6
a 564 627 7
a 565 97 10
a 565 267 1
a 565 314 8
a 566 292 6
a 566 625 5
a 567 168 6
a 567 298 2
a 567 728 1
a 568 216 4
a 568 768 9
a 569 479 6
a 569 631 2
a 570 4 1
a 570 128 3
a 571 245 7
a 571 507 9
a 572 641 9
a 573 37 10
a 573 86 6
a 574 433 10
a 574 466 2
a 575 578 2
a 575 751 5
a 576 288 4
a 577 440 10
a 577 564 6
a 578 313 4
a 578 438 5
a 579 35 3
a 579 603 5
a 580 77 2
a 580 336 3
a 580 432 5
a 581 633 6
a 582 123 9
a 582 235 1
a 582 829 5
a 583 217 3
a 583 328 10
a 583 608 2
a 584 129 4
a 585 513 2
a 586 133 2
a 586 414 6
a 586 552 9
a 587 435 9
a 587 858 5
a 588 221 3
a 588 738 8
a 589 381 6
a 590 148 10
a 590 880 3
a 591 827 6
a 592 617 5
a 592 890 10
a 593 478 6
a 593 597 10
a 594 15 9
a 594 633 4
a 595 494 4
a 596 204 3
a 596 832 5
a 597 616 8
a 598 501 7
a 598 713 1
a 598 806 3
a 598 813 4
a 599 457 9
a 599 572 9
a 600 167 9
a 601 286 5
a 601 748 2
a 602 107 9
a 602 558 5
a 603 60 8
a 603 485 5
a 603 879 3
a 604 306 3
a 604 347 1
a 605 621 3
a 606 42 1
a 606 783 9
a 607 244 6
a 608 448 2
a 609 266 8
a 609 539 2
a 610 171 7
a 610 513 9
a 611 137 3
a 612 241 10
a 612 705 2
a 613 658 7
a 613 840 4
a 614 141 4
a 614 171 3
a 615 769 6
a 616 528 8
a 616 646 6
a 617 360 3
a 618 9 9
a 618 81 7
a 618 114 8
a 618 590 5
a 618 639 9
a 618 670 1
a 619 395 2
a 619 418 6
a 619 589 4
a 619 800 6
a 620 376 3
a 620 694 7
a 621 342 2
a 621 541 10
a 622 169 3
a 622 600 2
a 622 778 4
a 623 308 2
a 623 631 7
a 624 693 9
a 624 898 2
a 625 195 5
a 625 199 10
a 625 207 4
a 626 68 10
a 626 78 4
a 627 606 5
a 628 651 6
a 629 366 5
a 629 397 9
a 630 252 6
a 630 441 3
a 630 495 2
a 631 104 3
a 631 227 2
a 631 233 2
a 632 203 2
a 633 491 5
a 634 27 4
a 634 618 10
a 635 361 8
a 635 452 7
a 635 876 2
a 636 277 1
a 636 865 9
a 637 688 10
a 638 82 3
a 638 481 4
a 639 74 5
a 639 789 2
a 639 856 5
a 640 759 8
a 641 315 1
a 642 900 5
a 643 428 4
a 644 800 10
a 645 69 4
a 645 512 6
a 645 563 8
a 646 295 5
a 647 862 3
a 648 864 5
a 649 642 1
a 649 665 2
a 650 582 9
a 650 646 3
a 650 668 9
a 650 681 4
a 651 410 1
a 651 533 6
a 652 685 5
a 653 50 10
a 653 718 8
a 654 325 5
a 654 508 8
a 655 366 6
a 656 157 7
a 656 435 10
a 656 659 7
a 657 535 8
a 657 669 1
a 658 421 5
a 658 759 3
a 659 142 8
a 659 446 6
a 660 282 2
a 660 589 2
a 660 609 5
a 661 537 8
a 661 568 9
a 661 577 9
a 662 373 9
a 663 397 9
a 664 123 6
a 664 230 1
a 664 301 10
a 665 13 7
a 665 177 4
a 665 705 6
a 666 165 5
a 666 453 1
a 667 681 10
a 668 306 4
a 668 472 1
a 669 243 6
a 669 613 1
a 670 135 2
a 670 327 1
a 670 396 5
a 671 745 2
a 672 55 3
a 672 210 8
a 672 449 1
a 672 519 4
a 672 542 7
a 673 73 5
a 673 130 6
a 674 773 3
a 675 345 8
a 676 126 4
a 676 145 6
a 676 236 3
a 676 259 10
a 677 201 4
a 677 357 4
a 677 364 6
a 678 237 7
a 679 544 10
a 679 580 7
a 680 22 2
a 680 651 9
a 681 774 1
a 682 44 1
a 682 270 10
a 682 620 8
a 683 6 5
a 683 466 4
a 683 470 1
a 683 682 8
a 684 139 7
a 684 629 9
a 685 378 6
a 686 830 8
a 686 864 7
a 686 900 6
a 687 65 5
a 687 247 4
a 687 265 2
a 688 296 5
a 689 67 7
a 689 257 4
a 690 684 1
a 691 396 8
a 691 898 10
a 692 136 1
a 692 143 3
a 692 322 5
a 693 124 9
a 693 324 6
a 694 558 2
a 695 347 3
a 695 653 7
a 696 657 4
a 696 730 4
a 696 769 7
a 697 465 3
a 698 486 10
a 698 561 9
a 699 451 8
a 700 50 7
a 700 703 9
a 701 239 3
a 702 705 9
a 703 214 3
a 703 429 3
a 703 685 10
a 703 696 7
a 704 23 7
a 704 619 3
a 704 683 10
a 705 235 9
a 706 350 3
a 706 405 1
a 707 148 10
a 707 728 2
a 708 183 10
a 708 532 6
a 708 534 8
a 709 782 5
a 709 827 1
a 710 363 5
a 710 483 3
a 711 154 7
a 711 281 5
a 711 757 10
a 712 796 8
a 712 842 9
a 712 864 4
a 713 704 7
a 713 797 9
a 714 95 1
a 714 304 1
a 714 546 4
a 714 805 8
a 715 453 4
a 715 497 6
a 715 611 6
a 716 818 6
a 717 271 2
a 718 243 8
a 718 427 8
a 718 684 8
a 719 138 3
a 720 66 3
a 720 459 7
a 720 552 5
a 721 753 4
a 722 517 9
a 722 819 9
a 723 252 5
a 723 445 6
a 723 599 7
a 724 168 6
a 724 268 4
a 724 887 7
a 725 35 7
a 726 842 1
a 727 304 6
a 728 702 3
a 729 332 1
a 729 822 3
a 730 83 2
a 730 109 6
a 730 788 10
a 731 508 7
a 732 596 6
a 732 613 8
a 733 852 9
a 734 661 10
a 734 856 1
a 735 218 5
a 736 696 6
a 737 353 9
a 737 809 8
a 738 24 10
a 738 51 7
a 738 583 5
a 739 70 1
a 739 612 4
a 740 427 4
a 740 875 2
a 741 385 6
a 741 622 10
a 741 643 3
a 742 17 9
a 743 310 9
a 743 531 9
a 744 190 8
a 745 325 5
a 746 342 2
a 746 348 8
a 746 777 7
a 747 177 4
a 748 116 3
a 748 276 4
a 748 831 9
a 749 639 2
a 750 265 6
a 750 559 2
a 750 832 5
a 751 477 2
a 752 248 6
a 752 584 2
a 753 50 8
a 753 308 3
a 753 832 4
a 754 176 7
a 755 238 3
a 755 605 3
a 755 833 4
a 756 132 4
a 756 184 4
a 756 294 8
a 756 520 9
a 757 502 8
a 758 324 8
a 758 661 10
a 759 451 5
a 759 555 9
a 759 691 9
a 760 19 5
a 760 132 2
a 760 501 9
a 761 571 3
a 761 729 5
a 761 844 9
a 762 598 8
a 762 707 8
a 763 71 7
a 763 447 1
a 763 744 2
a 763 780 8
a 763 807 3
a 764 349 6
a 765 178 2
a 765 527 5
a 766 419 5
a 766 529 5
a 766 669 10
a 767 54 8
a 767 81 1
a 767 289 2
a 767 412 1
a 768 696 3
a 769 134 7
a 769 170 10
a 769 284 5
a 770 123 4
a 770 837 3
a 771 560 6
a 771 626 4
a 772 640 8
a 772 724 1
a 773 250 1
a 773 576 1
a 774 162 2
a 774 467 2
a 774 510 5
a 775 115 9
a 775 206 8
a 775 555 2
a 776 522 9
a 776 530 9
a 777 27 8
a 777 853 3
a 778 111 3
a 778 526 5
a 778 723 4
a 779 153 7
a 779 450 6
a 779 487 5
a 780 454 3
a 781 278 9
a 781 870 7
a 782 39 5
a 782 297 6
a 783 34 3
a 783 253 9
a 783 516 10
a 783 528 4
a 784 197 1
a 784 240 6
a 784 723 4
a 785 17 5
a 785 59 8
a 786 597 2
a 787 807 10
a 788 459 1
a 789 378 7
a 790 438 1
a 791 78 10
a 792 840 5
a 793 709 8
a 793 770 9
a 794 14 5
a 794 182 1
a 794 787 3
a 795 213 5
a 795 232 10
a 796 350 10
a 796 691 9
a 797 840 7
a 798 237 4
a 798 245 10
a 798 272 8
a 798 490 4
a 799 280 4
a 799 489 4
a 800 198 5
a 800 402 10
a 801 375 8
a 801 565 3
a 801 684 1
a 801 712 7
a 802 352 2
a 803 441 5
a 804 889 2
a 805 112 2
a 805 257 8
a 806 341 10
a 806 680 9
a 806 800 9
a 807 26 5
a 808 171 10
a 808 200 7
a 809 642 7
a 810 494 4
a 810 564 8
a 811 386 10
a 812 161 4
a 812 257 6
a 813 632 9
a 813 784 5
a 814 223 3
a 815 575 6
a 816 221 5
a 816 330 9
a 816 457 1
a 817 158 8
a 817 168 6
a 818 265 1
a 819 533 8
a 820 29 4
a 820 233 9
a 820 761 3
a 820 850 5
a 821 786 8
a 822 11 5
a 822 329 5
a 823 520 9
a 824 697 5
a 825 205 6
a 825 321 8
a 825 422 3
a 825 686 7
a 826 159 7
a 826 238 10
a 826 900 7
a 827 627 8
a 828 493 8
a 829 621 5
a 829 654 5
a 829 687 9
a 830 403 7
a 831 118 7
a 831 147 8
a 831 798 5
a 831 804 8
a 832 139 2
a 832 215 1
a 832 434 8
a 832 482 6
a 833 224 8
a 833 877 5
a 834 544 8
a 834 614 6
a 835 3 3
a 835 144 2
a 835 567 8
a 836 244 3
a 836 250 3
a 836 355 10
a 837 600 2
a 837 817 6
a 838 290 8
a 838 770 7
a 839 538 4
a 839 864 9
a 840 787 1
a 840 877 9
a 841 5 7
a 841 80 8
a 841 426 4
a 841 776 9
a 842 696 4
a 843 244 6
a 843 295 6
a 843 537 4
a 844 362 5
a 845 722 9
a 845 868 6
a 846 250 8
a 846 415 1
a 846 745 7
a 847 45 6
a 847 305 4
a 848 207 4
a 848 257 2
a 849 80 6
a 849 247 3
a 849 715 2
a 850 212 8
a 851 105 3
a 851 197 3
a 851 849 4
a 852 291 4
a 852 655 1
a 853 804 4
a 853 866 2
a 854 243 6
a 854 246 8
a 854 404 10
a 855 557 8
a 855 779 9
a 855 862 2
a 856 306 8
a 856 747 10
a 857 778 7
a 858 450 2
a 858 487 4
a 858 496 10
a 859 878 2
a 860 434 7
a 861 353 3
a 861 890 2
a 862 498 7
a 863 279 5
a 863 786 7
a 864 531 4
a 865 806 8
a 866 361 8
a 866 820 3
a 867 57 9
a 867 163 6
a 867 513 2
a 868 514 8
a 868 527 9
a 869 261 3
a 869 400 5
a 869 824 6
a 870 300 10
a 870 414 10
a 871 275 9
a 871 305 5
a 872 377 8
a 872 512 7
a 872 543 1
a 872 642 8
a 873 388 5
a 873 607 4
a 873 690 2
a 874 802 7
a 875 399 9
a 875 571 4
a 875 698 9
a 876 136 2
a 877 82 3
a 877 332 8
a 877 657 9
a 877 701 6
a 878 302 6
a 878 357 1
a 879 147 5
a 879 191 8
a 879 636 7
a 880 402 3
a 880 687 3
a 881 497 2
a 881 673 10
a 882 440 10
a 882 561 2
a 883 427 2
a 883 525 6
a 884 352 7
a 885 55 8
a 886 127 1
a 886 190 1
a 886 527 1
a 886 858 6
a 887 349 2
a 887 604 6
a 888 334 6
a 889 58 4
a 889 409 7
a 889 553 5
a 889 592 4
a 890 883 6
a 891 676 9
a 892 519 1
a 893 383 9
a 893 523 3
a 894 830 1
a 895 714 6
a 896 114 8
a 896 585 2
a 896 870 8
a 897 9 3
a 898 169 4
a 898 275 5
a 898 656 10
a 899 237 5
