p max 900 1800
n 1 s
n 900 t
a 1 386 4
a 1 506 5
a 1 612 6
a 2 883 7
a 3 404 9
a 3 818 9
a 4 300 7
a 4 464 1
a 5 804 6
a 6 259 2
a 6 705 10
a 7 586 6
a 7 597 6
a 7 784 6
a 8 497 4
a 8 656 5
a 8 890 9
a 9 72 4
a 9 276 4
a 10 326 10
a 10 336 1
a 11 520 4
a 11 883 9
a 12 460 1
a 12 848 9
a 12 852 2
a 13 850 7
a 13 859 8
a 14 766 6
a 14 769 10
a 15 69 6
a 15 364 9
a 16 297 1
a 16 455 10
a 16 878 1
a 17 545 4
a 18 8 2
a 18 320 4
a 18 534 8
a 19 838 4
a 20 512 3
a 20 852 7
a 21 30 2
a 21 235 6
a 22 75 5
a 22 287 8
a 22 792 4
a 23 202 9
a 24 266 3
a 24 862 10
a 25 63 7
a 25 624 7
a 25 740 7
a 26 721 5
a 27 73 1
a 27 94 7
a 28 415 1
a 28 762 4
a 29 65 10
a 29 216 9
a 30 636 3
a 31 28 10
a 31 647 7
a 31 850 3
a 31 857 4
a 31 886 7
a 32 13 4
a 32 674 9
a 33 162 9
a 33 224 3
a 34 451 6
a 35 187 4
a 35 833 10
a 36 433 8
a 36 780 7
a 37 50 1
a 37 298 2
a 37 360 7
a 38 20 5
a 39 49 8
a 39 176 7
a 39 226 8
a 39 689 5
a 40 742 2
a 41 337 6
a 42 427 5
a 43 687 9
a 43 765 1
a 44 861 6
a 45 325 9
a 45 427 3
a 45 446 9
a 45 625 4
a 46 606 10
a 47 604 8
a 48 583 1
a 48 860 8
a 49 96 10
a 49 105 1
a 50 440 9
a 50 493 10
a 51 286 8
a 51 509 3
a 52 316 1
a 52 725 4
a 53 163 1
a 54 70 4
a 55 47 4
a 55 72 4
a 56 232 4
a 57 101 6
a 58 741 9
a 58 781 5
a 59 451 6
a 59 534 1
a 60 381 6
a 60 512 4
a 61 266 10
a 61 307 6
a 62 72 7
a 63 282 5
a 63 573 3
a 64 31 7
a 65 45 10
a 66 319 1
a 67 154 9
a 67 250 2
a 67 285 2
a 68 730 7
a 68 806 10
a 69 204 4
a 70 214 7
a 71 701 6
a 72 436 1
a 73 25 4
a 74 793 6
a 74 798 1
a 75 650 10
a 75 756 2
a 76 28 7
a 76 505 6
a 77 161 10
a 77 378 2
a 77 839 7
a 78 610 4
a 79 361 7
a 79 567 6
a 79 599 8
a 80 696 7
a 80 884 4
a 81 60 4
a 81 749 8
a 82 125 1
a 82 257 3
a 82 303 1
a 82 767 6
a 83 33 2
a 84 167 3
a 84 419 7
a 84 747 8
a 85 461 9
a 85 525 1
a 85 692 3
a 85 775 8
a 86 208 2
a 86 688 8
a 87 326 10
a 87 892 1
a 88 555 8
a 88 825 9
a 89 436 10
a 90 110 10
a 90 554 10
a 91 539 10
a 92 768 9
a 93 363 9
a 93 781 7
a 94 210 1
a 94 584 1
a 95 158 5
a 96 869 6
a 97 555 6
a 97 605 7
a 97 789 9
a 98 309 6
a 98 495 7
a 98 541 4
a 99 141 3
a 99 215 4
a 99 524 4
a 99 670 4
a 99 702 5
a 99 851 4
a 100 47 9
a 100 171 7
a 101 122 7
a 102 292 7
a 103 866 5
a 104 134 6
a 104 173 8
a 104 568 2
a 105 485 10
a 105 854 1
a 106 782 7
a 107 86 8
a 108 89 2
a 108 473 6
a 109 262 4
a 109 480 5
a 110 619 2
a 110 733 2
a 111 17 1
a 111 198 6
a 111 434 1
a 111 489 2
a 111 824 2
a 112 78 4
a 112 218 5
a 113 246 8
a 113 448 8
a 113 595 10
a 114 447 9
a 114 882 3
a 115 275 3
a 115 503 4
a 116 437 1
a 117 804 3
a 117 848 8
a 118 774 10
a 119 556 3
a 119 637 2
a 119 774 5
a 120 35 4
a 120 459 4
a 120 807 10
a 121 369 1
a 121 629 2
a 121 731 8
a 122 54 9
a 122 432 3
a 122 458 8
a 122 760 10
a 123 533 3
a 124 147 8
a 124 381 9
a 125 138 7
a 125 175 7
a 125 401 5
a 126 776 8
a 127 638 9
a 128 265 10
a 128 710 2
a 129 273 10
a 129 489 1
a 130 13 9
a 130 268 4
a 130 299 3
a 130 835 10
a 131 134 10
a 131 139 2
a 131 858 4
a 132 191 4
a 133 425 8
a 134 658 4
a 135 829 2
a 136 356 2
a 136 376 10
a 136 457 3
a 136 690 9
a 136 822 4
a 137 525 8
a 138 392 5
a 138 444 5
a 138 817 1
a 139 137 6
a 139 452 8
a 139 621 9
a 140 53 7
a 140 613 3
a 140 646 10
a 141 263 7
a 142 339 9
a 143 325 8
a 144 344 1
a 144 360 10
a 145 438 9
a 146 77 1
a 146 388 7
a 146 869 4
a 147 380 6
a 147 616 1
a 147 828 7
a 148 2 4
a 149 666 1
a 149 830 2
a 150 457 2
a 150 674 9
a 151 508 2
a 152 825 4
a 153 213 3
a 153 389 10
a 153 483 4
a 153 724 7
a 153 873 6
a 154 161 10
a 154 350 9
a 155 334 9
a 156 251 7
a 157 270 4
a 158 203 9
a 158 612 7
a 158 861 3
a 159 117 9
a 159 254 10
a 159 349 6
a 159 826 7
a 159 857 4
a 160 861 8
a 161 361 7
a 161 408 1
a 162 747 1
a 162 841 2
a 163 626 10
a 164 228 9
a 164 328 10
a 164 462 8
a 164 514 1
a 164 648 9
a 165 661 2
a 166 393 6
a 166 441 6
a 167 107 10
a 168 335 7
a 168 374 2
a 169 160 8
a 169 670 1
a 170 5 6
a 170 116 9
a 170 774 8
a 171 493 5
a 171 709 3
a 172 641 7
a 173 27 3
a 173 67 8
a 173 555 8
a 174 70 9
a 174 274 6
a 175 85 5
a 175 280 10
a 175 623 8
a 176 379 6
a 177 119 1
a 177 188 1
a 178 372 10
a 179 252 9
a 179 541 9
a 180 277 4
a 180 467 1
a 180 562 1
a 181 197 3
a 181 270 6
a 182 217 3
a 182 816 9
a 183 260 8
a 183 357 8
a 184 504 4
a 185 845 8
a 186 495 9
a 187 140 3
a 187 473 2
a 187 531 10
a 188 180 10
a 188 713 3
a 189 546 3
a 189 844 3
a 190 29 10
a 190 372 10
a 190 644 5
a 190 663 4
a 191 542 8
a 192 68 4
a 192 220 1
a 192 308 3
a 192 526 3
a 193 631 10
a 194 288 2
a 195 444 5
a 196 815 9
a 196 898 2
a 197 390 8
a 198 437 6
a 198 508 4
a 199 152 5
a 200 57 9
a 200 188 9
a 200 738 1
a 201 176 10
a 202 472 10
a 202 566 10
a 203 144 6
a 203 352 5
a 203 759 7
a 204 14 1
a 204 21 3
a 204 582 4
a 205 157 8
a 205 725 5
a 206 880 1
a 207 430 7
a 208 418 5
a 209 2 3
a 209 508 3
a 209 632 2
a 209 805 6
a 210 494 5
a 211 391 5
a 212 282 3
a 212 562 10
a 212 812 5
a 213 782 7
a 214 417 8
a 215 552 9
a 215 651 5
a 216 191 9
a 216 422 10
a 216 744 5
a 217 20 6
a 218 626 8
a 218 674 7
a 219 69 1
a 219 152 4
a 219 861 1
a 220 313 4
a 220 781 2
a 220 888 4
a 221 371 1
a 221 471 9
a 221 843 3
a 222 280 1
a 222 893 9
a 223 163 8
a 223 365 4
a 223 472 9
a 223 786 3
a 223 790 3
a 224 343 8
a 225 290 7
a 225 299 2
a 226 273 10
a 226 677 2
a 227 824 8
a 228 388 8
a 229 9 2
a 229 641 9
a 230 47 5
a 230 182 5
a 231 58 3
a 232 18 7
a 232 379 10
a 233 536 6
a 234 29 10
a 234 563 3
a 235 196 3
a 235 842 8
a 236 229 7
a 236 301 2
a 236 634 6
a 237 313 4
a 238 459 2
a 238 501 6
a 239 123 9
a 240 209 4
a 240 824 1
a 241 283 8
a 242 42 4
a 242 329 4
a 242 330 4
a 242 361 5
a 243 535 9
a 243 640 7
a 244 34 4
a 244 95 7
a 244 215 2
a 244 505 3
a 245 47 8
a 245 109 10
a 246 219 6
a 246 615 10
a 247 248 5
a 248 14 10
a 248 103 7
a 248 363 9
a 248 661 9
a 249 780 5
a 249 891 4
a 250 431 1
a 251 192 9
a 251 619 9
a 251 742 5
a 252 707 1
a 252 730 8
a 252 735 6
a 253 267 3
a 253 691 10
a 253 801 7
a 254 547 6
a 255 164 5
a 255 229 3
a 256 553 2
a 257 249 1
a 257 468 1
a 257 486 2
a 258 138 4
a 259 796 10
a 260 285 8
a 261 848 8
a 262 418 4
a 262 728 10
a 263 83 3
a 263 810 4
a 264 364 10
a 264 384 5
a 264 484 2
a 265 39 3
a 265 235 9
a 265 431 8
a 266 123 5
a 266 254 8
a 267 317 9
a 267 370 6
a 267 429 3
a 268 173 9
a 268 306 10
a 269 718 4
a 269 807 9
a 270 524 10
a 270 628 6
a 271 183 3
a 271 240 1
a 271 482 1
a 272 6 9
a 272 278 2
a 273 89 2
a 273 172 7
a 273 348 6
a 274 633 3
a 275 226 8
a 275 427 8
a 276 692 10
a 277 66 10
a 277 78 8
a 278 73 1
a 278 151 10
a 279 407 1
a 279 581 9
a 279 833 2
a 280 422 7
a 281 202 7
a 282 56 10
a 282 255 4
a 283 2 9
a 284 19 7
a 284 748 4
a 285 762 3
a 286 15 9
a 286 411 1
a 286 770 8
a 286 856 7
a 287 9 8
a 287 225 3
a 287 333 4
a 288 412 10
a 289 569 4
a 289 691 10
a 289 787 4
a 290 26 2
a 290 496 6
a 290 596 8
a 291 517 2
a 291 829 1
a 292 341 4
a 292 626 5
a 293 80 4
a 293 129 5
a 293 498 3
a 294 586 6
a 295 735 2
a 296 197 1
a 297 51 1
a 297 337 10
a 297 814 7
a 298 521 4
a 298 671 7
a 299 227 5
a 299 664 7
a 300 753 6
a 301 229 6
a 301 346 5
a 301 606 4
a 301 830 2
a 302 354 10
a 303 277 8
a 303 491 5
a 303 496 10
a 304 493 8
a 305 270 2
a 306 258 7
a 306 706 4
a 307 299 9
a 307 433 7
a 308 37 1
a 309 873 8
a 310 280 7
a 310 828 5
a 310 879 1
a 311 207 3
a 311 426 7
a 312 439 9
a 312 510 8
a 312 704 1
a 313 68 5
a 313 239 4
a 313 351 6
a 314 604 5
a 315 64 3
a 315 544 9
a 316 169 2
a 316 855 9
a 317 123 1
a 317 339 1
a 318 825 3
a 319 697 8
a 320 175 4
a 320 601 2
a 321 738 10
a 322 267 7
a 323 769 6
a 324 193 3
a 324 618 5
a 325 837 7
a 326 570 10
a 327 62 5
a 327 269 3
a 327 428 3
a 327 580 3
a 327 757 7
a 327 846 9
a 328 252 5
a 328 336 10
a 329 127 1
a 329 682 7
a 330 83 8
a 330 798 9
a 331 50 2
a 331 211 2
a 332 122 5
a 332 200 9
a 332 831 6
a 333 874 2
a 334 485 3
a 335 318 7
a 335 715 3
a 335 867 8
a 336 7 4
a 336 114 5
a 336 126 2
a 336 257 3
a 336 409 10
a 337 184 8
a 337 201 8
a 337 488 3
a 337 532 10
a 338 537 6
a 338 735 4
a 339 269 2
a 339 286 8
a 339 846 10
a 340 394 8
a 340 769 6
a 341 679 2
a 342 426 10
a 343 150 8
a 343 201 3
a 344 744 1
a 344 776 10
a 345 688 5
a 346 447 1
a 347 765 4
a 348 278 7
a 349 24 1
a 349 354 7
a 349 702 9
a 350 621 8
a 351 8 4
a 352 74 2
a 352 391 1
a 352 478 2
a 352 864 9
a 353 108 8
a 353 364 4
a 354 330 4
a 355 347 10
a 355 821 3
a 356 106 4
a 356 448 9
a 357 142 5
a 357 748 4
a 358 103 9
a 358 112 6
a 359 199 9
a 359 517 9
a 359 607 3
a 360 55 10
a 360 200 8
a 361 238 7
a 362 473 5
a 363 264 2
a 364 347 3
a 365 576 2
a 366 484 1
a 367 196 2
a 367 279 4
a 367 322 8
a 367 377 2
a 367 578 2
a 367 673 4
a 368 471 4
a 369 317 7
a 369 340 4
a 369 584 4
a 370 32 4
a 370 462 9
a 371 382 2
a 371 493 4
a 371 755 9
a 371 780 6
a 372 249 5
a 372 487 8
a 372 497 9
a 373 885 7
a 374 234 5
a 374 623 6
a 375 193 5
a 375 668 8
a 376 900 6
a 377 416 9
a 377 569 10
a 378 419 5
a 379 787 1
a 380 766 3
a 381 14 2
a 382 30 1
a 382 640 3
a 383 152 10
a 383 385 5
a 383 729 4
a 384 572 8
a 385 469 10
a 385 751 8
a 386 208 4
a 387 46 4
a 387 636 4
a 388 631 9
a 388 786 8
a 389 48 8
a 390 132 10
a 390 451 7
a 391 598 10
a 391 843 9
a 392 48 3
a 392 762 8
a 393 131 10
a 393 720 2
a 394 412 3
a 394 611 9
a 395 465 10
a 395 595 2
a 395 600 8
a 396 436 7
a 396 633 5
a 397 433 4
a 397 602 10
a 398 729 8
a 398 771 7
a 399 722 4
a 400 120 6
a 400 339 6
a 401 11 6
a 402 595 5
a 403 183 7
a 403 847 7
a 404 240 8
a 404 683 7
a 404 770 3
a 405 71 8
a 405 802 3
a 406 41 2
a 406 73 2
a 406 319 2
a 406 366 8
a 407 214 9
a 407 492 3
a 407 574 1
a 408 247 2
a 409 46 6
a 409 555 6
a 409 823 10
a 410 89 5
a 410 372 7
a 410 745 1
a 411 858 4
a 412 41 8
a 413 247 7
a 413 575 5
a 414 778 5
a 415 353 1
a 415 515 2
a 415 530 2
a 416 712 8
a 416 856 8
a 417 314 10
a 417 722 8
a 418 11 10
a 418 574 4
a 419 210 6
a 419 359 3
a 419 896 1
a 420 7 5
a 420 405 8
a 421 79 4
a 421 109 3
a 422 171 10
a 422 756 8
a 423 689 4
a 423 803 7
a 424 51 3
a 424 414 3
a 425 28 7
a 425 302 6
a 426 144 2
a 426 645 3
a 427 192 10
a 427 871 10
a 428 539 6
a 428 560 7
a 428 788 2
a 429 454 8
a 429 459 10
a 429 872 10
a 430 166 6
a 431 713 5
a 432 582 10
a 432 603 10
a 433 653 4
a 433 687 7
a 434 115 2
a 434 723 7
a 435 2 6
a 435 511 9
a 436 109 6
a 436 577 1
a 436 802 5
a 437 447 7
a 438 256 10
a 438 300 8
a 439 163 1
a 439 208 9
a 439 657 2
a 440 413 8
a 440 856 10
a 441 84 7
a 441 186 3
a 441 517 6
a 442 337 10
a 442 681 1
a 443 354 7
a 443 587 4
a 444 478 5
a 445 276 10
a 445 331 10
a 445 550 1
a 445 837 10
a 446 93 5
a 446 97 5
a 446 786 3
a 447 372 5
a 448 627 7
a 449 90 4
a 449 521 3
a 450 153 10
a 450 167 2
a 451 258 8
a 451 478 5
a 451 843 6
a 452 355 2
a 452 374 10
a 452 641 2
a 453 718 3
a 454 723 7
a 455 533 9
a 456 418 5
a 457 421 6
a 457 608 2
a 457 896 3
a 458 2 3
a 458 576 3
a 458 842 8
a 459 73 8
a 460 521 2
a 460 538 5
a 461 75 4
a 462 284 6
a 463 18 7
a 464 40 1
a 465 822 7
a 466 137 10
a 466 342 8
a 467 822 8
a 468 371 2
a 468 649 8
a 468 714 6
a 469 788 3
a 470 95 2
a 471 660 10
a 471 765 10
a 472 177 7
a 472 606 9
a 472 750 5
a 473 479 5
a 473 763 2
a 474 265 2
a 474 536 6
a 474 794 4
a 475 391 5
a 475 885 2
a 476 530 9
a 477 299 4
a 477 577 1
a 478 67 2
a 478 305 2
a 478 398 8
a 479 43 8
a 479 110 2
a 479 687 3
a 479 742 1
a 480 110 2
a 480 174 5
a 480 266 10
a 481 136 5
a 481 198 8
a 481 499 3
a 481 614 10
a 482 621 10
a 483 668 6
a 483 889 2
a 484 450 2
a 484 773 3
a 485 281 9
a 485 749 9
a 486 299 9
a 486 451 9
a 486 553 7
a 487 578 5
a 488 237 2
a 489 492 10
a 489 877 4
a 490 39 6
a 490 476 8
a 491 281 9
a 492 310 6
a 492 568 5
a 493 70 4
a 494 290 9
a 495 425 6
a 495 652 3
a 496 16 8
a 496 304 6
a 497 104 10
a 497 406 1
a 497 529 5
a 498 822 2
a 499 215 10
a 500 605 1
a 501 866 1
a 502 306 6
a 503 145 8
a 503 237 5
a 503 552 7
a 503 617 2
a 503 832 6
a 504 175 2
a 504 638 7
a 505 731 10
a 506 337 2
a 506 546 3
a 507 89 6
a 507 165 5
a 508 795 4
a 509 101 3
a 509 272 8
a 510 766 5
a 510 863 1
a 511 165 7
a 512 429 6
a 513 131 1
a 513 667 4
a 513 762 6
a 514 659 8
a 515 483 2
a 515 494 3
a 515 654 7
a 516 825 7
a 517 208 1
a 518 362 4
a 518 537 3
a 519 104 10
a 519 444 3
a 519 481 1
a 520 238 4
a 521 114 2
a 521 571 9
a 521 593 6
a 521 701 9
a 522 27 9
a 523 476 5
a 523 589 8
a 523 777 8
a 524 316 6
a 524 475 5
a 524 576 6
a 525 26 6
a 525 58 7
a 525 315 7
a 525 334 5
a 525 490 3
a 526 899 10
a 527 51 3
a 528 764 4
a 528 900 5
a 529 558 8
a 530 527 10
a 530 652 6
a 531 12 5
a 531 238 10
a 532 224 8
a 532 593 7
a 533 4 10
a 534 202 8
a 534 222 10
a 534 263 7
a 534 655 7
a 534 891 1
a 535 872 7
a 536 732 1
a 537 5 6
a 537 251 6
a 538 158 4
a 538 269 1
a 538 390 2
a 539 569 7
a 539 772 6
a 540 321 2
a 540 827 1
a 540 867 8
a 540 880 9
a 541 860 2
a 542 253 5
a 542 634 10
a 543 141 10
a 543 522 5
a 544 450 1
a 544 528 10
a 545 149 3
a 545 221 8
a 546 539 8
a 547 303 7
a 547 333 8
a 548 290 7
a 549 424 4
a 549 505 7
a 550 453 7
a 550 510 9
a 550 722 7
a 551 727 6
a 551 736 9
a 551 743 3
a 552 525 4
a 552 560 5
a 553 678 10
a 554 540 10
a 554 871 6
a 555 808 8
a 555 856 8
a 556 604 10
a 557 765 7
a 557 784 9
a 558 550 9
a 559 558 4
a 559 683 7
a 559 809 4
a 560 452 1
a 561 343 1
a 561 549 1
a 562 585 5
a 562 750 5
a 562 829 7
a 563 64 1
a 563 523 9
a 564 645 4
a 565 179 7
a 566 399 3
a 566 527 3
a 566 818 7
a 567 784 3
a 568 25 10
a 568 71 10
a 568 220 5
a 569 540 4
a 570 196 3
a 571 303 3
a 571 880 1
a 572 29 4
a 573 562 7
a 574 825 7
a 575 80 5
a 575 758 3
a 575 801 4
a 576 815 8
a 577 784 8
a 578 279 8
a 578 599 7
a 579 571 10
a 580 33 8
a 580 101 8
a 580 263 8
a 580 717 4
a 581 122 3
a 581 210 7
a 582 307 4
a 582 726 7
a 583 190 5
a 584 71 7
a 585 390 3
a 586 210 5
a 586 589 10
a 587 92 2
a 587 426 3
a 588 74 4
a 588 178 4
a 589 678 4
a 589 881 6
a 590 46 5
a 591 119 1
a 592 198 8
a 592 204 2
a 592 489 3
a 593 442 6
a 593 646 6
a 593 658 9
a 594 113 1
a 594 352 2
a 594 530 9
a 594 682 10
a 595 206 6
a 595 829 5
a 596 293 2
a 596 692 7
a 597 48 6
a 597 675 7
a 598 443 8
a 598 880 4
a 599 244 5
a 599 265 7
a 599 618 7
a 599 639 8
a 600 146 3
a 601 188 5
a 601 516 3
a 602 208 9
a 603 181 6
a 603 233 5
a 603 479 5
a 603 815 7
a 604 280 6
a 604 643 5
a 605 189 4
a 605 598 10
a 606 739 1
a 607 561 7
a 607 773 9
a 608 65 7
a 608 518 2
a 608 635 9
a 609 400 7
a 609 732 8
a 610 528 5
a 610 778 2
a 611 20 10
a 611 118 3
a 612 22 7
a 612 343 7
a 612 481 10
a 612 630 10
a 612 798 8
a 613 398 6
a 614 149 8
a 614 275 1
a 614 328 10
a 614 686 3
a 615 285 8
a 615 323 10
a 615 662 6
a 616 560 3
a 616 782 4
a 617 180 8
a 617 352 9
a 617 695 1
a 618 763 9
a 619 742 4
a 620 406 3
a 620 502 5
a 621 444 9
a 622 418 10
a 622 423 7
a 623 159 10
a 623 563 7
a 624 292 7
a 624 723 7
a 624 750 2
a 625 800 2
a 625 843 8
a 626 135 2
a 626 786 1
a 627 118 8
a 627 236 7
a 628 80 4
a 628 175 7
a 628 284 9
a 629 538 3
a 629 607 4
a 630 344 10
a 630 395 8
a 631 115 4
a 632 48 3
a 632 237 9
a 632 283 6
a 632 895 8
a 633 323 6
a 634 625 1
a 635 24 8
a 635 395 3
a 635 474 6
a 635 875 9
a 636 320 2
a 637 166 4
a 637 375 8
a 637 438 5
a 638 252 8
a 638 447 8
a 638 556 10
a 638 824 3
a 639 156 2
a 639 440 8
a 639 656 4
a 640 328 8
a 641 420 5
a 641 639 2
a 641 768 8
a 642 23 6
a 643 99 5
a 643 804 6
a 644 122 7
a 645 581 3
a 645 734 9
a 646 215 6
a 646 449 8
a 647 373 2
a 647 813 8
a 648 105 2
a 649 223 5
a 649 497 6
a 649 753 9
a 650 220 6
a 650 516 5
a 650 527 1
a 651 291 4
a 651 893 9
a 652 141 2
a 653 383 4
a 653 402 8
a 653 764 2
a 653 845 3
a 654 103 10
a 654 621 8
a 654 806 8
a 655 755 10
a 656 122 9
a 656 388 1
a 657 793 7
a 658 8 10
a 659 86 9
a 659 294 8
a 659 519 5
a 660 7 9
a 661 382 1
a 662 341 8
a 662 435 9
a 663 40 6
a 663 453 8
a 664 183 5
a 664 466 6
a 664 697 10
a 665 208 8
a 665 849 6
a 666 592 10
a 667 156 3
a 667 897 10
a 668 689 9
a 669 26 9
a 669 532 6
a 669 535 5
a 670 65 2
a 671 294 10
a 671 585 4
a 672 143 1
a 672 719 7
a 673 83 4
a 674 59 1
a 674 609 10
a 674 632 3
a 675 20 6
a 675 412 8
a 675 654 2
a 676 737 9
a 677 504 8
a 678 396 3
a 678 581 10
a 678 685 2
a 679 390 4
a 680 190 5
a 680 626 7
a 680 684 2
a 681 511 5
a 682 111 8
a 682 500 1
a 683 296 3
a 683 727 7
a 684 602 6
a 685 826 2
a 686 754 8
a 686 825 5
a 687 247 2
a 687 609 9
a 688 98 9
a 688 149 1
a 689 234 8
a 689 248 10
a 690 639 2
a 691 66 10
a 691 403 8
a 692 82 6
a 692 653 1
a 692 693 3
a 693 858 9
a 694 314 6
a 694 328 5
a 695 586 9
a 696 421 7
a 696 565 1
a 697 120 4
a 698 96 8
a 698 502 3
a 699 511 1
a 699 716 8
a 700 197 3
a 700 300 9
a 701 657 2
a 702 6 4
a 702 275 7
a 703 232 4
a 704 118 7
a 705 463 1
a 705 547 6
a 705 604 2
a 706 167 5
a 706 610 8
a 707 564 3
a 707 566 4
a 707 583 6
a 708 23 7
a 708 542 6
a 708 610 3
a 709 649 5
a 710 104 5
a 711 591 8
a 711 764 3
a 712 842 1
a 713 460 7
a 713 513 4
a 713 579 3
a 713 735 5
a 714 330 3
a 715 294 10
a 716 252 6
a 716 700 8
a 717 311 8
a 717 349 9
a 717 583 4
a 717 866 5
a 718 207 2
a 718 338 10
a 719 609 2
a 720 722 7
a 721 60 9
a 721 652 7
a 721 679 5
a 721 899 3
a 722 715 1
a 723 107 4
a 723 139 8
a 724 24 6
a 724 328 6
a 724 547 1
a 725 551 1
a 725 716 10
a 726 437 3
a 726 500 8
a 726 620 7
a 727 44 9
a 727 378 8
a 727 556 9
a 728 29 5
a 729 164 3
a 729 327 5
a 730 76 6
a 730 288 2
a 730 874 1
a 730 877 1
a 731 672 3
a 731 860 9
a 732 36 7
a 732 317 7
a 732 432 5
a 733 265 2
a 733 548 5
a 733 694 5
a 734 296 9
a 735 195 6
a 735 196 7
a 735 716 2
a 735 761 8
a 736 820 7
a 737 545 8
a 737 627 5
a 738 579 6
a 738 678 2
a 739 428 9
a 740 807 8
a 740 842 9
a 741 185 5
a 741 198 9
a 741 739 8
a 742 436 4
a 742 630 2
a 743 121 2
a 743 430 10
a 744 169 5
a 744 627 2
a 744 820 6
a 745 720 10
a 745 870 2
a 746 233 6
a 746 698 5
a 747 121 8
a 747 287 7
a 747 698 9
a 747 711 3
a 748 611 9
a 749 303 2
a 749 557 8
a 750 232 2
a 750 707 1
a 750 811 3
a 751 383 3
a 752 294 2
a 752 581 6
a 753 55 9
a 753 636 9
a 754 542 2
a 754 592 3
a 754 639 7
a 755 38 2
a 755 95 9
a 756 231 9
a 756 834 8
a 756 889 4
a 757 254 1
a 758 716 2
a 758 779 1
a 759 331 10
a 759 345 9
a 760 155 4
a 761 216 8
a 761 401 1
a 762 17 4
a 763 784 5
a 763 868 9
a 764 432 10
a 765 133 6
a 765 724 9
a 765 737 1
a 766 312 1
a 766 319 2
a 766 744 4
a 767 67 10
a 768 420 1
a 768 795 6
a 769 450 4
a 770 267 7
a 770 570 3
a 770 752 6
a 771 342 8
a 771 876 10
a 772 385 10
a 772 441 6
a 772 645 2
a 772 664 6
a 773 692 4
a 773 833 5
a 774 162 1
a 774 241 1
a 774 819 8
a 774 820 4
a 775 895 6
a 776 457 4
a 777 880 5
a 778 689 7
a 779 81 2
a 779 174 1
a 779 289 5
a 780 155 3
a 780 252 7
a 780 485 2
a 780 507 8
a 781 354 7
a 782 264 4
a 782 300 3
a 782 544 5
a 783 41 7
a 784 31 1
a 784 227 4
a 785 3 2
a 785 557 8
a 786 49 4
a 786 569 1
a 787 632 6
a 788 841 5
a 789 261 5
a 789 335 1
a 790 341 5
a 791 234 1
a 791 246 5
a 791 669 8
a 792 823 3
a 793 255 3
a 793 337 5
a 794 316 6
a 794 445 1
a 794 584 3
a 795 151 9
a 795 554 1
a 796 642 6
a 796 719 4
a 796 737 5
a 797 16 10
a 797 52 7
a 797 671 6
a 797 708 5
a 798 193 7
a 799 399 3
a 800 751 3
a 800 798 3
a 801 182 9
a 802 389 3
a 803 543 5
a 803 783 4
a 803 825 5
a 804 575 5
a 804 594 1
a 805 470 1
a 805 486 4
a 805 590 1
a 806 232 2
a 807 581 9
a 807 865 2
a 808 168 2
a 808 305 10
a 809 520 1
a 809 699 10
a 809 703 1
a 810 768 6
a 811 281 7
a 812 167 8
a 812 348 7
a 812 367 6
a 813 588 9
a 813 870 2
a 814 128 9
a 814 879 1
a 815 179 6
a 815 318 3
a 815 900 1
a 816 22 2
a 817 183 2
a 817 259 1
a 817 813 4
a 817 873 7
a 818 124 2
a 818 146 8
a 818 194 2
a 818 198 5
a 818 615 10
a 819 899 8
a 820 308 9
a 820 347 8
a 821 456 5
a 821 676 9
a 821 763 10
a 822 56 9
a 822 436 7
a 822 559 4
a 823 524 8
a 824 12 6
a 824 397 8
a 824 424 9
a 824 749 2
a 825 314 3
a 826 4 8
a 826 814 4
a 827 315 4
a 827 492 1
a 828 271 8
a 828 859 6
a 829 581 7
a 830 220 8
a 831 449 7
a 832 54 3
a 832 296 1
a 833 251 1
a 833 478 7
a 834 130 8
a 834 812 6
a 835 578 9
a 835 797 8
a 836 868 1
a 837 662 10
a 838 145 9
a 838 640 4
a 839 532 4
a 839 728 3
a 839 827 4
a 839 836 9
a 840 180 3
a 840 480 6
a 841 292 8
a 842 205 3
a 842 602 2
a 843 311 7
a 843 703 7
a 844 246 1
a 844 387 6
a 844 740 9
a 845 102 6
a 845 144 7
a 846 720 4
a 846 721 8
a 847 212 3
a 847 245 7
a 847 274 6
a 847 400 4
a 847 416 6
a 848 78 7
a 848 362 3
a 849 793 8
a 849 894 3
a 850 531 5
a 850 658 6
a 850 796 10
a 851 533 6
a 851 733 3
a 851 881 4
a 852 170 8
a 852 501 5
a 853 260 9
a 853 887 9
a 854 63 5
a 854 569 4
a 854 844 9
a 855 52 3
a 855 338 7
a 855 556 6
a 856 10 1
a 856 242 9
a 856 864 4
a 857 408 10
a 858 395 8
a 859 853 4
a 859 860 10
a 860 852 7
a 861 240 1
a 861 776 5
a 862 91 2
a 862 230 4
a 862 337 10
a 863 87 7
a 864 166 5
a 864 555 2
a 865 154 9
a 865 498 5
a 866 45 7
a 866 443 9
a 866 518 8
a 867 656 8
a 868 396 1
a 868 659 7
a 868 785 9
a 868 799 3
a 869 202 3
a 869 368 8
a 870 402 5
a 870 417 3
a 870 680 2
a 870 696 5
a 870 734 6
a 871 24 5
a 871 295 10
a 871 622 6
a 871 746 5
a 872 87 3
a 872 234 6
a 873 100 7
a 873 357 10
a 873 638 5
a 874 297 3
a 874 807 5
a 875 61 4
a 875 130 7
a 876 245 10
a 876 838 6
a 877 742 10
a 877 766 2
a 878 208 8
a 879 430 10
a 879 812 5
a 879 834 6
a 880 88 10
a 880 324 7
a 880 464 6
a 880 629 8
a 881 192 5
a 881 572 3
a 882 748 2
a 882 760 2
a 883 84 2
a 883 840 10
a 884 148 8
a 884 540 8
a 885 410 3
a 885 498 5
a 886 37 4
a 886 446 8
a 887 130 5
a 887 791 4
a 888 537 9
a 888 858 2
a 889 243 1
a 889 692 8
a 890 239 7
a 890 385 3
a 890 411 6
a 890 652 2
a 891 649 2
a 892 12 9
a 892 477 10
a 893 195 6
a 893 324 5
a 893 332 9
a 893 358 2
a 893 665 7
a 894 528 2
a 894 897 8
a 895 427 7
a 895 542 4
a 896 89 7
a 896 504 3
a 897 217 10
a 897 770 2
a 898 276 6
a 898 379 10
a 899 525 2
