p max 900 1800
n 1 s
n 900 t
a 1 614 2
a 1 707 3
a 2 119 2
a 2 540 5
a 3 388 10
a 4 749 7
a 5 58 2
a 5 64 6
a 5 467 10
a 5 865 4
a 6 105 1
a 6 874 3
a 7 848 5
a 8 31 4
a 9 19 2
a 9 130 9
a 9 756 8
a 9 897 1
a 10 111 4
a 11 503 3
a 11 772 5
a 12 589 6
a 12 672 3
a 13 146 7
a 14 177 6
a 14 394 8
a 14 454 6
a 15 259 3
a 15 843 7
a 16 6 4
a 16 659 3
a 17 535 3
a 17 611 8
a 17 868 7
a 18 620 7
a 19 344 3
a 20 182 5
a 20 525 6
a 21 260 7
a 21 723 6
a 22 54 4
a 23 14 2
a 23 334 3
a 23 465 2
a 24 318 6
a 25 40 10
a 25 605 5
a 25 705 8
a 26 828 1
a 27 10 9
a 27 226 4
a 27 593 6
a 28 142 10
a 28 149 9
a 28 350 7
a 28 478 5
a 28 498 2
a 29 2 1
a 29 393 9
a 30 617 4
a 30 899 8
a 31 651 3
a 32 362 9
a 33 510 10
a 33 713 9
a 34 269 2
a 34 369 8
a 34 400 9
a 35 582 9
a 35 652 4
a 36 154 4
a 36 837 8
a 37 450 6
a 38 398 3
a 38 507 1
a 38 697 1
a 39 155 4
a 40 212 10
a 41 265 7
a 41 785 7
a 42 494 4
a 43 9 2
a 43 290 7
a 44 189 2
a 44 556 1
a 45 622 3
a 45 747 5
a 46 104 7
a 46 222 5
a 47 223 8
a 48 278 3
a 48 715 2
a 48 741 6
a 49 102 3
a 49 157 7
a 49 480 9
a 49 886 7
a 50 514 1
a 50 519 2
a 50 638 10
a 51 690 7
a 52 590 7
a 52 729 6
a 52 773 7
a 53 13 2
a 53 81 10
a 54 481 1
a 55 2 5
a 55 893 9
a 56 255 1
a 57 120 3
a 57 585 1
a 57 625 2
a 58 443 2
a 59 625 1
a 60 459 1
a 60 683 2
a 61 114 5
a 61 136 3
a 61 203 4
a 61 770 9
a 62 29 5
a 62 264 1
a 63 98 5
a 63 123 6
a 63 493 6
a 63 532 1
a 63 735 9
a 64 455 8
a 65 623 8
a 65 679 10
a 66 443 9
a 66 841 10
a 67 724 1
a 68 200 7
a 68 298 4
a 69 76 3
a 69 680 9
a 70 300 2
a 70 788 4
a 70 897 6
a 71 150 6
a 71 598 2
a 72 28 3
a 73 860 2
a 74 765 3
a 75 278 8
a 75 336 1
a 75 358 9
a 76 16 1
a 76 782 1
a 77 437 10
a 77 648 5
a 78 512 10
a 78 854 4
a 79 68 3
a 79 541 4
a 80 300 1
a 80 527 6
a 81 598 9
a 82 296 1
a 83 497 4
a 83 782 4
a 84 229 6
a 84 501 7
a 85 221 1
a 85 440 2
a 85 713 9
a 86 320 9
a 86 357 8
a 86 669 2
a 87 428 8
a 87 652 4
a 88 835 7
a 89 314 9
a 90 480 10
a 90 878 6
a 91 348 9
a 91 377 8
a 91 525 3
a 92 240 5
a 92 356 1
a 92 749 5
a 93 120 9
a 94 202 4
a 94 570 4
a 95 103 9
a 95 470 7
a 96 57 4
a 97 54 10
a 97 246 8
a 98 441 4
a 98 680 7
a 99 188 1
a 100 412 7
a 100 590 7
a 101 604 10
a 101 843 3
a 102 309 8
a 102 401 5
a 103 325 1
a 103 531 2
a 104 224 3
a 104 299 4
a 104 366 6
a 104 736 3
a 105 501 3
a 105 556 9
a 106 38 8
a 106 201 2
a 106 613 6
a 107 574 6
a 107 755 7
a 108 899 4
a 109 272 4
a 109 396 3
a 110 783 7
a 111 77 2
a 111 106 10
a 111 823 3
a 112 429 10
a 112 455 7
a 113 399 2
a 113 551 6
a 113 691 10
a 114 365 5
a 114 509 10
a 115 162 9
a 115 179 3
a 115 271 3
a 115 659 10
a 115 782 6
a 116 435 4
a 117 40 10
a 117 155 10
a 117 518 4
a 117 686 10
a 117 802 2
a 118 266 2
a 118 552 9
a 118 884 4
a 119 709 10
a 119 743 10
a 120 544 1
a 120 613 1
a 121 494 9
a 122 177 7
a 122 690 9
a 123 713 3
a 123 894 5
a 124 492 7
a 124 888 1
a 125 38 3
a 125 170 1
a 125 562 8
a 125 679 1
a 126 805 10
a 127 145 10
a 128 450 1
a 128 842 3
a 129 405 3
a 129 709 5
a 130 641 4
a 131 321 4
a 131 421 4
a 131 671 7
a 132 447 10
a 133 121 9
a 133 197 5
a 133 701 8
a 133 744 4
a 134 476 5
a 134 544 10
a 135 617 7
a 136 515 6
a 137 406 7
a 137 548 8
a 138 113 3
a 139 151 7
a 139 543 9
a 139 737 7
a 139 741 2
a 140 153 5
a 140 347 5
a 140 502 2
a 141 318 6
a 141 383 10
a 142 198 8
a 142 241 8
a 143 621 2
a 143 632 6
a 144 171 5
a 144 191 2
a 144 596 9
a 144 875 7
a 145 152 6
a 145 628 4
a 145 675 2
a 145 881 6
a 146 307 3
a 146 346 8
a 147 263 7
a 147 446 5
a 148 172 4
a 149 85 8
a 149 541 5
a 149 726 1
a 150 64 7
a 150 261 4
a 151 564 10
a 151 871 2
a 152 69 6
a 152 286 6
a 153 334 4
a 154 352 9
a 154 461 3
a 154 490 3
a 155 219 9
a 156 149 4
a 156 619 6
a 157 210 10
a 158 145 10
a 158 458 2
a 158 774 8
a 159 248 10
a 159 650 3
a 160 196 6
a 160 718 7
a 161 375 6
a 161 477 4
a 162 276 4
a 162 637 2
a 163 168 1
a 163 209 4
a 164 118 5
a 164 236 7
a 164 286 2
a 165 841 9
a 166 326 6
a 166 808 5
a 167 90 8
a 167 739 4
a 168 504 8
a 168 720 1
a 169 130 3
a 169 173 9
a 170 300 3
a 170 666 7
a 170 758 3
a 171 91 3
a 171 692 4
a 172 160 2
a 173 334 1
a 173 533 9
a 173 764 7
a 174 645 4
a 174 875 4
a 175 114 1
a 175 592 3
a 176 579 6
a 177 773 6
a 178 242 2
a 179 195 10
a 180 264 1
a 181 896 3
a 182 631 8
a 182 833 4
a 183 322 7
a 183 391 6
a 183 430 7
a 184 69 7
a 184 198 5
a 184 335 1
a 184 840 5
a 185 151 5
a 186 419 10
a 186 897 5
a 187 691 3
a 187 829 8
a 187 835 10
a 188 717 1
a 189 294 6
a 189 396 4
a 189 550 1
a 189 687 6
a 190 265 9
a 190 697 3
a 190 833 1
a 191 151 3
a 191 315 10
a 191 456 1
a 191 885 5
a 192 11 9
a 192 610 1
a 193 227 9
a 194 143 8
a 194 621 6
a 195 477 7
a 195 489 8
a 195 763 4
a 196 87 6
a 196 181 7
a 196 444 6
a 196 609 8
a 196 646 2
a 196 741 3
a 197 865 3
a 198 231 6
a 199 30 6
a 199 364 9
a 200 42 8
a 200 598 8
a 201 725 6
a 202 145 7
a 203 50 2
a 203 438 5
a 203 600 4
a 204 525 10
a 204 559 9
a 204 800 6
a 205 640 2
a 205 745 10
a 206 718 7
a 207 143 1
a 207 581 5
a 208 632 1
a 209 220 1
a 209 837 8
a 210 89 7
a 211 650 9
a 211 834 7
a 212 816 5
a 213 216 1
a 213 290 10
a 213 539 7
a 213 583 8
a 213 677 6
a 214 36 9
a 214 60 6
a 214 249 8
a 214 460 7
a 214 526 6
a 214 855 8
a 215 641 3
a 216 390 3
a 216 557 3
a 216 616 5
a 217 812 1
a 218 32 10
a 218 365 9
a 219 150 4
a 219 749 4
a 220 554 4
a 220 748 1
a 221 148 6
a 221 175 8
a 221 864 2
a 222 795 4
a 223 447 9
a 223 726 10
a 223 791 2
a 224 50 9
a 225 523 3
a 225 824 3
a 226 99 8
a 226 246 4
a 227 11 3
a 227 257 4
a 227 658 1
a 227 784 1
a 228 270 5
a 228 746 2
a 229 95 4
a 229 567 7
a 229 657 5
a 230 10 3
a 230 497 10
a 230 555 1
a 231 597 10
a 232 165 5
a 232 463 1
a 233 289 10
a 233 449 3
a 233 872 9
a 234 673 2
a 235 612 9
a 236 157 9
a 236 274 2
a 236 376 3
a 236 580 5
a 237 20 8
a 237 192 1
a 238 423 2
a 239 669 6
a 239 881 6
a 240 311 8
a 240 552 5
a 241 283 8
a 241 658 7
a 242 60 5
a 243 10 4
a 243 634 6
a 244 360 7
a 244 692 10
a 245 174 3
a 246 166 2
a 247 313 6
a 247 381 4
a 248 284 4
a 248 326 7
a 248 375 3
a 248 676 9
a 249 163 1
a 249 554 5
a 249 796 9
a 250 767 6
a 251 385 10
a 251 775 5
a 252 78 7
a 252 180 7
a 252 344 3
a 253 72 4
a 253 790 2
a 254 137 8
a 255 305 2
a 255 337 3
a 255 480 7
a 256 262 10
a 256 395 1
a 257 52 6
a 257 70 8
a 258 486 1
a 258 887 5
a 259 280 10
a 259 296 4
a 259 820 8
a 260 379 2
a 261 479 9
a 262 852 5
a 263 636 1
a 264 93 2
a 264 310 5
a 264 488 7
a 264 594 7
a 265 545 3
a 266 464 3
a 266 569 10
a 267 637 1
a 267 755 8
a 268 42 9
a 269 218 10
a 269 392 4
a 270 345 7
a 270 380 8
a 270 524 7
a 271 155 1
a 271 202 3
a 271 267 9
a 272 333 5
a 272 606 9
a 273 180 8
a 273 710 2
a 274 98 9
a 274 624 6
a 274 722 2
a 275 21 4
a 276 27 7
a 276 279 9
a 277 32 7
a 278 45 6
a 278 485 3
a 278 662 3
a 279 873 8
a 280 355 9
a 280 886 1
a 281 759 5
a 282 97 3
a 282 587 7
a 283 166 2
a 284 329 1
a 284 816 1
a 285 61 2
a 285 338 10
a 285 370 7
a 285 443 8
a 286 445 6
a 286 538 6
a 287 306 8
a 288 7 5
a 288 385 10
a 289 431 5
a 290 600 6
a 291 636 6
a 291 644 3
a 291 812 8
a 292 25 7
a 292 567 3
a 293 165 10
a 293 354 7
a 293 849 7
a 294 106 2
a 294 230 1
a 294 568 6
a 294 791 2
a 295 299 2
a 295 887 5
a 296 352 7
a 296 761 7
a 297 353 4
a 297 426 1
a 298 705 7
a 298 827 2
a 299 133 7
a 299 857 1
a 299 861 4
a 300 281 7
a 300 415 5
a 300 716 10
a 301 108 9
a 301 583 4
a 301 673 1
a 302 13 3
a 302 287 3
a 303 22 4
a 303 710 8
a 303 809 7
a 304 418 2
a 304 501 3
a 305 603 6
a 305 648 5
a 306 94 6
a 306 831 9
a 307 73 4
a 307 433 4
a 307 537 2
a 308 152 2
a 309 784 9
a 310 305 6
a 311 521 10
a 311 806 4
a 312 36 1
a 312 67 6
a 313 378 1
a 313 793 10
a 314 116 7
a 314 131 1
a 314 319 1
a 314 565 5
a 315 12 4
a 315 229 4
a 316 141 2
a 316 281 8
a 316 470 4
a 317 128 1
a 318 147 3
a 318 199 1
a 318 329 6
a 318 559 5
a 318 763 9
a 319 374 4
a 319 607 7
a 320 234 1
a 320 389 2
a 321 61 1
a 321 892 5
a 322 328 5
a 322 473 1
a 323 326 4
a 324 549 1
a 325 133 7
a 325 719 9
a 326 722 1
a 326 731 5
a 327 676 8
a 327 694 4
a 328 671 5
a 328 723 4
a 329 43 3
a 329 89 4
a 329 92 9
a 329 469 3
a 330 375 9
a 331 567 6
a 332 207 4
a 332 663 2
a 332 819 7
a 333 51 8
a 334 340 1
a 335 489 4
a 336 627 6
a 337 411 2
a 338 447 9
a 339 693 4
a 339 805 4
a 339 874 7
a 339 899 6
a 340 599 6
a 341 270 2
a 342 584 4
a 342 791 4
a 342 832 5
a 343 126 7
a 343 402 5
a 343 481 5
a 343 633 3
a 344 576 4
a 345 255 5
a 345 637 3
a 346 695 2
a 347 826 6
a 348 134 4
a 348 488 6
a 348 850 1
a 349 708 1
a 350 319 7
a 351 793 9
a 351 857 6
a 352 413 8
a 352 586 4
a 353 622 7
a 353 880 3
a 354 432 8
a 354 549 6
a 355 230 9
a 355 356 5
a 356 155 2
a 356 401 5
a 356 578 4
a 357 351 7
a 357 565 9
a 357 880 7
a 358 525 5
a 359 587 9
a 360 722 6
a 361 69 10
a 361 516 7
a 362 458 6
a 362 472 7
a 362 694 2
a 363 521 6
a 364 558 10
a 365 566 10
a 366 86 10
a 366 291 10
a 367 250 1
a 368 203 9
a 368 543 8
a 369 619 1
a 370 327 3
a 371 762 1
a 372 125 5
a 373 891 4
a 374 447 1
a 374 733 1
a 374 769 10
a 374 900 10
a 375 872 1
a 375 876 7
a 376 211 5
a 376 796 9
a 377 206 8
a 378 178 7
a 378 516 10
a 379 12 8
a 379 708 4
a 380 199 5
a 380 884 5
a 381 581 8
a 382 859 3
a 383 694 6
a 384 125 9
a 384 127 7
a 385 235 9
a 386 15 7
a 386 719 6
a 387 475 6
a 387 658 3
a 388 679 1
a 389 763 4
a 390 110 3
a 390 345 2
a 390 794 4
a 391 71 6
a 391 579 5
a 392 185 5
a 392 845 6
a 393 70 2
a 393 814 1
a 394 320 1
a 394 513 5
a 394 644 6
a 395 402 7
a 395 651 9
a 396 2 6
a 396 632 4
a 396 862 4
a 397 776 10
a 398 213 3
a 398 242 9
a 398 275 10
a 398 536 4
a 398 563 2
a 398 798 1
a 399 95 9
a 399 860 6
a 400 585 5
a 401 195 9
a 401 851 2
a 402 307 4
a 402 716 2
a 403 94 3
a 403 233 4
a 404 294 5
a 404 334 7
a 404 511 8
a 405 183 1
a 405 900 6
a 406 109 5
a 406 689 4
a 407 206 10
a 408 53 1
a 408 295 1
a 409 690 4
a 409 777 8
a 410 107 10
a 410 197 6
a 411 392 5
a 411 709 7
a 412 149 7
a 412 854 6
a 413 340 2
a 413 468 1
a 413 795 5
a 414 244 10
a 414 639 6
a 415 818 7
a 416 4 7
a 416 778 5
a 416 823 1
a 417 421 3
a 417 634 7
a 418 7 2
a 418 475 4
a 418 505 6
a 419 82 2
a 419 693 9
a 420 66 6
a 420 284 8
a 420 821 10
a 421 745 1
a 422 55 4
a 422 471 9
a 423 466 6
a 424 101 9
a 424 172 10
a 424 499 6
a 425 204 6
a 425 570 6
a 426 250 3
a 426 340 8
a 427 210 9
a 427 564 1
a 427 870 2
a 428 567 10
a 428 630 6
a 429 652 2
a 429 708 5
a 430 222 8
a 430 866 5
a 431 545 9
a 431 792 5
a 432 709 4
a 433 436 10
a 433 577 2
a 434 506 8
a 434 658 6
a 435 893 2
a 436 34 5
a 436 281 10
a 437 63 5
a 438 672 8
a 439 87 3
a 439 724 8
a 440 99 4
a 441 315 9
a 441 712 3
a 442 843 4
a 443 213 2
a 443 237 4
a 443 382 5
a 444 341 7
a 444 679 7
a 445 79 2
a 445 842 5
a 446 421 6
a 447 509 6
a 447 608 2
a 448 144 1
a 448 535 4
a 449 41 8
a 449 212 2
a 449 397 3
a 449 717 1
a 450 227 5
a 451 503 2
a 451 714 6
a 452 786 5
a 453 210 5
a 453 483 1
a 454 522 5
a 454 589 2
a 455 105 7
a 455 298 10
a 455 395 7
a 456 158 9
a 456 453 5
a 457 57 9
a 458 406 8
a 459 138 8
a 459 780 5
a 459 883 10
a 460 138 5
a 461 577 9
a 461 666 2
a 462 488 9
a 462 594 6
a 463 65 4
a 463 604 8
a 464 354 6
a 465 268 8
a 466 481 10
a 466 696 5
a 466 862 8
a 467 21 8
a 468 512 9
a 468 595 1
a 469 315 2
a 469 875 5
a 470 121 9
a 471 102 1
a 471 485 3
a 471 527 9
a 472 269 1
a 473 403 3
a 473 806 2
a 473 807 6
a 473 816 1
a 474 84 1
a 474 484 7
a 474 698 4
a 475 61 4
a 475 200 2
a 476 144 9
a 476 818 1
a 477 799 7
a 477 884 9
a 478 288 9
a 478 596 7
a 478 688 3
a 479 774 3
a 480 615 7
a 480 744 6
a 481 26 2
a 482 787 7
a 483 360 6
a 483 423 6
a 484 388 4
a 485 287 7
a 485 312 1
a 486 710 5
a 487 261 4
a 487 414 3
a 487 529 3
a 488 247 5
a 488 820 6
a 489 725 7
a 490 520 10
a 490 611 7
a 490 725 1
a 491 159 8
a 491 427 4
a 491 849 2
a 492 439 9
a 493 442 10
a 493 466 8
a 493 507 8
a 493 553 9
a 494 139 3
a 494 408 7
a 494 882 3
a 495 44 9
a 495 316 2
a 496 875 7
a 497 554 7
a 498 672 10
a 498 711 5
a 499 300 7
a 500 439 9
a 500 544 4
a 501 101 8
a 501 124 10
a 501 528 2
a 502 227 7
a 502 327 5
a 503 550 8
a 503 654 7
a 504 28 6
a 504 207 9
a 504 220 1
a 504 323 5
a 504 472 7
a 505 353 3
a 505 387 4
a 505 804 2
a 506 100 6
a 506 796 3
a 507 52 6
a 507 159 9
a 507 208 1
a 507 551 2
a 508 311 4
a 509 555 10
a 510 43 7
a 510 528 4
a 511 332 2
a 511 507 3
a 511 786 9
a 512 277 5
a 512 602 4
a 513 57 3
a 513 146 10
a 513 583 2
a 513 852 5
a 514 302 6
a 514 308 5
a 514 571 8
a 514 731 7
a 515 494 5
a 515 601 8
a 516 182 2
a 517 50 4
a 517 137 6
a 518 63 10
a 519 12 10
a 519 222 1
a 519 285 10
a 519 317 1
a 520 261 9
a 520 563 1
a 520 643 8
a 521 180 4
a 522 294 10
a 522 857 5
a 523 822 6
a 523 896 8
a 524 66 5
a 525 242 5
a 526 194 4
a 526 379 9
a 526 740 4
a 526 900 8
a 527 339 9
a 527 580 10
a 528 422 3
a 528 723 4
a 529 789 10
a 530 235 6
a 530 545 8
a 530 721 6
a 531 830 9
a 532 90 5
a 533 835 8
a 534 135 3
a 534 233 7
a 535 94 4
a 535 704 7
a 536 359 7
a 536 867 6
a 537 361 9
a 537 618 3
a 538 433 3
a 539 88 6
a 539 519 5
a 539 798 4
a 540 401 9
a 541 32 4
a 541 746 9
a 542 369 1
a 543 588 9
a 543 593 3
a 544 5 8
a 544 426 2
a 544 732 9
a 545 111 3
a 545 461 7
a 546 106 5
a 546 690 9
a 547 217 8
a 548 818 4
a 548 839 4
a 549 23 4
a 549 213 10
a 550 893 3
a 551 407 1
a 551 560 8
a 552 306 10
a 552 313 9
a 553 462 3
a 554 564 9
a 554 604 5
a 555 371 7
a 555 402 6
a 556 441 5
a 556 767 6
a 556 845 10
a 557 432 10
a 558 425 6
a 558 776 6
a 559 109 7
a 559 246 6
a 559 395 1
a 560 56 9
a 560 217 6
a 560 494 10
a 560 691 1
a 560 771 10
a 561 267 1
a 561 734 10
a 562 333 9
a 562 709 5
a 563 214 6
a 563 639 2
a 563 781 9
a 564 292 3
a 564 304 10
a 564 410 7
a 564 538 6
a 564 642 6
a 565 279 2
a 566 895 10
a 567 35 8
a 567 357 3
a 568 232 3
a 568 757 4
a 569 29 5
a 570 506 5
a 570 692 8
a 571 158 1
a 572 73 1
a 572 251 1
a 572 615 10
a 572 685 5
a 573 186 7
a 574 575 1
a 574 855 4
a 575 282 4
a 575 630 3
a 576 823 3
a 577 126 10
a 577 515 4
a 578 838 7
a 578 869 7
a 579 206 10
a 579 887 10
a 580 253 5
a 580 612 10
a 580 742 1
a 581 818 8
a 582 8 3
a 582 108 4
a 583 486 4
a 583 522 6
a 583 635 6
a 584 85 3
a 584 492 1
a 584 889 9
a 585 388 1
a 585 600 3
a 586 470 10
a 587 420 4
a 588 819 3
a 589 305 9
a 589 835 5
a 590 185 7
a 590 457 6
a 591 528 1
a 592 532 10
a 593 195 8
a 594 314 4
a 594 757 5
a 595 259 7
a 595 287 6
a 596 249 2
a 596 304 1
a 596 573 10
a 597 734 6
a 598 450 5
a 599 834 4
a 600 325 7
a 600 673 6
a 601 460 5
a 601 482 7
a 602 587 2
a 603 252 3
a 603 753 10
a 604 670 8
a 605 2 7
a 605 192 10
a 605 441 1
a 606 237 2
a 607 653 1
a 608 354 9
a 609 162 2
a 610 93 8
a 610 98 1
a 611 603 7
a 612 878 1
a 613 342 9
a 613 431 5
a 613 842 5
a 614 118 9
a 614 681 8
a 614 710 7
a 614 817 4
a 615 776 6
a 616 293 10
a 616 464 3
a 616 701 6
a 617 21 1
a 617 442 6
a 618 33 1
a 618 68 9
a 618 277 9
a 618 664 8
a 619 333 5
a 620 106 3
a 620 863 4
a 621 39 1
a 621 614 7
a 622 438 7
a 623 160 6
a 623 293 9
a 623 356 2
a 623 561 9
a 624 50 6
a 624 59 6
a 624 339 8
a 625 173 7
a 625 566 9
a 626 171 4
a 626 205 8
a 627 44 3
a 627 239 6
a 628 26 10
a 628 175 4
a 629 479 6
a 629 641 7
a 629 820 2
a 630 140 4
a 630 151 5
a 630 374 5
a 630 597 7
a 631 757 9
a 632 826 5
a 633 322 3
a 634 325 7
a 634 583 3
a 634 670 3
a 635 618 1
a 635 897 5
a 636 190 5
a 636 469 7
a 636 599 10
a 636 656 8
a 637 48 9
a 637 603 5
a 638 484 1
a 638 677 7
a 639 110 4
a 639 187 6
a 639 803 7
a 640 404 8
a 640 554 8
a 641 41 4
a 641 481 8
a 641 655 3
a 642 623 3
a 643 251 6
a 644 435 5
a 644 638 10
a 645 435 2
a 645 748 4
a 646 169 8
a 646 530 1
a 646 649 1
a 647 290 8
a 648 366 2
a 649 132 10
a 650 144 9
a 650 226 2
a 650 801 8
a 651 156 8
a 651 444 2
a 652 80 6
a 652 215 9
a 652 675 7
a 653 82 6
a 653 752 8
a 654 638 5
a 654 762 1
a 655 734 5
a 656 727 4
a 656 750 4
a 657 26 4
a 657 411 2
a 657 452 4
a 658 335 5
a 659 154 7
a 659 425 4
a 659 859 2
a 660 119 4
a 660 199 8
a 660 640 3
a 660 768 7
a 661 413 5
a 661 526 8
a 662 90 8
a 662 259 10
a 662 508 1
a 662 766 4
a 663 122 6
a 663 430 1
a 663 714 4
a 664 24 2
a 664 317 5
a 664 451 6
a 665 43 1
a 665 45 3
a 665 74 7
a 665 515 5
a 666 120 2
a 667 3 9
a 667 461 4
a 667 847 1
a 668 184 8
a 668 711 5
a 668 797 7
a 669 205 9
a 669 897 2
a 670 668 9
a 671 271 2
a 671 844 5
a 672 57 4
a 673 760 8
a 674 166 8
a 674 856 4
a 675 855 1
a 676 273 1
a 676 432 8
a 677 62 4
a 677 414 6
a 678 693 5
a 678 813 1
a 679 75 7
a 679 245 7
a 679 809 4
a 680 268 2
a 681 322 10
a 682 220 10
a 683 96 1
a 683 608 3
a 683 682 1
a 684 465 1
a 685 439 9
a 686 158 6
a 686 353 4
a 686 759 7
a 687 432 10
a 688 256 7
a 689 103 1
a 689 606 6
a 690 228 7
a 690 420 1
a 691 328 10
a 691 378 1
a 692 453 6
a 693 301 9
a 693 885 4
a 694 49 4
a 694 595 10
a 694 751 6
a 695 117 2
a 695 483 5
a 695 828 7
a 696 664 7
a 696 890 4
a 697 779 6
a 698 452 4
a 698 547 6
a 698 797 5
a 698 804 10
a 698 848 6
a 699 779 2
a 700 424 5
a 700 598 7
a 700 853 9
a 701 168 9
a 701 754 3
a 702 758 2
a 702 841 3
a 703 373 7
a 703 496 2
a 703 668 1
a 703 753 10
a 704 262 6
a 705 112 8
a 705 214 2
a 706 678 4
a 707 783 9
a 707 830 3
a 708 548 2
a 708 674 4
a 709 238 4
a 709 616 10
a 710 282 6
a 710 660 7
a 710 721 8
a 711 473 6
a 712 7 5
a 712 26 1
a 712 349 1
a 713 279 7
a 713 510 7
a 714 368 3
a 714 815 5
a 715 847 8
a 716 132 10
a 716 512 9
a 717 572 6
a 717 762 10
a 718 482 2
a 718 846 6
a 719 337 8
a 719 369 1
a 719 434 2
a 720 8 1
a 721 122 8
a 721 474 8
a 722 303 7
a 722 344 8
a 722 542 7
a 722 877 8
a 723 316 7
a 724 135 9
a 724 595 9
a 724 612 10
a 724 896 10
a 725 151 9
a 725 588 10
a 725 779 7
a 726 110 7
a 726 165 2
a 727 254 2
a 727 318 1
a 728 153 2
a 728 546 4
a 728 595 4
a 729 720 1
a 729 727 2
a 729 733 1
a 730 18 9
a 730 48 8
a 730 232 9
a 730 245 4
a 730 362 1
a 731 348 1
a 732 268 5
a 732 641 10
a 733 168 6
a 734 69 3
a 734 268 1
a 735 194 2
a 736 75 10
a 736 728 2
a 737 872 3
a 738 387 8
a 739 63 10
a 739 136 4
a 739 653 4
a 739 684 4
a 740 662 9
a 741 880 1
a 742 72 5
a 742 115 6
a 742 241 1
a 743 511 5
a 744 448 8
a 744 471 7
a 745 224 2
a 746 331 4
a 747 295 6
a 747 409 7
a 748 620 1
a 749 413 10
a 750 470 9
a 750 620 6
a 751 551 4
a 751 629 10
a 752 552 1
a 752 576 5
a 753 726 3
a 754 146 2
a 754 879 8
a 755 565 9
a 756 185 5
a 756 212 10
a 756 317 3
a 757 280 4
a 757 386 1
a 757 730 4
a 758 325 4
a 758 327 7
a 758 549 5
a 759 230 2
a 759 744 3
a 759 787 6
a 759 834 2
a 760 223 10
a 760 239 8
a 760 702 8
a 760 755 8
a 761 39 3
a 761 243 10
a 761 826 7
a 762 45 1
a 763 709 8
a 764 456 3
a 765 496 4
a 766 256 6
a 766 282 2
a 767 225 9
a 767 367 8
a 767 721 10
a 768 242 7
a 769 83 1
a 769 421 3
a 769 500 1
a 770 223 4
a 771 251 4
a 771 255 4
a 772 148 4
a 773 880 9
a 774 19 1
a 775 279 4
a 775 534 8
a 776 196 3
a 777 125 8
a 777 383 8
a 777 393 2
a 778 694 4
a 779 285 6
a 780 205 1
a 780 219 4
a 781 343 10
a 781 646 9
a 782 508 3
a 783 520 1
a 783 558 7
a 784 384 7
a 784 624 4
a 784 700 6
a 785 114 8
a 785 364 9
a 786 417 5
a 786 453 4
a 786 757 6
a 787 898 5
a 788 198 1
a 788 423 7
a 789 112 7
a 789 761 4
a 790 52 10
a 791 37 4
a 791 661 5
a 791 858 2
a 792 462 2
a 792 892 2
a 793 51 3
a 793 156 1
a 793 652 5
a 794 34 1
a 794 450 2
a 794 507 7
a 794 882 3
a 795 138 10
a 795 459 5
a 796 269 9
a 796 661 1
a 797 26 2
a 797 509 9
a 797 765 6
a 798 565 5
a 799 26 10
a 799 739 10
a 800 667 9
a 800 703 10
a 801 165 7
a 802 843 6
a 803 31 10
a 803 488 7
a 803 695 4
a 803 738 1
a 804 197 7
a 804 297 3
a 805 276 2
a 805 363 3
a 805 449 9
a 806 184 7
a 806 699 5
a 807 195 5
a 807 471 4
a 808 289 3
a 809 647 6
a 809 785 4
a 810 63 5
a 810 713 7
a 811 188 6
a 811 372 6
a 811 896 7
a 812 17 3
a 812 214 2
a 812 743 5
a 812 898 7
a 813 405 10
a 813 795 2
a 814 164 4
a 814 492 9
a 815 341 2
a 815 782 1
a 816 755 2
a 817 324 6
a 817 819 2
a 818 401 1
a 818 659 2
a 818 665 7
a 819 459 5
a 820 231 2
a 820 567 6
a 821 29 8
a 821 523 10
a 821 793 4
a 822 649 1
a 823 665 7
a 824 330 8
a 825 409 1
a 825 627 8
a 825 787 4
a 826 127 10
a 826 129 8
a 826 491 5
a 826 895 1
a 827 560 4
a 827 771 4
a 828 86 1
a 828 858 6
a 829 357 8
a 829 812 4
a 830 103 6
a 831 89 5
a 832 698 3
a 832 740 6
a 832 873 10
a 833 248 1
a 834 174 8
a 834 645 5
a 835 525 3
a 836 330 10
a 836 687 5
a 837 39 1
a 837 482 2
a 837 689 6
a 837 810 9
a 838 540 7
a 838 674 5
a 839 852 2
a 840 402 8
a 840 517 2
a 841 389 10
a 841 529 9
a 841 753 1
a 841 766 8
a 842 714 2
a 842 789 4
a 842 837 6
a 843 459 5
a 844 311 7
a 844 867 2
a 845 143 3
a 846 47 8
a 846 416 8
a 846 420 7
a 846 585 3
a 846 636 8
a 847 169 5
a 847 285 1
a 848 389 5
a 849 557 5
a 850 64 2
a 850 689 8
a 851 862 10
a 852 120 7
a 852 149 9
a 852 186 2
a 852 838 1
a 853 534 2
a 854 597 4
a 854 811 2
a 855 634 4
a 855 825 8
a 856 97 8
a 856 513 2
a 857 278 4
a 858 3 3
a 859 437 3
a 859 626 10
a 860 46 4
a 860 670 9
a 861 595 2
a 861 830 7
a 862 232 4
a 863 461 1
a 864 14 6
a 864 116 8
a 864 282 10
a 864 448 1
a 865 99 2
a 866 886 5
a 867 161 6
a 867 390 8
a 868 193 6
a 868 429 8
a 868 738 7
a 869 167 4
a 869 214 3
a 869 331 3
a 869 591 2
a 869 632 3
a 870 830 5
a 870 836 10
a 871 196 7
a 871 676 1
a 872 815 9
a 873 583 6
a 874 263 7
a 874 406 10
a 875 36 2
a 876 760 1
a 876 773 9
a 876 884 4
a 877 652 10
a 878 69 9
a 879 128 3
a 879 478 5
a 879 491 8
a 879 628 8
a 880 132 6
a 880 678 5
a 881 877 10
a 882 188 6
a 882 258 3
a 883 331 1
a 884 691 6
a 884 706 2
a 885 466 4
a 886 508 3
a 886 703 3
a 887 307 4
a 888 102 7
a 889 184 5
a 890 71 8
a 890 648 1
a 891 131 6
a 891 176 2
a 891 502 2
a 892 618 10
a 893 113 10
a 893 137 7
a 893 487 7
a 894 495 4
a 894 680 6
a 895 573 10
a 896 209 1
a 896 845 10
a 897 117 4
a 897 815 9
a 897 856 9
a 897 891 1
a 898 306 9
a 898 391 9
a 899 739 4
