p max 900 1800
n 1 s
n 900 t
a 1 764 1
a 2 282 3
a 2 387 3
a 2 470 8
a 3 98 4
a 3 693 1
a 4 874 8
a 5 239 8
a 6 132 2
a 7 63 3
a 8 352 5
a 8 641 1
a 9 667 1
a 9 806 8
a 10 310 6
a 10 464 6
a 10 685 7
a 11 433 6
a 12 392 8
a 12 781 9
a 13 84 10
a 13 521 6
a 14 473 9
a 15 94 3
a 16 164 1
a 16 663 3
a 16 898 7
a 17 92 4
a 18 231 6
a 18 830 10
a 19 246 10
a 19 332 4
a 19 599 7
a 19 900 6
a 20 487 4
a 20 703 2
a 20 873 6
a 21 159 10
a 21 334 8
a 21 404 1
a 21 655 7
a 22 172 7
a 22 489 5
a 23 421 3
a 23 856 8
a 23 889 8
a 24 63 5
a 24 297 8
a 24 564 2
a 24 619 5
a 24 775 4
a 25 413 1
a 26 232 1
a 26 616 4
a 27 225 1
a 27 547 7
a 28 537 9
a 28 625 3
a 28 694 7
a 28 822 2
a 29 146 6
a 29 245 5
a 29 323 10
a 29 381 4
a 30 570 3
a 30 753 2
a 31 479 2
a 32 476 7
a 32 576 1
a 32 841 6
a 33 651 5
a 34 71 7
a 34 295 10
a 35 12 2
a 35 567 5
a 35 624 3
a 36 132 6
a 36 710 10
a 36 881 10
a 37 10 2
a 37 153 10
a 37 569 2
a 37 851 7
a 38 714 9
a 39 43 4
a 39 769 8
a 40 742 8
a 40 800 5
a 41 439 2
a 41 725 7
a 42 367 1
a 42 509 1
a 43 468 6
a 43 887 10
a 44 57 5
a 44 86 1
a 44 92 10
a 45 612 10
a 46 329 8
a 46 796 10
a 47 325 4
a 48 736 7
a 48 748 8
a 49 19 9
a 49 205 2
a 49 727 4
a 49 885 6
a 50 693 6
a 51 636 4
a 52 355 3
a 53 137 10
a 53 271 4
a 54 750 7
a 55 781 9
a 56 193 8
a 56 833 6
a 57 582 10
a 57 609 9
a 57 880 5
a 58 656 5
a 59 69 5
a 59 532 2
a 59 630 7
a 60 36 8
a 60 388 8
a 61 374 7
a 61 578 7
a 62 17 1
a 63 739 1
a 64 241 3
a 64 488 9
a 64 731 8
a 65 162 2
a 65 424 3
a 66 788 6
a 67 366 5
a 67 547 4
a 67 878 7
a 68 83 2
a 68 428 2
a 69 593 10
a 69 655 2
a 70 291 9
a 70 488 3
a 70 545 1
a 70 644 7
a 71 148 5
a 72 13 2
a 72 112 1
a 72 268 4
a 72 309 4
a 72 517 9
a 73 704 6
a 74 88 6
a 74 542 9
a 75 540 5
a 75 714 3
a 76 830 4
a 77 434 1
a 78 90 1
a 79 145 3
a 79 320 4
a 79 695 4
a 80 408 3
a 80 416 10
a 80 477 10
a 81 472 10
a 81 706 8
a 81 732 10
a 82 391 7
a 82 697 2
a 83 866 7
a 84 163 4
a 84 649 7
a 85 673 7
a 85 816 9
a 86 617 6
a 87 819 5
a 88 168 8
a 88 171 1
a 88 190 10
a 88 508 10
a 89 58 2
a 90 213 3
a 90 312 10
a 91 829 1
a 92 61 1
a 92 88 8
a 92 221 8
a 92 791 5
a 93 200 5
a 93 226 6
a 93 538 2
a 94 43 6
a 94 431 5
a 95 194 1
a 96 685 4
a 96 788 8
a 97 376 1
a 97 551 5
a 97 615 5
a 98 737 2
a 99 16 9
a 100 794 1
a 101 361 8
a 102 68 7
a 102 699 10
a 103 51 2
a 103 634 7
a 103 649 4
a 103 834 10
a 104 405 1
a 104 585 3
a 105 433 2
a 106 7 2
a 106 52 5
a 107 128 3
a 108 328 8
a 109 672 7
a 110 402 5
a 111 576 7
a 112 136 8
a 112 226 8
a 113 258 8
a 113 638 1
a 113 768 4
a 114 795 5
a 115 532 4
a 115 625 9
a 116 44 7
a 116 854 2
a 117 265 2
a 118 115 8
a 118 758 2
a 118 805 2
a 119 100 3
a 119 220 3
a 119 235 9
a 120 49 9
a 120 561 5
a 121 62 10
a 121 154 4
a 121 829 8
a 122 77 1
a 122 722 5
a 123 15 6
a 123 850 7
a 124 190 5
a 124 262 7
a 125 62 1
a 125 90 10
a 125 513 3
a 126 386 4
a 127 391 5
a 127 886 5
a 128 411 8
a 128 899 5
a 129 525 1
a 130 121 4
a 130 151 9
a 131 427 10
a 132 436 1
a 133 54 9
a 133 169 9
a 134 380 3
a 134 800 1
a 135 333 2
a 136 497 5
a 136 708 2
a 136 836 3
a 137 85 7
a 137 153 6
a 137 548 6
a 137 699 9
a 138 342 7
a 138 898 9
a 139 345 8
a 139 480 1
a 139 716 10
a 139 776 6
a 140 243 6
a 140 640 3
a 140 652 3
a 141 113 5
a 141 893 1
a 142 75 6
a 142 287 3
a 142 371 6
a 143 9 3
a 143 808 10
a 143 867 6
a 144 307 4
a 144 677 9
a 144 742 9
a 145 617 1
a 145 646 3
a 146 546 2
a 147 70 4
a 147 114 7
a 147 498 4
a 147 629 8
a 148 53 3
a 148 173 5
a 148 380 1
a 148 843 1
a 148 872 8
a 149 443 10
a 150 395 1
a 150 805 2
a 151 486 4
a 151 624 3
a 151 854 3
a 152 95 9
a 152 342 8
a 152 737 7
a 153 152 1
a 153 426 10
a 154 490 3
a 154 673 9
a 155 53 8
a 156 228 6
a 157 307 9
a 157 730 8
a 158 239 1
a 159 504 10
a 160 87 2
a 160 116 6
a 161 64 1
a 162 285 4
a 163 272 2
a 163 514 4
a 163 549 6
a 163 751 3
a 164 293 9
a 164 328 10
a 165 119 3
a 165 203 4
a 166 104 2
a 166 159 6
a 166 247 6
a 167 159 6
a 167 201 7
a 167 573 8
a 168 521 3
a 168 523 10
a 169 276 6
a 170 21 4
a 170 23 9
a 170 86 1
a 170 130 2
a 171 762 9
a 172 720 9
a 173 461 8
a 173 478 10
a 173 725 1
a 174 288 4
a 174 403 6
a 174 768 3
a 175 133 7
a 175 362 4
a 175 754 5
a 176 486 6
a 176 562 7
a 176 659 7
a 177 781 4
a 178 114 7
a 178 372 3
a 179 525 1
a 179 805 8
a 180 292 2
a 180 826 1
a 181 520 9
a 181 757 3
a 181 794 2
a 182 440 7
a 182 677 8
a 182 857 2
a 183 554 8
a 184 107 10
a 184 306 9
a 184 626 2
a 185 254 4
a 185 507 3
a 185 859 3
a 186 682 1
a 187 741 2
a 188 14 5
a 188 674 2
a 189 210 5
a 189 533 7
a 190 264 5
a 190 456 5
a 191 456 1
a 192 488 8
a 193 669 7
a 194 605 9
a 195 184 10
a 195 353 10
a 195 579 3
a 195 668 2
a 195 888 10
a 196 20 6
a 196 412 9
a 196 645 2
a 197 178 10
a 198 403 1
a 199 108 1
a 200 254 1
a 200 325 9
a 201 122 9
a 201 679 1
a 202 885 1
a 203 541 5
a 203 797 6
a 204 379 1
a 204 677 8
a 205 329 4
a 205 499 10
a 206 146 9
a 206 388 5
a 207 260 9
a 207 439 7
a 208 143 5
a 208 212 8
a 208 483 7
a 208 549 5
a 208 761 2
a 209 5 2
a 209 238 10
a 210 32 1
a 211 39 5
a 212 391 4
a 212 447 4
a 213 298 3
a 213 450 4
a 214 760 9
a 215 592 8
a 216 74 3
a 216 471 9
a 216 675 9
a 217 127 5
a 217 692 7
a 218 140 6
a 218 494 5
a 218 527 5
a 218 652 5
a 219 106 5
a 219 301 4
a 219 702 6
a 219 724 8
a 219 846 1
a 220 157 3
a 221 28 5
a 221 302 5
a 221 765 10
a 222 187 1
a 222 290 5
a 223 394 2
a 223 441 6
a 224 188 8
a 224 204 4
a 225 335 10
a 225 377 8
a 225 832 8
a 226 701 2
a 227 138 9
a 227 891 3
a 228 46 3
a 229 537 7
a 230 219 5
a 230 623 6
a 230 651 4
a 230 766 8
a 231 517 10
a 231 591 10
a 232 97 9
a 232 867 10
a 233 761 3
a 234 301 9
a 234 617 1
a 235 110 2
a 236 326 8
a 237 726 8
a 238 150 2
a 238 328 10
a 238 889 6
a 239 131 10
a 239 310 9
a 239 469 5
a 240 230 2
a 240 280 7
a 240 354 1
a 240 723 5
a 240 786 8
a 240 883 6
a 241 20 5
a 241 222 7
a 241 604 9
a 242 427 7
a 243 106 6
a 243 574 1
a 243 836 10
a 244 198 9
a 245 6 7
a 245 139 3
a 245 330 5
a 245 531 5
a 246 794 5
a 246 823 2
a 247 692 9
a 248 530 10
a 249 3 6
a 249 344 9
a 249 363 2
a 249 723 5
a 250 560 3
a 250 693 6
a 251 194 4
a 252 16 1
a 252 208 3
a 252 443 7
a 252 743 8
a 253 548 1
a 254 192 10
a 254 301 2
a 255 92 10
a 255 787 6
a 256 133 7
a 256 512 5
a 256 696 7
a 257 674 10
a 258 160 4
a 258 302 2
a 259 393 5
a 260 356 9
a 260 828 10
a 261 3 5
a 262 458 7
a 263 227 9
a 263 752 4
a 264 6 10
a 264 223 8
a 264 269 4
a 264 613 6
a 265 183 3
a 265 670 6
a 266 105 1
a 266 298 7
a 266 409 9
a 266 847 8
a 267 31 4
a 267 313 7
a 267 482 2
a 267 862 4
a 268 58 2
a 268 512 7
a 269 238 3
a 270 66 2
a 270 73 10
a 270 804 1
a 271 548 1
a 272 696 5
a 273 77 4
a 273 261 3
a 274 215 3
a 274 671 6
a 274 672 9
a 274 890 1
a 275 436 5
a 275 807 2
a 276 456 4
a 277 257 5
a 277 500 8
a 277 555 8
a 278 55 3
a 278 241 8
a 278 370 8
a 279 761 6
a 280 534 3
a 280 656 8
a 280 734 1
a 280 890 8
a 281 2 4
a 281 792 3
a 282 594 7
a 282 898 9
a 283 528 5
a 284 254 2
a 285 163 1
a 285 336 7
a 285 506 6
a 285 576 10
a 285 726 4
a 286 811 3
a 287 306 10
a 287 438 3
a 287 674 3
a 288 266 10
a 289 246 5
a 289 619 1
a 290 113 4
a 290 359 10
a 291 45 2
a 291 96 8
a 291 110 2
a 291 503 8
a 292 71 4
a 292 359 4
a 292 455 8
a 293 526 7
a 293 565 4
a 293 648 10
a 294 105 7
a 294 591 10
a 294 676 4
a 295 79 4
a 295 196 8
a 295 305 9
a 296 216 3
a 296 742 8
a 297 222 4
a 298 830 3
a 299 21 9
a 300 777 9
a 300 892 1
a 301 875 7
a 302 24 1
a 302 412 9
a 302 586 3
a 302 870 2
a 303 349 2
a 303 473 4
a 304 42 6
a 305 382 3
a 305 430 6
a 305 648 6
a 306 63 8
a 306 72 1
a 306 166 3
a 307 132 10
a 308 560 9
a 309 214 6
a 309 757 3
a 310 143 7
a 310 177 4
a 311 2 6
a 311 282 5
a 311 327 7
a 312 727 6
a 313 76 4
a 313 760 2
a 314 580 9
a 314 861 1
a 314 891 9
a 315 69 1
a 315 147 3
a 316 865 8
a 317 177 6
a 317 643 9
a 318 25 6
a 318 632 3
a 318 795 7
a 319 8 6
a 319 118 1
a 319 620 10
a 319 650 7
a 320 230 5
a 320 842 10
a 321 811 6
a 322 186 1
a 323 671 1
a 324 518 3
a 325 646 1
a 326 381 9
a 327 653 8
a 327 665 3
a 328 406 4
a 329 715 9
a 330 333 3
a 330 876 4
a 331 11 9
a 331 81 10
a 331 314 1
a 331 707 4
a 332 108 7
a 332 436 4
a 333 293 3
a 333 347 10
a 334 533 6
a 335 821 2
a 335 835 8
a 335 869 2
a 336 93 2
a 337 350 9
a 337 870 8
a 338 667 9
a 339 403 8
a 340 598 1
a 340 732 9
a 341 543 1
a 341 547 8
a 341 639 5
a 342 82 2
a 342 257 10
a 342 511 3
a 343 550 2
a 344 49 10
a 345 123 8
a 346 653 9
a 346 825 8
a 347 645 10
a 348 61 9
a 348 879 4
a 349 68 9
a 349 740 9
a 350 657 5
a 351 402 1
a 351 713 3
a 352 263 7
a 352 314 4
a 353 391 2
a 353 897 3
a 354 752 10
a 355 236 4
a 355 436 7
a 355 559 2
a 356 786 1
a 357 47 5
a 357 78 2
a 358 663 7
a 359 685 6
a 359 767 3
a 360 454 1
a 360 704 2
a 361 204 7
a 361 336 1
a 361 353 8
a 361 687 3
a 362 383 3
a 363 110 1
a 363 342 3
a 364 394 1
a 365 610 9
a 366 179 10
a 366 452 4
a 366 659 7
a 367 25 4
a 368 327 6
a 369 371 7
a 369 393 1
a 370 884 4
a 371 293 1
a 372 373 7
a 372 441 5
a 372 806 9
a 372 885 6
a 373 752 7
a 374 666 6
a 375 120 5
a 375 159 5
a 376 87 6
a 376 467 9
a 377 31 6
a 378 219 9
a 379 533 1
a 379 650 9
a 379 781 9
a 380 213 8
a 381 162 3
a 381 553 6
a 381 750 8
a 382 288 6
a 383 614 1
a 383 823 3
a 384 13 8
a 384 271 9
a 385 595 10
a 385 725 2
a 386 214 1
a 387 199 6
a 387 473 5
a 388 757 2
a 389 118 10
a 389 682 1
a 390 320 9
a 390 382 7
a 391 487 9
a 392 793 3
a 393 710 2
a 394 191 9
a 394 238 3
a 394 292 1
a 394 542 5
a 395 94 6
a 396 2 4
a 397 392 3
a 398 65 2
a 398 458 6
a 398 508 2
a 399 229 9
a 399 665 9
a 400 357 8
a 400 520 6
a 401 606 10
a 402 590 8
a 402 671 1
a 403 167 1
a 403 558 4
a 404 36 3
a 404 41 6
a 404 530 1
a 405 248 6
a 405 290 10
a 405 651 1
a 406 627 7
a 407 549 6
a 408 161 10
a 409 809 1
a 410 730 8
a 411 299 8
a 411 343 8
a 411 570 9
a 411 575 6
a 411 735 7
a 412 573 3
a 413 130 9
a 414 12 10
a 414 591 3
a 414 719 7
a 414 900 5
a 415 839 3
a 416 388 3
a 416 514 3
a 417 322 9
a 418 20 6
a 419 129 9
a 419 274 2
a 420 67 8
a 420 125 4
a 420 529 5
a 421 109 1
a 421 327 7
a 421 419 4
a 422 667 1
a 423 756 4
a 424 114 4
a 424 544 9
a 424 693 9
a 425 59 4
a 425 80 6
a 426 582 7
a 427 74 9
a 427 773 5
a 428 862 2
a 429 328 5
a 429 365 6
a 430 289 1
a 430 799 4
a 431 316 8
a 432 575 2
a 432 595 5
a 433 581 5
a 433 641 2
a 433 647 1
a 433 651 4
a 433 662 6
a 434 271 8
a 434 717 4
a 435 471 7
a 435 884 3
a 436 407 6
a 436 724 1
a 437 891 1
a 438 519 3
a 438 568 7
a 439 581 5
a 439 730 7
a 440 103 4
a 440 126 5
a 440 388 8
a 441 82 8
a 441 762 3
a 442 157 4
a 443 30 2
a 443 586 8
a 444 144 6
a 445 636 5
a 445 784 9
a 446 161 7
a 446 240 9
a 446 396 7
a 446 733 2
a 447 56 10
a 447 181 2
a 447 206 7
a 447 867 8
a 448 391 4
a 449 315 4
a 450 348 4
a 451 41 10
a 451 608 6
a 451 747 9
a 452 60 5
a 452 334 5
a 453 684 6
a 454 619 1
a 455 179 4
a 455 611 3
a 456 283 8
a 456 665 7
a 457 44 1
a 458 214 6
a 458 300 1
a 459 26 9
a 459 551 3
a 460 315 3
a 460 700 9
a 461 270 8
a 462 820 7
a 463 111 5
a 463 414 2
a 463 715 6
a 464 78 3
a 464 317 5
a 464 615 6
a 465 296 8
a 465 386 6
a 465 535 3
a 465 571 1
a 466 124 7
a 466 253 5
a 466 371 3
a 466 550 2
a 466 711 1
a 467 201 1
a 467 400 7
a 468 681 2
a 468 777 3
a 469 346 3
a 469 356 8
a 469 479 4
a 469 644 5
a 470 550 1
a 470 855 10
a 471 61 2
a 472 300 6
a 473 527 5
a 474 558 9
a 475 461 9
a 476 255 4
a 476 548 8
a 476 653 1
a 477 284 2
a 477 484 5
a 477 772 7
a 478 77 3
a 479 71 8
a 479 183 8
a 480 893 7
a 481 463 5
a 482 341 8
a 482 415 10
a 482 493 10
a 482 637 9
a 483 45 9
a 484 483 10
a 484 572 4
a 485 300 2
a 485 745 3
a 485 863 2
a 486 173 9
a 487 614 8
a 488 263 10
a 488 411 7
a 488 743 2
a 488 809 6
a 489 395 4
a 490 37 1
a 490 705 7
a 490 801 8
a 491 468 3
a 491 652 10
a 492 308 10
a 492 415 9
a 492 658 8
a 492 780 3
a 493 513 3
a 494 244 8
a 494 865 8
a 495 259 8
a 495 867 5
a 496 23 7
a 496 46 7
a 496 434 7
a 497 657 10
a 498 324 7
a 498 481 9
a 498 486 7
a 499 581 5
a 500 319 10
a 500 390 7
a 500 423 2
a 500 446 8
a 501 785 1
a 501 796 7
a 502 135 4
a 502 490 4
a 502 882 8
a 503 242 3
a 503 592 9
a 504 341 9
a 505 602 9
a 506 279 7
a 506 752 8
a 507 97 9
a 507 518 2
a 507 636 10
a 508 94 4
a 508 213 10
a 509 645 8
a 510 302 9
a 511 771 9
a 512 34 9
a 513 101 6
a 514 146 7
a 514 554 4
a 515 168 3
a 515 480 4
a 516 20 10
a 516 496 1
a 517 420 9
a 517 563 6
a 517 721 6
a 517 787 3
a 517 838 7
a 518 141 9
a 519 600 4
a 520 18 3
a 520 82 8
a 520 185 9
a 521 761 2
a 522 55 1
a 522 157 7
a 522 249 5
a 523 584 4
a 524 322 8
a 524 600 4
a 524 700 4
a 524 850 8
a 525 797 3
a 526 63 9
a 526 765 10
a 526 815 10
a 527 87 7
a 527 382 2
a 528 362 10
a 528 823 1
a 529 525 7
a 530 241 2
a 531 182 6
a 531 607 7
a 532 566 5
a 532 812 9
a 533 202 9
a 533 307 9
a 534 539 6
a 534 753 5
a 535 25 7
a 535 654 10
a 535 718 3
a 536 397 1
a 536 574 4
a 537 541 9
a 537 563 6
a 538 771 5
a 538 840 9
a 538 883 8
a 539 176 10
a 539 675 10
a 540 183 8
a 540 303 4
a 541 449 9
a 541 539 4
a 542 728 10
a 542 860 1
a 542 861 5
a 543 271 7
a 543 499 9
a 544 588 1
a 544 824 3
a 545 322 1
a 546 286 10
a 546 876 7
a 547 80 10
a 547 101 10
a 548 56 2
a 549 43 5
a 549 469 6
a 550 489 10
a 550 661 9
a 551 228 3
a 551 431 6
a 552 568 2
a 552 882 7
a 553 540 6
a 553 828 8
a 554 276 5
a 555 485 2
a 555 620 3
a 556 295 7
a 556 789 9
a 557 444 5
a 557 783 1
a 558 260 2
a 558 466 3
a 559 466 4
a 559 720 2
a 559 789 7
a 560 148 8
a 561 592 2
a 561 803 3
a 561 821 7
a 562 72 8
a 562 167 7
a 563 158 4
a 563 799 7
a 564 208 7
a 564 239 6
a 564 248 7
a 564 330 6
a 564 495 2
a 564 536 9
a 565 399 1
a 565 451 5
a 565 486 9
a 566 171 2
a 567 208 4
a 567 458 5
a 567 759 1
a 568 288 1
a 569 117 9
a 569 365 2
a 569 755 9
a 569 814 8
a 570 316 8
a 571 284 5
a 571 669 1
a 572 466 2
a 573 73 7
a 573 679 7
a 574 169 8
a 574 432 7
a 575 413 8
a 575 853 10
a 576 257 9
a 577 391 1
a 577 655 9
a 578 820 9
a 579 388 3
a 579 736 2
a 580 716 10
a 580 820 5
a 581 243 7
a 582 862 9
a 583 17 2
a 583 150 7
a 583 446 4
a 584 174 2
a 584 352 2
a 585 137 5
a 586 48 9
a 586 797 8
a 587 297 5
a 587 799 9
a 588 367 5
a 589 105 10
a 590 510 3
a 590 631 2
a 590 868 2
a 591 169 7
a 591 522 8
a 591 690 6
a 592 175 8
a 592 261 3
a 593 483 4
a 594 37 1
a 594 649 3
a 595 423 5
a 595 877 1
a 596 474 6
a 596 594 2
a 597 300 5
a 597 831 6
a 598 256 9
a 598 440 7
a 599 417 7
a 599 852 7
a 600 32 2
a 600 121 6
a 600 402 7
a 601 29 5
a 601 278 4
a 601 760 8
a 602 421 1
a 602 749 2
a 602 802 10
a 603 774 3
a 603 797 6
a 604 335 8
a 604 462 1
a 605 547 5
a 606 659 6
a 607 270 7
a 608 318 8
a 608 674 7
a 608 729 6
a 609 418 2
a 609 824 1
a 610 300 7
a 611 305 3
a 611 398 3
a 611 409 2
a 612 581 7
a 613 278 5
a 613 283 7
a 613 693 8
a 614 376 10
a 614 524 6
a 615 828 8
a 616 29 5
a 616 355 9
a 617 217 7
a 617 339 4
a 617 717 4
a 618 273 8
a 618 297 6
a 618 795 9
a 619 171 2
a 619 266 2
a 619 738 10
a 620 516 8
a 620 621 5
a 620 795 1
a 621 752 7
a 621 897 9
a 622 550 1
a 623 667 2
a 623 786 9
a 624 760 8
a 625 540 8
a 625 603 9
a 626 178 3
a 627 287 5
a 627 764 4
a 628 115 2
a 628 204 3
a 628 845 1
a 629 221 6
a 629 253 8
a 629 500 3
a 629 635 2
a 629 650 8
a 630 49 9
a 630 235 2
a 630 546 1
a 631 108 7
a 632 98 9
a 632 369 8
a 633 350 3
a 633 701 5
a 634 636 10
a 634 866 5
a 635 651 10
a 636 383 3
a 637 277 4
a 638 753 8
a 639 475 5
a 639 508 6
a 639 535 3
a 640 845 7
a 641 459 10
a 641 809 7
a 642 40 3
a 642 220 1
a 642 364 10
a 643 497 8
a 643 606 4
a 644 135 4
a 645 186 3
a 645 193 4
a 645 234 8
a 646 91 5
a 646 267 5
a 646 768 8
a 647 814 8
a 648 794 3
a 649 529 8
a 650 170 3
a 650 220 5
a 650 597 5
a 651 175 9
a 651 407 10
a 651 684 9
a 651 779 1
a 652 7 8
a 652 405 2
a 653 407 9
a 654 870 10
a 655 564 4
a 656 457 7
a 656 515 2
a 656 587 9
a 657 57 3
a 657 218 8
a 657 766 7
a 658 221 5
a 659 7 5
a 659 322 1
a 659 677 4
a 660 279 7
a 661 108 4
a 661 501 8
a 662 591 10
a 663 746 1
a 664 356 6
a 664 865 8
a 665 34 2
a 665 276 1
a 665 406 7
a 666 158 9
a 666 227 10
a 667 798 8
a 667 840 5
a 668 146 10
a 668 198 10
a 669 616 6
a 669 839 4
a 670 195 8
a 670 535 7
a 671 713 2
a 672 638 9
a 673 160 10
a 673 484 10
a 674 496 3
a 674 793 7
a 675 447 5
a 676 756 4
a 676 790 6
a 677 89 8
a 677 399 1
a 678 322 1
a 679 121 7
a 679 127 2
a 679 247 1
a 680 281 6
a 680 790 4
a 680 822 5
a 681 298 10
a 681 410 8
a 681 453 5
a 681 504 10
a 682 413 9
a 682 483 1
a 682 560 2
a 683 174 8
a 684 175 4
a 684 577 4
a 684 710 3
a 685 438 3
a 685 557 8
a 686 119 6
a 686 455 9
a 686 672 9
a 687 424 7
a 688 442 10
a 688 756 10
a 688 815 4
a 689 598 8
a 690 311 3
a 690 401 4
a 690 417 10
a 690 720 9
a 691 128 2
a 691 427 2
a 692 65 10
a 693 653 7
a 693 689 1
a 694 335 10
a 694 583 9
a 695 97 1
a 695 233 3
a 695 275 5
a 696 627 7
a 697 532 2
a 698 138 4
a 698 180 1
a 698 251 8
a 699 565 7
a 700 607 6
a 700 631 5
a 700 712 7
a 701 93 10
a 701 161 9
a 701 704 2
a 702 383 8
a 702 695 3
a 703 254 4
a 703 463 6
a 703 636 1
a 703 698 2
a 704 49 8
a 704 374 6
a 704 425 10
a 704 445 9
a 704 627 8
a 704 817 4
a 704 868 4
a 705 174 5
a 705 210 2
a 706 375 6
a 706 465 6
a 707 210 1
a 707 547 10
a 707 688 4
a 708 427 1
a 708 860 4
a 709 298 6
a 710 270 6
a 710 848 9
a 711 350 3
a 712 254 5
a 712 605 1
a 713 523 1
a 714 239 4
a 715 453 5
a 716 297 10
a 717 59 4
a 718 68 4
a 719 277 9
a 719 330 9
a 720 263 8
a 720 728 7
a 720 819 4
a 720 874 1
a 721 286 5
a 721 539 6
a 722 639 8
a 723 523 5
a 723 601 2
a 723 758 8
a 723 770 2
a 724 165 4
a 724 380 6
a 725 192 8
a 726 57 1
a 726 681 2
a 727 141 9
a 727 349 2
a 727 426 3
a 728 28 5
a 728 597 7
a 729 460 4
a 729 795 4
a 730 578 7
a 731 189 8
a 731 207 9
a 731 684 8
a 732 257 8
a 733 67 5
a 733 313 1
a 734 403 9
a 734 818 4
a 735 155 9
a 735 658 5
a 735 746 9
a 735 886 7
a 736 603 1
a 736 894 2
a 736 900 5
a 737 224 6
a 737 429 10
a 738 123 8
a 738 850 9
a 739 41 2
a 739 492 3
a 739 524 6
a 740 664 4
a 740 827 1
a 741 50 10
a 741 606 8
a 742 84 8
a 742 129 10
a 743 350 3
a 744 534 10
a 745 318 6
a 745 326 2
a 746 386 10
a 746 811 8
a 747 189 7
a 748 849 9
a 749 271 10
a 749 782 8
a 750 570 3
a 750 683 6
a 751 408 9
a 751 666 6
a 752 493 6
a 753 710 6
a 754 757 8
a 755 195 3
a 755 497 7
a 755 610 9
a 755 612 2
a 755 871 7
a 756 94 6
a 756 144 6
a 756 763 8
a 756 818 4
a 757 211 9
a 757 435 5
a 757 569 3
a 757 686 2
a 758 62 8
a 758 131 9
a 758 505 9
a 758 846 1
a 759 592 6
a 760 322 9
a 760 609 9
a 761 209 7
a 761 760 6
a 762 449 5
a 762 895 2
a 763 197 1
a 764 245 6
a 765 589 1
a 766 454 7
a 766 622 5
a 766 672 5
a 767 850 6
a 768 590 2
a 769 168 6
a 769 875 8
a 770 552 10
a 770 835 9
a 771 78 1
a 771 361 9
a 771 418 10
a 771 528 5
a 772 621 2
a 772 679 1
a 773 473 5
a 773 609 2
a 774 4 7
a 774 178 4
a 774 332 10
a 775 628 7
a 775 666 10
a 776 136 4
a 776 174 8
a 777 550 8
a 778 156 4
a 778 350 2
a 779 67 2
a 779 618 4
a 779 673 5
a 780 315 8
a 780 432 1
a 781 116 6
a 781 280 3
a 782 124 2
a 782 194 4
a 782 250 1
a 783 651 3
a 784 328 2
a 784 406 10
a 784 584 3
a 785 64 3
a 785 534 9
a 786 142 8
a 786 437 8
a 786 709 8
a 786 757 2
a 787 80 4
a 787 578 6
a 788 390 1
a 789 767 4
a 790 653 1
a 790 858 1
a 791 337 5
a 791 368 8
a 791 572 4
a 792 74 2
a 792 747 8
a 793 814 8
a 794 7 2
a 794 304 6
a 794 660 1
a 795 109 5
a 796 27 1
a 796 340 9
a 796 384 4
a 796 462 1
a 797 160 2
a 797 718 5
a 798 447 2
a 799 294 3
a 799 601 6
a 800 364 4
a 800 640 7
a 800 661 7
a 801 682 3
a 802 333 10
a 803 70 1
a 803 556 10
a 804 82 1
a 804 109 5
a 804 378 9
a 805 332 4
a 806 313 8
a 807 42 4
a 807 95 1
a 807 381 3
a 808 33 3
a 808 139 1
a 808 285 4
a 809 399 4
a 810 197 10
a 811 259 3
a 811 778 1
a 812 6 2
a 812 17 6
a 812 744 2
a 813 729 9
a 814 860 6
a 815 51 4
a 816 338 3
a 817 35 2
a 817 739 4
a 817 872 4
a 818 307 4
a 818 657 3
a 819 847 10
a 820 385 3
a 820 596 9
a 821 149 7
a 821 441 7
a 821 616 10
a 822 699 8
a 823 27 3
a 823 67 8
a 823 100 4
a 824 556 10
a 825 224 1
a 825 890 5
a 826 22 8
a 826 491 5
a 826 601 1
a 826 618 3
a 827 318 5
a 828 88 6
a 828 837 6
a 829 215 3
a 829 265 9
a 829 448 8
a 829 487 1
a 830 84 3
a 831 96 6
a 831 156 9
a 831 732 10
a 832 5 1
a 832 321 4
a 832 630 3
a 833 875 1
a 834 99 2
a 834 589 9
a 834 660 1
a 835 316 8
a 835 822 8
a 835 869 8
a 836 55 6
a 836 348 5
a 837 134 4
a 837 331 5
a 837 361 2
a 837 515 8
a 837 664 4
a 838 241 4
a 839 234 2
a 839 400 3
a 839 680 1
a 839 864 2
a 840 25 5
a 841 168 1
a 842 463 6
a 843 558 2
a 843 784 10
a 843 849 3
a 844 360 6
a 844 838 6
a 845 222 9
a 845 887 5
a 846 15 2
a 846 140 8
a 847 453 6
a 847 750 2
a 847 753 4
a 848 602 3
a 848 665 1
a 849 389 3
a 849 643 9
a 850 43 6
a 850 375 8
a 851 38 10
a 851 83 4
a 851 484 1
a 852 205 5
a 852 691 8
a 853 39 8
a 853 156 6
a 854 338 5
a 854 880 2
a 855 306 6
a 855 682 1
a 856 7 3
a 856 197 7
a 857 456 2
a 857 502 6
a 857 550 1
a 857 566 1
a 858 69 1
a 859 401 5
a 860 351 9
a 860 678 9
a 860 780 2
a 861 197 9
a 861 433 2
a 861 664 5
a 862 91 8
a 862 100 7
a 863 252 2
a 863 318 7
a 864 315 7
a 865 155 4
a 866 231 2
a 866 237 4
a 866 658 5
a 867 883 9
a 868 585 1
a 868 896 6
a 869 259 2
a 870 404 6
a 871 666 8
a 871 858 4
a 872 440 8
a 872 596 9
a 873 134 6
a 874 205 3
a 874 436 3
a 874 520 9
a 874 642 7
a 875 597 1
a 876 449 3
a 877 842 10
a 878 340 8
a 879 358 3
a 879 813 7
a 880 77 5
a 880 813 8
a 881 102 6
a 881 167 4
a 881 810 10
a 882 16 4
a 882 444 9
a 883 328 6
a 884 204 8
a 885 367 1
a 885 397 1
a 885 414 10
a 886 496 9
a 886 710 4
a 887 898 3
a 888 163 9
a 889 314 5
a 889 422 2
a 889 741 4
a 890 415 9
a 890 633 5
a 891 408 1
a 892 877 2
a 893 232 8
a 893 810 5
a 894 447 1
a 895 462 10
a 895 844 7
a 896 106 7
a 896 704 5
a 897 38 10
a 898 352 7
a 899 281 2
