p max 900 1800
n 1 s
n 900 t
a 1 564 7
a 2 415 5
a 2 586 10
a 3 645 9
a 3 799 2
a 4 149 6
a 4 667 7
a 4 691 10
a 4 789 4
a 5 219 1
a 5 890 7
a 6 459 3
a 6 734 2
a 7 99 3
a 7 144 3
a 8 341 6
a 8 478 3
a 8 818 7
a 9 237 5
a 10 56 10
a 10 279 2
a 10 367 8
a 10 401 1
a 11 683 6
a 11 864 9
a 12 298 7
a 13 446 10
a 13 551 2
a 14 241 1
a 15 679 5
a 16 197 6
a 17 56 4
a 17 108 9
a 18 470 7
a 18 612 10
a 19 535 4
a 20 778 4
a 21 849 9
a 21 893 9
a 22 530 6
a 23 682 2
a 23 895 9
a 24 561 3
a 24 859 5
a 25 420 1
a 25 861 3
a 26 747 2
a 27 152 3
a 27 533 8
a 27 709 2
a 27 858 1
a 28 525 1
a 29 302 1
a 30 414 10
a 31 799 8
a 32 799 5
a 33 71 3
a 33 375 10
a 34 20 5
a 34 141 8
a 34 664 5
a 34 852 5
a 35 663 3
a 36 61 6
a 36 71 9
a 36 760 3
a 37 566 1
a 37 780 9
a 37 815 4
a 38 104 6
a 38 411 8
a 38 701 9
a 39 161 7
a 39 865 8
a 40 695 10
a 40 794 4
a 41 20 9
a 41 376 6
a 42 509 8
a 43 604 1
a 44 24 5
a 44 702 10
a 45 40 7
a 45 657 5
a 46 324 6
a 47 839 10
a 48 399 3
a 48 512 9
a 49 4 1
a 49 688 7
a 50 137 9
a 51 5 1
a 51 872 2
a 52 651 3
a 52 899 1
a 53 131 1
a 53 184 2
a 53 215 9
a 53 861 10
a 54 203 8
a 54 496 8
a 55 309 8
a 55 678 6
a 55 727 5
a 56 107 6
a 56 276 8
a 56 601 6
a 56 652 9
a 57 29 8
a 57 83 9
a 57 118 1
a 57 198 3
a 57 875 2
a 58 803 1
a 59 132 2
a 59 882 7
a 60 242 8
a 60 737 4
a 61 149 3
a 61 435 3
a 62 183 5
a 62 264 9
a 62 638 10
a 63 396 7
a 63 447 10
a 64 51 2
a 64 610 7
a 65 492 9
a 65 891 10
a 66 176 1
a 66 776 7
a 67 63 5
a 67 634 8
a 68 538 9
a 68 642 2
a 68 779 1
a 69 285 8
a 69 474 1
a 69 765 8
a 70 636 7
a 70 640 7
a 70 642 5
a 70 767 9
a 71 65 6
a 72 16 4
a 72 900 10
a 73 557 5
a 73 632 2
a 73 710 5
a 74 760 1
a 75 328 1
a 75 680 2
a 75 888 10
a 76 753 3
a 77 697 7
a 78 299 5
a 78 431 5
a 78 679 1
a 79 72 5
a 79 388 4
a 80 416 1
a 81 787 1
a 82 74 10
a 82 175 7
a 82 718 9
a 83 232 10
a 84 57 7
a 84 656 4
a 84 703 3
a 84 821 3
a 85 26 10
a 85 412 5
a 86 323 3
a 86 385 9
a 86 697 6
a 86 747 5
a 86 773 2
a 87 97 9
a 88 86 7
a 88 571 1
a 89 48 10
a 89 324 5
a 89 456 4
a 89 900 1
a 90 64 1
a 90 127 1
a 91 88 7
a 91 862 9
a 92 247 5
a 93 28 6
a 93 417 8
a 93 659 10
a 94 756 5
a 95 584 8
a 96 188 5
a 96 592 10
a 97 192 6
a 97 273 7
a 97 550 9
a 98 554 10
a 98 711 9
a 99 722 2
a 100 64 9
a 101 353 2
a 102 30 4
a 102 482 8
a 103 233 5
a 103 264 9
a 104 158 9
a 105 270 6
a 105 382 10
a 105 501 2
a 105 596 4
a 106 35 5
a 106 227 3
a 106 427 4
a 106 625 5
a 106 769 5
a 107 291 5
a 107 304 6
a 108 831 3
a 109 721 4
a 109 766 1
a 110 568 6
a 110 739 7
a 111 108 7
a 111 309 1
a 111 806 9
a 112 36 3
a 112 458 10
a 113 304 10
a 114 93 5
a 114 115 7
a 114 252 1
a 114 499 2
a 115 248 1
a 115 298 10
a 115 674 1
a 116 217 8
a 116 676 6
a 116 734 9
a 117 768 4
a 117 808 3
a 117 848 6
a 118 32 2
a 118 233 9
a 118 589 10
a 119 529 10
a 120 182 6
a 120 737 3
a 120 748 10
a 121 367 10
a 121 573 8
a 122 778 6
a 123 666 2
a 124 542 9
a 124 840 2
a 125 694 4
a 126 179 5
a 126 387 6
a 126 736 5
a 127 313 4
a 127 720 6
a 128 642 8
a 129 14 8
a 129 108 8
a 130 33 4
a 131 109 8
a 131 298 8
a 132 550 5
a 132 702 8
a 133 291 2
a 133 428 3
a 134 510 1
a 135 437 10
a 135 688 10
a 136 251 7
a 136 603 9
a 137 126 3
a 137 706 8
a 138 129 3
a 138 243 2
a 138 381 8
a 138 743 4
a 138 749 8
a 139 702 6
a 139 871 2
a 140 106 3
a 140 463 2
a 141 276 3
a 142 256 7
a 142 580 10
a 143 810 4
a 144 65 9
a 144 315 2
a 144 485 6
a 144 608 10
a 144 803 6
a 145 288 4
a 145 476 10
a 145 508 6
a 146 739 9
a 147 781 9
a 148 216 4
a 148 241 7
a 148 594 4
a 149 312 5
a 149 490 10
a 150 171 6
a 150 225 4
a 151 566 6
a 151 575 5
a 152 111 8
a 152 257 10
a 153 622 3
a 154 113 5
a 154 293 2
a 154 651 1
a 155 113 6
a 155 630 10
a 156 872 6
a 157 241 9
a 158 43 2
a 158 165 1
a 159 107 7
a 159 828 1
a 160 463 1
a 160 466 1
a 160 505 10
a 160 856 2
a 161 407 10
a 161 502 2
a 161 546 3
a 161 553 1
a 161 692 3
a 161 740 7
a 162 501 9
a 163 149 9
a 163 444 8
a 164 30 3
a 164 95 1
a 165 861 7
a 166 687 7
a 166 736 4
a 167 306 10
a 168 464 8
a 168 713 10
a 169 87 9
a 170 203 6
a 171 27 5
a 172 62 9
a 172 66 2
a 172 342 10
a 172 665 9
a 173 77 2
a 173 843 3
a 174 488 10
a 174 708 10
a 175 643 10
a 175 723 2
a 176 478 7
a 177 760 3
a 178 876 6
a 179 345 1
a 179 610 5
a 179 867 3
a 180 267 2
a 180 562 9
a 181 120 6
a 181 242 1
a 181 282 10
a 181 520 3
a 181 672 2
a 182 153 6
a 182 742 8
a 183 660 6
a 184 26 7
a 184 90 2
a 184 229 4
a 185 340 3
a 185 453 3
a 186 18 3
a 186 658 8
a 187 424 10
a 187 574 2
a 188 110 4
a 188 848 3
a 189 169 3
a 189 616 6
a 190 454 6
a 190 824 4
a 190 830 10
a 191 75 6
a 191 289 1
a 191 329 7
a 191 885 2
a 192 440 9
a 193 85 2
a 193 569 1
a 193 715 7
a 194 479 2
a 195 812 6
a 195 859 10
a 196 743 9
a 197 212 4
a 198 300 10
a 199 147 4
a 199 222 9
a 200 222 4
a 201 878 3
a 202 539 6
a 203 122 3
a 203 363 5
a 204 164 9
a 204 494 7
a 205 250 8
a 205 786 2
a 206 101 6
a 206 795 4
a 207 28 9
a 207 283 1
a 207 308 7
a 208 459 3
a 209 493 4
a 210 84 6
a 210 369 6
a 211 58 2
a 211 206 4
a 212 348 5
a 212 894 8
a 213 393 2
a 214 25 1
a 214 492 1
a 215 86 3
a 215 292 2
a 215 459 4
a 215 549 3
a 215 567 10
a 216 860 9
a 217 300 6
a 218 540 2
a 218 865 2
a 219 413 10
a 220 213 1
a 220 316 5
a 220 318 7
a 220 554 8
a 220 603 9
a 221 158 9
a 221 247 5
a 221 576 9
a 221 796 6
a 221 888 7
a 222 10 10
a 222 759 2
a 223 36 4
a 223 61 5
a 223 294 3
a 224 254 10
a 224 295 10
a 224 443 6
a 224 457 2
a 225 244 9
a 225 266 1
a 225 799 2
a 226 403 9
a 226 675 10
a 227 423 7
a 228 253 9
a 229 583 8
a 229 736 2
a 230 98 10
a 230 143 6
a 230 552 8
a 231 221 2
a 231 241 1
a 232 88 8
a 232 230 4
a 232 234 1
a 233 736 1
a 234 34 10
a 234 49 8
a 235 182 4
a 235 655 4
a 236 679 7
a 237 628 6
a 237 655 9
a 238 522 5
a 238 797 4
a 239 263 3
a 239 340 4
a 239 507 5
a 240 27 3
a 240 327 10
a 241 627 5
a 242 171 6
a 243 212 2
a 243 452 1
a 244 304 7
a 245 271 2
a 246 272 3
a 246 475 4
a 246 590 8
a 247 755 8
a 247 804 7
a 248 523 9
a 249 355 6
a 250 228 9
a 250 329 10
a 250 819 4
a 251 349 8
a 252 738 5
a 253 331 9
a 254 165 9
a 255 93 9
a 256 285 2
a 256 343 2
a 256 496 7
a 257 728 2
a 258 228 8
a 259 585 1
a 259 793 4
a 259 826 8
a 260 745 8
a 261 375 8
a 261 667 5
a 262 417 7
a 263 82 5
a 264 689 10
a 265 6 7
a 265 854 7
a 266 21 8
a 266 468 10
a 267 82 8
a 267 756 4
a 268 549 10
a 269 595 7
a 270 129 7
a 270 334 9
a 271 804 5
a 272 483 1
a 272 496 5
a 273 513 7
a 274 433 8
a 275 117 5
a 275 424 9
a 276 237 2
a 276 582 2
a 276 867 7
a 277 619 7
a 278 199 5
a 278 225 10
a 279 242 3
a 279 350 8
a 280 367 10
a 281 74 3
a 282 793 5
a 283 760 8
a 284 698 5
a 285 453 3
a 286 92 6
a 286 95 3
a 287 544 2
a 287 555 9
a 288 616 6
a 288 765 3
a 289 76 5
a 289 505 5
a 289 767 1
a 290 36 5
a 290 521 10
a 291 33 8
a 291 888 1
a 292 25 2
a 292 447 3
a 292 457 2
a 292 598 9
a 293 589 7
a 293 663 4
a 294 83 3
a 294 556 5
a 294 696 10
a 295 97 5
a 295 114 7
a 296 630 5
a 296 653 10
a 297 259 3
a 298 520 7
a 298 704 9
a 299 510 4
a 299 516 2
a 299 817 8
a 300 259 8
a 300 533 8
a 301 403 1
a 301 822 1
a 302 203 2
a 303 81 5
a 303 641 8
a 303 835 5
a 304 41 6
a 304 384 9
a 305 696 10
a 306 122 3
a 306 441 10
a 306 868 9
a 307 157 1
a 307 580 7
a 308 85 1
a 308 823 1
a 308 873 5
a 309 360 2
a 309 501 5
a 309 631 7
a 310 602 5
a 311 197 2
a 311 615 6
a 312 279 9
a 313 229 9
a 313 333 4
a 313 528 7
a 313 753 1
a 313 778 9
a 314 846 4
a 315 535 2
a 316 645 8
a 317 394 3
a 318 59 4
a 318 442 10
a 318 553 5
a 319 349 9
a 319 683 9
a 319 733 4
a 319 850 6
a 320 321 8
a 320 430 10
a 321 298 6
a 321 788 3
a 322 401 2
a 323 442 5
a 324 103 1
a 324 250 3
a 324 609 4
a 324 884 4
a 325 271 3
a 325 296 6
a 325 409 10
a 325 829 1
a 326 724 9
a 326 889 9
a 327 433 2
a 328 104 4
a 328 357 5
a 328 807 9
a 329 210 7
a 329 522 2
a 329 664 4
a 330 332 7
a 330 541 1
a 331 679 10
a 331 720 7
a 332 543 4
a 332 690 8
a 332 831 7
a 333 220 5
a 333 604 6
a 334 187 2
a 334 723 10
a 335 308 6
a 335 464 10
a 336 207 4
a 336 731 8
a 337 194 7
a 337 525 4
a 338 128 2
a 338 281 4
a 338 399 6
a 339 104 2
a 339 529 4
a 340 112 4
a 340 351 2
a 341 425 4
a 341 592 1
a 341 770 1
a 342 42 9
a 342 55 2
a 342 368 8
a 342 795 6
a 343 753 3
a 343 754 9
a 344 286 2
a 345 122 3
a 346 364 8
a 346 422 8
a 346 701 5
a 347 222 7
a 347 379 2
a 347 402 5
a 347 887 9
a 348 583 7
a 348 874 1
a 349 751 10
a 350 55 7
a 350 293 5
a 350 481 8
a 351 297 2
a 351 313 8
a 352 320 4
a 352 410 6
a 353 549 7
a 354 729 10
a 355 6 3
a 355 248 4
a 356 535 10
a 356 725 5
a 357 428 7
a 357 448 4
a 358 129 7
a 358 301 10
a 358 776 2
a 359 778 5
a 360 133 1
a 360 338 2
a 360 368 3
a 361 439 9
a 362 50 10
a 362 343 8
a 363 685 7
a 364 155 5
a 364 290 7
a 364 715 5
a 364 718 6
a 365 223 5
a 365 446 5
a 365 476 3
a 365 646 10
a 366 254 3
a 366 356 2
a 366 775 8
a 367 21 10
a 367 297 5
a 367 621 6
a 368 30 9
a 368 689 6
a 369 46 8
a 369 612 8
a 369 801 6
a 370 91 6
a 370 100 8
a 370 163 4
a 370 392 2
a 370 511 2
a 371 374 4
a 372 112 9
a 373 89 8
a 373 179 7
a 373 209 8
a 373 255 5
a 373 404 9
a 373 549 6
a 374 224 8
a 374 650 10
a 374 823 4
a 375 53 10
a 376 709 4
a 377 464 9
a 377 698 4
a 377 783 7
a 378 155 6
a 379 350 6
a 380 492 10
a 381 132 2
a 381 786 4
a 382 438 6
a 383 866 4
a 384 516 7
a 384 567 1
a 385 388 4
a 385 563 8
a 385 583 3
a 385 896 4
a 386 87 7
a 386 126 3
a 386 873 2
a 387 245 8
a 387 506 1
a 387 783 3
a 388 713 2
a 389 166 3
a 389 386 10
a 389 612 5
a 390 146 3
a 391 369 1
a 392 374 5
a 392 394 7
a 393 606 9
a 393 620 4
a 394 4 2
a 394 125 8
a 394 480 2
a 394 637 5
a 395 269 5
a 396 453 1
a 397 188 7
a 398 268 1
a 398 465 9
a 399 577 5
a 399 767 6
a 400 469 1
a 400 839 3
a 401 488 6
a 401 794 3
a 402 86 9
a 403 27 7
a 403 220 3
a 404 476 3
a 405 19 5
a 405 57 1
a 405 534 7
a 405 633 10
a 406 778 10
a 407 382 3
a 408 467 7
a 408 490 9
a 408 493 10
a 408 671 3
a 409 272 10
a 409 831 10
a 410 787 1
a 411 424 1
a 411 600 2
a 411 886 3
a 412 639 2
a 413 675 9
a 413 827 1
a 414 814 3
a 414 841 6
a 415 606 9
a 415 808 10
a 415 849 8
a 416 270 2
a 416 565 2
a 417 322 7
a 417 372 7
a 417 501 10
a 417 509 1
a 418 320 7
a 418 332 2
a 419 863 7
a 419 879 3
a 420 421 10
a 421 145 3
a 421 321 5
a 421 346 3
a 422 373 3
a 422 479 5
a 423 140 5
a 423 250 6
a 423 563 7
a 423 587 9
a 424 605 10
a 425 65 5
a 426 140 9
a 426 354 1
a 427 8 7
a 427 634 9
a 428 514 8
a 428 890 4
a 429 480 10
a 429 579 9
a 430 53 2
a 430 284 10
a 431 433 6
a 431 696 3
a 432 300 4
a 433 650 8
a 434 312 5
a 435 649 5
a 435 836 4
a 436 776 4
a 437 472 9
a 437 762 1
a 438 652 3
a 438 866 8
a 439 148 7
a 439 666 5
a 439 810 6
a 440 64 6
a 440 481 2
a 440 883 5
a 441 2 6
a 441 185 10
a 441 654 7
a 442 167 5
a 443 377 2
a 443 505 5
a 443 591 7
a 444 359 8
a 445 320 7
a 446 35 1
a 446 60 3
a 446 574 1
a 447 462 7
a 447 498 4
a 448 202 1
a 448 232 8
a 448 811 4
a 449 92 1
a 450 486 2
a 450 501 9
a 451 233 2
a 451 877 2
a 452 886 7
a 453 554 9
a 454 306 9
a 454 838 3
a 455 118 4
a 456 473 3
a 456 682 5
a 456 891 2
a 457 364 10
a 458 726 6
a 458 855 8
a 459 81 9
a 459 666 3
a 460 710 3
a 461 329 7
a 462 132 3
a 463 665 9
a 464 98 6
a 464 687 3
a 465 263 6
a 465 590 7
a 466 121 7
a 466 781 3
a 467 419 10
a 467 615 8
a 467 626 4
a 467 789 7
a 468 18 5
a 468 191 10
a 468 801 1
a 468 813 7
a 468 822 1
a 469 9 5
a 470 767 8
a 471 90 6
a 472 516 1
a 472 668 7
a 473 344 1
a 473 585 6
a 473 751 3
a 474 558 7
a 474 677 10
a 475 329 5
a 475 496 1
a 476 894 3
a 477 251 3
a 478 449 7
a 479 26 7
a 479 759 10
a 480 629 9
a 480 863 8
a 481 72 2
a 481 137 7
a 481 142 5
a 481 798 6
a 482 156 5
a 482 159 1
a 483 185 4
a 484 203 8
a 485 20 10
a 486 696 7
a 487 13 1
a 488 168 8
a 488 878 6
a 489 66 2
a 489 845 6
a 490 577 3
a 491 200 2
a 491 442 7
a 491 530 4
a 491 547 9
a 491 603 7
a 492 761 3
a 493 584 9
a 494 249 7
a 494 357 7
a 494 834 7
a 495 157 3
a 496 6 4
a 496 730 2
a 496 764 2
a 497 478 1
a 497 869 5
a 498 246 2
a 498 578 10
a 498 818 1
a 499 362 1
a 500 733 4
a 501 282 9
a 501 611 3
a 501 792 8
a 502 560 5
a 503 604 4
a 504 202 3
a 505 79 8
a 505 622 9
a 506 489 9
a 507 51 8
a 508 500 10
a 508 707 3
a 509 38 10
a 509 257 10
a 509 355 6
a 509 393 3
a 510 296 8
a 510 757 4
a 510 802 3
a 511 627 4
a 511 829 7
a 512 504 8
a 513 173 10
a 513 821 5
a 513 855 10
a 514 65 10
a 514 93 8
a 515 385 3
a 516 354 10
a 516 607 7
a 516 744 4
a 517 284 4
a 517 310 8
a 517 337 9
a 517 787 10
a 518 647 5
a 518 741 1
a 518 802 4
a 519 451 4
a 520 489 3
a 521 30 10
a 521 608 2
a 521 758 4
a 521 791 9
a 522 280 1
a 522 469 5
a 522 820 8
a 523 662 2
a 524 235 8
a 525 68 9
a 525 358 3
a 525 434 5
a 525 471 7
a 525 504 4
a 525 832 5
a 526 617 5
a 527 220 6
a 528 372 7
a 529 296 9
a 530 483 3
a 531 290 3
a 532 426 5
a 532 588 1
a 532 705 9
a 533 63 6
a 533 283 6
a 533 514 2
a 534 398 10
a 534 495 1
a 534 527 8
a 535 779 3
a 536 413 9
a 537 376 6
a 537 784 1
a 538 569 8
a 538 831 6
a 539 90 1
a 540 11 9
a 540 513 5
a 541 181 3
a 542 374 8
a 543 194 1
a 543 218 10
a 543 479 10
a 543 889 6
a 544 446 6
a 544 497 6
a 544 672 9
a 545 806 2
a 545 826 3
a 546 8 7
a 547 391 10
a 547 776 4
a 548 186 4
a 548 253 5
a 548 581 3
a 548 842 4
a 549 365 7
a 549 519 1
a 550 140 2
a 550 733 6
a 551 470 6
a 552 518 6
a 552 819 4
a 553 206 8
a 553 517 7
a 554 24 7
a 554 523 5
a 555 261 4
a 555 531 5
a 555 566 7
a 555 789 7
a 556 537 3
a 556 860 3
a 557 141 3
a 557 445 6
a 557 780 8
a 558 12 1
a 558 362 7
a 558 847 1
a 559 150 9
a 559 785 1
a 560 102 2
a 560 205 3
a 560 273 9
a 560 306 4
a 561 515 2
a 561 728 8
a 562 767 7
a 563 193 9
a 563 313 2
a 564 25 1
a 564 548 9
a 565 585 3
a 566 170 8
a 566 297 5
a 567 844 9
a 567 880 4
a 568 257 7
a 569 349 2
a 569 745 9
a 569 865 10
a 570 204 6
a 570 465 8
a 571 833 1
a 572 595 4
a 572 839 3
a 573 440 5
a 573 542 8
a 573 772 1
a 574 226 7
a 574 682 2
a 575 289 10
a 575 291 9
a 576 466 4
a 577 73 5
a 577 281 8
a 577 684 8
a 577 846 3
a 578 337 8
a 579 595 3
a 580 82 4
a 580 449 7
a 580 455 5
a 581 631 2
a 581 695 10
a 582 10 7
a 583 275 6
a 583 316 2
a 583 558 2
a 583 559 4
a 584 270 1
a 584 618 10
a 585 403 4
a 585 430 6
a 586 48 7
a 586 575 8
a 587 473 7
a 588 396 8
a 589 584 7
a 589 762 7
a 590 57 10
a 590 63 5
a 590 816 3
a 591 70 9
a 591 287 3
a 592 689 8
a 593 370 8
a 593 379 2
a 593 654 10
a 593 774 10
a 594 126 2
a 595 412 6
a 596 26 2
a 597 21 2
a 598 138 5
a 598 721 9
a 598 866 10
a 599 37 9
a 599 71 3
a 599 239 7
a 600 262 1
a 600 373 4
a 600 782 5
a 601 426 8
a 602 562 5
a 602 617 10
a 602 859 1
a 603 246 8
a 603 712 10
a 604 55 3
a 604 597 3
a 604 757 8
a 605 318 7
a 605 800 7
a 606 809 1
a 607 156 7
a 608 286 9
a 609 159 3
a 610 43 1
a 610 121 5
a 610 328 2
a 610 816 4
a 611 9 2
a 611 177 8
a 611 470 4
a 612 522 10
a 613 268 5
a 613 648 3
a 613 732 2
a 614 532 2
a 614 666 5
a 615 580 5
a 616 336 4
a 616 580 6
a 617 691 7
a 617 833 9
a 618 16 1
a 618 268 6
a 618 873 4
a 619 190 8
a 619 872 6
a 620 421 10
a 620 487 6
a 621 112 5
a 622 716 9
a 623 578 1
a 623 870 9
a 624 877 4
a 625 726 1
a 625 738 3
a 626 307 10
a 626 335 7
a 626 729 9
a 627 354 5
a 628 135 2
a 628 303 7
a 628 403 4
a 629 129 8
a 630 599 8
a 630 704 1
a 631 396 1
a 631 799 10
a 632 809 1
a 633 317 3
a 633 639 2
a 634 504 7
a 635 865 7
a 636 366 9
a 637 830 5
a 637 844 3
a 638 240 9
a 638 518 4
a 639 693 10
a 639 698 3
a 640 265 6
a 640 662 2
a 641 330 6
a 641 395 7
a 642 67 1
a 642 504 7
a 642 849 2
a 643 754 2
a 644 258 2
a 644 710 4
a 645 585 3
a 646 390 1
a 647 618 10
a 648 154 5
a 648 616 4
a 649 300 6
a 649 807 8
a 650 168 3
a 650 263 8
a 650 836 7
a 651 371 5
a 651 375 7
a 652 236 4
a 652 331 6
a 652 761 5
a 653 181 6
a 653 364 1
a 654 45 7
a 654 411 3
a 654 528 2
a 655 146 7
a 655 785 10
a 656 332 6
a 656 436 4
a 656 694 9
a 656 755 6
a 657 80 5
a 657 156 8
a 657 366 3
a 657 405 5
a 658 588 9
a 659 325 6
a 659 453 3
a 660 155 2
a 661 876 4
a 662 23 4
a 662 29 8
a 663 167 7
a 663 213 4
a 663 541 5
a 663 756 7
a 664 108 10
a 664 667 2
a 665 522 3
a 666 416 10
a 667 164 2
a 667 877 6
a 668 44 8
a 668 94 7
a 668 729 2
a 669 677 2
a 669 777 7
a 670 219 9
a 670 359 8
a 671 629 1
a 672 267 7
a 673 524 2
a 673 762 10
a 674 312 4
a 674 599 5
a 675 270 9
a 676 784 7
a 677 564 1
a 678 185 1
a 678 697 1
a 678 763 6
a 679 352 1
a 679 599 1
a 680 122 1
a 680 165 1
a 680 438 6
a 681 779 9
a 681 796 5
a 682 577 7
a 683 453 4
a 683 673 1
a 684 450 2
a 684 486 9
a 684 892 6
a 685 116 2
a 685 146 10
a 685 265 5
a 686 84 4
a 687 12 4
a 687 339 1
a 688 151 5
a 688 450 10
a 689 88 4
a 689 785 3
a 690 178 1
a 690 812 4
a 691 369 8
a 691 604 7
a 692 618 8
a 692 897 4
a 693 300 9
a 694 258 8
a 694 317 9
a 695 698 1
a 696 8 7
a 696 366 10
a 696 544 3
a 696 641 10
a 697 224 10
a 697 864 2
a 698 782 10
a 698 856 3
a 699 385 7
a 699 511 2
a 699 560 7
a 700 167 5
a 700 383 5
a 701 343 9
a 702 236 4
a 702 542 3
a 703 423 4
a 703 675 6
a 704 174 8
a 704 367 6
a 704 570 3
a 704 843 5
a 705 31 8
a 705 537 9
a 705 700 10
a 706 49 7
a 706 413 8
a 706 670 3
a 706 835 4
a 707 178 9
a 708 171 6
a 708 360 2
a 708 699 8
a 709 305 6
a 709 707 10
a 709 805 4
a 710 260 6
a 710 305 7
a 710 717 5
a 711 37 7
a 711 461 8
a 711 500 6
a 711 578 8
a 712 6 3
a 712 76 1
a 713 624 1
a 713 719 5
a 713 878 5
a 714 153 5
a 714 196 6
a 714 362 9
a 715 221 1
a 715 348 3
a 716 432 5
a 717 145 5
a 717 617 9
a 718 844 9
a 719 393 4
a 719 451 1
a 720 890 9
a 721 169 1
a 722 258 10
a 723 138 7
a 723 207 5
a 723 421 6
a 724 413 1
a 725 698 8
a 726 235 1
a 726 389 10
a 726 400 6
a 726 526 1
a 727 230 1
a 727 260 6
a 727 567 5
a 728 375 8
a 728 600 5
a 729 653 2
a 730 310 4
a 730 723 6
a 731 100 8
a 731 853 10
a 732 277 10
a 732 380 5
a 732 728 6
a 732 814 4
a 733 69 1
a 733 351 5
a 733 663 2
a 734 146 8
a 734 420 5
a 734 851 6
a 735 231 4
a 735 836 6
a 736 439 9
a 736 657 5
a 736 676 5
a 736 863 5
a 737 823 6
a 737 844 3
a 738 342 6
a 738 450 10
a 738 489 5
a 739 337 2
a 740 838 3
a 741 867 6
a 741 883 4
a 742 58 7
a 742 157 5
a 743 539 10
a 743 564 1
a 743 745 10
a 744 167 7
a 744 605 8
a 745 29 3
a 745 190 5
a 745 330 6
a 746 125 3
a 746 306 3
a 746 714 6
a 747 25 7
a 748 172 10
a 748 641 4
a 748 716 7
a 749 143 10
a 750 468 7
a 751 475 8
a 752 150 3
a 752 408 3
a 752 739 1
a 753 14 1
a 754 551 8
a 755 3 5
a 756 314 6
a 756 537 1
a 757 12 8
a 757 225 1
a 757 619 8
a 758 299 9
a 759 658 3
a 760 211 1
a 760 378 8
a 760 449 5
a 761 238 8
a 761 246 6
a 762 9 8
a 762 648 8
a 762 898 7
a 763 311 3
a 763 359 5
a 763 602 2
a 763 746 7
a 763 842 6
a 764 226 6
a 764 352 3
a 765 105 2
a 765 189 1
a 765 319 8
a 765 726 2
a 766 738 5
a 767 591 3
a 768 686 3
a 769 129 9
a 769 705 5
a 770 374 5
a 770 548 9
a 770 835 7
a 770 839 2
a 771 39 2
a 771 310 5
a 771 527 4
a 771 628 8
a 772 123 7
a 772 592 10
a 772 593 6
a 773 782 6
a 774 9 10
a 774 669 2
a 775 22 8
a 775 313 10
a 776 361 3
a 776 597 9
a 777 111 7
a 777 417 1
a 777 686 10
a 778 383 1
a 779 891 5
a 780 758 6
a 781 107 6
a 781 418 6
a 781 535 7
a 781 574 4
a 782 400 2
a 782 477 8
a 782 681 1
a 782 868 9
a 783 464 6
a 783 558 10
a 784 139 4
a 784 503 3
a 784 806 1
a 785 265 1
a 786 201 7
a 786 596 10
a 787 7 1
a 787 609 7
a 787 623 3
a 788 83 9
a 788 124 8
a 788 326 1
a 789 484 7
a 789 759 2
a 789 857 6
a 790 760 9
a 791 437 5
a 792 802 9
a 793 401 10
a 794 709 3
a 794 856 6
a 795 729 8
a 796 255 7
a 796 443 6
a 797 70 9
a 797 637 9
a 797 885 1
a 798 148 10
a 799 406 8
a 800 47 2
a 800 180 5
a 800 735 7
a 800 877 10
a 801 624 10
a 801 747 10
a 802 11 8
a 802 460 5
a 802 612 3
a 803 223 8
a 804 181 8
a 804 195 7
a 805 269 10
a 805 422 3
a 805 432 3
a 805 896 6
a 806 165 9
a 806 406 7
a 807 549 1
a 808 33 3
a 809 436 1
a 810 200 2
a 810 286 4
a 810 408 7
a 811 118 9
a 811 119 2
a 811 885 4
a 812 186 6
a 812 485 2
a 812 572 1
a 813 700 10
a 814 831 6
a 815 482 2
a 815 876 7
a 816 96 8
a 816 369 1
a 816 825 6
a 817 139 10
a 817 353 6
a 818 107 5
a 819 136 10
a 819 160 9
a 819 667 7
a 820 587 7
a 820 661 7
a 820 752 8
a 821 672 2
a 822 78 6
a 822 518 3
a 822 837 8
a 823 500 5
a 824 52 4
a 824 73 10
a 825 48 10
a 825 327 10
a 825 365 7
a 826 134 5
a 826 438 4
a 827 280 3
a 828 660 6
a 828 857 4
a 829 278 8
a 829 710 2
a 829 794 4
a 830 460 3
a 831 58 1
a 831 751 7
a 832 209 9
a 833 143 2
a 834 3 10
a 834 640 8
a 835 822 6
a 836 431 9
a 836 570 10
a 837 53 9
a 837 374 8
a 838 836 8
a 839 289 8
a 839 586 7
a 839 676 10
a 840 4 4
a 841 545 5
a 841 804 10
a 842 128 7
a 842 483 6
a 842 771 8
a 843 573 1
a 843 593 8
a 844 694 9
a 845 498 3
a 845 613 6
a 845 862 8
a 846 79 1
a 846 633 7
a 847 86 4
a 848 770 2
a 849 860 8
a 850 79 5
a 851 638 4
a 851 761 7
a 852 38 6
a 853 422 7
a 854 874 6
a 855 336 2
a 856 557 9
a 857 110 2
a 857 685 6
a 858 345 9
a 858 429 10
a 859 69 7
a 859 214 3
a 859 347 9
a 859 390 9
a 860 215 2
a 861 299 9
a 862 274 3
a 862 669 2
a 863 758 9
a 864 709 1
a 864 809 5
a 865 819 8
a 865 881 5
a 866 130 9
a 866 758 1
a 867 614 2
a 867 790 6
a 867 814 8
a 868 585 6
a 869 452 2
a 869 837 1
a 870 110 1
a 870 114 10
a 870 348 8
a 871 51 3
a 871 397 3
a 872 434 9
a 873 120 9
a 873 471 3
a 874 208 8
a 874 449 10
a 875 351 3
a 875 896 10
a 876 54 4
a 876 314 6
a 876 472 1
a 877 418 10
a 878 111 9
a 878 722 7
a 879 41 8
a 879 94 7
a 879 574 9
a 879 757 9
a 880 601 7
a 881 738 10
a 882 574 6
a 882 635 3
a 883 283 6
a 884 193 5
a 884 855 6
a 885 13 1
a 885 454 9
a 886 491 8
a 886 841 1
a 887 470 3
a 888 72 2
a 889 340 10
a 889 536 4
a 890 29 10
a 890 302 5
a 891 99 4
a 891 327 9
a 891 644 5
a 891 750 3
a 892 39 10
a 892 202 1
a 892 243 7
a 893 54 5
a 893 663 6
a 894 528 10
a 895 15 9
a 895 317 9
a 895 386 8
a 895 414 10
a 896 17 10
a 896 162 4
a 896 416 3
a 896 788 1
a 897 326 6
a 898 191 2
a 899 529 10
