p max 900 1800
n 1 s
n 900 t
a 1 375 8
a 1 735 2
a 2 62 2
a 2 753 7
a 2 816 5
a 3 225 4
a 3 579 3
a 3 662 4
a 4 10 5
a 4 365 8
a 5 601 6
a 6 560 7
a 6 700 6
a 6 874 9
a 7 116 3
a 8 772 3
a 9 209 10
a 9 334 9
a 9 549 1
a 9 633 8
a 10 609 5
a 11 129 7
a 12 435 2
a 12 634 7
a 13 159 3
a 14 106 9
a 15 460 5
a 16 206 7
a 17 5 7
a 17 676 8
a 18 121 8
a 18 283 1
a 19 296 7
a 19 588 2
a 19 765 9
a 20 798 5
a 21 164 6
a 21 758 4
a 22 64 3
a 23 3 4
a 23 582 9
a 24 465 10
a 25 327 1
a 25 406 6
a 25 762 10
a 26 83 1
a 27 313 3
a 28 787 9
a 29 13 3
a 29 430 10
a 30 289 6
a 31 209 6
a 31 521 10
a 32 192 2
a 33 287 3
a 33 895 5
a 34 159 4
a 34 460 2
a 34 477 8
a 34 577 5
a 34 720 9
a 34 754 5
a 35 828 9
a 36 507 6
a 36 558 6
a 37 381 2
a 37 767 3
a 38 423 4
a 38 529 8
a 38 853 9
a 39 488 5
a 40 405 10
a 40 618 9
a 41 376 1
a 41 637 2
a 41 726 5
a 41 870 9
a 42 475 5
a 42 813 8
a 43 353 2
a 43 839 5
a 43 871 2
a 44 315 8
a 44 831 6
a 45 56 5
a 45 312 10
a 45 710 6
a 46 395 1
a 46 893 5
a 47 776 2
a 47 790 4
a 48 219 4
a 48 501 4
a 49 137 9
a 50 594 8
a 50 804 8
a 51 421 1
a 52 2 6
a 52 123 3
a 53 477 6
a 54 221 2
a 54 393 2
a 55 561 1
a 56 237 6
a 56 835 6
a 57 3 2
a 57 475 7
a 57 481 5
a 58 8 3
a 58 726 1
a 59 891 8
a 60 714 2
a 61 15 4
a 61 21 10
a 61 833 1
a 62 611 5
a 62 755 2
a 63 4 3
a 63 39 4
a 63 67 6
a 63 777 2
a 64 567 5
a 65 57 5
a 65 815 1
a 65 865 3
a 66 7 5
a 66 567 7
a 67 75 9
a 67 218 9
a 67 541 10
a 67 633 4
a 68 366 7
a 69 178 1
a 70 319 4
a 70 390 8
a 70 751 9
a 70 802 9
a 71 801 3
a 72 34 5
a 72 157 7
a 73 22 2
a 73 224 5
a 73 563 1
a 74 811 5
a 75 512 3
a 76 304 4
a 76 443 10
a 76 701 7
a 77 85 8
a 78 723 5
a 79 335 6
a 79 690 3
a 80 582 4
a 81 442 2
a 81 862 8
a 82 167 4
a 83 419 7
a 84 828 6
a 85 28 5
a 85 39 2
a 86 119 7
a 86 207 10
a 86 256 3
a 86 755 10
a 87 85 1
a 87 145 9
a 87 286 8
a 87 410 8
a 87 813 10
a 88 192 6
a 88 267 8
a 89 783 10
a 90 100 9
a 90 147 4
a 91 206 2
a 91 637 10
a 92 506 7
a 92 819 8
a 93 825 10
a 93 833 3
a 94 508 9
a 95 36 7
a 95 141 10
a 96 178 10
a 96 259 7
a 96 884 3
a 97 337 5
a 97 630 7
a 98 454 3
a 98 499 1
a 98 696 9
a 98 765 2
a 99 21 9
a 99 827 8
a 100 208 7
a 100 262 2
a 100 382 2
a 100 626 7
a 101 498 4
a 102 349 5
a 103 334 4
a 104 348 4
a 104 411 2
a 105 373 1
a 106 61 10
a 106 501 4
a 107 19 7
a 107 387 3
a 108 156 8
a 109 581 1
a 109 593 4
a 109 771 5
a 110 140 6
a 110 393 2
a 111 40 1
a 112 379 1
a 112 550 6
a 112 686 5
a 113 105 4
a 113 777 3
a 114 244 7
a 114 539 5
a 115 126 2
a 115 688 4
a 115 866 10
a 116 551 6
a 116 630 1
a 117 49 2
a 117 680 6
a 118 344 1
a 118 652 4
a 118 755 10
a 119 732 5
a 120 59 10
a 120 346 6
a 121 517 9
a 121 735 5
a 122 432 1
a 122 539 3
a 122 731 9
a 123 384 9
a 123 886 3
a 124 160 2
a 124 565 7
a 124 742 6
a 125 288 1
a 126 242 6
a 127 109 2
a 127 340 1
a 127 670 10
a 128 444 9
a 128 540 6
a 129 815 4
a 129 818 9
a 130 433 4
a 130 502 2
a 131 677 1
a 131 692 1
a 132 160 5
a 132 871 3
a 133 346 5
a 134 424 10
a 134 569 10
a 135 376 3
a 136 545 4
a 136 850 4
a 137 44 9
a 138 55 5
a 138 341 6
a 139 310 7
a 139 327 8
a 139 495 4
a 139 823 6
a 140 50 10
a 140 573 10
a 141 51 5
a 142 86 1
a 142 587 1
a 143 815 2
a 144 613 8
a 144 833 10
a 145 88 6
a 145 204 10
a 145 245 8
a 145 364 8
a 145 463 7
a 145 829 4
a 146 335 4
a 146 899 5
a 147 243 9
a 147 624 5
a 147 669 5
a 147 841 3
a 148 32 10
a 148 712 8
a 149 442 3
a 149 526 7
a 149 760 8
a 150 622 10
a 151 243 3
a 152 622 5
a 152 631 1
a 153 134 10
a 153 237 6
a 153 513 5
a 154 447 4
a 154 491 5
a 154 883 9
a 155 594 1
a 156 380 4
a 156 567 3
a 156 574 8
a 156 878 6
a 157 622 6
a 157 723 8
a 158 76 3
a 158 227 1
a 158 349 4
a 158 852 6
a 159 166 1
a 159 855 10
a 160 304 3
a 160 315 5
a 160 764 4
a 160 811 4
a 161 738 10
a 162 890 2
a 163 245 5
a 164 390 9
a 164 718 7
a 165 80 7
a 166 87 4
a 167 592 8
a 168 254 7
a 168 625 8
a 169 326 4
a 169 703 1
a 170 216 4
a 170 810 1
a 171 156 3
a 171 509 2
a 171 816 4
a 172 55 10
a 173 306 5
a 173 366 4
a 173 625 3
a 174 586 2
a 174 718 4
a 175 148 6
a 175 198 4
a 175 422 1
a 175 671 3
a 176 413 8
a 176 741 6
a 177 812 5
a 178 98 4
a 179 252 6
a 179 516 3
a 180 702 7
a 181 424 8
a 182 371 1
a 183 827 7
a 184 445 5
a 184 811 10
a 185 321 9
a 185 812 3
a 186 459 10
a 187 21 4
a 187 566 1
a 188 497 9
a 188 641 7
a 188 702 6
a 189 511 5
a 189 572 8
a 189 768 1
a 190 689 9
a 191 594 1
a 192 107 7
a 192 479 4
a 192 576 6
a 192 648 10
a 193 181 2
a 193 280 2
a 193 705 6
a 194 371 3
a 194 541 8
a 194 898 2
a 195 544 4
a 195 580 9
a 196 459 2
a 197 240 3
a 198 480 9
a 199 246 6
a 199 694 1
a 200 561 9
a 200 891 7
a 201 311 6
a 201 487 9
a 201 727 7
a 202 40 6
a 202 395 9
a 203 895 10
a 204 439 6
a 204 493 6
a 204 584 5
a 205 223 3
a 205 634 5
a 206 114 3
a 206 343 6
a 206 454 2
a 207 257 4
a 207 750 10
a 208 30 4
a 209 95 9
a 209 546 9
a 209 805 4
a 210 120 10
a 210 246 4
a 210 590 3
a 211 228 7
a 212 341 6
a 213 709 4
a 214 519 9
a 214 577 9
a 214 583 4
a 214 864 6
a 215 96 9
a 215 721 9
a 216 781 9
a 217 42 1
a 217 84 1
a 217 389 1
a 217 801 7
a 218 262 9
a 218 508 2
a 219 461 2
a 219 575 9
a 219 591 8
a 219 707 2
a 220 534 9
a 220 602 9
a 221 882 9
a 222 486 2
a 223 751 4
a 224 316 4
a 224 749 2
a 225 160 2
a 225 306 8
a 225 386 8
a 225 455 6
a 225 829 7
a 226 533 9
a 226 564 7
a 226 647 10
a 227 629 9
a 227 662 6
a 228 27 8
a 228 382 9
a 229 397 9
a 230 73 7
a 231 250 8
a 231 841 1
a 232 224 4
a 232 691 9
a 233 543 7
a 234 97 8
a 235 355 1
a 235 594 2
a 235 655 1
a 235 691 1
a 236 650 4
a 237 211 5
a 237 351 1
a 237 747 6
a 238 130 9
a 238 189 3
a 238 371 5
a 239 108 3
a 239 270 1
a 239 837 1
a 239 844 8
a 240 657 5
a 241 879 4
a 242 575 7
a 243 156 10
a 244 102 5
a 244 847 8
a 245 600 5
a 245 725 4
a 245 733 9
a 246 363 8
a 247 615 1
a 247 624 10
a 247 628 2
a 248 531 3
a 249 70 8
a 249 261 9
a 249 875 4
a 250 239 4
a 250 478 2
a 251 185 7
a 251 675 10
a 252 592 10
a 253 392 4
a 253 504 7
a 253 814 1
a 254 641 4
a 255 169 1
a 255 375 10
a 255 524 9
a 256 132 8
a 256 263 8
a 256 689 2
a 256 892 3
a 257 132 7
a 258 578 3
a 258 611 5
a 258 622 10
a 259 86 2
a 259 457 2
a 260 578 7
a 260 619 6
a 261 197 4
a 261 492 7
a 261 849 2
a 262 71 3
a 263 709 10
a 264 80 1
a 264 510 10
a 264 576 4
a 265 144 10
a 265 465 10
a 265 736 2
a 266 301 4
a 267 643 6
a 268 246 4
a 268 402 3
a 269 543 6
a 269 601 7
a 269 638 2
a 269 704 6
a 270 191 8
a 270 199 10
a 270 272 10
a 271 190 8
a 271 636 2
a 271 794 6
a 272 277 7
a 273 579 3
a 274 275 6
a 274 530 3
a 274 574 1
a 275 212 7
a 275 806 5
a 276 139 10
a 277 77 9
a 277 488 4
a 277 683 2
a 277 822 10
a 278 2 3
a 278 570 6
a 279 476 5
a 280 182 5
a 280 523 7
a 280 795 5
a 281 190 7
a 281 451 6
a 281 672 5
a 282 461 1
a 282 639 1
a 282 885 10
a 283 359 1
a 283 531 8
a 283 614 4
a 284 212 10
a 284 435 6
a 285 295 9
a 285 300 4
a 286 258 5
a 287 821 9
a 288 425 8
a 289 208 9
a 289 277 5
a 290 5 9
a 290 550 6
a 290 635 9
a 291 194 4
a 291 274 6
a 292 26 4
a 292 68 2
a 292 387 4
a 293 12 4
a 293 255 2
a 294 279 9
a 295 829 7
a 296 9 3
a 296 161 7
a 296 759 3
a 297 117 6
a 297 407 8
a 298 37 9
a 298 415 10
a 299 246 3
a 300 875 3
a 301 325 6
a 301 421 7
a 301 458 4
a 301 652 1
a 301 798 9
a 302 394 3
a 302 420 9
a 302 432 2
a 302 449 1
a 302 682 10
a 303 316 8
a 303 681 5
a 304 41 3
a 304 368 5
a 304 887 8
a 305 342 9
a 306 259 2
a 307 716 7
a 308 173 2
a 309 298 4
a 309 360 3
a 309 695 7
a 310 11 4
a 311 59 7
a 311 309 4
a 312 606 7
a 313 430 1
a 313 522 4
a 313 689 7
a 314 894 2
a 315 397 5
a 315 407 4
a 315 735 7
a 316 152 6
a 316 441 1
a 316 568 7
a 317 410 4
a 318 72 6
a 318 464 4
a 318 771 3
a 319 373 1
a 319 715 2
a 320 749 4
a 321 302 1
a 321 826 8
a 322 274 6
a 322 438 1
a 322 872 7
a 323 84 5
a 323 355 8
a 323 739 5
a 324 423 9
a 325 474 9
a 325 552 3
a 325 799 6
a 326 429 10
a 326 500 9
a 327 248 7
a 327 743 5
a 327 855 3
a 328 187 2
a 329 335 2
a 329 462 7
a 330 236 4
a 330 395 4
a 331 645 9
a 332 373 8
a 332 894 6
a 333 131 5
a 333 170 5
a 333 344 3
a 334 70 6
a 334 584 5
a 335 688 10
a 335 773 2
a 336 363 2
a 336 685 8
a 337 450 8
a 338 356 5
a 338 872 10
a 339 122 7
a 340 234 8
a 340 736 5
a 341 500 2
a 341 693 10
a 341 807 3
a 342 569 7
a 342 604 10
a 343 171 6
a 343 418 6
a 344 674 8
a 345 121 8
a 345 226 4
a 346 800 7
a 347 205 7
a 347 650 6
a 348 111 6
a 348 529 5
a 348 650 1
a 348 890 1
a 349 264 1
a 349 496 9
a 349 600 8
a 350 603 2
a 351 68 7
a 351 84 1
a 351 172 3
a 351 848 3
a 352 62 6
a 352 820 5
a 353 300 7
a 353 400 4
a 353 617 7
a 354 400 6
a 354 599 4
a 355 340 7
a 355 630 3
a 356 875 8
a 357 38 10
a 357 763 8
a 358 696 6
a 359 162 5
a 359 401 2
a 359 645 6
a 360 474 9
a 360 514 9
a 361 466 9
a 362 79 7
a 362 290 1
a 362 838 5
a 363 40 8
a 363 891 2
a 364 90 7
a 364 406 10
a 364 592 3
a 365 111 5
a 366 288 4
a 366 819 10
a 367 298 6
a 367 859 2
a 368 581 6
a 369 87 1
a 369 616 4
a 370 476 9
a 370 699 8
a 371 94 2
a 371 649 7
a 371 882 3
a 372 79 10
a 372 453 4
a 373 142 10
a 373 478 2
a 373 701 2
a 374 759 1
a 375 659 1
a 375 744 10
a 376 29 7
a 376 277 3
a 376 873 9
a 377 222 9
a 378 552 3
a 378 597 2
a 379 103 6
a 379 548 3
a 379 624 1
a 380 284 4
a 380 291 9
a 380 497 8
a 380 623 6
a 381 770 5
a 382 196 4
a 382 362 5
a 382 401 3
a 383 781 2
a 383 814 7
a 384 147 4
a 384 716 8
a 385 53 3
a 385 774 2
a 386 392 1
a 386 414 2
a 386 761 9
a 387 37 6
a 387 233 5
a 387 823 7
a 387 858 1
a 388 23 1
a 388 659 4
a 388 785 10
a 389 699 5
a 390 14 9
a 390 110 8
a 390 212 10
a 390 556 5
a 390 812 10
a 391 784 5
a 392 238 1
a 393 161 1
a 393 808 4
a 394 107 2
a 395 357 10
a 395 466 5
a 395 854 1
a 396 764 1
a 397 51 5
a 397 474 8
a 397 797 6
a 398 27 7
a 398 414 9
a 399 232 9
a 399 277 10
a 399 664 9
a 399 714 5
a 400 8 2
a 400 328 1
a 401 312 2
a 401 647 1
a 402 868 5
a 403 146 4
a 403 345 8
a 403 518 3
a 403 680 1
a 404 280 7
a 405 94 3
a 405 115 4
a 405 438 1
a 405 900 6
a 406 409 3
a 406 502 5
a 407 738 7
a 408 175 4
a 408 774 5
a 409 168 4
a 410 36 9
a 411 444 7
a 412 182 7
a 413 347 5
a 413 809 7
a 414 179 5
a 414 521 2
a 415 128 2
a 415 553 1
a 416 108 1
a 416 149 9
a 416 539 10
a 417 338 4
a 417 364 1
a 418 503 8
a 419 46 1
a 419 86 1
a 419 420 8
a 420 464 10
a 421 18 2
a 421 600 6
a 421 708 6
a 422 16 3
a 422 47 8
a 422 832 3
a 423 303 8
a 423 803 4
a 423 865 6
a 424 202 9
a 424 535 4
a 425 845 7
a 426 83 9
a 426 423 4
a 426 585 4
a 427 749 2
a 428 43 5
a 428 611 7
a 429 833 4
a 430 106 2
a 431 564 2
a 432 891 1
a 433 94 8
a 433 613 6
a 434 792 8
a 434 810 3
a 435 82 2
a 435 440 9
a 436 60 9
a 436 400 3
a 436 706 4
a 436 865 5
a 437 710 4
a 437 758 1
a 437 817 7
a 438 22 10
a 438 252 5
a 438 687 6
a 439 346 3
a 439 594 10
a 440 388 8
a 440 612 5
a 440 614 9
a 441 176 8
a 442 161 1
a 442 668 1
a 442 893 3
a 443 548 3
a 444 68 3
a 444 576 9
a 445 350 9
a 445 694 6
a 446 484 5
a 446 739 2
a 447 186 2
a 447 276 7
a 447 489 7
a 447 584 4
a 448 315 6
a 449 473 10
a 450 171 9
a 450 505 5
a 451 427 7
a 451 618 5
a 452 710 9
a 453 579 1
a 454 69 1
a 454 487 8
a 455 159 7
a 456 12 10
a 456 219 7
a 456 555 5
a 457 577 3
a 457 896 5
a 458 868 10
a 459 16 10
a 460 378 5
a 461 428 7
a 462 12 7
a 462 331 3
a 462 341 8
a 462 487 3
a 463 266 9
a 464 696 5
a 464 766 3
a 465 234 3
a 465 645 5
a 466 409 7
a 466 782 3
a 467 98 9
a 467 362 3
a 468 121 8
a 468 763 10
a 469 821 4
a 470 333 6
a 471 609 4
a 472 28 7
a 473 789 9
a 474 455 4
a 474 824 3
a 475 355 5
a 475 507 4
a 475 660 4
a 476 337 1
a 476 520 6
a 476 754 6
a 477 514 1
a 477 860 7
a 478 176 2
a 478 790 4
a 478 844 1
a 479 94 6
a 479 342 6
a 479 358 2
a 480 87 10
a 480 250 9
a 480 478 9
a 481 249 1
a 481 330 1
a 482 48 8
a 483 223 4
a 483 520 8
a 484 508 4
a 485 149 3
a 485 480 9
a 486 13 7
a 486 65 2
a 486 182 5
a 486 740 9
a 487 550 9
a 488 215 6
a 488 469 4
a 488 710 2
a 489 93 8
a 489 547 3
a 489 583 7
a 489 678 9
a 490 294 5
a 490 627 6
a 491 281 5
a 491 770 8
a 492 84 3
a 493 278 9
a 493 770 10
a 494 90 4
a 495 299 2
a 496 561 4
a 497 661 10
a 497 742 6
a 498 257 7
a 498 323 3
a 499 231 3
a 500 399 6
a 501 265 2
a 501 301 10
a 502 169 2
a 502 485 4
a 502 654 6
a 503 162 10
a 503 290 4
a 503 370 10
a 503 878 5
a 504 842 8
a 505 279 8
a 506 328 5
a 506 534 8
a 507 237 1
a 508 465 9
a 508 562 2
a 509 869 8
a 510 787 5
a 510 801 4
a 511 221 3
a 512 38 1
a 512 791 1
a 513 417 8
a 513 555 7
a 513 804 6
a 514 755 1
a 515 519 2
a 515 672 4
a 516 514 6
a 516 823 4
a 517 214 8
a 517 231 6
a 517 877 2
a 518 131 2
a 518 148 6
a 518 428 10
a 518 605 5
a 519 213 10
a 520 794 10
a 521 153 3
a 521 684 10
a 521 877 4
a 522 544 8
a 522 631 8
a 522 897 6
a 523 195 10
a 523 467 9
a 523 468 1
a 523 684 2
a 524 59 8
a 525 26 5
a 525 157 8
a 525 184 9
a 525 412 6
a 526 591 5
a 527 356 2
a 528 261 1
a 528 429 8
a 529 84 2
a 529 780 1
a 530 283 10
a 530 486 8
a 531 70 9
a 531 724 9
a 531 783 5
a 532 124 2
a 532 266 2
a 532 674 6
a 533 289 2
a 533 770 1
a 534 171 5
a 535 133 7
a 535 229 10
a 535 385 1
a 535 854 4
a 536 556 1
a 537 790 10
a 538 329 9
a 538 494 2
a 539 155 9
a 539 239 5
a 540 256 5
a 540 713 3
a 540 717 6
a 541 563 2
a 542 39 2
a 543 441 5
a 543 462 5
a 544 601 8
a 544 871 2
a 545 273 10
a 545 454 2
a 546 80 1
a 547 359 2
a 548 621 1
a 548 779 2
a 549 228 9
a 549 525 8
a 549 881 9
a 550 201 10
a 550 637 8
a 551 10 6
a 552 89 5
a 552 705 7
a 553 379 5
a 553 734 7
a 554 558 5
a 554 767 3
a 555 91 10
a 555 667 5
a 556 693 7
a 557 25 1
a 557 776 2
a 557 859 4
a 558 89 10
a 559 151 1
a 559 472 7
a 559 515 5
a 559 743 10
a 560 180 1
a 560 566 5
a 560 738 8
a 561 33 1
a 561 493 4
a 562 13 8
a 562 870 9
a 563 226 6
a 564 568 8
a 564 712 8
a 564 888 5
a 565 78 3
a 565 200 5
a 565 213 2
a 566 546 5
a 567 408 8
a 567 696 6
a 568 30 4
a 568 173 2
a 568 369 1
a 568 851 8
a 569 76 3
a 569 294 4
a 569 698 8
a 570 298 9
a 571 620 8
a 571 719 6
a 572 355 1
a 572 589 9
a 572 846 8
a 572 880 9
a 573 309 5
a 574 208 3
a 575 58 9
a 575 63 6
a 576 193 1
a 576 256 3
a 576 509 5
a 577 206 3
a 577 242 3
a 577 722 2
a 578 339 6
a 578 651 10
a 579 134 7
a 579 567 10
a 579 667 9
a 580 268 9
a 580 398 3
a 580 618 2
a 580 746 4
a 581 143 2
a 581 183 2
a 581 596 2
a 581 876 10
a 581 898 10
a 582 271 6
a 582 326 5
a 582 606 2
a 583 744 4
a 584 757 4
a 585 641 1
a 586 473 9
a 586 579 5
a 587 597 8
a 588 576 6
a 588 865 2
a 589 597 9
a 589 603 4
a 590 154 5
a 590 447 8
a 591 268 4
a 592 217 9
a 592 248 4
a 592 590 2
a 593 384 7
a 593 732 6
a 593 876 4
a 594 122 4
a 594 165 6
a 595 723 5
a 596 363 4
a 596 528 6
a 596 557 9
a 597 609 8
a 597 820 1
a 598 228 4
a 598 664 1
a 598 748 9
a 598 799 9
a 599 58 10
a 599 147 10
a 599 861 2
a 600 222 10
a 601 571 9
a 602 512 10
a 603 167 7
a 603 230 9
a 603 802 8
a 604 512 1
a 604 538 5
a 604 867 6
a 605 567 3
a 605 745 1
a 605 843 5
a 606 264 8
a 606 709 10
a 606 711 1
a 607 124 2
a 607 406 7
a 607 792 9
a 608 476 2
a 608 893 7
a 609 53 10
a 609 223 2
a 609 260 6
a 610 101 5
a 610 461 5
a 611 162 4
a 611 830 7
a 612 332 6
a 612 482 3
a 613 599 3
a 614 507 7
a 615 281 2
a 615 770 8
a 616 317 8
a 616 632 5
a 617 584 6
a 618 126 6
a 618 128 5
a 619 129 8
a 619 491 4
a 619 706 7
a 620 240 4
a 620 403 3
a 620 841 2
a 621 675 7
a 621 786 8
a 622 788 6
a 623 148 7
a 623 721 10
a 624 104 8
a 624 838 3
a 625 46 3
a 626 586 10
a 627 360 8
a 627 529 5
a 628 54 4
a 628 723 3
a 629 324 4
a 629 391 3
a 630 299 10
a 631 224 10
a 632 77 3
a 632 568 9
a 632 741 7
a 633 206 2
a 633 774 6
a 634 80 10
a 634 95 10
a 634 470 8
a 635 474 6
a 636 238 5
a 636 776 6
a 637 216 4
a 638 31 3
a 638 71 6
a 638 659 5
a 639 417 10
a 640 85 10
a 641 300 4
a 641 673 7
a 642 516 7
a 643 73 1
a 643 85 4
a 643 294 9
a 643 304 9
a 643 554 2
a 644 320 9
a 644 466 2
a 644 734 7
a 645 641 9
a 645 828 9
a 646 42 5
a 647 297 10
a 647 527 5
a 648 371 1
a 648 604 10
a 648 775 2
a 648 824 8
a 649 61 10
a 649 282 10
a 649 411 5
a 650 177 4
a 650 661 7
a 651 523 10
a 652 17 6
a 652 647 5
a 652 756 6
a 653 191 4
a 653 342 1
a 653 409 1
a 654 676 1
a 655 32 4
a 656 753 5
a 657 198 4
a 657 768 9
a 658 596 10
a 659 364 1
a 660 251 10
a 660 715 5
a 661 167 3
a 662 52 10
a 662 205 7
a 663 489 4
a 664 234 3
a 664 317 9
a 664 897 3
a 665 392 10
a 665 540 5
a 666 138 7
a 666 375 5
a 666 658 3
a 667 92 7
a 667 189 5
a 667 350 6
a 668 378 4
a 669 541 2
a 670 212 1
a 670 613 1
a 671 551 4
a 672 614 1
a 672 764 4
a 673 8 7
a 673 318 5
a 674 231 10
a 674 336 10
a 675 253 10
a 675 285 9
a 676 335 1
a 676 437 3
a 676 456 1
a 676 634 4
a 676 651 9
a 676 759 2
a 676 900 6
a 677 116 3
a 677 177 3
a 678 372 4
a 678 397 4
a 678 503 9
a 679 308 9
a 679 378 3
a 679 692 1
a 680 827 10
a 681 725 5
a 682 556 1
a 683 814 4
a 684 188 8
a 685 169 10
a 685 370 1
a 685 823 4
a 686 297 3
a 687 150 5
a 687 307 10
a 687 704 8
a 688 135 4
a 688 797 9
a 689 322 9
a 689 404 7
a 689 665 4
a 690 608 10
a 691 122 3
a 691 292 4
a 691 505 5
a 691 793 4
a 692 18 5
a 692 99 4
a 693 530 4
a 694 252 10
a 694 367 9
a 695 27 1
a 695 230 7
a 695 610 10
a 696 514 6
a 697 175 3
a 697 220 3
a 698 204 2
a 698 644 9
a 699 287 3
a 699 620 8
a 699 666 7
a 700 439 7
a 701 380 6
a 702 76 10
a 702 302 5
a 703 592 1
a 704 243 5
a 704 486 4
a 705 318 6
a 706 18 10
a 706 459 3
a 707 20 5
a 707 113 6
a 707 299 4
a 707 327 1
a 708 771 6
a 708 899 2
a 709 210 6
a 709 392 2
a 710 440 6
a 711 77 3
a 712 649 9
a 713 112 2
a 713 258 1
a 713 678 8
a 714 91 6
a 715 485 8
a 716 175 6
a 716 333 10
a 717 315 1
a 718 445 7
a 719 162 1
a 719 682 9
a 720 436 6
a 720 713 6
a 721 88 9
a 721 425 3
a 721 703 6
a 721 850 3
a 722 559 5
a 722 692 9
a 723 24 7
a 723 314 9
a 723 559 2
a 723 708 3
a 724 184 2
a 724 374 9
a 725 97 3
a 725 174 7
a 725 350 7
a 725 598 8
a 726 653 6
a 726 758 6
a 727 257 10
a 727 483 6
a 728 505 2
a 728 656 3
a 728 821 8
a 729 707 3
a 730 184 9
a 730 431 9
a 731 882 8
a 732 752 2
a 732 805 7
a 733 331 5
a 734 526 4
a 734 769 1
a 735 461 3
a 736 329 4
a 736 840 5
a 737 340 10
a 738 267 9
a 738 399 3
a 739 203 5
a 739 211 3
a 739 555 3
a 739 862 9
a 740 642 1
a 740 761 2
a 741 495 5
a 741 506 10
a 742 136 9
a 742 347 9
a 743 3 7
a 743 82 10
a 744 270 5
a 745 125 6
a 745 423 4
a 746 760 10
a 746 874 1
a 747 774 9
a 748 41 1
a 748 478 4
a 749 416 7
a 749 858 10
a 750 94 6
a 750 214 7
a 750 353 3
a 750 361 10
a 751 50 9
a 751 202 5
a 752 610 2
a 753 288 4
a 753 363 6
a 754 130 4
a 754 293 10
a 754 889 3
a 755 426 9
a 755 455 4
a 755 856 8
a 756 513 6
a 756 772 6
a 757 333 1
a 757 571 5
a 758 299 1
a 759 524 1
a 759 788 6
a 760 562 7
a 761 125 2
a 762 185 1
a 762 777 3
a 763 346 4
a 764 462 5
a 765 405 1
a 766 258 7
a 767 135 3
a 768 56 7
a 768 588 9
a 769 213 10
a 770 484 7
a 771 48 8
a 771 479 10
a 771 657 9
a 772 352 1
a 772 807 2
a 773 106 10
a 773 667 4
a 774 537 8
a 775 320 1
a 775 396 5
a 775 511 5
a 776 707 10
a 776 779 10
a 777 335 5
a 777 471 10
a 778 16 7
a 778 235 6
a 778 408 9
a 779 9 5
a 780 354 1
a 780 700 10
a 780 868 5
a 781 78 5
a 781 757 7
a 781 869 4
a 782 750 4
a 782 772 5
a 783 11 2
a 783 34 10
a 784 348 2
a 784 728 1
a 785 26 7
a 786 750 6
a 787 313 5
a 787 454 10
a 787 641 3
a 787 719 3
a 788 147 2
a 788 259 3
a 789 259 8
a 789 279 4
a 790 163 6
a 790 418 1
a 790 591 6
a 791 724 8
a 791 857 2
a 792 553 4
a 792 821 10
a 793 265 4
a 794 226 8
a 795 723 2
a 796 102 1
a 796 241 5
a 796 616 8
a 796 646 5
a 796 659 7
a 797 192 7
a 797 383 1
a 798 536 8
a 798 728 9
a 799 124 5
a 800 101 8
a 800 221 4
a 801 833 5
a 802 498 9
a 802 670 10
a 803 568 2
a 804 249 2
a 804 370 4
a 804 784 8
a 805 225 4
a 806 322 6
a 806 527 3
a 807 11 8
a 807 265 4
a 808 105 1
a 808 168 9
a 809 677 9
a 810 123 7
a 810 778 3
a 811 630 7
a 812 281 9
a 812 573 9
a 813 141 2
a 813 862 1
a 814 343 9
a 814 518 10
a 815 152 3
a 816 9 9
a 817 546 7
a 818 134 4
a 818 324 1
a 819 538 3
a 819 898 10
a 820 321 2
a 821 474 1
a 821 867 9
a 822 24 4
a 822 139 5
a 822 165 2
a 822 441 5
a 823 545 4
a 824 653 1
a 824 676 6
a 824 834 8
a 824 863 3
a 825 454 8
a 825 482 3
a 826 106 3
a 827 302 5
a 828 85 3
a 828 662 9
a 828 845 3
a 829 156 10
a 830 136 5
a 830 679 4
a 830 737 7
a 830 873 6
a 831 732 6
a 831 842 1
a 832 118 2
a 832 207 10
a 832 247 1
a 832 369 6
a 833 272 8
a 834 619 4
a 834 715 5
a 835 502 8
a 835 537 6
a 836 93 8
a 836 297 1
a 836 450 7
a 836 663 9
a 837 465 1
a 837 716 7
a 838 632 9
a 839 144 9
a 840 211 6
a 840 542 9
a 841 290 9
a 842 345 5
a 843 6 9
a 843 161 8
a 843 705 3
a 844 158 3
a 844 436 2
a 845 66 2
a 845 188 5
a 845 522 9
a 846 136 1
a 846 137 5
a 846 446 3
a 847 16 8
a 848 127 4
a 848 260 5
a 848 329 9
a 848 595 1
a 848 836 6
a 849 452 7
a 849 562 6
a 850 175 9
a 851 399 6
a 851 635 5
a 851 777 1
a 852 858 8
a 853 546 4
a 854 288 8
a 854 675 3
a 854 771 9
a 854 796 10
a 855 672 3
a 856 109 4
a 856 608 6
a 857 606 5
a 858 215 10
a 858 757 2
a 859 130 8
a 859 253 1
a 860 701 6
a 861 257 6
a 861 287 6
a 861 490 3
a 862 685 7
a 863 33 3
a 863 222 10
a 863 331 9
a 863 580 1
a 864 675 8
a 865 44 6
a 865 64 9
a 865 673 3
a 866 201 7
a 866 481 8
a 867 365 2
a 867 562 4
a 867 879 4
a 868 776 10
a 869 187 8
a 869 789 5
a 869 827 7
a 870 768 9
a 871 643 8
a 871 895 2
a 872 373 4
a 872 730 6
a 873 676 8
a 874 378 7
a 874 419 3
a 875 504 4
a 875 570 10
a 876 266 9
a 877 681 7
a 878 499 2
a 878 800 9
a 879 586 3
a 880 61 6
a 881 74 10
a 881 542 1
a 882 498 5
a 883 23 5
a 883 377 6
a 884 316 3
a 884 640 3
a 884 659 3
a 885 489 4
a 885 532 4
a 886 23 5
a 886 45 8
a 886 398 6
a 887 35 9
a 887 826 10
a 888 305 8
a 888 508 1
a 889 103 5
a 890 434 6
a 890 844 9
a 891 533 2
a 892 146 5
a 892 607 10
a 893 872 4
a 894 783 10
a 895 269 2
a 895 729 5
a 895 759 7
a 896 235 7
a 896 448 5
a 896 697 1
a 897 81 9
a 897 547 3
a 898 205 10
a 899 570 10
