p max 900 1800
n 1 s
n 900 t
a 1 561 9
a 1 583 8
a 2 785 8
a 3 710 4
a 4 546 10
a 4 864 1
a 5 649 5
a 6 329 5
a 6 723 10
a 7 6 3
a 7 332 10
a 7 667 8
a 7 673 8
a 7 701 8
a 8 451 3
a 9 487 6
a 9 571 3
a 9 725 3
a 10 9 7
a 10 364 8
a 10 478 6
a 11 26 9
a 11 728 1
a 12 10 9
a 12 761 2
a 13 555 6
a 14 549 5
a 14 660 1
a 15 274 7
a 15 635 3
a 16 128 3
a 17 123 3
a 17 525 10
a 17 706 7
a 18 222 1
a 18 829 5
a 19 178 1
a 19 203 2
a 20 776 4
a 21 118 2
a 21 451 3
a 22 411 2
a 22 500 5
a 23 594 5
a 24 10 10
a 24 526 1
a 24 549 4
a 24 662 3
a 25 277 5
a 25 298 6
a 26 266 7
a 26 294 3
a 26 615 7
a 26 690 3
a 26 892 5
a 27 709 3
a 28 579 9
a 29 691 1
a 29 870 10
a 30 85 3
a 30 781 2
a 31 637 2
a 31 825 7
a 32 600 1
a 32 792 5
a 32 826 7
a 33 244 2
a 33 600 10
a 33 793 7
a 34 241 6
a 35 594 10
a 35 767 1
a 36 79 8
a 36 465 8
a 37 325 2
a 38 423 10
a 39 351 9
a 40 34 1
a 40 110 5
a 40 145 2
a 40 202 7
a 40 379 9
a 41 62 10
a 41 863 6
a 42 133 9
a 43 320 9
a 43 541 6
a 44 402 9
a 44 408 3
a 44 875 1
a 45 525 2
a 46 587 2
a 46 619 4
a 47 877 7
a 48 607 10
a 49 90 1
a 49 393 5
a 50 811 6
a 51 196 1
a 52 199 3
a 52 449 4
a 52 658 9
a 52 857 10
a 53 350 6
a 54 519 4
a 54 820 7
a 54 878 6
a 55 706 8
a 56 374 10
a 57 805 10
a 58 260 2
a 59 8 9
a 60 619 4
a 60 768 3
a 61 617 4
a 61 713 3
a 62 629 7
a 62 847 8
a 63 388 10
a 63 489 7
a 64 690 8
a 65 430 5
a 66 288 8
a 66 312 8
a 66 442 10
a 67 845 7
a 68 412 3
a 68 825 9
a 69 116 4
a 69 288 10
a 69 482 10
a 69 733 7
a 70 398 8
a 70 809 9
a 71 581 7
a 71 865 9
a 72 90 9
a 73 370 5
a 73 635 8
a 74 156 1
a 74 226 1
a 75 270 9
a 75 296 6
a 75 473 9
a 76 71 8
a 76 168 1
a 76 620 5
a 76 873 6
a 77 183 7
a 77 336 7
a 77 656 6
a 78 655 1
a 78 704 1
a 78 760 9
a 79 110 5
a 80 622 9
a 80 716 5
a 80 795 2
a 81 739 2
a 81 751 3
a 82 146 3
a 82 661 1
a 83 204 5
a 83 262 1
a 83 454 2
a 83 496 7
a 84 547 1
a 84 891 3
a 85 40 4
a 85 503 3
a 85 742 1
a 86 766 1
a 87 29 9
a 87 39 8
a 87 357 10
a 87 372 3
a 88 395 9
a 88 885 1
a 89 260 1
a 90 26 8
a 91 393 7
a 91 624 8
a 92 130 3
a 92 376 10
a 92 598 4
a 92 890 3
a 93 450 2
a 93 472 9
a 94 222 5
a 95 710 1
a 96 297 8
a 96 664 10
a 96 700 9
a 97 116 10
a 98 853 8
a 99 585 9
a 100 193 10
a 100 577 3
a 101 78 8
a 101 212 4
a 101 662 10
a 101 895 3
a 102 38 5
a 102 874 10
a 103 589 9
a 104 185 9
a 105 60 10
a 106 490 1
a 106 565 2
a 107 410 3
a 107 414 1
a 108 58 2
a 108 230 7
a 108 678 1
a 108 688 7
a 109 674 2
a 110 692 4
a 111 177 6
a 112 428 10
a 112 531 7
a 113 542 9
a 113 553 1
a 113 709 7
a 114 127 3
a 114 863 4
a 115 274 2
a 115 875 7
a 116 206 5
a 117 93 3
a 117 393 8
a 118 149 6
a 118 853 2
a 118 875 8
a 119 704 5
a 120 255 8
a 120 289 7
a 120 881 6
a 121 619 5
a 122 334 9
a 123 488 8
a 124 337 1
a 124 638 7
a 125 220 9
a 126 44 5
a 127 36 4
a 128 64 2
a 129 463 1
a 129 649 9
a 130 2 9
a 130 292 7
a 131 514 2
a 131 834 9
a 132 181 5
a 132 754 5
a 133 667 1
a 134 551 7
a 134 861 4
a 135 106 1
a 135 725 7
a 136 259 3
a 136 596 3
a 137 382 3
a 137 781 2
a 138 584 8
a 138 712 8
a 138 790 2
a 139 167 7
a 139 226 7
a 140 376 9
a 140 420 5
a 141 200 7
a 141 582 10
a 142 85 6
a 142 272 5
a 142 344 3
a 143 690 5
a 144 118 7
a 144 136 7
a 144 221 8
a 144 253 6
a 144 558 6
a 145 714 2
a 145 884 9
a 146 134 3
a 146 391 10
a 146 693 2
a 146 843 1
a 147 618 8
a 148 795 6
a 149 853 1
a 149 887 4
a 150 75 8
a 150 432 2
a 150 441 10
a 151 610 10
a 152 177 6
a 152 208 5
a 153 702 6
a 153 775 1
a 153 852 9
a 154 818 7
a 155 281 10
a 156 303 1
a 156 553 6
a 156 774 6
a 157 397 10
a 158 7 7
a 159 670 9
a 159 801 8
a 160 337 9
a 160 878 7
a 161 434 1
a 161 493 6
a 162 293 9
a 163 467 2
a 164 165 5
a 164 755 4
a 165 325 8
a 165 689 2
a 166 215 6
a 166 643 4
a 167 148 4
a 167 844 8
a 168 687 9
a 168 872 10
a 169 290 9
a 169 866 6
a 170 144 8
a 170 190 8
a 170 735 2
a 171 381 6
a 171 481 5
a 171 674 9
a 172 177 7
a 172 346 8
a 173 248 7
a 173 300 2
a 173 355 5
a 174 646 7
a 175 638 3
a 175 804 9
a 176 387 9
a 176 721 7
a 176 771 2
a 177 96 9
a 178 392 7
a 178 576 7
a 179 129 6
a 179 340 7
a 179 538 4
a 180 43 6
a 180 68 7
a 181 349 8
a 181 372 5
a 182 17 10
a 182 804 2
a 183 396 2
a 183 682 3
a 184 497 9
a 184 594 7
a 185 19 1
a 185 111 6
a 186 619 3
a 186 803 4
a 187 13 9
a 187 319 10
a 187 819 2
a 188 50 4
a 188 80 1
a 189 163 9
a 189 558 6
a 190 61 9
a 190 296 4
a 190 474 4
a 191 356 5
a 192 30 6
a 192 182 7
a 192 597 6
a 192 639 6
a 193 275 2
a 194 424 1
a 195 113 3
a 196 166 5
a 196 245 3
a 196 362 7
a 197 386 2
a 198 395 5
a 198 684 1
a 199 523 3
a 199 642 6
a 200 37 1
a 200 155 4
a 200 280 4
a 200 435 9
a 200 495 1
a 201 463 1
a 202 184 7
a 202 610 7
a 202 771 8
a 203 142 9
a 203 279 9
a 203 494 7
a 203 749 9
a 204 96 4
a 204 205 6
a 204 269 4
a 204 390 1
a 205 237 6
a 205 694 7
a 206 51 1
a 207 416 6
a 207 456 4
a 207 569 7
a 207 732 8
a 208 248 10
a 209 706 4
a 210 457 10
a 210 763 7
a 211 575 7
a 211 705 9
a 211 734 6
a 212 499 8
a 212 698 5
a 212 735 6
a 213 547 1
a 214 734 9
a 215 41 1
a 216 215 6
a 216 387 4
a 217 440 5
a 218 749 4
a 219 232 8
a 219 313 1
a 219 564 4
a 219 729 1
a 219 806 9
a 220 388 2
a 220 885 7
a 221 14 2
a 222 279 5
a 222 328 8
a 223 216 4
a 223 899 3
a 224 730 7
a 225 398 1
a 225 546 1
a 225 788 9
a 225 848 6
a 226 201 9
a 226 233 3
a 227 347 5
a 228 210 10
a 228 330 2
a 229 440 10
a 230 85 5
a 230 206 2
a 231 720 3
a 232 233 8
a 233 183 7
a 234 19 8
a 234 525 4
a 235 250 5
a 235 657 6
a 235 743 6
a 235 808 10
a 236 108 8
a 237 342 2
a 237 481 1
a 237 860 2
a 238 562 7
a 239 150 5
a 239 244 1
a 240 440 3
a 241 194 3
a 241 229 2
a 241 446 7
a 241 586 9
a 241 673 7
a 242 891 3
a 243 185 9
a 243 384 3
a 243 710 3
a 244 4 1
a 244 299 3
a 244 470 1
a 245 223 9
a 246 780 9
a 247 106 1
a 247 611 5
a 247 820 7
a 247 825 5
a 248 803 8
a 249 115 6
a 249 171 7
a 249 361 5
a 249 767 5
a 249 820 6
a 250 264 6
a 251 374 1
a 251 520 10
a 251 675 5
a 252 341 9
a 252 606 1
a 252 722 10
a 253 644 5
a 254 756 3
a 255 701 6
a 256 599 5
a 257 418 9
a 257 557 6
a 258 173 5
a 258 208 7
a 259 227 1
a 260 707 6
a 260 843 10
a 261 600 5
a 261 646 5
a 261 718 3
a 261 794 5
a 262 81 1
a 262 464 1
a 262 753 6
a 262 782 6
a 263 50 3
a 263 612 8
a 264 235 7
a 264 402 10
a 264 773 9
a 265 240 9
a 266 663 7
a 267 692 10
a 267 703 8
a 268 475 8
a 269 153 2
a 269 285 1
a 270 80 5
a 270 448 4
a 270 641 1
a 270 748 4
a 271 336 8
a 272 278 7
a 272 301 7
a 273 210 5
a 274 357 1
a 275 244 3
a 275 530 3
a 275 582 7
a 275 867 2
a 276 470 9
a 276 573 8
a 277 228 3
a 277 584 4
a 277 714 3
a 277 719 3
a 278 131 1
a 278 815 3
a 279 349 9
a 279 788 3
a 280 711 10
a 280 811 5
a 281 562 10
a 282 256 7
a 282 867 10
a 283 765 10
a 284 595 6
a 285 262 5
a 285 844 7
a 286 82 2
a 286 333 3
a 286 438 5
a 286 754 9
a 287 496 7
a 287 672 9
a 287 736 9
a 288 191 7
a 288 558 9
a 289 172 5
a 289 583 4
a 290 160 7
a 290 692 7
a 290 695 1
a 291 302 5
a 291 779 8
a 292 354 1
a 292 550 1
a 293 298 9
a 293 692 1
a 293 769 6
a 294 35 5
a 294 114 8
a 295 13 3
a 295 360 9
a 296 353 6
a 296 747 8
a 297 123 1
a 298 615 5
a 299 732 4
a 299 845 10
a 300 551 5
a 300 730 3
a 301 32 10
a 301 265 3
a 301 601 4
a 301 701 9
a 302 729 9
a 303 757 4
a 304 284 1
a 305 616 1
a 306 59 10
a 306 405 7
a 306 640 5
a 307 31 3
a 308 196 5
a 308 492 4
a 308 533 9
a 308 839 9
a 309 72 5
a 309 317 10
a 310 260 7
a 310 539 10
a 310 778 10
a 311 400 9
a 311 760 6
a 311 848 2
a 312 310 3
a 312 481 1
a 313 56 9
a 313 466 6
a 313 480 5
a 313 833 5
a 314 74 6
a 314 86 10
a 314 779 10
a 315 437 7
a 315 853 3
a 316 72 9
a 317 557 6
a 318 754 1
a 319 217 6
a 319 289 7
a 319 855 8
a 320 197 1
a 320 211 10
a 321 503 1
a 322 705 10
a 323 190 5
a 323 338 8
a 323 512 4
a 324 435 9
a 324 469 6
a 325 406 9
a 325 700 4
a 326 56 10
a 326 647 8
a 327 14 5
a 327 704 9
a 328 165 7
a 328 243 1
a 328 282 6
a 329 286 8
a 329 357 7
a 329 538 5
a 330 681 10
a 331 204 9
a 331 506 2
a 331 726 3
a 332 64 5
a 333 214 4
a 333 843 3
a 334 307 6
a 335 404 6
a 336 825 6
a 336 877 3
a 337 18 8
a 337 620 6
a 338 380 10
a 338 453 6
a 339 31 5
a 339 371 6
a 340 728 7
a 341 336 3
a 342 54 2
a 342 409 6
a 343 133 2
a 343 188 2
a 343 886 2
a 344 27 8
a 345 41 3
a 345 184 3
a 345 251 4
a 346 12 4
a 346 629 2
a 347 34 3
a 348 502 10
a 348 719 8
a 349 855 4
a 350 57 10
a 351 86 10
a 351 187 8
a 351 389 8
a 352 364 9
a 352 411 5
a 352 602 6
a 353 732 7
a 353 811 6
a 354 22 7
a 354 199 3
a 355 11 5
a 355 371 4
a 356 158 8
a 356 227 1
a 357 286 7
a 357 639 5
a 357 887 2
a 358 553 10
a 358 659 9
a 359 199 9
a 359 672 10
a 360 298 8
a 360 750 4
a 360 757 9
a 361 33 2
a 361 63 5
a 361 204 6
a 361 850 3
a 362 284 2
a 363 792 8
a 364 471 5
a 365 417 4
a 365 686 10
a 365 699 7
a 366 123 9
a 366 875 2
a 367 70 10
a 367 428 9
a 367 462 10
a 367 634 9
a 367 731 9
a 367 900 8
a 368 99 2
a 368 481 5
a 369 744 2
a 369 811 2
a 370 208 7
a 371 857 9
a 372 339 9
a 372 474 9
a 372 566 2
a 373 72 10
a 374 156 10
a 374 603 6
a 375 557 9
a 375 650 6
a 376 7 1
a 377 722 5
a 377 880 3
a 378 657 6
a 379 367 1
a 379 586 3
a 380 118 8
a 380 896 2
a 381 884 8
a 382 109 3
a 382 389 8
a 382 693 3
a 383 378 1
a 383 467 7
a 384 141 10
a 384 278 2
a 384 537 10
a 384 813 5
a 384 821 5
a 385 537 3
a 386 154 6
a 387 639 7
a 388 478 5
a 388 669 5
a 388 733 5
a 388 827 3
a 389 162 6
a 389 413 7
a 389 554 9
a 390 107 10
a 390 295 1
a 390 316 1
a 390 632 2
a 391 103 7
a 391 350 2
a 391 530 7
a 392 755 10
a 392 814 1
a 392 830 8
a 393 292 8
a 393 597 10
a 394 116 2
a 395 112 10
a 396 68 7
a 396 576 7
a 396 683 7
a 397 172 1
a 398 597 2
a 399 92 1
a 399 95 7
a 399 353 7
a 399 433 5
a 400 355 1
a 401 548 1
a 401 654 4
a 402 281 5
a 403 571 5
a 404 272 3
a 405 435 4
a 405 543 7
a 406 326 2
a 406 584 2
a 406 623 2
a 406 633 9
a 407 83 1
a 407 607 6
a 407 656 7
a 408 498 4
a 409 23 7
a 409 756 9
a 409 833 5
a 410 74 5
a 411 849 2
a 412 9 7
a 412 377 6
a 413 403 6
a 413 485 8
a 413 532 2
a 414 335 7
a 415 24 7
a 415 254 9
a 416 13 6
a 417 98 2
a 417 678 8
a 417 888 10
a 418 320 6
a 419 274 5
a 420 307 3
a 420 315 6
a 420 777 9
a 421 198 9
a 421 595 9
a 421 741 2
a 422 556 10
a 422 627 8
a 422 683 10
a 422 766 8
a 423 570 7
a 424 81 9
a 424 121 9
a 424 476 2
a 425 484 3
a 425 516 6
a 426 238 10
a 427 418 2
a 427 497 10
a 427 529 10
a 428 61 5
a 429 30 8
a 430 54 2
a 430 772 4
a 430 870 1
a 431 68 7
a 432 241 9
a 433 282 9
a 433 430 9
a 434 38 10
a 434 218 5
a 434 220 10
a 434 799 10
a 435 610 1
a 436 58 6
a 436 89 7
a 436 98 3
a 436 125 5
a 437 107 9
a 437 169 6
a 438 539 6
a 438 580 4
a 438 719 2
a 438 791 10
a 438 891 5
a 438 897 1
a 439 392 3
a 439 528 10
a 440 505 4
a 440 555 1
a 440 874 9
a 441 14 7
a 441 23 3
a 441 403 7
a 441 522 9
a 442 76 8
a 442 172 3
a 442 174 4
a 443 210 1
a 443 328 1
a 443 428 2
a 444 107 3
a 444 896 2
a 445 40 9
a 446 465 6
a 446 626 2
a 447 175 9
a 447 414 3
a 447 849 7
a 448 129 10
a 448 242 3
a 448 559 6
a 449 152 8
a 449 422 6
a 449 468 10
a 449 514 9
a 450 424 9
a 450 438 9
a 451 397 9
a 451 513 6
a 452 433 6
a 452 442 7
a 453 210 8
a 453 562 1
a 453 764 3
a 454 305 3
a 454 735 7
a 455 125 10
a 455 810 3
a 456 42 9
a 457 665 2
a 458 54 9
a 458 176 3
a 459 180 5
a 459 261 6
a 459 539 6
a 460 445 3
a 461 47 3
a 461 739 9
a 462 74 4
a 462 847 9
a 463 359 3
a 463 442 5
a 464 39 9
a 464 472 8
a 465 306 7
a 465 651 9
a 466 108 1
a 466 170 7
a 466 213 4
a 466 331 5
a 466 483 6
a 467 52 8
a 467 653 2
a 468 244 5
a 469 661 6
a 470 448 7
a 470 585 7
a 471 238 4
a 472 33 1
a 472 574 10
a 473 749 7
a 473 800 2
a 473 900 2
a 474 771 4
a 475 181 3
a 476 26 4
a 476 344 1
a 477 312 3
a 478 578 10
a 478 897 7
a 479 545 7
a 479 847 8
a 480 38 8
a 481 195 9
a 481 282 9
a 481 649 10
a 482 758 3
a 482 837 9
a 482 869 4
a 483 383 5
a 484 89 6
a 484 648 1
a 485 293 5
a 485 318 2
a 485 774 6
a 486 115 1
a 486 423 10
a 487 37 9
a 488 249 4
a 488 314 2
a 488 873 6
a 489 751 9
a 490 145 4
a 490 873 8
a 491 552 8
a 491 893 6
a 492 329 6
a 492 594 5
a 493 397 6
a 494 225 5
a 494 375 3
a 494 613 1
a 495 133 10
a 495 143 6
a 496 787 1
a 496 865 5
a 497 461 8
a 498 792 4
a 499 146 4
a 499 309 8
a 499 346 7
a 499 394 9
a 499 616 4
a 499 666 6
a 500 594 4
a 500 805 2
a 501 491 5
a 501 538 3
a 502 426 7
a 503 141 4
a 504 895 5
a 505 257 5
a 505 323 6
a 505 460 7
a 506 729 2
a 506 780 8
a 507 499 6
a 507 640 3
a 508 137 1
a 508 443 8
a 509 270 6
a 510 67 6
a 510 137 6
a 510 790 10
a 511 183 7
a 511 590 10
a 511 618 4
a 511 739 7
a 512 385 3
a 512 534 5
a 512 696 2
a 513 35 1
a 513 76 6
a 513 636 1
a 514 482 4
a 515 13 7
a 515 765 7
a 516 113 2
a 516 155 2
a 517 180 6
a 517 486 4
a 518 181 4
a 519 216 1
a 519 366 1
a 520 258 2
a 520 627 3
a 521 458 8
a 522 170 7
a 522 710 2
a 523 102 7
a 523 634 2
a 524 311 3
a 524 452 10
a 525 526 9
a 526 9 9
a 527 122 9
a 527 757 8
a 528 163 10
a 528 636 5
a 529 51 8
a 529 308 3
a 529 761 2
a 530 823 1
a 531 721 7
a 532 397 7
a 532 577 9
a 532 608 7
a 532 872 4
a 533 282 8
a 533 320 5
a 534 401 10
a 534 495 2
a 535 41 9
a 536 695 3
a 537 217 8
a 538 374 5
a 539 395 8
a 540 528 6
a 541 448 6
a 541 656 3
a 542 407 7
a 542 650 2
a 542 808 1
a 542 854 5
a 543 463 10
a 543 590 4
a 543 776 9
a 544 249 5
a 545 368 3
a 546 447 1
a 547 97 1
a 547 114 3
a 547 371 1
a 548 275 9
a 548 784 10
a 549 42 3
a 549 321 6
a 550 101 2
a 550 271 9
a 550 327 10
a 551 105 7
a 551 522 3
a 552 201 8
a 552 652 8
a 553 90 8
a 553 223 2
a 554 521 1
a 555 154 6
a 555 291 8
a 555 436 1
a 556 481 1
a 557 476 8
a 557 539 4
a 558 321 6
a 558 517 5
a 559 871 3
a 560 870 10
a 561 304 5
a 561 428 1
a 561 715 7
a 562 644 9
a 563 224 3
a 563 284 8
a 563 589 7
a 563 682 1
a 564 121 1
a 565 423 6
a 566 47 9
a 566 617 6
a 567 352 7
a 568 900 6
a 569 43 10
a 569 219 1
a 570 43 10
a 570 694 7
a 570 859 2
a 571 49 5
a 571 697 10
a 571 698 3
a 572 127 7
a 572 744 7
a 573 568 9
a 573 627 5
a 574 309 8
a 574 413 8
a 574 684 5
a 575 343 10
a 575 513 9
a 575 763 8
a 576 415 3
a 576 419 3
a 576 767 1
a 577 541 5
a 578 432 5
a 579 458 5
a 580 415 4
a 581 5 4
a 581 555 6
a 582 540 8
a 583 3 8
a 583 651 7
a 584 426 5
a 584 634 10
a 585 304 9
a 585 353 3
a 586 439 1
a 587 128 1
a 587 227 1
a 588 167 3
a 588 787 7
a 589 307 4
a 589 853 1
a 590 109 10
a 591 233 4
a 591 458 10
a 592 120 5
a 592 140 8
a 592 172 7
a 592 676 3
a 593 13 2
a 593 671 10
a 594 245 10
a 595 139 6
a 596 899 7
a 597 151 5
a 597 440 7
a 597 610 9
a 597 835 9
a 598 262 3
a 599 549 5
a 600 147 4
a 600 179 1
a 600 821 1
a 600 824 3
a 601 629 5
a 602 409 10
a 602 675 8
a 603 258 9
a 603 746 2
a 604 729 6
a 605 198 3
a 606 492 5
a 606 614 3
a 607 244 3
a 607 259 6
a 607 621 6
a 608 113 3
a 608 461 6
a 608 475 7
a 609 178 3
a 609 318 10
a 610 883 8
a 611 353 8
a 612 56 4
a 612 732 9
a 612 874 6
a 613 294 3
a 613 767 9
a 614 480 6
a 615 695 10
a 615 789 6
a 616 593 6
a 616 670 2
a 616 689 2
a 617 100 9
a 617 153 1
a 618 194 8
a 618 347 5
a 619 802 2
a 620 46 5
a 620 371 10
a 621 166 8
a 622 264 4
a 622 692 10
a 623 745 3
a 623 798 2
a 623 866 6
a 624 318 10
a 624 523 10
a 625 487 1
a 626 471 7
a 626 794 8
a 627 391 2
a 628 578 10
a 628 780 1
a 629 614 7
a 630 133 5
a 630 560 4
a 631 271 3
a 631 579 1
a 632 691 3
a 633 499 1
a 633 540 8
a 633 858 2
a 634 234 2
a 635 192 6
a 635 302 4
a 635 828 10
a 636 345 2
a 636 651 9
a 636 665 1
a 636 840 4
a 637 209 8
a 637 276 6
a 637 283 7
a 637 444 1
a 638 79 6
a 638 345 8
a 638 495 7
a 638 720 8
a 639 855 9
a 640 87 8
a 640 781 3
a 640 862 10
a 641 447 6
a 642 44 8
a 643 64 10
a 643 124 4
a 643 871 2
a 644 60 9
a 644 91 10
a 644 774 6
a 645 402 3
a 645 527 9
a 646 77 3
a 647 43 10
a 647 591 5
a 648 553 10
a 648 628 9
a 649 637 3
a 649 869 5
a 650 291 6
a 650 351 10
a 650 552 9
a 651 282 2
a 652 132 1
a 652 545 2
a 652 770 8
a 653 572 8
a 654 194 4
a 655 404 6
a 655 569 10
a 656 30 9
a 656 668 5
a 657 682 9
a 658 324 8
a 658 849 8
a 659 159 1
a 659 229 7
a 659 509 8
a 660 181 7
a 661 727 2
a 661 822 3
a 662 679 2
a 663 248 2
a 664 104 6
a 665 411 6
a 666 483 7
a 666 626 5
a 666 855 7
a 667 435 10
a 668 83 1
a 668 785 4
a 668 873 4
a 669 246 10
a 669 890 9
a 670 110 4
a 671 85 5
a 671 664 8
a 672 323 5
a 672 414 4
a 672 494 10
a 673 182 3
a 673 498 7
a 674 143 9
a 674 459 2
a 674 759 4
a 675 28 10
a 676 162 5
a 676 707 10
a 677 241 2
a 677 272 8
a 677 322 3
a 677 807 6
a 678 33 1
a 679 69 10
a 679 84 4
a 679 359 6
a 680 88 5
a 680 233 2
a 680 816 6
a 681 427 2
a 681 444 4
a 681 536 4
a 681 548 7
a 681 816 8
a 682 624 7
a 682 819 1
a 683 260 6
a 684 216 1
a 684 297 9
a 684 440 6
a 685 77 4
a 685 806 6
a 686 24 1
a 686 647 4
a 687 803 9
a 688 380 3
a 688 779 2
a 689 822 3
a 690 504 3
a 690 811 1
a 691 548 10
a 692 386 3
a 692 442 6
a 693 161 5
a 693 716 4
a 693 724 8
a 694 136 7
a 695 64 7
a 695 300 3
a 695 795 10
a 696 851 5
a 697 231 5
a 697 334 7
a 697 864 7
a 698 667 1
a 699 744 4
a 699 802 9
a 700 160 7
a 701 851 7
a 702 259 5
a 703 170 5
a 704 57 5
a 704 333 5
a 704 518 8
a 705 240 4
a 705 830 9
a 706 118 2
a 706 548 2
a 707 385 7
a 707 455 1
a 707 544 10
a 708 820 7
a 709 20 3
a 709 185 4
a 710 216 6
a 711 25 7
a 711 66 7
a 711 390 7
a 711 740 2
a 711 883 8
a 712 126 2
a 712 860 10
a 712 889 4
a 713 590 3
a 714 316 3
a 714 708 7
a 715 102 9
a 716 318 6
a 717 104 3
a 717 339 9
a 718 52 10
a 718 841 3
a 719 583 1
a 720 326 4
a 720 838 10
a 721 612 8
a 722 234 4
a 722 697 1
a 723 104 1
a 723 447 4
a 723 515 4
a 723 587 2
a 723 719 9
a 724 284 6
a 724 521 5
a 724 794 1
a 725 624 1
a 725 644 5
a 726 53 3
a 726 754 5
a 726 797 7
a 726 863 2
a 727 71 7
a 728 170 4
a 729 510 2
a 729 644 4
a 730 698 10
a 731 114 8
a 731 477 5
a 731 869 5
a 732 305 1
a 732 773 8
a 733 456 6
a 733 898 2
a 734 609 9
a 734 894 4
a 735 766 10
a 736 27 2
a 737 900 10
a 738 781 8
a 739 680 8
a 739 774 10
a 740 155 9
a 740 281 1
a 740 351 1
a 740 368 3
a 740 425 10
a 740 685 7
a 740 734 6
a 741 318 3
a 741 724 2
a 742 538 1
a 742 544 8
a 743 888 9
a 744 469 5
a 744 490 8
a 745 86 8
a 746 201 4
a 746 373 9
a 746 896 7
a 747 258 5
a 748 184 10
a 749 267 4
a 749 328 7
a 750 469 3
a 750 479 7
a 751 204 5
a 751 207 8
a 751 567 5
a 751 604 5
a 751 717 8
a 751 761 6
a 752 184 8
a 753 35 7
a 753 236 7
a 754 285 5
a 754 420 2
a 755 186 4
a 755 317 10
a 755 686 5
a 756 408 8
a 756 524 6
a 756 834 8
a 756 879 2
a 757 135 10
a 757 335 5
a 757 836 10
a 758 59 2
a 758 543 9
a 759 135 8
a 759 160 3
a 760 103 7
a 760 866 3
a 761 13 6
a 761 507 7
a 762 207 2
a 762 868 7
a 763 508 9
a 763 677 7
a 763 699 4
a 764 36 3
a 764 535 2
a 764 773 6
a 764 783 7
a 765 378 4
a 765 638 10
a 766 333 2
a 766 445 4
a 767 369 10
a 767 645 8
a 767 679 4
a 768 4 3
a 768 167 3
a 768 875 8
a 769 86 9
a 769 822 10
a 770 9 3
a 771 94 2
a 771 380 4
a 772 157 4
a 772 652 7
a 773 395 2
a 774 257 8
a 774 296 9
a 775 225 10
a 775 338 8
a 776 66 6
a 777 321 3
a 777 813 3
a 778 119 8
a 778 305 4
a 779 21 10
a 779 89 10
a 780 158 4
a 780 305 9
a 781 787 5
a 781 846 1
a 782 159 10
a 782 721 1
a 782 829 2
a 783 15 8
a 783 243 4
a 784 220 10
a 784 376 10
a 785 55 6
a 785 595 8
a 785 730 8
a 786 269 3
a 786 752 6
a 787 8 2
a 787 563 7
a 787 677 4
a 787 739 2
a 788 65 7
a 788 431 5
a 788 595 8
a 789 531 9
a 790 40 1
a 790 284 6
a 790 572 4
a 790 605 1
a 790 653 1
a 791 478 8
a 791 812 7
a 792 301 3
a 792 631 7
a 792 796 5
a 793 268 7
a 794 358 8
a 794 457 7
a 794 592 6
a 795 572 5
a 795 786 3
a 796 352 7
a 796 897 10
a 797 604 5
a 798 48 5
a 798 434 3
a 798 494 9
a 798 894 1
a 799 91 5
a 799 526 9
a 799 832 6
a 800 23 1
a 801 258 7
a 801 763 3
a 801 845 4
a 802 762 10
a 802 895 7
a 803 390 8
a 803 876 4
a 804 383 10
a 804 670 8
a 805 533 6
a 805 873 6
a 806 37 8
a 806 273 2
a 806 668 3
a 806 823 1
a 807 570 2
a 807 590 9
a 808 276 1
a 808 326 6
a 809 115 6
a 810 459 3
a 810 711 7
a 811 783 6
a 812 318 4
a 812 550 9
a 813 666 4
a 814 552 4
a 815 365 10
a 815 584 8
a 816 774 1
a 817 712 3
a 818 429 10
a 818 524 2
a 819 716 7
a 819 737 9
a 820 720 6
a 821 790 8
a 822 58 1
a 823 648 8
a 824 232 9
a 825 138 5
a 825 832 4
a 826 73 4
a 826 96 3
a 826 287 5
a 826 692 4
a 827 688 4
a 828 44 3
a 828 174 4
a 828 278 9
a 829 681 5
a 829 891 7
a 830 811 1
a 831 161 4
a 831 421 10
a 831 511 10
a 831 533 9
a 832 54 9
a 832 252 2
a 832 327 6
a 832 831 2
a 833 7 10
a 833 626 8
a 834 445 5
a 834 545 9
a 835 215 2
a 835 432 2
a 835 815 2
a 836 263 5
a 836 818 8
a 837 117 2
a 837 694 3
a 838 238 6
a 838 363 5
a 838 369 3
a 838 695 1
a 839 439 6
a 839 474 3
a 839 501 9
a 840 57 2
a 840 568 1
a 841 16 9
a 841 120 8
a 842 112 1
a 842 192 2
a 843 899 6
a 844 247 5
a 845 56 3
a 846 181 2
a 847 663 2
a 847 715 8
a 848 298 5
a 848 671 5
a 849 668 3
a 850 349 1
a 851 199 9
a 851 406 3
a 852 399 9
a 852 553 1
a 852 691 3
a 852 882 4
a 853 156 4
a 853 247 9
a 853 263 9
a 854 268 5
a 854 527 5
a 855 275 6
a 855 545 2
a 856 742 8
a 856 851 6
a 857 13 9
a 858 822 5
a 859 153 9
a 859 484 6
a 860 27 10
a 860 745 2
a 861 28 8
a 861 356 7
a 861 389 1
a 862 189 6
a 862 309 1
a 863 239 1
a 863 488 1
a 863 825 2
a 864 576 1
a 865 45 6
a 865 348 4
a 865 858 3
a 866 297 3
a 866 342 8
a 867 797 7
a 868 727 3
a 868 730 1
a 869 134 2
a 870 14 7
a 870 277 6
a 871 828 8
a 872 731 10
a 873 368 5
a 874 125 10
a 874 139 2
a 874 599 3
a 875 593 6
a 875 758 10
a 876 297 9
a 876 856 5
a 877 371 2
a 878 525 2
a 879 259 1
a 879 462 7
a 880 108 1
a 881 629 6
a 882 476 4
a 883 715 6
a 884 751 4
a 884 842 3
a 885 61 7
a 885 311 6
a 886 243 10
a 887 630 4
a 887 774 2
a 888 244 7
a 889 241 5
a 889 702 1
a 890 164 3
a 890 362 1
a 890 539 5
a 891 5 8
a 891 588 6
a 891 817 1
a 892 159 1
a 892 738 7
a 893 852 5
a 894 790 7
a 895 32 7
a 895 197 1
a 895 880 10
a 896 138 4
a 896 625 5
a 896 689 6
a 897 53 10
a 898 868 4
a 899 240 5
