p max 900 1800
n 1 s
n 900 t
a 1 70 5
a 2 456 5
a 2 459 7
a 3 754 4
a 4 183 8
a 4 401 3
a 4 854 2
a 5 474 9
a 6 717 2
a 7 176 10
a 7 897 9
a 8 431 9
a 9 76 7
a 9 124 9
a 9 141 4
a 10 496 7
a 10 503 2
a 11 586 5
a 11 883 3
a 12 87 7
a 13 11 10
a 13 590 6
a 14 50 4
a 14 719 6
a 15 620 10
a 16 234 7
a 17 110 7
a 17 358 7
a 17 570 1
a 17 644 9
a 18 112 8
a 18 491 1
a 18 551 6
a 18 684 1
a 19 112 5
a 20 522 3
a 21 10 8
a 22 215 6
a 22 264 1
a 22 298 1
a 22 861 8
a 23 331 9
a 23 533 5
a 24 49 8
a 24 326 5
a 24 878 3
a 25 89 3
a 25 687 3
a 26 381 4
a 27 747 8
a 28 275 9
a 28 523 2
a 29 299 9
a 30 81 5
a 30 691 3
a 31 51 9
a 31 477 4
a 32 400 2
a 32 406 6
a 32 668 3
a 33 521 2
a 34 468 10
a 35 299 5
a 35 493 10
a 36 636 8
a 36 814 4
a 37 698 4
a 38 601 3
a 39 809 1
a 40 231 8
a 41 445 1
a 41 670 6
a 41 777 2
a 42 445 5
a 42 691 4
a 43 481 9
a 44 716 9
a 45 587 3
a 45 660 7
a 46 174 10
a 46 606 3
a 47 246 2
a 47 582 3
a 48 90 7
a 48 486 4
a 48 617 7
a 49 102 7
a 49 115 8
a 49 257 8
a 50 255 4
a 50 431 2
a 50 440 6
a 51 315 1
a 51 395 10
a 52 89 3
a 52 370 7
a 52 516 9
a 52 756 4
a 53 494 7
a 54 30 3
a 54 560 5
a 55 78 1
a 56 855 3
a 57 567 10
a 58 381 4
a 58 476 6
a 58 719 5
a 59 779 1
a 60 34 8
a 60 98 4
a 61 341 7
a 62 206 7
a 63 724 5
a 63 835 9
a 64 26 7
a 64 88 5
a 64 801 2
a 65 555 2
a 65 587 1
a 65 658 4
a 66 369 1
a 66 867 2
a 67 506 1
a 67 783 7
a 68 395 4
a 68 611 5
a 69 584 9
a 69 604 8
a 69 851 10
a 70 448 1
a 70 798 9
a 71 218 4
a 72 442 8
a 72 717 7
a 73 673 4
a 74 548 7
a 75 237 3
a 75 441 3
a 75 881 3
a 76 612 10
a 76 710 3
a 77 462 8
a 77 652 8
a 78 736 8
a 79 272 4
a 79 570 5
a 79 780 8
a 80 518 9
a 80 693 5
a 80 737 1
a 81 527 2
a 81 866 10
a 82 515 6
a 82 759 1
a 83 87 9
a 83 495 4
a 84 474 4
a 84 659 6
a 84 754 1
a 84 893 10
a 85 66 8
a 85 490 4
a 86 485 3
a 86 741 10
a 87 118 2
a 88 312 1
a 88 428 1
a 89 330 7
a 89 414 7
a 89 584 4
a 89 759 6
a 90 798 5
a 91 775 5
a 92 899 5
a 93 206 7
a 94 15 10
a 94 172 5
a 94 374 8
a 94 500 10
a 95 220 8
a 95 727 8
a 95 868 3
a 96 480 9
a 96 558 3
a 97 49 9
a 97 103 10
a 98 224 9
a 98 243 2
a 98 650 2
a 99 414 8
a 100 523 10
a 100 561 7
a 101 5 6
a 101 585 1
a 102 112 1
a 102 899 5
a 103 353 8
a 104 127 6
a 104 348 7
a 105 261 8
a 106 163 9
a 106 782 4
a 107 490 8
a 107 801 4
a 108 198 2
a 109 3 4
a 109 124 5
a 109 212 10
a 110 637 1
a 110 683 6
a 110 760 5
a 111 144 5
a 111 358 10
a 112 294 9
a 113 83 7
a 113 121 9
a 113 577 1
a 113 675 9
a 113 705 7
a 113 780 10
a 114 313 3
a 114 456 3
a 114 722 9
a 114 847 4
a 115 824 4
a 115 837 8
a 116 557 2
a 116 610 2
a 117 368 1
a 117 876 10
a 118 469 10
a 118 697 9
a 118 772 5
a 119 278 10
a 119 467 2
a 120 43 5
a 120 74 10
a 121 252 10
a 121 500 9
a 122 459 6
a 123 534 7
a 123 774 3
a 124 885 7
a 125 531 2
a 126 805 9
a 126 875 1
a 127 141 4
a 127 794 2
a 128 487 8
a 129 643 4
a 129 698 1
a 130 203 5
a 130 606 4
a 130 715 3
a 131 601 7
a 131 770 9
a 132 421 6
a 132 564 10
a 133 112 8
a 134 309 10
a 134 781 3
a 135 561 4
a 136 114 2
a 136 763 3
a 137 325 5
a 138 762 6
a 139 201 5
a 139 362 7
a 139 383 9
a 140 862 7
a 141 872 3
a 142 133 10
a 142 661 9
a 143 357 6
a 144 213 8
a 144 218 4
a 144 526 10
a 145 370 1
a 145 669 4
a 146 98 1
a 146 151 2
a 146 620 1
a 146 633 5
a 147 616 7
a 147 832 6
a 148 122 10
a 148 521 8
a 149 225 6
a 149 468 6
a 150 343 2
a 151 790 1
a 152 33 2
a 152 193 10
a 153 241 8
a 153 636 1
a 154 624 5
a 155 301 1
a 156 264 9
a 157 316 6
a 157 339 9
a 158 382 6
a 158 425 6
a 159 77 9
a 160 6 6
a 160 474 6
a 161 464 6
a 161 793 4
a 162 478 6
a 162 821 10
a 162 876 1
a 163 263 9
a 163 397 3
a 164 292 2
a 164 491 8
a 164 654 6
a 165 258 8
a 165 751 2
a 166 248 9
a 167 400 9
a 167 524 7
a 168 695 10
a 168 870 7
a 169 225 6
a 169 449 9
a 169 894 6
a 170 482 7
a 171 463 9
a 171 786 8
a 172 415 4
a 173 180 8
a 173 689 3
a 174 587 2
a 175 22 1
a 175 88 9
a 175 123 1
a 175 241 10
a 176 190 4
a 176 588 5
a 177 57 9
a 177 786 6
a 178 304 1
a 178 311 10
a 178 344 7
a 178 535 4
a 179 178 8
a 179 462 5
a 180 517 2
a 180 811 5
a 181 845 7
a 182 202 8
a 182 234 3
a 183 411 5
a 184 452 9
a 185 249 2
a 185 491 4
a 186 319 9
a 186 489 3
a 187 786 7
a 188 603 6
a 188 676 1
a 189 126 8
a 189 136 9
a 189 196 4
a 189 293 3
a 190 68 2
a 191 393 7
a 192 569 7
a 192 646 7
a 192 745 5
a 193 127 10
a 193 765 8
a 194 559 3
a 194 686 1
a 195 400 5
a 195 557 10
a 195 880 3
a 196 60 1
a 196 702 7
a 196 760 6
a 197 104 5
a 198 841 2
a 198 860 4
a 199 214 7
a 199 576 10
a 199 723 8
a 200 280 8
a 200 470 10
a 201 137 4
a 201 216 4
a 202 532 7
a 203 101 2
a 204 172 2
a 205 226 10
a 205 760 3
a 205 795 8
a 206 338 7
a 206 733 9
a 207 327 8
a 207 346 3
a 207 744 3
a 208 204 9
a 208 688 4
a 208 779 5
a 209 657 4
a 209 730 8
a 210 107 10
a 210 137 2
a 210 142 10
a 210 300 10
a 210 806 7
a 211 96 3
a 211 331 1
a 211 471 5
a 211 745 3
a 211 774 3
a 212 327 2
a 212 608 5
a 213 491 9
a 214 159 5
a 215 207 9
a 215 676 7
a 215 815 4
a 216 768 5
a 216 827 1
a 217 442 4
a 217 797 8
a 218 42 2
a 219 28 2
a 220 314 8
a 220 572 5
a 220 574 10
a 220 595 8
a 220 850 1
a 221 528 5
a 221 720 7
a 222 372 3
a 223 37 2
a 223 555 3
a 224 736 9
a 225 622 7
a 225 841 7
a 226 49 1
a 226 286 5
a 227 678 7
a 228 45 7
a 228 848 10
a 229 847 5
a 230 126 3
a 230 233 10
a 230 435 5
a 230 745 7
a 231 865 8
a 232 350 3
a 232 648 9
a 233 348 9
a 234 106 3
a 234 163 6
a 235 163 7
a 236 262 7
a 236 619 4
a 237 326 3
a 237 353 7
a 237 377 2
a 237 728 7
a 238 88 4
a 239 251 9
a 239 750 2
a 240 83 5
a 240 370 10
a 240 689 3
a 241 75 3
a 242 657 2
a 243 277 4
a 243 309 3
a 244 663 5
a 244 664 9
a 245 228 7
a 245 329 2
a 245 419 8
a 246 175 6
a 247 7 2
a 247 706 7
a 248 170 7
a 248 678 9
a 249 86 2
a 249 315 7
a 250 737 2
a 251 553 10
a 251 708 1
a 251 837 3
a 252 376 8
a 252 640 1
a 253 62 4
a 253 293 7
a 254 49 6
a 254 855 9
a 255 481 6
a 255 652 2
a 256 67 8
a 257 332 8
a 257 808 1
a 258 118 7
a 259 38 3
a 259 157 10
a 259 852 2
a 260 36 3
a 260 205 5
a 260 373 4
a 260 823 1
a 261 134 4
a 261 724 4
a 262 141 1
a 263 395 8
a 264 596 3
a 265 388 3
a 265 413 5
a 266 227 7
a 266 472 4
a 267 73 9
a 267 307 10
a 267 656 8
a 267 844 7
a 268 456 8
a 269 446 7
a 269 518 7
a 270 731 7
a 271 259 8
a 271 297 2
a 271 891 8
a 272 296 8
a 273 62 5
a 274 183 4
a 275 8 1
a 275 56 10
a 276 698 9
a 277 252 9
a 277 483 1
a 278 9 7
a 278 223 5
a 279 129 7
a 279 270 9
a 279 371 1
a 280 561 7
a 281 156 6
a 281 230 4
a 281 447 4
a 281 890 8
a 282 129 3
a 282 236 8
a 282 271 7
a 282 316 5
a 283 311 5
a 283 418 2
a 283 423 8
a 284 155 10
a 284 390 4
a 284 399 5
a 284 718 7
a 284 853 8
a 285 179 4
a 286 92 4
a 286 265 7
a 286 575 4
a 287 397 3
a 287 843 2
a 288 608 10
a 288 859 7
a 289 892 4
a 290 135 6
a 290 454 1
a 290 875 1
a 291 466 4
a 291 655 5
a 292 119 6
a 292 249 4
a 293 229 5
a 293 456 5
a 293 564 2
a 293 671 5
a 294 327 6
a 295 835 9
a 296 445 6
a 296 579 10
a 296 688 1
a 297 44 3
a 297 143 2
a 297 765 8
a 298 602 6
a 298 784 2
a 299 23 1
a 300 383 7
a 300 666 8
a 301 871 8
a 302 96 7
a 302 794 9
a 303 274 4
a 303 879 5
a 304 117 4
a 304 364 1
a 305 127 1
a 305 385 10
a 305 531 1
a 306 24 6
a 306 129 10
a 306 559 8
a 307 48 7
a 307 630 6
a 308 81 7
a 308 238 9
a 308 243 3
a 308 685 8
a 308 757 4
a 309 447 8
a 310 674 10
a 311 64 10
a 311 519 5
a 312 320 4
a 312 455 4
a 312 854 6
a 313 632 2
a 314 189 10
a 314 292 3
a 314 306 4
a 314 359 2
a 314 624 3
a 314 810 10
a 315 7 7
a 315 532 2
a 316 863 10
a 317 866 4
a 318 56 8
a 318 640 5
a 319 229 7
a 320 341 2
a 321 6 4
a 321 350 6
a 321 411 3
a 321 452 2
a 322 349 10
a 323 248 9
a 324 186 5
a 324 317 7
a 324 451 3
a 324 845 2
a 325 107 1
a 325 206 8
a 326 57 3
a 326 482 5
a 326 842 6
a 327 38 4
a 327 295 5
a 328 84 10
a 328 145 3
a 328 511 1
a 329 240 9
a 330 267 4
a 330 506 4
a 330 744 10
a 330 865 8
a 331 75 2
a 332 202 8
a 332 389 1
a 333 63 8
a 333 775 10
a 334 544 5
a 334 715 4
a 334 823 6
a 335 481 4
a 336 340 9
a 336 889 9
a 337 372 7
a 337 591 9
a 337 609 3
a 338 432 8
a 338 838 8
a 339 478 7
a 339 510 4
a 339 659 1
a 340 28 9
a 340 260 1
a 340 638 3
a 341 168 10
a 341 884 2
a 341 890 10
a 341 892 9
a 342 106 6
a 343 51 8
a 343 651 7
a 344 384 6
a 344 532 5
a 345 693 1
a 345 713 3
a 346 435 5
a 346 528 5
a 347 588 6
a 348 13 10
a 348 18 9
a 348 118 8
a 348 244 2
a 348 282 5
a 349 820 4
a 350 751 6
a 351 86 9
a 352 520 9
a 352 828 8
a 353 595 2
a 354 742 7
a 355 146 4
a 355 503 9
a 355 869 3
a 356 20 10
a 356 433 5
a 356 469 7
a 356 484 8
a 357 696 2
a 358 681 3
a 358 710 3
a 359 49 9
a 360 55 3
a 360 871 4
a 361 104 4
a 361 804 9
a 362 535 6
a 363 773 10
a 364 209 9
a 364 379 9
a 365 554 1
a 365 567 1
a 366 736 2
a 367 694 5
a 368 650 2
a 368 696 10
a 368 800 9
a 369 434 5
a 369 855 4
a 370 803 9
a 371 473 1
a 371 811 10
a 372 825 10
a 373 4 6
a 373 442 9
a 373 872 6
a 374 276 5
a 374 612 6
a 374 700 10
a 374 716 5
a 375 542 4
a 375 730 9
a 376 32 2
a 376 391 3
a 376 598 4
a 376 706 1
a 377 220 7
a 377 280 6
a 377 359 5
a 377 607 6
a 378 25 3
a 378 411 8
a 379 226 4
a 379 836 3
a 380 827 8
a 381 543 1
a 381 854 1
a 382 47 5
a 383 21 4
a 383 175 4
a 384 803 4
a 385 165 2
a 385 383 7
a 386 238 8
a 387 889 1
a 388 402 3
a 388 639 9
a 388 770 1
a 389 364 7
a 390 32 1
a 390 310 6
a 391 223 8
a 392 5 9
a 393 281 8
a 393 761 9
a 394 279 10
a 394 430 5
a 394 589 5
a 394 692 3
a 395 4 10
a 395 578 4
a 396 298 3
a 396 810 6
a 396 862 9
a 397 357 5
a 397 380 2
a 398 159 1
a 398 725 2
a 398 836 9
a 399 775 5
a 400 792 4
a 400 819 2
a 401 536 3
a 401 837 4
a 402 75 2
a 402 674 2
a 403 489 1
a 404 42 4
a 405 41 3
a 406 57 5
a 406 213 4
a 406 334 6
a 406 590 8
a 406 732 9
a 407 327 9
a 407 488 10
a 407 643 6
a 408 29 3
a 408 162 2
a 408 441 3
a 408 858 1
a 409 7 3
a 409 200 2
a 410 138 3
a 410 491 10
a 411 528 7
a 411 676 9
a 411 709 9
a 412 262 2
a 412 281 5
a 412 596 8
a 412 758 8
a 413 668 8
a 414 265 9
a 414 895 9
a 415 27 8
a 415 147 6
a 415 538 2
a 416 310 10
a 417 171 1
a 417 367 10
a 417 661 9
a 417 679 9
a 418 98 9
a 418 412 4
a 418 812 10
a 419 579 9
a 420 254 3
a 420 888 3
a 421 667 5
a 421 701 5
a 422 216 8
a 422 450 9
a 423 520 4
a 424 174 6
a 425 601 8
a 426 796 7
a 427 272 7
a 427 764 9
a 428 496 4
a 428 887 7
a 429 47 2
a 429 51 7
a 430 352 6
a 430 387 9
a 431 700 3
a 432 132 5
a 432 417 2
a 432 697 8
a 433 392 6
a 433 819 5
a 434 281 9
a 434 751 5
a 435 195 7
a 435 697 7
a 435 822 8
a 436 525 2
a 436 833 4
a 436 834 8
a 437 336 4
a 437 852 10
a 438 44 1
a 438 287 6
a 438 449 2
a 439 336 6
a 440 811 5
a 441 466 8
a 442 149 5
a 442 496 1
a 443 605 8
a 443 867 5
a 444 585 1
a 445 314 8
a 446 525 8
a 446 736 10
a 446 744 1
a 447 366 5
a 448 199 10
a 448 419 6
a 449 285 8
a 450 758 2
a 451 351 6
a 451 431 8
a 451 712 9
a 452 690 1
a 453 111 8
a 453 494 2
a 453 873 1
a 454 619 4
a 455 158 5
a 455 389 6
a 456 854 5
a 457 634 10
a 458 286 1
a 459 46 7
a 460 340 7
a 460 737 2
a 461 323 5
a 461 695 8
a 462 107 10
a 463 101 2
a 463 664 10
a 463 705 6
a 464 498 9
a 464 527 8
a 464 691 5
a 464 747 9
a 465 403 10
a 465 690 8
a 466 730 7
a 467 647 8
a 468 857 8
a 469 508 8
a 469 889 2
a 470 304 10
a 471 22 3
a 471 63 8
a 471 695 5
a 472 465 5
a 472 817 10
a 473 79 3
a 473 756 4
a 474 302 5
a 474 325 8
a 475 118 5
a 475 188 8
a 475 642 9
a 475 898 7
a 476 430 7
a 476 714 4
a 477 438 8
a 477 548 9
a 477 839 7
a 478 75 10
a 478 263 2
a 478 349 8
a 479 130 8
a 479 550 8
a 480 225 1
a 480 249 6
a 480 436 2
a 480 444 2
a 480 453 9
a 480 647 2
a 480 785 7
a 481 109 4
a 481 851 2
a 482 152 4
a 482 613 3
a 482 840 2
a 482 849 3
a 483 8 2
a 483 554 4
a 484 67 6
a 484 560 10
a 484 700 10
a 485 43 6
a 485 629 6
a 486 33 10
a 487 217 1
a 487 316 9
a 488 160 6
a 489 68 8
a 489 719 5
a 489 762 2
a 490 133 5
a 491 191 4
a 491 505 1
a 491 879 5
a 492 333 1
a 493 23 9
a 493 219 1
a 493 446 2
a 493 549 7
a 494 622 1
a 495 323 3
a 495 875 9
a 496 69 6
a 496 126 10
a 496 162 3
a 497 160 10
a 497 748 8
a 498 12 4
a 498 14 9
a 499 286 8
a 500 278 6
a 501 407 6
a 501 499 4
a 502 325 7
a 502 776 4
a 503 367 6
a 504 252 1
a 504 773 5
a 505 422 9
a 506 65 7
a 506 457 10
a 506 792 5
a 507 28 1
a 507 566 10
a 507 571 9
a 508 330 6
a 509 41 2
a 509 354 2
a 509 602 4
a 509 738 10
a 510 16 10
a 510 639 5
a 511 497 1
a 511 573 8
a 512 295 6
a 512 537 6
a 512 542 9
a 512 769 1
a 513 315 9
a 514 102 6
a 515 91 8
a 515 673 5
a 515 761 4
a 516 176 2
a 516 405 2
a 516 892 10
a 517 672 6
a 517 798 7
a 518 809 9
a 519 31 4
a 519 78 4
a 519 900 8
a 520 540 10
a 521 813 7
a 522 410 7
a 522 422 9
a 522 547 5
a 523 315 8
a 523 593 9
a 524 502 4
a 524 517 1
a 524 579 8
a 525 356 5
a 526 16 4
a 526 364 2
a 526 752 8
a 526 819 6
a 527 343 9
a 527 530 10
a 527 896 9
a 528 771 4
a 528 790 9
a 529 697 6
a 529 799 1
a 530 230 6
a 530 599 8
a 531 381 7
a 532 206 2
a 532 261 1
a 533 290 7
a 533 511 3
a 533 613 8
a 534 80 3
a 534 477 1
a 535 273 9
a 535 618 8
a 535 834 6
a 536 528 1
a 537 306 8
a 537 796 2
a 538 478 1
a 539 87 2
a 539 182 2
a 539 617 7
a 540 324 2
a 540 425 6
a 541 230 2
a 542 177 5
a 542 539 7
a 543 294 9
a 544 134 1
a 544 383 2
a 545 466 9
a 545 681 1
a 546 58 5
a 546 829 2
a 547 463 1
a 548 285 9
a 548 486 3
a 548 753 7
a 549 158 5
a 549 352 5
a 549 581 3
a 550 723 7
a 551 212 6
a 551 386 3
a 551 726 8
a 551 790 6
a 552 75 9
a 552 185 7
a 553 408 9
a 553 759 10
a 554 38 3
a 554 594 7
a 555 311 9
a 556 681 7
a 557 64 7
a 557 568 4
a 558 294 4
a 558 425 1
a 559 444 9
a 560 341 6
a 560 722 9
a 561 522 1
a 561 531 6
a 561 699 8
a 561 900 6
a 562 221 9
a 563 138 9
a 563 422 2
a 563 740 7
a 563 864 2
a 564 486 4
a 564 623 2
a 565 190 4
a 566 554 4
a 567 774 4
a 568 360 1
a 568 613 1
a 569 299 6
a 570 52 2
a 570 327 8
a 571 811 7
a 572 240 10
a 572 458 5
a 572 759 5
a 572 807 3
a 573 368 4
a 574 761 7
a 575 201 8
a 575 321 7
a 576 479 10
a 576 523 7
a 577 844 1
a 577 886 2
a 578 366 7
a 578 424 7
a 578 646 4
a 578 737 1
a 578 739 7
a 579 184 4
a 579 625 10
a 580 644 5
a 581 627 8
a 581 650 1
a 582 27 3
a 582 885 2
a 583 2 5
a 583 129 4
a 583 743 7
a 584 58 4
a 584 191 4
a 584 439 7
a 584 559 6
a 585 184 7
a 585 186 6
a 585 582 3
a 586 146 3
a 586 750 5
a 586 828 6
a 587 397 1
a 588 620 9
a 589 153 7
a 589 314 6
a 589 406 9
a 589 480 10
a 589 592 4
a 590 56 8
a 590 113 6
a 590 512 7
a 590 582 8
a 590 816 6
a 591 626 7
a 592 299 7
a 592 890 6
a 593 45 10
a 593 72 1
a 593 396 2
a 593 567 2
a 593 857 8
a 594 59 6
a 594 341 9
a 595 335 10
a 595 342 6
a 595 573 4
a 595 847 1
a 596 740 10
a 597 329 10
a 597 775 10
a 598 49 9
a 599 577 7
a 600 136 1
a 600 703 5
a 601 42 9
a 601 162 6
a 601 540 7
a 602 46 10
a 603 506 4
a 604 217 9
a 605 18 3
a 605 302 9
a 606 802 8
a 606 884 7
a 607 304 10
a 608 657 1
a 608 882 1
a 609 37 10
a 609 45 5
a 609 475 7
a 609 707 2
a 610 166 3
a 610 571 4
a 611 203 5
a 611 866 4
a 612 266 6
a 612 614 3
a 613 426 3
a 614 339 6
a 615 36 9
a 615 678 6
a 616 189 7
a 616 614 2
a 616 791 3
a 616 856 9
a 617 93 5
a 617 395 10
a 618 375 5
a 618 504 2
a 619 314 2
a 619 518 1
a 620 30 8
a 621 239 2
a 621 626 6
a 622 453 8
a 622 605 10
a 622 710 7
a 623 333 3
a 623 628 8
a 624 539 9
a 624 721 3
a 625 188 10
a 626 427 4
a 626 734 3
a 627 434 10
a 628 97 9
a 628 247 1
a 628 501 7
a 628 766 4
a 629 140 6
a 629 242 1
a 629 763 8
a 630 412 4
a 631 253 6
a 631 873 8
a 632 154 1
a 632 728 6
a 632 746 6
a 633 363 3
a 633 594 3
a 634 161 4
a 634 231 10
a 635 283 4
a 635 378 6
a 635 667 3
a 636 471 10
a 636 820 7
a 637 108 3
a 637 365 5
a 637 509 10
a 638 462 5
a 639 786 10
a 640 834 3
a 641 566 5
a 642 266 1
a 643 10 1
a 643 221 1
a 644 183 5
a 644 288 10
a 645 798 8
a 646 289 9
a 646 481 6
a 646 831 7
a 647 235 6
a 647 268 3
a 647 420 10
a 647 544 7
a 647 896 10
a 648 662 10
a 648 748 2
a 648 883 8
a 649 652 10
a 650 99 1
a 651 27 3
a 651 782 2
a 652 419 7
a 653 187 9
a 653 361 4
a 653 391 9
a 653 877 10
a 654 105 8
a 654 721 1
a 655 332 3
a 655 389 7
a 656 840 10
a 657 177 9
a 657 307 7
a 657 746 2
a 657 818 5
a 657 874 10
a 658 209 6
a 658 637 5
a 659 197 5
a 659 400 8
a 660 451 7
a 661 88 7
a 661 711 8
a 662 413 7
a 663 219 8
a 663 388 7
a 664 179 5
a 664 278 3
a 664 348 8
a 664 621 9
a 665 277 8
a 665 322 3
a 665 634 8
a 665 672 6
a 666 637 9
a 666 813 1
a 667 87 2
a 667 726 9
a 668 61 8
a 668 215 4
a 668 662 1
a 669 26 7
a 670 586 2
a 671 184 3
a 672 59 3
a 672 573 5
a 672 588 5
a 673 131 7
a 673 739 4
a 673 817 1
a 674 250 4
a 674 893 5
a 675 111 8
a 675 789 5
a 675 891 3
a 676 463 10
a 677 444 5
a 677 585 10
a 677 849 10
a 678 877 4
a 679 245 6
a 679 717 8
a 680 364 8
a 681 397 1
a 681 811 4
a 682 232 9
a 682 545 7
a 682 803 10
a 683 872 1
a 684 116 10
a 684 148 5
a 684 394 2
a 685 859 4
a 686 405 8
a 687 69 4
a 688 408 9
a 689 39 6
a 689 128 2
a 689 558 3
a 690 14 1
a 690 760 9
a 691 356 9
a 691 639 10
a 692 648 5
a 693 40 8
a 693 441 5
a 693 838 9
a 694 351 4
a 695 793 9
a 696 192 1
a 696 521 3
a 697 222 10
a 698 34 6
a 698 670 2
a 698 768 9
a 699 489 4
a 699 850 2
a 700 181 6
a 700 219 8
a 701 236 1
a 702 46 6
a 702 64 5
a 702 414 7
a 702 535 8
a 703 169 10
a 703 404 2
a 703 728 8
a 704 831 2
a 705 2 1
a 706 214 3
a 706 655 6
a 707 120 6
a 707 824 4
a 707 860 6
a 708 21 5
a 709 257 4
a 709 338 8
a 710 717 6
a 710 735 7
a 710 750 3
a 711 599 8
a 712 85 1
a 713 9 1
a 713 513 1
a 713 630 10
a 713 680 3
a 713 749 3
a 714 347 8
a 714 495 2
a 714 597 9
a 714 665 6
a 715 517 4
a 716 416 3
a 716 858 5
a 717 70 6
a 717 269 8
a 718 297 4
a 718 623 6
a 719 57 7
a 720 293 8
a 720 682 8
a 720 692 10
a 721 193 4
a 722 328 10
a 722 723 2
a 723 28 3
a 724 628 9
a 725 250 8
a 725 704 6
a 726 159 4
a 726 232 8
a 727 150 1
a 727 546 5
a 727 885 2
a 728 439 10
a 729 358 10
a 730 529 2
a 730 616 7
a 730 807 8
a 731 374 4
a 731 690 7
a 732 594 2
a 733 269 6
a 733 428 8
a 733 702 4
a 734 653 10
a 734 792 10
a 735 161 5
a 735 299 10
a 735 600 8
a 736 282 1
a 736 355 3
a 737 403 1
a 737 458 5
a 737 631 10
a 738 10 4
a 738 125 9
a 738 408 5
a 739 17 9
a 739 262 9
a 739 415 9
a 740 191 10
a 740 507 9
a 740 653 10
a 741 40 6
a 741 768 3
a 742 268 7
a 743 443 6
a 743 700 1
a 744 22 10
a 744 429 7
a 744 455 1
a 744 660 7
a 745 98 8
a 745 308 7
a 746 107 2
a 746 305 3
a 746 900 8
a 747 86 2
a 747 514 10
a 748 20 7
a 749 625 7
a 749 865 3
a 750 781 5
a 751 356 8
a 751 372 7
a 752 222 1
a 752 294 7
a 752 510 4
a 752 780 7
a 752 871 8
a 753 383 1
a 754 765 6
a 755 587 1
a 755 694 3
a 756 86 2
a 756 574 5
a 757 161 7
a 758 194 2
a 758 284 5
a 758 286 6
a 759 276 1
a 760 314 3
a 761 70 1
a 761 470 10
a 762 77 10
a 762 615 5
a 762 763 6
a 763 752 2
a 764 895 4
a 765 408 9
a 766 656 7
a 767 30 3
a 767 291 7
a 768 94 7
a 768 500 2
a 769 139 8
a 769 301 8
a 769 464 7
a 769 625 10
a 770 164 7
a 771 203 6
a 772 291 1
a 772 839 8
a 773 19 6
a 773 117 7
a 773 275 3
a 773 541 2
a 774 296 9
a 774 885 5
a 775 756 6
a 776 275 7
a 776 492 5
a 777 298 7
a 777 303 10
a 778 378 2
a 778 742 1
a 778 751 2
a 778 755 8
a 778 869 5
a 779 806 10
a 780 441 3
a 781 85 5
a 782 54 9
a 782 556 4
a 782 580 3
a 783 304 1
a 784 421 10
a 784 679 2
a 785 77 3
a 785 134 9
a 785 398 10
a 785 846 4
a 786 337 1
a 786 731 4
a 787 198 10
a 787 785 7
a 788 2 1
a 789 399 3
a 789 526 9
a 789 734 2
a 789 798 4
a 790 396 3
a 791 153 6
a 792 463 10
a 793 116 2
a 793 484 1
a 793 809 9
a 794 255 4
a 794 677 5
a 795 247 1
a 796 195 7
a 797 345 1
a 797 437 10
a 798 538 8
a 799 338 6
a 799 380 1
a 799 409 6
a 799 680 4
a 800 637 2
a 801 139 1
a 802 336 7
a 802 377 4
a 802 461 3
a 803 633 10
a 804 641 5
a 804 693 7
a 805 578 10
a 806 815 1
a 807 211 6
a 807 506 3
a 808 71 10
a 808 95 6
a 808 547 5
a 809 164 2
a 809 848 5
a 809 886 2
a 810 247 3
a 811 431 1
a 811 669 1
a 812 166 6
a 812 600 1
a 812 762 2
a 813 892 2
a 814 649 8
a 814 765 10
a 815 56 3
a 815 477 7
a 816 173 9
a 816 502 1
a 817 89 4
a 817 563 10
a 818 58 2
a 818 100 7
a 819 152 9
a 820 43 9
a 820 212 6
a 821 287 7
a 822 254 8
a 822 349 6
a 822 674 4
a 823 147 2
a 823 409 7
a 824 121 3
a 825 437 7
a 825 724 1
a 826 552 8
a 826 669 4
a 827 217 5
a 827 731 5
a 828 326 1
a 829 333 10
a 829 341 4
a 829 729 10
a 830 104 8
a 830 562 2
a 830 580 6
a 831 112 9
a 831 460 9
a 832 551 4
a 833 361 9
a 834 95 3
a 834 895 3
a 835 191 10
a 836 350 2
a 836 487 7
a 836 738 5
a 837 583 7
a 837 799 8
a 838 132 9
a 838 839 2
a 839 99 10
a 839 298 4
a 839 532 10
a 839 632 3
a 839 830 8
a 840 387 7
a 840 499 9
a 840 771 9
a 840 863 1
a 841 521 5
a 841 886 7
a 842 144 1
a 843 256 3
a 843 479 3
a 844 749 7
a 845 85 9
a 845 877 10
a 846 167 7
a 846 672 9
a 847 214 7
a 848 399 6
a 849 900 4
a 850 826 4
a 851 119 10
a 852 900 9
a 853 591 7
a 854 35 4
a 854 400 6
a 855 475 3
a 855 730 5
a 856 672 1
a 856 763 10
a 857 450 8
a 858 542 5
a 859 583 6
a 860 123 1
a 860 754 2
a 860 825 8
a 861 4 4
a 861 149 3
a 862 97 6
a 862 228 3
a 862 635 5
a 863 208 9
a 863 212 6
a 863 741 2
a 864 626 4
a 864 782 3
a 865 240 5
a 866 120 10
a 866 788 2
a 867 390 6
a 868 92 7
a 868 662 1
a 869 576 4
a 870 328 9
a 871 704 3
a 872 104 8
a 872 365 3
a 872 767 3
a 873 210 1
a 873 219 8
a 874 284 5
a 874 289 1
a 875 44 10
a 876 248 8
a 876 779 5
a 877 147 1
a 877 302 3
a 877 489 8
a 878 286 6
a 878 294 8
a 879 504 1
a 879 591 8
a 880 532 1
a 880 565 6
a 881 393 10
a 881 694 3
a 881 787 2
a 882 242 2
a 883 89 8
a 883 778 10
a 884 537 10
a 885 41 6
a 886 53 9
a 886 762 4
a 887 33 3
a 887 208 10
a 887 550 6
a 888 354 8
a 888 402 8
a 889 217 6
a 889 622 3
a 890 885 6
a 891 236 5
a 892 174 4
a 892 645 9
a 893 500 8
a 894 368 7
a 895 184 10
a 895 227 4
a 895 334 1
a 896 21 7
a 896 54 6
a 896 82 8
a 896 380 9
a 896 529 9
a 896 826 5
a 896 897 10
a 897 426 3
a 897 478 1
a 897 672 3
a 898 112 6
a 898 318 9
a 899 30 1
