p max 900 1800
n 1 s
n 900 t
a 1 46 4
a 1 437 8
a 2 134 4
a 2 696 7
a 2 899 4
a 3 357 8
a 3 876 9
a 4 275 3
a 4 604 9
a 5 9 2
a 6 468 1
a 7 621 2
a 7 736 10
a 7 884 2
a 8 423 7
a 9 38 3
a 9 523 2
a 10 123 6
a 10 478 9
a 10 868 6
a 11 467 1
a 11 685 1
a 12 223 10
a 12 242 9
a 12 482 6
a 13 436 9
a 14 98 1
a 14 496 7
a 15 26 7
a 16 503 7
a 16 514 8
a 16 809 4
a 17 39 4
a 17 62 1
a 17 624 1
a 18 320 10
a 19 659 4
a 19 765 10
a 20 452 10
a 20 566 7
a 21 307 7
a 21 844 10
a 22 378 4
a 22 828 5
a 23 279 10
a 23 287 3
a 23 383 1
a 24 539 10
a 24 716 1
a 25 310 10
a 25 623 6
a 25 840 2
a 26 227 5
a 27 42 1
a 28 64 1
a 28 234 2
a 28 567 10
a 28 817 3
a 29 766 7
a 30 798 1
a 31 212 8
a 31 266 1
a 32 599 8
a 32 776 4
a 33 206 2
a 34 18 10
a 34 105 6
a 34 108 4
a 34 513 2
a 34 885 10
a 35 238 8
a 35 377 5
a 35 721 6
a 36 182 9
a 36 486 3
a 36 727 7
a 37 477 6
a 38 575 9
a 38 865 4
a 39 534 3
a 39 698 9
a 40 72 5
a 40 154 4
a 40 824 9
a 41 266 7
a 41 494 3
a 42 243 1
a 42 495 8
a 42 570 5
a 42 640 2
a 43 337 5
a 43 417 3
a 44 314 1
a 45 607 4
a 45 651 3
a 45 855 4
a 46 16 7
a 46 49 3
a 46 857 10
a 47 53 6
a 48 293 9
a 48 480 5
a 49 75 1
a 50 82 3
a 50 111 8
a 51 61 7
a 51 258 10
a 51 770 9
a 52 125 8
a 52 126 5
a 53 122 7
a 54 848 6
a 55 102 10
a 55 203 6
a 55 356 3
a 56 404 7
a 56 455 8
a 56 483 1
a 57 10 3
a 57 191 7
a 57 510 5
a 58 252 4
a 58 335 7
a 58 683 6
a 58 708 7
a 59 517 3
a 59 712 8
a 59 804 3
a 60 11 9
a 61 701 10
a 62 13 5
a 62 860 9
a 63 463 7
a 64 310 2
a 64 385 4
a 64 523 10
a 65 174 8
a 66 601 4
a 66 662 6
a 67 116 8
a 67 719 3
a 68 17 5
a 68 332 7
a 69 181 6
a 69 236 3
a 69 428 5
a 70 857 8
a 71 438 9
a 72 577 7
a 73 781 5
a 74 305 6
a 74 575 7
a 75 206 5
a 75 687 7
a 75 718 5
a 75 756 4
a 75 802 7
a 76 80 4
a 76 145 2
a 76 175 9
a 76 328 7
a 77 23 3
a 78 469 2
a 78 550 6
a 78 760 4
a 79 561 7
a 80 238 6
a 80 410 1
a 81 32 10
a 82 200 3
a 82 304 7
a 82 371 2
a 82 423 5
a 82 664 7
a 83 20 1
a 83 467 9
a 84 456 8
a 84 793 3
a 85 78 2
a 86 183 4
a 86 187 3
a 87 743 3
a 88 285 10
a 89 279 4
a 89 339 9
a 90 558 1
a 91 868 10
a 92 15 9
a 92 198 6
a 92 591 4
a 93 606 5
a 94 481 9
a 94 727 8
a 94 776 9
a 95 235 3
a 96 34 9
a 97 117 8
a 97 208 5
a 97 559 7
a 98 653 6
a 99 436 1
a 100 162 10
a 101 824 9
a 102 469 7
a 103 394 8
a 104 435 8
a 104 766 7
a 105 8 3
a 105 877 6
a 106 729 4
a 107 30 2
a 107 329 2
a 108 512 1
a 108 690 9
a 109 669 8
a 109 755 9
a 110 345 10
a 110 370 9
a 110 867 1
a 111 37 10
a 111 136 2
a 111 239 2
a 111 322 7
a 112 475 9
a 112 668 4
a 113 83 4
a 113 230 4
a 114 63 5
a 114 848 10
a 115 476 8
a 116 428 4
a 117 126 7
a 117 535 3
a 118 162 2
a 119 411 6
a 119 700 10
a 120 102 9
a 120 235 10
a 121 87 10
a 121 537 5
a 121 851 8
a 122 778 7
a 123 397 8
a 123 688 6
a 124 713 1
a 125 292 3
a 125 767 7
a 126 77 9
a 126 704 7
a 127 40 1
a 127 269 7
a 128 558 3
a 128 834 2
a 129 294 7
a 130 231 4
a 130 491 1
a 130 724 2
a 131 651 1
a 132 220 2
a 133 80 6
a 133 893 8
a 134 152 4
a 134 830 4
a 135 577 1
a 135 893 5
a 136 215 8
a 136 233 6
a 136 544 2
a 136 856 8
a 137 134 8
a 137 609 1
a 137 771 2
a 138 132 6
a 138 604 1
a 139 723 9
a 140 313 6
a 140 357 4
a 140 481 8
a 140 562 1
a 141 340 10
a 141 533 1
a 142 499 9
a 143 11 8
a 143 638 8
a 143 816 6
a 144 236 1
a 145 23 10
a 145 737 3
a 146 248 9
a 146 646 3
a 146 709 8
a 147 35 1
a 148 34 3
a 148 146 9
a 148 851 9
a 149 378 10
a 149 468 7
a 149 496 9
a 149 864 2
a 150 549 10
a 151 376 5
a 151 507 5
a 152 62 4
a 152 713 7
a 152 779 10
a 153 57 7
a 153 475 1
a 153 697 4
a 154 19 10
a 154 608 3
a 154 752 4
a 155 667 6
a 155 850 1
a 156 402 5
a 157 74 7
a 157 262 2
a 158 417 8
a 159 473 4
a 160 110 3
a 160 157 4
a 161 53 3
a 161 222 2
a 161 324 1
a 162 329 1
a 163 603 9
a 163 778 4
a 163 794 10
a 163 876 7
a 164 112 7
a 164 189 5
a 164 665 5
a 165 2 7
a 165 428 4
a 165 828 3
a 166 69 2
a 167 200 5
a 168 433 9
a 168 719 2
a 169 254 1
a 169 848 2
a 170 594 10
a 170 721 4
a 171 653 7
a 171 685 3
a 172 98 10
a 172 407 7
a 173 437 3
a 174 434 9
a 175 537 5
a 176 311 2
a 177 458 4
a 177 589 1
a 178 621 5
a 179 36 1
a 179 308 4
a 179 615 10
a 180 656 3
a 181 399 6
a 181 449 5
a 182 40 7
a 183 237 7
a 183 855 4
a 184 171 1
a 184 249 9
a 184 843 4
a 185 349 3
a 186 221 10
a 186 361 3
a 186 364 4
a 186 695 4
a 187 176 10
a 187 524 8
a 188 273 4
a 188 494 10
a 189 10 4
a 189 709 5
a 189 825 7
a 190 521 4
a 191 209 6
a 191 318 3
a 192 21 5
a 192 788 8
a 193 840 10
a 194 553 10
a 194 652 2
a 194 821 10
a 195 142 3
a 195 349 5
a 195 696 4
a 195 863 2
a 196 136 10
a 197 253 2
a 197 388 6
a 197 497 1
a 197 643 8
a 197 669 1
a 198 507 8
a 198 803 4
a 199 232 5
a 200 46 2
a 200 649 5
a 201 16 7
a 202 421 4
a 202 805 5
a 203 608 10
a 204 501 8
a 204 553 5
a 205 442 2
a 205 679 8
a 206 394 7
a 206 722 2
a 206 900 6
a 207 21 3
a 207 84 2
a 207 386 4
a 208 790 3
a 209 343 6
a 210 119 9
a 210 393 4
a 210 661 1
a 211 640 4
a 212 52 1
a 212 479 10
a 213 97 10
a 213 114 9
a 213 408 5
a 213 811 1
a 214 844 1
a 214 845 10
a 215 795 10
a 215 804 2
a 216 79 1
a 216 266 3
a 216 363 10
a 216 622 6
a 216 739 2
a 217 286 5
a 217 578 1
a 218 326 7
a 218 685 2
a 219 622 10
a 219 723 8
a 220 719 10
a 221 345 9
a 222 150 1
a 222 299 1
a 222 464 10
a 223 825 5
a 224 459 1
a 224 838 4
a 225 22 7
a 225 625 7
a 225 833 4
a 226 710 4
a 226 882 7
a 227 638 1
a 227 855 7
a 228 407 7
a 228 654 8
a 229 386 3
a 229 539 5
a 230 178 9
a 231 37 6
a 232 450 5
a 232 747 2
a 232 750 6
a 233 49 9
a 233 197 10
a 234 321 1
a 234 516 4
a 235 44 7
a 235 891 2
a 236 124 10
a 236 385 7
a 236 791 7
a 237 695 8
a 238 568 9
a 238 642 6
a 238 663 2
a 239 174 1
a 240 108 7
a 241 295 9
a 241 551 1
a 241 610 2
a 242 23 7
a 242 287 3
a 242 440 6
a 243 73 9
a 243 190 1
a 243 241 3
a 243 576 8
a 244 776 3
a 245 351 4
a 245 870 8
a 246 92 4
a 247 455 10
a 248 825 9
a 249 52 6
a 249 711 5
a 250 879 1
a 251 110 5
a 251 588 5
a 252 82 6
a 252 401 4
a 252 872 6
a 253 214 4
a 254 262 2
a 254 824 10
a 255 367 7
a 256 422 6
a 256 686 10
a 256 768 7
a 257 284 6
a 258 463 2
a 259 206 7
a 260 132 4
a 260 321 1
a 261 7 1
a 261 229 7
a 262 42 3
a 263 73 1
a 263 213 8
a 263 561 2
a 264 158 9
a 265 775 8
a 266 689 6
a 267 48 1
a 267 165 1
a 268 411 10
a 268 475 9
a 269 692 9
a 270 894 10
a 271 81 10
a 272 786 4
a 273 211 6
a 273 323 2
a 273 425 5
a 274 51 10
a 275 401 8
a 276 187 9
a 276 549 5
a 277 222 10
a 278 39 1
a 278 225 3
a 278 694 2
a 279 409 9
a 279 430 1
a 279 675 1
a 279 765 2
a 280 259 7
a 280 392 2
a 281 114 2
a 281 815 10
a 282 64 7
a 282 139 2
a 282 679 6
a 283 778 9
a 283 883 3
a 284 469 3
a 285 21 7
a 285 691 5
a 285 839 10
a 286 373 5
a 287 140 4
a 287 502 10
a 287 549 5
a 288 403 9
a 288 414 2
a 288 633 5
a 288 865 1
a 289 184 8
a 289 720 10
a 290 52 6
a 290 147 10
a 290 169 9
a 291 3 3
a 292 62 4
a 292 333 2
a 292 583 1
a 293 167 4
a 294 219 10
a 294 314 2
a 294 474 3
a 295 28 5
a 295 422 6
a 296 339 10
a 297 243 10
a 297 333 9
a 297 759 9
a 298 706 10
a 298 889 5
a 299 462 2
a 299 775 3
a 300 427 4
a 301 10 9
a 301 216 5
a 301 544 4
a 302 842 8
a 303 290 2
a 304 161 8
a 304 761 8
a 305 869 10
a 306 758 8
a 307 671 9
a 307 672 2
a 308 161 10
a 308 337 4
a 308 617 3
a 309 48 1
a 309 659 10
a 310 389 6
a 311 477 4
a 312 32 6
a 312 195 6
a 312 391 6
a 313 3 2
a 313 279 5
a 313 545 9
a 314 52 8
a 314 202 5
a 315 596 10
a 316 195 10
a 317 211 7
a 318 488 2
a 319 188 4
a 319 256 7
a 320 725 10
a 321 421 6
a 321 841 1
a 322 5 10
a 322 144 5
a 322 146 1
a 323 532 5
a 323 577 7
a 324 168 3
a 324 201 5
a 325 573 9
a 325 712 5
a 326 233 10
a 327 746 10
a 328 383 10
a 328 746 7
a 329 538 4
a 330 407 9
a 330 692 2
a 331 117 1
a 331 670 6
a 332 126 10
a 333 676 9
a 334 462 1
a 334 597 8
a 335 150 2
a 335 311 10
a 336 112 2
a 336 389 7
a 336 562 2
a 337 127 5
a 337 192 5
a 337 196 1
a 337 733 9
a 338 78 10
a 338 217 5
a 339 211 2
a 339 871 8
a 340 195 1
a 340 792 8
a 340 810 7
a 341 135 6
a 341 203 6
a 342 14 6
a 342 146 8
a 342 789 10
a 342 877 7
a 343 645 3
a 343 866 9
a 344 106 4
a 344 767 5
a 345 785 10
a 346 536 9
a 347 143 10
a 348 783 5
a 349 220 4
a 349 268 10
a 349 369 2
a 349 702 2
a 349 884 7
a 350 283 8
a 351 107 2
a 352 127 7
a 353 229 2
a 353 396 10
a 354 96 8
a 354 555 3
a 354 699 4
a 355 260 3
a 355 753 9
a 356 345 5
a 356 373 2
a 357 448 8
a 358 587 6
a 358 852 1
a 359 800 4
a 360 250 5
a 360 267 3
a 361 704 3
a 362 158 5
a 362 214 4
a 363 355 8
a 363 867 5
a 363 898 6
a 364 869 3
a 365 300 8
a 365 360 10
a 365 507 7
a 366 226 4
a 366 516 1
a 366 689 8
a 367 755 2
a 368 507 1
a 369 390 6
a 369 596 1
a 370 479 6
a 371 358 2
a 371 471 8
a 372 285 1
a 372 429 1
a 373 491 2
a 373 528 10
a 374 350 4
a 374 353 4
a 375 251 4
a 375 575 3
a 376 341 9
a 376 478 1
a 377 804 9
a 378 46 4
a 378 346 7
a 378 865 10
a 379 3 8
a 380 231 6
a 380 264 2
a 380 367 8
a 380 655 7
a 381 155 6
a 382 752 2
a 383 248 4
a 383 303 10
a 384 547 4
a 385 190 7
a 386 113 4
a 386 121 3
a 386 277 6
a 387 742 7
a 388 473 7
a 388 837 1
a 389 27 5
a 389 556 9
a 389 563 10
a 389 653 2
a 390 787 3
a 391 311 6
a 392 66 4
a 392 841 3
a 392 892 5
a 393 125 6
a 394 156 10
a 395 177 7
a 395 573 9
a 396 43 8
a 396 122 2
a 396 541 5
a 396 657 4
a 397 232 1
a 397 628 3
a 398 370 10
a 399 332 4
a 399 616 4
a 399 797 4
a 400 677 3
a 401 489 1
a 401 521 1
a 402 161 7
a 403 171 2
a 403 298 8
a 404 55 3
a 404 209 2
a 404 246 7
a 405 444 1
a 405 763 9
a 405 840 9
a 406 174 9
a 406 807 10
a 407 58 5
a 407 288 1
a 407 445 2
a 407 636 1
a 407 764 1
a 408 157 6
a 409 137 3
a 409 570 6
a 410 30 8
a 411 132 7
a 411 818 7
a 412 132 6
a 412 751 9
a 413 503 5
a 414 109 9
a 415 205 5
a 415 258 10
a 416 160 5
a 416 557 10
a 416 835 2
a 417 224 2
a 417 359 7
a 418 249 9
a 418 633 3
a 419 362 3
a 419 671 1
a 420 55 10
a 420 769 7
a 421 260 10
a 422 41 3
a 423 410 2
a 423 757 3
a 424 637 8
a 424 776 3
a 425 347 1
a 425 757 9
a 426 113 1
a 426 293 3
a 427 248 10
a 428 75 10
a 429 815 7
a 430 94 5
a 430 106 8
a 430 461 10
a 430 707 1
a 431 32 5
a 431 796 5
a 432 813 4
a 432 820 10
a 433 51 7
a 433 651 8
a 434 410 3
a 434 614 9
a 435 279 9
a 436 173 4
a 436 549 7
a 436 658 6
a 437 474 1
a 438 263 4
a 438 423 2
a 438 443 3
a 438 777 5
a 438 874 7
a 439 528 9
a 440 99 4
a 440 482 4
a 440 618 8
a 440 894 8
a 441 11 3
a 441 498 9
a 441 558 4
a 442 874 5
a 443 470 1
a 443 583 9
a 444 132 5
a 445 509 8
a 445 560 1
a 446 351 8
a 446 427 6
a 447 131 3
a 447 740 8
a 448 525 9
a 448 855 9
a 449 41 3
a 449 60 1
a 449 540 3
a 449 673 4
a 450 438 2
a 450 518 7
a 450 699 4
a 451 666 7
a 452 159 1
a 452 844 10
a 453 29 3
a 453 534 10
a 453 566 10
a 454 90 6
a 454 107 4
a 454 697 3
a 454 801 6
a 455 9 3
a 455 83 6
a 455 475 10
a 456 130 7
a 456 295 1
a 457 282 7
a 457 456 8
a 457 459 4
a 457 547 10
a 458 201 2
a 458 634 8
a 459 338 10
a 459 406 5
a 460 283 9
a 461 566 1
a 461 782 10
a 462 574 6
a 462 809 9
a 463 442 5
a 464 207 3
a 465 91 7
a 465 888 1
a 466 57 8
a 466 95 6
a 466 156 6
a 467 177 9
a 467 248 5
a 467 265 2
a 467 741 7
a 468 232 8
a 468 564 9
a 469 790 10
a 469 844 1
a 470 756 7
a 471 94 10
a 471 436 4
a 472 788 7
a 473 418 4
a 474 255 4
a 475 58 8
a 476 377 7
a 477 694 8
a 478 51 7
a 478 627 6
a 479 23 5
a 479 520 1
a 480 82 9
a 480 426 3
a 481 172 2
a 481 652 6
a 482 115 10
a 482 831 3
a 483 153 10
a 483 729 9
a 484 705 1
a 485 115 4
a 485 152 4
a 485 353 2
a 486 203 5
a 487 545 7
a 487 630 1
a 488 471 4
a 488 668 8
a 488 681 6
a 489 91 3
a 489 162 10
a 490 51 2
a 491 110 9
a 491 421 2
a 492 161 4
a 493 19 9
a 493 167 5
a 493 222 9
a 493 508 2
a 494 659 6
a 495 336 10
a 496 301 1
a 496 729 10
a 496 781 6
a 497 6 3
a 497 484 7
a 498 875 6
a 499 35 2
a 499 714 10
a 500 759 7
a 501 496 3
a 501 639 9
a 502 70 7
a 502 240 8
a 502 842 7
a 503 228 10
a 503 509 10
a 504 16 2
a 504 42 3
a 504 581 5
a 504 602 3
a 504 887 9
a 505 641 5
a 505 890 4
a 506 458 1
a 507 327 4
a 508 95 9
a 509 322 9
a 510 668 4
a 511 85 3
a 512 336 7
a 512 637 2
a 512 743 1
a 512 745 8
a 513 356 3
a 513 418 8
a 514 431 7
a 514 542 3
a 514 814 10
a 515 276 9
a 515 582 2
a 516 28 9
a 516 825 3
a 517 129 5
a 517 522 2
a 517 538 5
a 517 648 8
a 518 59 1
a 518 547 10
a 519 515 5
a 519 695 9
a 520 666 2
a 520 672 3
a 521 422 6
a 522 502 1
a 522 850 6
a 523 390 9
a 524 143 3
a 524 180 8
a 524 439 1
a 525 101 1
a 525 293 5
a 525 460 1
a 525 629 5
a 526 193 10
a 527 188 6
a 528 493 4
a 529 127 7
a 529 448 1
a 529 775 7
a 529 844 6
a 529 897 9
a 530 207 1
a 530 243 9
a 531 68 1
a 531 157 2
a 532 173 3
a 532 457 9
a 533 201 4
a 533 389 3
a 533 682 10
a 534 808 10
a 535 638 2
a 536 285 10
a 537 52 8
a 537 65 6
a 538 61 6
a 538 772 6
a 539 613 7
a 540 412 4
a 540 660 7
a 540 680 7
a 540 684 10
a 540 847 7
a 540 896 8
a 541 494 7
a 542 278 5
a 542 434 6
a 542 458 9
a 542 500 5
a 543 863 10
a 544 20 7
a 544 625 7
a 545 717 3
a 545 783 3
a 546 325 2
a 546 380 5
a 546 758 4
a 547 161 9
a 547 465 7
a 548 121 5
a 549 66 8
a 549 374 7
a 550 536 2
a 551 342 7
a 551 839 3
a 552 464 4
a 552 799 9
a 553 72 4
a 553 283 5
a 553 694 4
a 553 819 8
a 554 816 7
a 555 67 3
a 555 595 1
a 556 394 10
a 556 395 8
a 556 571 9
a 556 661 8
a 557 293 7
a 557 302 10
a 558 160 6
a 558 282 4
a 558 446 1
a 559 405 1
a 559 406 10
a 559 491 10
a 560 609 4
a 560 772 5
a 561 233 3
a 561 590 6
a 562 71 5
a 562 402 3
a 563 690 9
a 564 311 9
a 564 533 6
a 564 603 5
a 564 661 2
a 565 85 9
a 565 363 5
a 565 375 6
a 566 400 10
a 566 510 9
a 567 80 7
a 568 54 5
a 568 635 4
a 568 738 8
a 569 69 8
a 569 152 2
a 569 725 10
a 570 99 8
a 570 711 7
a 570 890 2
a 571 32 4
a 571 291 4
a 571 318 6
a 572 869 9
a 572 891 6
a 573 501 7
a 573 595 7
a 573 728 4
a 574 153 6
a 574 270 2
a 574 774 1
a 575 517 8
a 575 869 5
a 576 106 3
a 576 809 2
a 577 650 6
a 577 796 2
a 578 400 5
a 578 518 3
a 578 587 1
a 578 807 7
a 579 122 1
a 580 502 10
a 581 204 7
a 581 512 8
a 582 245 3
a 583 530 7
a 583 586 9
a 584 81 8
a 584 656 8
a 585 306 8
a 585 836 10
a 586 65 10
a 586 204 4
a 587 143 3
a 587 162 3
a 588 413 10
a 589 278 3
a 590 194 1
a 590 679 2
a 591 477 8
a 591 590 2
a 592 552 7
a 593 466 4
a 593 512 1
a 593 836 8
a 594 50 10
a 594 387 6
a 595 554 6
a 595 635 1
a 595 749 6
a 596 68 9
a 596 184 1
a 596 234 8
a 597 541 9
a 598 81 4
a 598 321 7
a 598 379 9
a 598 548 4
a 598 895 5
a 599 70 8
a 600 226 10
a 601 36 7
a 601 790 5
a 602 556 6
a 603 464 6
a 604 453 5
a 604 468 5
a 604 524 5
a 604 870 7
a 605 93 4
a 605 581 10
a 606 317 9
a 606 392 2
a 607 4 5
a 607 312 4
a 608 208 5
a 608 264 4
a 609 98 7
a 609 773 5
a 610 531 10
a 610 657 3
a 610 726 1
a 611 143 3
a 611 184 5
a 611 190 6
a 611 295 10
a 611 577 8
a 612 17 9
a 612 120 10
a 613 696 2
a 614 128 9
a 614 709 4
a 615 102 2
a 615 515 3
a 616 750 6
a 617 490 3
a 617 891 8
a 618 257 3
a 619 211 7
a 619 517 1
a 620 135 1
a 621 319 4
a 622 306 8
a 622 354 7
a 622 365 5
a 623 60 6
a 623 626 4
a 624 650 3
a 625 497 8
a 626 187 5
a 626 362 1
a 627 198 7
a 627 348 2
a 627 892 10
a 628 7 6
a 628 40 2
a 628 129 10
a 628 294 2
a 628 546 4
a 629 240 4
a 629 386 8
a 629 460 6
a 630 743 4
a 631 653 7
a 631 676 9
a 632 390 2
a 632 516 6
a 633 140 8
a 633 762 2
a 634 815 6
a 635 102 1
a 635 368 1
a 636 227 9
a 636 415 2
a 636 725 1
a 637 380 6
a 637 416 8
a 638 89 10
a 638 708 1
a 638 825 3
a 639 367 3
a 640 170 5
a 641 394 6
a 642 688 5
a 643 803 5
a 643 845 4
a 643 875 7
a 644 409 8
a 644 538 1
a 644 870 3
a 645 64 10
a 645 417 2
a 645 656 8
a 646 103 8
a 646 704 9
a 647 172 8
a 647 272 1
a 647 505 9
a 647 626 8
a 648 254 8
a 649 355 2
a 649 719 9
a 649 822 9
a 650 170 8
a 650 508 10
a 650 900 9
a 651 344 7
a 651 363 2
a 651 595 10
a 652 84 5
a 652 333 10
a 652 764 10
a 653 466 8
a 653 815 2
a 654 8 3
a 654 31 2
a 654 519 9
a 655 60 1
a 656 95 5
a 656 654 2
a 657 281 1
a 657 492 4
a 658 828 2
a 659 456 10
a 659 504 1
a 659 799 2
a 660 507 8
a 660 613 6
a 661 151 9
a 661 174 2
a 661 693 7
a 661 772 8
a 662 50 5
a 662 87 10
a 662 432 5
a 663 273 10
a 663 552 4
a 664 813 7
a 664 859 3
a 665 399 3
a 666 426 6
a 667 250 5
a 667 565 2
a 667 569 3
a 667 663 3
a 668 57 3
a 669 443 3
a 670 448 9
a 670 600 4
a 670 783 5
a 671 323 4
a 672 116 10
a 672 851 5
a 673 385 7
a 673 826 9
a 674 265 9
a 674 284 7
a 674 721 5
a 675 454 1
a 675 493 2
a 675 786 2
a 676 366 7
a 676 733 7
a 677 249 8
a 677 274 1
a 678 688 6
a 679 63 2
a 679 297 9
a 679 447 8
a 679 605 8
a 680 151 10
a 680 271 8
a 680 330 9
a 681 190 4
a 682 743 9
a 683 526 2
a 684 355 3
a 685 269 7
a 686 76 1
a 686 586 6
a 687 457 6
a 687 607 8
a 688 389 9
a 689 714 7
a 689 857 7
a 690 481 7
a 691 606 1
a 692 315 8
a 692 716 4
a 693 362 9
a 693 787 3
a 694 138 8
a 694 141 9
a 694 264 10
a 694 319 3
a 695 445 6
a 695 882 10
a 696 146 4
a 696 185 4
a 696 404 5
a 696 612 1
a 696 619 6
a 696 829 1
a 697 63 4
a 697 88 4
a 697 119 6
a 697 304 3
a 697 571 9
a 698 555 1
a 699 455 1
a 699 797 1
a 700 114 2
a 700 582 2
a 700 741 3
a 700 878 6
a 701 235 1
a 702 244 6
a 702 479 3
a 703 442 3
a 704 859 6
a 705 289 3
a 705 310 10
a 705 322 2
a 705 435 3
a 706 500 4
a 707 539 6
a 708 186 7
a 708 240 2
a 708 424 4
a 709 13 4
a 709 490 6
a 710 405 8
a 710 703 8
a 711 429 3
a 711 701 10
a 711 780 5
a 712 717 8
a 713 163 8
a 713 400 3
a 713 808 3
a 714 416 2
a 715 111 5
a 715 526 10
a 716 301 9
a 716 469 3
a 717 584 5
a 717 780 3
a 718 256 2
a 718 286 7
a 718 352 7
a 718 420 4
a 719 488 6
a 720 86 1
a 720 732 2
a 721 178 3
a 721 801 8
a 722 166 2
a 722 556 6
a 722 750 1
a 723 2 9
a 724 133 7
a 724 326 1
a 724 492 6
a 724 686 7
a 725 264 5
a 725 861 7
a 726 92 4
a 726 185 7
a 726 429 10
a 727 582 1
a 728 255 9
a 728 364 9
a 729 188 8
a 729 592 5
a 730 705 2
a 731 686 9
a 731 812 1
a 732 376 10
a 733 535 7
a 734 261 6
a 734 316 8
a 734 463 4
a 734 487 7
a 735 116 6
a 736 451 6
a 736 537 10
a 736 881 9
a 737 640 3
a 738 56 2
a 738 766 2
a 739 734 3
a 740 418 10
a 740 668 7
a 741 71 2
a 741 167 2
a 741 478 9
a 741 677 1
a 741 837 2
a 742 580 10
a 743 317 3
a 744 706 9
a 745 507 5
a 746 164 5
a 746 678 8
a 747 552 5
a 747 810 5
a 748 47 4
a 749 247 1
a 749 618 10
a 750 274 4
a 750 635 5
a 751 123 2
a 751 387 5
a 752 626 9
a 753 451 3
a 753 645 3
a 753 732 7
a 754 340 3
a 755 263 1
a 755 873 2
a 756 620 6
a 756 881 1
a 757 80 6
a 757 149 7
a 758 823 1
a 759 697 10
a 760 75 6
a 760 220 5
a 761 657 5
a 762 509 2
a 762 523 6
a 763 674 7
a 763 759 2
a 764 89 9
a 765 721 8
a 766 118 3
a 766 388 1
a 767 193 9
a 767 395 4
a 768 49 8
a 768 93 4
a 768 574 6
a 769 43 3
a 769 117 8
a 769 746 2
a 770 394 1
a 770 449 4
a 771 317 3
a 771 752 6
a 771 754 9
a 772 516 6
a 773 384 3
a 773 436 8
a 774 561 10
a 774 886 3
a 775 454 1
a 776 508 7
a 777 543 5
a 777 657 9
a 778 499 6
a 778 524 10
a 779 644 8
a 779 831 6
a 780 37 4
a 781 159 6
a 781 598 4
a 782 320 7
a 782 390 6
a 783 369 7
a 783 795 8
a 784 100 8
a 784 294 9
a 784 550 9
a 785 179 3
a 785 513 6
a 786 245 1
a 786 799 1
a 787 503 2
a 788 104 3
a 788 564 3
a 788 588 2
a 789 809 1
a 789 880 9
a 790 589 2
a 791 510 2
a 791 780 1
a 792 315 8
a 792 606 9
a 793 192 5
a 794 477 7
a 794 485 3
a 795 580 3
a 795 632 9
a 795 654 2
a 796 396 6
a 797 280 9
a 797 419 5
a 797 649 2
a 798 814 4
a 799 109 1
a 800 398 8
a 800 416 8
a 800 602 8
a 801 86 8
a 802 33 9
a 802 337 10
a 803 134 6
a 803 448 5
a 804 121 6
a 805 149 5
a 805 786 7
a 806 56 10
a 806 814 8
a 807 706 6
a 807 761 2
a 807 816 10
a 808 24 2
a 808 491 1
a 808 672 1
a 809 159 7
a 810 45 2
a 810 155 9
a 810 275 5
a 811 173 10
a 811 798 3
a 811 846 6
a 811 879 10
a 812 119 5
a 812 463 3
a 813 104 4
a 813 705 5
a 814 266 5
a 814 334 9
a 814 372 1
a 814 611 8
a 815 237 4
a 815 309 3
a 816 54 9
a 817 30 10
a 817 102 6
a 817 312 9
a 818 43 9
a 819 704 4
a 820 556 7
a 821 158 2
a 821 276 10
a 822 412 4
a 823 75 6
a 823 680 1
a 824 290 2
a 824 314 3
a 824 382 4
a 824 597 9
a 825 341 9
a 826 115 8
a 826 124 5
a 827 677 3
a 828 381 4
a 828 516 2
a 829 572 10
a 830 754 9
a 831 231 7
a 831 723 5
a 832 273 9
a 833 312 3
a 833 678 4
a 834 508 1
a 835 434 10
a 835 593 2
a 835 770 10
a 836 216 8
a 836 218 8
a 837 47 7
a 837 498 8
a 837 530 9
a 838 126 3
a 838 476 6
a 839 78 4
a 839 480 9
a 840 311 6
a 840 662 7
a 840 704 9
a 841 506 6
a 841 591 5
a 842 52 4
a 842 343 8
a 842 631 3
a 843 185 7
a 843 251 4
a 843 579 7
a 844 84 2
a 844 257 9
a 844 296 3
a 845 47 2
a 845 118 5
a 845 286 10
a 846 125 7
a 846 151 9
a 847 506 8
a 848 359 8
a 848 368 7
a 849 598 7
a 850 785 10
a 850 879 9
a 851 870 7
a 852 849 5
a 852 868 5
a 853 581 4
a 853 744 9
a 854 363 2
a 855 78 4
a 856 516 9
a 856 862 5
a 857 489 7
a 857 544 3
a 858 158 8
a 858 753 7
a 859 26 8
a 859 566 4
a 859 580 10
a 860 148 8
a 860 558 8
a 861 116 5
a 861 397 6
a 862 630 10
a 862 735 4
a 862 858 5
a 863 702 5
a 864 194 3
a 864 687 1
a 864 832 3
a 865 212 6
a 865 529 3
a 866 413 3
a 866 506 9
a 866 806 2
a 867 750 5
a 867 800 3
a 867 885 5
a 868 557 1
a 869 460 7
a 870 662 9
a 871 184 10
a 871 441 9
a 871 527 8
a 871 853 10
a 872 34 10
a 872 131 8
a 872 734 3
a 873 333 4
a 873 730 2
a 873 748 5
a 874 208 4
a 874 509 10
a 874 715 3
a 874 781 9
a 875 553 7
a 876 867 8
a 877 14 3
a 878 664 6
a 879 312 5
a 879 472 7
a 879 853 1
a 880 25 9
a 880 589 3
a 880 823 4
a 881 109 2
a 881 132 2
a 881 854 9
a 882 151 6
a 882 788 6
a 883 12 10
a 883 149 2
a 883 199 7
a 883 585 2
a 883 709 7
a 883 827 5
a 884 539 2
a 884 894 2
a 885 572 2
a 885 784 1
a 886 244 1
a 886 331 6
a 886 568 4
a 887 171 8
a 887 426 5
a 887 484 8
a 887 511 7
a 887 742 1
a 888 210 3
a 888 485 2
a 888 820 7
a 889 367 8
a 890 491 5
a 891 159 10
a 891 352 10
a 892 586 7
a 893 514 9
a 894 797 6
a 895 327 3
a 895 572 1
a 895 670 1
a 896 58 5
a 896 647 8
a 897 488 2
a 897 873 5
a 898 630 1
a 899 98 5
a 899 731 4
