p max 900 1800
n 1 s
n 900 t
a 1 297 3
a 1 379 4
a 1 675 1
a 1 715 10
a 1 862 6
a 2 299 5
a 2 480 2
a 2 750 3
a 3 125 1
a 4 490 10
a 5 246 10
a 5 542 1
a 6 52 10
a 6 253 10
a 7 306 6
a 8 584 1
a 8 726 4
a 9 96 4
a 9 435 10
a 10 289 1
a 11 624 1
a 11 641 6
a 11 777 2
a 12 409 8
a 13 825 3
a 14 335 7
a 15 303 6
a 15 649 7
a 16 92 5
a 16 683 5
a 16 828 9
a 17 56 3
a 17 539 6
a 18 716 9
a 19 419 1
a 19 847 4
a 20 167 10
a 20 308 5
a 20 780 1
a 21 135 4
a 21 251 8
a 22 261 1
a 22 708 6
a 23 279 1
a 23 594 9
a 23 774 2
a 24 587 2
a 25 98 9
a 25 296 8
a 26 382 7
a 26 397 8
a 27 278 1
a 28 870 3
a 29 786 7
a 30 492 9
a 30 804 7
a 31 74 8
a 31 568 9
a 32 164 7
a 32 634 9
a 32 809 6
a 33 799 9
a 34 346 9
a 34 388 2
a 35 710 6
a 35 716 10
a 35 724 4
a 36 273 7
a 36 406 8
a 36 831 2
a 37 211 2
a 37 435 3
a 37 509 2
a 38 470 9
a 38 806 5
a 39 340 10
a 40 574 9
a 40 758 8
a 41 567 3
a 42 296 10
a 43 205 4
a 43 811 7
a 44 146 6
a 44 193 8
a 44 421 2
a 45 373 5
a 45 501 6
a 45 693 5
a 46 858 7
a 46 867 4
a 47 375 1
a 47 731 1
a 47 888 6
a 48 353 3
a 48 481 4
a 49 188 2
a 50 274 6
a 50 590 1
a 51 642 5
a 51 722 9
a 52 302 4
a 52 454 10
a 53 31 10
a 53 180 6
a 53 271 7
a 54 280 1
a 54 503 6
a 55 50 7
a 55 125 5
a 55 361 6
a 55 478 8
a 56 792 10
a 57 711 9
a 57 772 1
a 57 885 9
a 58 207 4
a 58 535 10
a 58 767 10
a 59 322 8
a 59 506 3
a 59 532 1
a 60 342 6
a 60 350 5
a 60 353 7
a 61 115 7
a 61 587 9
a 62 237 3
a 62 302 2
a 63 9 2
a 63 53 8
a 64 844 5
a 65 447 3
a 65 788 7
a 65 817 7
a 66 30 3
a 66 129 6
a 66 240 2
a 66 313 2
a 67 232 8
a 68 837 8
a 68 839 6
a 69 759 9
a 69 818 10
a 70 349 5
a 70 606 6
a 71 899 2
a 72 387 1
a 73 546 10
a 73 594 1
a 73 820 8
a 74 470 10
a 74 709 5
a 75 26 8
a 75 702 1
a 75 852 5
a 76 186 4
a 76 493 7
a 76 630 10
a 77 722 1
a 77 779 2
a 77 840 7
a 78 358 10
a 78 865 10
a 79 344 10
a 79 515 1
a 80 315 2
a 80 516 6
a 81 347 8
a 81 680 9
a 82 92 6
a 83 206 7
a 84 634 10
a 84 757 8
a 85 797 5
a 86 432 6
a 87 330 9
a 87 485 9
a 88 97 5
a 88 264 5
a 88 523 5
a 88 698 9
a 89 351 2
a 90 496 6
a 90 538 1
a 90 652 7
a 91 189 10
a 91 558 10
a 92 589 2
a 92 626 10
a 93 843 3
a 94 96 4
a 94 357 2
a 95 219 7
a 95 359 10
a 95 473 3
a 96 202 9
a 97 561 6
a 98 552 7
a 98 703 2
a 99 48 10
a 99 138 2
a 100 165 7
a 100 753 10
a 101 270 6
a 101 722 6
a 101 881 4
a 102 260 9
a 102 312 6
a 103 98 5
a 104 113 1
a 104 171 2
a 104 201 4
a 104 862 5
a 105 513 6
a 105 514 7
a 105 809 6
a 106 336 5
a 107 310 6
a 107 393 10
a 107 720 10
a 108 10 7
a 108 548 4
a 108 734 2
a 109 179 6
a 109 879 6
a 110 413 4
a 110 864 3
a 111 204 5
a 111 472 6
a 111 832 9
a 111 896 8
a 112 846 3
a 113 238 10
a 113 585 10
a 114 24 1
a 114 275 9
a 115 377 5
a 116 143 4
a 116 418 4
a 117 321 7
a 117 340 6
a 117 560 8
a 117 847 7
a 118 85 9
a 118 706 5
a 119 158 10
a 119 315 4
a 120 746 9
a 121 395 7
a 122 451 4
a 123 767 4
a 123 776 10
a 124 253 10
a 125 869 1
a 126 28 4
a 126 174 5
a 126 732 3
a 126 770 4
a 127 403 2
a 127 743 9
a 127 760 8
a 127 789 7
a 128 698 10
a 129 156 2
a 129 196 10
a 129 637 7
a 130 788 2
a 131 14 4
a 131 392 9
a 131 854 6
a 132 72 5
a 132 719 4
a 133 6 3
a 133 122 1
a 133 263 7
a 134 486 9
a 134 627 3
a 134 775 7
a 135 404 10
a 136 390 3
a 136 460 6
a 136 715 9
a 137 242 2
a 137 666 2
a 138 766 9
a 139 89 6
a 139 611 2
a 139 802 3
a 140 324 4
a 141 622 1
a 142 90 4
a 143 534 2
a 144 377 4
a 144 440 10
a 145 24 9
a 145 521 9
a 145 529 7
a 145 619 9
a 145 840 2
a 146 592 3
a 146 900 6
a 147 392 2
a 147 455 7
a 147 696 4
a 148 337 6
a 148 648 7
a 149 546 1
a 150 195 9
a 150 625 1
a 150 639 2
a 150 728 7
a 151 440 7
a 152 365 6
a 152 472 6
a 152 473 10
a 153 205 1
a 154 558 8
a 155 47 1
a 155 755 10
a 155 878 4
a 156 82 2
a 156 198 4
a 156 749 6
a 157 699 6
a 158 405 4
a 158 671 10
a 159 306 4
a 159 429 9
a 159 556 5
a 159 716 7
a 160 774 1
a 161 469 10
a 161 799 10
a 162 633 3
a 163 18 1
a 163 256 9
a 163 298 6
a 163 754 5
a 164 284 1
a 165 120 6
a 165 510 8
a 165 700 4
a 166 90 2
a 166 211 1
a 167 339 6
a 168 500 4
a 168 732 1
a 169 64 9
a 169 477 2
a 170 157 6
a 170 834 4
a 171 364 3
a 171 438 8
a 171 676 4
a 172 87 10
a 172 271 10
a 173 301 1
a 174 282 5
a 174 395 10
a 174 617 7
a 175 218 10
a 175 668 9
a 176 676 10
a 176 705 10
a 176 892 1
a 177 172 2
a 178 292 6
a 178 740 3
a 179 412 9
a 179 848 3
a 180 586 7
a 181 651 6
a 181 860 8
a 182 57 5
a 182 853 6
a 183 342 4
a 183 633 8
a 184 187 3
a 184 325 10
a 184 341 10
a 185 161 8
a 185 355 5
a 185 686 5
a 186 767 7
a 187 65 2
a 187 457 4
a 187 684 1
a 188 491 8
a 188 805 10
a 189 750 8
a 190 485 3
a 190 856 3
a 191 129 4
a 191 444 10
a 191 898 4
a 192 725 7
a 192 729 8
a 193 501 4
a 193 599 7
a 194 774 2
a 195 174 3
a 195 218 3
a 196 95 3
a 196 623 8
a 196 685 1
a 197 423 6
a 198 750 10
a 198 763 5
a 199 734 6
a 200 266 6
a 200 606 3
a 201 782 2
a 201 864 9
a 202 154 9
a 203 129 1
a 203 417 7
a 204 59 4
a 204 272 2
a 204 316 1
a 204 380 9
a 204 508 5
a 204 550 9
a 205 578 6
a 206 105 10
a 206 469 8
a 206 656 3
a 207 262 4
a 208 455 4
a 208 664 3
a 209 301 1
a 209 685 2
a 209 691 1
a 210 879 4
a 211 192 3
a 211 357 6
a 211 831 1
a 212 63 6
a 213 271 6
a 214 187 10
a 214 677 10
a 215 415 5
a 215 426 7
a 216 547 3
a 216 692 5
a 216 849 3
a 217 7 10
a 217 179 10
a 217 371 5
a 217 803 9
a 217 842 10
a 218 349 10
a 219 194 10
a 220 579 5
a 221 797 10
a 222 494 7
a 222 621 6
a 223 117 6
a 223 473 9
a 223 645 10
a 224 155 3
a 224 450 7
a 224 900 1
a 225 21 5
a 226 141 7
a 226 768 6
a 227 529 9
a 227 673 2
a 228 290 6
a 228 440 2
a 228 566 9
a 229 100 7
a 229 488 4
a 230 484 6
a 231 783 5
a 232 373 1
a 233 562 5
a 233 678 7
a 234 743 9
a 235 9 6
a 235 604 8
a 236 114 8
a 237 145 8
a 237 469 5
a 238 461 10
a 238 640 10
a 239 423 5
a 240 63 7
a 240 111 2
a 240 886 5
a 241 216 1
a 241 507 2
a 241 794 8
a 242 154 5
a 242 667 8
a 242 862 10
a 243 427 3
a 244 616 6
a 245 195 5
a 245 312 8
a 245 360 8
a 245 696 6
a 245 756 6
a 245 836 4
a 246 770 6
a 247 133 8
a 247 393 1
a 248 551 5
a 248 674 2
a 249 506 6
a 249 897 7
a 250 4 1
a 251 39 2
a 251 253 1
a 252 60 5
a 252 101 7
a 252 370 8
a 252 736 8
a 253 332 4
a 253 661 1
a 254 120 1
a 255 75 3
a 255 348 7
a 256 32 10
a 256 346 7
a 256 769 8
a 257 610 2
a 258 17 8
a 258 168 4
a 258 869 9
a 259 43 7
a 259 436 5
a 259 471 3
a 260 487 4
a 261 699 4
a 261 800 1
a 262 107 5
a 262 318 6
a 263 55 1
a 263 618 6
a 264 318 5
a 264 605 10
a 264 728 1
a 265 354 2
a 265 499 10
a 265 741 3
a 265 797 1
a 266 252 7
a 266 350 10
a 266 780 10
a 267 4 2
a 267 396 10
a 268 353 5
a 269 61 5
a 269 153 7
a 269 398 7
a 270 405 2
a 270 484 10
a 270 551 2
a 270 742 4
a 271 144 6
a 271 254 7
a 272 117 1
a 272 506 7
a 273 138 2
a 273 222 7
a 273 571 8
a 274 790 4
a 274 817 4
a 275 42 9
a 276 23 8
a 276 866 2
a 277 895 7
a 278 262 8
a 278 795 10
a 279 416 8
a 279 808 9
a 279 894 6
a 280 175 9
a 280 716 8
a 281 16 7
a 282 164 6
a 282 187 4
a 283 264 5
a 283 707 2
a 284 5 3
a 284 207 8
a 284 446 3
a 284 588 1
a 285 643 6
a 286 605 1
a 287 494 2
a 287 741 5
a 288 158 2
a 288 225 7
a 288 233 7
a 289 166 1
a 289 181 8
a 290 291 5
a 291 182 7
a 291 248 1
a 291 626 1
a 292 372 1
a 293 97 3
a 293 315 3
a 293 630 10
a 294 847 8
a 295 128 2
a 295 475 3
a 295 567 7
a 295 655 9
a 296 414 5
a 297 614 9
a 298 81 5
a 299 69 8
a 299 349 9
a 299 352 8
a 299 853 4
a 300 721 8
a 301 395 2
a 301 864 2
a 301 895 5
a 302 557 5
a 303 184 10
a 304 275 6
a 305 127 4
a 305 448 2
a 306 494 10
a 306 643 8
a 307 16 5
a 307 243 3
a 307 283 1
a 307 845 9
a 308 93 10
a 308 114 2
a 309 237 2
a 310 39 5
a 310 193 1
a 310 492 8
a 311 458 5
a 311 737 1
a 312 118 1
a 313 97 2
a 314 294 1
a 315 313 7
a 316 717 4
a 316 827 6
a 317 204 7
a 317 835 3
a 318 486 6
a 319 292 7
a 319 364 10
a 319 846 10
a 320 727 2
a 320 874 3
a 321 173 6
a 321 861 4
a 322 245 6
a 322 716 10
a 323 102 5
a 323 703 1
a 323 747 1
a 324 100 6
a 324 186 4
a 325 343 10
a 325 643 1
a 325 775 3
a 326 46 3
a 326 202 2
a 326 304 9
a 327 339 5
a 327 538 8
a 328 177 5
a 328 841 4
a 329 250 10
a 329 891 6
a 330 337 1
a 331 378 5
a 331 568 3
a 332 191 9
a 333 281 2
a 334 669 7
a 335 683 6
a 336 109 2
a 336 533 4
a 337 351 1
a 338 70 2
a 338 700 8
a 339 171 7
a 339 431 1
a 340 572 3
a 340 848 7
a 341 773 10
a 341 893 10
a 342 266 3
a 342 442 8
a 343 177 8
a 343 420 7
a 344 699 5
a 345 20 10
a 345 382 1
a 345 432 9
a 346 13 7
a 346 529 9
a 346 886 1
a 347 504 9
a 348 470 7
a 349 156 5
a 350 86 5
a 350 191 10
a 351 328 9
a 351 674 6
a 351 764 3
a 352 566 2
a 352 753 1
a 353 453 9
a 354 184 9
a 354 723 6
a 355 236 9
a 355 284 10
a 355 622 1
a 356 280 4
a 357 483 8
a 357 561 8
a 357 644 10
a 358 15 7
a 358 298 4
a 359 4 10
a 359 156 5
a 359 884 1
a 360 309 8
a 361 258 3
a 361 511 2
a 362 647 10
a 362 823 1
a 362 899 1
a 363 678 8
a 364 530 6
a 365 378 10
a 366 653 4
a 367 7 9
a 367 602 6
a 367 861 5
a 368 393 4
a 369 67 9
a 369 97 8
a 370 476 2
a 370 516 9
a 371 691 4
a 372 657 3
a 373 196 9
a 373 844 8
a 374 708 9
a 375 579 9
a 375 591 3
a 376 62 10
a 376 111 6
a 377 483 5
a 378 298 10
a 379 225 8
a 380 111 3
a 380 562 3
a 380 790 3
a 381 897 3
a 382 107 6
a 382 531 9
a 383 367 8
a 383 376 9
a 383 886 7
a 384 207 8
a 384 801 6
a 385 341 9
a 385 408 9
a 386 99 8
a 386 188 8
a 387 814 2
a 388 467 9
a 389 515 4
a 389 890 8
a 390 17 10
a 390 483 10
a 391 669 4
a 391 722 8
a 392 2 5
a 392 381 1
a 392 451 2
a 392 687 8
a 392 784 2
a 393 227 7
a 393 544 9
a 394 424 5
a 395 97 5
a 395 356 3
a 395 616 6
a 396 596 10
a 396 772 1
a 397 406 6
a 397 816 8
a 398 221 5
a 399 214 2
a 400 200 6
a 400 723 7
a 401 122 10
a 401 821 3
a 402 409 8
a 402 628 9
a 403 8 4
a 404 541 4
a 405 83 3
a 405 149 9
a 405 537 7
a 405 850 5
a 406 505 7
a 406 830 6
a 407 195 2
a 407 735 7
a 408 119 6
a 408 374 3
a 409 110 1
a 409 460 4
a 410 884 1
a 411 134 5
a 411 285 10
a 411 585 10
a 412 427 10
a 413 37 3
a 414 265 2
a 414 288 4
a 415 825 1
a 416 574 9
a 416 824 5
a 417 40 7
a 417 463 10
a 417 567 9
a 417 882 10
a 418 12 8
a 418 54 6
a 419 230 1
a 419 309 6
a 419 695 6
a 420 660 3
a 421 160 9
a 421 265 1
a 421 687 1
a 422 416 7
a 423 433 4
a 424 124 6
a 424 200 9
a 424 231 7
a 424 708 3
a 425 157 10
a 425 576 8
a 426 217 8
a 426 887 9
a 427 148 2
a 427 249 8
a 428 237 8
a 428 408 5
a 429 22 10
a 429 661 5
a 429 785 2
a 429 837 9
a 430 243 5
a 430 575 7
a 430 647 9
a 430 746 9
a 431 32 3
a 431 849 8
a 432 414 10
a 433 653 8
a 433 731 4
a 433 738 1
a 433 798 8
a 434 3 3
a 434 224 9
a 434 489 10
a 434 727 9
a 435 79 1
a 435 85 9
a 435 711 10
a 436 31 6
a 437 266 2
a 437 582 8
a 437 587 2
a 437 615 9
a 437 744 10
a 438 581 5
a 438 720 1
a 439 22 9
a 439 41 4
a 439 797 10
a 440 194 3
a 440 209 1
a 440 447 7
a 440 689 2
a 441 380 1
a 441 397 10
a 442 130 10
a 442 543 10
a 443 36 8
a 443 142 2
a 444 495 9
a 444 613 4
a 445 436 7
a 446 775 8
a 446 796 2
a 447 259 10
a 448 196 1
a 449 259 5
a 449 572 6
a 450 748 5
a 451 307 6
a 451 607 9
a 451 610 2
a 451 659 4
a 452 186 4
a 452 267 7
a 452 280 7
a 452 889 3
a 453 126 3
a 453 748 3
a 453 832 5
a 454 192 5
a 454 294 10
a 454 319 2
a 454 512 4
a 455 299 4
a 455 681 4
a 456 365 10
a 457 88 1
a 457 885 1
a 458 342 1
a 459 128 5
a 459 276 10
a 460 794 1
a 461 235 7
a 461 334 5
a 461 360 7
a 461 597 9
a 462 718 5
a 463 27 3
a 463 864 3
a 463 877 1
a 464 198 8
a 465 331 10
a 465 712 5
a 466 434 10
a 466 518 3
a 467 86 4
a 467 565 3
a 468 824 9
a 469 665 3
a 469 712 1
a 470 246 8
a 470 504 6
a 471 225 1
a 471 570 5
a 472 76 3
a 473 855 8
a 474 49 6
a 474 240 6
a 475 183 9
a 476 123 7
a 477 712 1
a 478 626 8
a 478 650 8
a 479 424 8
a 479 553 1
a 479 670 4
a 480 504 5
a 480 602 3
a 481 197 3
a 481 438 6
a 481 449 10
a 481 539 7
a 482 427 3
a 482 487 10
a 483 81 10
a 483 832 10
a 484 801 7
a 485 76 2
a 485 419 2
a 486 317 5
a 486 697 10
a 487 292 5
a 487 538 6
a 487 801 6
a 487 880 10
a 488 136 6
a 488 410 6
a 489 643 3
a 489 815 4
a 490 10 5
a 490 890 7
a 491 833 9
a 491 859 2
a 492 283 10
a 493 256 9
a 494 184 1
a 495 332 7
a 495 423 1
a 495 573 3
a 496 65 4
a 496 457 9
a 496 765 8
a 497 212 4
a 497 332 3
a 498 63 4
a 498 733 2
a 498 830 5
a 499 147 5
a 499 190 4
a 499 463 2
a 500 220 8
a 500 274 1
a 501 810 8
a 501 815 7
a 502 81 1
a 502 104 8
a 503 362 3
a 503 425 5
a 503 467 7
a 503 662 1
a 504 304 4
a 505 255 9
a 505 654 5
a 505 769 2
a 506 897 6
a 507 347 3
a 507 582 8
a 507 647 10
a 508 278 4
a 509 144 9
a 509 543 7
a 510 629 2
a 510 729 3
a 511 92 1
a 511 112 5
a 511 564 2
a 511 644 8
a 512 25 3
a 512 183 6
a 513 117 10
a 514 88 1
a 514 462 2
a 515 311 5
a 515 365 9
a 516 48 7
a 517 87 1
a 517 176 9
a 517 838 10
a 518 323 6
a 518 368 8
a 518 503 4
a 518 822 4
a 519 67 4
a 519 210 8
a 519 348 2
a 520 365 7
a 520 383 6
a 520 887 9
a 521 401 4
a 521 438 9
a 521 583 3
a 522 215 5
a 523 66 9
a 523 189 6
a 523 434 4
a 523 857 10
a 524 11 2
a 524 523 5
a 525 714 6
a 525 892 8
a 526 25 10
a 526 657 9
a 527 365 3
a 527 448 1
a 528 286 2
a 529 519 9
a 529 806 5
a 530 533 8
a 530 787 6
a 531 479 7
a 531 519 4
a 531 721 9
a 532 821 1
a 533 96 4
a 534 521 5
a 534 636 8
a 535 487 3
a 535 584 10
a 536 239 3
a 537 194 1
a 538 555 9
a 539 406 9
a 539 505 6
a 539 793 1
a 540 48 6
a 540 151 3
a 540 277 6
a 540 601 1
a 541 191 9
a 541 291 6
a 541 850 10
a 542 32 7
a 543 9 4
a 543 81 2
a 544 187 8
a 544 819 7
a 545 596 5
a 545 870 4
a 545 883 5
a 546 141 8
a 546 213 2
a 546 232 6
a 546 293 5
a 546 698 3
a 546 778 3
a 547 395 9
a 547 560 7
a 547 614 3
a 548 35 2
a 548 402 2
a 548 672 4
a 549 878 3
a 550 337 9
a 551 886 7
a 552 465 1
a 552 519 3
a 553 320 1
a 553 421 5
a 554 613 4
a 554 875 1
a 555 528 5
a 556 493 1
a 557 700 4
a 558 557 7
a 559 251 3
a 559 463 6
a 559 712 7
a 560 853 10
a 561 162 9
a 562 590 3
a 562 672 2
a 563 164 1
a 564 769 4
a 565 45 5
a 565 134 3
a 565 459 7
a 565 762 9
a 566 769 4
a 567 158 3
a 568 526 4
a 568 545 9
a 569 287 8
a 569 377 10
a 569 573 7
a 570 187 7
a 571 430 9
a 571 781 10
a 572 130 2
a 573 123 3
a 573 150 9
a 573 814 8
a 574 91 5
a 574 136 9
a 574 288 1
a 574 421 2
a 575 203 4
a 575 461 7
a 576 172 1
a 576 807 8
a 577 116 10
a 577 230 5
a 578 580 2
a 579 773 4
a 580 369 5
a 580 679 1
a 580 769 5
a 581 528 4
a 581 646 1
a 582 245 2
a 583 572 2
a 583 586 6
a 584 93 5
a 584 244 8
a 584 600 5
a 584 769 6
a 585 629 1
a 585 652 3
a 586 204 3
a 586 771 1
a 587 30 3
a 588 425 3
a 588 631 6
a 589 166 9
a 589 637 6
a 590 265 5
a 590 813 9
a 591 499 8
a 592 60 4
a 592 135 7
a 592 522 9
a 593 492 2
a 593 791 8
a 593 843 9
a 594 95 8
a 594 221 1
a 594 825 7
a 595 125 10
a 595 178 9
a 595 528 5
a 596 435 1
a 597 132 8
a 597 474 2
a 598 60 2
a 599 557 10
a 599 613 1
a 600 135 8
a 600 223 9
a 600 485 8
a 601 507 6
a 601 554 1
a 601 804 10
a 602 368 10
a 602 468 7
a 603 61 6
a 603 154 7
a 604 635 10
a 605 859 4
a 606 106 9
a 606 385 3
a 606 789 6
a 607 24 5
a 607 871 9
a 608 805 9
a 609 145 7
a 609 761 8
a 610 539 6
a 610 633 7
a 611 78 2
a 611 358 6
a 612 867 3
a 613 68 6
a 613 269 6
a 613 717 2
a 614 121 3
a 614 525 4
a 615 211 4
a 615 240 8
a 615 257 2
a 615 609 10
a 616 607 8
a 617 33 6
a 617 686 2
a 618 488 7
a 619 285 3
a 619 734 4
a 619 826 7
a 620 80 4
a 620 335 5
a 620 437 10
a 621 373 2
a 621 777 3
a 622 716 3
a 623 21 2
a 623 241 10
a 623 371 9
a 624 68 8
a 625 541 10
a 625 780 3
a 626 10 1
a 626 89 7
a 627 362 1
a 627 745 7
a 628 426 10
a 628 567 8
a 629 551 9
a 629 807 1
a 629 861 2
a 630 135 1
a 630 660 10
a 631 418 5
a 631 437 5
a 631 818 1
a 632 651 7
a 633 612 8
a 634 226 5
a 634 453 9
a 634 656 5
a 635 792 3
a 636 494 10
a 637 8 9
a 637 121 7
a 638 96 10
a 639 281 8
a 640 132 6
a 640 228 6
a 640 718 1
a 641 49 5
a 642 368 1
a 642 749 9
a 643 264 7
a 643 333 2
a 644 202 6
a 644 278 1
a 644 848 9
a 645 29 7
a 645 855 8
a 646 139 7
a 646 247 10
a 646 592 9
a 646 611 2
a 646 651 3
a 646 829 7
a 647 50 5
a 647 338 10
a 648 401 10
a 648 527 5
a 649 295 8
a 649 383 2
a 650 498 4
a 651 854 7
a 652 762 7
a 653 443 4
a 653 520 6
a 653 589 1
a 654 781 8
a 655 825 7
a 656 431 3
a 657 793 6
a 658 363 8
a 658 892 1
a 659 23 7
a 659 758 3
a 660 326 1
a 661 21 9
a 661 372 3
a 662 203 3
a 662 411 8
a 662 448 2
a 663 524 4
a 664 268 10
a 664 812 7
a 665 204 2
a 666 372 5
a 666 464 2
a 667 162 10
a 667 708 5
a 668 42 9
a 668 540 7
a 668 587 5
a 669 507 9
a 670 342 3
a 670 783 4
a 671 726 6
a 672 91 3
a 672 187 10
a 673 85 3
a 673 250 5
a 674 272 6
a 675 307 10
a 675 346 2
a 675 359 3
a 675 406 4
a 676 838 5
a 676 862 8
a 677 704 6
a 678 803 8
a 679 119 8
a 679 593 1
a 679 649 10
a 680 23 3
a 680 497 10
a 680 549 6
a 681 131 5
a 681 139 2
a 681 157 1
a 681 612 5
a 682 262 3
a 682 456 8
a 683 161 4
a 684 44 10
a 684 108 1
a 684 206 3
a 685 455 3
a 685 809 6
a 686 463 3
a 686 477 8
a 687 229 4
a 687 283 2
a 687 774 7
a 688 182 9
a 688 449 10
a 689 123 3
a 689 690 7
a 690 765 2
a 691 60 4
a 691 688 4
a 692 219 9
a 693 151 8
a 693 452 7
a 694 349 7
a 694 394 1
a 694 867 6
a 695 53 10
a 695 726 6
a 696 267 9
a 696 300 10
a 697 188 1
a 697 700 1
a 698 78 7
a 698 185 8
a 698 850 6
a 699 64 4
a 699 558 5
a 700 75 10
a 701 34 3
a 701 366 4
a 701 414 10
a 702 546 9
a 703 770 8
a 704 379 7
a 705 214 5
a 705 312 1
a 705 608 8
a 706 522 9
a 706 900 3
a 707 228 10
a 707 785 9
a 708 202 8
a 708 436 9
a 708 464 7
a 709 739 1
a 709 840 7
a 710 422 2
a 710 564 4
a 711 329 4
a 711 717 10
a 711 831 5
a 712 54 4
a 712 787 10
a 713 148 5
a 713 244 7
a 714 403 3
a 715 35 6
a 715 580 7
a 716 690 9
a 717 143 9
a 718 652 7
a 719 73 2
a 719 140 9
a 719 534 1
a 719 712 4
a 720 3 5
a 720 215 4
a 721 35 7
a 721 326 8
a 721 445 10
a 721 456 2
a 722 260 1
a 722 299 8
a 722 517 7
a 723 324 5
a 724 814 10
a 724 874 9
a 725 58 8
a 725 782 4
a 725 855 6
a 726 199 1
a 726 428 8
a 726 629 5
a 726 632 1
a 727 614 7
a 728 41 10
a 729 289 7
a 729 448 7
a 730 555 2
a 730 657 5
a 731 260 2
a 731 286 10
a 732 467 6
a 732 560 8
a 733 262 8
a 733 851 2
a 733 856 2
a 734 239 9
a 734 661 10
a 735 71 7
a 735 156 6
a 735 620 9
a 736 103 1
a 736 869 6
a 737 70 6
a 737 583 2
a 738 33 2
a 739 116 9
a 740 466 1
a 740 543 9
a 741 234 7
a 741 396 6
a 741 566 10
a 741 632 6
a 742 95 4
a 742 320 8
a 743 786 4
a 744 133 5
a 744 389 2
a 745 618 3
a 745 754 8
a 746 180 2
a 747 669 9
a 748 132 2
a 749 97 6
a 749 170 5
a 750 498 10
a 750 569 4
a 750 642 7
a 751 604 10
a 752 639 4
a 753 84 4
a 753 329 2
a 753 666 3
a 753 680 10
a 753 868 3
a 754 107 6
a 754 697 5
a 755 163 8
a 755 310 9
a 755 587 9
a 756 778 7
a 757 40 8
a 757 45 9
a 757 559 1
a 757 663 6
a 758 435 8
a 758 591 8
a 759 536 9
a 759 760 10
a 760 812 10
a 761 544 3
a 761 894 8
a 762 139 5
a 763 270 4
a 763 298 9
a 764 751 9
a 765 45 9
a 765 441 10
a 766 82 7
a 767 144 10
a 768 178 8
a 769 771 1
a 770 310 8
a 771 515 7
a 772 739 10
a 773 544 4
a 773 783 6
a 774 94 10
a 775 304 5
a 775 399 1
a 775 526 2
a 776 289 2
a 777 551 8
a 777 561 5
a 778 5 5
a 779 391 7
a 779 746 3
a 780 11 6
a 780 366 10
a 781 15 4
a 781 258 5
a 781 261 10
a 782 317 3
a 782 396 8
a 782 812 5
a 783 685 3
a 784 118 10
a 784 420 1
a 784 787 1
a 785 77 8
a 785 384 6
a 785 499 8
a 786 781 9
a 787 514 2
a 788 337 10
a 789 399 2
a 790 400 6
a 790 514 8
a 790 782 2
a 791 646 9
a 792 444 7
a 793 498 9
a 794 4 4
a 794 863 4
a 795 892 8
a 796 805 6
a 797 5 8
a 797 296 7
a 798 417 7
a 798 595 7
a 799 199 1
a 799 433 9
a 800 207 7
a 800 704 2
a 801 99 1
a 801 169 6
a 801 755 7
a 802 121 2
a 802 397 6
a 802 792 4
a 802 859 2
a 803 152 9
a 803 501 5
a 803 524 2
a 804 561 5
a 805 357 1
a 806 72 9
a 806 386 3
a 806 869 7
a 807 631 3
a 808 745 5
a 809 305 10
a 809 409 9
a 810 206 9
a 810 345 5
a 811 19 3
a 811 223 1
a 811 501 7
a 812 54 8
a 812 658 2
a 813 226 8
a 813 563 9
a 813 781 3
a 814 650 6
a 814 743 8
a 815 326 3
a 815 437 6
a 815 620 8
a 816 374 6
a 816 458 4
a 816 653 5
a 817 36 4
a 817 491 6
a 817 843 10
a 818 583 7
a 819 362 10
a 819 379 2
a 820 65 1
a 821 159 6
a 821 248 6
a 822 336 3
a 822 557 4
a 822 896 10
a 823 409 9
a 823 742 3
a 824 798 8
a 825 766 10
a 825 875 1
a 826 11 9
a 826 156 5
a 827 568 9
a 827 733 4
a 828 336 1
a 829 897 7
a 830 638 3
a 831 146 9
a 831 600 9
a 831 752 6
a 832 387 6
a 832 696 7
a 833 303 6
a 834 48 8
a 834 656 8
a 835 548 2
a 836 43 6
a 836 324 1
a 836 638 6
a 836 670 7
a 837 669 2
a 838 531 8
a 838 713 4
a 839 33 7
a 839 73 2
a 839 702 10
a 840 848 7
a 841 357 1
a 842 721 7
a 843 520 4
a 844 529 6
a 844 770 2
a 845 94 7
a 845 522 7
a 845 872 8
a 846 37 2
a 846 600 8
a 847 190 8
a 847 245 3
a 847 555 5
a 847 682 1
a 848 3 3
a 848 327 10
a 848 358 5
a 849 693 4
a 850 537 3
a 851 453 2
a 852 129 9
a 852 337 8
a 852 404 7
a 852 893 7
a 853 738 7
a 853 872 7
a 854 130 8
a 854 598 9
a 854 600 7
a 855 577 7
a 855 700 7
a 856 860 9
a 857 385 10
a 857 661 1
a 858 38 2
a 858 792 6
a 859 47 1
a 859 230 6
a 860 65 1
a 860 208 5
a 861 876 3
a 861 881 2
a 862 155 10
a 863 450 4
a 864 296 10
a 865 51 10
a 865 482 3
a 865 692 2
a 865 701 2
a 866 843 8
a 867 479 7
a 868 123 3
a 869 841 10
a 869 866 4
a 870 635 10
a 871 587 10
a 872 278 10
a 872 715 10
a 873 593 8
a 874 205 6
a 874 895 2
a 875 727 4
a 876 603 3
a 877 521 3
a 877 635 5
a 877 730 1
a 878 312 10
a 878 622 6
a 879 133 4
a 880 585 4
a 881 647 9
a 881 821 7
a 882 407 8
a 882 551 8
a 882 891 10
a 883 44 2
a 883 202 4
a 883 502 2
a 884 47 10
a 884 528 8
a 885 78 4
a 885 162 10
a 885 559 7
a 886 53 4
a 886 430 8
a 887 118 4
a 888 37 4
a 889 137 10
a 889 234 4
a 890 634 4
a 890 786 3
a 891 171 1
a 891 380 3
a 891 699 6
a 892 281 9
a 892 420 10
a 892 603 10
a 892 866 8
a 893 102 1
a 893 242 5
a 893 351 5
a 893 694 4
a 894 439 1
a 894 465 5
a 894 530 5
a 894 858 5
a 895 712 3
a 896 314 5
a 896 578 3
a 896 710 7
a 896 751 8
a 896 873 2
a 897 51 7
a 898 490 5
a 898 841 1
a 899 166 2
